   0.0000000000000000        0.00000000    
  0.33373857888706154        0.00000000    
  0.66747715777412309        0.00000000    
   1.0012157366611847        9.79732636E-17
   1.3349543155482462        4.56698036E-16
   1.6686928944353077        1.23421351E-15
   2.0024314733223694        2.51415684E-15
   2.3361700522094311        4.26754342E-15
   2.6699086310964928        6.35965127E-15
   3.0036472099835545        8.59898531E-15
   3.3373857888706162        1.08158332E-14
   3.6711243677576779        1.29514844E-14
   4.0048629466447396        1.51320657E-14
   4.3386015255318009        1.76982740E-14
   4.6723401044188622        2.11737891E-14
   5.0060786833059234        2.61815140E-14
   5.3398172621929847        3.33441127E-14
   5.6735558410800460        4.32148044E-14
   6.0072944199671072        5.62692660E-14
   6.3410329988541685        7.29616156E-14
   6.6747715777412298        9.38261784E-14
   7.0085101566282910        1.19601567E-13
   7.3422487355153523        1.51359001E-13
   7.6759873144024136        1.90621580E-13
   8.0097258932894757        2.39463424E-13
   8.3434644721765370        3.00583316E-13
   8.6772030510635982        3.77363180E-13
   9.0109416299506595        4.73940223E-13
   9.3446802088377208        5.95328040E-13
   9.6784187877247820        7.47611337E-13
   10.012157366611843        9.38217819E-13
   10.345895945498905        1.17625983E-12
   10.679634524385966        1.47294460E-12
   11.013373103273027        1.84207077E-12
   11.347111682160088        2.30063820E-12
   11.680850261047150        2.86959519E-12
   12.014588839934211        3.57474380E-12
   12.348327418821272        4.44782145E-12
   12.682065997708333        5.52779870E-12
   13.015804576595395        6.86243640E-12
   13.349543155482456        8.51016393E-12
   13.683281734369517        1.05423318E-11
   14.017020313256578        1.30459150E-11
   14.350758892143640        1.61267666E-11
   14.684497471030701        1.99135482E-11
   15.018236049917762        2.45624771E-11
   15.351974628804824        3.02630733E-11
   15.685713207691885        3.72450543E-11
   16.019451786578948        4.57866071E-11
   16.353190365466009        5.62242128E-11
   16.686928944353070        6.89643620E-11
   17.020667523240132        8.44974854E-11
   17.354406102127193        1.03414527E-10
   17.688144681014254        1.26426661E-10
   18.021883259901315        1.54388641E-10
   18.355621838788377        1.88326479E-10
   18.689360417675438        2.29470221E-10
   19.023098996562499        2.79292811E-10
   19.356837575449561        3.39555967E-10
   19.690576154336622        4.12364282E-10
   20.024314733223683        5.00228803E-10
   20.358053312110744        6.06141859E-10
   20.691791890997806        7.33664851E-10
   21.025530469884867        8.87031393E-10
   21.359269048771928        1.07126785E-09
   21.693007627658989        1.29233435E-09
   22.026746206546051        1.55728941E-09
   22.360484785433112        1.87448257E-09
   22.694223364320173        2.25377761E-09
   23.027961943207234        2.70681322E-09
   23.361700522094296        3.24730332E-09
   23.695439100981357        3.89138899E-09
   24.029177679868418        4.65804328E-09
   24.362916258755480        5.56954083E-09
   24.696654837642541        6.65199940E-09
   25.030393416529602        7.93600385E-09
   25.364131995416663        9.45732470E-09
   25.697870574303725        1.12577467E-08
   26.031609153190786        1.33860159E-08
   26.365347732077847        1.58989231E-08
   26.699086310964908        1.88625524E-08
   27.032824889851970        2.23537029E-08
   27.366563468739031        2.64615192E-08
   27.700302047626092        3.12893285E-08
   28.034040626513153        3.69567488E-08
   28.367779205400215        4.36020748E-08
   28.701517784287276        5.13850011E-08
   29.035256363174337        6.04896755E-08
   29.368994942061398        7.11281771E-08
   29.702733520948460        8.35444354E-08
   30.036472099835521        9.80186599E-08
   30.370210678722582        1.14872314E-07
   30.703949257609644        1.34473666E-07
   31.037687836496705        1.57244060E-07
   31.371426415383766        1.83664923E-07
   31.705164994270827        2.14285606E-07
   32.038903573157889        2.49732125E-07
   32.372642152044953        2.90716969E-07
   32.706380730932018        3.38049887E-07
   33.040119309819083        3.92649952E-07
   33.373857888706148        4.55558848E-07
   33.707596467593213        5.27955763E-07
   34.041335046480278        6.11173618E-07
   34.375073625367342        7.06717003E-07
   34.708812204254407        8.16282068E-07
   35.042550783141472        9.41778069E-07
   35.376289362028537        1.08535130E-06
   35.710027940915602        1.24941107E-06
   36.043766519802666        1.43665829E-06
   36.377505098689731        1.65011659E-06
   36.711243677576796        1.89316597E-06
   37.044982256463861        2.16957937E-06
   37.378720835350926        2.48356196E-06
   37.712459414237991        2.83979466E-06
   38.046197993125055        3.24347980E-06
   38.379936572012120        3.70039083E-06
   38.713675150899185        4.21692630E-06
   39.047413729786250        4.80016615E-06
   39.381152308673315        5.45793364E-06
   39.714890887560379        6.19885941E-06
   40.048629466447444        7.03244996E-06
   40.382368045334509        7.96916265E-06
   40.716106624221574        9.02048214E-06
   41.049845203108639        1.01990017E-05
   41.383583781995704        1.15185094E-05
   41.717322360882768        1.29940772E-05
   42.051060939769833        1.46421562E-05
   42.384799518656898        1.64806697E-05
   42.718538097543963        1.85291174E-05
   43.052276676431028        2.08086767E-05
   43.386015255318092        2.33423070E-05
   43.719753834205157        2.61548648E-05
   44.053492413092222        2.92732147E-05
   44.387230991979287        3.27263369E-05
   44.720969570866352        3.65454471E-05
   45.054708149753417        4.07641019E-05
   45.388446728640481        4.54183100E-05
   45.722185307527546        5.05466414E-05
   46.055923886414611        5.61903435E-05
   46.389662465301676        6.23934320E-05
   46.723401044188741        6.92028116E-05
   47.057139623075805        7.66683443E-05
   47.390878201962870        8.48429336E-05
   47.724616780849935        9.37825971E-05
   48.058355359737000        1.03546554E-04
   48.392093938624065        1.14197239E-04
   48.725832517511130        1.25800361E-04
   49.059571096398194        1.38424919E-04
   49.393309675285259        1.52143213E-04
   49.727048254172324        1.67030797E-04
   50.060786833059389        1.83166456E-04
   50.394525411946454        2.00632130E-04
   50.728263990833518        2.19512833E-04
   51.062002569720583        2.39896544E-04
   51.395741148607648        2.61874055E-04
   51.729479727494713        2.85538816E-04
   52.063218306381778        3.10986710E-04
   52.396956885268843        3.38315760E-04
   52.730695464155907        3.67625937E-04
   53.064434043042972        3.99018725E-04
   53.398172621930037        4.32596833E-04
   53.731911200817102        4.68463812E-04
   54.065649779704167        5.06723649E-04
   54.399388358591231        5.47480187E-04
   54.733126937478296        5.90836804E-04
   55.066865516365361        6.36895653E-04
   55.400604095252426        6.85757201E-04
   55.734342674139491        7.37519527E-04
   56.068081253026556        7.92277744E-04
   56.401819831913620        8.50123295E-04
   56.735558410800685        9.11143317E-04
   57.069296989687750        9.75419651E-04
   57.403035568574815        1.04302831E-03
   57.736774147461880        1.11403852E-03
   58.070512726348944        1.18851184E-03
   58.404251305236009        1.26650161E-03
   58.737989884123074        1.34805194E-03
   59.071728463010139        1.43319694E-03
   59.405467041897204        1.52196013E-03
   59.739205620784269        1.61435362E-03
   60.072944199671333        1.71037682E-03
   60.406682778558398        1.81001611E-03
   60.740421357445463        1.91324367E-03
   61.074159936332528        2.02001724E-03
   61.407898515219593        2.13027955E-03
   61.741637094106657        2.24395725E-03
   62.075375672993722        2.36096117E-03
   62.409114251880787        2.48118537E-03
   62.742852830767852        2.60450691E-03
   63.076591409654917        2.73078540E-03
   63.410329988541982        2.85986275E-03
   63.744068567429046        2.99156364E-03
   64.077807146316104        3.12569528E-03
   64.411545725203169        3.26204719E-03
   64.745284304090234        3.40039143E-03
   65.079022882977299        3.54048354E-03
   65.412761461864363        3.68206296E-03
   65.746500040751428        3.82485334E-03
   66.080238619638493        3.96856340E-03
   66.413977198525558        4.11288720E-03
   66.747715777412623        4.25750576E-03
   67.081454356299687        4.40208847E-03
   67.415192935186752        4.54629445E-03
   67.748931514073817        4.68977215E-03
   68.082670092960882        4.83216252E-03
   68.416408671847947        4.97309910E-03
   68.750147250735012        5.11221169E-03
   69.083885829622076        5.24912635E-03
   69.417624408509141        5.38346777E-03
   69.751362987396206        5.51486062E-03
   70.085101566283271        5.64293191E-03
   70.418840145170336        5.76731330E-03
   70.752578724057400        5.88764297E-03
   71.086317302944465        6.00356655E-03
   71.420055881831530        6.11473992E-03
   71.753794460718595        6.22083060E-03
   72.087533039605660        6.32152008E-03
   72.421271618492725        6.41650613E-03
   72.755010197379789        6.50550332E-03
   73.088748776266854        6.58824528E-03
   73.422487355153919        6.66448567E-03
   73.756225934040984        6.73400052E-03
   74.089964512928049        6.79658959E-03
   74.423703091815113        6.85207779E-03
   74.757441670702178        6.90031564E-03
   75.091180249589243        6.94118161E-03
   75.424918828476308        6.97458070E-03
   75.758657407363373        7.00044632E-03
   76.092395986250438        7.01873982E-03
   76.426134565137502        7.02945003E-03
   76.759873144024567        7.03259557E-03
   77.093611722911632        7.02822208E-03
   77.427350301798697        7.01640453E-03
   77.761088880685762        6.99724583E-03
   78.094827459572826        6.97087683E-03
   78.428566038459891        6.93745399E-03
   78.762304617346956        6.89715892E-03
   79.096043196234021        6.85019651E-03
   79.429781775121086        6.79679448E-03
   79.763520354008151        6.73720008E-03
   80.097258932895215        6.67167921E-03
   80.430997511782280        6.60051592E-03
   80.764736090669345        6.52400916E-03
   81.098474669556410        6.44247141E-03
   81.432213248443475        6.35622814E-03
   81.765951827330539        6.26561372E-03
   82.099690406217604        6.17097132E-03
   82.433428985104669        6.07264927E-03
   82.767167563991734        5.97099867E-03
   83.100906142878799        5.86637249E-03
   83.434644721765864        5.75912185E-03
   83.768383300652928        5.64959459E-03
   84.102121879539993        5.53813344E-03
   84.435860458427058        5.42507507E-03
   84.769599037314123        5.31074824E-03
   85.103337616201188        5.19547146E-03
   85.437076195088252        5.07955253E-03
   85.770814773975317        4.96328669E-03
   86.104553352862382        4.84695472E-03
   86.438291931749447        4.73082298E-03
   86.772030510636512        4.61514108E-03
   87.105769089523577        4.50014137E-03
   87.439507668410641        4.38603852E-03
   87.773246247297706        4.27302951E-03
   88.106984826184771        4.16129362E-03
   88.440723405071836        4.05099196E-03
   88.774461983958901        3.94226704E-03
   89.108200562845965        3.83524271E-03
   89.441939141733030        3.73002538E-03
   89.775677720620095        3.62670375E-03
   90.109416299507160        3.52534908E-03
   90.443154878394225        3.42601654E-03
   90.776893457281290        3.32874572E-03
   91.110632036168354        3.23356246E-03
   91.444370615055419        3.14047933E-03
   91.778109193942484        3.04949586E-03
   92.111847772829549        2.96059973E-03
   92.445586351716614        2.87376810E-03
   92.779324930603678        2.78896815E-03
   93.113063509490743        2.70615891E-03
   93.446802088377808        2.62529193E-03
   93.780540667264873        2.54631322E-03
   94.114279246151938        2.46916432E-03
   94.448017825039003        2.39378330E-03
   94.781756403926067        2.32010544E-03
   95.115494982813132        2.24806461E-03
   95.449233561700197        2.17759400E-03
   95.782972140587262        2.10862770E-03
   96.116710719474327        2.04110006E-03
   96.450449298361391        1.97494798E-03
   96.784187877248456        1.91011082E-03
   97.117926456135521        1.84653117E-03
   97.451665035022586        1.78415573E-03
   97.785403613909651        1.72293547E-03
   98.119142192796716        1.66282558E-03
   98.452880771683780        1.60378602E-03
   98.786619350570845        1.54578185E-03
   99.120357929457910        1.48878293E-03
   99.454096508344975        1.43276434E-03
   99.787835087232040        1.37770642E-03
   100.12157366611910        1.32359494E-03
   100.45531224500617        1.27042120E-03
   100.78905082389323        1.21818157E-03
   101.12278940278030        1.16687687E-03
   101.45652798166736        1.11651199E-03
   101.79026656055443        1.06709532E-03
   102.12400513944149        1.01863826E-03
   102.45774371832856        9.71154601E-04
   102.79148229721562        9.24660417E-04
   103.12522087610269        8.79173924E-04
   103.45895945498975        8.34715029E-04
   103.79269803387682        7.91305269E-04
   104.12643661276388        7.48967112E-04
   104.46017519165095        7.07723550E-04
   104.79391377053801        6.67597516E-04
   105.12765234942508        6.28611189E-04
   105.46139092831214        5.90785639E-04
   105.79512950719921        5.54140366E-04
   106.12886808608627        5.18693123E-04
   106.46260666497334        4.84459510E-04
   106.79634524386040        4.51452797E-04
   107.13008382274747        4.19683667E-04
   107.46382240163453        3.89159948E-04
   107.79756098052160        3.59886646E-04
   108.13129955940866        3.31865740E-04
   108.46503813829572        3.05096008E-04
   108.79877671718279        2.79573025E-04
   109.13251529606985        2.55289255E-04
   109.46625387495692        2.32234132E-04
   109.79999245384398        2.10394079E-04
   110.13373103273105        1.89752551E-04
   110.46746961161811        1.70289903E-04
   110.80120819050518        1.51983477E-04
   111.13494676939224        1.34807633E-04
   111.46868534827931        1.18733995E-04
   111.80242392716637        1.03731662E-04
   112.13616250605344        8.97675345E-05
   112.46990108494050        7.68066675E-05
   112.80363966382757        6.48125861E-05
   113.13737824271463        5.37476262E-05
   113.47111682160170        4.35731235E-05
   113.80485540048876        3.42495005E-05
   114.13859397937583        2.57363008E-05
   114.47233255826289        1.79922608E-05
   114.80607113714996        1.09755338E-05
   115.13980971603702        4.64401455E-06
   115.47354829492409       -1.04429705E-06
   115.80728687381115       -6.13097700E-06
   116.14102545269822       -1.06569187E-05
   116.47476403158528       -1.46621323E-05
   116.80850261047235       -1.81855867E-05
   117.14224118935941       -2.12651212E-05
   117.47597976824648       -2.39374149E-05
   117.80971834713354       -2.62379708E-05
   118.14345692602060       -2.82010424E-05
   118.47719550490767       -2.98594678E-05
   118.81093408379473       -3.12444499E-05
   119.14467266268180       -3.23853747E-05
   119.47841124156886       -3.33096978E-05
   119.81214982045593       -3.40429688E-05
   120.14588839934299       -3.46088964E-05
   120.47962697823006       -3.50294504E-05
   120.81336555711712       -3.53249598E-05
   121.14710413600419       -3.55142147E-05
   121.48084271489125       -3.56145247E-05
   121.81458129377832       -3.56417222E-05
   122.14831987266538       -3.56100754E-05
   122.48205845155245       -3.55321754E-05
   122.81579703043951       -3.54188778E-05
   123.14953560932658       -3.52793650E-05
   123.48327418821364       -3.51213093E-05
   123.81701276710071       -3.49510810E-05
   124.15075134598777       -3.47739260E-05
   124.48448992487484       -3.45940753E-05
   124.81822850376190       -3.44148029E-05
   125.15196708264897       -3.42385065E-05
   125.48570566153603       -3.40667684E-05
   125.81944424042310       -3.39004473E-05
   126.15318281931016       -3.37397723E-05
   126.48692139819723       -3.35844707E-05
   126.82065997708429       -3.34339275E-05
   127.15439855597135       -3.32873096E-05
   127.48813713485842       -3.31436604E-05
   127.82187571374548       -3.30018520E-05
   128.15561429263255       -3.28605056E-05
   128.48935287151960       -3.27178823E-05
   128.82309145040665       -3.25718865E-05
   129.15683002929370       -3.24201428E-05
   129.49056860818075       -3.22601591E-05
   129.82430718706780       -3.20895160E-05
   130.15804576595485       -3.19060455E-05
   130.49178434484190       -3.17079757E-05
   130.82552292372895       -3.14940480E-05
   131.15926150261600       -3.12635457E-05
   131.49300008150306       -3.10162141E-05
   131.82673866039011       -3.07521041E-05
   132.16047723927716       -3.04713612E-05
   132.49421581816421       -3.01741038E-05
   132.82795439705126       -2.98603682E-05
   133.16169297593831       -2.95301707E-05
   133.49543155482536       -2.91835877E-05
   133.82917013371241       -2.88208557E-05
   134.16290871259946       -2.84424532E-05
   134.49664729148651       -2.80491822E-05
   134.83038587037356       -2.76422143E-05
   135.16412444926061       -2.72231136E-05
   135.49786302814766       -2.67937703E-05
   135.83160160703471       -2.63562906E-05
   136.16534018592176       -2.59128738E-05
   136.49907876480881       -2.54656989E-05
   136.83281734369587       -2.50168323E-05
   137.16655592258292       -2.45681331E-05
   137.50029450146997       -2.41211637E-05
   137.83403308035702       -2.36771575E-05
   138.16777165924407       -2.32370858E-05
   138.50151023813112       -2.28018434E-05
   138.83524881701817       -2.23724601E-05
   139.16898739590522       -2.19502417E-05
   139.50272597479227       -2.15367800E-05
   139.83646455367932       -2.11338302E-05
   140.17020313256637       -2.07431240E-05
   140.50394171145342       -2.03661912E-05
   140.83768029034047       -2.00041904E-05
   141.17141886922752       -1.96578058E-05
   141.50515744811457       -1.93272172E-05
   141.83889602700162       -1.90121900E-05
   142.17263460588867       -1.87122641E-05
   142.50637318477573       -1.84269666E-05
   142.84011176366278       -1.81559335E-05
   143.17385034254983       -1.78989067E-05
   143.50758892143688       -1.76556314E-05
   143.84132750032393       -1.74257602E-05
   144.17506607921098       -1.72088039E-05
   144.50880465809803       -1.70041385E-05
   144.84254323698508       -1.68110291E-05
   145.17628181587213       -1.66286682E-05
   145.51002039475918       -1.64562334E-05
   145.84375897364623       -1.62929700E-05
   146.17749755253328       -1.61382395E-05
   146.51123613142033       -1.59914798E-05
   146.84497471030738       -1.58520415E-05
   147.17871328919443       -1.57190152E-05
   147.51245186808148       -1.55911330E-05
   147.84619044696854       -1.54668633E-05
   148.17992902585559       -1.53446290E-05
   148.51366760474264       -1.52230614E-05
   148.84740618362969       -1.51011827E-05
   149.18114476251674       -1.49784728E-05
   149.51488334140379       -1.48548315E-05
   149.84862192029084       -1.47304290E-05
   150.18236049917789       -1.46054699E-05
   150.51609907806494       -1.44799196E-05
   150.84983765695199       -1.43533198E-05
   151.18357623583904       -1.42247964E-05
   151.51731481472609       -1.40932907E-05
   151.85105339361314       -1.39578879E-05
   152.18479197250019       -1.38180822E-05
   152.51853055138724       -1.36738636E-05
   152.85226913027429       -1.35256223E-05
   153.18600770916134       -1.33739677E-05
   153.51974628804840       -1.32195401E-05
   153.85348486693545       -1.30628578E-05
   154.18722344582250       -1.29042119E-05
   154.52096202470955       -1.27436315E-05
   154.85470060359660       -1.25809738E-05
   155.18843918248365       -1.24161043E-05
   155.52217776137070       -1.22490892E-05
   155.85591634025775       -1.20802788E-05
   156.18965491914480       -1.19102306E-05
   156.52339349803185       -1.17395375E-05
   156.85713207691890       -1.15686707E-05
   157.19087065580595       -1.13979322E-05
   157.52460923469300       -1.12275002E-05
   157.85834781358005       -1.10575238E-05
   158.19208639246710       -1.08882214E-05
   158.52582497135415       -1.07199703E-05
   158.85956355024121       -1.05533791E-05
   159.19330212912826       -1.03892789E-05
   159.52704070801531       -1.02285940E-05
   159.86077928690236       -1.00720936E-05
   160.19451786578941       -9.92014429E-06
   160.52825644467646       -9.77260970E-06
   160.86199502356351       -9.62896593E-06
   161.19573360245056       -9.48857723E-06
   161.52947218133761       -9.35099524E-06
   161.86321076022466       -9.21614628E-06
   162.19694933911171       -9.08437960E-06
   162.53068791799876       -8.95638550E-06
   162.86442649688581       -8.83302437E-06
   163.19816507577286       -8.71510747E-06
   163.53190365465991       -8.60317778E-06
   163.86564223354696       -8.49737535E-06
   164.19938081243401       -8.39746826E-06
   164.53311939132107       -8.30302542E-06
   164.86685797020812       -8.21364938E-06
   165.20059654909517       -8.12912822E-06
   165.53433512798222       -8.04944011E-06
   165.86807370686927       -7.97465782E-06
   166.20181228575632       -7.90483409E-06
   166.53555086464337       -7.83993710E-06
   166.86928944353042       -7.77984224E-06
   167.20302802241747       -7.72435487E-06
   167.53676660130452       -7.67324673E-06
   167.87050518019157       -7.62631771E-06
   168.20424375907862       -7.58346823E-06
   168.53798233796567       -7.54474149E-06
   168.87172091685272       -7.51028665E-06
   169.20545949573977       -7.48023331E-06
   169.53919807462682       -7.45454236E-06
   169.87293665351388       -7.43292048E-06
   170.20667523240093       -7.41484882E-06
   170.54041381128798       -7.39970437E-06
   170.87415239017503       -7.38690733E-06
   171.20789096906208       -7.37603705E-06
   171.54162954794913       -7.36688753E-06
   171.87536812683618       -7.35945696E-06
   172.20910670572323       -7.35386857E-06
   172.54284528461028       -7.35022832E-06
   172.87658386349733       -7.34846208E-06
   173.21032244238438       -7.34820287E-06
   173.54406102127143       -7.34880177E-06
   173.87779960015848       -7.34947253E-06
   174.21153817904553       -7.34950345E-06
   174.54527675793258       -7.34842524E-06
   174.87901533681963       -7.34605783E-06
   175.21275391570668       -7.34242349E-06
   175.54649249459374       -7.33759271E-06
   175.88023107348079       -7.33154320E-06
   176.21396965236784       -7.32408580E-06
   176.54770823125489       -7.31487535E-06
   176.88144681014194       -7.30348756E-06
   177.21518538902899       -7.28953955E-06
   177.54892396791604       -7.27281167E-06
   177.88266254680309       -7.25332029E-06
   178.21640112569014       -7.23129870E-06
   178.55013970457719       -7.20707385E-06
   178.88387828346424       -7.18088540E-06
   179.21761686235129       -7.15273382E-06
   179.55135544123834       -7.12233350E-06
   179.88509402012539       -7.08919379E-06
   180.21883259901244       -7.05278126E-06
   180.55257117789949       -7.01269209E-06
   180.88630975678655       -6.96877578E-06
   181.22004833567360       -6.92119556E-06
   181.55378691456065       -6.87042439E-06
   181.88752549344770       -6.81717802E-06
   182.22126407233475       -6.76228592E-06
   182.55500265122180       -6.70652253E-06
   182.88874123010885       -6.65045809E-06
   183.22247980899590       -6.59439047E-06
   183.55621838788295       -6.53838015E-06
   183.88995696677000       -6.48235118E-06
   184.22369554565705       -6.42618033E-06
   184.55743412454410       -6.36973664E-06
   184.89117270343115       -6.31288412E-06
   185.22491128231820       -6.25549910E-06
   185.55864986120525       -6.19752745E-06
   185.89238844009230       -6.13906423E-06
   186.22612701897935       -6.08041319E-06
   186.55986559786641       -6.02209229E-06
   186.89360417675346       -5.96479458E-06
   187.22734275564051       -5.90930586E-06
   187.56108133452756       -5.85638099E-06
   187.89481991341461       -5.80657706E-06
   188.22855849230166       -5.76008324E-06
   188.56229707118871       -5.71663168E-06
   188.89603565007576       -5.67556799E-06
   189.22977422896281       -5.63607909E-06
   189.56351280784986       -5.59748878E-06
   189.89725138673691       -5.55948554E-06
   190.23098996562396       -5.52219763E-06
   190.56472854451101       -5.48611888E-06
   190.89846712339806       -5.45194143E-06
   191.23220570228511       -5.42035241E-06
   191.56594428117216       -5.39183202E-06
   191.89968286005922       -5.36648622E-06
   192.23342143894627       -5.34397577E-06
   192.56716001783332       -5.32359763E-06
   192.90089859672037       -5.30450188E-06
   193.23463717560742       -5.28595501E-06
   193.56837575449447       -5.26752137E-06
   193.90211433338152       -5.24909774E-06
   194.23585291226857       -5.23082281E-06
   194.56959149115562       -5.21294487E-06
   194.90333007004267       -5.19570540E-06
   195.23706864892972       -5.17925673E-06
   195.57080722781677       -5.16360342E-06
   195.90454580670382       -5.14859084E-06
   196.23828438559087       -5.13396799E-06
   196.57202296447792       -5.11951521E-06
   196.90576154336497       -5.10515611E-06
   197.23950012225202       -5.09096571E-06
   197.57323870113908       -5.07704772E-06
   197.90697728002613       -5.06336028E-06
   198.24071585891318       -5.04961099E-06
   198.57445443780023       -5.03529100E-06
   198.90819301668728       -5.01982140E-06
   199.24193159557433       -5.00272154E-06
   199.57567017446138       -4.98373265E-06
   199.90940875334843       -4.96288021E-06
   200.24314733223548       -4.94048390E-06
   200.57688591112253       -4.91709898E-06
   200.91062449000958       -4.89337708E-06
   201.24436306889663       -4.86985846E-06
   201.57810164778368       -4.84678094E-06
   201.91184022667073       -4.82400355E-06
   202.24557880555778       -4.80108429E-06
   202.57931738444483       -4.77744561E-06
   202.91305596333189       -4.75253637E-06
   203.24679454221894       -4.72591910E-06
   203.58053312110599       -4.69730048E-06
   203.91427169999304       -4.66654728E-06
   204.24801027888009       -4.63370361E-06
   204.58174885776714       -4.59897819E-06
   204.91548743665419       -4.56268162E-06
   205.24922601554124       -4.52512950E-06
   205.58296459442829       -4.48657875E-06
   205.91670317331534       -4.44722355E-06
   206.25044175220239       -4.40722533E-06
   206.58418033108944       -4.36670780E-06
   206.91791890997649       -4.32569232E-06
   207.25165748886354       -4.28401336E-06
   207.58539606775059       -4.24130030E-06
   207.91913464663764       -4.19705884E-06
   208.25287322552470       -4.15081558E-06
   208.58661180441175       -4.10225311E-06
   208.92035038329880       -4.05128594E-06
   209.25408896218585       -3.99808278E-06
   209.58782754107290       -3.94304379E-06
   209.92156611995995       -3.88673425E-06
   210.25530469884700       -3.82975259E-06
   210.58904327773405       -3.77255446E-06
   210.92278185662110       -3.71530700E-06
   211.25652043550815       -3.65786400E-06
   211.59025901439520       -3.59988576E-06
   211.92399759328225       -3.54103076E-06
   212.25773617216930       -3.48110507E-06
   212.59147475105635       -3.42009957E-06
   212.92521332994340       -3.35813706E-06
   213.25895190883045       -3.29539671E-06
   213.59269048771750       -3.23206859E-06
   213.92642906660456       -3.16833325E-06
   214.26016764549161       -3.10434552E-06
   214.59390622437866       -3.04022410E-06
   214.92764480326571       -2.97607289E-06
   215.26138338215276       -2.91203833E-06
   215.59512196103981       -2.84835505E-06
   215.92886053992686       -2.78532116E-06
   216.26259911881391       -2.72318925E-06
   216.59633769770096       -2.66203551E-06
   216.93007627658801       -2.60170418E-06
   217.26381485547506       -2.54186830E-06
   217.59755343436211       -2.48217225E-06
   217.93129201324916       -2.42237570E-06
   218.26503059213621       -2.36244205E-06
   218.59876917102326       -2.30256819E-06
   218.93250774991031       -2.24316523E-06
   219.26624632879737       -2.18478590E-06
   219.59998490768442       -2.12798773E-06
   219.93372348657147       -2.07315225E-06
   220.26746206545852       -2.02034084E-06
   220.60120064434557       -1.96927635E-06
   220.93493922323262       -1.91947493E-06
   221.26867780211967       -1.87046385E-06
   221.60241638100672       -1.82196743E-06
   221.93615495989377       -1.77397828E-06
   222.26989353878082       -1.72671002E-06
   222.60363211766787       -1.68048189E-06
   222.93737069655492       -1.63559525E-06
   223.27110927544197       -1.59223737E-06
   223.60484785432902       -1.55043699E-06
   223.93858643321607       -1.51009408E-06
   224.27232501210312       -1.47109085E-06
   224.60606359099017       -1.43344607E-06
   224.93980216987723       -1.39742815E-06
   225.27354074876428       -1.36354436E-06
   225.60727932765133       -1.33239053E-06
   225.94101790653838       -1.30442993E-06
   226.27475648542543       -1.27981423E-06
   226.60849506431248       -1.25832889E-06
   226.94223364319953       -1.23947734E-06
   227.27597222208658       -1.22265453E-06
   227.60971080097363       -1.20734751E-06
   227.94344937986068       -1.19330923E-06
   228.27718795874773       -1.18066544E-06
   228.61092653763478       -1.16991691E-06
   228.94466511652183       -1.16181707E-06
   229.27840369540888       -1.15714943E-06
   229.61214227429593       -1.15648140E-06
   229.94588085318298       -1.15999626E-06
   230.27961943207004       -1.16747208E-06
   230.61335801095709       -1.17840239E-06
   230.94709658984414       -1.19218839E-06
   231.28083516873119       -1.20831567E-06
   231.61457374761824       -1.22645520E-06
   231.94831232650529       -1.24647534E-06
   232.28205090539234       -1.26838120E-06
   232.61578948427939       -1.29220746E-06
   232.94952806316644       -1.31789898E-06
   233.28326664205349       -1.34522452E-06
   233.61700522094054       -1.37376867E-06
   233.95074379982759       -1.40301677E-06
   234.28448237871464       -1.43249133E-06
   234.61822095760169       -1.46185675E-06
   234.95195953648874       -1.49091966E-06
   235.28569811537579       -1.51951747E-06
   235.61943669426284       -1.54736335E-06
   235.95317527314990       -1.57394493E-06
   236.28691385203695       -1.59853539E-06
   236.62065243092400       -1.62030767E-06
   236.95439100981105       -1.63849234E-06
   237.28812958869810       -1.65251720E-06
   237.62186816758515       -1.66208929E-06
   237.95560674647220       -1.66719553E-06
   238.28934532535925       -1.66801010E-06
   238.62308390424630       -1.66471398E-06
   238.95682248313335       -1.65727886E-06
   239.29056106202040       -1.64531161E-06
   239.62429964090745       -1.62804940E-06
   239.95803821979450       -1.60452566E-06
   240.29177679868155       -1.57383647E-06
   240.62551537756860       -1.53538815E-06
   240.95925395645565       -1.48903791E-06
   241.29299253534271       -1.43510465E-06
   241.62673111422976       -1.37427924E-06
   241.96046969311681       -1.30746901E-06
   242.29420827200386       -1.23560221E-06
   242.62794685089091       -1.15942828E-06
   242.96168542977796       -1.07938342E-06
   243.29542400866501       -9.95592018E-07
   243.62916258755206       -9.08017114E-07
   243.96290116643911       -8.16686963E-07
   244.29663974532616       -7.21878735E-07
   244.63037832421321       -6.24176948E-07
   244.96411690310026       -5.24413906E-07
   245.29785548198731       -4.23561431E-07
   245.63159406087436       -3.22638840E-07
   245.96533263976141       -2.22653554E-07
   246.29907121864846       -1.24563257E-07
   246.63280979753551       -2.92624840E-08
   246.96654837642257        6.23843874E-08
   247.30028695530962        1.49463190E-07
   247.63402553419667        2.30934603E-07
   247.96776411308372        3.05637542E-07
   248.30150269197077        3.72396954E-07
   248.63524127085782        4.30176357E-07
   248.96897984974487        4.78174115E-07
   249.30271842863192        5.15808665E-07
   249.63645700751897        5.42628982E-07
   249.97019558640602        5.58232102E-07
   250.30393416529307        5.62236266E-07
   250.63767274418012        5.54289727E-07
   250.97141132306717        5.34071887E-07
   251.30514990195422        5.01282045E-07
   251.63888848084127        4.55656362E-07
   251.97262705972832        3.97040282E-07
   252.30636563861538        3.25483654E-07
   252.64010421750243        2.41288291E-07
   252.97384279638948        1.44972674E-07
   253.30758137527653        3.71939173E-08
   253.64131995416358       -8.12974292E-08
   253.97505853305063       -2.09638287E-07
   254.30879711193768       -3.46813152E-07
   254.64253569082473       -4.91659137E-07
   254.97627426971178       -6.42929081E-07
   255.31001284859883       -7.99359896E-07
   255.64375142748588       -9.59687554E-07
   255.97749000637293       -1.12260977E-06
   256.31122858525998       -1.28674969E-06
   256.64496716414703       -1.45066076E-06
   256.97870574303408       -1.61284845E-06
   257.31244432192113       -1.77175298E-06
   257.64618290080818       -1.92567973E-06
   257.97992147969524       -2.07274070E-06
   258.31366005858229       -2.21089317E-06
   258.64739863746934       -2.33809510E-06
   258.98113721635639       -2.45250817E-06
   259.31487579524344       -2.55264331E-06
   259.64861437413049       -2.63740003E-06
   259.98235295301754       -2.70602186E-06
   260.31609153190459       -2.75801722E-06
   260.64983011079164       -2.79306687E-06
   260.98356868967869       -2.81091252E-06
   261.31730726856574       -2.81124153E-06
   261.65104584745279       -2.79362803E-06
   261.98478442633984       -2.75759089E-06
   262.31852300522689       -2.70275996E-06
   262.65226158411394       -2.62905974E-06
   262.98600016300099       -2.53680378E-06
   263.31973874188805       -2.42666079E-06
   263.65347732077510       -2.29955003E-06
   263.98721589966215       -2.15655132E-06
   264.32095447854920       -1.99887472E-06
   264.65469305743625       -1.82787301E-06
   264.98843163632330       -1.64505911E-06
   265.32217021521035       -1.45212152E-06
   265.65590879409740       -1.25095096E-06
   265.98964737298445       -1.04367325E-06
   266.32338595187150       -8.32638989E-07
   266.65712453075855       -6.20321714E-07
   266.99086310964560       -4.09133463E-07
   267.32460168853265       -2.01237711E-07
   267.65834026741970        1.54345148E-09
   267.99207884630675        1.97688436E-07
   268.32581742519380        3.85843578E-07
   268.65955600408086        5.64678260E-07
   268.99329458296791        7.32783690E-07
   269.32703316185496        8.88628335E-07
   269.66077174074201        1.03056777E-06
   269.99451031962906        1.15691614E-06
   270.32824889851611        1.26608518E-06
   270.66198747740316        1.35675873E-06
   270.99572605629021        1.42802685E-06
   271.32946463517726        1.47940807E-06
   271.66320321406431        1.51074971E-06
   271.99694179295136        1.52207599E-06
   272.33068037183841        1.51348320E-06
   272.66441895072546        1.48513675E-06
   272.99815752961251        1.43734997E-06
   273.33189610849956        1.37067957E-06
   273.66563468738661        1.28598106E-06
   273.99937326627366        1.18440437E-06
   274.33311184516072        1.06733660E-06
   274.66685042404777        9.36301831E-07
   275.00058900293482        7.92833362E-07
   275.33432758182187        6.38353015E-07
   275.66806616070892        4.74115211E-07
   276.00180473959597        3.01263412E-07
   276.33554331848302        1.20992766E-07
   276.66928189737007       -6.52553851E-08
   277.00302047625712       -2.55671495E-07
   277.33675905514417       -4.48097722E-07
   277.67049763403122       -6.40185817E-07
   278.00423621291827       -8.29626231E-07
   278.33797479180532       -1.01436558E-06
   278.67171337069237       -1.19275103E-06
   279.00545194957942       -1.36357164E-06
   279.33919052846647       -1.52598795E-06
   279.67292910735353       -1.67936082E-06
   280.00666768624058       -1.82302313E-06
   280.34040626512763       -1.95607572E-06
   280.67414484401468       -2.07729840E-06
   281.00788342290173       -2.18522473E-06
   281.34162200178878       -2.27834971E-06
   281.67536058067583       -2.35536800E-06
   282.00909915956288       -2.41533439E-06
   282.34283773844993       -2.45769252E-06
   282.67657631733698       -2.48219112E-06
   283.01031489622403       -2.48875290E-06
   283.34405347511108       -2.47736034E-06
   283.67779205399813       -2.44799617E-06
   284.01153063288518       -2.40064969E-06
   284.34526921177223       -2.33538890E-06
   284.67900779065928       -2.25247277E-06
   285.01274636954633       -2.15244995E-06
   285.34648494843339       -2.03616855E-06
   285.68022352732044       -1.90465653E-06
   286.01396210620749       -1.75890489E-06
   286.34770068509454       -1.59965930E-06
   286.68143926398159       -1.42733597E-06
   287.01517784286864       -1.24211317E-06
   287.34891642175569       -1.04415574E-06
   287.68265500064274       -8.33879426E-07
   288.01639357952979       -6.12166161E-07
   288.35013215841684       -3.80478355E-07
   288.68387073730389       -1.40845771E-07
   289.01760931619094        1.04288418E-07
   289.35134789507799        3.52344756E-07
   289.68508647396504        6.00931742E-07
   290.01882505285209        8.48090849E-07
   290.35256363173914        1.09235054E-06
   290.68630221062620        1.33256890E-06
   291.02004078951325        1.56765452E-06
   291.35377936840030        1.79630626E-06
   291.68751794728735        2.01687499E-06
   292.02125652617440        2.22736730E-06
   292.35499510506145        2.42555302E-06
   292.68873368394850        2.60912839E-06
   293.02247226283555        2.77589675E-06
   293.35621084172260        2.92392087E-06
   293.68994942060965        3.05159233E-06
   294.02368799949670        3.15757870E-06
   294.35742657838375        3.24068515E-06
   294.69116515727080        3.29972863E-06
   295.02490373615785        3.33353250E-06
   295.35864231504490        3.34106016E-06
   295.69238089393195        3.32160516E-06
   296.02611947281900        3.27491693E-06
   296.35985805170606        3.20119261E-06
   296.69359663059311        3.10096357E-06
   297.02733520948016        2.97495217E-06
   297.36107378836721        2.82396468E-06
   297.69481236725426        2.64884102E-06
   298.02855094614131        2.45046454E-06
   298.36228952502836        2.22984681E-06
   298.69602810391541        1.98828820E-06
   299.02976668280246        1.72757518E-06
   299.36350526168951        1.45011234E-06
   299.69724384057656        1.15889793E-06
   300.03098241946361        8.57328587E-07
   300.36472099835066        5.48921378E-07
   300.69845957723771        2.37082801E-07
   301.03219815612476       -7.49926983E-08
   301.36593673501181       -3.84299369E-07
   301.69967531389887       -6.87929855E-07
   302.03341389278592       -9.82970278E-07
   302.36715247167297       -1.26640782E-06
   302.70089105056002       -1.53507563E-06
   303.03462962944707       -1.78567939E-06
   303.36836820833412       -2.01494004E-06
   303.70210678722117       -2.21982282E-06
   304.03584536610822       -2.39774863E-06
   304.36958394499527       -2.54666975E-06
   304.70332252388232       -2.66496841E-06
   305.03706110276937       -2.75125285E-06
   305.37079968165642       -2.80418612E-06
   305.70453826054347       -2.82244991E-06
   306.03827683943052       -2.80485415E-06
   306.37201541831757       -2.75053844E-06
   306.70575399720462       -2.65919857E-06
   307.03949257609167       -2.53128451E-06
   307.37323115497873       -2.36811388E-06
   307.70696973386578       -2.17183651E-06
   308.04070831275283       -1.94521840E-06
   308.37444689163988       -1.69129635E-06
   308.70818547052693       -1.41304292E-06
   309.04192404941398       -1.11319616E-06
   309.37566262830103       -7.94312541E-07
   309.70940120718808       -4.58975478E-07
   310.04313978607513       -1.10023635E-07
   310.37687836496218        2.49305458E-07
   310.71061694384923        6.15340980E-07
   311.04435552273628        9.84031317E-07
   311.37809410162333        1.35106609E-06
   311.71183268051038        1.71206477E-06
   312.04557125939743        2.06280174E-06
   312.37930983828448        2.39939141E-06
   312.71304841717154        2.71834756E-06
   313.04678699605859        3.01650425E-06
   313.38052557494564        3.29087675E-06
   313.71426415383269        3.53858763E-06
   314.04800273271974        3.75692093E-06
   314.38174131160679        3.94346989E-06
   314.71547989049384        4.09629001E-06
   315.04921846938089        4.21399318E-06
   315.38295704826794        4.29577494E-06
   315.71669562715499        4.34138792E-06
   316.05043420604204        4.35106585E-06
   316.38417278492909        4.32538400E-06
   316.71791136381614        4.26508859E-06
   317.05164994270319        4.17097999E-06
   317.38538852159024        4.04394586E-06
   317.71912710047729        3.88514673E-06
   318.05286567936434        3.69626378E-06
   318.38660425825140        3.47965306E-06
   318.72034283713845        3.23832205E-06
   319.05408141602550        2.97574934E-06
   319.38781999491255        2.69563907E-06
   319.72155857379960        2.40169925E-06
   320.05529715268665        2.09748418E-06
   320.38903573157370        1.78631137E-06
   320.72277431046075        1.47126480E-06
   321.05651288934780        1.15528826E-06
   321.39025146823485        8.41332621E-07
   321.72399004712190        5.32473905E-07
   322.05772862600895        2.31919856E-07
   322.39146720489600       -5.71098440E-08
   322.72520578378305       -3.31560756E-07
   323.05894436267010       -5.88679654E-07
   323.39268294155715       -8.26057374E-07
   323.72642152044421       -1.04160154E-06
   324.06016009933126       -1.23349787E-06
   324.39389867821831       -1.40019733E-06
   324.72763725710536       -1.54042561E-06
   325.06137583599241       -1.65320080E-06
   325.39511441487946       -1.73786498E-06
   325.72885299376651       -1.79414383E-06
   326.06259157265356       -1.82222402E-06
   326.39633015154061       -1.82279643E-06
   326.73006873042766       -1.79700623E-06
   327.06380730931471       -1.74629929E-06
   327.39754588820176       -1.67222015E-06
   327.73128446708881       -1.57625004E-06
   328.06502304597586       -1.45974548E-06
   328.39876162486291       -1.32397940E-06
   328.73250020374996       -1.17024604E-06
   329.06623878263701       -9.99987719E-07
   329.39997736152407       -8.14910550E-07
   329.73371594041112       -6.17061914E-07
   330.06745451929817       -4.08834495E-07
   330.40119309818522       -1.92875333E-07
   330.73493167707227        2.80837291E-08
   331.06867025595932        2.51411308E-07
   331.40240883484637        4.74700300E-07
   331.73614741373342        6.95791471E-07
   332.06988599262047        9.12721930E-07
   332.40362457150752        1.12366570E-06
   332.73736315039457        1.32692230E-06
   333.07110172928162        1.52095788E-06
   333.40484030816867        1.70445765E-06
   333.73857888705572        1.87633987E-06
   334.07231746594277        2.03571312E-06
   334.40605604482982        2.18179548E-06
   334.73979462371688        2.31382614E-06
   335.07353320260393        2.43099885E-06
   335.40727178149098        2.53242638E-06
   335.74101036037803        2.61715513E-06
   336.07474893926508        2.68424742E-06
   336.40848751815213        2.73293085E-06
   336.74222609703918        2.76277433E-06
   337.07596467592623        2.77381446E-06
   337.40970325481328        2.76656260E-06
   337.74344183370033        2.74188005E-06
   338.07718041258738        2.70077453E-06
   338.41091899147443        2.64420123E-06
   338.74465757036148        2.57292731E-06
   339.07839614924853        2.48748165E-06
   339.41213472813558        2.38817984E-06
   339.74587330702263        2.27522264E-06
   340.07961188590969        2.14885972E-06
   340.41335046479674        2.00958675E-06
   340.74708904368379        1.85829833E-06
   341.08082762257084        1.69632074E-06
   341.41456620145789        1.52530117E-06
   341.74830478034494        1.34701327E-06
   342.08204335923199        1.16318165E-06
   342.41578193811904        9.75396460E-07
   342.74952051700609        7.85118289E-07
   343.08325909589314        5.93724678E-07
   343.41699767478019        4.02554548E-07
   343.75073625366724        2.12942695E-07
   344.08447483255429        2.62488822E-08
   344.41821341144134       -1.56128962E-07
   344.75195199032839       -3.32777688E-07
   345.08569056921544       -5.02322280E-07
   345.41942914810249       -6.63461549E-07
   345.75316772698955       -8.14933799E-07
   346.08690630587660       -9.55416340E-07
   346.42064488476365       -1.08343318E-06
   346.75438346365070       -1.19735989E-06
   347.08812204253775       -1.29554871E-06
   347.42186062142480       -1.37651182E-06
   347.75559920031185       -1.43906800E-06
   348.08933777919890       -1.48240349E-06
   348.42307635808595       -1.50606388E-06
   348.75681493697300       -1.50991502E-06
   349.09055351586005       -1.49408379E-06
   349.42429209474710       -1.45886384E-06
   349.75803067363415       -1.40459917E-06
   350.09176925252120       -1.33160393E-06
   350.42550783140825       -1.24018720E-06
   350.75924641029530       -1.13078659E-06
   351.09298498918236       -1.00413024E-06
   351.42672356806941       -8.61323940E-07
   351.76046214695646       -7.03817307E-07
   352.09420072584351       -5.33292450E-07
   352.42793930473056       -3.51551563E-07
   352.76167788361761       -1.60446021E-07
   353.09541646250466        3.81598717E-08
   353.42915504139171        2.42401768E-07
   353.76289362027876        4.50384277E-07
   354.09663219916581        6.60078456E-07
   354.43037077805286        8.69174755E-07
   354.76410935693991        1.07499079E-06
   355.09784793582696        1.27453859E-06
   355.43158651471401        1.46476589E-06
   355.76532509360106        1.64286814E-06
   356.09906367248811        1.80651921E-06
   356.43280225137516        1.95393159E-06
   356.76654083026222        2.08376400E-06
   357.10027940914927        2.19495473E-06
   357.43401798803632        2.28655063E-06
   357.76775656692337        2.35756261E-06
   358.10149514581042        2.40687518E-06
   358.43523372469747        2.43325462E-06
   358.76897230358452        2.43549630E-06
   359.10271088247157        2.41267662E-06
   359.43644946135862        2.36439996E-06
   359.77018804024567        2.29091620E-06
   360.10392661913272        2.19306685E-06
   360.43766519801977        2.07212315E-06
   360.77140377690682        1.92962261E-06
   361.10514235579387        1.76726849E-06
   361.43888093468092        1.58688238E-06
   361.77261951356797        1.39037638E-06
   362.10635809245503        1.17974173E-06
   362.44009667134208        9.57078214E-07
   362.77383525022913        7.24663664E-07
   363.10757382911618        4.85009309E-07
   363.44131240800323        2.40831923E-07
   363.77505098689028       -5.06829156E-09
   364.10878956577733       -2.49955320E-07
   364.44252814466438       -4.91234744E-07
   364.77626672355143       -7.26423195E-07
   365.11000530243848       -9.53058645E-07
   365.44374388132553       -1.16863430E-06
   365.77748246021258       -1.37060363E-06
   366.11122103909963       -1.55644591E-06
   366.44495961798668       -1.72376133E-06
   366.77869819687373       -1.87038484E-06
   367.11243677576078       -1.99452006E-06
   367.44617535464783       -2.09486507E-06
   367.77991393353489       -2.17066849E-06
   368.11365251242194       -2.22166182E-06
   368.44739109130899       -2.24788437E-06
   368.78112967019604       -2.24949804E-06
   369.11486824908309       -2.22669541E-06
   369.44860682797014       -2.17973707E-06
   369.78234540685719       -2.10906228E-06
   370.11608398574424       -2.01538296E-06
   370.44982256463129       -1.89970842E-06
   370.78356114351834       -1.76331355E-06
   371.11729972240539       -1.60768855E-06
   371.45103830129244       -1.43449483E-06
   371.78477688017949       -1.24552753E-06
   372.11851545906654       -1.04268906E-06
   372.45225403795359       -8.27998974E-07
   372.78599261684064       -6.03657554E-07
   373.11973119572770       -3.72135503E-07
   373.45346977461475       -1.36212833E-07
   373.78720835350180        1.01107553E-07
   374.12094693238885        3.36819141E-07
   374.45468551127590        5.68186238E-07
   374.78842409016295        7.92957792E-07
   375.12216266905000        1.00943794E-06
   375.45590124793705        1.21640039E-06
   375.78963982682410        1.41289024E-06
   376.12337840571115        1.59797605E-06
   376.45711698459820        1.77051720E-06
   376.79085556348525        1.92901803E-06
   377.12459414237230        2.07163839E-06
   377.45833272125935        2.19639560E-06
   377.79207130014640        2.30150954E-06
   378.12580987903345        2.38575853E-06
   378.45954845792050        2.44868875E-06
   378.79328703680756        2.49058394E-06
   379.12702561569461        2.51221650E-06
   379.46076419458166        2.51450115E-06
   379.79450277346871        2.49819436E-06
   380.12824135235576        2.46373838E-06
   380.46197993124281        2.41128214E-06
   380.79571851012986        2.34084814E-06
   381.12945708901691        2.25258304E-06
   381.46319566790396        2.14700026E-06
   381.79693424679101        2.02511637E-06
   382.13067282567806        1.88841364E-06
   382.46441140456511        1.73863248E-06
   382.79814998345216        1.57749014E-06
   383.13188856233921        1.40646114E-06
   383.46562714122626        1.22672134E-06
   383.79936572011331        1.03926368E-06
   384.13310429900037        8.45105376E-07
   384.46684287788742        6.45479247E-07
   384.80058145677447        4.41931576E-07
   385.13432003566152        2.36300323E-07
   385.46805861454857        3.05855572E-08
   385.80179719343562       -1.73255486E-07
   386.13553577232267       -3.73531606E-07
   386.46927435120972       -5.68976020E-07
   386.80301293009677       -7.58754652E-07
   387.13675150898382       -9.42292218E-07
   387.47049008787087       -1.11897396E-06
   387.80422866675792       -1.28785621E-06
   388.13796724564497       -1.44752028E-06
   388.47170582453202       -1.59613137E-06
   388.80544440341907       -1.73166472E-06
   389.13918298230612       -1.85220256E-06
   389.47292156119317       -1.95619873E-06
   389.80666014008023       -2.04263893E-06
   390.14039871896728       -2.11105930E-06
   390.47413729785433       -2.16141234E-06
   390.80787587674138       -2.19382014E-06
   391.14161445562843       -2.20830680E-06
   391.47535303451548       -2.20463426E-06
   391.80909161340253       -2.18232321E-06
   392.14283019228958       -2.14084412E-06
   392.47656877117663       -2.07986523E-06
   392.81030735006368       -1.99942065E-06
   393.14404592895073       -1.89992818E-06
   393.47778450783778       -1.78208654E-06
   393.81152308672483       -1.64673622E-06
   394.14526166561188       -1.49475773E-06
   394.47900024449893       -1.32703542E-06
   394.81273882338598       -1.14448687E-06
   395.14647740227304       -9.48151353E-07
   395.48021598116009       -7.39323980E-07
   395.81395456004714       -5.19686466E-07
   396.14769313893419       -2.91354525E-07
   396.48143171782124       -5.67803760E-08
   396.81517029670829        1.81473268E-07
   397.14890887559534        4.20985003E-07
   397.48264745448239        6.59627290E-07
   397.81638603336944        8.95557775E-07
   398.15012461225649        1.12708210E-06
   398.48386319114354        1.35247501E-06
   398.81760177003059        1.56983424E-06
   399.15134034891764        1.77700053E-06
   399.48507892780469        1.97155805E-06
   399.81881750669174        2.15093542E-06
   400.15255608557879        2.31261288E-06
   400.48629466446585        2.45438923E-06
   400.82003324335290        2.57459669E-06
   401.15377182223995        2.67215319E-06
   401.48751040112700        2.74641820E-06
   401.82124898001405        2.79694018E-06
   402.15498755890110        2.82323845E-06
   402.48872613778815        2.82472888E-06
   402.82246471667520        2.80080167E-06
   403.15620329556225        2.75099001E-06
   403.48994187444930        2.67515770E-06
   403.82368045333635        2.57365446E-06
   404.15741903222340        2.44740090E-06
   404.49115761111045        2.29786588E-06
   404.82489618999750        2.12691134E-06
   405.15863476888455        1.93654910E-06
   405.49237334777160        1.72871955E-06
   405.82611192665865        1.50521259E-06
   406.15985050554571        1.26776831E-06
   406.49358908443276        1.01827925E-06
   406.82732766331981        7.58962187E-07
   407.16106624220686        4.92408560E-07
   407.49480482109391        2.21513517E-07
   407.82854339998096       -5.06570821E-08
   408.16228197886801       -3.21012010E-07
   408.49602055775506       -5.86576505E-07
   408.82975913664211       -8.44619876E-07
   409.16349771552916       -1.09273117E-06
   409.49723629441621       -1.32879563E-06
   409.83097487330326       -1.55087560E-06
   410.16471345219031       -1.75707055E-06
   410.49845203107736       -1.94545828E-06
   410.83219060996441       -2.11416068E-06
   411.16592918885146       -2.26148222E-06
   411.49966776773852       -2.38602706E-06
   411.83340634662557       -2.48674041E-06
   412.16714492551262       -2.56289150E-06
   412.50088350439967       -2.61404307E-06
   412.83462208328672       -2.64002688E-06
   413.16836066217377       -2.64090431E-06
   413.50209924106082       -2.61690843E-06
   413.83583781994787       -2.56841236E-06
   414.16957639883492       -2.49598179E-06
   414.50331497772197       -2.40050849E-06
   414.83705355660902       -2.28333852E-06
   415.17079213549607       -2.14628153E-06
   415.50453071438312       -1.99146530E-06
   415.83826929327017       -1.82110773E-06
   416.17200787215722       -1.63732523E-06
   416.50574645104427       -1.44205228E-06
   416.83948502993132       -1.23706025E-06
   417.17322360881838       -1.02402771E-06
   417.50696218770543       -8.04632066E-07
   417.84070076659248       -5.80660640E-07
   418.17443934547953       -3.54118640E-07
   418.50817792436658       -1.27271534E-07
   418.84191650325363        9.74371019E-08
   419.17565508214068        3.17580771E-07
   419.50939366102773        5.30960847E-07
   419.84313223991478        7.35719709E-07
   420.17687081880183        9.30317242E-07
   420.51060939768888        1.11342990E-06
   420.84434797657593        1.28386523E-06
   421.17808655546298        1.44053843E-06
   421.51182513435003        1.58248918E-06
   421.84556371323708        1.70890075E-06
   422.17930229212413        1.81911400E-06
   422.51304087101119        1.91265826E-06
   422.84677944989824        1.98929865E-06
   423.18051802878529        2.04905587E-06
   423.51425660767234        2.09214886E-06
   423.84799518655939        2.11885958E-06
   424.18173376544644        2.12939676E-06
   424.51547234433349        2.12384384E-06
   424.84921092322054        2.10222947E-06
   425.18294950210759        2.06467462E-06
   425.51668808099464        2.01154126E-06
   425.85042665988169        1.94352492E-06
   426.18416523876874        1.86167495E-06
   426.51790381765579        1.76734625E-06
   426.85164239654284        1.66208054E-06
   427.18538097542989        1.54742543E-06
   427.51911955431694        1.42473687E-06
   427.85285813320399        1.29504122E-06
   428.18659671209105        1.15902913E-06
   428.52033529097810        1.01718740E-06
   428.85407386986515        8.69999383E-07
   429.18781244875220        7.18116041E-07
   429.52155102763925        5.62430159E-07
   429.85528960652630        4.04051349E-07
   430.18902818541335        2.44224111E-07
   430.52276676430040        8.42349976E-08
   430.85650534318745       -7.46669357E-08
   431.19024392207450       -2.31327746E-07
   431.52398250096155       -3.84716799E-07
   431.85772107984860       -5.33917273E-07
   432.19145965873565       -6.78085314E-07
   432.52519823762270       -8.16406839E-07
   432.85893681650975       -9.48088086E-07
   433.19267539539680       -1.07239134E-06
   433.52641397428386       -1.18868843E-06
   433.86015255317091       -1.29648231E-06
   434.19389113205796       -1.39536735E-06
   434.52762971094501       -1.48494053E-06
   434.86136828983206       -1.56471117E-06
   435.19510686871911       -1.63405366E-06
   435.52884544760616       -1.69221937E-06
   435.86258402649321       -1.73839260E-06
   436.19632260538026       -1.77177481E-06
   436.53006118426731       -1.79168853E-06
   436.86379976315436       -1.79769006E-06
   437.19753834204141       -1.78966241E-06
   437.53127692092846       -1.76783772E-06
   437.86501549981551       -1.73271803E-06
   438.19875407870256       -1.68491397E-06
   438.53249265758961       -1.62497440E-06
   438.86623123647666       -1.55329076E-06
   439.19996981536372       -1.47011065E-06
   439.53370839425077       -1.37563165E-06
   439.86744697313782       -1.27011526E-06
   440.20118555202487       -1.15397734E-06
   440.53492413091192       -1.02784497E-06
   440.86866270979897       -8.92585831E-07
   441.20240128868602       -7.49302615E-07
   441.53613986757307       -5.99279474E-07
   441.86987844646012       -4.43889633E-07
   442.20361702534717       -2.84510008E-07
   442.53735560423422       -1.22494129E-07
   442.87109418312127        4.07881373E-08
   443.20483276200832        2.03893691E-07
   443.53857134089537        3.65296842E-07
   443.87230991978242        5.23446829E-07
   444.20604849866947        6.76848913E-07
   444.53978707755653        8.24107246E-07
   444.87352565644358        9.63909656E-07
   445.20726423533063        1.09498842E-06
   445.54100281421768        1.21610276E-06
   445.87474139310473        1.32605180E-06
   446.20847997199178        1.42369004E-06
   446.54221855087883        1.50792380E-06
   446.87595712976588        1.57771171E-06
   447.20969570865293        1.63210836E-06
   447.54343428753998        1.67035716E-06
   447.87717286642703        1.69198154E-06
   448.21091144531408        1.69680413E-06
   448.54465002420113        1.68487952E-06
   448.87838860308818        1.65638914E-06
   449.21212718197523        1.61157482E-06
   449.54586576086228        1.55073974E-06
   449.87960433974933        1.47429057E-06
   450.21334291863639        1.38277699E-06
   450.54708149752344        1.27692181E-06
   450.88082007641049        1.15766034E-06
   451.21455865529754        1.02618810E-06
   451.54829723418459        8.83971722E-07
   451.88203581307164        7.32672788E-07
   452.21577439195869        5.73992679E-07
   452.54951297084574        4.09522784E-07
   452.88325154973279        2.40695954E-07
   453.21699012861984        6.88656527E-08
   453.55072870750689       -1.04552392E-07
   453.88446728639394       -2.77971878E-07
   454.21820586528099       -4.49610155E-07
   454.55194444416804       -6.17529793E-07
   454.88568302305509       -7.79712991E-07
   455.21942160194214       -9.34163495E-07
   455.55316018082920       -1.07904611E-06
   455.88689875971625       -1.21284165E-06
   456.22063733860330       -1.33444655E-06
   456.55437591749035       -1.44314401E-06
   456.88811449637740       -1.53844837E-06
   457.22185307526445       -1.61991113E-06
   457.55559165415150       -1.68699989E-06
   457.88933023303855       -1.73909859E-06
   458.22306881192560       -1.77558888E-06
   458.55680739081265       -1.79594360E-06
   458.89054596969970       -1.79979884E-06
   459.22428454858675       -1.78701634E-06
   459.55802312747380       -1.75774483E-06
   459.89176170636085       -1.71245028E-06
   460.22550028524790       -1.65186884E-06
   460.55923886413495       -1.57688487E-06
   460.89297744302200       -1.48840672E-06
   461.22671602190906       -1.38732685E-06
   461.56045460079611       -1.27458952E-06
   461.89419317968316       -1.15129671E-06
   462.22793175857021       -1.01875719E-06
   462.56167033745726       -8.78437049E-07
   462.89540891634431       -7.31853788E-07
   463.22914749523136       -5.80484027E-07
   463.56288607411841       -4.25717701E-07
   463.89662465300546       -2.68843820E-07
   464.23036323189251       -1.11046305E-07
   464.56410181077956        4.65784673E-08
   464.89784038966661        2.02957608E-07
   465.23157896855366        3.56943076E-07
   465.56531754744071        5.07242760E-07
   465.89905612632776        6.52448250E-07
   466.23279470521481        7.91160858E-07
   466.56653328410187        9.22140032E-07
   466.90027186298892        1.04438334E-06
   467.23401044187597        1.15710748E-06
   467.56774902076302        1.25967460E-06
   467.90148759965007        1.35152936E-06
   468.23522617853712        1.43217017E-06
   468.56896475742417        1.50113362E-06
   468.90270333631122        1.55797102E-06
   469.23644191519827        1.60223635E-06
   469.57018049408532        1.63352070E-06
   469.90391907297237        1.65153540E-06
   470.23765765185942        1.65618872E-06
   470.57139623074647        1.64758967E-06
   470.90513480963352        1.62596405E-06
   471.23887338852057        1.59153990E-06
   471.57261196740762        1.54448094E-06
   471.90635054629468        1.48490176E-06
   472.24008912518173        1.41293742E-06
   472.57382770406878        1.32882042E-06
   472.90756628295583        1.23294183E-06
   473.24130486184288        1.12590044E-06
   473.57504344072993        1.00853367E-06
   473.90878201961698        8.81893925E-07
   474.24252059850403        7.47140689E-07
   474.57625917739108        6.05370758E-07
   474.90999775627813        4.57472254E-07
   475.24373633516518        3.04093930E-07
   475.57747491405223        1.45755763E-07
   475.91121349293928       -1.69633090E-08
   476.24495207182633       -1.83261733E-07
   476.57869065071338       -3.52043457E-07
   476.91242922960043       -5.21938659E-07
   477.24616780848748       -6.91379398E-07
   477.57990638737454       -8.58698684E-07
   477.91364496626159       -1.02223862E-06
   478.24738354514864       -1.18045261E-06
   478.58112212403569       -1.33196590E-06
   478.91486070292274       -1.47556193E-06
   479.24859928180979       -1.61009712E-06
   479.58233786069684       -1.73440094E-06
   479.91607643958389       -1.84723081E-06
   480.24981501847094       -1.94730978E-06
   480.58355359735799       -2.03341301E-06
   480.91729217624504       -2.10443841E-06
   481.25103075513209       -2.15942282E-06
   481.58476933401914       -2.19751610E-06
   481.91850791290619       -2.21795085E-06
   482.25224649179324       -2.22003041E-06
   482.58598507068029       -2.20313223E-06
   482.91972364956735       -2.16671515E-06
   483.25346222845440       -2.11034421E-06
   483.58720080734145       -2.03375703E-06
   483.92093938622850       -1.93697520E-06
   484.25467796511555       -1.82041504E-06
   484.58841654400260       -1.68492841E-06
   484.92215512288965       -1.53173278E-06
   485.25589370177670       -1.36225640E-06
   485.58963228066375       -1.17797458E-06
   485.92337085955080       -9.80311711E-07
   486.25710943843785       -7.70640781E-07
   486.59084801732490       -5.50360937E-07
   486.92458659621195       -3.21015847E-07
   487.25832517509900       -8.44156318E-08
   487.59206375398605        1.57271629E-07
   487.92580233287310        4.01499705E-07
   488.25954091176015        6.45428202E-07
   488.59327949064721        8.86103294E-07
   488.92701806953426        1.12067085E-06
   489.26075664842131        1.34652555E-06
   489.59449522730836        1.56133228E-06
   489.92823380619541        1.76293042E-06
   490.26197238508246        1.94920153E-06
   490.59571096396951        2.11798647E-06
   490.92944954285656        2.26709290E-06
   491.26318812174361        2.39437531E-06
   491.59692670063066        2.49784398E-06
   491.93066527951771        2.57577494E-06
   492.26440385840476        2.62680032E-06
   492.59814243729181        2.64996220E-06
   492.93188101617886        2.64470555E-06
   493.26561959506591        2.61080095E-06
   493.59935817395296        2.54823226E-06
   493.93309675284002        2.45711976E-06
   494.26683533172707        2.33773380E-06
   494.60057391061412        2.19060189E-06
   494.93431248950117        2.01664557E-06
   495.26805106838822        1.81727148E-06
   495.60178964727527        1.59438207E-06
   495.93552822616232        1.35031371E-06
   496.26926680504937        1.08773827E-06
   496.60300538393642        8.09546179E-07
   496.93674396282347        5.18720469E-07
   497.27048254171052        2.18223832E-07
   497.60422112059757       -8.90568401E-08
   497.93795969948462       -4.00271489E-07
   498.27169827837167       -7.12490589E-07
   498.60543685725872       -1.02258980E-06
   498.93917543614577       -1.32722346E-06
   499.27291401503282       -1.62291872E-06
   499.60665259391988       -1.90623780E-06
   499.94039117280693       -2.17392221E-06
   500.27412975169398       -2.42296414E-06
   500.60786833058103       -2.65061226E-06
   500.94160690946808       -2.85435158E-06
   501.27534548835513       -3.03188199E-06
   501.60908406724218       -3.18109960E-06
   501.94282264612923       -3.30008493E-06
   502.27656122501628       -3.38713221E-06
   502.61029980390333       -3.44084719E-06
   502.94403838279038       -3.46029810E-06
   503.27777696167743       -3.44514001E-06
   503.61151554056448       -3.39562916E-06
   503.94525411945153       -3.31250976E-06
   504.27899269833858       -3.19684364E-06
   504.61273127722563       -3.04987793E-06
   504.94646985611269       -2.87300236E-06
   505.28020843499974       -2.66776624E-06
   505.61394701388679       -2.43590648E-06
   505.94768559277384       -2.17937145E-06
   506.28142417166089       -1.90036178E-06
   506.61516275054794       -1.60139632E-06
   506.94890132943499       -1.28536362E-06
   507.28263990832204       -9.55494556E-07
   507.61637848720909       -6.15240651E-07
   507.95011706609614       -2.68118328E-07
   508.28385564498319        8.23924822E-08
   508.61759422387024        4.32861327E-07
   508.95133280275729        7.79877269E-07
   509.28507138164434        1.12004989E-06
   509.61880996053139        1.45006561E-06
   509.95254853941844        1.76676065E-06
   510.28628711830549        2.06716345E-06
   510.62002569719255        2.34850609E-06
   510.95376427607960        2.60824345E-06
   511.28750285496665        2.84409316E-06
   511.62124143385370        3.05406024E-06
   511.95498001274075        3.23638938E-06
   512.28871859162780        3.38945915E-06
   512.62245717051485        3.51170115E-06
   512.95619574940190        3.60164040E-06
   513.28993432828895        3.65806659E-06
   513.62367290717600        3.68023871E-06
   513.95741148606305        3.66800532E-06
   514.29115006495010        3.62178525E-06
   514.62488864383715        3.54245230E-06
   514.95862722272420        3.43119132E-06
   515.29236580161125        3.28936972E-06
   515.62610438049830        3.11842314E-06
   515.95984295938536        2.91977312E-06
   516.29358153827241        2.69481939E-06
   516.62732011715946        2.44504395E-06
   516.96105869604651        2.17219031E-06
   517.29479727493356        1.87841033E-06
   517.62853585382061        1.56627868E-06
   517.96227443270766        1.23866732E-06
   518.29601301159471        8.98567009E-07
   518.62975159048176        5.48961509E-07
   518.96349016936881        1.92794275E-07
   519.29722874825586       -1.67009290E-07
   519.63096732714291       -5.27514260E-07
   519.96470590602996       -8.85755014E-07
   520.29844448491701       -1.23870666E-06
   520.63218306380406       -1.58325963E-06
   520.96592164269111       -1.91624872E-06
   521.29966022157816       -2.23457982E-06
   521.63339880046522       -2.53542453E-06
   521.96713737935227       -2.81637995E-06
   522.30087595823932       -3.07549521E-06
   522.63461453712637       -3.31114302E-06
   522.96835311601342       -3.52181451E-06
   523.30209169490047       -3.70594012E-06
   523.63583027378752       -3.86180272E-06
   523.96956885267457       -3.98755265E-06
   524.30330743156162       -4.08131382E-06
   524.63704601044867       -4.14136366E-06
   524.97078458933572       -4.16636749E-06
   525.30452316822277       -4.15559225E-06
   525.63826174710982       -4.10900611E-06
   525.97200032599687       -4.02720980E-06
   526.30573890488392       -3.91122148E-06
   526.63947748377097       -3.76223534E-06
   526.97321606265803       -3.58146644E-06
   527.30695464154508       -3.37013034E-06
   527.64069322043213       -3.12952034E-06
   527.97443179931918       -2.86111481E-06
   528.30817037820623       -2.56666226E-06
   528.64190895709328       -2.24823202E-06
   528.97564753598033       -1.90822948E-06
   529.30938611486738       -1.54937140E-06
   529.64312469375443       -1.17461798E-06
   529.97686327264148       -7.87088368E-07
   530.31060185152853       -3.90006591E-07
   530.64434043041558        1.32881013E-08
   530.97807900930263        4.19280695E-07
   531.31181758818968        8.24230426E-07
   531.64555616707673        1.22419431E-06
   531.97929474596378        1.61514185E-06
   532.31303332485084        1.99312285E-06
   532.64677190373789        2.35442394E-06
   532.98051048262494        2.69566590E-06
   533.31424906151199        3.01382329E-06
   533.64798764039904        3.30617354E-06
   533.98172621928609        3.57019030E-06
   534.31546479817314        3.80340657E-06
   534.64920337706019        4.00329873E-06
   534.98294195594724        4.16725334E-06
   535.31668053483429        4.29267629E-06
   535.65041911372134        4.37722838E-06
   535.98415769260839        4.41911607E-06
   536.31789627149544        4.41731663E-06
   536.65163485038249        4.37164317E-06
   536.98537342926954        4.28264411E-06
   537.31911200815659        4.15139493E-06
   537.65285058704364        3.97927852E-06
   537.98658916593070        3.76782964E-06
   538.32032774481775        3.51867379E-06
   538.65406632370480        3.23356608E-06
   538.98780490259185        2.91451306E-06
   539.32154348147890        2.56393855E-06
   539.65528206036595        2.18482523E-06
   539.98902063925300        1.78075879E-06
   540.32275921814005        1.35583377E-06
   540.65649779702710        9.14459122E-07
   540.99023637591415        4.61156191E-07
   541.32397495480120        4.39531606E-10
   541.65771353368825       -4.63194681E-07
   541.99145211257530       -9.25214636E-07
   542.32519069146235       -1.38099870E-06
   542.65892927034940       -1.82581880E-06
   542.99266784923645       -2.25486474E-06
   543.32640642812351       -2.66330767E-06
   543.66014500701056       -3.04641708E-06
   543.99388358589761       -3.39973440E-06
   544.32762216478466       -3.71926922E-06
   544.66136074367171       -4.00163754E-06
   544.99509932255876       -4.24407381E-06
   545.32883790144581       -4.44431544E-06
   545.66257648033286       -4.60043975E-06
   545.99631505921991       -4.71075191E-06
   546.33005363810696       -4.77377898E-06
   546.66379221699401       -4.78835045E-06
   546.99753079588106       -4.75371689E-06
   547.33126937476811       -4.66966912E-06
   547.66500795365516       -4.53664234E-06
   547.99874653254221       -4.35578477E-06
   548.33248511142926       -4.12895361E-06
   548.66622369031631       -3.85861949E-06
   548.99996226920337       -3.54770532E-06
   549.33370084809042       -3.19944820E-06
   549.66743942697747       -2.81735765E-06
   550.00117800586452       -2.40527129E-06
   550.33491658475157       -1.96742985E-06
   550.66865516363862       -1.50848416E-06
   551.00239374252567       -1.03340597E-06
   551.33613232141272       -5.47347554E-07
   551.66987090029977       -5.55173827E-08
   552.00360947918682        4.36903150E-07
   552.33734805807387        9.24816845E-07
   552.67108663696092        1.40325869E-06
   553.00482521584797        1.86742079E-06
   553.33856379473502        2.31263107E-06
   553.67230237362207        2.73430032E-06
   554.00604095250912        3.12790166E-06
   554.33977953139618        3.48904246E-06
   554.67351811028323        3.81362884E-06
   555.00725668917028        4.09804989E-06
   555.34099526805733        4.33929335E-06
   555.67473384694438        4.53497069E-06
   556.00847242583143        4.68328244E-06
   556.34221100471848        4.78298307E-06
   556.67594958360553        4.83335043E-06
   557.00968816249258        4.83414306E-06
   557.34342674137963        4.78553693E-06
   557.67716532026668        4.68808958E-06
   558.01090389915373        4.54277597E-06
   558.34464247804078        4.35109405E-06
   558.67838105692783        4.11515703E-06
   559.01211963581488        3.83767974E-06
   559.34585821470193        3.52184452E-06
   559.67959679358898        3.17111630E-06
   560.01333537247604        2.78911989E-06
   560.34707395136309        2.37962695E-06
   560.68081253025014        1.94662493E-06
   561.01455110913719        1.49439813E-06
   561.34828968802424        1.02757713E-06
   561.68202826691129        5.51146513E-07
   562.01576684579834        7.03973342E-08
   562.34950542468539       -4.09206820E-07
   562.68324400357244       -8.82266647E-07
   563.01698258245949       -1.34373465E-06
   563.35072116134654       -1.78913615E-06
   563.68445974023359       -2.21461710E-06
   564.01819831912064       -2.61680589E-06
   564.35193689800769       -2.99258500E-06
   564.68567547689474       -3.33890171E-06
   565.01941405578179       -3.65269511E-06
   565.35315263466885       -3.93092751E-06
   565.68689121355590       -4.17068304E-06
   566.02062979244295       -4.36930759E-06
   566.35436837133000       -4.52458562E-06
   566.68810695021705       -4.63492552E-06
   567.02184552910410       -4.69947736E-06
   567.35558410799115       -4.71812564E-06
   567.68932268687820       -4.69134829E-06
   568.02306126576525       -4.62003663E-06
   568.35679984465230       -4.50537300E-06
   568.69053842353935       -4.34881531E-06
   569.02427700242640       -4.15214845E-06
   569.35801558131345       -3.91753156E-06
   569.69175416020050       -3.64750963E-06
   570.02549273908755       -3.34499168E-06
   570.35923131797460       -3.01321347E-06
   570.69296989686165       -2.65566700E-06
   571.02670847574871       -2.27598412E-06
   571.36044705463576       -1.87779904E-06
   571.69418563352281       -1.46466857E-06
   572.02792421240986       -1.04011906E-06
   572.36166279129691       -6.07804623E-07
   572.69540137018396       -1.71673037E-07
   573.02913994907101        2.63982429E-07
   573.36287852795806        6.94631638E-07
   573.69661710684511        1.11572353E-06
   574.03035568573216        1.52290988E-06
   574.36409426461921        1.91220579E-06
   574.69783284350626        2.28007252E-06
   575.03157142239331        2.62343110E-06
   575.36531000128036        2.93960784E-06
   575.69904858016741        3.22621759E-06
   576.03278715905446        3.48101821E-06
   576.36652573794152        3.70181806E-06
   576.70026431682857        3.88649778E-06
   577.03400289571562        4.03314380E-06
   577.36774147460267        4.14021360E-06
   577.70148005348972        4.20663355E-06
   578.03521863237677        4.23180063E-06
   578.36895721126382        4.21553113E-06
   578.70269579015087        4.15802106E-06
   579.03643436903792        4.05985384E-06
   579.37017294792497        3.92202855E-06
   579.70391152681202        3.74597289E-06
   580.03765010569907        3.53353767E-06
   580.37138868458612        3.28698457E-06
   580.70512726347317        3.00897227E-06
   581.03886584236022        2.70250848E-06
   581.37260442124727        2.37083918E-06
   581.70634300013432        2.01728767E-06
   582.04008157902138        1.64511493E-06
   582.37382015790843        1.25747965E-06
   582.70755873679548        8.57527539E-07
   583.04129731568253        4.48563782E-07
   583.37503589456958        3.42219941E-08
   583.70877447345663       -3.81441595E-07
   584.04251305234368       -7.93960965E-07
   584.37625163123073       -1.19858089E-06
   584.70999021011778       -1.59047033E-06
   585.04372878900483       -1.96499536E-06
   585.37746736789188       -2.31798208E-06
   585.71120594677893       -2.64587948E-06
   586.04494452566598       -2.94575420E-06
   586.37868310455303       -3.21512425E-06
   586.71242168344008       -3.45172339E-06
   587.04616026232713       -3.65332198E-06
   587.37989884121419       -3.81768768E-06
   587.71363742010124       -3.94268727E-06
   588.04737599898829       -4.02646765E-06
   588.38111457787534       -4.06763320E-06
   588.71485315676239       -4.06537220E-06
   589.04859173564944       -4.01950410E-06
   589.38233031453649       -3.93044911E-06
   589.71606889342354       -3.79913172E-06
   590.04980747231059       -3.62685523E-06
   590.38354605119764       -3.41520649E-06
   590.71728463008469       -3.16604473E-06
   591.05102320897174       -2.88158390E-06
   591.38476178785879       -2.56451722E-06
   591.71850036674584       -2.21809569E-06
   592.05223894563289       -1.84610019E-06
   592.38597752451994       -1.45270656E-06
   592.71971610340699       -1.04230344E-06
   593.05345468229405       -6.19331331E-07
   593.38719326118110       -1.88182938E-07
   593.72093184006815        2.46828904E-07
   594.05467041895520        6.81443737E-07
   594.38840899784225        1.11137706E-06
   594.72214757672930        1.53221788E-06
   595.05588615561635        1.93935557E-06
   595.38962473450340        2.32800608E-06
   595.72336331339045        2.69337716E-06
   596.05710189227750        3.03093498E-06
   596.39084047116455        3.33666549E-06
   596.72457905005160        3.60721901E-06
   597.05831762893865        3.83989482E-06
   597.39205620782570        4.03250806E-06
   597.72579478671275        4.18323498E-06
   598.05953336559980        4.29050624E-06
   598.39327194448686        4.35298898E-06
   598.72701052337391        4.36964592E-06
   599.06074910226096        4.33986270E-06
   599.39448768114801        4.26360884E-06
   599.72822626003506        4.14157603E-06
   600.06196483892211        3.97521626E-06
   600.39570341780916        3.76663002E-06
   600.72944199669621        3.51834319E-06
   601.06318057558326        3.23308382E-06
   601.39691915447031        2.91367769E-06
   601.73065773335736        2.56310409E-06
   602.06439631224441        2.18465334E-06
   602.39813489113146        1.78207756E-06
   602.73187347001851        1.35965558E-06
   603.06561204890556        9.22153788E-07
   603.39935062779261        4.74699078E-07
   603.73308920667967        2.25840306E-08
   604.06682778556672       -4.28975738E-07
   604.40056636445377       -8.75079309E-07
   604.73430494334082       -1.31128706E-06
   605.06804352222787       -1.73360593E-06
   605.40178210111492       -2.13832641E-06
   605.73552068000197       -2.52181485E-06
   606.06925925888902       -2.88039200E-06
   606.40299783777607       -3.21036396E-06
   606.73673641666312       -3.50817186E-06
   607.07047499555017       -3.77058427E-06
   607.40421357443722       -3.99486771E-06
   607.73795215332427       -4.17891169E-06
   608.07169073221132       -4.32129173E-06
   608.40542931109837       -4.42124019E-06
   608.73916788998542       -4.47850334E-06
   609.07290646887247       -4.49313529E-06
   609.40664504775953       -4.46534386E-06
   609.74038362664658       -4.39549694E-06
   610.07412220553363       -4.28429348E-06
   610.40786078442068       -4.13299313E-06
   610.74159936330773       -3.94355357E-06
   611.07533794219478       -3.71860870E-06
   611.40907652108183       -3.46131105E-06
   611.74281509996888       -3.17512672E-06
   612.07655367885593       -2.86363547E-06
   612.41029225774298       -2.53036069E-06
   612.74403083663003       -2.17864999E-06
   613.07776941551708       -1.81165956E-06
   613.41150799440413       -1.43247632E-06
   613.74524657329118       -1.04433411E-06
   614.07898515217823       -6.50798427E-07
   614.41272373106528       -2.55793765E-07
   614.74646230995234        1.36551222E-07
   615.08020088883939        5.22150287E-07
   615.41393946772644        8.97172697E-07
   615.74767804661349        1.25815973E-06
   616.08141662550054        1.60206446E-06
   616.41515520438759        1.92625566E-06
   616.74889378327464        2.22849280E-06
   617.08263236216169        2.50685048E-06
   617.41637094104874        2.75960861E-06
   617.75010951993579        2.98517330E-06
   618.08384809882284        3.18210164E-06
   618.41758667770989        3.34922174E-06
   618.75132525659694        3.48575418E-06
   619.08506383548399        3.59133560E-06
   619.41880241437104        3.66592303E-06
   619.75254099325809        3.70965427E-06
   620.08627957214514        3.72276327E-06
   620.42001815103220        3.70559246E-06
   620.75375672991925        3.65866867E-06
   621.08749530880630        3.58279613E-06
   621.42123388769335        3.47914010E-06
   621.75497246658040        3.34929609E-06
   622.08871104546745        3.19531500E-06
   622.42244962435450        3.01962882E-06
   622.75618820324155        2.82485053E-06
   623.08992678212860        2.61350033E-06
   623.42366536101565        2.38778080E-06
   623.75740393990270        2.14951046E-06
   624.09114251878975        1.90023377E-06
   624.42488109767680        1.64143069E-06
   624.75861967656385        1.37471829E-06
   625.09235825545090        1.10197880E-06
   625.42609683433795        8.25402651E-07
   625.75983541322501        5.47457773E-07
   626.09357399211206        2.70784909E-07
   626.42731257099911       -1.97346806E-09
   626.76105114988616       -2.68368439E-07
   627.09478972877321       -5.26286726E-07
   627.42852830766026       -7.73977490E-07
   627.76226688654731       -1.00996851E-06
   628.09600546543436       -1.23294467E-06
   628.42974404432141       -1.44167109E-06
   628.76348262320846       -1.63499419E-06
   629.09722120209551       -1.81188761E-06
   629.43095978098256       -1.97149120E-06
   629.76469835986961       -2.11311249E-06
   630.09843693875666       -2.23619554E-06
   630.43217551764371       -2.34027220E-06
   630.76591409653076       -2.42490205E-06
   631.09965267541781       -2.48960782E-06
   631.43339125430487       -2.53383587E-06
   631.76712983319192       -2.55699206E-06
   632.10086841207897       -2.55858299E-06
   632.43460699096602       -2.53842859E-06
   632.76834556985307       -2.49685104E-06
   633.10208414874012       -2.43473733E-06
   633.43582272762717       -2.35343714E-06
   633.76956130651422       -2.25453687E-06
   634.10329988540127       -2.13961243E-06
   634.43703846428832       -2.01004718E-06
   634.77077704317537       -1.86696286E-06
   635.10451562206242       -1.71126271E-06
   635.43825420094947       -1.54376607E-06
   635.77199277983652       -1.36539677E-06
   636.10573135872357       -1.17737193E-06
   636.43946993761062       -9.81316020E-07
   636.77320851649768       -7.79243180E-07
   637.10694709538473       -5.73405316E-07
   637.44068567427178       -3.66073834E-07
   637.77442425315883       -1.59358081E-07
   638.10816283204588        4.48675976E-08
   638.44190141093293        2.44924763E-07
   638.77563998981998        4.39234270E-07
   639.10937856870703        6.26225301E-07
   639.44311714759408        8.04285662E-07
   639.77685572648113        9.71760755E-07
   640.11059430536818        1.12700195E-06
   640.44433288425523        1.26846555E-06
   640.77807146314228        1.39484462E-06
   641.11181004202933        1.50518099E-06
   641.44554862091638        1.59888953E-06
   641.77928719980343        1.67565906E-06
   642.11302577869048        1.73527053E-06
   642.44676435757754        1.77742982E-06
   642.78050293646459        1.80171037E-06
   643.11424151535164        1.80763391E-06
   643.44798009423869        1.79484243E-06
   643.78171867312574        1.76328183E-06
   644.11545725201279        1.71333750E-06
   644.44919583089984        1.64589176E-06
   644.78293440978689        1.56229316E-06
   645.11667298867394        1.46423372E-06
   645.45041156756099        1.35355367E-06
   645.78415014644804        1.23203495E-06
   646.11788872533509        1.10127110E-06
   646.45162730422214        9.62672857E-07
   646.78536588310919        8.17589125E-07
   647.11910446199624        6.67453889E-07
   647.45284304088329        5.13866325E-07
   647.78658161977035        3.58570503E-07
   648.12032019865740        2.03372934E-07
   648.45405877754445        5.00575688E-08
   648.78779735643150       -9.96709701E-08
   649.12153593531855       -2.44221241E-07
   649.45527451420560       -3.82134516E-07
   649.78901309309265       -5.12079509E-07
   650.12275167197970       -6.32809929E-07
   650.45649025086675       -7.43104920E-07
   650.79022882975380       -8.41749227E-07
   651.12396740864085       -9.27600638E-07
   651.45770598752790       -9.99730673E-07
   651.79144456641495       -1.05756487E-06
   652.12518314530200       -1.10094163E-06
   652.45892172418905       -1.13006388E-06
   652.79266030307610       -1.14538636E-06
   653.12639888196315       -1.14749935E-06
   653.46013746085021       -1.13704277E-06
   653.79387603973726       -1.11465079E-06
   654.12761461862431       -1.08092797E-06
   654.46135319751136       -1.03647642E-06
   654.79509177639841       -9.81986204E-07
   655.12883035528546       -9.18357841E-07
   655.46256893417251       -8.46774583E-07
   655.79630751305956       -7.68657799E-07
   656.13004609194661       -6.85511907E-07
   656.46378467083366       -5.98747363E-07
   656.79752324972071       -5.09583458E-07
   657.13126182860776       -4.19068670E-07
   657.46500040749481       -3.28173513E-07
   657.79873898638186       -2.37879036E-07
   658.13247756526891       -1.49217215E-07
   658.46621614415596       -6.32647570E-08
   658.79995472304302        1.88965963E-08
   659.13369330193007        9.62580415E-08
   659.46743188081712        1.68004803E-07
   659.80117045970417        2.33646304E-07
   660.13490903859122        2.93079438E-07
   660.46864761747827        3.46521915E-07
   660.80238619636532        3.94331153E-07
   661.13612477525237        4.36806118E-07
   661.46986335413942        4.74080792E-07
   661.80360193302647        5.06147160E-07
   662.13734051191352        5.32958893E-07
   662.47107909080057        5.54540406E-07
   662.80481766968762        5.71065470E-07
   663.13855624857467        5.82917949E-07
   663.47229482746172        5.90742047E-07
   663.80603340634877        5.95449251E-07
   664.13977198523583        5.98135330E-07
   664.47351056412288        5.99908731E-07
   664.80724914300993        6.01706631E-07
   665.14098772189698        6.04192905E-07
   665.47472630078403        6.07770971E-07
   665.80846487967108        6.12660131E-07
   666.14220345855813        6.18954004E-07
   666.47594203744518        6.26630026E-07
   666.80968061633223        6.35544041E-07
   667.14341919521928        6.45453156E-07
   667.47715777410633        6.56066391E-07
   667.81089635299338        6.67080144E-07
   668.14463493188043        6.78174956E-07
   668.47837351076748        6.89000217E-07
   668.81211208965453        6.99192640E-07
   669.14585066854158        7.08426967E-07
   669.47958924742863        7.16436944E-07
   669.81332782631569        7.22942673E-07
   670.14706640520274        7.27496683E-07
   670.48080498408979        7.29343924E-07
   670.81454356297684        7.27396980E-07
   671.14828214186389        7.20350442E-07
   671.48202072075094        7.06870139E-07
   671.81575929963799        6.85769578E-07
   672.14949787852504        6.56131022E-07
   672.48323645741209        6.17377452E-07
   672.81697503629914        5.69300937E-07
   673.15071361518619        5.12027157E-07
   673.48445219407324        4.45896887E-07
   673.81819077296029        3.71299024E-07
   674.15192935184734        2.88543049E-07
   674.48566793073439        1.97847498E-07
   674.81940650962144        9.94419267E-08
   675.15314508850850       -6.29913366E-09
   675.48688366739555       -1.18777429E-07
   675.82062224628260       -2.37170141E-07
   676.15436082516965       -3.60463844E-07
   676.48809940405670       -4.87474722E-07
   676.82183798294375       -6.16852049E-07
   677.15557656183080       -7.47093679E-07
   677.48931514071785       -8.76585091E-07
   677.82305371960490       -1.00363241E-06
   678.15679229849195       -1.12645535E-06
   678.49053087737900       -1.24315375E-06
   678.82426945626605       -1.35171376E-06
   679.15800803515310       -1.45010972E-06
   679.49174661404015       -1.53648841E-06
   679.82548519292720       -1.60934894E-06
   680.15922377181425       -1.66762050E-06
   680.49296235070130       -1.71060469E-06
   680.82670092958836       -1.73781962E-06
   681.16043950847541       -1.74882052E-06
   681.49417808736246       -1.74305421E-06
   681.82791666624951       -1.71978263E-06
   682.16165524513656       -1.67810583E-06
   682.49539382402361       -1.61710796E-06
   682.82913240291066       -1.53611757E-06
   683.16287098179771       -1.43500517E-06
   683.49660956068476       -1.31439265E-06
   683.83034813957181       -1.17567049E-06
   684.16408671845886       -1.02081094E-06
   684.49782529734591       -8.52064659E-07
   684.83156387623296       -6.71671387E-07
   685.16530245512001       -4.81679535E-07
   685.49904103400706       -2.83902239E-07
   685.83277961289411       -7.99851492E-08
   686.16651819178117        1.28454545E-07
   686.50025677066822        3.39662051E-07
   686.83399534955527        5.51606320E-07
   687.16773392844232        7.61929130E-07
   687.50147250732937        9.68019663E-07
   687.83521108621642        1.16719173E-06
   688.16894966510347        1.35688492E-06
   688.50268824399052        1.53479698E-06
   688.83642682287757        1.69890143E-06
   689.17016540176462        1.84737462E-06
   689.50390398065167        1.97849999E-06
   689.83764255953872        2.09061272E-06
   690.17138113842577        2.18211358E-06
   690.50511971731282        2.25155009E-06
   690.83885829619987        2.29774355E-06
   691.17259687508692        2.31993272E-06
   691.50633545397397        2.31788999E-06
   691.84007403286103        2.29194961E-06
   692.17381261174808        2.24291034E-06
   692.50755119063513        2.17182946E-06
   692.84128976952218        2.07978951E-06
   693.17502834840923        1.96774658E-06
   693.50876692729628        1.83653333E-06
   693.84250550618333        1.68700615E-06
   694.17624408507038        1.52025598E-06
   694.50998266395743        1.33778428E-06
   694.84372124284448        1.14157785E-06
   695.17745982173153        9.34067657E-07
   695.51119840061858        7.17991611E-07
   695.84493697950563        4.96197799E-07
   696.17867555839268        2.71436932E-07
   696.51241413727973        4.62065834E-08
   696.84615271616678       -1.77294552E-07
   697.17989129505384       -3.97083824E-07
   697.51362987394089       -6.11231485E-07
   697.84736845282794       -8.17715545E-07
   698.18110703171499       -1.01438229E-06
   698.51484561060204       -1.19903405E-06
   698.84858418948909       -1.36958886E-06
   699.18232276837614       -1.52423036E-06
   699.51606134726319       -1.66149209E-06
   699.84979992615024       -1.78027005E-06
   700.18353850503729       -1.87977787E-06
   700.51727708392434       -1.95945677E-06
   700.85101566281139       -2.01885246E-06
   701.18475424169844       -2.05750121E-06
   701.51849282058549       -2.07489484E-06
   701.85223139947254       -2.07057997E-06
   702.18596997835959       -2.04436969E-06
   702.51970855724664       -1.99655801E-06
   702.85344713613370       -1.92801508E-06
   703.18718571502075       -1.84010617E-06
   703.52092429390780       -1.73448313E-06
   703.85466287279485       -1.61285209E-06
   704.18840145168190       -1.47680282E-06
   704.52214003056895       -1.32772925E-06
   704.85587860945600       -1.16683907E-06
   705.18961718834305       -9.95246978E-07
   705.52335576723010       -8.14140037E-07
   705.85709434611715       -6.24960990E-07
   706.19083292500420       -4.29515580E-07
   706.52457150389125       -2.29925632E-07
   706.85831008277830       -2.84393522E-08
   707.19204866166535        1.72795339E-07
   707.52578724055240        3.71867458E-07
   707.85952581943945        5.67097231E-07
   708.19326439832651        7.56935890E-07
   708.52700297721356        9.39860911E-07
   708.86074155610061        1.11431939E-06
   709.19448013498766        1.27871670E-06
   709.52821871387471        1.43143222E-06
   709.86195729276176        1.57087356E-06
   710.19569587164881        1.69558712E-06
   710.52943445053586        1.80440247E-06
   710.86317302942291        1.89652940E-06
   711.19691160830996        1.97152804E-06
   711.53065018719701        2.02915203E-06
   711.86438876608406        2.06915320E-06
   712.19812734497111        2.09116320E-06
   712.53186592385816        2.09469840E-06
   712.86560450274521        2.07925359E-06
   713.19934308163226        2.04441812E-06
   713.53308166051931        1.98998282E-06
   713.86682023940637        1.91604022E-06
   714.20055881829342        1.82306530E-06
   714.53429739718047        1.71192835E-06
   714.86803597606752        1.58379908E-06
   715.20177455495457        1.43997079E-06
   715.53551313384162        1.28170734E-06
   715.86925171272867        1.11021154E-06
   716.20299029161572        9.26720247E-07
   716.53672887050277        7.32631349E-07
   716.87046744938982        5.29553972E-07
   717.20420602827687        3.19248642E-07
   717.53794460716392        1.03517273E-07
   717.87168318605097       -1.15874926E-07
   718.20542176493802       -3.37210963E-07
   718.53916034382507       -5.58785302E-07
   718.87289892271212       -7.78842434E-07
   719.20663750159918       -9.95491064E-07
   719.54037608048623       -1.20659718E-06
   719.87411465937328       -1.40970610E-06
   720.20785323826033       -1.60207890E-06
   720.54159181714738       -1.78089056E-06
   720.87533039603443       -1.94353697E-06
   721.20906897492148       -2.08790834E-06
   721.54280755380853       -2.21250116E-06
   721.87654613269558       -2.31633908E-06
   722.21028471158263       -2.39877318E-06
   722.54402329046968       -2.45926731E-06
   722.87776186935673       -2.49722711E-06
   723.21150044824378       -2.51189476E-06
   723.54523902713083       -2.50232256E-06
   723.87897760601788       -2.46745685E-06
   724.21271618490493       -2.40634540E-06
   724.54645476379198       -2.31841113E-06
   724.88019334267904       -2.20367519E-06
   725.21393192156609       -2.06282652E-06
   725.54767050045314       -1.89712148E-06
   725.88140907934019       -1.70819305E-06
   726.21514765822724       -1.49787661E-06
   726.54888623711429       -1.26811324E-06
   726.88262481600134       -1.02092872E-06
   727.21636339488839       -7.58458668E-07
   727.55010197377544       -4.82999042E-07
   727.88384055266249       -1.97068900E-07
   728.21757913154954        9.65487956E-08
   728.55131771043659        3.94836007E-07
   728.88505628932364        6.94661935E-07
   729.21879486821069        9.92955393E-07
   729.55253344709774        1.28683007E-06
   729.88627202598479        1.57358238E-06
   730.22001060487185        1.85056263E-06
   730.55374918375890        2.11500742E-06
   730.88748776264595        2.36394203E-06
   731.22122634153300        2.59421404E-06
   731.55496492042005        2.80263998E-06
   731.88870349930710        2.98620785E-06
   732.22244207819415        3.14227555E-06
   732.55618065708120        3.26873055E-06
   732.88991923596825        3.36407447E-06
   733.22365781485530        3.42740668E-06
   733.55739639374235        3.45829721E-06
   733.89113497262940        3.45659623E-06
   734.22487355151645        3.42226690E-06
   734.55861213040350        3.35532104E-06
   734.89235070929055        3.25587826E-06
   735.22608928817760        3.12429734E-06
   735.55982786706466        2.96130020E-06
   735.89356644595171        2.76804053E-06
   736.22730502483876        2.54611723E-06
   736.56104360372581        2.29755983E-06
   736.89478218261286        2.02479214E-06
   737.22852076149991        1.73057265E-06
   737.56225934038696        1.41790815E-06
   737.89599791927401        1.08997187E-06
   738.22973649816106        7.50064032E-07
