   0.0000000000000000        0.00000000    
  0.33373857888706154        0.00000000    
  0.66747715777412309        0.00000000    
   1.0012157366611847        0.00000000    
   1.3349543155482462        0.00000000    
   1.6686928944353077        0.00000000    
   2.0024314733223694        0.00000000    
   2.3361700522094311        0.00000000    
   2.6699086310964928        0.00000000    
   3.0036472099835545        0.00000000    
   3.3373857888706162        0.00000000    
   3.6711243677576779        0.00000000    
   4.0048629466447396        0.00000000    
   4.3386015255318009        0.00000000    
   4.6723401044188622        0.00000000    
   5.0060786833059234        0.00000000    
   5.3398172621929847        0.00000000    
   5.6735558410800460        0.00000000    
   6.0072944199671072        0.00000000    
   6.3410329988541685        0.00000000    
   6.6747715777412298        0.00000000    
   7.0085101566282910        0.00000000    
   7.3422487355153523        0.00000000    
   7.6759873144024136        0.00000000    
   8.0097258932894757        0.00000000    
   8.3434644721765370        0.00000000    
   8.6772030510635982        0.00000000    
   9.0109416299506595        0.00000000    
   9.3446802088377208        0.00000000    
   9.6784187877247820        0.00000000    
   10.012157366611843        0.00000000    
   10.345895945498905        0.00000000    
   10.679634524385966        0.00000000    
   11.013373103273027        0.00000000    
   11.347111682160088        0.00000000    
   11.680850261047150        0.00000000    
   12.014588839934211        0.00000000    
   12.348327418821272        0.00000000    
   12.682065997708333        0.00000000    
   13.015804576595395        0.00000000    
   13.349543155482456        0.00000000    
   13.683281734369517        0.00000000    
   14.017020313256578        0.00000000    
   14.350758892143640        0.00000000    
   14.684497471030701        0.00000000    
   15.018236049917762        0.00000000    
   15.351974628804824        0.00000000    
   15.685713207691885        0.00000000    
   16.019451786578948        0.00000000    
   16.353190365466009        0.00000000    
   16.686928944353070        0.00000000    
   17.020667523240132        0.00000000    
   17.354406102127193        0.00000000    
   17.688144681014254        0.00000000    
   18.021883259901315        0.00000000    
   18.355621838788377        0.00000000    
   18.689360417675438        0.00000000    
   19.023098996562499        0.00000000    
   19.356837575449561        0.00000000    
   19.690576154336622        0.00000000    
   20.024314733223683        0.00000000    
   20.358053312110744        0.00000000    
   20.691791890997806        0.00000000    
   21.025530469884867        0.00000000    
   21.359269048771928        0.00000000    
   21.693007627658989        0.00000000    
   22.026746206546051        0.00000000    
   22.360484785433112        0.00000000    
   22.694223364320173        0.00000000    
   23.027961943207234        0.00000000    
   23.361700522094296        0.00000000    
   23.695439100981357        0.00000000    
   24.029177679868418        0.00000000    
   24.362916258755480        0.00000000    
   24.696654837642541        0.00000000    
   25.030393416529602        0.00000000    
   25.364131995416663        0.00000000    
   25.697870574303725        0.00000000    
   26.031609153190786        0.00000000    
   26.365347732077847        0.00000000    
   26.699086310964908        0.00000000    
   27.032824889851970        0.00000000    
   27.366563468739031        0.00000000    
   27.700302047626092        0.00000000    
   28.034040626513153        0.00000000    
   28.367779205400215        0.00000000    
   28.701517784287276        0.00000000    
   29.035256363174337        0.00000000    
   29.368994942061398        0.00000000    
   29.702733520948460        0.00000000    
   30.036472099835521        0.00000000    
   30.370210678722582        0.00000000    
   30.703949257609644        0.00000000    
   31.037687836496705        0.00000000    
   31.371426415383766        0.00000000    
   31.705164994270827        0.00000000    
   32.038903573157889        0.00000000    
   32.372642152044953        0.00000000    
   32.706380730932018        0.00000000    
   33.040119309819083        0.00000000    
   33.373857888706148        0.00000000    
   33.707596467593213        0.00000000    
   34.041335046480278        0.00000000    
   34.375073625367342        0.00000000    
   34.708812204254407        0.00000000    
   35.042550783141472        0.00000000    
   35.376289362028537        0.00000000    
   35.710027940915602        0.00000000    
   36.043766519802666        0.00000000    
   36.377505098689731        0.00000000    
   36.711243677576796        0.00000000    
   37.044982256463861        0.00000000    
   37.378720835350926        0.00000000    
   37.712459414237991        0.00000000    
   38.046197993125055        0.00000000    
   38.379936572012120        0.00000000    
   38.713675150899185        0.00000000    
   39.047413729786250        0.00000000    
   39.381152308673315        0.00000000    
   39.714890887560379        0.00000000    
   40.048629466447444        0.00000000    
   40.382368045334509        0.00000000    
   40.716106624221574        0.00000000    
   41.049845203108639        0.00000000    
   41.383583781995704        0.00000000    
   41.717322360882768        0.00000000    
   42.051060939769833        0.00000000    
   42.384799518656898        0.00000000    
   42.718538097543963        0.00000000    
   43.052276676431028        0.00000000    
   43.386015255318092        0.00000000    
   43.719753834205157        0.00000000    
   44.053492413092222        0.00000000    
   44.387230991979287        0.00000000    
   44.720969570866352        0.00000000    
   45.054708149753417        0.00000000    
   45.388446728640481        0.00000000    
   45.722185307527546        0.00000000    
   46.055923886414611        0.00000000    
   46.389662465301676        0.00000000    
   46.723401044188741        0.00000000    
   47.057139623075805        0.00000000    
   47.390878201962870        0.00000000    
   47.724616780849935        0.00000000    
   48.058355359737000        0.00000000    
   48.392093938624065        0.00000000    
   48.725832517511130        0.00000000    
   49.059571096398194        0.00000000    
   49.393309675285259        0.00000000    
   49.727048254172324        0.00000000    
   50.060786833059389        0.00000000    
   50.394525411946454        0.00000000    
   50.728263990833518        0.00000000    
   51.062002569720583        0.00000000    
   51.395741148607648        0.00000000    
   51.729479727494713        0.00000000    
   52.063218306381778        0.00000000    
   52.396956885268843        0.00000000    
   52.730695464155907        0.00000000    
   53.064434043042972        0.00000000    
   53.398172621930037        0.00000000    
   53.731911200817102        0.00000000    
   54.065649779704167        0.00000000    
   54.399388358591231        0.00000000    
   54.733126937478296        0.00000000    
   55.066865516365361        0.00000000    
   55.400604095252426        0.00000000    
   55.734342674139491        0.00000000    
   56.068081253026556        0.00000000    
   56.401819831913620        0.00000000    
   56.735558410800685        0.00000000    
   57.069296989687750        0.00000000    
   57.403035568574815        0.00000000    
   57.736774147461880        0.00000000    
   58.070512726348944        0.00000000    
   58.404251305236009        0.00000000    
   58.737989884123074        0.00000000    
   59.071728463010139        0.00000000    
   59.405467041897204        0.00000000    
   59.739205620784269        0.00000000    
   60.072944199671333        0.00000000    
   60.406682778558398        0.00000000    
   60.740421357445463        0.00000000    
   61.074159936332528        0.00000000    
   61.407898515219593        0.00000000    
   61.741637094106657        0.00000000    
   62.075375672993722        0.00000000    
   62.409114251880787        0.00000000    
   62.742852830767852        0.00000000    
   63.076591409654917        0.00000000    
   63.410329988541982        0.00000000    
   63.744068567429046        0.00000000    
   64.077807146316104        0.00000000    
   64.411545725203169        0.00000000    
   64.745284304090234        0.00000000    
   65.079022882977299        0.00000000    
   65.412761461864363        0.00000000    
   65.746500040751428        0.00000000    
   66.080238619638493        0.00000000    
   66.413977198525558        0.00000000    
   66.747715777412623        0.00000000    
   67.081454356299687        0.00000000    
   67.415192935186752        0.00000000    
   67.748931514073817        0.00000000    
   68.082670092960882        0.00000000    
   68.416408671847947        0.00000000    
   68.750147250735012        0.00000000    
   69.083885829622076        0.00000000    
   69.417624408509141        0.00000000    
   69.751362987396206        0.00000000    
   70.085101566283271        0.00000000    
   70.418840145170336        0.00000000    
   70.752578724057400        0.00000000    
   71.086317302944465        0.00000000    
   71.420055881831530        0.00000000    
   71.753794460718595        0.00000000    
   72.087533039605660        0.00000000    
   72.421271618492725        0.00000000    
   72.755010197379789        0.00000000    
   73.088748776266854        0.00000000    
   73.422487355153919        0.00000000    
   73.756225934040984        0.00000000    
   74.089964512928049        0.00000000    
   74.423703091815113        0.00000000    
   74.757441670702178        0.00000000    
   75.091180249589243        0.00000000    
   75.424918828476308        0.00000000    
   75.758657407363373        0.00000000    
   76.092395986250438        0.00000000    
   76.426134565137502        0.00000000    
   76.759873144024567        0.00000000    
   77.093611722911632        0.00000000    
   77.427350301798697        0.00000000    
   77.761088880685762        0.00000000    
   78.094827459572826        0.00000000    
   78.428566038459891        0.00000000    
   78.762304617346956        0.00000000    
   79.096043196234021        0.00000000    
   79.429781775121086        0.00000000    
   79.763520354008151        0.00000000    
   80.097258932895215        0.00000000    
   80.430997511782280        0.00000000    
   80.764736090669345        0.00000000    
   81.098474669556410        0.00000000    
   81.432213248443475        0.00000000    
   81.765951827330539        0.00000000    
   82.099690406217604        0.00000000    
   82.433428985104669        0.00000000    
   82.767167563991734        0.00000000    
   83.100906142878799        0.00000000    
   83.434644721765864        0.00000000    
   83.768383300652928        0.00000000    
   84.102121879539993        0.00000000    
   84.435860458427058        0.00000000    
   84.769599037314123        0.00000000    
   85.103337616201188        0.00000000    
   85.437076195088252        0.00000000    
   85.770814773975317        0.00000000    
   86.104553352862382        0.00000000    
   86.438291931749447        0.00000000    
   86.772030510636512        0.00000000    
   87.105769089523577        0.00000000    
   87.439507668410641        0.00000000    
   87.773246247297706        0.00000000    
   88.106984826184771        0.00000000    
   88.440723405071836        0.00000000    
   88.774461983958901        0.00000000    
   89.108200562845965        0.00000000    
   89.441939141733030        0.00000000    
   89.775677720620095        0.00000000    
   90.109416299507160        0.00000000    
   90.443154878394225        0.00000000    
   90.776893457281290        0.00000000    
   91.110632036168354        0.00000000    
   91.444370615055419        0.00000000    
   91.778109193942484        0.00000000    
   92.111847772829549        0.00000000    
   92.445586351716614        0.00000000    
   92.779324930603678        0.00000000    
   93.113063509490743        0.00000000    
   93.446802088377808        0.00000000    
   93.780540667264873        0.00000000    
   94.114279246151938        0.00000000    
   94.448017825039003        0.00000000    
   94.781756403926067        0.00000000    
   95.115494982813132        0.00000000    
   95.449233561700197        0.00000000    
   95.782972140587262        0.00000000    
   96.116710719474327        0.00000000    
   96.450449298361391        0.00000000    
   96.784187877248456        0.00000000    
   97.117926456135521        0.00000000    
   97.451665035022586        0.00000000    
   97.785403613909651        0.00000000    
   98.119142192796716        0.00000000    
   98.452880771683780        0.00000000    
   98.786619350570845        0.00000000    
   99.120357929457910        0.00000000    
   99.454096508344975        0.00000000    
   99.787835087232040        0.00000000    
   100.12157366611910        0.00000000    
   100.45531224500617        0.00000000    
   100.78905082389323        0.00000000    
   101.12278940278030        0.00000000    
   101.45652798166736        0.00000000    
   101.79026656055443        0.00000000    
   102.12400513944149        0.00000000    
   102.45774371832856        0.00000000    
   102.79148229721562        0.00000000    
   103.12522087610269        0.00000000    
   103.45895945498975        0.00000000    
   103.79269803387682        0.00000000    
   104.12643661276388        0.00000000    
   104.46017519165095        0.00000000    
   104.79391377053801        0.00000000    
   105.12765234942508        0.00000000    
   105.46139092831214        0.00000000    
   105.79512950719921        0.00000000    
   106.12886808608627        0.00000000    
   106.46260666497334        0.00000000    
   106.79634524386040        0.00000000    
   107.13008382274747        0.00000000    
   107.46382240163453        0.00000000    
   107.79756098052160        0.00000000    
   108.13129955940866        0.00000000    
   108.46503813829572        0.00000000    
   108.79877671718279        0.00000000    
   109.13251529606985        0.00000000    
   109.46625387495692        0.00000000    
   109.79999245384398        0.00000000    
   110.13373103273105        0.00000000    
   110.46746961161811        0.00000000    
   110.80120819050518        0.00000000    
   111.13494676939224        0.00000000    
   111.46868534827931        0.00000000    
   111.80242392716637        0.00000000    
   112.13616250605344        0.00000000    
   112.46990108494050        0.00000000    
   112.80363966382757        0.00000000    
   113.13737824271463        0.00000000    
   113.47111682160170        0.00000000    
   113.80485540048876        0.00000000    
   114.13859397937583        0.00000000    
   114.47233255826289        0.00000000    
   114.80607113714996        0.00000000    
   115.13980971603702        0.00000000    
   115.47354829492409        0.00000000    
   115.80728687381115        0.00000000    
   116.14102545269822        0.00000000    
   116.47476403158528        0.00000000    
   116.80850261047235        0.00000000    
   117.14224118935941        0.00000000    
   117.47597976824648        0.00000000    
   117.80971834713354        0.00000000    
   118.14345692602060        0.00000000    
   118.47719550490767        0.00000000    
   118.81093408379473        0.00000000    
   119.14467266268180        0.00000000    
   119.47841124156886        0.00000000    
   119.81214982045593        0.00000000    
   120.14588839934299        0.00000000    
   120.47962697823006        0.00000000    
   120.81336555711712        0.00000000    
   121.14710413600419        0.00000000    
   121.48084271489125        0.00000000    
   121.81458129377832        0.00000000    
   122.14831987266538        0.00000000    
   122.48205845155245        0.00000000    
   122.81579703043951        0.00000000    
   123.14953560932658        0.00000000    
   123.48327418821364        0.00000000    
   123.81701276710071        0.00000000    
   124.15075134598777        0.00000000    
   124.48448992487484        0.00000000    
   124.81822850376190        0.00000000    
   125.15196708264897        0.00000000    
   125.48570566153603        0.00000000    
   125.81944424042310        0.00000000    
   126.15318281931016        0.00000000    
   126.48692139819723        0.00000000    
   126.82065997708429        0.00000000    
   127.15439855597135        0.00000000    
   127.48813713485842        0.00000000    
   127.82187571374548        0.00000000    
   128.15561429263255        0.00000000    
   128.48935287151960        0.00000000    
   128.82309145040665        0.00000000    
   129.15683002929370        0.00000000    
   129.49056860818075        0.00000000    
   129.82430718706780        0.00000000    
   130.15804576595485        0.00000000    
   130.49178434484190        0.00000000    
   130.82552292372895        0.00000000    
   131.15926150261600        0.00000000    
   131.49300008150306        0.00000000    
   131.82673866039011        0.00000000    
   132.16047723927716        0.00000000    
   132.49421581816421        0.00000000    
   132.82795439705126        0.00000000    
   133.16169297593831        0.00000000    
   133.49543155482536        0.00000000    
   133.82917013371241        0.00000000    
   134.16290871259946        0.00000000    
   134.49664729148651        0.00000000    
   134.83038587037356        0.00000000    
   135.16412444926061        0.00000000    
   135.49786302814766        0.00000000    
   135.83160160703471        0.00000000    
   136.16534018592176        0.00000000    
   136.49907876480881        0.00000000    
   136.83281734369587        0.00000000    
   137.16655592258292        0.00000000    
   137.50029450146997        0.00000000    
   137.83403308035702        0.00000000    
   138.16777165924407        0.00000000    
   138.50151023813112        0.00000000    
   138.83524881701817        0.00000000    
   139.16898739590522        0.00000000    
   139.50272597479227        0.00000000    
   139.83646455367932        0.00000000    
   140.17020313256637        0.00000000    
   140.50394171145342        0.00000000    
   140.83768029034047        0.00000000    
   141.17141886922752        0.00000000    
   141.50515744811457        0.00000000    
   141.83889602700162        0.00000000    
   142.17263460588867        0.00000000    
   142.50637318477573        0.00000000    
   142.84011176366278        0.00000000    
   143.17385034254983        0.00000000    
   143.50758892143688        0.00000000    
   143.84132750032393        0.00000000    
   144.17506607921098        0.00000000    
   144.50880465809803        0.00000000    
   144.84254323698508        0.00000000    
   145.17628181587213        0.00000000    
   145.51002039475918        0.00000000    
   145.84375897364623        0.00000000    
   146.17749755253328        0.00000000    
   146.51123613142033        0.00000000    
   146.84497471030738        0.00000000    
   147.17871328919443        0.00000000    
   147.51245186808148        0.00000000    
   147.84619044696854        0.00000000    
   148.17992902585559        0.00000000    
   148.51366760474264        0.00000000    
   148.84740618362969        0.00000000    
   149.18114476251674        0.00000000    
   149.51488334140379        0.00000000    
   149.84862192029084        0.00000000    
   150.18236049917789        0.00000000    
   150.51609907806494        0.00000000    
   150.84983765695199        0.00000000    
   151.18357623583904        0.00000000    
   151.51731481472609        0.00000000    
   151.85105339361314        0.00000000    
   152.18479197250019        0.00000000    
   152.51853055138724        0.00000000    
   152.85226913027429        0.00000000    
   153.18600770916134        0.00000000    
   153.51974628804840        0.00000000    
   153.85348486693545        0.00000000    
   154.18722344582250        0.00000000    
   154.52096202470955        0.00000000    
   154.85470060359660        0.00000000    
   155.18843918248365        0.00000000    
   155.52217776137070        0.00000000    
   155.85591634025775        0.00000000    
   156.18965491914480        0.00000000    
   156.52339349803185        0.00000000    
   156.85713207691890        0.00000000    
   157.19087065580595        0.00000000    
   157.52460923469300        0.00000000    
   157.85834781358005        0.00000000    
   158.19208639246710        0.00000000    
   158.52582497135415        0.00000000    
   158.85956355024121        0.00000000    
   159.19330212912826        0.00000000    
   159.52704070801531        0.00000000    
   159.86077928690236        0.00000000    
   160.19451786578941        0.00000000    
   160.52825644467646        0.00000000    
   160.86199502356351        0.00000000    
   161.19573360245056        0.00000000    
   161.52947218133761        0.00000000    
   161.86321076022466        0.00000000    
   162.19694933911171        0.00000000    
   162.53068791799876        0.00000000    
   162.86442649688581        0.00000000    
   163.19816507577286        0.00000000    
   163.53190365465991        0.00000000    
   163.86564223354696        0.00000000    
   164.19938081243401        0.00000000    
   164.53311939132107        0.00000000    
   164.86685797020812        0.00000000    
   165.20059654909517        0.00000000    
   165.53433512798222        0.00000000    
   165.86807370686927        0.00000000    
   166.20181228575632        0.00000000    
   166.53555086464337        0.00000000    
   166.86928944353042        0.00000000    
   167.20302802241747        0.00000000    
   167.53676660130452        0.00000000    
   167.87050518019157        0.00000000    
   168.20424375907862        0.00000000    
   168.53798233796567        0.00000000    
   168.87172091685272        0.00000000    
   169.20545949573977        0.00000000    
   169.53919807462682        0.00000000    
   169.87293665351388        0.00000000    
   170.20667523240093        0.00000000    
   170.54041381128798        0.00000000    
   170.87415239017503        0.00000000    
   171.20789096906208        0.00000000    
   171.54162954794913        0.00000000    
   171.87536812683618        0.00000000    
   172.20910670572323        0.00000000    
   172.54284528461028        0.00000000    
   172.87658386349733        0.00000000    
   173.21032244238438        0.00000000    
   173.54406102127143        0.00000000    
   173.87779960015848        0.00000000    
   174.21153817904553        0.00000000    
   174.54527675793258        0.00000000    
   174.87901533681963        0.00000000    
   175.21275391570668        0.00000000    
   175.54649249459374        0.00000000    
   175.88023107348079        0.00000000    
   176.21396965236784        0.00000000    
   176.54770823125489        0.00000000    
   176.88144681014194        0.00000000    
   177.21518538902899        0.00000000    
   177.54892396791604        0.00000000    
   177.88266254680309        0.00000000    
   178.21640112569014        0.00000000    
   178.55013970457719        0.00000000    
   178.88387828346424        0.00000000    
   179.21761686235129        0.00000000    
   179.55135544123834        0.00000000    
   179.88509402012539        0.00000000    
   180.21883259901244        0.00000000    
   180.55257117789949        0.00000000    
   180.88630975678655        0.00000000    
   181.22004833567360        0.00000000    
   181.55378691456065        0.00000000    
   181.88752549344770        0.00000000    
   182.22126407233475        0.00000000    
   182.55500265122180        0.00000000    
   182.88874123010885        0.00000000    
   183.22247980899590        0.00000000    
   183.55621838788295        0.00000000    
   183.88995696677000        0.00000000    
   184.22369554565705        0.00000000    
   184.55743412454410        0.00000000    
   184.89117270343115        0.00000000    
   185.22491128231820        0.00000000    
   185.55864986120525        0.00000000    
   185.89238844009230        0.00000000    
   186.22612701897935        0.00000000    
   186.55986559786641        0.00000000    
   186.89360417675346        0.00000000    
   187.22734275564051        0.00000000    
   187.56108133452756        0.00000000    
   187.89481991341461        0.00000000    
   188.22855849230166        0.00000000    
   188.56229707118871        0.00000000    
   188.89603565007576        0.00000000    
   189.22977422896281        0.00000000    
   189.56351280784986        0.00000000    
   189.89725138673691        0.00000000    
   190.23098996562396        0.00000000    
   190.56472854451101        0.00000000    
   190.89846712339806        0.00000000    
   191.23220570228511        0.00000000    
   191.56594428117216        0.00000000    
   191.89968286005922        0.00000000    
   192.23342143894627        0.00000000    
   192.56716001783332        0.00000000    
   192.90089859672037        0.00000000    
   193.23463717560742        0.00000000    
   193.56837575449447        0.00000000    
   193.90211433338152        0.00000000    
   194.23585291226857        0.00000000    
   194.56959149115562        0.00000000    
   194.90333007004267        0.00000000    
   195.23706864892972        0.00000000    
   195.57080722781677        0.00000000    
   195.90454580670382        0.00000000    
   196.23828438559087        0.00000000    
   196.57202296447792        0.00000000    
   196.90576154336497        0.00000000    
   197.23950012225202        0.00000000    
   197.57323870113908        0.00000000    
   197.90697728002613        0.00000000    
   198.24071585891318        0.00000000    
   198.57445443780023        0.00000000    
   198.90819301668728        0.00000000    
   199.24193159557433        0.00000000    
   199.57567017446138        0.00000000    
   199.90940875334843        0.00000000    
   200.24314733223548        0.00000000    
   200.57688591112253        0.00000000    
   200.91062449000958        0.00000000    
   201.24436306889663        0.00000000    
   201.57810164778368        0.00000000    
   201.91184022667073        0.00000000    
   202.24557880555778        0.00000000    
   202.57931738444483        0.00000000    
   202.91305596333189        0.00000000    
   203.24679454221894        0.00000000    
   203.58053312110599        0.00000000    
   203.91427169999304        0.00000000    
   204.24801027888009        0.00000000    
   204.58174885776714        0.00000000    
   204.91548743665419        0.00000000    
   205.24922601554124        0.00000000    
   205.58296459442829        0.00000000    
   205.91670317331534        0.00000000    
   206.25044175220239        0.00000000    
   206.58418033108944        0.00000000    
   206.91791890997649        0.00000000    
   207.25165748886354        0.00000000    
   207.58539606775059        0.00000000    
   207.91913464663764        0.00000000    
   208.25287322552470        0.00000000    
   208.58661180441175        0.00000000    
   208.92035038329880        0.00000000    
   209.25408896218585        0.00000000    
   209.58782754107290        0.00000000    
   209.92156611995995        0.00000000    
   210.25530469884700        0.00000000    
   210.58904327773405        0.00000000    
   210.92278185662110        0.00000000    
   211.25652043550815        0.00000000    
   211.59025901439520        0.00000000    
   211.92399759328225        0.00000000    
   212.25773617216930        0.00000000    
   212.59147475105635        0.00000000    
   212.92521332994340        0.00000000    
   213.25895190883045        0.00000000    
   213.59269048771750        0.00000000    
   213.92642906660456        0.00000000    
   214.26016764549161        0.00000000    
   214.59390622437866        0.00000000    
   214.92764480326571        0.00000000    
   215.26138338215276        0.00000000    
   215.59512196103981        0.00000000    
   215.92886053992686        0.00000000    
   216.26259911881391        0.00000000    
   216.59633769770096        0.00000000    
   216.93007627658801        0.00000000    
   217.26381485547506        0.00000000    
   217.59755343436211        0.00000000    
   217.93129201324916        0.00000000    
   218.26503059213621        0.00000000    
   218.59876917102326        0.00000000    
   218.93250774991031        0.00000000    
   219.26624632879737        0.00000000    
   219.59998490768442        0.00000000    
   219.93372348657147        0.00000000    
   220.26746206545852        0.00000000    
   220.60120064434557        0.00000000    
   220.93493922323262        0.00000000    
   221.26867780211967        0.00000000    
   221.60241638100672        0.00000000    
   221.93615495989377        0.00000000    
   222.26989353878082        0.00000000    
   222.60363211766787        0.00000000    
   222.93737069655492        0.00000000    
   223.27110927544197        0.00000000    
   223.60484785432902        0.00000000    
   223.93858643321607        0.00000000    
   224.27232501210312        0.00000000    
   224.60606359099017        0.00000000    
   224.93980216987723        0.00000000    
   225.27354074876428        0.00000000    
   225.60727932765133        0.00000000    
   225.94101790653838        0.00000000    
   226.27475648542543        0.00000000    
   226.60849506431248        0.00000000    
   226.94223364319953        0.00000000    
   227.27597222208658        0.00000000    
   227.60971080097363        0.00000000    
   227.94344937986068        0.00000000    
   228.27718795874773        0.00000000    
   228.61092653763478        0.00000000    
   228.94466511652183        0.00000000    
   229.27840369540888        0.00000000    
   229.61214227429593        0.00000000    
   229.94588085318298        0.00000000    
   230.27961943207004        0.00000000    
   230.61335801095709        0.00000000    
   230.94709658984414        0.00000000    
   231.28083516873119        0.00000000    
   231.61457374761824        0.00000000    
   231.94831232650529        0.00000000    
   232.28205090539234        0.00000000    
   232.61578948427939        0.00000000    
   232.94952806316644        0.00000000    
   233.28326664205349        0.00000000    
   233.61700522094054        0.00000000    
   233.95074379982759        0.00000000    
   234.28448237871464        0.00000000    
   234.61822095760169        0.00000000    
   234.95195953648874        0.00000000    
   235.28569811537579        0.00000000    
   235.61943669426284        0.00000000    
   235.95317527314990        0.00000000    
   236.28691385203695        0.00000000    
   236.62065243092400        0.00000000    
   236.95439100981105        0.00000000    
   237.28812958869810        0.00000000    
   237.62186816758515        0.00000000    
   237.95560674647220        0.00000000    
   238.28934532535925        0.00000000    
   238.62308390424630        0.00000000    
   238.95682248313335        0.00000000    
   239.29056106202040        0.00000000    
   239.62429964090745        0.00000000    
   239.95803821979450        0.00000000    
   240.29177679868155        0.00000000    
   240.62551537756860        0.00000000    
   240.95925395645565        0.00000000    
   241.29299253534271        0.00000000    
   241.62673111422976        0.00000000    
   241.96046969311681        0.00000000    
   242.29420827200386        0.00000000    
   242.62794685089091        0.00000000    
   242.96168542977796        0.00000000    
   243.29542400866501        0.00000000    
   243.62916258755206        0.00000000    
   243.96290116643911        0.00000000    
   244.29663974532616        0.00000000    
   244.63037832421321        0.00000000    
   244.96411690310026        0.00000000    
   245.29785548198731        0.00000000    
   245.63159406087436        0.00000000    
   245.96533263976141        0.00000000    
   246.29907121864846        0.00000000    
   246.63280979753551        0.00000000    
   246.96654837642257        0.00000000    
   247.30028695530962        0.00000000    
   247.63402553419667        0.00000000    
   247.96776411308372        0.00000000    
   248.30150269197077        0.00000000    
   248.63524127085782        0.00000000    
   248.96897984974487        0.00000000    
   249.30271842863192        0.00000000    
   249.63645700751897        0.00000000    
   249.97019558640602        0.00000000    
   250.30393416529307        0.00000000    
   250.63767274418012        0.00000000    
   250.97141132306717        0.00000000    
   251.30514990195422        0.00000000    
   251.63888848084127        0.00000000    
   251.97262705972832        0.00000000    
   252.30636563861538        0.00000000    
   252.64010421750243        0.00000000    
   252.97384279638948        0.00000000    
   253.30758137527653        0.00000000    
   253.64131995416358        0.00000000    
   253.97505853305063        0.00000000    
   254.30879711193768        0.00000000    
   254.64253569082473        0.00000000    
   254.97627426971178        0.00000000    
   255.31001284859883        0.00000000    
   255.64375142748588        0.00000000    
   255.97749000637293        0.00000000    
   256.31122858525998        0.00000000    
   256.64496716414703        0.00000000    
   256.97870574303408        0.00000000    
   257.31244432192113        0.00000000    
   257.64618290080818        0.00000000    
   257.97992147969524        0.00000000    
   258.31366005858229        0.00000000    
   258.64739863746934        0.00000000    
   258.98113721635639        0.00000000    
   259.31487579524344        0.00000000    
   259.64861437413049        0.00000000    
   259.98235295301754        0.00000000    
   260.31609153190459        0.00000000    
   260.64983011079164        0.00000000    
   260.98356868967869        0.00000000    
   261.31730726856574        0.00000000    
   261.65104584745279        0.00000000    
   261.98478442633984        0.00000000    
   262.31852300522689        0.00000000    
   262.65226158411394        0.00000000    
   262.98600016300099        0.00000000    
   263.31973874188805        0.00000000    
   263.65347732077510        0.00000000    
   263.98721589966215        0.00000000    
   264.32095447854920        0.00000000    
   264.65469305743625        0.00000000    
   264.98843163632330        0.00000000    
   265.32217021521035        0.00000000    
   265.65590879409740        0.00000000    
   265.98964737298445        0.00000000    
   266.32338595187150        0.00000000    
   266.65712453075855        0.00000000    
   266.99086310964560        0.00000000    
   267.32460168853265        0.00000000    
   267.65834026741970        0.00000000    
   267.99207884630675        0.00000000    
   268.32581742519380        0.00000000    
   268.65955600408086        0.00000000    
   268.99329458296791        0.00000000    
   269.32703316185496        0.00000000    
   269.66077174074201        0.00000000    
   269.99451031962906        0.00000000    
   270.32824889851611        0.00000000    
   270.66198747740316        0.00000000    
   270.99572605629021        0.00000000    
   271.32946463517726        0.00000000    
   271.66320321406431        0.00000000    
   271.99694179295136        0.00000000    
   272.33068037183841        0.00000000    
   272.66441895072546        0.00000000    
   272.99815752961251        0.00000000    
   273.33189610849956        0.00000000    
   273.66563468738661        0.00000000    
   273.99937326627366        0.00000000    
   274.33311184516072        0.00000000    
   274.66685042404777        0.00000000    
   275.00058900293482        0.00000000    
   275.33432758182187        0.00000000    
   275.66806616070892        0.00000000    
   276.00180473959597        0.00000000    
   276.33554331848302        0.00000000    
   276.66928189737007        0.00000000    
   277.00302047625712        0.00000000    
   277.33675905514417        0.00000000    
   277.67049763403122        0.00000000    
   278.00423621291827        0.00000000    
   278.33797479180532        0.00000000    
   278.67171337069237        0.00000000    
   279.00545194957942        0.00000000    
   279.33919052846647        0.00000000    
   279.67292910735353        0.00000000    
   280.00666768624058        0.00000000    
   280.34040626512763        0.00000000    
   280.67414484401468        0.00000000    
   281.00788342290173        0.00000000    
   281.34162200178878        0.00000000    
   281.67536058067583        0.00000000    
   282.00909915956288        0.00000000    
   282.34283773844993        0.00000000    
   282.67657631733698        0.00000000    
   283.01031489622403        0.00000000    
   283.34405347511108        0.00000000    
   283.67779205399813        0.00000000    
   284.01153063288518        0.00000000    
   284.34526921177223        0.00000000    
   284.67900779065928        0.00000000    
   285.01274636954633        0.00000000    
   285.34648494843339        0.00000000    
   285.68022352732044        0.00000000    
   286.01396210620749        0.00000000    
   286.34770068509454        0.00000000    
   286.68143926398159        0.00000000    
   287.01517784286864        0.00000000    
   287.34891642175569        0.00000000    
   287.68265500064274        0.00000000    
   288.01639357952979        0.00000000    
   288.35013215841684        0.00000000    
   288.68387073730389        0.00000000    
   289.01760931619094        0.00000000    
   289.35134789507799        0.00000000    
   289.68508647396504        0.00000000    
   290.01882505285209        0.00000000    
   290.35256363173914        0.00000000    
   290.68630221062620        0.00000000    
   291.02004078951325        0.00000000    
   291.35377936840030        0.00000000    
   291.68751794728735        0.00000000    
   292.02125652617440        0.00000000    
   292.35499510506145        0.00000000    
   292.68873368394850        0.00000000    
   293.02247226283555        0.00000000    
   293.35621084172260        0.00000000    
   293.68994942060965        0.00000000    
   294.02368799949670        0.00000000    
   294.35742657838375        0.00000000    
   294.69116515727080        0.00000000    
   295.02490373615785        0.00000000    
   295.35864231504490        0.00000000    
   295.69238089393195        0.00000000    
   296.02611947281900        0.00000000    
   296.35985805170606        0.00000000    
   296.69359663059311        0.00000000    
   297.02733520948016        0.00000000    
   297.36107378836721        0.00000000    
   297.69481236725426        0.00000000    
   298.02855094614131        0.00000000    
   298.36228952502836        0.00000000    
   298.69602810391541        0.00000000    
   299.02976668280246        0.00000000    
   299.36350526168951        0.00000000    
   299.69724384057656        0.00000000    
   300.03098241946361        0.00000000    
   300.36472099835066        0.00000000    
   300.69845957723771        0.00000000    
   301.03219815612476        0.00000000    
   301.36593673501181        0.00000000    
   301.69967531389887        0.00000000    
   302.03341389278592        0.00000000    
   302.36715247167297        0.00000000    
   302.70089105056002        0.00000000    
   303.03462962944707        0.00000000    
   303.36836820833412        0.00000000    
   303.70210678722117        0.00000000    
   304.03584536610822        0.00000000    
   304.36958394499527        0.00000000    
   304.70332252388232        0.00000000    
   305.03706110276937        0.00000000    
   305.37079968165642        0.00000000    
   305.70453826054347        0.00000000    
   306.03827683943052        0.00000000    
   306.37201541831757        0.00000000    
   306.70575399720462        0.00000000    
   307.03949257609167        0.00000000    
   307.37323115497873        0.00000000    
   307.70696973386578        0.00000000    
   308.04070831275283        0.00000000    
   308.37444689163988        0.00000000    
   308.70818547052693        0.00000000    
   309.04192404941398        0.00000000    
   309.37566262830103        0.00000000    
   309.70940120718808        0.00000000    
   310.04313978607513        0.00000000    
   310.37687836496218        0.00000000    
   310.71061694384923        0.00000000    
   311.04435552273628        0.00000000    
   311.37809410162333        0.00000000    
   311.71183268051038        0.00000000    
   312.04557125939743        0.00000000    
   312.37930983828448        0.00000000    
   312.71304841717154        0.00000000    
   313.04678699605859        0.00000000    
   313.38052557494564        0.00000000    
   313.71426415383269        0.00000000    
   314.04800273271974        0.00000000    
   314.38174131160679        0.00000000    
   314.71547989049384        0.00000000    
   315.04921846938089        0.00000000    
   315.38295704826794        0.00000000    
   315.71669562715499        0.00000000    
   316.05043420604204        0.00000000    
   316.38417278492909        0.00000000    
   316.71791136381614        0.00000000    
   317.05164994270319        0.00000000    
   317.38538852159024        0.00000000    
   317.71912710047729        0.00000000    
   318.05286567936434        0.00000000    
   318.38660425825140        0.00000000    
   318.72034283713845        0.00000000    
   319.05408141602550        0.00000000    
   319.38781999491255        0.00000000    
   319.72155857379960        0.00000000    
   320.05529715268665        0.00000000    
   320.38903573157370        0.00000000    
   320.72277431046075        0.00000000    
   321.05651288934780        0.00000000    
   321.39025146823485        0.00000000    
   321.72399004712190        0.00000000    
   322.05772862600895        0.00000000    
   322.39146720489600        0.00000000    
   322.72520578378305        0.00000000    
   323.05894436267010        0.00000000    
   323.39268294155715        0.00000000    
   323.72642152044421        0.00000000    
   324.06016009933126        0.00000000    
   324.39389867821831        0.00000000    
   324.72763725710536        0.00000000    
   325.06137583599241        0.00000000    
   325.39511441487946        0.00000000    
   325.72885299376651        0.00000000    
   326.06259157265356        0.00000000    
   326.39633015154061        0.00000000    
   326.73006873042766        0.00000000    
   327.06380730931471        0.00000000    
   327.39754588820176        0.00000000    
   327.73128446708881        0.00000000    
   328.06502304597586        0.00000000    
   328.39876162486291        0.00000000    
   328.73250020374996        0.00000000    
   329.06623878263701        0.00000000    
   329.39997736152407        0.00000000    
   329.73371594041112        0.00000000    
   330.06745451929817        0.00000000    
   330.40119309818522        0.00000000    
   330.73493167707227        0.00000000    
   331.06867025595932        0.00000000    
   331.40240883484637        0.00000000    
   331.73614741373342        0.00000000    
   332.06988599262047        0.00000000    
   332.40362457150752        0.00000000    
   332.73736315039457        0.00000000    
   333.07110172928162        0.00000000    
   333.40484030816867        0.00000000    
   333.73857888705572        0.00000000    
   334.07231746594277        0.00000000    
   334.40605604482982        0.00000000    
   334.73979462371688        0.00000000    
   335.07353320260393        0.00000000    
   335.40727178149098        0.00000000    
   335.74101036037803        0.00000000    
   336.07474893926508        0.00000000    
   336.40848751815213        0.00000000    
   336.74222609703918        0.00000000    
   337.07596467592623        0.00000000    
   337.40970325481328        0.00000000    
   337.74344183370033        0.00000000    
   338.07718041258738        0.00000000    
   338.41091899147443        0.00000000    
   338.74465757036148        0.00000000    
   339.07839614924853        0.00000000    
   339.41213472813558        0.00000000    
   339.74587330702263        0.00000000    
   340.07961188590969        0.00000000    
   340.41335046479674        0.00000000    
   340.74708904368379        0.00000000    
   341.08082762257084        0.00000000    
   341.41456620145789        0.00000000    
   341.74830478034494        0.00000000    
   342.08204335923199        0.00000000    
   342.41578193811904        0.00000000    
   342.74952051700609        0.00000000    
   343.08325909589314        0.00000000    
   343.41699767478019        0.00000000    
   343.75073625366724        0.00000000    
   344.08447483255429        0.00000000    
   344.41821341144134        0.00000000    
   344.75195199032839        0.00000000    
   345.08569056921544        0.00000000    
   345.41942914810249        0.00000000    
   345.75316772698955        0.00000000    
   346.08690630587660        0.00000000    
   346.42064488476365        0.00000000    
   346.75438346365070        0.00000000    
   347.08812204253775        0.00000000    
   347.42186062142480        0.00000000    
   347.75559920031185        0.00000000    
   348.08933777919890        0.00000000    
   348.42307635808595        0.00000000    
   348.75681493697300        0.00000000    
   349.09055351586005        0.00000000    
   349.42429209474710        0.00000000    
   349.75803067363415        0.00000000    
   350.09176925252120        0.00000000    
   350.42550783140825        0.00000000    
   350.75924641029530        0.00000000    
   351.09298498918236        0.00000000    
   351.42672356806941        0.00000000    
   351.76046214695646        0.00000000    
   352.09420072584351        0.00000000    
   352.42793930473056        0.00000000    
   352.76167788361761        0.00000000    
   353.09541646250466        0.00000000    
   353.42915504139171        0.00000000    
   353.76289362027876        0.00000000    
   354.09663219916581        0.00000000    
   354.43037077805286        0.00000000    
   354.76410935693991        0.00000000    
   355.09784793582696        0.00000000    
   355.43158651471401        0.00000000    
   355.76532509360106        0.00000000    
   356.09906367248811        0.00000000    
   356.43280225137516        0.00000000    
   356.76654083026222        0.00000000    
   357.10027940914927        0.00000000    
   357.43401798803632        0.00000000    
   357.76775656692337        0.00000000    
   358.10149514581042        0.00000000    
   358.43523372469747        0.00000000    
   358.76897230358452        0.00000000    
   359.10271088247157        0.00000000    
   359.43644946135862        0.00000000    
   359.77018804024567        0.00000000    
   360.10392661913272        0.00000000    
   360.43766519801977        0.00000000    
   360.77140377690682        0.00000000    
   361.10514235579387        0.00000000    
   361.43888093468092        0.00000000    
   361.77261951356797        0.00000000    
   362.10635809245503        0.00000000    
   362.44009667134208        0.00000000    
   362.77383525022913        0.00000000    
   363.10757382911618        0.00000000    
   363.44131240800323        0.00000000    
   363.77505098689028        0.00000000    
   364.10878956577733        0.00000000    
   364.44252814466438        0.00000000    
   364.77626672355143        0.00000000    
   365.11000530243848        0.00000000    
   365.44374388132553        0.00000000    
   365.77748246021258        0.00000000    
   366.11122103909963        0.00000000    
   366.44495961798668        0.00000000    
   366.77869819687373        0.00000000    
   367.11243677576078        0.00000000    
   367.44617535464783        0.00000000    
   367.77991393353489        0.00000000    
   368.11365251242194        0.00000000    
   368.44739109130899        0.00000000    
   368.78112967019604        0.00000000    
   369.11486824908309        0.00000000    
   369.44860682797014        0.00000000    
   369.78234540685719        0.00000000    
   370.11608398574424        0.00000000    
   370.44982256463129        0.00000000    
   370.78356114351834        0.00000000    
   371.11729972240539        0.00000000    
   371.45103830129244        0.00000000    
   371.78477688017949        0.00000000    
   372.11851545906654        0.00000000    
   372.45225403795359        0.00000000    
   372.78599261684064        0.00000000    
   373.11973119572770        0.00000000    
   373.45346977461475        0.00000000    
   373.78720835350180        0.00000000    
   374.12094693238885        0.00000000    
   374.45468551127590        0.00000000    
   374.78842409016295        0.00000000    
   375.12216266905000        0.00000000    
   375.45590124793705        0.00000000    
   375.78963982682410        0.00000000    
   376.12337840571115        0.00000000    
   376.45711698459820        0.00000000    
   376.79085556348525        0.00000000    
   377.12459414237230        0.00000000    
   377.45833272125935        0.00000000    
   377.79207130014640        0.00000000    
   378.12580987903345        0.00000000    
   378.45954845792050        0.00000000    
   378.79328703680756        0.00000000    
   379.12702561569461        0.00000000    
   379.46076419458166        0.00000000    
   379.79450277346871        0.00000000    
   380.12824135235576        0.00000000    
   380.46197993124281        0.00000000    
   380.79571851012986        0.00000000    
   381.12945708901691        0.00000000    
   381.46319566790396        0.00000000    
   381.79693424679101        0.00000000    
   382.13067282567806        0.00000000    
   382.46441140456511        0.00000000    
   382.79814998345216        0.00000000    
   383.13188856233921        0.00000000    
   383.46562714122626        0.00000000    
   383.79936572011331        0.00000000    
   384.13310429900037        0.00000000    
   384.46684287788742        0.00000000    
   384.80058145677447        0.00000000    
   385.13432003566152        0.00000000    
   385.46805861454857        0.00000000    
   385.80179719343562        0.00000000    
   386.13553577232267        0.00000000    
   386.46927435120972        0.00000000    
   386.80301293009677        0.00000000    
   387.13675150898382        0.00000000    
   387.47049008787087        0.00000000    
   387.80422866675792        0.00000000    
   388.13796724564497        0.00000000    
   388.47170582453202        0.00000000    
   388.80544440341907        0.00000000    
   389.13918298230612        0.00000000    
   389.47292156119317        0.00000000    
   389.80666014008023        0.00000000    
   390.14039871896728        0.00000000    
   390.47413729785433        0.00000000    
   390.80787587674138        0.00000000    
   391.14161445562843        0.00000000    
   391.47535303451548        0.00000000    
   391.80909161340253        0.00000000    
   392.14283019228958        0.00000000    
   392.47656877117663        0.00000000    
   392.81030735006368        0.00000000    
   393.14404592895073        0.00000000    
   393.47778450783778        0.00000000    
   393.81152308672483        0.00000000    
   394.14526166561188        0.00000000    
   394.47900024449893        0.00000000    
   394.81273882338598        0.00000000    
   395.14647740227304        0.00000000    
   395.48021598116009        0.00000000    
   395.81395456004714        0.00000000    
   396.14769313893419        0.00000000    
   396.48143171782124        0.00000000    
   396.81517029670829        0.00000000    
   397.14890887559534        0.00000000    
   397.48264745448239        0.00000000    
   397.81638603336944        0.00000000    
   398.15012461225649        0.00000000    
   398.48386319114354        0.00000000    
   398.81760177003059        0.00000000    
   399.15134034891764        0.00000000    
   399.48507892780469        0.00000000    
   399.81881750669174        0.00000000    
   400.15255608557879        0.00000000    
   400.48629466446585        0.00000000    
   400.82003324335290        0.00000000    
   401.15377182223995        0.00000000    
   401.48751040112700        0.00000000    
   401.82124898001405        0.00000000    
   402.15498755890110        0.00000000    
   402.48872613778815        0.00000000    
   402.82246471667520        0.00000000    
   403.15620329556225        0.00000000    
   403.48994187444930        0.00000000    
   403.82368045333635        0.00000000    
   404.15741903222340        0.00000000    
   404.49115761111045        0.00000000    
   404.82489618999750        0.00000000    
   405.15863476888455        0.00000000    
   405.49237334777160        0.00000000    
   405.82611192665865        0.00000000    
   406.15985050554571        0.00000000    
   406.49358908443276        0.00000000    
   406.82732766331981        0.00000000    
   407.16106624220686        0.00000000    
   407.49480482109391        0.00000000    
   407.82854339998096        0.00000000    
   408.16228197886801        0.00000000    
   408.49602055775506        0.00000000    
   408.82975913664211        0.00000000    
   409.16349771552916        0.00000000    
   409.49723629441621        0.00000000    
   409.83097487330326        0.00000000    
   410.16471345219031        0.00000000    
   410.49845203107736        0.00000000    
   410.83219060996441        0.00000000    
   411.16592918885146        0.00000000    
   411.49966776773852        0.00000000    
   411.83340634662557        0.00000000    
   412.16714492551262        0.00000000    
   412.50088350439967        0.00000000    
   412.83462208328672        0.00000000    
   413.16836066217377        0.00000000    
   413.50209924106082        0.00000000    
   413.83583781994787        0.00000000    
   414.16957639883492        0.00000000    
   414.50331497772197        0.00000000    
   414.83705355660902        0.00000000    
   415.17079213549607        0.00000000    
   415.50453071438312        0.00000000    
   415.83826929327017        0.00000000    
   416.17200787215722        0.00000000    
   416.50574645104427        0.00000000    
   416.83948502993132        0.00000000    
   417.17322360881838        0.00000000    
   417.50696218770543        0.00000000    
   417.84070076659248        0.00000000    
   418.17443934547953        0.00000000    
   418.50817792436658        0.00000000    
   418.84191650325363        0.00000000    
   419.17565508214068        0.00000000    
   419.50939366102773        0.00000000    
   419.84313223991478        0.00000000    
   420.17687081880183        0.00000000    
   420.51060939768888        0.00000000    
   420.84434797657593        0.00000000    
   421.17808655546298        0.00000000    
   421.51182513435003        0.00000000    
   421.84556371323708        0.00000000    
   422.17930229212413        0.00000000    
   422.51304087101119        0.00000000    
   422.84677944989824        0.00000000    
   423.18051802878529        0.00000000    
   423.51425660767234        0.00000000    
   423.84799518655939        0.00000000    
   424.18173376544644        0.00000000    
   424.51547234433349        0.00000000    
   424.84921092322054        0.00000000    
   425.18294950210759        0.00000000    
   425.51668808099464        0.00000000    
   425.85042665988169        0.00000000    
   426.18416523876874        0.00000000    
   426.51790381765579        0.00000000    
   426.85164239654284        0.00000000    
   427.18538097542989        0.00000000    
   427.51911955431694        0.00000000    
   427.85285813320399        0.00000000    
   428.18659671209105        0.00000000    
   428.52033529097810        0.00000000    
   428.85407386986515        0.00000000    
   429.18781244875220        0.00000000    
   429.52155102763925        0.00000000    
   429.85528960652630        0.00000000    
   430.18902818541335        0.00000000    
   430.52276676430040        0.00000000    
   430.85650534318745        0.00000000    
   431.19024392207450        0.00000000    
   431.52398250096155        0.00000000    
   431.85772107984860        0.00000000    
   432.19145965873565        0.00000000    
   432.52519823762270        0.00000000    
   432.85893681650975        0.00000000    
   433.19267539539680        0.00000000    
   433.52641397428386        0.00000000    
   433.86015255317091        0.00000000    
   434.19389113205796        0.00000000    
   434.52762971094501        0.00000000    
   434.86136828983206        0.00000000    
   435.19510686871911        0.00000000    
   435.52884544760616        0.00000000    
   435.86258402649321        0.00000000    
   436.19632260538026        0.00000000    
   436.53006118426731        0.00000000    
   436.86379976315436        0.00000000    
   437.19753834204141        0.00000000    
   437.53127692092846        0.00000000    
   437.86501549981551        0.00000000    
   438.19875407870256        0.00000000    
   438.53249265758961        0.00000000    
   438.86623123647666        0.00000000    
   439.19996981536372        0.00000000    
   439.53370839425077        0.00000000    
   439.86744697313782        0.00000000    
   440.20118555202487        0.00000000    
   440.53492413091192        0.00000000    
   440.86866270979897        0.00000000    
   441.20240128868602        0.00000000    
   441.53613986757307        0.00000000    
   441.86987844646012        0.00000000    
   442.20361702534717        0.00000000    
   442.53735560423422        0.00000000    
   442.87109418312127        0.00000000    
   443.20483276200832        0.00000000    
   443.53857134089537        0.00000000    
   443.87230991978242        0.00000000    
   444.20604849866947        0.00000000    
   444.53978707755653        0.00000000    
   444.87352565644358        0.00000000    
   445.20726423533063        0.00000000    
   445.54100281421768        0.00000000    
   445.87474139310473        0.00000000    
   446.20847997199178        0.00000000    
   446.54221855087883        0.00000000    
   446.87595712976588        0.00000000    
   447.20969570865293        0.00000000    
   447.54343428753998        0.00000000    
   447.87717286642703        0.00000000    
   448.21091144531408        0.00000000    
   448.54465002420113        0.00000000    
   448.87838860308818        0.00000000    
   449.21212718197523        0.00000000    
   449.54586576086228        0.00000000    
   449.87960433974933        0.00000000    
   450.21334291863639        0.00000000    
   450.54708149752344        0.00000000    
   450.88082007641049        0.00000000    
   451.21455865529754        0.00000000    
   451.54829723418459        0.00000000    
   451.88203581307164        0.00000000    
   452.21577439195869        0.00000000    
   452.54951297084574        0.00000000    
   452.88325154973279        0.00000000    
   453.21699012861984        0.00000000    
   453.55072870750689        0.00000000    
   453.88446728639394        0.00000000    
   454.21820586528099        0.00000000    
   454.55194444416804        0.00000000    
   454.88568302305509        0.00000000    
   455.21942160194214        0.00000000    
   455.55316018082920        0.00000000    
   455.88689875971625        0.00000000    
   456.22063733860330        0.00000000    
   456.55437591749035        0.00000000    
   456.88811449637740        0.00000000    
   457.22185307526445        0.00000000    
   457.55559165415150        0.00000000    
   457.88933023303855        0.00000000    
   458.22306881192560        0.00000000    
   458.55680739081265        0.00000000    
   458.89054596969970        0.00000000    
   459.22428454858675        0.00000000    
   459.55802312747380        0.00000000    
   459.89176170636085        0.00000000    
   460.22550028524790        0.00000000    
   460.55923886413495        0.00000000    
   460.89297744302200        0.00000000    
   461.22671602190906        0.00000000    
   461.56045460079611        0.00000000    
   461.89419317968316        0.00000000    
   462.22793175857021        0.00000000    
   462.56167033745726        0.00000000    
   462.89540891634431        0.00000000    
   463.22914749523136        0.00000000    
   463.56288607411841        0.00000000    
   463.89662465300546        0.00000000    
   464.23036323189251        0.00000000    
   464.56410181077956        0.00000000    
   464.89784038966661        0.00000000    
   465.23157896855366        0.00000000    
   465.56531754744071        0.00000000    
   465.89905612632776        0.00000000    
   466.23279470521481        0.00000000    
   466.56653328410187        0.00000000    
   466.90027186298892        0.00000000    
   467.23401044187597        0.00000000    
   467.56774902076302        0.00000000    
   467.90148759965007        0.00000000    
   468.23522617853712        0.00000000    
   468.56896475742417        0.00000000    
   468.90270333631122        0.00000000    
   469.23644191519827        0.00000000    
   469.57018049408532        0.00000000    
   469.90391907297237        0.00000000    
   470.23765765185942        0.00000000    
   470.57139623074647        0.00000000    
   470.90513480963352        0.00000000    
   471.23887338852057        0.00000000    
   471.57261196740762        0.00000000    
   471.90635054629468        0.00000000    
   472.24008912518173        0.00000000    
   472.57382770406878        0.00000000    
   472.90756628295583        0.00000000    
   473.24130486184288        0.00000000    
   473.57504344072993        0.00000000    
   473.90878201961698        0.00000000    
   474.24252059850403        0.00000000    
   474.57625917739108        0.00000000    
   474.90999775627813        0.00000000    
   475.24373633516518        0.00000000    
   475.57747491405223        0.00000000    
   475.91121349293928        0.00000000    
   476.24495207182633        0.00000000    
   476.57869065071338        0.00000000    
   476.91242922960043        0.00000000    
   477.24616780848748        0.00000000    
   477.57990638737454        0.00000000    
   477.91364496626159        0.00000000    
   478.24738354514864        0.00000000    
   478.58112212403569        0.00000000    
   478.91486070292274        0.00000000    
   479.24859928180979        0.00000000    
   479.58233786069684        0.00000000    
   479.91607643958389        0.00000000    
   480.24981501847094        0.00000000    
   480.58355359735799        0.00000000    
   480.91729217624504        0.00000000    
   481.25103075513209        0.00000000    
   481.58476933401914        0.00000000    
   481.91850791290619        0.00000000    
   482.25224649179324        0.00000000    
   482.58598507068029        0.00000000    
   482.91972364956735        0.00000000    
   483.25346222845440        0.00000000    
   483.58720080734145        0.00000000    
   483.92093938622850        0.00000000    
   484.25467796511555        0.00000000    
   484.58841654400260        0.00000000    
   484.92215512288965        0.00000000    
   485.25589370177670        0.00000000    
   485.58963228066375        0.00000000    
   485.92337085955080        0.00000000    
   486.25710943843785        0.00000000    
   486.59084801732490        0.00000000    
   486.92458659621195        0.00000000    
   487.25832517509900        0.00000000    
   487.59206375398605        0.00000000    
   487.92580233287310        0.00000000    
   488.25954091176015        0.00000000    
   488.59327949064721        0.00000000    
   488.92701806953426        0.00000000    
   489.26075664842131        0.00000000    
   489.59449522730836        0.00000000    
   489.92823380619541        0.00000000    
   490.26197238508246        0.00000000    
   490.59571096396951        0.00000000    
   490.92944954285656        0.00000000    
   491.26318812174361        0.00000000    
   491.59692670063066        0.00000000    
   491.93066527951771        0.00000000    
   492.26440385840476        0.00000000    
   492.59814243729181        0.00000000    
   492.93188101617886        0.00000000    
   493.26561959506591        0.00000000    
   493.59935817395296        0.00000000    
   493.93309675284002        0.00000000    
   494.26683533172707        0.00000000    
   494.60057391061412        0.00000000    
   494.93431248950117        0.00000000    
   495.26805106838822        0.00000000    
   495.60178964727527        0.00000000    
   495.93552822616232        0.00000000    
   496.26926680504937        0.00000000    
   496.60300538393642        0.00000000    
   496.93674396282347        0.00000000    
   497.27048254171052        0.00000000    
   497.60422112059757        0.00000000    
   497.93795969948462        0.00000000    
   498.27169827837167        0.00000000    
   498.60543685725872        0.00000000    
   498.93917543614577        0.00000000    
   499.27291401503282        0.00000000    
   499.60665259391988        0.00000000    
   499.94039117280693        0.00000000    
   500.27412975169398        0.00000000    
   500.60786833058103        0.00000000    
   500.94160690946808        0.00000000    
   501.27534548835513        0.00000000    
   501.60908406724218        0.00000000    
   501.94282264612923        0.00000000    
   502.27656122501628        0.00000000    
   502.61029980390333        0.00000000    
   502.94403838279038        0.00000000    
   503.27777696167743        0.00000000    
   503.61151554056448        0.00000000    
   503.94525411945153        0.00000000    
   504.27899269833858        0.00000000    
   504.61273127722563        0.00000000    
   504.94646985611269        0.00000000    
   505.28020843499974        0.00000000    
   505.61394701388679        0.00000000    
   505.94768559277384        0.00000000    
   506.28142417166089        0.00000000    
   506.61516275054794        0.00000000    
   506.94890132943499        0.00000000    
   507.28263990832204        0.00000000    
   507.61637848720909        0.00000000    
   507.95011706609614        0.00000000    
   508.28385564498319        0.00000000    
   508.61759422387024        0.00000000    
   508.95133280275729        0.00000000    
   509.28507138164434        0.00000000    
   509.61880996053139        0.00000000    
   509.95254853941844        0.00000000    
   510.28628711830549        0.00000000    
   510.62002569719255        0.00000000    
   510.95376427607960        0.00000000    
   511.28750285496665        0.00000000    
   511.62124143385370        0.00000000    
   511.95498001274075        0.00000000    
   512.28871859162780        0.00000000    
   512.62245717051485        0.00000000    
   512.95619574940190        0.00000000    
   513.28993432828895        0.00000000    
   513.62367290717600        0.00000000    
   513.95741148606305        0.00000000    
   514.29115006495010        0.00000000    
   514.62488864383715        0.00000000    
   514.95862722272420        0.00000000    
   515.29236580161125        0.00000000    
   515.62610438049830        0.00000000    
   515.95984295938536        0.00000000    
   516.29358153827241        0.00000000    
   516.62732011715946        0.00000000    
   516.96105869604651        0.00000000    
   517.29479727493356        0.00000000    
   517.62853585382061        0.00000000    
   517.96227443270766        0.00000000    
   518.29601301159471        0.00000000    
   518.62975159048176        0.00000000    
   518.96349016936881        0.00000000    
   519.29722874825586        0.00000000    
   519.63096732714291        0.00000000    
   519.96470590602996        0.00000000    
   520.29844448491701        0.00000000    
   520.63218306380406        0.00000000    
   520.96592164269111        0.00000000    
   521.29966022157816        0.00000000    
   521.63339880046522        0.00000000    
   521.96713737935227        0.00000000    
   522.30087595823932        0.00000000    
   522.63461453712637        0.00000000    
   522.96835311601342        0.00000000    
   523.30209169490047        0.00000000    
   523.63583027378752        0.00000000    
   523.96956885267457        0.00000000    
   524.30330743156162        0.00000000    
   524.63704601044867        0.00000000    
   524.97078458933572        0.00000000    
   525.30452316822277        0.00000000    
   525.63826174710982        0.00000000    
   525.97200032599687        0.00000000    
   526.30573890488392        0.00000000    
   526.63947748377097        0.00000000    
   526.97321606265803        0.00000000    
   527.30695464154508        0.00000000    
   527.64069322043213        0.00000000    
   527.97443179931918        0.00000000    
   528.30817037820623        0.00000000    
   528.64190895709328        0.00000000    
   528.97564753598033        0.00000000    
   529.30938611486738        0.00000000    
   529.64312469375443        0.00000000    
   529.97686327264148        0.00000000    
   530.31060185152853        0.00000000    
   530.64434043041558        0.00000000    
   530.97807900930263        0.00000000    
   531.31181758818968        0.00000000    
   531.64555616707673        0.00000000    
   531.97929474596378        0.00000000    
   532.31303332485084        0.00000000    
   532.64677190373789        0.00000000    
   532.98051048262494        0.00000000    
   533.31424906151199        0.00000000    
   533.64798764039904        0.00000000    
   533.98172621928609        0.00000000    
   534.31546479817314        0.00000000    
   534.64920337706019        0.00000000    
   534.98294195594724        0.00000000    
   535.31668053483429        0.00000000    
   535.65041911372134        0.00000000    
   535.98415769260839        0.00000000    
   536.31789627149544        0.00000000    
   536.65163485038249        0.00000000    
   536.98537342926954        0.00000000    
   537.31911200815659        0.00000000    
   537.65285058704364        0.00000000    
   537.98658916593070        0.00000000    
   538.32032774481775        0.00000000    
   538.65406632370480        0.00000000    
   538.98780490259185        0.00000000    
   539.32154348147890        0.00000000    
   539.65528206036595        0.00000000    
   539.98902063925300        0.00000000    
   540.32275921814005        0.00000000    
   540.65649779702710        0.00000000    
   540.99023637591415        0.00000000    
   541.32397495480120        0.00000000    
   541.65771353368825        0.00000000    
   541.99145211257530        0.00000000    
   542.32519069146235        0.00000000    
   542.65892927034940        0.00000000    
   542.99266784923645        0.00000000    
   543.32640642812351        0.00000000    
   543.66014500701056        0.00000000    
   543.99388358589761        0.00000000    
   544.32762216478466        0.00000000    
   544.66136074367171        0.00000000    
   544.99509932255876        0.00000000    
   545.32883790144581        0.00000000    
   545.66257648033286        0.00000000    
   545.99631505921991        0.00000000    
   546.33005363810696        0.00000000    
   546.66379221699401        0.00000000    
   546.99753079588106        0.00000000    
   547.33126937476811        0.00000000    
   547.66500795365516        0.00000000    
   547.99874653254221        0.00000000    
   548.33248511142926        0.00000000    
   548.66622369031631        0.00000000    
   548.99996226920337        0.00000000    
   549.33370084809042        0.00000000    
   549.66743942697747        0.00000000    
   550.00117800586452        0.00000000    
   550.33491658475157        0.00000000    
   550.66865516363862        0.00000000    
   551.00239374252567        0.00000000    
   551.33613232141272        0.00000000    
   551.66987090029977        0.00000000    
   552.00360947918682        0.00000000    
   552.33734805807387        0.00000000    
   552.67108663696092        0.00000000    
   553.00482521584797        0.00000000    
   553.33856379473502        0.00000000    
   553.67230237362207        0.00000000    
   554.00604095250912        0.00000000    
   554.33977953139618        0.00000000    
   554.67351811028323        0.00000000    
   555.00725668917028        0.00000000    
   555.34099526805733        0.00000000    
   555.67473384694438        0.00000000    
   556.00847242583143        0.00000000    
   556.34221100471848        0.00000000    
   556.67594958360553        0.00000000    
   557.00968816249258        0.00000000    
   557.34342674137963        0.00000000    
   557.67716532026668        0.00000000    
   558.01090389915373        0.00000000    
   558.34464247804078        0.00000000    
   558.67838105692783        0.00000000    
   559.01211963581488        0.00000000    
   559.34585821470193        0.00000000    
   559.67959679358898        0.00000000    
   560.01333537247604        0.00000000    
   560.34707395136309        0.00000000    
   560.68081253025014        0.00000000    
   561.01455110913719        0.00000000    
   561.34828968802424        0.00000000    
   561.68202826691129        0.00000000    
   562.01576684579834        0.00000000    
   562.34950542468539        0.00000000    
   562.68324400357244        0.00000000    
   563.01698258245949        0.00000000    
   563.35072116134654        0.00000000    
   563.68445974023359        0.00000000    
   564.01819831912064        0.00000000    
   564.35193689800769        0.00000000    
   564.68567547689474        0.00000000    
   565.01941405578179        0.00000000    
   565.35315263466885        0.00000000    
   565.68689121355590        0.00000000    
   566.02062979244295        0.00000000    
   566.35436837133000        0.00000000    
   566.68810695021705        0.00000000    
   567.02184552910410        0.00000000    
   567.35558410799115        0.00000000    
   567.68932268687820        0.00000000    
   568.02306126576525        0.00000000    
   568.35679984465230        0.00000000    
   568.69053842353935        0.00000000    
   569.02427700242640        0.00000000    
   569.35801558131345        0.00000000    
   569.69175416020050        0.00000000    
   570.02549273908755        0.00000000    
   570.35923131797460        0.00000000    
   570.69296989686165        0.00000000    
   571.02670847574871        0.00000000    
   571.36044705463576        0.00000000    
   571.69418563352281        0.00000000    
   572.02792421240986        0.00000000    
   572.36166279129691        0.00000000    
   572.69540137018396        0.00000000    
   573.02913994907101        0.00000000    
   573.36287852795806        0.00000000    
   573.69661710684511        0.00000000    
   574.03035568573216        0.00000000    
   574.36409426461921        0.00000000    
   574.69783284350626        0.00000000    
   575.03157142239331        0.00000000    
   575.36531000128036        0.00000000    
   575.69904858016741        0.00000000    
   576.03278715905446        0.00000000    
   576.36652573794152        0.00000000    
   576.70026431682857        0.00000000    
   577.03400289571562        0.00000000    
   577.36774147460267        0.00000000    
   577.70148005348972        0.00000000    
   578.03521863237677        0.00000000    
   578.36895721126382        0.00000000    
   578.70269579015087        0.00000000    
   579.03643436903792        0.00000000    
   579.37017294792497        0.00000000    
   579.70391152681202        0.00000000    
   580.03765010569907        0.00000000    
   580.37138868458612        0.00000000    
   580.70512726347317        0.00000000    
   581.03886584236022        0.00000000    
   581.37260442124727        0.00000000    
   581.70634300013432        0.00000000    
   582.04008157902138        0.00000000    
   582.37382015790843        0.00000000    
   582.70755873679548        0.00000000    
   583.04129731568253        0.00000000    
   583.37503589456958        0.00000000    
   583.70877447345663        0.00000000    
   584.04251305234368        0.00000000    
   584.37625163123073        0.00000000    
   584.70999021011778        0.00000000    
   585.04372878900483        0.00000000    
   585.37746736789188        0.00000000    
   585.71120594677893        0.00000000    
   586.04494452566598        0.00000000    
   586.37868310455303        0.00000000    
   586.71242168344008        0.00000000    
   587.04616026232713        0.00000000    
   587.37989884121419        0.00000000    
   587.71363742010124        0.00000000    
   588.04737599898829        0.00000000    
   588.38111457787534        0.00000000    
   588.71485315676239        0.00000000    
   589.04859173564944        0.00000000    
   589.38233031453649        0.00000000    
   589.71606889342354        0.00000000    
   590.04980747231059        0.00000000    
   590.38354605119764        0.00000000    
   590.71728463008469        0.00000000    
   591.05102320897174        0.00000000    
   591.38476178785879        0.00000000    
   591.71850036674584        0.00000000    
   592.05223894563289        0.00000000    
   592.38597752451994        0.00000000    
   592.71971610340699        0.00000000    
   593.05345468229405        0.00000000    
   593.38719326118110        0.00000000    
   593.72093184006815        0.00000000    
   594.05467041895520        0.00000000    
   594.38840899784225        0.00000000    
   594.72214757672930        0.00000000    
   595.05588615561635        0.00000000    
   595.38962473450340        0.00000000    
   595.72336331339045        0.00000000    
   596.05710189227750        0.00000000    
   596.39084047116455        0.00000000    
   596.72457905005160        0.00000000    
   597.05831762893865        0.00000000    
   597.39205620782570        0.00000000    
   597.72579478671275        0.00000000    
   598.05953336559980        0.00000000    
   598.39327194448686        0.00000000    
   598.72701052337391        0.00000000    
   599.06074910226096        0.00000000    
   599.39448768114801        0.00000000    
   599.72822626003506        0.00000000    
   600.06196483892211        0.00000000    
   600.39570341780916        0.00000000    
   600.72944199669621        0.00000000    
   601.06318057558326        0.00000000    
   601.39691915447031        0.00000000    
   601.73065773335736        0.00000000    
   602.06439631224441        0.00000000    
   602.39813489113146        0.00000000    
   602.73187347001851        0.00000000    
   603.06561204890556        0.00000000    
   603.39935062779261        0.00000000    
   603.73308920667967        0.00000000    
   604.06682778556672        0.00000000    
   604.40056636445377        0.00000000    
   604.73430494334082        0.00000000    
   605.06804352222787        0.00000000    
   605.40178210111492        0.00000000    
   605.73552068000197        0.00000000    
   606.06925925888902        0.00000000    
   606.40299783777607        0.00000000    
   606.73673641666312        0.00000000    
   607.07047499555017        0.00000000    
   607.40421357443722        0.00000000    
   607.73795215332427        0.00000000    
   608.07169073221132        0.00000000    
   608.40542931109837        0.00000000    
   608.73916788998542        0.00000000    
   609.07290646887247        0.00000000    
   609.40664504775953        0.00000000    
   609.74038362664658        0.00000000    
   610.07412220553363        0.00000000    
   610.40786078442068        0.00000000    
   610.74159936330773        0.00000000    
   611.07533794219478        0.00000000    
   611.40907652108183        0.00000000    
   611.74281509996888        0.00000000    
   612.07655367885593        0.00000000    
   612.41029225774298        0.00000000    
   612.74403083663003        0.00000000    
   613.07776941551708        0.00000000    
   613.41150799440413        0.00000000    
   613.74524657329118        0.00000000    
   614.07898515217823        0.00000000    
   614.41272373106528        0.00000000    
   614.74646230995234        0.00000000    
   615.08020088883939        0.00000000    
   615.41393946772644        0.00000000    
   615.74767804661349        0.00000000    
   616.08141662550054        0.00000000    
   616.41515520438759        0.00000000    
   616.74889378327464        0.00000000    
   617.08263236216169        0.00000000    
   617.41637094104874        0.00000000    
   617.75010951993579        0.00000000    
   618.08384809882284        0.00000000    
   618.41758667770989        0.00000000    
   618.75132525659694        0.00000000    
   619.08506383548399        0.00000000    
   619.41880241437104        0.00000000    
   619.75254099325809        0.00000000    
   620.08627957214514        0.00000000    
   620.42001815103220        0.00000000    
   620.75375672991925        0.00000000    
   621.08749530880630        0.00000000    
   621.42123388769335        0.00000000    
   621.75497246658040        0.00000000    
   622.08871104546745        0.00000000    
   622.42244962435450        0.00000000    
   622.75618820324155        0.00000000    
   623.08992678212860        0.00000000    
   623.42366536101565        0.00000000    
   623.75740393990270        0.00000000    
   624.09114251878975        0.00000000    
   624.42488109767680        0.00000000    
   624.75861967656385        0.00000000    
   625.09235825545090        0.00000000    
   625.42609683433795        0.00000000    
   625.75983541322501        0.00000000    
   626.09357399211206        0.00000000    
   626.42731257099911        0.00000000    
   626.76105114988616        0.00000000    
   627.09478972877321        0.00000000    
   627.42852830766026        0.00000000    
   627.76226688654731        0.00000000    
   628.09600546543436        0.00000000    
   628.42974404432141        0.00000000    
   628.76348262320846        0.00000000    
   629.09722120209551        0.00000000    
   629.43095978098256        0.00000000    
   629.76469835986961        0.00000000    
   630.09843693875666        0.00000000    
   630.43217551764371        0.00000000    
   630.76591409653076        0.00000000    
   631.09965267541781        0.00000000    
   631.43339125430487        0.00000000    
   631.76712983319192        0.00000000    
   632.10086841207897        0.00000000    
   632.43460699096602        0.00000000    
   632.76834556985307        0.00000000    
   633.10208414874012        0.00000000    
   633.43582272762717        0.00000000    
   633.76956130651422        0.00000000    
   634.10329988540127        0.00000000    
   634.43703846428832        0.00000000    
   634.77077704317537        0.00000000    
   635.10451562206242        0.00000000    
   635.43825420094947        0.00000000    
   635.77199277983652        0.00000000    
   636.10573135872357        0.00000000    
   636.43946993761062        0.00000000    
   636.77320851649768        0.00000000    
   637.10694709538473        0.00000000    
   637.44068567427178        0.00000000    
   637.77442425315883        0.00000000    
   638.10816283204588        0.00000000    
   638.44190141093293        0.00000000    
   638.77563998981998        0.00000000    
   639.10937856870703        0.00000000    
   639.44311714759408        0.00000000    
   639.77685572648113        0.00000000    
   640.11059430536818        0.00000000    
   640.44433288425523        0.00000000    
   640.77807146314228        0.00000000    
   641.11181004202933        0.00000000    
   641.44554862091638        0.00000000    
   641.77928719980343        0.00000000    
   642.11302577869048        0.00000000    
   642.44676435757754        0.00000000    
   642.78050293646459        0.00000000    
   643.11424151535164        0.00000000    
   643.44798009423869        0.00000000    
   643.78171867312574        0.00000000    
   644.11545725201279        0.00000000    
   644.44919583089984        0.00000000    
   644.78293440978689        0.00000000    
   645.11667298867394        0.00000000    
   645.45041156756099        0.00000000    
   645.78415014644804        0.00000000    
   646.11788872533509        0.00000000    
   646.45162730422214        0.00000000    
   646.78536588310919        0.00000000    
   647.11910446199624        0.00000000    
   647.45284304088329        0.00000000    
   647.78658161977035        0.00000000    
   648.12032019865740        0.00000000    
   648.45405877754445        0.00000000    
   648.78779735643150        0.00000000    
   649.12153593531855        0.00000000    
   649.45527451420560        0.00000000    
   649.78901309309265        0.00000000    
   650.12275167197970        0.00000000    
   650.45649025086675        0.00000000    
   650.79022882975380        0.00000000    
   651.12396740864085        0.00000000    
   651.45770598752790        0.00000000    
   651.79144456641495        0.00000000    
   652.12518314530200        0.00000000    
   652.45892172418905        0.00000000    
   652.79266030307610        0.00000000    
   653.12639888196315        0.00000000    
   653.46013746085021        0.00000000    
   653.79387603973726        0.00000000    
   654.12761461862431        0.00000000    
   654.46135319751136        0.00000000    
   654.79509177639841        0.00000000    
   655.12883035528546        0.00000000    
   655.46256893417251        0.00000000    
   655.79630751305956        0.00000000    
   656.13004609194661        0.00000000    
   656.46378467083366        0.00000000    
   656.79752324972071        0.00000000    
   657.13126182860776        0.00000000    
   657.46500040749481        0.00000000    
   657.79873898638186        0.00000000    
   658.13247756526891        0.00000000    
   658.46621614415596        0.00000000    
   658.79995472304302        0.00000000    
   659.13369330193007        0.00000000    
   659.46743188081712        0.00000000    
   659.80117045970417        0.00000000    
   660.13490903859122        0.00000000    
   660.46864761747827        0.00000000    
   660.80238619636532        0.00000000    
   661.13612477525237        0.00000000    
   661.46986335413942        0.00000000    
   661.80360193302647        0.00000000    
   662.13734051191352        0.00000000    
   662.47107909080057        0.00000000    
   662.80481766968762        0.00000000    
   663.13855624857467        0.00000000    
   663.47229482746172        0.00000000    
   663.80603340634877        0.00000000    
   664.13977198523583        0.00000000    
   664.47351056412288        0.00000000    
   664.80724914300993        0.00000000    
   665.14098772189698        0.00000000    
   665.47472630078403        0.00000000    
   665.80846487967108        0.00000000    
   666.14220345855813        0.00000000    
   666.47594203744518        0.00000000    
   666.80968061633223        0.00000000    
   667.14341919521928        0.00000000    
   667.47715777410633        0.00000000    
   667.81089635299338        0.00000000    
   668.14463493188043        0.00000000    
   668.47837351076748        0.00000000    
   668.81211208965453        0.00000000    
   669.14585066854158        0.00000000    
   669.47958924742863        0.00000000    
   669.81332782631569        0.00000000    
   670.14706640520274        0.00000000    
   670.48080498408979        0.00000000    
   670.81454356297684        0.00000000    
   671.14828214186389        0.00000000    
   671.48202072075094        0.00000000    
   671.81575929963799        0.00000000    
   672.14949787852504        0.00000000    
   672.48323645741209        0.00000000    
   672.81697503629914        0.00000000    
   673.15071361518619        0.00000000    
   673.48445219407324        0.00000000    
   673.81819077296029        0.00000000    
   674.15192935184734        0.00000000    
   674.48566793073439        0.00000000    
   674.81940650962144        0.00000000    
   675.15314508850850        0.00000000    
   675.48688366739555        0.00000000    
   675.82062224628260        0.00000000    
   676.15436082516965        0.00000000    
   676.48809940405670        0.00000000    
   676.82183798294375        0.00000000    
   677.15557656183080        0.00000000    
   677.48931514071785        0.00000000    
   677.82305371960490        0.00000000    
   678.15679229849195        0.00000000    
   678.49053087737900        0.00000000    
   678.82426945626605        0.00000000    
   679.15800803515310        0.00000000    
   679.49174661404015        0.00000000    
   679.82548519292720        0.00000000    
   680.15922377181425        0.00000000    
   680.49296235070130        0.00000000    
   680.82670092958836        0.00000000    
   681.16043950847541        0.00000000    
   681.49417808736246        0.00000000    
   681.82791666624951        0.00000000    
   682.16165524513656        0.00000000    
   682.49539382402361        0.00000000    
   682.82913240291066        0.00000000    
   683.16287098179771        0.00000000    
   683.49660956068476        0.00000000    
   683.83034813957181        0.00000000    
   684.16408671845886        0.00000000    
   684.49782529734591        0.00000000    
   684.83156387623296        0.00000000    
   685.16530245512001        0.00000000    
   685.49904103400706        0.00000000    
   685.83277961289411        0.00000000    
   686.16651819178117        0.00000000    
   686.50025677066822        0.00000000    
   686.83399534955527        0.00000000    
   687.16773392844232        0.00000000    
   687.50147250732937        0.00000000    
   687.83521108621642        0.00000000    
   688.16894966510347        0.00000000    
   688.50268824399052        0.00000000    
   688.83642682287757        0.00000000    
   689.17016540176462        0.00000000    
   689.50390398065167        0.00000000    
   689.83764255953872        0.00000000    
   690.17138113842577        0.00000000    
   690.50511971731282        0.00000000    
   690.83885829619987        0.00000000    
   691.17259687508692        0.00000000    
   691.50633545397397        0.00000000    
   691.84007403286103        0.00000000    
   692.17381261174808        0.00000000    
   692.50755119063513        0.00000000    
   692.84128976952218        0.00000000    
   693.17502834840923        0.00000000    
   693.50876692729628        0.00000000    
   693.84250550618333        0.00000000    
   694.17624408507038        0.00000000    
   694.50998266395743        0.00000000    
   694.84372124284448        0.00000000    
   695.17745982173153        0.00000000    
   695.51119840061858        0.00000000    
   695.84493697950563        0.00000000    
   696.17867555839268        0.00000000    
   696.51241413727973        0.00000000    
   696.84615271616678        0.00000000    
   697.17989129505384        0.00000000    
   697.51362987394089        0.00000000    
   697.84736845282794        0.00000000    
   698.18110703171499        0.00000000    
   698.51484561060204        0.00000000    
   698.84858418948909        0.00000000    
   699.18232276837614        0.00000000    
   699.51606134726319        0.00000000    
   699.84979992615024        0.00000000    
   700.18353850503729        0.00000000    
   700.51727708392434        0.00000000    
   700.85101566281139        0.00000000    
   701.18475424169844        0.00000000    
   701.51849282058549        0.00000000    
   701.85223139947254        0.00000000    
   702.18596997835959        0.00000000    
   702.51970855724664        0.00000000    
   702.85344713613370        0.00000000    
   703.18718571502075        0.00000000    
   703.52092429390780        0.00000000    
   703.85466287279485        0.00000000    
   704.18840145168190        0.00000000    
   704.52214003056895        0.00000000    
   704.85587860945600        0.00000000    
   705.18961718834305        0.00000000    
   705.52335576723010        0.00000000    
   705.85709434611715        0.00000000    
   706.19083292500420        0.00000000    
   706.52457150389125        0.00000000    
   706.85831008277830        0.00000000    
   707.19204866166535        0.00000000    
   707.52578724055240        0.00000000    
   707.85952581943945        0.00000000    
   708.19326439832651        0.00000000    
   708.52700297721356        0.00000000    
   708.86074155610061        0.00000000    
   709.19448013498766        0.00000000    
   709.52821871387471        0.00000000    
   709.86195729276176        0.00000000    
   710.19569587164881        0.00000000    
   710.52943445053586        0.00000000    
   710.86317302942291        0.00000000    
   711.19691160830996        0.00000000    
   711.53065018719701        0.00000000    
   711.86438876608406        0.00000000    
   712.19812734497111        0.00000000    
   712.53186592385816        0.00000000    
   712.86560450274521        0.00000000    
   713.19934308163226        0.00000000    
   713.53308166051931        0.00000000    
   713.86682023940637        0.00000000    
   714.20055881829342        0.00000000    
   714.53429739718047        0.00000000    
   714.86803597606752        0.00000000    
   715.20177455495457        0.00000000    
   715.53551313384162        0.00000000    
   715.86925171272867        0.00000000    
   716.20299029161572        0.00000000    
   716.53672887050277        0.00000000    
   716.87046744938982        0.00000000    
   717.20420602827687        0.00000000    
   717.53794460716392        0.00000000    
   717.87168318605097        0.00000000    
   718.20542176493802        0.00000000    
   718.53916034382507        0.00000000    
   718.87289892271212        0.00000000    
   719.20663750159918        0.00000000    
   719.54037608048623        0.00000000    
   719.87411465937328        0.00000000    
   720.20785323826033        0.00000000    
   720.54159181714738        0.00000000    
   720.87533039603443        0.00000000    
   721.20906897492148        0.00000000    
   721.54280755380853        0.00000000    
   721.87654613269558        0.00000000    
   722.21028471158263        0.00000000    
   722.54402329046968        0.00000000    
   722.87776186935673        0.00000000    
   723.21150044824378        0.00000000    
   723.54523902713083        0.00000000    
   723.87897760601788        0.00000000    
   724.21271618490493        0.00000000    
   724.54645476379198        0.00000000    
   724.88019334267904        0.00000000    
   725.21393192156609        0.00000000    
   725.54767050045314        0.00000000    
   725.88140907934019        0.00000000    
   726.21514765822724        0.00000000    
   726.54888623711429        0.00000000    
   726.88262481600134        0.00000000    
   727.21636339488839        0.00000000    
   727.55010197377544        0.00000000    
   727.88384055266249        0.00000000    
   728.21757913154954        0.00000000    
   728.55131771043659        0.00000000    
   728.88505628932364        0.00000000    
   729.21879486821069        0.00000000    
   729.55253344709774        0.00000000    
   729.88627202598479        0.00000000    
   730.22001060487185        0.00000000    
   730.55374918375890        0.00000000    
   730.88748776264595        0.00000000    
   731.22122634153300        0.00000000    
   731.55496492042005        0.00000000    
   731.88870349930710        0.00000000    
   732.22244207819415        0.00000000    
   732.55618065708120        0.00000000    
   732.88991923596825        0.00000000    
   733.22365781485530        0.00000000    
   733.55739639374235        0.00000000    
   733.89113497262940        0.00000000    
   734.22487355151645        0.00000000    
   734.55861213040350        0.00000000    
   734.89235070929055        0.00000000    
   735.22608928817760        0.00000000    
   735.55982786706466        0.00000000    
   735.89356644595171        0.00000000    
   736.22730502483876        0.00000000    
   736.56104360372581        0.00000000    
   736.89478218261286        0.00000000    
   737.22852076149991        0.00000000    
   737.56225934038696        0.00000000    
   737.89599791927401        0.00000000    
   738.22973649816106        0.00000000    
