  -7.8094826E+01   0.0000000E+00
  -7.7761087E+01   0.0000000E+00
  -7.7427349E+01   0.0000000E+00
  -7.7093610E+01   0.0000000E+00
  -7.6759871E+01   0.0000000E+00
  -7.6426133E+01   0.0000000E+00
  -7.6092394E+01   0.0000000E+00
  -7.5758656E+01   0.0000000E+00
  -7.5424917E+01   0.0000000E+00
  -7.5091178E+01   0.0000000E+00
  -7.4757440E+01   0.0000000E+00
  -7.4423701E+01   0.0000000E+00
  -7.4089963E+01   0.0000000E+00
  -7.3756224E+01   0.0000000E+00
  -7.3422485E+01   0.0000000E+00
  -7.3088747E+01   0.0000000E+00
  -7.2755008E+01   0.0000000E+00
  -7.2421270E+01   0.0000000E+00
  -7.2087531E+01   0.0000000E+00
  -7.1753792E+01   0.0000000E+00
  -7.1420054E+01   0.0000000E+00
  -7.1086315E+01   0.0000000E+00
  -7.0752577E+01   0.0000000E+00
  -7.0418838E+01   0.0000000E+00
  -7.0085099E+01   0.0000000E+00
  -6.9751361E+01   0.0000000E+00
  -6.9417622E+01   0.0000000E+00
  -6.9083884E+01   0.0000000E+00
  -6.8750145E+01   0.0000000E+00
  -6.8416406E+01   0.0000000E+00
  -6.8082668E+01   0.0000000E+00
  -6.7748929E+01   0.0000000E+00
  -6.7415191E+01   0.0000000E+00
  -6.7081452E+01   0.0000000E+00
  -6.6747714E+01   0.0000000E+00
  -6.6413975E+01   0.0000000E+00
  -6.6080236E+01   0.0000000E+00
  -6.5746498E+01   0.0000000E+00
  -6.5412759E+01   0.0000000E+00
  -6.5079021E+01   0.0000000E+00
  -6.4745282E+01   0.0000000E+00
  -6.4411543E+01   0.0000000E+00
  -6.4077805E+01   0.0000000E+00
  -6.3744066E+01   0.0000000E+00
  -6.3410328E+01   0.0000000E+00
  -6.3076589E+01   0.0000000E+00
  -6.2742850E+01   0.0000000E+00
  -6.2409112E+01   0.0000000E+00
  -6.2075373E+01   0.0000000E+00
  -6.1741635E+01   0.0000000E+00
  -6.1407896E+01   0.0000000E+00
  -6.1074157E+01   0.0000000E+00
  -6.0740419E+01   0.0000000E+00
  -6.0406680E+01   0.0000000E+00
  -6.0072942E+01   0.0000000E+00
  -5.9739203E+01   0.0000000E+00
  -5.9405464E+01   0.0000000E+00
  -5.9071726E+01   0.0000000E+00
  -5.8737987E+01   0.0000000E+00
  -5.8404249E+01   0.0000000E+00
  -5.8070510E+01   0.0000000E+00
  -5.7736771E+01   0.0000000E+00
  -5.7403033E+01   0.0000000E+00
  -5.7069294E+01   0.0000000E+00
  -5.6735556E+01   0.0000000E+00
  -5.6401817E+01   0.0000000E+00
  -5.6068078E+01   0.0000000E+00
  -5.5734340E+01   0.0000000E+00
  -5.5400601E+01   0.0000000E+00
  -5.5066863E+01   0.0000000E+00
  -5.4733124E+01   0.0000000E+00
  -5.4399385E+01   0.0000000E+00
  -5.4065647E+01   0.0000000E+00
  -5.3731908E+01   0.0000000E+00
  -5.3398170E+01   0.0000000E+00
  -5.3064431E+01   0.0000000E+00
  -5.2730693E+01   0.0000000E+00
  -5.2396954E+01   0.0000000E+00
  -5.2063215E+01   0.0000000E+00
  -5.1729477E+01   0.0000000E+00
  -5.1395738E+01   0.0000000E+00
  -5.1062000E+01   0.0000000E+00
  -5.0728261E+01   0.0000000E+00
  -5.0394522E+01   0.0000000E+00
  -5.0060784E+01   0.0000000E+00
  -4.9727045E+01   0.0000000E+00
  -4.9393307E+01   0.0000000E+00
  -4.9059568E+01   0.0000000E+00
  -4.8725829E+01   0.0000000E+00
  -4.8392091E+01   0.0000000E+00
  -4.8058352E+01   0.0000000E+00
  -4.7724614E+01   0.0000000E+00
  -4.7390875E+01   0.0000000E+00
  -4.7057136E+01   0.0000000E+00
  -4.6723398E+01   0.0000000E+00
  -4.6389659E+01   0.0000000E+00
  -4.6055921E+01   0.0000000E+00
  -4.5722182E+01   0.0000000E+00
  -4.5388443E+01   0.0000000E+00
  -4.5054705E+01   0.0000000E+00
  -4.4720966E+01   0.0000000E+00
  -4.4387228E+01   0.0000000E+00
  -4.4053489E+01   0.0000000E+00
  -4.3719750E+01   0.0000000E+00
  -4.3386012E+01   0.0000000E+00
  -4.3052273E+01   0.0000000E+00
  -4.2718535E+01   0.0000000E+00
  -4.2384796E+01   0.0000000E+00
  -4.2051057E+01   0.0000000E+00
  -4.1717319E+01   0.0000000E+00
  -4.1383580E+01   0.0000000E+00
  -4.1049842E+01   0.0000000E+00
  -4.0716103E+01   0.0000000E+00
  -4.0382364E+01   0.0000000E+00
  -4.0048626E+01   0.0000000E+00
  -3.9714887E+01   0.0000000E+00
  -3.9381149E+01   0.0000000E+00
  -3.9047410E+01   0.0000000E+00
  -3.8713672E+01   0.0000000E+00
  -3.8379933E+01   0.0000000E+00
  -3.8046194E+01   0.0000000E+00
  -3.7712456E+01   0.0000000E+00
  -3.7378717E+01   0.0000000E+00
  -3.7044979E+01   0.0000000E+00
  -3.6711240E+01   0.0000000E+00
  -3.6377501E+01   0.0000000E+00
  -3.6043763E+01   0.0000000E+00
  -3.5710024E+01   0.0000000E+00
  -3.5376286E+01   0.0000000E+00
  -3.5042547E+01   0.0000000E+00
  -3.4708808E+01   0.0000000E+00
  -3.4375070E+01   0.0000000E+00
  -3.4041331E+01   0.0000000E+00
  -3.3707593E+01   0.0000000E+00
  -3.3373854E+01   0.0000000E+00
  -3.3040115E+01   0.0000000E+00
  -3.2706377E+01   0.0000000E+00
  -3.2372638E+01   0.0000000E+00
  -3.2038900E+01   0.0000000E+00
  -3.1705161E+01   0.0000000E+00
  -3.1371422E+01   0.0000000E+00
  -3.1037684E+01   0.0000000E+00
  -3.0703945E+01   0.0000000E+00
  -3.0370207E+01   0.0000000E+00
  -3.0036468E+01   0.0000000E+00
  -2.9702729E+01   0.0000000E+00
  -2.9368991E+01   0.0000000E+00
  -2.9035252E+01   0.0000000E+00
  -2.8701514E+01   0.0000000E+00
  -2.8367775E+01   0.0000000E+00
  -2.8034036E+01   0.0000000E+00
  -2.7700298E+01   0.0000000E+00
  -2.7366559E+01   0.0000000E+00
  -2.7032821E+01   0.0000000E+00
  -2.6699082E+01   0.0000000E+00
  -2.6365343E+01   0.0000000E+00
  -2.6031605E+01   0.0000000E+00
  -2.5697866E+01   0.0000000E+00
  -2.5364128E+01   0.0000000E+00
  -2.5030389E+01   0.0000000E+00
  -2.4696651E+01   0.0000000E+00
  -2.4362912E+01   0.0000000E+00
  -2.4029173E+01   0.0000000E+00
  -2.3695435E+01   0.0000000E+00
  -2.3361696E+01   0.0000000E+00
  -2.3027958E+01   0.0000000E+00
  -2.2694219E+01   0.0000000E+00
  -2.2360480E+01   0.0000000E+00
  -2.2026742E+01   0.0000000E+00
  -2.1693003E+01   0.0000000E+00
  -2.1359265E+01   0.0000000E+00
  -2.1025526E+01   0.0000000E+00
  -2.0691787E+01   0.0000000E+00
  -2.0358049E+01   0.0000000E+00
  -2.0024310E+01   0.0000000E+00
  -1.9690572E+01   0.0000000E+00
  -1.9356833E+01   0.0000000E+00
  -1.9023094E+01   0.0000000E+00
  -1.8689356E+01   0.0000000E+00
  -1.8355617E+01   0.0000000E+00
  -1.8021879E+01   0.0000000E+00
  -1.7688140E+01   0.0000000E+00
  -1.7354401E+01   0.0000000E+00
  -1.7020663E+01   0.0000000E+00
  -1.6686924E+01   0.0000000E+00
  -1.6353186E+01   0.0000000E+00
  -1.6019447E+01   0.0000000E+00
  -1.5685708E+01   0.0000000E+00
  -1.5351970E+01   0.0000000E+00
  -1.5018231E+01   0.0000000E+00
  -1.4684493E+01   0.0000000E+00
  -1.4350754E+01   0.0000000E+00
  -1.4017015E+01   0.0000000E+00
  -1.3683277E+01   0.0000000E+00
  -1.3349538E+01   0.0000000E+00
  -1.3015800E+01   0.0000000E+00
  -1.2682061E+01   0.0000000E+00
  -1.2348322E+01   0.0000000E+00
  -1.2014584E+01   0.0000000E+00
  -1.1680845E+01   0.0000000E+00
  -1.1347107E+01   0.0000000E+00
  -1.1013368E+01   0.0000000E+00
  -1.0679630E+01   0.0000000E+00
  -1.0345891E+01   0.0000000E+00
  -1.0012152E+01   0.0000000E+00
  -9.6784137E+00   0.0000000E+00
  -9.3446751E+00   0.0000000E+00
  -9.0109365E+00   0.0000000E+00
  -8.6771979E+00   0.0000000E+00
  -8.3434593E+00   0.0000000E+00
  -8.0097207E+00   0.0000000E+00
  -7.6759821E+00   0.0000000E+00
  -7.3422436E+00   0.0000000E+00
  -7.0085050E+00   0.0000000E+00
  -6.6747664E+00   0.0000000E+00
  -6.3410278E+00   0.0000000E+00
  -6.0072892E+00   0.0000000E+00
  -5.6735506E+00   0.0000000E+00
  -5.3398120E+00   0.0000000E+00
  -5.0060734E+00   0.0000000E+00
  -4.6723348E+00   0.0000000E+00
  -4.3385962E+00   0.0000000E+00
  -4.0048576E+00   0.0000000E+00
  -3.6711190E+00   0.0000000E+00
  -3.3373804E+00   0.0000000E+00
  -3.0036418E+00   0.0000000E+00
  -2.6699032E+00   0.0000000E+00
  -2.3361646E+00   0.0000000E+00
  -2.0024260E+00   0.0000000E+00
  -1.6686874E+00   0.0000000E+00
  -1.3349488E+00   0.0000000E+00
  -1.0012102E+00   0.0000000E+00
  -6.6747165E-01   0.0000000E+00
  -3.3373305E-01   0.0000000E+00
   5.5432320E-06   0.0000000E+00
   3.3374414E-01   0.0000000E+00
   6.6748273E-01   0.0000000E+00
   1.0012213E+00   0.0000000E+00
   1.3349599E+00   0.0000000E+00
   1.6686985E+00   0.0000000E+00
   2.0024371E+00   0.0000000E+00
   2.3361757E+00   0.0000000E+00
   2.6699143E+00   0.0000000E+00
   3.0036529E+00   0.0000000E+00
   3.3373915E+00   0.0000000E+00
   3.6711301E+00   0.0000000E+00
   4.0048687E+00   0.0000000E+00
   4.3386073E+00   0.0000000E+00
   4.6723459E+00   0.0000000E+00
   5.0060845E+00   0.0000000E+00
   5.3398231E+00   0.0000000E+00
   5.6735617E+00   0.0000000E+00
   6.0073003E+00   0.0000000E+00
   6.3410389E+00   0.0000000E+00
   6.6747774E+00   0.0000000E+00
   7.0085160E+00   0.0000000E+00
   7.3422546E+00   0.0000000E+00
   7.6759932E+00   0.0000000E+00
   8.0097318E+00   0.0000000E+00
   8.3434704E+00   0.0000000E+00
   8.6772090E+00   0.0000000E+00
   9.0109476E+00   0.0000000E+00
   9.3446862E+00   0.0000000E+00
   9.6784248E+00   0.0000000E+00
   1.0012163E+01   0.0000000E+00
   1.0345902E+01   0.0000000E+00
   1.0679641E+01   0.0000000E+00
   1.1013379E+01   0.0000000E+00
   1.1347118E+01   0.0000000E+00
   1.1680856E+01   0.0000000E+00
   1.2014595E+01   0.0000000E+00
   1.2348334E+01   0.0000000E+00
   1.2682072E+01   0.0000000E+00
   1.3015811E+01   0.0000000E+00
   1.3349549E+01   0.0000000E+00
   1.3683288E+01   0.0000000E+00
   1.4017027E+01   0.0000000E+00
   1.4350765E+01   0.0000000E+00
   1.4684504E+01   0.0000000E+00
   1.5018242E+01   0.0000000E+00
   1.5351981E+01   0.0000000E+00
   1.5685720E+01   0.0000000E+00
   1.6019458E+01   0.0000000E+00
   1.6353197E+01   0.0000000E+00
   1.6686935E+01   0.0000000E+00
   1.7020674E+01   0.0000000E+00
   1.7354412E+01   0.0000000E+00
   1.7688151E+01   0.0000000E+00
   1.8021890E+01   0.0000000E+00
   1.8355628E+01   0.0000000E+00
   1.8689367E+01   0.0000000E+00
   1.9023105E+01   0.0000000E+00
   1.9356844E+01   0.0000000E+00
   1.9690583E+01   0.0000000E+00
   2.0024321E+01   0.0000000E+00
   2.0358060E+01   0.0000000E+00
   2.0691798E+01   0.0000000E+00
   2.1025537E+01   0.0000000E+00
   2.1359276E+01   0.0000000E+00
   2.1693014E+01   0.0000000E+00
   2.2026753E+01   0.0000000E+00
   2.2360491E+01   0.0000000E+00
   2.2694230E+01   0.0000000E+00
   2.3027969E+01   0.0000000E+00
   2.3361707E+01   0.0000000E+00
   2.3695446E+01   0.0000000E+00
   2.4029184E+01   0.0000000E+00
   2.4362923E+01   0.0000000E+00
   2.4696662E+01   0.0000000E+00
   2.5030400E+01   0.0000000E+00
   2.5364139E+01   0.0000000E+00
   2.5697877E+01   0.0000000E+00
   2.6031616E+01   0.0000000E+00
   2.6365355E+01   0.0000000E+00
   2.6699093E+01   0.0000000E+00
   2.7032832E+01   0.0000000E+00
   2.7366570E+01   0.0000000E+00
   2.7700309E+01   0.0000000E+00
   2.8034048E+01   0.0000000E+00
   2.8367786E+01   0.0000000E+00
   2.8701525E+01   0.0000000E+00
   2.9035263E+01   0.0000000E+00
   2.9369002E+01   0.0000000E+00
   2.9702741E+01   0.0000000E+00
   3.0036479E+01   0.0000000E+00
   3.0370218E+01   0.0000000E+00
   3.0703956E+01   0.0000000E+00
   3.1037695E+01   0.0000000E+00
   3.1371433E+01   0.0000000E+00
   3.1705172E+01   0.0000000E+00
   3.2038911E+01   0.0000000E+00
   3.2372649E+01   0.0000000E+00
   3.2706388E+01   0.0000000E+00
   3.3040126E+01   0.0000000E+00
   3.3373865E+01   0.0000000E+00
   3.3707604E+01   0.0000000E+00
   3.4041342E+01   0.0000000E+00
   3.4375081E+01   0.0000000E+00
   3.4708819E+01   0.0000000E+00
   3.5042558E+01   0.0000000E+00
   3.5376297E+01   0.0000000E+00
   3.5710035E+01   0.0000000E+00
   3.6043774E+01   0.0000000E+00
   3.6377512E+01   0.0000000E+00
   3.6711251E+01   0.0000000E+00
   3.7044990E+01   0.0000000E+00
   3.7378728E+01   0.0000000E+00
   3.7712467E+01   0.0000000E+00
   3.8046205E+01   0.0000000E+00
   3.8379944E+01   0.0000000E+00
   3.8713683E+01   0.0000000E+00
   3.9047421E+01   0.0000000E+00
   3.9381160E+01   0.0000000E+00
   3.9714898E+01   0.0000000E+00
   4.0048637E+01   0.0000000E+00
   4.0382376E+01   0.0000000E+00
   4.0716114E+01   0.0000000E+00
   4.1049853E+01   0.0000000E+00
   4.1383591E+01   0.0000000E+00
   4.1717330E+01   0.0000000E+00
   4.2051069E+01   0.0000000E+00
   4.2384807E+01   0.0000000E+00
   4.2718546E+01   0.0000000E+00
   4.3052284E+01   0.0000000E+00
   4.3386023E+01   0.0000000E+00
   4.3719762E+01   0.0000000E+00
   4.4053500E+01   0.0000000E+00
   4.4387239E+01   0.0000000E+00
   4.4720977E+01   0.0000000E+00
   4.5054716E+01   0.0000000E+00
   4.5388454E+01   0.0000000E+00
   4.5722193E+01   0.0000000E+00
   4.6055932E+01   0.0000000E+00
   4.6389670E+01   0.0000000E+00
   4.6723409E+01   0.0000000E+00
   4.7057147E+01   0.0000000E+00
   4.7390886E+01   0.0000000E+00
   4.7724625E+01   0.0000000E+00
   4.8058363E+01   0.0000000E+00
   4.8392102E+01   0.0000000E+00
   4.8725840E+01   0.0000000E+00
   4.9059579E+01   0.0000000E+00
   4.9393318E+01   0.0000000E+00
   4.9727056E+01   0.0000000E+00
   5.0060795E+01   0.0000000E+00
   5.0394533E+01   0.0000000E+00
   5.0728272E+01   0.0000000E+00
   5.1062011E+01   0.0000000E+00
   5.1395749E+01   0.0000000E+00
   5.1729488E+01   0.0000000E+00
   5.2063226E+01   0.0000000E+00
   5.2396965E+01   0.0000000E+00
   5.2730704E+01   0.0000000E+00
   5.3064442E+01   0.0000000E+00
   5.3398181E+01   0.0000000E+00
   5.3731919E+01   0.0000000E+00
   5.4065658E+01   0.0000000E+00
   5.4399397E+01   0.0000000E+00
   5.4733135E+01   0.0000000E+00
   5.5066874E+01   0.0000000E+00
   5.5400612E+01   0.0000000E+00
   5.5734351E+01   0.0000000E+00
   5.6068090E+01   0.0000000E+00
   5.6401828E+01   0.0000000E+00
   5.6735567E+01   0.0000000E+00
   5.7069305E+01   0.0000000E+00
   5.7403044E+01   0.0000000E+00
   5.7736783E+01   0.0000000E+00
   5.8070521E+01   0.0000000E+00
   5.8404260E+01   0.0000000E+00
   5.8737998E+01   0.0000000E+00
   5.9071737E+01   0.0000000E+00
   5.9405475E+01   0.0000000E+00
   5.9739214E+01   0.0000000E+00
   6.0072953E+01   0.0000000E+00
   6.0406691E+01   0.0000000E+00
   6.0740430E+01   0.0000000E+00
   6.1074168E+01   0.0000000E+00
   6.1407907E+01   0.0000000E+00
   6.1741646E+01   0.0000000E+00
   6.2075384E+01   0.0000000E+00
   6.2409123E+01   0.0000000E+00
   6.2742861E+01   0.0000000E+00
   6.3076600E+01   0.0000000E+00
   6.3410339E+01   0.0000000E+00
   6.3744077E+01   0.0000000E+00
   6.4077816E+01   0.0000000E+00
   6.4411554E+01   0.0000000E+00
   6.4745293E+01   0.0000000E+00
   6.5079032E+01   0.0000000E+00
   6.5412770E+01   0.0000000E+00
   6.5746509E+01   0.0000000E+00
   6.6080247E+01   0.0000000E+00
   6.6413986E+01   0.0000000E+00
   6.6747725E+01   0.0000000E+00
   6.7081463E+01   0.0000000E+00
   6.7415202E+01   0.0000000E+00
   6.7748940E+01   0.0000000E+00
   6.8082679E+01   0.0000000E+00
   6.8416418E+01   0.0000000E+00
   6.8750156E+01   0.0000000E+00
   6.9083895E+01   0.0000000E+00
   6.9417633E+01   0.0000000E+00
   6.9751372E+01   0.0000000E+00
   7.0085111E+01   0.0000000E+00
   7.0418849E+01   0.0000000E+00
   7.0752588E+01   0.0000000E+00
   7.1086326E+01   0.0000000E+00
   7.1420065E+01   0.0000000E+00
   7.1753804E+01   0.0000000E+00
   7.2087542E+01   0.0000000E+00
   7.2421281E+01   0.0000000E+00
   7.2755019E+01   0.0000000E+00
   7.3088758E+01   0.0000000E+00
   7.3422496E+01   0.0000000E+00
   7.3756235E+01   0.0000000E+00
   7.4089974E+01   0.0000000E+00
   7.4423712E+01   0.0000000E+00
   7.4757451E+01   0.0000000E+00
   7.5091189E+01   0.0000000E+00
   7.5424928E+01   0.0000000E+00
   7.5758667E+01   0.0000000E+00
   7.6092405E+01   0.0000000E+00
   7.6426144E+01   0.0000000E+00
   7.6759882E+01   0.0000000E+00
   7.7093621E+01   0.0000000E+00
   7.7427360E+01   0.0000000E+00
   7.7761098E+01   0.0000000E+00
   7.8094837E+01   0.0000000E+00
   7.8428575E+01   0.0000000E+00
   7.8762314E+01   0.0000000E+00
   7.9096053E+01   0.0000000E+00
   7.9429791E+01   0.0000000E+00
   7.9763530E+01   0.0000000E+00
   8.0097268E+01   0.0000000E+00
   8.0431007E+01   0.0000000E+00
   8.0764746E+01   0.0000000E+00
   8.1098484E+01   0.0000000E+00
   8.1432223E+01   0.0000000E+00
   8.1765961E+01   0.0000000E+00
   8.2099700E+01   0.0000000E+00
   8.2433439E+01   0.0000000E+00
   8.2767177E+01   0.0000000E+00
   8.3100916E+01   0.0000000E+00
   8.3434654E+01   0.0000000E+00
   8.3768393E+01   0.0000000E+00
   8.4102132E+01   0.0000000E+00
   8.4435870E+01   0.0000000E+00
   8.4769609E+01   0.0000000E+00
   8.5103347E+01   0.0000000E+00
   8.5437086E+01   0.0000000E+00
   8.5770825E+01   0.0000000E+00
   8.6104563E+01   0.0000000E+00
   8.6438302E+01   0.0000000E+00
   8.6772040E+01   0.0000000E+00
   8.7105779E+01   0.0000000E+00
   8.7439517E+01   0.0000000E+00
   8.7773256E+01   0.0000000E+00
   8.8106995E+01   0.0000000E+00
   8.8440733E+01   0.0000000E+00
   8.8774472E+01   0.0000000E+00
   8.9108210E+01   0.0000000E+00
   8.9441949E+01   0.0000000E+00
   8.9775688E+01   0.0000000E+00
   9.0109426E+01   0.0000000E+00
   9.0443165E+01   0.0000000E+00
   9.0776903E+01   0.0000000E+00
   9.1110642E+01   0.0000000E+00
   9.1444381E+01   0.0000000E+00
   9.1778119E+01   0.0000000E+00
   9.2111858E+01   0.0000000E+00
   9.2445596E+01   0.0000000E+00
   9.2779335E+01   0.0000000E+00
   9.3113074E+01   0.0000000E+00
   9.3446812E+01   0.0000000E+00
   9.3780551E+01   0.0000000E+00
   9.4114289E+01   0.0000000E+00
   9.4448028E+01   0.0000000E+00
   9.4781767E+01   0.0000000E+00
   9.5115505E+01   0.0000000E+00
   9.5449244E+01   0.0000000E+00
   9.5782982E+01   0.0000000E+00
   9.6116721E+01   0.0000000E+00
   9.6450460E+01   0.0000000E+00
   9.6784198E+01   0.0000000E+00
   9.7117937E+01   0.0000000E+00
   9.7451675E+01   0.0000000E+00
   9.7785414E+01   0.0000000E+00
   9.8119153E+01   0.0000000E+00
   9.8452891E+01   0.0000000E+00
   9.8786630E+01   0.0000000E+00
   9.9120368E+01   0.0000000E+00
   9.9454107E+01   0.0000000E+00
   9.9787846E+01   0.0000000E+00
   1.0012158E+02   0.0000000E+00
   1.0045532E+02   0.0000000E+00
   1.0078906E+02   0.0000000E+00
   1.0112280E+02   0.0000000E+00
   1.0145654E+02   0.0000000E+00
   1.0179028E+02   0.0000000E+00
   1.0212402E+02   0.0000000E+00
   1.0245775E+02   0.0000000E+00
   1.0279149E+02   0.0000000E+00
   1.0312523E+02   0.0000000E+00
   1.0345897E+02   0.0000000E+00
   1.0379271E+02   0.0000000E+00
   1.0412645E+02   0.0000000E+00
   1.0446019E+02   0.0000000E+00
   1.0479392E+02   0.0000000E+00
   1.0512766E+02   0.0000000E+00
   1.0546140E+02   0.0000000E+00
   1.0579514E+02   0.0000000E+00
   1.0612888E+02   0.0000000E+00
   1.0646262E+02   0.0000000E+00
   1.0679636E+02   0.0000000E+00
   1.0713009E+02   0.0000000E+00
   1.0746383E+02   0.0000000E+00
   1.0779757E+02   0.0000000E+00
   1.0813131E+02   0.0000000E+00
   1.0846505E+02   0.0000000E+00
   1.0879879E+02   0.0000000E+00
   1.0913253E+02   0.0000000E+00
   1.0946626E+02   0.0000000E+00
   1.0980000E+02   0.0000000E+00
   1.1013374E+02   0.0000000E+00
   1.1046748E+02   0.0000000E+00
   1.1080122E+02   0.0000000E+00
   1.1113496E+02   0.0000000E+00
   1.1146870E+02   0.0000000E+00
   1.1180243E+02   0.0000000E+00
   1.1213617E+02   0.0000000E+00
   1.1246991E+02   0.0000000E+00
   1.1280365E+02   0.0000000E+00
   1.1313739E+02   0.0000000E+00
   1.1347113E+02   0.0000000E+00
   1.1380487E+02   0.0000000E+00
   1.1413861E+02   0.0000000E+00
   1.1447234E+02   0.0000000E+00
   1.1480608E+02   0.0000000E+00
   1.1513982E+02   0.0000000E+00
   1.1547356E+02   0.0000000E+00
   1.1580730E+02   0.0000000E+00
   1.1614104E+02   0.0000000E+00
   1.1647478E+02   0.0000000E+00
   1.1680851E+02   0.0000000E+00
   1.1714225E+02   0.0000000E+00
   1.1747599E+02   0.0000000E+00
   1.1780973E+02   0.0000000E+00
   1.1814347E+02   0.0000000E+00
   1.1847721E+02   0.0000000E+00
   1.1881095E+02   0.0000000E+00
   1.1914468E+02   0.0000000E+00
   1.1947842E+02   0.0000000E+00
   1.1981216E+02   0.0000000E+00
   1.2014590E+02   0.0000000E+00
   1.2047964E+02   0.0000000E+00
   1.2081338E+02   0.0000000E+00
   1.2114712E+02   0.0000000E+00
   1.2148085E+02   0.0000000E+00
   1.2181459E+02   0.0000000E+00
   1.2214833E+02   0.0000000E+00
   1.2248207E+02   0.0000000E+00
   1.2281581E+02   0.0000000E+00
   1.2314955E+02   0.0000000E+00
   1.2348329E+02   0.0000000E+00
   1.2381702E+02   0.0000000E+00
   1.2415076E+02   0.0000000E+00
   1.2448450E+02   0.0000000E+00
   1.2481824E+02   0.0000000E+00
   1.2515198E+02   0.0000000E+00
   1.2548572E+02   0.0000000E+00
   1.2581946E+02   0.0000000E+00
   1.2615319E+02   0.0000000E+00
   1.2648693E+02   0.0000000E+00
   1.2682067E+02   0.0000000E+00
   1.2715441E+02   0.0000000E+00
   1.2748815E+02   0.0000000E+00
   1.2782189E+02   0.0000000E+00
   1.2815563E+02   0.0000000E+00
   1.2848936E+02   0.0000000E+00
   1.2882310E+02   0.0000000E+00
   1.2915684E+02   0.0000000E+00
   1.2949058E+02   0.0000000E+00
   1.2982432E+02   0.0000000E+00
   1.3015806E+02   0.0000000E+00
   1.3049180E+02   0.0000000E+00
   1.3082553E+02   0.0000000E+00
   1.3115927E+02   0.0000000E+00
   1.3149301E+02   0.0000000E+00
   1.3182675E+02   0.0000000E+00
   1.3216049E+02   0.0000000E+00
   1.3249423E+02   0.0000000E+00
   1.3282797E+02   0.0000000E+00
   1.3316171E+02   0.0000000E+00
   1.3349544E+02   0.0000000E+00
   1.3382918E+02   0.0000000E+00
   1.3416292E+02   0.0000000E+00
   1.3449666E+02   0.0000000E+00
   1.3483040E+02   0.0000000E+00
   1.3516414E+02   0.0000000E+00
   1.3549788E+02   0.0000000E+00
   1.3583161E+02   0.0000000E+00
   1.3616535E+02   0.0000000E+00
   1.3649909E+02   0.0000000E+00
   1.3683283E+02   0.0000000E+00
   1.3716657E+02   0.0000000E+00
   1.3750031E+02   0.0000000E+00
   1.3783405E+02   0.0000000E+00
   1.3816778E+02   0.0000000E+00
   1.3850152E+02   0.0000000E+00
   1.3883526E+02   0.0000000E+00
   1.3916900E+02   0.0000000E+00
   1.3950274E+02   0.0000000E+00
   1.3983648E+02   0.0000000E+00
   1.4017022E+02   0.0000000E+00
   1.4050395E+02   0.0000000E+00
   1.4083769E+02   0.0000000E+00
   1.4117143E+02   0.0000000E+00
   1.4150517E+02   0.0000000E+00
   1.4183891E+02   0.0000000E+00
   1.4217265E+02   0.0000000E+00
   1.4250639E+02   0.0000000E+00
   1.4284012E+02   0.0000000E+00
   1.4317386E+02   0.0000000E+00
   1.4350760E+02   0.0000000E+00
   1.4384134E+02   0.0000000E+00
   1.4417508E+02   0.0000000E+00
   1.4450882E+02   0.0000000E+00
   1.4484256E+02   1.4012985E-45
   1.4517629E+02   1.4012985E-45
   1.4551003E+02   4.2038954E-45
   1.4584377E+02   4.2038954E-45
   1.4617751E+02   5.6051939E-45
   1.4651125E+02   7.0064923E-45
   1.4684499E+02   4.2038954E-45
   1.4717873E+02   4.2038954E-45
   1.4751246E+02  -1.4012985E-45
   1.4784620E+02  -4.2038954E-45
   1.4817994E+02  -1.1210388E-44
   1.4851368E+02  -1.5414283E-44
   1.4884742E+02  -2.1019477E-44
   1.4918116E+02  -2.2420775E-44
   1.4951490E+02  -2.1019477E-44
   1.4984863E+02  -1.6815582E-44
   1.5018237E+02  -7.0064923E-45
   1.5051611E+02   5.6051939E-45
   1.5084985E+02   1.6815582E-44
   1.5118359E+02   3.0828566E-44
   1.5151733E+02   4.4841551E-44
   1.5185107E+02   5.6051939E-44
   1.5218480E+02   5.7453237E-44
   1.5251854E+02   5.1848043E-44
   1.5285228E+02   3.9236357E-44
   1.5318602E+02   1.6815582E-44
   1.5351976E+02  -7.0064923E-45
   1.5385350E+02  -4.2038954E-44
   1.5418724E+02  -7.4268819E-44
   1.5452098E+02  -1.0089349E-43
   1.5485471E+02  -1.2191297E-43
   1.5518845E+02  -1.2611686E-43
   1.5552219E+02  -1.1210388E-43
   1.5585593E+02  -7.9874012E-44
   1.5618967E+02  -3.0828566E-44
   1.5652341E+02   3.3631163E-44
   1.5685715E+02   1.0509738E-43
   1.5719088E+02   1.6955711E-43
   1.5752462E+02   2.1860256E-43
   1.5785836E+02   2.4662853E-43
   1.5819210E+02   2.3261555E-43
   1.5852584E+02   1.8216880E-43
   1.5885958E+02   9.1084400E-44
   1.5919332E+02  -3.5032462E-44
   1.5952705E+02  -1.8216880E-43
   1.5986079E+02  -3.3210774E-43
   1.6019453E+02  -4.5962590E-43
   1.6052827E+02  -5.4230251E-43
   1.6086201E+02  -5.5491419E-43
   1.6119575E+02  -4.8484927E-43
   1.6152949E+02  -3.1949605E-43
   1.6186322E+02  -7.2867520E-44
   1.6219696E+02   2.3681944E-43
   1.6253070E+02   5.7172977E-43
   1.6286444E+02   8.8702193E-43
   1.6319818E+02   1.1322492E-42
   1.6353192E+02   1.2485569E-42
   1.6386566E+02   1.1995115E-42
   1.6419939E+02   9.5848815E-43
   1.6453313E+02   5.2688822E-43
   1.6486687E+02  -6.8663625E-44
   1.6520061E+02  -7.6370766E-43
   1.6553435E+02  -1.4727647E-42
   1.6586809E+02  -2.0907373E-42
   1.6620183E+02  -2.4971139E-42
   1.6653556E+02  -2.5966061E-42
   1.6686930E+02  -2.3121425E-42
   1.6720304E+02  -1.6114932E-42
   1.6753678E+02  -5.2268433E-43
   1.6787052E+02   8.5479206E-43
   1.6820426E+02   2.3723983E-42
   1.6853800E+02   3.8213409E-42
   1.6887173E+02   4.9648005E-42
   1.6920547E+02   5.5799705E-42
   1.6953921E+02   5.4678666E-42
   1.6987295E+02   4.5135824E-42
   1.7020669E+02   2.6960982E-42
   1.7054043E+02   1.4433374E-43
   1.7087417E+02  -2.8978852E-42
   1.7120790E+02  -6.0578133E-42
   1.7154164E+02  -8.8800284E-42
   1.7187538E+02  -1.0876879E-41
   1.7220912E+02  -1.1597146E-41
   1.7254286E+02  -1.0700315E-41
   1.7287660E+02  -8.0252363E-42
   1.7321034E+02  -3.6531851E-42
   1.7354408E+02   2.0613100E-42
   1.7387781E+02   8.5002765E-42
   1.7421155E+02   1.4832744E-41
   1.7454529E+02   2.0090416E-41
   1.7487903E+02   2.3297988E-41
   1.7521277E+02   2.3610478E-41
   1.7554651E+02   2.0470168E-41
   1.7588025E+02   1.3732725E-41
   1.7621398E+02   3.7680916E-42
   1.7654772E+02  -8.5016778E-42
   1.7688146E+02  -2.1664074E-41
   1.7721520E+02  -3.3928238E-41
   1.7754894E+02  -4.3312734E-41
   1.7788268E+02  -4.7924407E-41
   1.7821642E+02  -4.6263869E-41
   1.7855015E+02  -3.7494543E-41
   1.7888389E+02  -2.1679489E-41
   1.7921763E+02   5.7453237E-44
   1.7955137E+02   2.5537263E-41
   1.7988511E+02   5.1646256E-41
   1.8021885E+02   7.4656978E-41
   1.8055259E+02   9.0668215E-41
   1.8088632E+02   9.6138884E-41
   1.8122006E+02   8.8484992E-41
   1.8155380E+02   6.6605117E-41
   1.8188754E+02   3.1289593E-41
   1.8222128E+02  -1.4565096E-41
   1.8255502E+02  -6.6029184E-41
   1.8288876E+02  -1.1655440E-40
   1.8322249E+02  -1.5861858E-40
   1.8355623E+02  -1.8467993E-40
   1.8388997E+02  -1.8827426E-40
   1.8422371E+02  -1.6513602E-40
   1.8455745E+02  -1.1414977E-40
   1.8489119E+02  -3.8091496E-41
   1.8522493E+02   5.6204680E-41
   1.8555866E+02   1.5810991E-40
   1.8589240E+02   2.5414369E-40
   1.8622614E+02   3.2945508E-40
   1.8655988E+02   3.6973260E-40
   1.8689362E+02   3.6336650E-40
   1.8722736E+02   3.0355067E-40
   1.8756110E+02   1.9007212E-40
   1.8789483E+02   3.0395565E-41
   1.8822857E+02  -1.6014459E-40
   1.8856231E+02  -3.5925369E-40
   1.8889605E+02  -5.3974514E-40
   1.8922979E+02  -6.7264288E-40
   1.8956353E+02  -7.3103499E-40
   1.8989727E+02  -6.9424950E-40
   1.9023100E+02  -5.5184955E-40
   1.9056474E+02  -3.0679048E-40
   1.9089848E+02   2.2825751E-41
   1.9123222E+02   4.0382899E-40
   1.9156596E+02   7.9026928E-40
   1.9189970E+02   1.1278491E-39
   1.9223344E+02   1.3603133E-39
   1.9256718E+02   1.4370904E-39
   1.9290091E+02   1.3214679E-39
   1.9323465E+02   9.9803700E-40
   1.9356839E+02   4.7841170E-40
   1.9390213E+02  -1.9596458E-40
   1.9423587E+02  -9.5480133E-40
   1.9456961E+02  -1.7041583E-39
   1.9490335E+02  -2.3358650E-39
   1.9523708E+02  -2.7404886E-39
   1.9557082E+02  -2.8226257E-39
   1.9590456E+02  -2.5167601E-39
   1.9623830E+02  -1.8014925E-39
   1.9657204E+02  -7.0991602E-40
   1.9690578E+02   6.6596850E-40
   1.9723952E+02   2.1784460E-39
   1.9757325E+02   3.6356815E-39
   1.9790699E+02   4.8214518E-39
   1.9824073E+02   5.5216709E-39
   1.9857447E+02   5.5550204E-39
   1.9890821E+02   4.8041486E-39
   1.9924195E+02   3.2430545E-39
   1.9957569E+02   9.5622085E-40
   1.9990942E+02  -1.8546634E-39
   2.0024316E+02  -4.8793633E-39
   2.0057690E+02  -7.7246017E-39
   2.0091064E+02  -9.9556553E-39
   2.0124438E+02  -1.1150852E-38
   2.0157812E+02  -1.0963588E-38
   2.0191186E+02  -9.1842923E-39
   2.0224559E+02  -5.7936068E-39
   2.0257933E+02  -9.9771890E-40
   2.0291307E+02   4.7621223E-39
   2.0324681E+02   1.0831898E-38
   2.0358055E+02   1.6401047E-38
   2.0391429E+02   2.0590692E-38
   2.0424803E+02   2.2566757E-38
   2.0458176E+02   2.1666384E-38
   2.0491550E+02   1.7521828E-38
   2.0524924E+02   1.0163913E-38
   2.0558298E+02   8.6731967E-41
   2.0591672E+02  -1.1742434E-38
   2.0625046E+02  -2.3938886E-38
   2.0658420E+02  -3.4825462E-38
   2.0691793E+02  -4.2621081E-38
   2.0725167E+02  -4.5676988E-38
   2.0758541E+02  -4.2735206E-38
   2.0791915E+02  -3.3176442E-38
   2.0825289E+02  -1.7219827E-38
   2.0858663E+02   3.9624180E-39
   2.0892037E+02   2.8246612E-38
   2.0925410E+02   5.2695918E-38
   2.0958784E+02   7.3839332E-38
   2.0992158E+02   8.8075941E-38
   2.1025532E+02   9.2168590E-38
   2.1058906E+02   8.3771489E-38
   2.1092280E+02   6.1922056E-38
   2.1125654E+02   2.7419911E-38
   2.1159027E+02  -1.6981148E-38
   2.1192401E+02  -6.6628726E-38
   2.1225775E+02  -1.1531006E-37
   2.1259149E+02  -1.5587387E-37
   2.1292523E+02  -1.8109545E-37
   2.1325897E+02  -1.8470291E-37
   2.1359271E+02  -1.6244461E-37
   2.1392645E+02  -1.1305111E-37
   2.1426018E+02  -3.8934360E-38
   2.1459392E+02   5.3522998E-38
   2.1492766E+02   1.5420023E-37
   2.1526140E+02   2.5005057E-37
   2.1559514E+02   3.2647602E-37
   2.1592888E+02   3.6916291E-37
   2.1626262E+02   3.6619319E-37
   2.1659635E+02   3.1017349E-37
   2.1693009E+02   2.0007681E-37
   2.1726383E+02   4.2482056E-38
   2.1759757E+02  -1.4807276E-37
   2.1793131E+02  -3.4982566E-37
   2.1826505E+02  -5.3569430E-37
   2.1859879E+02  -6.7627372E-37
   2.1893252E+02  -7.4368004E-37
   2.1926626E+02  -7.1582783E-37
   2.1960000E+02  -5.8059827E-37
   2.1993374E+02  -3.3927297E-37
   2.2026748E+02  -8.6156762E-39
   2.2060122E+02   3.7893079E-37
   2.2093496E+02   7.7727851E-37
   2.2126869E+02   1.1310402E-36
   2.2160243E+02   1.3819499E-36
   2.2193617E+02   1.4767741E-36
   2.2226991E+02   1.3758242E-36
   2.2260365E+02   1.0609362E-36
   2.2293739E+02   5.4167410E-37
   2.2327113E+02  -1.4143061E-37
   2.2360486E+02  -9.1757158E-37
   2.2393860E+02  -1.6908396E-36
   2.2427234E+02  -2.3498750E-36
   2.2460608E+02  -2.7813367E-36
   2.2493982E+02  -2.8858851E-36
   2.2527356E+02  -2.5947743E-36
   2.2560730E+02  -1.8847650E-36
   2.2594103E+02  -7.8892413E-37
   2.2627477E+02   5.9891362E-37
   2.2660851E+02   2.1277081E-36
   2.2694225E+02   3.6015873E-36
   2.2727599E+02   4.8006930E-36
   2.2760973E+02   5.5088491E-36
   2.2794347E+02   5.5451973E-36
   2.2827720E+02   4.7958577E-36
   2.2861094E+02   3.2410820E-36
   2.2894468E+02   9.7324837E-37
   2.2927842E+02  -1.7983553E-36
   2.2961216E+02  -4.7587669E-36
   2.2994590E+02  -7.5155544E-36
   2.3027964E+02  -9.6426410E-36
   2.3061337E+02  -1.0735947E-35
   2.3094711E+02  -1.0474722E-35
   2.3128085E+02  -8.6806886E-36
   2.3161459E+02  -5.3661367E-36
   2.3194833E+02  -7.6232932E-37
   2.3228207E+02   4.6789446E-36
   2.3261581E+02   1.0315142E-35
   2.3294955E+02   1.5374704E-35
   2.3328328E+02   1.9046927E-35
   2.3361702E+02   2.0591519E-35
   2.3395076E+02   1.9455202E-35
   2.3428450E+02   1.5379821E-35
   2.3461824E+02   8.4851550E-36
   2.3495198E+02  -6.8933589E-37
   2.3528572E+02  -1.1196108E-35
   2.3561945E+02  -2.1751157E-35
   2.3595319E+02  -3.0864602E-35
   2.3628693E+02  -3.7020783E-35
   2.3662067E+02  -3.8889712E-35
   2.3695441E+02  -3.5544682E-35
   2.3728815E+02  -2.6655878E-35
   2.3762189E+02  -1.2628747E-35
   2.3795562E+02   5.3408483E-36
   2.3828936E+02   2.5315402E-35
   2.3862310E+02   4.4777194E-35
   2.3895684E+02   6.0896623E-35
   2.3929058E+02   7.0885547E-35
   2.3962432E+02   7.2398261E-35
   2.3995806E+02   6.3930649E-35
   2.4029179E+02   4.5160338E-35
   2.4062553E+02   1.7171100E-35
   2.4095927E+02  -1.7487837E-35
   2.4129301E+02  -5.4940792E-35
   2.4162675E+02  -9.0332884E-35
   2.4196049E+02  -1.1836754E-34
   2.4229423E+02  -1.3398721E-34
   2.4262796E+02  -1.3312182E-34
   2.4296170E+02  -1.1341024E-34
   2.4329544E+02  -7.4788297E-35
   2.4362918E+02  -1.9841535E-35
   2.4396292E+02   4.6162943E-35
   2.4429666E+02   1.1561641E-34
   2.4463040E+02   1.7928833E-34
   2.4496413E+02   2.2738067E-34
   2.4529787E+02   2.5081780E-34
   2.4563161E+02   2.4262603E-34
   2.4596535E+02   1.9922276E-34
   2.4629909E+02   1.2142054E-34
   2.4663283E+02   1.4964399E-35
   2.4696657E+02  -1.0954118E-34
   2.4730030E+02  -2.3739526E-34
   2.4763404E+02  -3.5124754E-34
   2.4796778E+02  -4.3312692E-34
   2.4830152E+02  -4.6685474E-34
   2.4863526E+02  -4.4056142E-34
   2.4896900E+02  -3.4897174E-34
   2.4930274E+02  -1.9510786E-34
   2.4963647E+02   8.9116247E-36
   2.4997021E+02   2.4221872E-34
   2.5030395E+02   4.7680540E-34
   2.5063769E+02   6.8035648E-34
   2.5097143E+02   8.2009015E-34
   2.5130517E+02   8.6721976E-34
   2.5163891E+02   8.0151009E-34
   2.5197264E+02   6.1531656E-34
   2.5230638E+02   3.1647015E-34
   2.5264012E+02  -7.0547799E-35
   2.5297386E+02  -5.0555229E-34
   2.5330760E+02  -9.3589077E-34
   2.5364134E+02  -1.3018571E-33
   2.5397508E+02  -1.5438463E-33
   2.5430882E+02  -1.6105224E-33
   2.5464255E+02  -1.4670225E-33
   2.5497629E+02  -1.1020869E-33
   2.5531003E+02  -5.3298640E-34
   2.5564377E+02   1.9273268E-34
   2.5597751E+02   9.9937159E-34
   2.5631125E+02   1.7893272E-33
   2.5664499E+02   2.4531935E-33
   2.5697872E+02   2.8828883E-33
   2.5731246E+02   2.9864536E-33
   2.5764620E+02   2.7027526E-33
   2.5797994E+02   2.0140777E-33
   2.5831368E+02   9.5466672E-34
   2.5864742E+02  -3.8657932E-34
   2.5898116E+02  -1.8703461E-33
   2.5931489E+02  -3.3185150E-33
   2.5964863E+02  -4.5325784E-33
   2.5998237E+02  -5.3173388E-33
   2.6031611E+02  -5.5074294E-33
   2.6064985E+02  -4.9935000E-33
   2.6098359E+02  -3.7445380E-33
   2.6131733E+02  -1.8227935E-33
   2.6165106E+02   6.1164644E-34
   2.6198480E+02   3.3086621E-33
   2.6231854E+02   5.9489157E-33
   2.6265228E+02   8.1766476E-33
   2.6298602E+02   9.6417118E-33
   2.6331976E+02   1.0046537E-32
   2.6365350E+02   9.1924319E-33
   2.6398723E+02   7.0190406E-33
   2.6432097E+02   3.6308434E-33
   2.6465471E+02  -6.9450116E-34
   2.6498845E+02  -5.5194845E-33
   2.6532219E+02  -1.0282793E-32
   2.6565593E+02  -1.4356336E-32
   2.6598967E+02  -1.7118469E-32
   2.6632340E+02  -1.8035983E-32
   2.6665714E+02  -1.6745152E-32
   2.6699088E+02  -1.3121209E-32
   2.6732462E+02  -7.3256345E-33
   2.6765836E+02   1.7775973E-34
   2.6799210E+02   8.6440109E-33
   2.6832584E+02   1.7107457E-32
   2.6865957E+02   2.4478530E-32
   2.6899331E+02   2.9668919E-32
   2.6932705E+02   3.1732391E-32
   2.6966079E+02   3.0004943E-32
   2.6999453E+02   2.4225966E-32
   2.7032827E+02   1.4622468E-32
   2.7066201E+02   1.9407015E-33
   2.7099574E+02  -1.2585248E-32
   2.7132948E+02  -2.7331731E-32
   2.7166322E+02  -4.0446060E-32
   2.7199696E+02  -5.0056211E-32
   2.7233070E+02  -5.4508508E-32
   2.7266444E+02  -5.2606182E-32
   2.7299818E+02  -4.3817974E-32
   2.7333192E+02  -2.8426260E-32
   2.7366565E+02  -7.5886212E-33
   2.7399939E+02   1.6705729E-32
   2.7433313E+02   4.1791304E-32
   2.7466687E+02   6.4586791E-32
   2.7500061E+02   8.1939503E-32
   2.7533435E+02   9.1019256E-32
   2.7566809E+02   8.9717126E-32
   2.7600182E+02   7.6997795E-32
   2.7633556E+02   5.3155520E-32
   2.7666930E+02   1.9929155E-32
   2.7700304E+02  -1.9554478E-32
   2.7733678E+02  -6.1021493E-32
   2.7767052E+02  -9.9465771E-32
   2.7800426E+02  -1.2970473E-31
   2.7833799E+02  -1.4702004E-31
   2.7867173E+02  -1.4781079E-31
   2.7900547E+02  -1.3017648E-31
   2.7933921E+02  -9.4346746E-32
   2.7967295E+02  -4.2885719E-32
   2.8000669E+02   1.9380422E-32
   2.8034043E+02   8.5734275E-32
   2.8067416E+02   1.4822107E-31
   2.8100790E+02   1.9853317E-31
   2.8134164E+02   2.2903565E-31
   2.8167538E+02   2.3381626E-31
   2.8200912E+02   2.0962737E-31
   2.8234286E+02   1.5658480E-31
   2.8267660E+02   7.8508782E-32
   2.8301033E+02  -1.7177922E-32
   2.8334407E+02  -1.2002819E-31
   2.8367781E+02  -2.1760201E-31
   2.8401155E+02  -2.9686628E-31
   2.8434529E+02  -3.4581967E-31
   2.8467903E+02  -3.5515721E-31
   2.8501277E+02  -3.1975915E-31
   2.8534650E+02  -2.3979394E-31
   2.8568024E+02  -1.2124678E-31
   2.8601398E+02   2.4255103E-32
   2.8634772E+02   1.8037479E-31
   2.8668146E+02   3.2771459E-31
   2.8701520E+02   4.4604260E-31
   2.8734894E+02   5.1686769E-31
   2.8768267E+02   5.2606099E-31
   2.8801641E+02   4.6618366E-31
   2.8835015E+02   3.3818382E-31
   2.8868389E+02   1.5216751E-31
   2.8901763E+02  -7.2958326E-32
   2.8935137E+02  -3.1104775E-31
   2.8968511E+02  -5.3140959E-31
   2.9001884E+02  -7.0240094E-31
   2.9035258E+02  -7.9554524E-31
   2.9068632E+02  -7.8968685E-31
   2.9102006E+02  -6.7463784E-31
   2.9135380E+02  -4.5377270E-31
   2.9168754E+02  -1.4511219E-31
   2.9202128E+02   2.1941900E-31
   2.9235501E+02   5.9667120E-31
   2.9268875E+02   9.3674740E-31
   2.9302249E+02   1.1888933E-30
   2.9335623E+02   1.3081821E-30
   2.9368997E+02   1.2621958E-30
   2.9402371E+02   1.0368267E-30
   2.9435745E+02   6.4032318E-31
   2.9469119E+02   1.0484939E-31
   2.9502492E+02  -5.1493630E-31
   2.9535866E+02  -1.1464399E-30
   2.9569240E+02  -1.7065923E-30
   2.9602614E+02  -2.1115614E-30
   2.9635988E+02  -2.2877057E-30
   2.9669362E+02  -2.1824822E-30
   2.9702736E+02  -1.7738627E-30
   2.9736109E+02  -1.0768716E-30
   2.9769483E+02  -1.4605310E-31
   2.9802857E+02   9.2691397E-31
   2.9836231E+02   2.0207041E-30
   2.9869605E+02   2.9965422E-30
   2.9902979E+02   3.7140634E-30
   2.9936353E+02   4.0492079E-30
   2.9969726E+02   3.9120584E-30
   3.0003100E+02   3.2623248E-30
   3.0036474E+02   2.1202224E-30
   3.0069848E+02   5.7082532E-31
   3.0103222E+02  -1.2393722E-30
   3.0136596E+02  -3.1141050E-30
   3.0169970E+02  -4.8266129E-30
   3.0203343E+02  -6.1449029E-30
   3.0236717E+02  -6.8604115E-30
   3.0270091E+02  -6.8168193E-30
   3.0303465E+02  -5.9353369E-30
   3.0336839E+02  -4.2328908E-30
   3.0370213E+02  -1.8301759E-30
   3.0403587E+02   1.0525267E-30
   3.0436960E+02   4.1124736E-30
   3.0470334E+02   6.9937107E-30
   3.0503708E+02   9.3259780E-30
   3.0537082E+02   1.0769329E-29
   3.0570456E+02   1.1059432E-29
   3.0603830E+02   1.0047902E-29
   3.0637204E+02   7.7320761E-30
   3.0670577E+02   4.2694993E-30
   3.0703951E+02  -2.6231768E-32
   3.0737325E+02  -4.7095141E-30
   3.0770699E+02  -9.2455463E-30
   3.0804073E+02  -1.3068337E-29
   3.0837447E+02  -1.5648005E-29
   3.0870821E+02  -1.6559827E-29
   3.0904194E+02  -1.5546507E-29
   3.0937568E+02  -1.2565226E-29
   3.0970942E+02  -7.8121707E-30
   3.1004316E+02  -1.7194311E-30
   3.1037690E+02   5.0778918E-30
   3.1071064E+02   1.1802816E-29
   3.1104438E+02   1.7620778E-29
   3.1137811E+02   2.1738510E-29
   3.1171185E+02   2.3506372E-29
   3.1204559E+02   2.2511626E-29
   3.1237933E+02   1.8650060E-29
   3.1271307E+02   1.2165212E-29
   3.1304681E+02   3.6473938E-30
   3.1338055E+02  -6.0107431E-30
   3.1371429E+02  -1.5700241E-29
   3.1404802E+02  -2.4216142E-29
   3.1438176E+02  -3.0399850E-29
   3.1471550E+02  -3.3287520E-29
   3.1504924E+02  -3.2246305E-29
   3.1538298E+02  -2.7080450E-29
   3.1571672E+02  -1.8091322E-29
   3.1605046E+02  -6.0802240E-30
   3.1638419E+02   7.7109480E-30
   3.1671793E+02   2.1718965E-29
   3.1705167E+02   3.4227844E-29
   3.1738541E+02   4.3569955E-29
   3.1771915E+02   4.8336538E-29
   3.1805289E+02   4.7572374E-29
   3.1838663E+02   4.0928665E-29
   3.1872036E+02   2.8752133E-29
   3.1905410E+02   1.2094009E-29
   3.1938784E+02  -7.3677834E-30
   3.1972158E+02  -2.7490182E-29
   3.2005532E+02  -4.5896006E-29
   3.2038906E+02  -6.0250383E-29
   3.2072280E+02  -6.8551153E-29
   3.2105653E+02  -6.9397876E-29
   3.2139027E+02  -6.2203914E-29
   3.2172401E+02  -4.7321050E-29
   3.2205775E+02  -2.6054937E-29
   3.2239149E+02  -5.6226321E-31
   3.2272523E+02   2.6365536E-29
   3.2305897E+02   5.1611847E-29
   3.2339270E+02   7.2104446E-29
   3.2372644E+02   8.5201744E-29
   3.2406018E+02   8.9047604E-29
   3.2439392E+02   8.2846603E-29
   3.2472766E+02   6.7019497E-29
   3.2506140E+02   4.3210983E-29
   3.2539514E+02   1.4138456E-29
   3.2572887E+02  -1.6707322E-29
   3.2606261E+02  -4.5482232E-29
   3.2639635E+02  -6.8480074E-29
   3.2673009E+02  -8.2635792E-29
   3.2706383E+02  -8.5974698E-29
   3.2739757E+02  -7.7942553E-29
   3.2773131E+02  -5.9564138E-29
   3.2806504E+02  -3.3395697E-29
   3.2839878E+02  -3.2616346E-30
   3.2873252E+02   2.6205840E-29
   3.2906626E+02   5.0177818E-29
   3.2940000E+02   6.4319608E-29
   3.2973374E+02   6.5473138E-29
   3.3006748E+02   5.2238087E-29
   3.3040121E+02   2.5360044E-29
   3.3073495E+02  -1.2144698E-29
   3.3106869E+02  -5.5171537E-29
   3.3140243E+02  -9.7024691E-29
   3.3173617E+02  -1.3019440E-28
   3.3206991E+02  -1.4733778E-28
   3.3240365E+02  -1.4235692E-28
   3.3273739E+02  -1.1143679E-28
   3.3307112E+02  -5.3903469E-29
   3.3340486E+02   2.7231686E-29
   3.3373860E+02   1.2515006E-28
   3.3407234E+02   2.2958862E-28
   3.3440608E+02   3.2769871E-28
   3.3473982E+02   4.0534431E-28
   3.3507356E+02   4.4872935E-28
   3.3540729E+02   4.4618448E-28
   3.3574103E+02   3.8990981E-28
   3.3607477E+02   2.7745163E-28
   3.3640851E+02   1.1270713E-28
   3.3674225E+02  -9.3719699E-29
   3.3707599E+02  -3.2492123E-28
   3.3740973E+02  -5.5887656E-28
   3.3774346E+02  -7.7037525E-28
   3.3807720E+02  -9.3350922E-28
   3.3841094E+02  -1.0245093E-27
   3.3874468E+02  -1.0246180E-27
   3.3907842E+02  -9.2267798E-28
   3.3941216E+02  -7.1710875E-28
   3.3974590E+02  -4.1699619E-28
   3.4007963E+02  -4.2095917E-29
   3.4041337E+02   3.7833574E-28
   3.4074711E+02   8.0783652E-28
   3.4108085E+02   1.2059911E-27
   3.4141459E+02   1.5323332E-27
   3.4174833E+02   1.7505093E-27
   3.4208207E+02   1.8322523E-27
   3.4241580E+02   1.7607142E-27
   3.4274954E+02   1.5327461E-27
   3.4308328E+02   1.1598226E-27
   3.4341702E+02   6.6745596E-28
   3.4375076E+02   9.3085202E-29
   3.4408450E+02  -5.1734581E-28
   3.4441824E+02  -1.1137968E-27
   3.4475197E+02  -1.6470318E-27
   3.4508571E+02  -2.0734541E-27
   3.4541945E+02  -2.3593156E-27
   3.4575319E+02  -2.4837863E-27
   3.4608693E+02  -2.4405132E-27
   3.4642067E+02  -2.2374751E-27
   3.4675441E+02  -1.8951567E-27
   3.4708814E+02  -1.4432994E-27
   3.4742188E+02  -9.1668738E-28
   3.4775562E+02  -3.5056615E-28
   3.4808936E+02   2.2361267E-28
   3.4842310E+02   7.8147193E-28
   3.4875684E+02   1.3074594E-27
   3.4909058E+02   1.7947446E-27
   3.4942431E+02   2.2431888E-27
   3.4975805E+02   2.6556509E-27
   3.5009179E+02   3.0331540E-27
   3.5042553E+02   3.3697596E-27
   3.5075927E+02   3.6480510E-27
   3.5109301E+02   3.8362810E-27
   3.5142675E+02   3.8879915E-27
   3.5176048E+02   3.7447770E-27
   3.5209422E+02   3.3423713E-27
   3.5242796E+02   2.6197863E-27
   3.5276170E+02   1.5307488E-27
   3.5309544E+02   5.6131999E-29
   3.5342918E+02  -1.7842368E-27
   3.5376292E+02  -3.9222858E-27
   3.5409666E+02  -6.2366977E-27
   3.5443039E+02  -8.5538491E-27
   3.5476413E+02  -1.0655663E-26
   3.5509787E+02  -1.2294748E-26
   3.5543161E+02  -1.3216230E-26
   3.5576535E+02  -1.3184768E-26
   3.5609909E+02  -1.2014413E-26
   3.5643283E+02  -9.5981523E-27
   3.5676656E+02  -5.9336731E-27
   3.5710030E+02  -1.1417421E-27
   3.5743404E+02   4.5259284E-27
   3.5776778E+02   1.0691864E-26
   3.5810152E+02   1.6872129E-26
   3.5843526E+02   2.2509622E-26
   3.5876900E+02   2.7019494E-26
   3.5910273E+02   2.9843304E-26
   3.5943647E+02   3.0507186E-26
   3.5977021E+02   2.8678311E-26
   3.6010395E+02   2.4213525E-26
   3.6043769E+02   1.7194357E-26
   3.6077143E+02   7.9434256E-27
   3.6110517E+02  -2.9813103E-27
   3.6143890E+02  -1.4815726E-26
   3.6177264E+02  -2.6641259E-26
   3.6210638E+02  -3.7455874E-26
   3.6244012E+02  -4.6258588E-26
   3.6277386E+02  -5.2140304E-26
   3.6310760E+02  -5.4372300E-26
   3.6344134E+02  -5.2483767E-26
   3.6377507E+02  -4.6320100E-26
   3.6410881E+02  -3.6075444E-26
   3.6444255E+02  -2.2295123E-26
   3.6477629E+02  -5.8463190E-27
   3.6511003E+02   1.2141007E-26
   3.6544377E+02   3.0358954E-26
   3.6577751E+02   4.7424404E-26
   3.6611124E+02   6.1990872E-26
   3.6644498E+02   7.2859021E-26
   3.6677872E+02   7.9076120E-26
   3.6711246E+02   8.0015000E-26
   3.6744620E+02   7.5425506E-26
   3.6777994E+02   6.5454815E-26
   3.6811368E+02   5.0634809E-26
   3.6844741E+02   3.1838907E-26
   3.6878115E+02   1.0213721E-26
   3.6911489E+02  -1.2907827E-26
   3.6944863E+02  -3.6102740E-26
   3.6978237E+02  -5.7954874E-26
   3.7011611E+02  -7.7143799E-26
   3.7044985E+02  -9.2519548E-26
   3.7078358E+02  -1.0315773E-25
   3.7111732E+02  -1.0839380E-25
   3.7145106E+02  -1.0783725E-25
   3.7178480E+02  -1.0136747E-25
   3.7211854E+02  -8.9118159E-26
   3.7245228E+02  -7.1453073E-26
   3.7278602E+02  -4.8941578E-26
   3.7311976E+02  -2.2336362E-26
   3.7345349E+02   7.4421015E-27
   3.7378723E+02   3.9314547E-26
   3.7412097E+02   7.2045076E-26
   3.7445471E+02   1.0424141E-25
   3.7478845E+02   1.3435772E-25
   3.7512219E+02   1.6070685E-25
   3.7545593E+02   1.8148910E-25
   3.7578966E+02   1.9484283E-25
   3.7612340E+02   1.9892336E-25
   3.7645714E+02   1.9201349E-25
   3.7679088E+02   1.7266215E-25
   3.7712462E+02   1.3985195E-25
   3.7745836E+02   9.3183430E-26
   3.7779210E+02   3.3067524E-26
   3.7812583E+02  -3.9095077E-26
   3.7845957E+02  -1.2076228E-25
   3.7879331E+02  -2.0815695E-25
   3.7912705E+02  -2.9624996E-25
   3.7946079E+02  -3.7885013E-25
   3.7979453E+02  -4.4881871E-25
   3.8012827E+02  -4.9842569E-25
   3.8046200E+02  -5.1985263E-25
   3.8079574E+02  -5.0583369E-25
   3.8112948E+02  -4.5040871E-25
   3.8146322E+02  -3.4974626E-25
   3.8179696E+02  -2.0297396E-25
   3.8213070E+02  -1.2932290E-26
   3.8246444E+02   2.1323862E-25
   3.8279817E+02   4.6377991E-25
   3.8313191E+02   7.2236136E-25
   3.8346565E+02   9.6857466E-25
   3.8379939E+02   1.1789282E-24
   3.8413313E+02   1.3283556E-24
   3.8446687E+02   1.3922015E-24
   3.8480061E+02   1.3485942E-24
   3.8513434E+02   1.1810388E-24
   3.8546808E+02   8.8103684E-25
   3.8580182E+02   4.5045836E-25
   3.8613556E+02  -9.6601145E-26
   3.8646930E+02  -7.3277368E-25
   3.8680304E+02  -1.4174357E-24
   3.8713678E+02  -2.0979955E-24
   3.8747051E+02  -2.7125613E-24
   3.8780425E+02  -3.1939943E-24
   3.8813799E+02  -3.4752080E-24
   3.8847173E+02  -3.4954391E-24
   3.8880547E+02  -3.2070548E-24
   3.8913921E+02  -2.5823695E-24
   3.8947295E+02  -1.6197947E-24
   3.8980668E+02  -3.4863668E-25
   3.9014042E+02   1.1681649E-24
   3.9047416E+02   2.8339844E-24
   3.9080790E+02   4.5216434E-24
   3.9114164E+02   6.0800042E-24
   3.9147538E+02   7.3440252E-24
   3.9180912E+02   8.1479550E-24
   3.9214285E+02   8.3409522E-24
   3.9247659E+02   7.8040921E-24
   3.9281033E+02   6.4673081E-24
   3.9314407E+02   4.3246420E-24
   3.9347781E+02   1.4459103E-24
   3.9381155E+02  -2.0169974E-24
   3.9414529E+02  -5.8308851E-24
   3.9447903E+02  -9.6902822E-24
   3.9481276E+02  -1.3235403E-23
   3.9514650E+02  -1.6078820E-23
   3.9548024E+02  -1.7839673E-23
   3.9581398E+02  -1.8183219E-23
   3.9614772E+02  -1.6862511E-23
   3.9648146E+02  -1.3758086E-23
   3.9681520E+02  -8.9110398E-24
   3.9714893E+02  -2.5446973E-24
   3.9748267E+02   4.9295508E-24
   3.9781641E+02   1.2925679E-23
   3.9815015E+02   2.0717654E-23
   3.9848389E+02   2.7494996E-23
   3.9881763E+02   3.2436682E-23
   3.9915137E+02   3.4798084E-23
   3.9948510E+02   3.4003269E-23
   3.9981884E+02   2.9733007E-23
   4.0015258E+02   2.1997487E-23
   4.0048632E+02   1.1182951E-23
   4.0082006E+02  -1.9375197E-24
   4.0115380E+02  -1.6236098E-23
   4.0148754E+02  -3.0308342E-23
   4.0182127E+02  -4.2595239E-23
   4.0215501E+02  -5.1541937E-23
   4.0248875E+02  -5.5779364E-23
   4.0282249E+02  -5.4311117E-23
   4.0315623E+02  -4.6683129E-23
   4.0348997E+02  -3.3113074E-23
   4.0382371E+02  -1.4557216E-23
   4.0415744E+02   7.3034652E-24
   4.0449118E+02   3.0168742E-23
   4.0482492E+02   5.1317674E-23
   4.0515866E+02   6.7889982E-23
   4.0549240E+02   7.7228056E-23
   4.0582614E+02   7.7245916E-23
   4.0615988E+02   6.6782535E-23
   4.0649361E+02   4.5891690E-23
   4.0682735E+02   1.6020762E-23
   4.0716109E+02  -1.9962905E-23
   4.0749483E+02  -5.7926713E-23
   4.0782857E+02  -9.2818744E-23
   4.0816231E+02  -1.1919176E-22
   4.0849605E+02  -1.3186694E-22
   4.0882978E+02  -1.2667382E-22
   4.0916352E+02  -1.0118245E-22
   4.0949726E+02  -5.5329846E-23
   4.0983100E+02   8.1598762E-24
   4.1016474E+02   8.3652868E-23
   4.1049848E+02   1.6284778E-22
   4.1083222E+02   2.3541417E-22
   4.1116595E+02   2.9001182E-22
   4.1149969E+02   3.1562115E-22
   4.1183343E+02   3.0306537E-22
   4.1216717E+02   2.4655425E-22
   4.1250091E+02   1.4505261E-22
   4.1283465E+02   3.2617190E-24
   4.1316839E+02  -1.6798027E-22
   4.1350213E+02  -3.5203068E-22
   4.1383586E+02  -5.2758785E-22
   4.1416960E+02  -6.7063825E-22
   4.1450334E+02  -7.5708453E-22
   4.1483708E+02  -7.6582788E-22
   4.1517082E+02  -6.8197780E-22
   4.1550456E+02  -4.9979632E-22
   4.1583830E+02  -2.2495062E-22
   4.1617203E+02   1.2432892E-22
   4.1650577E+02   5.1751073E-22
   4.1683951E+02   9.1363714E-22
   4.1717325E+02   1.2648321E-21
   4.1750699E+02   1.5212443E-21
   4.1784073E+02   1.6370171E-21
   4.1817447E+02   1.5766830E-21
   4.1850820E+02   1.3212175E-21
   4.1884194E+02   8.7292919E-22
   4.1917568E+02   2.5837338E-22
   4.1950942E+02  -4.7139399E-22
   4.1984316E+02  -1.2436573E-21
   4.2017690E+02  -1.9700869E-21
   4.2051064E+02  -2.5556941E-21
   4.2084437E+02  -2.9099782E-21
   4.2117811E+02  -2.9591407E-21
   4.2151185E+02  -2.6579373E-21
   4.2184559E+02  -1.9995557E-21
   4.2217933E+02  -1.0219146E-21
   4.2251307E+02   1.9099249E-22
   4.2284681E+02   1.5136503E-21
   4.2318054E+02   2.7897664E-21
   4.2351428E+02   3.8487187E-21
   4.2384802E+02   4.5263784E-21
   4.2418176E+02   4.6881552E-21
   4.2451550E+02   4.2514902E-21
   4.2484924E+02   3.2046229E-21
   4.2518298E+02   1.6184590E-21
   4.2551671E+02  -3.5118179E-22
   4.2585045E+02  -2.4728112E-21
   4.2618419E+02  -4.4605618E-21
   4.2651793E+02  -6.0065175E-21
   4.2685167E+02  -6.8213465E-21
   4.2718541E+02  -6.6788954E-21
   4.2751915E+02  -5.4591089E-21
   4.2785288E+02  -3.1829183E-21
   4.2818662E+02  -3.2822268E-23
   4.2852036E+02   3.6462194E-21
   4.2885410E+02   7.3690177E-21
   4.2918784E+02   1.0556400E-20
   4.2952158E+02   1.2602947E-20
   4.2985532E+02   1.2960477E-20
   4.3018905E+02   1.1228112E-20
   4.3052279E+02   7.2374572E-21
   4.3085653E+02   1.1200971E-21
   4.3119027E+02  -6.6551285E-21
   4.3152401E+02  -1.5285359E-20
   4.3185775E+02  -2.3684047E-20
   4.3219149E+02  -3.0579381E-20
   4.3252522E+02  -3.4655527E-20
   4.3285896E+02  -3.4724629E-20
   4.3319270E+02  -2.9911378E-20
   4.3352644E+02  -1.9827521E-20
   4.3386018E+02  -4.7113986E-21
   4.3419392E+02   1.4491532E-20
   4.3452766E+02   3.6126968E-20
   4.3486140E+02   5.7921254E-20
   4.3519513E+02   7.7164216E-20
   4.3552887E+02   9.0975935E-20
   4.3586261E+02   9.6635504E-20
   4.3619635E+02   9.1939199E-20
   4.3653009E+02   7.5547077E-20
   4.3686383E+02   4.7273450E-20
   4.3719757E+02   8.2776077E-21
   4.3753130E+02  -3.8881463E-20
   4.3786504E+02  -9.0350308E-20
   4.3819878E+02  -1.4125348E-19
   4.3853252E+02  -1.8612085E-19
   4.3886626E+02  -2.1943706E-19
   4.3920000E+02  -2.3626331E-19
   4.3953374E+02  -2.3286636E-19
   4.3986747E+02  -2.0728430E-19
   4.4020121E+02  -1.5975739E-19
   4.4053495E+02  -9.2963029E-20
   4.4086869E+02  -1.2009629E-20
   4.4120243E+02   7.5832106E-20
   4.4153617E+02   1.6165377E-19
   4.4186991E+02   2.3565554E-19
   4.4220364E+02   2.8805257E-19
   4.4253738E+02   3.1005849E-19
   4.4287112E+02   2.9485106E-19
   4.4320486E+02   2.3841873E-19
   4.4353860E+02   1.4019456E-19
   4.4387234E+02   3.4000920E-21
   4.4420608E+02  -1.6495532E-19
   4.4453981E+02  -3.5444348E-19
   4.4487355E+02  -5.5194479E-19
   4.4520729E+02  -7.4269187E-19
   4.4554103E+02  -9.1155283E-19
   4.4587477E+02  -1.0444539E-18
   4.4620851E+02  -1.1298178E-18
   4.4654225E+02  -1.1598832E-18
   4.4687598E+02  -1.1317694E-18
   4.4720972E+02  -1.0481521E-18
   4.4754346E+02  -9.1744649E-19
   4.4787720E+02  -7.5341115E-19
   4.4821094E+02  -5.7413159E-19
   4.4854468E+02  -4.0038850E-19
   4.4887842E+02  -2.5345962E-19
   4.4921215E+02  -1.5246914E-19
   4.4954589E+02  -1.1142485E-19
   4.4987963E+02  -1.3615217E-19
   4.5021337E+02  -2.2133513E-19
   4.5054711E+02  -3.4789598E-19
   4.5088085E+02  -4.8092286E-19
   4.5121459E+02  -5.6830234E-19
   4.5154832E+02  -5.4015018E-19
   4.5188206E+02  -3.0904957E-19
   4.5221580E+02   2.2903680E-19
   4.5254954E+02   1.1933656E-18
   4.5288328E+02   2.7168569E-18
   4.5321702E+02   4.9447699E-18
   4.5355076E+02   8.0340364E-18
   4.5388450E+02   1.2153737E-17
   4.5421823E+02   1.7487101E-17
   4.5455197E+02   2.4235336E-17
   4.5488571E+02   3.2623712E-17
   4.5521945E+02   4.2909796E-17
   4.5555319E+02   5.5394135E-17
   4.5588693E+02   7.0433020E-17
   4.5622067E+02   8.8453348E-17
   4.5655440E+02   1.0996900E-16
   4.5688814E+02   1.3559850E-16
   4.5722188E+02   1.6608307E-16
   4.5755562E+02   2.0230445E-16
   4.5788936E+02   2.4530244E-16
   4.5822310E+02   2.9629022E-16
   4.5855684E+02   3.5666826E-16
   4.5889057E+02   4.2803463E-16
   4.5922431E+02   5.1219204E-16
   4.5955805E+02   6.1114984E-16
   4.5989179E+02   7.2712093E-16
   4.6022553E+02   8.6251110E-16
   4.6055927E+02   1.0198988E-15
   4.6089301E+02   1.2019994E-15
   4.6122674E+02   1.4116175E-15
   4.6156048E+02   1.6515765E-15
   4.6189422E+02   1.9246217E-15
   4.6222796E+02   2.2332938E-15
   4.6256170E+02   2.5797621E-15
   4.6289544E+02   2.9656089E-15
   4.6322918E+02   3.3915631E-15
   4.6356291E+02   3.8571475E-15
   4.6389665E+02   4.3602465E-15
   4.6423039E+02   4.8965484E-15
   4.6456413E+02   5.4588487E-15
   4.6489787E+02   6.0361812E-15
   4.6523161E+02   6.6126837E-15
   4.6556535E+02   7.1662723E-15
   4.6589908E+02   7.6669391E-15
   4.6623282E+02   8.0746601E-15
   4.6656656E+02   8.3368540E-15
   4.6690030E+02   8.3852323E-15
   4.6723404E+02   8.1319974E-15
   4.6756778E+02   7.4651978E-15
   4.6790152E+02   6.2430953E-15
   4.6823525E+02   4.2873657E-15
   4.6856899E+02   1.3750259E-15
   4.6890273E+02  -2.7713292E-15
   4.6923647E+02  -8.4950832E-15
   4.6957021E+02  -1.6219366E-14
   4.6990395E+02  -2.6463146E-14
   4.7023769E+02  -3.9860341E-14
   4.7057142E+02  -5.7182557E-14
   4.7090516E+02  -7.9365429E-14
   4.7123890E+02  -1.0754009E-13
   4.7157264E+02  -1.4306958E-13
   4.7190638E+02  -1.8759218E-13
   4.7224012E+02  -2.4307143E-13
   4.7257386E+02  -3.1185509E-13
   4.7290760E+02  -3.9674422E-13
   4.7324133E+02  -5.0107162E-13
   4.7357507E+02  -6.2879563E-13
   4.7390881E+02  -7.8460524E-13
   4.7424255E+02  -9.7404528E-13
   4.7457629E+02  -1.2036615E-12
   4.7491003E+02  -1.4811596E-12
   4.7524377E+02  -1.8156000E-12
   4.7557750E+02  -2.2176126E-12
   4.7591124E+02  -2.6996461E-12
   4.7624498E+02  -3.2762543E-12
   4.7657872E+02  -3.9644221E-12
   4.7691246E+02  -4.7839254E-12
   4.7724620E+02  -5.7577710E-12
   4.7757994E+02  -6.9126562E-12
   4.7791367E+02  -8.2795151E-12
   4.7824741E+02  -9.8941541E-12
   4.7858115E+02  -1.1797912E-11
   4.7891489E+02  -1.4038446E-11
   4.7924863E+02  -1.6670649E-11
   4.7958237E+02  -1.9757597E-11
   4.7991611E+02  -2.3371667E-11
   4.8024984E+02  -2.7595818E-11
   4.8058358E+02  -3.2524875E-11
   4.8091732E+02  -3.8267153E-11
   4.8125106E+02  -4.4946168E-11
   4.8158480E+02  -5.2702519E-11
   4.8191854E+02  -6.1695968E-11
   4.8225228E+02  -7.2107799E-11
   4.8258601E+02  -8.4143408E-11
   4.8291975E+02  -9.8035087E-11
   4.8325349E+02  -1.1404504E-10
   4.8358723E+02  -1.3246909E-10
   4.8392097E+02  -1.5363993E-10
   4.8425471E+02  -1.7793170E-10
   4.8458845E+02  -2.0576378E-10
   4.8492218E+02  -2.3760616E-10
   4.8525592E+02  -2.7398422E-10
   4.8558966E+02  -3.1548444E-10
   4.8592340E+02  -3.6276032E-10
   4.8625714E+02  -4.1653866E-10
   4.8659088E+02  -4.7762699E-10
   4.8692462E+02  -5.4691995E-10
   4.8725835E+02  -6.2540756E-10
   4.8759209E+02  -7.1418382E-10
   4.8792583E+02  -8.1445484E-10
   4.8825957E+02  -9.2754732E-10
   4.8859331E+02  -1.0549198E-09
   4.8892705E+02  -1.1981709E-09
   4.8926079E+02  -1.3590500E-09
   4.8959452E+02  -1.5394682E-09
   4.8992826E+02  -1.7415090E-09
   4.9026200E+02  -1.9674380E-09
   4.9059574E+02  -2.2197151E-09
   4.9092948E+02  -2.5010070E-09
   4.9126322E+02  -2.8141938E-09
   4.9159696E+02  -3.1623848E-09
   4.9193069E+02  -3.5489254E-09
   4.9226443E+02  -3.9774073E-09
   4.9259817E+02  -4.4516835E-09
   4.9293191E+02  -4.9758655E-09
   4.9326565E+02  -5.5543392E-09
   4.9359939E+02  -6.1917755E-09
   4.9393313E+02  -6.8931132E-09
   4.9426687E+02  -7.6635969E-09
   4.9460060E+02  -8.5087413E-09
   4.9493434E+02  -9.4343529E-09
   4.9526808E+02  -1.0446528E-08
   4.9560182E+02  -1.1551625E-08
   4.9593556E+02  -1.2756277E-08
   4.9626930E+02  -1.4067354E-08
   4.9660304E+02  -1.5491988E-08
   4.9693677E+02  -1.7037504E-08
   4.9727051E+02  -1.8711409E-08
   4.9760425E+02  -2.0521394E-08
   4.9793799E+02  -2.2475234E-08
   4.9827173E+02  -2.4580828E-08
   4.9860547E+02  -2.6846060E-08
   4.9893921E+02  -2.9278855E-08
   4.9927294E+02  -3.1887005E-08
   4.9960668E+02  -3.4678209E-08
   4.9994042E+02  -3.7659916E-08
   5.0027416E+02  -4.0839311E-08
   5.0060790E+02  -4.4223206E-08
   5.0094164E+02  -4.7817945E-08
   5.0127538E+02  -5.1629328E-08
   5.0160911E+02  -5.5662447E-08
   5.0194285E+02  -5.9921689E-08
   5.0227659E+02  -6.4410514E-08
   5.0261033E+02  -6.9131389E-08
   5.0294407E+02  -7.4085690E-08
   5.0327781E+02  -7.9273477E-08
   5.0361155E+02  -8.4693482E-08
   5.0394528E+02  -9.0342937E-08
   5.0427902E+02  -9.6217299E-08
   5.0461276E+02  -1.0231046E-07
   5.0494650E+02  -1.0861414E-07
   5.0528024E+02  -1.1511819E-07
   5.0561398E+02  -1.2181029E-07
   5.0594772E+02  -1.2867559E-07
   5.0628145E+02  -1.3569715E-07
   5.0661519E+02  -1.4285521E-07
   5.0694893E+02  -1.5012760E-07
   5.0728267E+02  -1.5748917E-07
   5.0761641E+02  -1.6491222E-07
   5.0795015E+02  -1.7236604E-07
   5.0828389E+02  -1.7981718E-07
   5.0861762E+02  -1.8722888E-07
   5.0895136E+02  -1.9456179E-07
   5.0928510E+02  -2.0177360E-07
   5.0961884E+02  -2.0881899E-07
   5.0995258E+02  -2.1564971E-07
   5.1028632E+02  -2.2221495E-07
   5.1062006E+02  -2.2846109E-07
   5.1095379E+02  -2.3433192E-07
   5.1128753E+02  -2.3976941E-07
   5.1162127E+02  -2.4471262E-07
   5.1195501E+02  -2.4909923E-07
   5.1228875E+02  -2.5286525E-07
   5.1262249E+02  -2.5594483E-07
   5.1295623E+02  -2.5827140E-07
   5.1328997E+02  -2.5977792E-07
   5.1362370E+02  -2.6039649E-07
   5.1395744E+02  -2.6005966E-07
   5.1429118E+02  -2.5870017E-07
   5.1462492E+02  -2.5625192E-07
   5.1495866E+02  -2.5265010E-07
   5.1529240E+02  -2.4783185E-07
   5.1562614E+02  -2.4173656E-07
   5.1595987E+02  -2.3430682E-07
   5.1629361E+02  -2.2548839E-07
   5.1662735E+02  -2.1523114E-07
   5.1696109E+02  -2.0348976E-07
   5.1729483E+02  -1.9022340E-07
   5.1762857E+02  -1.7539722E-07
   5.1796231E+02  -1.5898243E-07
   5.1829604E+02  -1.4095664E-07
   5.1862978E+02  -1.2130494E-07
   5.1896352E+02  -1.0001974E-07
   5.1929726E+02  -7.7101362E-08
   5.1963100E+02  -5.2558836E-08
   5.1996474E+02  -2.6409715E-08
   5.2029848E+02   1.3192931E-09
   5.2063221E+02   3.0592190E-08
   5.2096595E+02   6.1363380E-08
   5.2129969E+02   9.3577441E-08
   5.2163343E+02   1.2716910E-07
   5.2196717E+02   1.6206349E-07
   5.2230091E+02   1.9817568E-07
   5.2263465E+02   2.3541094E-07
   5.2296838E+02   2.7366499E-07
   5.2330212E+02   3.1282397E-07
   5.2363586E+02   3.5276528E-07
   5.2396960E+02   3.9335754E-07
   5.2430334E+02   4.3446096E-07
   5.2463708E+02   4.7592789E-07
   5.2497082E+02   5.1760333E-07
   5.2530455E+02   5.5932657E-07
   5.2563829E+02   6.0093015E-07
   5.2597203E+02   6.4224207E-07
   5.2630577E+02   6.8308600E-07
   5.2663951E+02   7.2328180E-07
   5.2697325E+02   7.6264723E-07
   5.2730699E+02   8.0099886E-07
   5.2764072E+02   8.3815263E-07
   5.2797446E+02   8.7392431E-07
   5.2830820E+02   9.0813234E-07
   5.2864194E+02   9.4059766E-07
   5.2897568E+02   9.7114457E-07
   5.2930942E+02   9.9960175E-07
   5.2964316E+02   1.0258050E-06
   5.2997689E+02   1.0495964E-06
   5.3031063E+02   1.0708261E-06
   5.3064437E+02   1.0893525E-06
   5.3097811E+02   1.1050461E-06
   5.3131185E+02   1.1177859E-06
   5.3164559E+02   1.1274644E-06
   5.3197933E+02   1.1339852E-06
   5.3231306E+02   1.1372667E-06
   5.3264680E+02   1.1372408E-06
   5.3298054E+02   1.1338534E-06
   5.3331428E+02   1.1270656E-06
   5.3364802E+02   1.1168544E-06
   5.3398176E+02   1.1032134E-06
   5.3431550E+02   1.0861502E-06
   5.3464924E+02   1.0656904E-06
   5.3498297E+02   1.0418756E-06
   5.3531671E+02   1.0147630E-06
   5.3565045E+02   9.8442615E-07
   5.3598419E+02   9.5095504E-07
   5.3631793E+02   9.1445361E-07
   5.3665167E+02   8.7504202E-07
   5.3698541E+02   8.3285408E-07
   5.3731914E+02   7.8803737E-07
   5.3765288E+02   7.4075365E-07
   5.3798662E+02   6.9117493E-07
   5.3832036E+02   6.3948556E-07
   5.3865410E+02   5.8588085E-07
   5.3898784E+02   5.3056391E-07
   5.3932158E+02   4.7374709E-07
   5.3965531E+02   4.1564968E-07
   5.3998905E+02   3.5649617E-07
   5.4032279E+02   2.9651676E-07
   5.4065653E+02   2.3594413E-07
   5.4099027E+02   1.7501347E-07
   5.4132401E+02   1.1396074E-07
   5.4165775E+02   5.3021665E-08
   5.4199148E+02  -7.5700370E-09
   5.4232522E+02  -6.7583414E-08
   5.4265896E+02  -1.2679149E-07
   5.4299270E+02  -1.8497295E-07
   5.4332644E+02  -2.4191266E-07
   5.4366018E+02  -2.9740352E-07
   5.4399392E+02  -3.5124651E-07
   5.4432765E+02  -4.0325290E-07
   5.4466139E+02  -4.5324401E-07
   5.4499513E+02  -5.0105280E-07
   5.4532887E+02  -5.4652446E-07
   5.4566261E+02  -5.8951684E-07
   5.4599635E+02  -6.2990142E-07
   5.4633009E+02  -6.6756394E-07
   5.4666382E+02  -7.0240401E-07
   5.4699756E+02  -7.3433631E-07
   5.4733130E+02  -7.6329070E-07
   5.4766504E+02  -7.8921175E-07
   5.4799878E+02  -8.1205923E-07
   5.4833252E+02  -8.3180845E-07
   5.4866626E+02  -8.4844982E-07
   5.4899999E+02  -8.6198787E-07
   5.4933373E+02  -8.7244189E-07
   5.4966747E+02  -8.7984563E-07
   5.5000121E+02  -8.8424622E-07
   5.5033495E+02  -8.8570357E-07
   5.5066869E+02  -8.8429113E-07
   5.5100243E+02  -8.8009313E-07
   5.5133616E+02  -8.7320541E-07
   5.5166990E+02  -8.6373399E-07
   5.5200364E+02  -8.5179448E-07
   5.5233738E+02  -8.3751138E-07
   5.5267112E+02  -8.2101667E-07
   5.5300486E+02  -8.0244945E-07
   5.5333860E+02  -7.8195455E-07
   5.5367234E+02  -7.5968217E-07
   5.5400607E+02  -7.3578610E-07
   5.5433981E+02  -7.1042359E-07
   5.5467355E+02  -6.8375391E-07
   5.5500729E+02  -6.5593736E-07
   5.5534103E+02  -6.2713514E-07
   5.5567477E+02  -5.9750698E-07
   5.5600851E+02  -5.6721177E-07
   5.5634224E+02  -5.3640633E-07
   5.5667598E+02  -5.0524358E-07
   5.5700972E+02  -4.7387294E-07
   5.5734346E+02  -4.4243947E-07
   5.5767720E+02  -4.1108285E-07
   5.5801094E+02  -3.7993667E-07
   5.5834468E+02  -3.4912867E-07
   5.5867841E+02  -3.1877926E-07
   5.5901215E+02  -2.8900143E-07
   5.5934589E+02  -2.5990107E-07
   5.5967963E+02  -2.3157519E-07
   5.6001337E+02  -2.0411312E-07
   5.6034711E+02  -1.7759521E-07
   5.6068085E+02  -1.5209341E-07
   5.6101458E+02  -1.2767083E-07
   5.6134832E+02  -1.0438161E-07
   5.6168206E+02  -8.2271256E-08
   5.6201580E+02  -6.1376682E-08
   5.6234954E+02  -4.1726004E-08
   5.6268328E+02  -2.3339062E-08
   5.6301702E+02  -6.2275305E-09
   5.6335075E+02   9.6048751E-09
   5.6368449E+02   2.4161967E-08
   5.6401823E+02   3.7454782E-08
   5.6435197E+02   4.9501224E-08
   5.6468571E+02   6.0325576E-08
   5.6501945E+02   6.9958183E-08
   5.6535319E+02   7.8434809E-08
   5.6568692E+02   8.5796280E-08
   5.6602066E+02   9.2087973E-08
   5.6635440E+02   9.7359155E-08
   5.6668814E+02   1.0166276E-07
   5.6702188E+02   1.0505447E-07
   5.6735562E+02   1.0759254E-07
   5.6768936E+02   1.0933701E-07
   5.6802309E+02   1.1034938E-07
   5.6835683E+02   1.1069194E-07
   5.6869057E+02   1.1042747E-07
   5.6902431E+02   1.0961853E-07
   5.6935805E+02   1.0832714E-07
   5.6969179E+02   1.0661433E-07
   5.7002553E+02   1.0453979E-07
   5.7035926E+02   1.0216132E-07
   5.7069300E+02   9.9534603E-08
   5.7102674E+02   9.6712839E-08
   5.7136048E+02   9.3746429E-08
   5.7169422E+02   9.0682796E-08
   5.7202796E+02   8.7566086E-08
   5.7236170E+02   8.4436913E-08
   5.7269543E+02   8.1332416E-08
   5.7302917E+02   7.8285929E-08
   5.7336291E+02   7.5326952E-08
   5.7369665E+02   7.2481143E-08
   5.7403039E+02   6.9770238E-08
   5.7436413E+02   6.7212156E-08
   5.7469787E+02   6.4820895E-08
   5.7503161E+02   6.2606752E-08
   5.7536534E+02   6.0576376E-08
   5.7569908E+02   5.8732859E-08
   5.7603282E+02   5.7075937E-08
   5.7636656E+02   5.5602225E-08
   5.7670030E+02   5.4305278E-08
   5.7703404E+02   5.3175906E-08
   5.7736778E+02   5.2202438E-08
   5.7770151E+02   5.1370826E-08
   5.7803525E+02   5.0665115E-08
   5.7836899E+02   5.0067509E-08
   5.7870273E+02   4.9558764E-08
   5.7903647E+02   4.9118409E-08
   5.7937021E+02   4.8725020E-08
   5.7970395E+02   4.8356604E-08
   5.8003768E+02   4.7990724E-08
   5.8037142E+02   4.7604736E-08
   5.8070516E+02   4.7176332E-08
   5.8103890E+02   4.6683461E-08
   5.8137264E+02   4.6104688E-08
   5.8170638E+02   4.5419505E-08
   5.8204012E+02   4.4608434E-08
   5.8237385E+02   4.3653202E-08
   5.8270759E+02   4.2537032E-08
   5.8304133E+02   4.1244721E-08
   5.8337507E+02   3.9762742E-08
   5.8370881E+02   3.8079463E-08
   5.8404255E+02   3.6185199E-08
   5.8437629E+02   3.4072229E-08
   5.8471002E+02   3.1734963E-08
   5.8504376E+02   2.9169959E-08
   5.8537750E+02   2.6375918E-08
   5.8571124E+02   2.3353680E-08
   5.8604498E+02   2.0106265E-08
   5.8637872E+02   1.6638779E-08
   5.8671246E+02   1.2958433E-08
   5.8704619E+02   9.0744425E-09
   5.8737993E+02   4.9979647E-09
   5.8771367E+02   7.4201267E-10
   5.8804741E+02  -3.6786858E-09
   5.8838115E+02  -8.2477314E-09
   5.8871489E+02  -1.2947183E-08
   5.8904863E+02  -1.7757785E-08
   5.8938236E+02  -2.2658973E-08
   5.8971610E+02  -2.7629092E-08
   5.9004984E+02  -3.2645538E-08
   5.9038358E+02  -3.7684899E-08
   5.9071732E+02  -4.2723102E-08
   5.9105106E+02  -4.7735696E-08
   5.9138480E+02  -5.2697786E-08
   5.9171853E+02  -5.7584387E-08
   5.9205227E+02  -6.2370489E-08
   5.9238601E+02  -6.7031280E-08
   5.9271975E+02  -7.1542289E-08
   5.9305349E+02  -7.5879328E-08
   5.9338723E+02  -8.0019035E-08
   5.9372097E+02  -8.3938644E-08
   5.9405471E+02  -8.7616328E-08
   5.9438844E+02  -9.1031211E-08
   5.9472218E+02  -9.4163710E-08
   5.9505592E+02  -9.6995194E-08
   5.9538966E+02  -9.9508753E-08
   5.9572340E+02  -1.0168873E-07
   5.9605714E+02  -1.0352099E-07
   5.9639088E+02  -1.0499321E-07
   5.9672461E+02  -1.0609466E-07
   5.9705835E+02  -1.0681649E-07
   5.9739209E+02  -1.0715158E-07
   5.9772583E+02  -1.0709473E-07
   5.9805957E+02  -1.0664257E-07
   5.9839331E+02  -1.0579390E-07
   5.9872705E+02  -1.0454920E-07
   5.9906078E+02  -1.0291126E-07
   5.9939452E+02  -1.0088434E-07
   5.9972826E+02  -9.8475198E-08
   6.0006200E+02  -9.5692258E-08
   6.0039574E+02  -9.2545790E-08
   6.0072948E+02  -8.9048143E-08
   6.0106322E+02  -8.5213287E-08
   6.0139695E+02  -8.1057124E-08
   6.0173069E+02  -7.6597146E-08
   6.0206443E+02  -7.1852483E-08
   6.0239817E+02  -6.6843782E-08
   6.0273191E+02  -6.1593241E-08
   6.0306565E+02  -5.6124236E-08
   6.0339939E+02  -5.0461608E-08
   6.0373312E+02  -4.4631186E-08
   6.0406686E+02  -3.8659916E-08
   6.0440060E+02  -3.2575542E-08
   6.0473434E+02  -2.6406697E-08
   6.0506808E+02  -2.0182560E-08
   6.0540182E+02  -1.3932951E-08
   6.0573556E+02  -7.6879267E-09
   6.0606929E+02  -1.4778863E-09
   6.0640303E+02   4.6666884E-09
   6.0673677E+02   1.0715311E-08
   6.0707051E+02   1.6637571E-08
   6.0740425E+02   2.2403569E-08
   6.0773799E+02   2.7983532E-08
   6.0807173E+02   3.3348428E-08
   6.0840546E+02   3.8469892E-08
   6.0873920E+02   4.3320100E-08
   6.0907294E+02   4.7872419E-08
   6.0940668E+02   5.2101171E-08
   6.0974042E+02   5.5981758E-08
   6.1007416E+02   5.9490873E-08
   6.1040790E+02   6.2606432E-08
   6.1074163E+02   6.5307916E-08
   6.1107537E+02   6.7576480E-08
   6.1140911E+02   6.9394531E-08
   6.1174285E+02   7.0746182E-08
   6.1207659E+02   7.1617706E-08
   6.1241033E+02   7.1996681E-08
   6.1274407E+02   7.1872790E-08
   6.1307781E+02   7.1237366E-08
   6.1341154E+02   7.0083757E-08
   6.1374528E+02   6.8407388E-08
   6.1407902E+02   6.6205388E-08
   6.1441276E+02   6.3477046E-08
   6.1474650E+02   6.0223414E-08
   6.1508024E+02   5.6447561E-08
   6.1541398E+02   5.2154604E-08
   6.1574771E+02   4.7351421E-08
   6.1608145E+02   4.2046906E-08
   6.1641519E+02   3.6251834E-08
   6.1674893E+02   2.9978736E-08
   6.1708267E+02   2.3242023E-08
   6.1741641E+02   1.6057783E-08
   6.1775015E+02   8.4439762E-09
   6.1808388E+02   4.2004444E-10
   6.1841762E+02  -7.9928810E-09
   6.1875136E+02  -1.6772205E-08
   6.1908510E+02  -2.5893925E-08
   6.1941884E+02  -3.5332420E-08
   6.1975258E+02  -4.5061007E-08
   6.2008632E+02  -5.5051636E-08
   6.2042005E+02  -6.5275159E-08
   6.2075379E+02  -7.5701280E-08
   6.2108753E+02  -8.6298712E-08
   6.2142127E+02  -9.7035254E-08
   6.2175501E+02  -1.0787784E-07
   6.2208875E+02  -1.1879264E-07
   6.2242249E+02  -1.2974502E-07
   6.2275622E+02  -1.4069984E-07
   6.2308996E+02  -1.5162129E-07
   6.2342370E+02  -1.6247313E-07
   6.2375744E+02  -1.7321857E-07
   6.2409118E+02  -1.8382060E-07
   6.2442492E+02  -1.9424172E-07
   6.2475866E+02  -2.0444428E-07
   6.2509239E+02  -2.1439050E-07
   6.2542613E+02  -2.2404218E-07
   6.2575987E+02  -2.3336118E-07
   6.2609361E+02  -2.4230948E-07
   6.2642735E+02  -2.5084859E-07
   6.2676109E+02  -2.5894036E-07
   6.2709483E+02  -2.6654692E-07
   6.2742856E+02  -2.7362992E-07
   6.2776230E+02  -2.8015160E-07
   6.2809604E+02  -2.8607440E-07
   6.2842978E+02  -2.9136086E-07
   6.2876352E+02  -2.9597382E-07
   6.2909726E+02  -2.9987694E-07
   6.2943100E+02  -3.0303352E-07
   6.2976473E+02  -3.0540798E-07
   6.3009847E+02  -3.0696512E-07
   6.3043221E+02  -3.0767040E-07
   6.3076595E+02  -3.0749010E-07
   6.3109969E+02  -3.0639129E-07
   6.3143343E+02  -3.0434217E-07
   6.3176717E+02  -3.0131184E-07
   6.3210090E+02  -2.9727084E-07
   6.3243464E+02  -2.9219109E-07
   6.3276838E+02  -2.8604597E-07
   6.3310212E+02  -2.7881089E-07
   6.3343586E+02  -2.7046281E-07
   6.3376960E+02  -2.6098135E-07
   6.3410334E+02  -2.5034805E-07
   6.3443708E+02  -2.3854719E-07
   6.3477081E+02  -2.2556574E-07
   6.3510455E+02  -2.1139390E-07
   6.3543829E+02  -1.9602491E-07
   6.3577203E+02  -1.7945561E-07
   6.3610577E+02  -1.6168663E-07
   6.3643951E+02  -1.4272258E-07
   6.3677325E+02  -1.2257217E-07
   6.3710698E+02  -1.0124872E-07
   6.3744072E+02  -7.8770299E-08
   6.3777446E+02  -5.5159681E-08
   6.3810820E+02  -3.0444891E-08
   6.3844194E+02  -4.6592277E-09
   6.3877568E+02   2.2158545E-08
   6.3910942E+02   4.9964129E-08
   6.3944315E+02   7.8707444E-08
   6.3977689E+02   1.0833269E-07
   6.4011063E+02   1.3877826E-07
   6.4044437E+02   1.6997673E-07
   6.4077811E+02   2.0185472E-07
   6.4111185E+02   2.3433307E-07
   6.4144559E+02   2.6732698E-07
   6.4177932E+02   3.0074631E-07
   6.4211306E+02   3.3449530E-07
   6.4244680E+02   3.6847320E-07
   6.4278054E+02   4.0257441E-07
   6.4311428E+02   4.3668877E-07
   6.4344802E+02   4.7070222E-07
   6.4378176E+02   5.0449637E-07
   6.4411549E+02   5.3795009E-07
   6.4444923E+02   5.7093922E-07
   6.4478297E+02   6.0333741E-07
   6.4511671E+02   6.3501659E-07
   6.4545045E+02   6.6584767E-07
   6.4578419E+02   6.9570115E-07
   6.4611793E+02   7.2444709E-07
   6.4645166E+02   7.5195743E-07
   6.4678540E+02   7.7810557E-07
   6.4711914E+02   8.0276635E-07
   6.4745288E+02   8.2581931E-07
   6.4778662E+02   8.4714594E-07
   6.4812036E+02   8.6663346E-07
   6.4845410E+02   8.8417357E-07
   6.4878783E+02   8.9966500E-07
   6.4912157E+02   9.1301155E-07
   6.4945531E+02   9.2412591E-07
   6.4978905E+02   9.3292732E-07
   6.5012279E+02   9.3934500E-07
   6.5045653E+02   9.4331551E-07
   6.5079027E+02   9.4478634E-07
   6.5112400E+02   9.4371416E-07
   6.5145774E+02   9.4006714E-07
   6.5179148E+02   9.3382346E-07
   6.5212522E+02   9.2497243E-07
   6.5245896E+02   9.1351535E-07
   6.5279270E+02   8.9946394E-07
   6.5312644E+02   8.8284247E-07
   6.5346018E+02   8.6368664E-07
   6.5379391E+02   8.4204316E-07
   6.5412765E+02   8.1797077E-07
   6.5446139E+02   7.9153904E-07
   6.5479513E+02   7.6282856E-07
   6.5512887E+02   7.3193070E-07
   6.5546261E+02   6.9894634E-07
   6.5579635E+02   6.6398673E-07
   6.5613008E+02   6.2717220E-07
   6.5646382E+02   5.8863139E-07
   6.5679756E+02   5.4850079E-07
   6.5713130E+02   5.0692444E-07
   6.5746504E+02   4.6405239E-07
   6.5779878E+02   4.2004075E-07
   6.5813252E+02   3.7505004E-07
   6.5846625E+02   3.2924513E-07
   6.5879999E+02   2.8279371E-07
   6.5913373E+02   2.3586588E-07
   6.5946747E+02   1.8863261E-07
   6.5980121E+02   1.4126584E-07
   6.6013495E+02   9.3936663E-08
