  -7.8094826E+01   0.0000000E+00
  -7.7761087E+01   0.0000000E+00
  -7.7427349E+01   0.0000000E+00
  -7.7093610E+01   0.0000000E+00
  -7.6759871E+01   0.0000000E+00
  -7.6426133E+01   0.0000000E+00
  -7.6092394E+01   0.0000000E+00
  -7.5758656E+01   0.0000000E+00
  -7.5424917E+01   0.0000000E+00
  -7.5091178E+01   0.0000000E+00
  -7.4757440E+01   0.0000000E+00
  -7.4423701E+01   0.0000000E+00
  -7.4089963E+01   0.0000000E+00
  -7.3756224E+01   0.0000000E+00
  -7.3422485E+01   0.0000000E+00
  -7.3088747E+01   0.0000000E+00
  -7.2755008E+01   0.0000000E+00
  -7.2421270E+01   0.0000000E+00
  -7.2087531E+01   0.0000000E+00
  -7.1753792E+01   0.0000000E+00
  -7.1420054E+01   0.0000000E+00
  -7.1086315E+01   0.0000000E+00
  -7.0752577E+01   0.0000000E+00
  -7.0418838E+01   0.0000000E+00
  -7.0085099E+01   0.0000000E+00
  -6.9751361E+01   0.0000000E+00
  -6.9417622E+01   0.0000000E+00
  -6.9083884E+01   0.0000000E+00
  -6.8750145E+01   0.0000000E+00
  -6.8416406E+01   0.0000000E+00
  -6.8082668E+01   0.0000000E+00
  -6.7748929E+01   0.0000000E+00
  -6.7415191E+01   0.0000000E+00
  -6.7081452E+01   0.0000000E+00
  -6.6747714E+01   0.0000000E+00
  -6.6413975E+01   0.0000000E+00
  -6.6080236E+01   0.0000000E+00
  -6.5746498E+01   0.0000000E+00
  -6.5412759E+01   0.0000000E+00
  -6.5079021E+01   0.0000000E+00
  -6.4745282E+01   0.0000000E+00
  -6.4411543E+01   0.0000000E+00
  -6.4077805E+01   0.0000000E+00
  -6.3744066E+01   0.0000000E+00
  -6.3410328E+01   0.0000000E+00
  -6.3076589E+01   0.0000000E+00
  -6.2742850E+01   0.0000000E+00
  -6.2409112E+01   0.0000000E+00
  -6.2075373E+01   0.0000000E+00
  -6.1741635E+01   0.0000000E+00
  -6.1407896E+01   0.0000000E+00
  -6.1074157E+01   0.0000000E+00
  -6.0740419E+01   0.0000000E+00
  -6.0406680E+01   0.0000000E+00
  -6.0072942E+01   0.0000000E+00
  -5.9739203E+01   0.0000000E+00
  -5.9405464E+01   0.0000000E+00
  -5.9071726E+01   0.0000000E+00
  -5.8737987E+01   0.0000000E+00
  -5.8404249E+01   0.0000000E+00
  -5.8070510E+01   0.0000000E+00
  -5.7736771E+01   0.0000000E+00
  -5.7403033E+01   0.0000000E+00
  -5.7069294E+01   0.0000000E+00
  -5.6735556E+01   0.0000000E+00
  -5.6401817E+01   0.0000000E+00
  -5.6068078E+01   0.0000000E+00
  -5.5734340E+01   0.0000000E+00
  -5.5400601E+01   0.0000000E+00
  -5.5066863E+01   0.0000000E+00
  -5.4733124E+01   0.0000000E+00
  -5.4399385E+01   0.0000000E+00
  -5.4065647E+01   0.0000000E+00
  -5.3731908E+01   0.0000000E+00
  -5.3398170E+01   0.0000000E+00
  -5.3064431E+01   0.0000000E+00
  -5.2730693E+01   0.0000000E+00
  -5.2396954E+01   0.0000000E+00
  -5.2063215E+01   0.0000000E+00
  -5.1729477E+01   0.0000000E+00
  -5.1395738E+01   0.0000000E+00
  -5.1062000E+01   0.0000000E+00
  -5.0728261E+01   0.0000000E+00
  -5.0394522E+01   0.0000000E+00
  -5.0060784E+01   0.0000000E+00
  -4.9727045E+01   0.0000000E+00
  -4.9393307E+01   0.0000000E+00
  -4.9059568E+01   0.0000000E+00
  -4.8725829E+01   0.0000000E+00
  -4.8392091E+01   0.0000000E+00
  -4.8058352E+01   0.0000000E+00
  -4.7724614E+01   0.0000000E+00
  -4.7390875E+01   0.0000000E+00
  -4.7057136E+01   0.0000000E+00
  -4.6723398E+01   0.0000000E+00
  -4.6389659E+01   0.0000000E+00
  -4.6055921E+01   0.0000000E+00
  -4.5722182E+01   0.0000000E+00
  -4.5388443E+01   0.0000000E+00
  -4.5054705E+01   0.0000000E+00
  -4.4720966E+01   0.0000000E+00
  -4.4387228E+01   0.0000000E+00
  -4.4053489E+01   0.0000000E+00
  -4.3719750E+01   0.0000000E+00
  -4.3386012E+01   0.0000000E+00
  -4.3052273E+01   0.0000000E+00
  -4.2718535E+01   0.0000000E+00
  -4.2384796E+01   0.0000000E+00
  -4.2051057E+01   0.0000000E+00
  -4.1717319E+01   0.0000000E+00
  -4.1383580E+01   0.0000000E+00
  -4.1049842E+01   0.0000000E+00
  -4.0716103E+01   0.0000000E+00
  -4.0382364E+01   0.0000000E+00
  -4.0048626E+01   0.0000000E+00
  -3.9714887E+01   0.0000000E+00
  -3.9381149E+01   0.0000000E+00
  -3.9047410E+01   0.0000000E+00
  -3.8713672E+01   0.0000000E+00
  -3.8379933E+01   0.0000000E+00
  -3.8046194E+01   0.0000000E+00
  -3.7712456E+01   0.0000000E+00
  -3.7378717E+01   0.0000000E+00
  -3.7044979E+01   0.0000000E+00
  -3.6711240E+01   0.0000000E+00
  -3.6377501E+01   0.0000000E+00
  -3.6043763E+01   0.0000000E+00
  -3.5710024E+01   0.0000000E+00
  -3.5376286E+01   0.0000000E+00
  -3.5042547E+01   0.0000000E+00
  -3.4708808E+01   0.0000000E+00
  -3.4375070E+01   0.0000000E+00
  -3.4041331E+01   0.0000000E+00
  -3.3707593E+01   0.0000000E+00
  -3.3373854E+01   0.0000000E+00
  -3.3040115E+01   0.0000000E+00
  -3.2706377E+01   0.0000000E+00
  -3.2372638E+01   0.0000000E+00
  -3.2038900E+01   0.0000000E+00
  -3.1705161E+01   0.0000000E+00
  -3.1371422E+01   0.0000000E+00
  -3.1037684E+01   0.0000000E+00
  -3.0703945E+01   0.0000000E+00
  -3.0370207E+01   0.0000000E+00
  -3.0036468E+01   0.0000000E+00
  -2.9702729E+01   0.0000000E+00
  -2.9368991E+01   0.0000000E+00
  -2.9035252E+01   0.0000000E+00
  -2.8701514E+01   0.0000000E+00
  -2.8367775E+01   0.0000000E+00
  -2.8034036E+01   0.0000000E+00
  -2.7700298E+01   0.0000000E+00
  -2.7366559E+01   0.0000000E+00
  -2.7032821E+01   0.0000000E+00
  -2.6699082E+01   0.0000000E+00
  -2.6365343E+01   0.0000000E+00
  -2.6031605E+01   0.0000000E+00
  -2.5697866E+01   0.0000000E+00
  -2.5364128E+01   0.0000000E+00
  -2.5030389E+01   0.0000000E+00
  -2.4696651E+01   0.0000000E+00
  -2.4362912E+01   0.0000000E+00
  -2.4029173E+01   0.0000000E+00
  -2.3695435E+01   0.0000000E+00
  -2.3361696E+01   0.0000000E+00
  -2.3027958E+01   0.0000000E+00
  -2.2694219E+01   0.0000000E+00
  -2.2360480E+01   0.0000000E+00
  -2.2026742E+01   0.0000000E+00
  -2.1693003E+01   0.0000000E+00
  -2.1359265E+01   0.0000000E+00
  -2.1025526E+01   0.0000000E+00
  -2.0691787E+01   0.0000000E+00
  -2.0358049E+01   0.0000000E+00
  -2.0024310E+01   0.0000000E+00
  -1.9690572E+01   0.0000000E+00
  -1.9356833E+01   0.0000000E+00
  -1.9023094E+01   0.0000000E+00
  -1.8689356E+01   0.0000000E+00
  -1.8355617E+01   0.0000000E+00
  -1.8021879E+01   0.0000000E+00
  -1.7688140E+01   0.0000000E+00
  -1.7354401E+01   0.0000000E+00
  -1.7020663E+01   0.0000000E+00
  -1.6686924E+01   0.0000000E+00
  -1.6353186E+01   0.0000000E+00
  -1.6019447E+01   0.0000000E+00
  -1.5685708E+01   0.0000000E+00
  -1.5351970E+01   0.0000000E+00
  -1.5018231E+01   0.0000000E+00
  -1.4684493E+01   0.0000000E+00
  -1.4350754E+01   0.0000000E+00
  -1.4017015E+01   0.0000000E+00
  -1.3683277E+01   0.0000000E+00
  -1.3349538E+01   0.0000000E+00
  -1.3015800E+01   0.0000000E+00
  -1.2682061E+01   0.0000000E+00
  -1.2348322E+01   0.0000000E+00
  -1.2014584E+01   0.0000000E+00
  -1.1680845E+01   0.0000000E+00
  -1.1347107E+01   0.0000000E+00
  -1.1013368E+01   0.0000000E+00
  -1.0679630E+01   0.0000000E+00
  -1.0345891E+01   0.0000000E+00
  -1.0012152E+01   0.0000000E+00
  -9.6784137E+00   0.0000000E+00
  -9.3446751E+00   0.0000000E+00
  -9.0109365E+00   0.0000000E+00
  -8.6771979E+00   0.0000000E+00
  -8.3434593E+00   0.0000000E+00
  -8.0097207E+00   0.0000000E+00
  -7.6759821E+00   0.0000000E+00
  -7.3422436E+00   0.0000000E+00
  -7.0085050E+00   0.0000000E+00
  -6.6747664E+00   0.0000000E+00
  -6.3410278E+00   0.0000000E+00
  -6.0072892E+00   0.0000000E+00
  -5.6735506E+00   0.0000000E+00
  -5.3398120E+00   0.0000000E+00
  -5.0060734E+00   0.0000000E+00
  -4.6723348E+00   0.0000000E+00
  -4.3385962E+00   0.0000000E+00
  -4.0048576E+00   0.0000000E+00
  -3.6711190E+00   0.0000000E+00
  -3.3373804E+00   0.0000000E+00
  -3.0036418E+00   0.0000000E+00
  -2.6699032E+00   0.0000000E+00
  -2.3361646E+00   0.0000000E+00
  -2.0024260E+00   0.0000000E+00
  -1.6686874E+00   0.0000000E+00
  -1.3349488E+00   0.0000000E+00
  -1.0012102E+00   0.0000000E+00
  -6.6747165E-01   0.0000000E+00
  -3.3373305E-01   0.0000000E+00
   5.5432320E-06   0.0000000E+00
   3.3374414E-01   0.0000000E+00
   6.6748273E-01   0.0000000E+00
   1.0012213E+00   0.0000000E+00
   1.3349599E+00   0.0000000E+00
   1.6686985E+00   0.0000000E+00
   2.0024371E+00   0.0000000E+00
   2.3361757E+00   0.0000000E+00
   2.6699143E+00   0.0000000E+00
   3.0036529E+00   0.0000000E+00
   3.3373915E+00   0.0000000E+00
   3.6711301E+00   0.0000000E+00
   4.0048687E+00   0.0000000E+00
   4.3386073E+00   0.0000000E+00
   4.6723459E+00   0.0000000E+00
   5.0060845E+00   0.0000000E+00
   5.3398231E+00   0.0000000E+00
   5.6735617E+00   0.0000000E+00
   6.0073003E+00   0.0000000E+00
   6.3410389E+00   0.0000000E+00
   6.6747774E+00   0.0000000E+00
   7.0085160E+00   0.0000000E+00
   7.3422546E+00   0.0000000E+00
   7.6759932E+00   0.0000000E+00
   8.0097318E+00   0.0000000E+00
   8.3434704E+00   0.0000000E+00
   8.6772090E+00   0.0000000E+00
   9.0109476E+00   0.0000000E+00
   9.3446862E+00   0.0000000E+00
   9.6784248E+00   0.0000000E+00
   1.0012163E+01   0.0000000E+00
   1.0345902E+01   0.0000000E+00
   1.0679641E+01   0.0000000E+00
   1.1013379E+01   0.0000000E+00
   1.1347118E+01   0.0000000E+00
   1.1680856E+01   0.0000000E+00
   1.2014595E+01   0.0000000E+00
   1.2348334E+01   0.0000000E+00
   1.2682072E+01   0.0000000E+00
   1.3015811E+01   0.0000000E+00
   1.3349549E+01   0.0000000E+00
   1.3683288E+01   0.0000000E+00
   1.4017027E+01   0.0000000E+00
   1.4350765E+01   0.0000000E+00
   1.4684504E+01   0.0000000E+00
   1.5018242E+01   0.0000000E+00
   1.5351981E+01   0.0000000E+00
   1.5685720E+01   0.0000000E+00
   1.6019458E+01   0.0000000E+00
   1.6353197E+01   0.0000000E+00
   1.6686935E+01   0.0000000E+00
   1.7020674E+01   0.0000000E+00
   1.7354412E+01   0.0000000E+00
   1.7688151E+01   0.0000000E+00
   1.8021890E+01   0.0000000E+00
   1.8355628E+01   0.0000000E+00
   1.8689367E+01   0.0000000E+00
   1.9023105E+01   0.0000000E+00
   1.9356844E+01   0.0000000E+00
   1.9690583E+01   0.0000000E+00
   2.0024321E+01   0.0000000E+00
   2.0358060E+01   0.0000000E+00
   2.0691798E+01   0.0000000E+00
   2.1025537E+01   0.0000000E+00
   2.1359276E+01   0.0000000E+00
   2.1693014E+01   0.0000000E+00
   2.2026753E+01   0.0000000E+00
   2.2360491E+01   0.0000000E+00
   2.2694230E+01   0.0000000E+00
   2.3027969E+01   0.0000000E+00
   2.3361707E+01   0.0000000E+00
   2.3695446E+01   0.0000000E+00
   2.4029184E+01   0.0000000E+00
   2.4362923E+01   0.0000000E+00
   2.4696662E+01   0.0000000E+00
   2.5030400E+01   0.0000000E+00
   2.5364139E+01   0.0000000E+00
   2.5697877E+01   0.0000000E+00
   2.6031616E+01   0.0000000E+00
   2.6365355E+01   0.0000000E+00
   2.6699093E+01   0.0000000E+00
   2.7032832E+01   0.0000000E+00
   2.7366570E+01   0.0000000E+00
   2.7700309E+01   0.0000000E+00
   2.8034048E+01   0.0000000E+00
   2.8367786E+01   0.0000000E+00
   2.8701525E+01   0.0000000E+00
   2.9035263E+01   0.0000000E+00
   2.9369002E+01   0.0000000E+00
   2.9702741E+01   0.0000000E+00
   3.0036479E+01   0.0000000E+00
   3.0370218E+01   0.0000000E+00
   3.0703956E+01   0.0000000E+00
   3.1037695E+01   0.0000000E+00
   3.1371433E+01   0.0000000E+00
   3.1705172E+01   0.0000000E+00
   3.2038911E+01   0.0000000E+00
   3.2372649E+01   0.0000000E+00
   3.2706388E+01   0.0000000E+00
   3.3040126E+01   0.0000000E+00
   3.3373865E+01   0.0000000E+00
   3.3707604E+01   0.0000000E+00
   3.4041342E+01   0.0000000E+00
   3.4375081E+01   0.0000000E+00
   3.4708819E+01   0.0000000E+00
   3.5042558E+01   0.0000000E+00
   3.5376297E+01   0.0000000E+00
   3.5710035E+01   0.0000000E+00
   3.6043774E+01   0.0000000E+00
   3.6377512E+01   0.0000000E+00
   3.6711251E+01   0.0000000E+00
   3.7044990E+01   0.0000000E+00
   3.7378728E+01   0.0000000E+00
   3.7712467E+01   0.0000000E+00
   3.8046205E+01   0.0000000E+00
   3.8379944E+01   0.0000000E+00
   3.8713683E+01   0.0000000E+00
   3.9047421E+01   0.0000000E+00
   3.9381160E+01   0.0000000E+00
   3.9714898E+01   0.0000000E+00
   4.0048637E+01   0.0000000E+00
   4.0382376E+01   0.0000000E+00
   4.0716114E+01   0.0000000E+00
   4.1049853E+01   0.0000000E+00
   4.1383591E+01   0.0000000E+00
   4.1717330E+01   0.0000000E+00
   4.2051069E+01   0.0000000E+00
   4.2384807E+01   0.0000000E+00
   4.2718546E+01   0.0000000E+00
   4.3052284E+01   0.0000000E+00
   4.3386023E+01   0.0000000E+00
   4.3719762E+01   0.0000000E+00
   4.4053500E+01   0.0000000E+00
   4.4387239E+01   0.0000000E+00
   4.4720977E+01   0.0000000E+00
   4.5054716E+01   0.0000000E+00
   4.5388454E+01   0.0000000E+00
   4.5722193E+01   0.0000000E+00
   4.6055932E+01   0.0000000E+00
   4.6389670E+01   0.0000000E+00
   4.6723409E+01   0.0000000E+00
   4.7057147E+01   0.0000000E+00
   4.7390886E+01   0.0000000E+00
   4.7724625E+01   0.0000000E+00
   4.8058363E+01   0.0000000E+00
   4.8392102E+01   0.0000000E+00
   4.8725840E+01   0.0000000E+00
   4.9059579E+01   0.0000000E+00
   4.9393318E+01   0.0000000E+00
   4.9727056E+01   0.0000000E+00
   5.0060795E+01   0.0000000E+00
   5.0394533E+01   0.0000000E+00
   5.0728272E+01   0.0000000E+00
   5.1062011E+01   0.0000000E+00
   5.1395749E+01   0.0000000E+00
   5.1729488E+01   0.0000000E+00
   5.2063226E+01   0.0000000E+00
   5.2396965E+01   0.0000000E+00
   5.2730704E+01   0.0000000E+00
   5.3064442E+01   0.0000000E+00
   5.3398181E+01   0.0000000E+00
   5.3731919E+01   0.0000000E+00
   5.4065658E+01   0.0000000E+00
   5.4399397E+01   0.0000000E+00
   5.4733135E+01   0.0000000E+00
   5.5066874E+01   0.0000000E+00
   5.5400612E+01   0.0000000E+00
   5.5734351E+01   0.0000000E+00
   5.6068090E+01   0.0000000E+00
   5.6401828E+01   0.0000000E+00
   5.6735567E+01   0.0000000E+00
   5.7069305E+01   0.0000000E+00
   5.7403044E+01   0.0000000E+00
   5.7736783E+01   0.0000000E+00
   5.8070521E+01   0.0000000E+00
   5.8404260E+01   0.0000000E+00
   5.8737998E+01   0.0000000E+00
   5.9071737E+01   0.0000000E+00
   5.9405475E+01   0.0000000E+00
   5.9739214E+01   0.0000000E+00
   6.0072953E+01   0.0000000E+00
   6.0406691E+01   0.0000000E+00
   6.0740430E+01   0.0000000E+00
   6.1074168E+01   0.0000000E+00
   6.1407907E+01   0.0000000E+00
   6.1741646E+01   0.0000000E+00
   6.2075384E+01   0.0000000E+00
   6.2409123E+01   0.0000000E+00
   6.2742861E+01   0.0000000E+00
   6.3076600E+01   0.0000000E+00
   6.3410339E+01   0.0000000E+00
   6.3744077E+01   0.0000000E+00
   6.4077816E+01   0.0000000E+00
   6.4411554E+01   0.0000000E+00
   6.4745293E+01   0.0000000E+00
   6.5079032E+01   0.0000000E+00
   6.5412770E+01   0.0000000E+00
   6.5746509E+01   0.0000000E+00
   6.6080247E+01   0.0000000E+00
   6.6413986E+01   0.0000000E+00
   6.6747725E+01   0.0000000E+00
   6.7081463E+01   0.0000000E+00
   6.7415202E+01   0.0000000E+00
   6.7748940E+01   0.0000000E+00
   6.8082679E+01   0.0000000E+00
   6.8416418E+01   0.0000000E+00
   6.8750156E+01   0.0000000E+00
   6.9083895E+01   0.0000000E+00
   6.9417633E+01   0.0000000E+00
   6.9751372E+01   0.0000000E+00
   7.0085111E+01   0.0000000E+00
   7.0418849E+01   0.0000000E+00
   7.0752588E+01   0.0000000E+00
   7.1086326E+01   0.0000000E+00
   7.1420065E+01   0.0000000E+00
   7.1753804E+01   0.0000000E+00
   7.2087542E+01   0.0000000E+00
   7.2421281E+01   0.0000000E+00
   7.2755019E+01   0.0000000E+00
   7.3088758E+01   0.0000000E+00
   7.3422496E+01   0.0000000E+00
   7.3756235E+01   0.0000000E+00
   7.4089974E+01   0.0000000E+00
   7.4423712E+01   0.0000000E+00
   7.4757451E+01   0.0000000E+00
   7.5091189E+01   0.0000000E+00
   7.5424928E+01   0.0000000E+00
   7.5758667E+01   0.0000000E+00
   7.6092405E+01   0.0000000E+00
   7.6426144E+01   0.0000000E+00
   7.6759882E+01   0.0000000E+00
   7.7093621E+01   0.0000000E+00
   7.7427360E+01   0.0000000E+00
   7.7761098E+01   0.0000000E+00
   7.8094837E+01   0.0000000E+00
   7.8428575E+01   0.0000000E+00
   7.8762314E+01   0.0000000E+00
   7.9096053E+01   0.0000000E+00
   7.9429791E+01   0.0000000E+00
   7.9763530E+01   0.0000000E+00
   8.0097268E+01   0.0000000E+00
   8.0431007E+01   0.0000000E+00
   8.0764746E+01   0.0000000E+00
   8.1098484E+01   0.0000000E+00
   8.1432223E+01   0.0000000E+00
   8.1765961E+01   0.0000000E+00
   8.2099700E+01   0.0000000E+00
   8.2433439E+01   0.0000000E+00
   8.2767177E+01   0.0000000E+00
   8.3100916E+01   0.0000000E+00
   8.3434654E+01   0.0000000E+00
   8.3768393E+01   0.0000000E+00
   8.4102132E+01   0.0000000E+00
   8.4435870E+01   0.0000000E+00
   8.4769609E+01   0.0000000E+00
   8.5103347E+01   0.0000000E+00
   8.5437086E+01   0.0000000E+00
   8.5770825E+01   0.0000000E+00
   8.6104563E+01   0.0000000E+00
   8.6438302E+01   0.0000000E+00
   8.6772040E+01   0.0000000E+00
   8.7105779E+01   0.0000000E+00
   8.7439517E+01   0.0000000E+00
   8.7773256E+01   0.0000000E+00
   8.8106995E+01   0.0000000E+00
   8.8440733E+01   0.0000000E+00
   8.8774472E+01   0.0000000E+00
   8.9108210E+01   0.0000000E+00
   8.9441949E+01   0.0000000E+00
   8.9775688E+01   0.0000000E+00
   9.0109426E+01   0.0000000E+00
   9.0443165E+01   0.0000000E+00
   9.0776903E+01   0.0000000E+00
   9.1110642E+01   0.0000000E+00
   9.1444381E+01   0.0000000E+00
   9.1778119E+01   0.0000000E+00
   9.2111858E+01   0.0000000E+00
   9.2445596E+01   0.0000000E+00
   9.2779335E+01   0.0000000E+00
   9.3113074E+01   0.0000000E+00
   9.3446812E+01   0.0000000E+00
   9.3780551E+01   0.0000000E+00
   9.4114289E+01   0.0000000E+00
   9.4448028E+01   0.0000000E+00
   9.4781767E+01   0.0000000E+00
   9.5115505E+01   0.0000000E+00
   9.5449244E+01   0.0000000E+00
   9.5782982E+01   0.0000000E+00
   9.6116721E+01   0.0000000E+00
   9.6450460E+01   0.0000000E+00
   9.6784198E+01   0.0000000E+00
   9.7117937E+01   0.0000000E+00
   9.7451675E+01   0.0000000E+00
   9.7785414E+01   0.0000000E+00
   9.8119153E+01   0.0000000E+00
   9.8452891E+01   0.0000000E+00
   9.8786630E+01   0.0000000E+00
   9.9120368E+01   0.0000000E+00
   9.9454107E+01   0.0000000E+00
   9.9787846E+01   0.0000000E+00
   1.0012158E+02   0.0000000E+00
   1.0045532E+02   0.0000000E+00
   1.0078906E+02   0.0000000E+00
   1.0112280E+02   0.0000000E+00
   1.0145654E+02   0.0000000E+00
   1.0179028E+02   0.0000000E+00
   1.0212402E+02   0.0000000E+00
   1.0245775E+02   0.0000000E+00
   1.0279149E+02   0.0000000E+00
   1.0312523E+02   0.0000000E+00
   1.0345897E+02   0.0000000E+00
   1.0379271E+02   0.0000000E+00
   1.0412645E+02   0.0000000E+00
   1.0446019E+02   0.0000000E+00
   1.0479392E+02   0.0000000E+00
   1.0512766E+02   0.0000000E+00
   1.0546140E+02   0.0000000E+00
   1.0579514E+02   0.0000000E+00
   1.0612888E+02   0.0000000E+00
   1.0646262E+02   0.0000000E+00
   1.0679636E+02   0.0000000E+00
   1.0713009E+02   0.0000000E+00
   1.0746383E+02   0.0000000E+00
   1.0779757E+02   0.0000000E+00
   1.0813131E+02   0.0000000E+00
   1.0846505E+02   0.0000000E+00
   1.0879879E+02   0.0000000E+00
   1.0913253E+02   0.0000000E+00
   1.0946626E+02   0.0000000E+00
   1.0980000E+02   0.0000000E+00
   1.1013374E+02   0.0000000E+00
   1.1046748E+02   0.0000000E+00
   1.1080122E+02   0.0000000E+00
   1.1113496E+02   0.0000000E+00
   1.1146870E+02   0.0000000E+00
   1.1180243E+02   0.0000000E+00
   1.1213617E+02   0.0000000E+00
   1.1246991E+02   0.0000000E+00
   1.1280365E+02   0.0000000E+00
   1.1313739E+02   0.0000000E+00
   1.1347113E+02   0.0000000E+00
   1.1380487E+02   0.0000000E+00
   1.1413861E+02   0.0000000E+00
   1.1447234E+02   0.0000000E+00
   1.1480608E+02   0.0000000E+00
   1.1513982E+02   0.0000000E+00
   1.1547356E+02   0.0000000E+00
   1.1580730E+02   0.0000000E+00
   1.1614104E+02   0.0000000E+00
   1.1647478E+02   0.0000000E+00
   1.1680851E+02   0.0000000E+00
   1.1714225E+02   0.0000000E+00
   1.1747599E+02   0.0000000E+00
   1.1780973E+02   0.0000000E+00
   1.1814347E+02   0.0000000E+00
   1.1847721E+02   0.0000000E+00
   1.1881095E+02   0.0000000E+00
   1.1914468E+02   0.0000000E+00
   1.1947842E+02   0.0000000E+00
   1.1981216E+02   0.0000000E+00
   1.2014590E+02   0.0000000E+00
   1.2047964E+02   0.0000000E+00
   1.2081338E+02   0.0000000E+00
   1.2114712E+02   0.0000000E+00
   1.2148085E+02   0.0000000E+00
   1.2181459E+02   0.0000000E+00
   1.2214833E+02   0.0000000E+00
   1.2248207E+02   0.0000000E+00
   1.2281581E+02   0.0000000E+00
   1.2314955E+02   0.0000000E+00
   1.2348329E+02   0.0000000E+00
   1.2381702E+02   0.0000000E+00
   1.2415076E+02   0.0000000E+00
   1.2448450E+02   0.0000000E+00
   1.2481824E+02   0.0000000E+00
   1.2515198E+02   0.0000000E+00
   1.2548572E+02   0.0000000E+00
   1.2581946E+02   0.0000000E+00
   1.2615319E+02   0.0000000E+00
   1.2648693E+02   0.0000000E+00
   1.2682067E+02   0.0000000E+00
   1.2715441E+02   0.0000000E+00
   1.2748815E+02   0.0000000E+00
   1.2782189E+02   0.0000000E+00
   1.2815563E+02   0.0000000E+00
   1.2848936E+02   0.0000000E+00
   1.2882310E+02   0.0000000E+00
   1.2915684E+02   0.0000000E+00
   1.2949058E+02   0.0000000E+00
   1.2982432E+02   0.0000000E+00
   1.3015806E+02   0.0000000E+00
   1.3049180E+02   0.0000000E+00
   1.3082553E+02   0.0000000E+00
   1.3115927E+02   0.0000000E+00
   1.3149301E+02   0.0000000E+00
   1.3182675E+02   0.0000000E+00
   1.3216049E+02   0.0000000E+00
   1.3249423E+02   0.0000000E+00
   1.3282797E+02   0.0000000E+00
   1.3316171E+02   0.0000000E+00
   1.3349544E+02   0.0000000E+00
   1.3382918E+02   0.0000000E+00
   1.3416292E+02   0.0000000E+00
   1.3449666E+02   0.0000000E+00
   1.3483040E+02   0.0000000E+00
   1.3516414E+02   0.0000000E+00
   1.3549788E+02   0.0000000E+00
   1.3583161E+02   0.0000000E+00
   1.3616535E+02   0.0000000E+00
   1.3649909E+02   0.0000000E+00
   1.3683283E+02   0.0000000E+00
   1.3716657E+02   0.0000000E+00
   1.3750031E+02   0.0000000E+00
   1.3783405E+02   0.0000000E+00
   1.3816778E+02   0.0000000E+00
   1.3850152E+02   0.0000000E+00
   1.3883526E+02   0.0000000E+00
   1.3916900E+02   0.0000000E+00
   1.3950274E+02   0.0000000E+00
   1.3983648E+02   0.0000000E+00
   1.4017022E+02   0.0000000E+00
   1.4050395E+02   0.0000000E+00
   1.4083769E+02   0.0000000E+00
   1.4117143E+02   0.0000000E+00
   1.4150517E+02   0.0000000E+00
   1.4183891E+02   0.0000000E+00
   1.4217265E+02   0.0000000E+00
   1.4250639E+02   0.0000000E+00
   1.4284012E+02   0.0000000E+00
   1.4317386E+02   0.0000000E+00
   1.4350760E+02   0.0000000E+00
   1.4384134E+02   0.0000000E+00
   1.4417508E+02   0.0000000E+00
   1.4450882E+02   0.0000000E+00
   1.4484256E+02   1.4012985E-45
   1.4517629E+02   1.4012985E-45
   1.4551003E+02   4.2038954E-45
   1.4584377E+02   4.2038954E-45
   1.4617751E+02   5.6051939E-45
   1.4651125E+02   7.0064923E-45
   1.4684499E+02   4.2038954E-45
   1.4717873E+02   4.2038954E-45
   1.4751246E+02  -1.4012985E-45
   1.4784620E+02  -4.2038954E-45
   1.4817994E+02  -1.1210388E-44
   1.4851368E+02  -1.5414283E-44
   1.4884742E+02  -2.1019477E-44
   1.4918116E+02  -2.2420775E-44
   1.4951490E+02  -2.1019477E-44
   1.4984863E+02  -1.6815582E-44
   1.5018237E+02  -7.0064923E-45
   1.5051611E+02   5.6051939E-45
   1.5084985E+02   1.6815582E-44
   1.5118359E+02   3.0828566E-44
   1.5151733E+02   4.4841551E-44
   1.5185107E+02   5.6051939E-44
   1.5218480E+02   5.7453237E-44
   1.5251854E+02   5.1848043E-44
   1.5285228E+02   3.9236357E-44
   1.5318602E+02   1.6815582E-44
   1.5351976E+02  -5.6051939E-45
   1.5385350E+02  -4.2038954E-44
   1.5418724E+02  -7.4268819E-44
   1.5452098E+02  -1.0089349E-43
   1.5485471E+02  -1.1911037E-43
   1.5518845E+02  -1.2611686E-43
   1.5552219E+02  -1.1210388E-43
   1.5585593E+02  -7.9874012E-44
   1.5618967E+02  -2.9427268E-44
   1.5652341E+02   3.3631163E-44
   1.5685715E+02   1.0509738E-43
   1.5719088E+02   1.6955711E-43
   1.5752462E+02   2.1860256E-43
   1.5785836E+02   2.4662853E-43
   1.5819210E+02   2.3261555E-43
   1.5852584E+02   1.8216880E-43
   1.5885958E+02   8.9683102E-44
   1.5919332E+02  -3.3631163E-44
   1.5952705E+02  -1.8216880E-43
   1.5986079E+02  -3.3210774E-43
   1.6019453E+02  -4.5962590E-43
   1.6052827E+02  -5.4090121E-43
   1.6086201E+02  -5.5491419E-43
   1.6119575E+02  -4.8064537E-43
   1.6152949E+02  -3.1669345E-43
   1.6186322E+02  -7.1466222E-44
   1.6219696E+02   2.3681944E-43
   1.6253070E+02   5.7032847E-43
   1.6286444E+02   8.8562063E-43
   1.6319818E+02   1.1294466E-42
   1.6353192E+02   1.2471556E-42
   1.6386566E+02   1.1981102E-42
   1.6419939E+02   9.5848815E-43
   1.6453313E+02   5.2548692E-43
   1.6486687E+02  -7.0064923E-44
   1.6520061E+02  -7.6510896E-43
   1.6553435E+02  -1.4713634E-42
   1.6586809E+02  -2.0893360E-42
   1.6620183E+02  -2.4943113E-42
   1.6653556E+02  -2.5924022E-42
   1.6686930E+02  -2.3065373E-42
   1.6720304E+02  -1.6072893E-42
   1.6753678E+02  -5.2268433E-43
   1.6787052E+02   8.5479206E-43
   1.6820426E+02   2.3695957E-42
   1.6853800E+02   3.8171370E-42
   1.6887173E+02   4.9619979E-42
   1.6920547E+02   5.5729640E-42
   1.6953921E+02   5.4650640E-42
   1.6987295E+02   4.5065759E-42
   1.7020669E+02   2.6932956E-42
   1.7054043E+02   1.4153114E-43
   1.7087417E+02  -2.8978852E-42
   1.7120790E+02  -6.0536094E-42
   1.7154164E+02  -8.8730219E-42
   1.7187538E+02  -1.0867070E-41
   1.7220912E+02  -1.1584534E-41
   1.7254286E+02  -1.0689105E-41
   1.7287660E+02  -8.0168285E-42
   1.7321034E+02  -3.6475799E-42
   1.7354408E+02   2.0613100E-42
   1.7387781E+02   8.4960726E-42
   1.7421155E+02   1.4824336E-41
   1.7454529E+02   2.0073601E-41
   1.7487903E+02   2.3275567E-41
   1.7521277E+02   2.3585254E-41
   1.7554651E+02   2.0446346E-41
   1.7588025E+02   1.3711705E-41
   1.7621398E+02   3.7554799E-42
   1.7654772E+02  -8.5058817E-42
   1.7688146E+02  -2.1655666E-41
   1.7721520E+02  -3.3904416E-41
   1.7754894E+02  -4.3277702E-41
   1.7788268E+02  -4.7879566E-41
   1.7821642E+02  -4.6216225E-41
   1.7855015E+02  -3.7448300E-41
   1.7888389E+02  -2.1643055E-41
   1.7921763E+02   7.8472714E-44
   1.7955137E+02   2.5535862E-41
   1.7988511E+02   5.1618230E-41
   1.8021885E+02   7.4600926E-41
   1.8055259E+02   9.0586939E-41
   1.8088632E+02   9.6047799E-41
   1.8122006E+02   8.8389703E-41
   1.8155380E+02   6.6516836E-41
   1.8188754E+02   3.1225134E-41
   1.8222128E+02  -1.4591721E-41
   1.8255502E+02  -6.6009565E-41
   1.8288876E+02  -1.1648293E-40
   1.8322249E+02  -1.5849667E-40
   1.8355623E+02  -1.8451878E-40
   1.8388997E+02  -1.8808929E-40
   1.8422371E+02  -1.6494824E-40
   1.8455745E+02  -1.1398862E-40
   1.8489119E+02  -3.7980794E-41
   1.8522493E+02   5.6238311E-41
   1.8555866E+02   1.5804825E-40
   1.8589240E+02   2.5398254E-40
   1.8622614E+02   3.2920284E-40
   1.8655988E+02   3.6940470E-40
   1.8689362E+02   3.6300076E-40
   1.8722736E+02   3.0319474E-40
   1.8756110E+02   1.8977505E-40
   1.8789483E+02   3.0213396E-41
   1.8822857E+02  -1.6016982E-40
   1.8856231E+02  -3.5909534E-40
   1.8889605E+02  -5.3939902E-40
   1.8922979E+02  -6.7212440E-40
   1.8956353E+02  -7.3038899E-40
   1.8989727E+02  -6.9355025E-40
   1.9023100E+02  -5.5118394E-40
   1.9056474E+02  -3.0625938E-40
   1.9089848E+02   2.3125629E-41
   1.9123222E+02   4.0382199E-40
   1.9156596E+02   7.8990634E-40
   1.9189970E+02   1.1271260E-39
   1.9223344E+02   1.3592763E-39
   1.9256718E+02   1.4358377E-39
   1.9290091E+02   1.3201353E-39
   1.9323465E+02   9.9680105E-40
   1.9356839E+02   4.7745462E-40
   1.9390213E+02  -1.9645784E-40
   1.9423587E+02  -9.5469904E-40
   1.9456961E+02  -1.7033764E-39
   1.9490335E+02  -2.3344063E-39
   1.9523708E+02  -2.7384469E-39
   1.9557082E+02  -2.8201916E-39
   1.9590456E+02  -2.5142111E-39
   1.9623830E+02  -1.7991537E-39
   1.9657204E+02  -7.0815319E-40
   1.9690578E+02   6.6683030E-40
   1.9723952E+02   2.1781447E-39
   1.9757325E+02   3.6340742E-39
   1.9790699E+02   4.8185525E-39
   1.9824073E+02   5.5176688E-39
   1.9857447E+02   5.5502868E-39
   1.9890821E+02   4.7992118E-39
   1.9924195E+02   3.2385549E-39
   1.9957569E+02   9.5283671E-40
   1.9990942E+02  -1.8562889E-39
   2.0024316E+02  -4.8787243E-39
   2.0057690E+02  -7.7214208E-39
   2.0091064E+02  -9.9499520E-39
   2.0124438E+02  -1.1142984E-38
   2.0157812E+02  -1.0954272E-38
   2.0191186E+02  -9.1745519E-39
   2.0224559E+02  -5.7846806E-39
   2.0257933E+02  -9.9095904E-40
   2.0291307E+02   4.7654517E-39
   2.0324681E+02   1.0830773E-38
   2.0358055E+02   1.6394882E-38
   2.0391429E+02   2.0579469E-38
   2.0424803E+02   2.2551147E-38
   2.0458176E+02   2.1647752E-38
   2.0491550E+02   1.7502180E-38
   2.0524924E+02   1.0145733E-38
   2.0558298E+02   7.2730193E-41
   2.0591672E+02  -1.1749661E-38
   2.0625046E+02  -2.3937193E-38
   2.0658420E+02  -3.4813545E-38
   2.0691793E+02  -4.2598789E-38
   2.0725167E+02  -4.5645537E-38
   2.0758541E+02  -4.2697270E-38
   2.0791915E+02  -3.3136040E-38
   2.0825289E+02  -1.7182006E-38
   2.0858663E+02   3.9920695E-39
   2.0892037E+02   2.8262621E-38
   2.0925410E+02   5.2693693E-38
   2.0958784E+02   7.3815953E-38
   2.0992158E+02   8.8030859E-38
   2.1025532E+02   9.2104103E-38
   2.1058906E+02   8.3692954E-38
   2.1092280E+02   6.1837698E-38
   2.1125654E+02   2.7340264E-38
   2.1159027E+02  -1.7044313E-38
   2.1192401E+02  -6.6663776E-38
   2.1225775E+02  -1.1530716E-37
   2.1259149E+02  -1.5582656E-37
   2.1292523E+02  -1.8100222E-37
   2.1325897E+02  -1.8456838E-37
   2.1359271E+02  -1.6227989E-37
   2.1392645E+02  -1.1287359E-37
   2.1426018E+02  -3.8766272E-38
   2.1459392E+02   5.3656671E-38
   2.1492766E+02   1.5427465E-37
   2.1526140E+02   2.5004465E-37
   2.1559514E+02   3.2637604E-37
   2.1592888E+02   3.6896574E-37
   2.1626262E+02   3.6590880E-37
   2.1659635E+02   3.0982566E-37
   2.1693009E+02   1.9970277E-37
   2.1726383E+02   4.2129332E-38
   2.1759757E+02  -1.4835089E-37
   2.1793131E+02  -3.4997653E-37
   2.1826505E+02  -5.3567376E-37
   2.1859879E+02  -6.7605378E-37
   2.1893252E+02  -7.4325530E-37
   2.1926626E+02  -7.1522130E-37
   2.1960000E+02  -5.7986260E-37
   2.1993374E+02  -3.3848849E-37
   2.2026748E+02  -7.8844450E-39
   2.2060122E+02   3.7949588E-37
   2.2093496E+02   7.7756783E-37
   2.2126869E+02   1.1309629E-36
   2.2160243E+02   1.3814511E-36
   2.2193617E+02   1.4758491E-36
   2.2226991E+02   1.3745279E-36
   2.2260365E+02   1.0593855E-36
   2.2293739E+02   5.4004384E-37
   2.2327113E+02  -1.4292249E-37
   2.2360486E+02  -9.1868849E-37
   2.2393860E+02  -1.6913562E-36
   2.2427234E+02  -2.3496106E-36
   2.2460608E+02  -2.7801898E-36
   2.2493982E+02  -2.8838635E-36
   2.2527356E+02  -2.5920104E-36
   2.2560730E+02  -1.8815221E-36
   2.2594103E+02  -7.8558003E-37
   2.2627477E+02   6.0190025E-37
   2.2660851E+02   2.1298467E-36
   2.2694225E+02   3.6024253E-36
   2.2727599E+02   4.7998805E-36
   2.2760973E+02   5.5062138E-36
   2.2794347E+02   5.5407967E-36
   2.2827720E+02   4.7900118E-36
   2.2861094E+02   3.2343755E-36
   2.2894468E+02   9.6649075E-37
   2.2927842E+02  -1.8042073E-36
   2.2961216E+02  -4.7627191E-36
   2.2994590E+02  -7.5167110E-36
   2.3027964E+02  -9.6403552E-36
   2.3061337E+02  -1.0729950E-35
   2.3094711E+02  -1.0465233E-35
   2.3128085E+02  -8.6684658E-36
   2.3161459E+02  -5.3524604E-36
   2.3194833E+02  -7.4890771E-37
   2.3228207E+02   4.6901471E-36
   2.3261581E+02   1.0322143E-35
   2.3294955E+02   1.5375786E-35
   2.3328328E+02   1.9040931E-35
   2.3361702E+02   2.0578099E-35
   2.3395076E+02   1.9435028E-35
   2.3428450E+02   1.5354632E-35
   2.3461824E+02   8.4577106E-36
   2.3495198E+02  -7.1548174E-37
   2.3528572E+02  -1.1217004E-35
   2.3561945E+02  -2.1762929E-35
   2.3595319E+02  -3.0864039E-35
   2.3628693E+02  -3.7005905E-35
   2.3662067E+02  -3.8860271E-35
   2.3695441E+02  -3.5502466E-35
   2.3728815E+02  -2.6604801E-35
   2.3762189E+02  -1.2574646E-35
   2.3795562E+02   5.3907307E-36
   2.3828936E+02   2.5353244E-35
   2.3862310E+02   4.4795596E-35
   2.3895684E+02   6.0889758E-35
   2.3929058E+02   7.0850265E-35
   2.3962432E+02   7.2334957E-35
   2.3995806E+02   6.3843779E-35
   2.4029179E+02   4.5058489E-35
   2.4062553E+02   1.7066396E-35
   2.4095927E+02  -1.7580913E-35
   2.4129301E+02  -5.5007046E-35
   2.4162675E+02  -9.0358483E-35
   2.4196049E+02  -1.1834230E-34
   2.4229423E+02  -1.3390651E-34
   2.4262796E+02  -1.3298827E-34
   2.4296170E+02  -1.1323440E-34
   2.4329544E+02  -7.4588532E-35
   2.4362918E+02  -1.9642499E-35
   2.4396292E+02   4.6332672E-35
   2.4429666E+02   1.1572792E-34
   2.4463040E+02   1.7931643E-34
   2.4496413E+02   2.2730805E-34
   2.4529787E+02   2.5063874E-34
   2.4563161E+02   2.4234924E-34
   2.4596535E+02   1.9887218E-34
   2.4629909E+02   1.2103448E-34
   2.4663283E+02   1.4592339E-35
   2.4696657E+02  -1.0984395E-34
   2.4730030E+02  -2.3757462E-34
   2.4763404E+02  -3.5125842E-34
   2.4796778E+02  -4.3294127E-34
   2.4830152E+02  -4.6646793E-34
   2.4863526E+02  -4.3999699E-34
   2.4896900E+02  -3.4828208E-34
   2.4930274E+02  -1.9437164E-34
   2.4963647E+02   9.5971078E-36
   2.4997021E+02   2.4274792E-34
   2.5030395E+02   4.7707856E-34
   2.5063769E+02   6.8029467E-34
   2.5097143E+02   8.1964999E-34
   2.5130517E+02   8.6640436E-34
   2.5163891E+02   8.0037665E-34
   2.5197264E+02   6.1397663E-34
   2.5230638E+02   3.1508143E-34
   2.5264012E+02  -7.1796348E-35
   2.5297386E+02  -5.0646183E-34
   2.5330760E+02  -9.3627996E-34
   2.5364134E+02  -1.3015904E-33
   2.5397508E+02  -1.5428598E-33
   2.5430882E+02  -1.6088440E-33
   2.5464255E+02  -1.4647822E-33
   2.5497629E+02  -1.0995141E-33
   2.5531003E+02  -5.3039214E-34
   2.5564377E+02   1.9498659E-34
   2.5597751E+02   1.0009160E-33
   2.5631125E+02   1.7898360E-33
   2.5664499E+02   2.4524361E-33
   2.5697872E+02   2.8807781E-33
   2.5731246E+02   2.9830788E-33
   2.5764620E+02   2.6983939E-33
   2.5797994E+02   2.0091939E-33
   2.5831368E+02   9.4986097E-34
   2.5864742E+02  -3.9062467E-34
   2.5898116E+02  -1.8729519E-33
   2.5931489E+02  -3.3191001E-33
   2.5964863E+02  -4.5307567E-33
   2.5998237E+02  -5.3130016E-33
   2.6031611E+02  -5.5007993E-33
   2.6064985E+02  -4.9851544E-33
   2.6098359E+02  -3.7353735E-33
   2.6131733E+02  -1.8139569E-33
   2.6165106E+02   6.1888437E-34
   2.6198480E+02   3.3130658E-33
   2.6231854E+02   5.9494579E-33
   2.6265228E+02   8.1726818E-33
   2.6298602E+02   9.6331174E-33
   2.6331976E+02   1.0033813E-32
   2.6365350E+02   9.1767141E-33
   2.6398723E+02   7.0020452E-33
   2.6432097E+02   3.6147087E-33
   2.6465471E+02  -7.0744703E-34
   2.6498845E+02  -5.5270135E-33
   2.6532219E+02  -1.0283096E-32
   2.6565593E+02  -1.4348325E-32
   2.6598967E+02  -1.7102037E-32
   2.6632340E+02  -1.8012150E-32
   2.6665714E+02  -1.6716084E-32
   2.6699088E+02  -1.3090092E-32
   2.6732462E+02  -7.2963779E-33
   2.6765836E+02   2.0094782E-34
   2.6799210E+02   8.6571544E-33
   2.6832584E+02   1.7107379E-32
   2.6865957E+02   2.4463388E-32
   2.6899331E+02   2.9638650E-32
   2.6932705E+02   3.1688941E-32
   2.6966079E+02   2.9952295E-32
   2.6999453E+02   2.4169874E-32
   2.7032827E+02   1.4569923E-32
   2.7066201E+02   1.8991757E-33
   2.7099574E+02  -1.2608752E-32
   2.7132948E+02  -2.7331666E-32
   2.7166322E+02  -4.0419285E-32
   2.7199696E+02  -5.0002685E-32
   2.7233070E+02  -5.4431736E-32
   2.7266444E+02  -5.2513224E-32
   2.7299818E+02  -4.3718921E-32
   2.7333192E+02  -2.8333319E-32
   2.7366565E+02  -7.5147679E-33
   2.7399939E+02   1.6748379E-32
   2.7433313E+02   4.1793203E-32
   2.7466687E+02   6.4542480E-32
   2.7500061E+02   8.1848955E-32
   2.7533435E+02   9.0888471E-32
   2.7566809E+02   8.9558093E-32
   2.7600182E+02   7.6827678E-32
   2.7633556E+02   5.2995035E-32
   2.7666930E+02   1.9800291E-32
   2.7700304E+02  -1.9631261E-32
   2.7733678E+02  -6.1029997E-32
   2.7767052E+02  -9.9396817E-32
   2.7800426E+02  -1.2955806E-31
   2.7833799E+02  -1.4680554E-31
   2.7867173E+02  -1.4754827E-31
   2.7900547E+02  -1.2989427E-31
   2.7933921E+02  -9.4078962E-32
   2.7967295E+02  -4.2668529E-32
   2.8000669E+02   1.9513388E-32
   2.8034043E+02   8.5756468E-32
   2.8067416E+02   1.4811745E-31
   2.8100790E+02   1.9830336E-31
   2.8134164E+02   2.2869553E-31
   2.8167538E+02   2.3339795E-31
   2.8200912E+02   2.0917649E-31
   2.8234286E+02   1.5615624E-31
   2.8267660E+02   7.8160341E-32
   2.8301033E+02  -1.7392708E-32
   2.8334407E+02  -1.2006750E-31
   2.8367781E+02  -2.1744262E-31
   2.8401155E+02  -2.9650853E-31
   2.8434529E+02  -3.4528983E-31
   2.8467903E+02  -3.5450707E-31
   2.8501277E+02  -3.1906159E-31
   2.8534650E+02  -2.3913571E-31
   2.8568024E+02  -1.2071846E-31
   2.8601398E+02   2.4570606E-32
   2.8634772E+02   1.8041426E-31
   2.8668146E+02   3.2744462E-31
   2.8701520E+02   4.4546760E-31
   2.8734894E+02   5.1603337E-31
   2.8768267E+02   5.2505214E-31
   2.8801641E+02   4.6511754E-31
   2.8835015E+02   3.3719791E-31
   2.8868389E+02   1.5140290E-31
   2.8901763E+02  -7.3374781E-32
   2.8935137E+02  -3.1102266E-31
   2.8968511E+02  -5.3089886E-31
   2.9001884E+02  -7.0142124E-31
   2.9035258E+02  -7.9417828E-31
   2.9068632E+02  -7.8807633E-31
   2.9102006E+02  -6.7297606E-31
   2.9135380E+02  -4.5228086E-31
   2.9168754E+02  -1.4401395E-31
   2.9202128E+02   2.1992766E-31
   2.9235501E+02   5.9645138E-31
   2.9268875E+02   9.3574231E-31
   2.9302249E+02   1.1871459E-30
   2.9335623E+02   1.3058404E-30
   2.9368997E+02   1.2595056E-30
   2.9402371E+02   1.0341104E-30
   2.9435745E+02   6.3794520E-31
   2.9469119E+02   1.0317352E-31
   2.9502492E+02  -5.1559646E-31
   2.9535866E+02  -1.1458677E-30
   2.9569240E+02  -1.7047079E-30
   2.9602614E+02  -2.1084498E-30
   2.9635988E+02  -2.2836250E-30
   2.9669362E+02  -2.1778495E-30
   2.9702736E+02  -1.7692179E-30
   2.9736109E+02  -1.0728232E-30
   2.9769483E+02  -1.4320587E-31
   2.9802857E+02   9.2803831E-31
   2.9836231E+02   2.0197438E-30
   2.9869605E+02   2.9933608E-30
   2.9902979E+02   3.7087956E-30
   2.9936353E+02   4.0422704E-30
   2.9969726E+02   3.9041323E-30
   3.0003100E+02   3.2542987E-30
   3.0036474E+02   2.1131001E-30
   3.0069848E+02   5.6561459E-31
   3.0103222E+02  -1.2417892E-30
   3.0136596E+02  -3.1130970E-30
   3.0169970E+02  -4.8219102E-30
   3.0203343E+02  -6.1366658E-30
   3.0236717E+02  -6.8492621E-30
   3.0270091E+02  -6.8038147E-30
   3.0303465E+02  -5.9218769E-30
   3.0336839E+02  -4.2205897E-30
   3.0370213E+02  -1.8206756E-30
   3.0403587E+02   1.0577557E-30
   3.0436960E+02   4.1123344E-30
   3.0470334E+02   6.9876575E-30
   3.0503708E+02   9.3141358E-30
   3.0537082E+02   1.0752554E-29
   3.0570456E+02   1.1039278E-29
   3.0603830E+02   1.0026494E-29
   3.0637204E+02   7.7119065E-30
   3.0670577E+02   4.2531597E-30
   3.0703951E+02  -3.6366974E-32
   3.0737325E+02  -4.7116048E-30
   3.0770699E+02  -9.2385641E-30
   3.0804073E+02  -1.3052271E-29
   3.0837447E+02  -1.5623970E-29
   3.0870821E+02  -1.6530022E-29
   3.0904194E+02  -1.5514061E-29
   3.0937568E+02  -1.2533885E-29
   3.0970942E+02  -7.7859028E-30
   3.1004316E+02  -1.7019503E-30
   3.1037690E+02   5.0836110E-30
   3.1071064E+02   1.1794980E-29
   3.1104438E+02   1.7599098E-29
   3.1137811E+02   2.1704394E-29
   3.1171185E+02   2.3462906E-29
   3.1204559E+02   2.2463340E-29
   3.1237933E+02   1.8602512E-29
   3.1271307E+02   1.2124393E-29
   3.1304681E+02   3.6190240E-30
   3.1338055E+02  -6.0219466E-30
   3.1371429E+02  -1.5691243E-29
   3.1404802E+02  -2.4186131E-29
   3.1438176E+02  -3.0350531E-29
   3.1471550E+02  -3.3223137E-29
   3.1504924E+02  -3.2173379E-29
   3.1538298E+02  -2.7007159E-29
   3.1571672E+02  -1.8026658E-29
   3.1605046E+02  -6.0329936E-30
   3.1638419E+02   7.7332617E-30
   3.1671793E+02   2.1711204E-29
   3.1705167E+02   3.4188028E-29
   3.1738541E+02   4.3499794E-29
   3.1771915E+02   4.8241545E-29
   3.1805289E+02   4.7461555E-29
   3.1838663E+02   4.0813718E-29
   3.1872036E+02   2.8646291E-29
   3.1905410E+02   1.2010563E-29
   3.1938784E+02  -7.4170331E-30
   3.1972158E+02  -2.7496487E-29
   3.2005532E+02  -4.5854926E-29
   3.2038906E+02  -6.0162603E-29
   3.2072280E+02  -6.8422832E-29
   3.2105653E+02  -6.9240323E-29
   3.2139027E+02  -6.2032585E-29
   3.2172401E+02  -4.7154023E-29
   3.2205775E+02  -2.5911028E-29
   3.2239149E+02  -4.5885281E-31
   3.2272523E+02   2.6414671E-29
   3.2305897E+02   5.1598227E-29
   3.2339270E+02   7.2026169E-29
   3.2372644E+02   8.5064113E-29
   3.2406018E+02   8.8862691E-29
   3.2439392E+02   8.2632169E-29
   3.2472766E+02   6.6797197E-29
   3.2506140E+02   4.3003777E-29
   3.2539514E+02   1.3968120E-29
   3.2572887E+02  -1.6823058E-29
   3.2606261E+02  -4.5531620E-29
   3.2639635E+02  -6.8458967E-29
   3.2673009E+02  -8.2548234E-29
   3.2706383E+02  -8.5832348E-29
   3.2739757E+02  -7.7763105E-29
   3.2773131E+02  -5.9369054E-29
   3.2806504E+02  -3.3207101E-29
   3.2839878E+02  -3.0991583E-30
   3.2873252E+02   2.6328016E-29
   3.2906626E+02   5.0252953E-29
   3.2940000E+02   6.4349665E-29
   3.2973374E+02   6.5468522E-29
   3.3006748E+02   5.2215957E-29
   3.3040121E+02   2.5341326E-29
   3.3073495E+02  -1.2139040E-29
   3.3106869E+02  -5.5125074E-29
   3.3140243E+02  -9.6929671E-29
   3.3173617E+02  -1.3005478E-28
   3.3206991E+02  -1.4717143E-28
   3.3240365E+02  -1.4219501E-28
   3.3273739E+02  -1.1132164E-28
   3.3307112E+02  -5.3883596E-29
   3.3340486E+02   2.7108114E-29
   3.3373860E+02   1.2484330E-28
   3.3407234E+02   2.2907555E-28
   3.3440608E+02   3.2698029E-28
   3.3473982E+02   4.0445111E-28
   3.3507356E+02   4.4772402E-28
   3.3540729E+02   4.4516022E-28
   3.3574103E+02   3.8898479E-28
   3.3607477E+02   2.7675931E-28
   3.3640851E+02   1.1238191E-28
   3.3674225E+02  -9.3558066E-29
   3.3707599E+02  -3.2418457E-28
   3.3740973E+02  -5.5752513E-28
   3.3774346E+02  -7.6842992E-28
   3.3807720E+02  -9.3105992E-28
   3.3841094E+02  -1.0217155E-27
   3.3874468E+02  -1.0217030E-27
   3.3907842E+02  -9.1991437E-28
   3.3941216E+02  -7.1479619E-28
   3.3974590E+02  -4.1543450E-28
   3.4007963E+02  -4.1553383E-29
   3.4041337E+02   3.7765310E-28
   3.4074711E+02   8.0581525E-28
   3.4108085E+02   1.2026312E-27
   3.4141459E+02   1.5277627E-27
   3.4174833E+02   1.7449861E-27
   3.4208207E+02   1.8261541E-27
   3.4241580E+02   1.7545143E-27
   3.4274954E+02   1.5269803E-27
   3.4308328E+02   1.1550447E-27
   3.4341702E+02   6.6418910E-28
   3.4375076E+02   9.1774029E-29
   3.4408450E+02  -5.1638438E-28
   3.4441824E+02  -1.1104089E-27
   3.4475197E+02  -1.6412517E-27
   3.4508571E+02  -2.0655160E-27
   3.4541945E+02  -2.3496469E-27
   3.4575319E+02  -2.4729842E-27
   3.4608693E+02  -2.4293076E-27
   3.4642067E+02  -2.2266797E-27
   3.4675441E+02  -1.8856087E-27
   3.4708814E+02  -1.4358003E-27
   3.4742188E+02  -9.1194381E-28
   3.4775562E+02  -3.4913662E-28
   3.4808936E+02   2.2136150E-28
   3.4842310E+02   7.7539442E-28
   3.4875684E+02   1.2976483E-27
   3.4909058E+02   1.7815330E-27
   3.4942431E+02   2.2271392E-27
   3.4975805E+02   2.6375291E-27
   3.5009179E+02   3.0139026E-27
   3.5042553E+02   3.3504552E-27
   3.5075927E+02   3.6298626E-27
   3.5109301E+02   3.8204179E-27
   3.5142675E+02   3.8756551E-27
   3.5176048E+02   3.7371064E-27
   3.5209422E+02   3.3403776E-27
   3.5242796E+02   2.6242964E-27
   3.5276170E+02   1.5423290E-27
   3.5309544E+02   7.5025371E-29
   3.5342918E+02  -1.7581863E-27
   3.5376292E+02  -3.8896925E-27
   3.5409666E+02  -6.1986845E-27
   3.5443039E+02  -8.5120803E-27
   3.5476413E+02  -1.0612326E-26
   3.5509787E+02  -1.2252520E-26
   3.5543161E+02  -1.3178179E-26
   3.5576535E+02  -1.3154200E-26
   3.5609909E+02  -1.1994679E-26
   3.5643283E+02  -9.5923976E-27
   3.5676656E+02  -5.9445576E-27
   3.5710030E+02  -1.1711407E-27
   3.5743404E+02   4.4772132E-27
   3.5776778E+02   1.0624356E-26
   3.5810152E+02   1.6787860E-26
   3.5843526E+02   2.2412244E-26
   3.5876900E+02   2.6914239E-26
   3.5910273E+02   2.9736827E-26
   3.5943647E+02   3.0407266E-26
   3.5977021E+02   2.8593401E-26
   3.6010395E+02   2.4152178E-26
   3.6043769E+02   1.7164581E-26
   3.6077143E+02   7.9519691E-27
   3.6110517E+02  -2.9296830E-27
   3.6143890E+02  -1.4718844E-26
   3.6177264E+02  -2.6500100E-26
   3.6210638E+02  -3.7274867E-26
   3.6244012E+02  -4.6045780E-26
   3.6277386E+02  -5.1907171E-26
   3.6310760E+02  -5.4133275E-26
   3.6344134E+02  -5.2255644E-26
   3.6377507E+02  -4.6120938E-26
   3.6410881E+02  -3.5923475E-26
   3.6444255E+02  -2.2207368E-26
   3.6477629E+02  -5.8372687E-27
   3.6511003E+02   1.2060820E-26
   3.6544377E+02   3.0184086E-26
   3.6577751E+02   4.7155566E-26
   3.6611124E+02   6.1635527E-26
   3.6644498E+02   7.2431711E-26
   3.6677872E+02   7.8598206E-26
   3.6711246E+02   7.9513925E-26
   3.6744620E+02   7.4933669E-26
   3.6777994E+02   6.5007882E-26
   3.6811368E+02   5.0269573E-26
   3.6844741E+02   3.1590921E-26
   3.6878115E+02   1.0114697E-26
   3.6911489E+02  -1.2832662E-26
   3.6944863E+02  -3.5837150E-26
   3.6978237E+02  -5.7493804E-26
   3.7011611E+02  -7.6495115E-26
   3.7044985E+02  -9.1704994E-26
   3.7078358E+02  -1.0221320E-25
   3.7111732E+02  -1.0736855E-25
   3.7145106E+02  -1.0679219E-25
   3.7178480E+02  -1.0037242E-25
   3.7211854E+02  -8.8248039E-26
   3.7245228E+02  -7.0783509E-26
   3.7278602E+02  -4.8543616E-26
   3.7311976E+02  -2.2271056E-26
   3.7345349E+02   7.1291640E-27
   3.7378723E+02   3.8598314E-26
   3.7412097E+02   7.0925264E-26
   3.7445471E+02   1.0274561E-25
   3.7478845E+02   1.3254268E-25
   3.7512219E+02   1.5865847E-25
   3.7545593E+02   1.7931957E-25
   3.7578966E+02   1.9268625E-25
   3.7612340E+02   1.9692919E-25
   3.7645714E+02   1.9033774E-25
   3.7679088E+02   1.7145776E-25
   3.7712462E+02   1.3925783E-25
   3.7745836E+02   9.3313475E-26
   3.7779210E+02   3.3999776E-26
   3.7812583E+02  -3.7327545E-26
   3.7845957E+02  -1.1817933E-25
   3.7879331E+02  -2.0483515E-25
   3.7912705E+02  -2.9232503E-25
   3.7946079E+02  -3.7451379E-25
   3.7979453E+02  -4.4431274E-25
   3.8012827E+02  -4.9403193E-25
   3.8046200E+02  -5.1587835E-25
   3.8079574E+02  -5.0259492E-25
   3.8112948E+02  -4.4821006E-25
   3.8146322E+02  -3.4886057E-25
   3.8179696E+02  -2.0361973E-25
   3.8213070E+02  -1.5253735E-26
   3.8246444E+02   2.0919021E-25
   3.8279817E+02   4.5806106E-25
   3.8313191E+02   7.1514516E-25
   3.8346565E+02   9.6015544E-25
   3.8379939E+02   1.1697157E-24
   3.8413313E+02   1.3188642E-24
   3.8446687E+02   1.3830308E-24
   3.8480061E+02   1.3403985E-24
   3.8513434E+02   1.1744926E-24
   3.8546808E+02   8.7679188E-25
   3.8580182E+02   4.4909797E-25
   3.8613556E+02  -9.4611244E-26
   3.8646930E+02  -7.2713343E-25
   3.8680304E+02  -1.4080528E-24
   3.8713678E+02  -2.0850203E-24
   3.8747051E+02  -2.6964128E-24
   3.8780425E+02  -3.1753630E-24
   3.8813799E+02  -3.4550522E-24
   3.8847173E+02  -3.4749500E-24
   3.8880547E+02  -3.1876075E-24
   3.8913921E+02  -2.5654506E-24
   3.8947295E+02  -1.6069105E-24
   3.8980668E+02  -3.4121074E-25
   3.9014042E+02   1.1689086E-24
   3.9047416E+02   2.8271335E-24
   3.9080790E+02   4.5067079E-24
   3.9114164E+02   6.0570066E-24
   3.9147538E+02   7.3135697E-24
   3.9180912E+02   8.1112564E-24
   3.9214285E+02   8.2998328E-24
   3.9247659E+02   7.7609153E-24
   3.9281033E+02   6.4248828E-24
   3.9314407E+02   4.2860651E-24
   3.9347781E+02   1.4143791E-24
   3.9381155E+02  -2.0384118E-24
   3.9414529E+02  -5.8394797E-24
   3.9447903E+02  -9.6839602E-24
   3.9481276E+02  -1.3212908E-23
   3.9514650E+02  -1.6039915E-23
   3.9548024E+02  -1.7785273E-23
   3.9581398E+02  -1.8115452E-23
   3.9614772E+02  -1.6784693E-23
   3.9648146E+02  -1.3674590E-23
   3.9681520E+02  -8.8271011E-24
   3.9714893E+02  -2.4661125E-24
   3.9748267E+02   4.9967870E-24
   3.9781641E+02   1.2975795E-23
   3.9815015E+02   2.0745522E-23
   3.9848389E+02   2.7496561E-23
   3.9881763E+02   3.2409331E-23
   3.9915137E+02   3.4740967E-23
   3.9948510E+02   3.3917501E-23
   3.9981884E+02   2.9621714E-23
   4.0015258E+02   2.1865782E-23
   4.0048632E+02   1.1037701E-23
   4.0082006E+02  -2.0880012E-24
   4.0115380E+02  -1.6382533E-23
   4.0148754E+02  -3.0441010E-23
   4.0182127E+02  -4.2704588E-23
   4.0215501E+02  -5.1619202E-23
   4.0248875E+02  -5.5817134E-23
   4.0282249E+02  -5.4303904E-23
   4.0315623E+02  -4.6627763E-23
   4.0348997E+02  -3.3009020E-23
   4.0382371E+02  -1.4406769E-23
   4.0415744E+02   7.4952152E-24
   4.0449118E+02   3.0394028E-23
   4.0482492E+02   5.1566304E-23
   4.0515866E+02   6.8149807E-23
   4.0549240E+02   7.7485402E-23
   4.0582614E+02   7.7486210E-23
   4.0615988E+02   6.6990964E-23
   4.0649361E+02   4.6053823E-23
   4.0682735E+02   1.6123241E-23
   4.0716109E+02  -1.9931631E-23
   4.0749483E+02  -5.7975773E-23
   4.0782857E+02  -9.2954144E-23
   4.0816231E+02  -1.1941585E-22
   4.0849605E+02  -1.3217771E-22
   4.0882978E+02  -1.2706458E-22
   4.0916352E+02  -1.0164137E-22
   4.0949726E+02  -5.5839917E-23
   4.0983100E+02   7.6210779E-24
   4.1016474E+02   8.3112567E-23
   4.1049848E+02   1.6233748E-22
   4.1083222E+02   2.3496867E-22
   4.1116595E+02   2.8966740E-22
   4.1149969E+02   3.1541395E-22
   4.1183343E+02   3.0302886E-22
   4.1216717E+02   2.4671659E-22
   4.1250091E+02   1.4543356E-22
   4.1283465E+02   3.8698865E-24
   4.1316839E+02  -1.6715008E-22
   4.1350213E+02  -3.5099984E-22
   4.1383586E+02  -5.2639494E-22
   4.1416960E+02  -6.6933977E-22
   4.1450334E+02  -7.5575374E-22
   4.1483708E+02  -7.6455177E-22
   4.1517082E+02  -6.8085335E-22
   4.1550456E+02  -4.9892461E-22
   4.1583830E+02  -2.2442959E-22
   4.1617203E+02   1.2441273E-22
   4.1650577E+02   5.1708977E-22
   4.1683951E+02   9.1267284E-22
   4.1717325E+02   1.2633204E-21
   4.1750699E+02   1.5192215E-21
   4.1784073E+02   1.6345637E-21
   4.1817447E+02   1.5739218E-21
   4.1850820E+02   1.3183099E-21
   4.1884194E+02   8.7006829E-22
   4.1917568E+02   2.5576976E-22
   4.1950942E+02  -4.7352455E-22
   4.1984316E+02  -1.2451120E-21
   4.2017690E+02  -1.9706930E-21
   4.2051064E+02  -2.5553265E-21
   4.2084437E+02  -2.9085728E-21
   4.2117811E+02  -2.9567050E-21
   4.2151185E+02  -2.6545575E-21
   4.2184559E+02  -1.9953917E-21
   4.2217933E+02  -1.0171942E-21
   4.2251307E+02   1.9598889E-22
   4.2284681E+02   1.5186095E-21
   4.2318054E+02   2.7943668E-21
   4.2351428E+02   3.8526567E-21
   4.2384802E+02   4.5293902E-21
   4.2418176E+02   4.6900398E-21
   4.2451550E+02   4.2521219E-21
   4.2484924E+02   3.2039565E-21
   4.2518298E+02   1.6165300E-21
   4.2551671E+02  -3.5427079E-22
   4.2585045E+02  -2.4769067E-21
   4.2618419E+02  -4.4654845E-21
   4.2651793E+02  -6.0120840E-21
   4.2685167E+02  -6.8273888E-21
   4.2718541E+02  -6.6852773E-21
   4.2751915E+02  -5.4657272E-21
   4.2785288E+02  -3.1896973E-21
   4.2818662E+02  -3.9686898E-23
   4.2852036E+02   3.6393645E-21
   4.2885410E+02   7.3623412E-21
   4.2918784E+02   1.0550164E-20
   4.2952158E+02   1.2597547E-20
   4.2985532E+02   1.2956457E-20
   4.3018905E+02   1.1226156E-20
   4.3052279E+02   7.2383570E-21
   4.3085653E+02   1.1246861E-21
   4.3119027E+02  -6.6460683E-21
   4.3152401E+02  -1.5271223E-20
   4.3185775E+02  -2.3664527E-20
   4.3219149E+02  -3.0554611E-20
   4.3252522E+02  -3.4626191E-20
   4.3285896E+02  -3.4692032E-20
   4.3319270E+02  -2.9877483E-20
   4.3352644E+02  -1.9794901E-20
   4.3386018E+02  -4.6831186E-21
   4.3419392E+02   1.4512131E-20
   4.3452766E+02   3.6136542E-20
   4.3486140E+02   5.7916770E-20
   4.3519513E+02   7.7143342E-20
   4.3552887E+02   9.0937393E-20
   4.3586261E+02   9.6579385E-20
   4.3619635E+02   9.1867183E-20
   4.3653009E+02   7.5462569E-20
   4.3686383E+02   4.7181513E-20
   4.3719757E+02   8.1847389E-21
   4.3753130E+02  -3.8967723E-20
   4.3786504E+02  -9.0421956E-20
   4.3819878E+02  -1.4130279E-19
   4.3853252E+02  -1.8614105E-19
   4.3886626E+02  -2.1942331E-19
   4.3920000E+02  -2.3621331E-19
   4.3953374E+02  -2.3278111E-19
   4.3986747E+02  -2.0716834E-19
   4.4020121E+02  -1.5961900E-19
   4.4053495E+02  -9.2814046E-20
   4.4086869E+02  -1.1864769E-20
   4.4120243E+02   7.5956144E-20
   4.4153617E+02   1.6173944E-19
   4.4186991E+02   2.3568596E-19
   4.4220364E+02   2.8801312E-19
   4.4253738E+02   3.0993837E-19
   4.4287112E+02   2.9464463E-19
   4.4320486E+02   2.3812669E-19
   4.4353860E+02   1.3982456E-19
   4.4387234E+02   2.9669644E-21
   4.4420608E+02  -1.6543013E-19
   4.4453981E+02  -3.5493296E-19
   4.4487355E+02  -5.5241815E-19
   4.4520729E+02  -7.4311683E-19
   4.4554103E+02  -9.1189787E-19
   4.4587477E+02  -1.0446914E-18
   4.4620851E+02  -1.1299264E-18
   4.4654225E+02  -1.1598505E-18
   4.4687598E+02  -1.1315927E-18
   4.4720972E+02  -1.0478396E-18
   4.4754346E+02  -9.1701594E-19
   4.4787720E+02  -7.5288795E-19
   4.4821094E+02  -5.7354481E-19
   4.4854468E+02  -3.9976502E-19
   4.4887842E+02  -2.5281835E-19
   4.4921215E+02  -1.5181080E-19
   4.4954589E+02  -1.1072454E-19
   4.4987963E+02  -1.3534691E-19
   4.5021337E+02  -2.2031495E-19
   4.5054711E+02  -3.4649187E-19
   4.5088085E+02  -4.7889792E-19
   4.5121459E+02  -5.6534166E-19
   4.5154832E+02  -5.3585215E-19
   4.5188206E+02  -3.0291685E-19
   4.5221580E+02   2.3760515E-19
   4.5254954E+02   1.2050830E-18
   4.5288328E+02   2.7325622E-18
   4.5321702E+02   4.9654387E-18
   4.5355076E+02   8.0608056E-18
   4.5388450E+02   1.2187934E-17
   4.5421823E+02   1.7530255E-17
   4.5455197E+02   2.4289272E-17
   4.5488571E+02   3.2690552E-17
   4.5521945E+02   4.2992080E-17
   4.5555319E+02   5.5494872E-17
   4.5588693E+02   7.0555786E-17
   4.5622067E+02   8.8602452E-17
   4.5655440E+02   1.1014951E-16
   4.5688814E+02   1.3581644E-16
   4.5722188E+02   1.6634560E-16
   4.5755562E+02   2.0261998E-16
   4.5788936E+02   2.4568079E-16
   4.5822310E+02   2.9674275E-16
   4.5855684E+02   3.5720811E-16
   4.5889057E+02   4.2867694E-16
   4.5922431E+02   5.1295389E-16
   4.5955805E+02   6.1205055E-16
   4.5989179E+02   7.2818279E-16
   4.6022553E+02   8.6375846E-16
   4.6055927E+02   1.0213585E-15
   4.6089301E+02   1.2037014E-15
   4.6122674E+02   1.4135950E-15
   4.6156048E+02   1.6538642E-15
   4.6189422E+02   1.9272572E-15
   4.6222796E+02   2.2363169E-15
   4.6256170E+02   2.5832140E-15
   4.6289544E+02   2.9695309E-15
   4.6322918E+02   3.3959939E-15
   4.6356291E+02   3.8621255E-15
   4.6389665E+02   4.3658018E-15
   4.6423039E+02   4.9027021E-15
   4.6456413E+02   5.4656088E-15
   4.6489787E+02   6.0435343E-15
   4.6523161E+02   6.6205899E-15
   4.6556535E+02   7.1746554E-15
   4.6589908E+02   7.6756686E-15
   4.6623282E+02   8.0835446E-15
   4.6656656E+02   8.3456140E-15
   4.6690030E+02   8.3934833E-15
   4.6723404E+02   8.1392124E-15
   4.6756778E+02   7.4706807E-15
   4.6790152E+02   6.2459227E-15
   4.6823525E+02   4.2863594E-15
   4.6856899E+02   1.3686426E-15
   4.6890273E+02  -2.7850274E-15
   4.6923647E+02  -8.5185629E-15
   4.6957021E+02  -1.6255714E-14
   4.6990395E+02  -2.6516217E-14
   4.7023769E+02  -3.9934961E-14
   4.7057142E+02  -5.7284567E-14
   4.7090516E+02  -7.9502255E-14
   4.7123890E+02  -1.0772055E-13
   4.7157264E+02  -1.4330469E-13
   4.7190638E+02  -1.8789530E-13
   4.7224012E+02  -2.4345871E-13
   4.7257386E+02  -3.1234607E-13
   4.7290760E+02  -3.9736237E-13
   4.7324133E+02  -5.0184564E-13
   4.7357507E+02  -6.2975970E-13
   4.7390881E+02  -7.8580057E-13
   4.7424255E+02  -9.7552055E-13
   4.7457629E+02  -1.2054748E-12
   4.7491003E+02  -1.4833813E-12
   4.7524377E+02  -1.8183118E-12
   4.7557750E+02  -2.2209120E-12
   4.7591124E+02  -2.7036511E-12
   4.7624498E+02  -3.2810994E-12
   4.7657872E+02  -3.9702694E-12
   4.7691246E+02  -4.7909662E-12
   4.7724620E+02  -5.7662256E-12
   4.7757994E+02  -6.9227853E-12
   4.7791367E+02  -8.2916295E-12
   4.7824741E+02  -9.9086052E-12
   4.7858115E+02  -1.1815115E-11
   4.7891489E+02  -1.4058895E-11
   4.7924863E+02  -1.6694906E-11
   4.7958237E+02  -1.9786311E-11
   4.7991611E+02  -2.3405611E-11
   4.8024984E+02  -2.7635862E-11
   4.8058358E+02  -3.2572035E-11
   4.8091732E+02  -3.8322606E-11
   4.8125106E+02  -4.5011283E-11
   4.8158480E+02  -5.2778830E-11
   4.8191854E+02  -6.1785271E-11
   4.8225228E+02  -7.2212146E-11
   4.8258601E+02  -8.4265171E-11
   4.8291975E+02  -9.8176925E-11
   4.8325349E+02  -1.1421004E-10
   4.8358723E+02  -1.3266073E-10
   4.8392097E+02  -1.5386226E-10
   4.8425471E+02  -1.7818910E-10
   4.8458845E+02  -2.0606161E-10
   4.8492218E+02  -2.3795016E-10
   4.8525592E+02  -2.7438105E-10
   4.8558966E+02  -3.1594147E-10
   4.8592340E+02  -3.6328612E-10
   4.8625714E+02  -4.1714288E-10
   4.8659088E+02  -4.7832011E-10
   4.8692462E+02  -5.4771410E-10
   4.8725835E+02  -6.2631639E-10
   4.8759209E+02  -7.1522205E-10
   4.8792583E+02  -8.1563978E-10
   4.8825957E+02  -9.2889790E-10
   4.8859331E+02  -1.0564573E-09
   4.8892705E+02  -1.1999194E-09
   4.8926079E+02  -1.3610351E-09
   4.8959452E+02  -1.5417194E-09
   4.8992826E+02  -1.7440583E-09
   4.9026200E+02  -1.9703212E-09
   4.9059574E+02  -2.2229734E-09
   4.9092948E+02  -2.5046818E-09
   4.9126322E+02  -2.8183358E-09
   4.9159696E+02  -3.1670448E-09
   4.9193069E+02  -3.5541641E-09
   4.9226443E+02  -3.9832897E-09
   4.9259817E+02  -4.4582769E-09
   4.9293191E+02  -4.9832476E-09
   4.9326565E+02  -5.5625966E-09
   4.9359939E+02  -6.2009970E-09
   4.9393313E+02  -6.9034010E-09
   4.9426687E+02  -7.6750570E-09
   4.9460060E+02  -8.5214937E-09
   4.9493434E+02  -9.4485273E-09
   4.9526808E+02  -1.0462260E-08
   4.9560182E+02  -1.1569066E-08
   4.9593556E+02  -1.2775584E-08
   4.9626930E+02  -1.4088706E-08
   4.9660304E+02  -1.5515566E-08
   4.9693677E+02  -1.7063506E-08
   4.9727051E+02  -1.8740055E-08
   4.9760425E+02  -2.0552907E-08
   4.9793799E+02  -2.2509862E-08
   4.9827173E+02  -2.4618835E-08
   4.9860547E+02  -2.6887706E-08
   4.9893921E+02  -2.9324438E-08
   4.9927294E+02  -3.1936846E-08
   4.9960668E+02  -3.4732622E-08
   4.9994042E+02  -3.7719257E-08
   5.0027416E+02  -4.0903931E-08
   5.0060790E+02  -4.4293486E-08
   5.0094164E+02  -4.7894304E-08
   5.0127538E+02  -5.1712142E-08
   5.0160911E+02  -5.5752182E-08
   5.0194285E+02  -6.0018763E-08
   5.0227659E+02  -6.4515433E-08
   5.0261033E+02  -6.9244628E-08
   5.0294407E+02  -7.4207748E-08
   5.0327781E+02  -7.9404849E-08
   5.0361155E+02  -8.4834745E-08
   5.0394528E+02  -9.0494588E-08
   5.0427902E+02  -9.6379885E-08
   5.0461276E+02  -1.0248455E-07
   5.0494650E+02  -1.0880031E-07
   5.0528024E+02  -1.1531707E-07
   5.0561398E+02  -1.2202234E-07
   5.0594772E+02  -1.2890146E-07
   5.0628145E+02  -1.3593737E-07
   5.0661519E+02  -1.4311044E-07
   5.0694893E+02  -1.5039836E-07
   5.0728267E+02  -1.5777600E-07
   5.0761641E+02  -1.6521564E-07
   5.0795015E+02  -1.7268663E-07
   5.0828389E+02  -1.8015534E-07
   5.0861762E+02  -1.8758521E-07
   5.0895136E+02  -1.9493675E-07
   5.0928510E+02  -2.0216760E-07
   5.0961884E+02  -2.0923234E-07
   5.0995258E+02  -2.1608274E-07
   5.1028632E+02  -2.2266804E-07
   5.1062006E+02  -2.2893445E-07
   5.1095379E+02  -2.3482579E-07
   5.1128753E+02  -2.4028384E-07
   5.1162127E+02  -2.4524783E-07
   5.1195501E+02  -2.4965522E-07
   5.1228875E+02  -2.5344178E-07
   5.1262249E+02  -2.5654185E-07
   5.1295623E+02  -2.5888880E-07
   5.1328997E+02  -2.6041531E-07
   5.1362370E+02  -2.6105363E-07
   5.1395744E+02  -2.6073593E-07
   5.1429118E+02  -2.5939514E-07
   5.1462492E+02  -2.5696488E-07
   5.1495866E+02  -2.5338048E-07
   5.1529240E+02  -2.4857871E-07
   5.1562614E+02  -2.4249908E-07
   5.1595987E+02  -2.3508396E-07
   5.1629361E+02  -2.2627906E-07
   5.1662735E+02  -2.1603417E-07
   5.1696109E+02  -2.0430383E-07
   5.1729483E+02  -1.9104718E-07
   5.1762857E+02  -1.7622922E-07
   5.1796231E+02  -1.5982118E-07
   5.1829604E+02  -1.4180047E-07
   5.1862978E+02  -1.2215222E-07
   5.1896352E+02  -1.0086863E-07
   5.1929726E+02  -7.7950077E-08
   5.1963100E+02  -5.3405454E-08
   5.1996474E+02  -2.7252312E-08
   5.2029848E+02   4.8274273E-10
   5.2063221E+02   2.9763683E-08
   5.2096595E+02   6.0544977E-08
   5.2129969E+02   9.2771231E-08
   5.2163343E+02   1.2637739E-07
   5.2196717E+02   1.6128823E-07
   5.2230091E+02   1.9741898E-07
   5.2263465E+02   2.3467507E-07
   5.2296838E+02   2.7295181E-07
   5.2330212E+02   3.1213597E-07
   5.2363586E+02   3.5210428E-07
   5.2396960E+02   3.9272547E-07
   5.2430334E+02   4.3385973E-07
   5.2463708E+02   4.7535934E-07
   5.2497082E+02   5.1706957E-07
   5.2530455E+02   5.5882890E-07
   5.2563829E+02   6.0047040E-07
   5.2597203E+02   6.4182200E-07
   5.2630577E+02   6.8270674E-07
   5.2663951E+02   7.2294466E-07
   5.2697325E+02   7.6235358E-07
   5.2730699E+02   8.0074966E-07
   5.2764072E+02   8.3794873E-07
   5.2797446E+02   8.7376696E-07
   5.2830820E+02   9.0802166E-07
   5.2864194E+02   9.4053394E-07
   5.2897568E+02   9.7112820E-07
   5.2930942E+02   9.9963358E-07
   5.2964316E+02   1.0258841E-06
   5.2997689E+02   1.0497236E-06
   5.3031063E+02   1.0710003E-06
   5.3064437E+02   1.0895740E-06
   5.3097811E+02   1.1053135E-06
   5.3131185E+02   1.1180989E-06
   5.3164559E+02   1.1278216E-06
   5.3197933E+02   1.1343860E-06
   5.3231306E+02   1.1377100E-06
   5.3264680E+02   1.1377247E-06
   5.3298054E+02   1.1343764E-06
   5.3331428E+02   1.1276263E-06
   5.3364802E+02   1.1174509E-06
   5.3398176E+02   1.1038435E-06
   5.3431550E+02   1.0868121E-06
   5.3464924E+02   1.0663823E-06
   5.3498297E+02   1.0425954E-06
   5.3531671E+02   1.0155080E-06
   5.3565045E+02   9.8519433E-07
   5.3598419E+02   9.5174357E-07
   5.3631793E+02   9.1526010E-07
   5.3665167E+02   8.7586375E-07
   5.3698541E+02   8.3368872E-07
   5.3731914E+02   7.8888240E-07
   5.3765288E+02   7.4160613E-07
   5.3798662E+02   6.9203242E-07
   5.3832036E+02   6.4034560E-07
   5.3865410E+02   5.8674061E-07
   5.3898784E+02   5.3142082E-07
   5.3932158E+02   4.7459872E-07
   5.3965531E+02   4.1649338E-07
   5.3998905E+02   3.5732961E-07
   5.4032279E+02   2.9733758E-07
   5.4065653E+02   2.3675003E-07
   5.4099027E+02   1.7580219E-07
   5.4132401E+02   1.1473018E-07
   5.4165775E+02   5.3769782E-08
   5.4199148E+02  -6.8452835E-09
   5.4232522E+02  -6.6883700E-08
   5.4265896E+02  -1.2611861E-07
   5.4299270E+02  -1.8432843E-07
   5.4332644E+02  -2.4129807E-07
   5.4366018E+02  -2.9682010E-07
   5.4399392E+02  -3.5069561E-07
   5.4432765E+02  -4.0273537E-07
   5.4466139E+02  -4.5276079E-07
   5.4499513E+02  -5.0060476E-07
   5.4532887E+02  -5.4611212E-07
   5.4566261E+02  -5.8914088E-07
   5.4599635E+02  -6.2956224E-07
   5.4633009E+02  -6.6726159E-07
   5.4666382E+02  -7.0213872E-07
   5.4699756E+02  -7.3410848E-07
   5.4733130E+02  -7.6309931E-07
   5.4766504E+02  -7.8905674E-07
   5.4799878E+02  -8.1194054E-07
   5.4833252E+02  -8.3172563E-07
   5.4866626E+02  -8.4840167E-07
   5.4899999E+02  -8.6197372E-07
   5.4933373E+02  -8.7246099E-07
   5.4966747E+02  -8.7989736E-07
   5.5000121E+02  -8.8432910E-07
   5.5033495E+02  -8.8581720E-07
   5.5066869E+02  -8.8443363E-07
   5.5100243E+02  -8.8026337E-07
   5.5133616E+02  -8.7340186E-07
   5.5166990E+02  -8.6395573E-07
   5.5200364E+02  -8.5203976E-07
   5.5233738E+02  -8.3777871E-07
   5.5267112E+02  -8.2130452E-07
   5.5300486E+02  -8.0275652E-07
   5.5333860E+02  -7.8227947E-07
   5.5367234E+02  -7.6002311E-07
   5.5400607E+02  -7.3614137E-07
   5.5433981E+02  -7.1079188E-07
   5.5467355E+02  -6.8413362E-07
   5.5500729E+02  -6.5632696E-07
   5.5534103E+02  -6.2753293E-07
   5.5567477E+02  -5.9791171E-07
   5.5600851E+02  -5.6762218E-07
   5.5634224E+02  -5.3682055E-07
   5.5667598E+02  -5.0566041E-07
   5.5700972E+02  -4.7429114E-07
   5.5734346E+02  -4.4285781E-07
   5.5767720E+02  -4.1149997E-07
   5.5801094E+02  -3.8035154E-07
   5.5834468E+02  -3.4954007E-07
   5.5867841E+02  -3.1918626E-07
   5.5901215E+02  -2.8940309E-07
   5.5934589E+02  -2.6029647E-07
   5.5967963E+02  -2.3196353E-07
   5.6001337E+02  -2.0449353E-07
   5.6034711E+02  -1.7796707E-07
   5.6068085E+02  -1.5245612E-07
   5.6101458E+02  -1.2802374E-07
   5.6134832E+02  -1.0472428E-07
   5.6168206E+02  -8.2603293E-08
   5.6201580E+02  -6.1697683E-08
   5.6234954E+02  -4.2035722E-08
   5.6268328E+02  -2.3637249E-08
   5.6301702E+02  -6.5140213E-09
   5.6335075E+02   9.3301722E-09
   5.6368449E+02   2.3899140E-08
   5.6401823E+02   3.7203804E-08
   5.6435197E+02   4.9262027E-08
   5.6468571E+02   6.0098060E-08
   5.6501945E+02   6.9742171E-08
   5.6535319E+02   7.8230116E-08
   5.6568692E+02   8.5602657E-08
   5.6602066E+02   9.1905129E-08
   5.6635440E+02   9.7186792E-08
   5.6668814E+02   1.0150050E-07
   5.6702188E+02   1.0490194E-07
   5.6735562E+02   1.0744932E-07
   5.6768936E+02   1.0920267E-07
   5.6802309E+02   1.1022345E-07
   5.6835683E+02   1.1057396E-07
   5.6869057E+02   1.1031693E-07
   5.6902431E+02   1.0951491E-07
   5.6935805E+02   1.0822989E-07
   5.6969179E+02   1.0652296E-07
   5.7002553E+02   1.0445375E-07
   5.7035926E+02   1.0208003E-07
   5.7069300E+02   9.9457544E-08
   5.7102674E+02   9.6639447E-08
   5.7136048E+02   9.3676164E-08
   5.7169422E+02   9.0615124E-08
   5.7202796E+02   8.7500453E-08
   5.7236170E+02   8.4372800E-08
   5.7269543E+02   8.1269292E-08
   5.7302917E+02   7.8223309E-08
   5.7336291E+02   7.5264317E-08
   5.7369665E+02   7.2418018E-08
   5.7403039E+02   6.9706182E-08
   5.7436413E+02   6.7146715E-08
   5.7469787E+02   6.4753621E-08
   5.7503161E+02   6.2537254E-08
   5.7536534E+02   6.0504277E-08
   5.7569908E+02   5.8657811E-08
   5.7603282E+02   5.6997596E-08
   5.7636656E+02   5.5520264E-08
   5.7670030E+02   5.4219441E-08
   5.7703404E+02   5.3085941E-08
   5.7736778E+02   5.2108128E-08
   5.7770151E+02   5.1271982E-08
   5.7803525E+02   5.0561539E-08
   5.7836899E+02   4.9959098E-08
   5.7870273E+02   4.9445415E-08
   5.7903647E+02   4.9000050E-08
   5.7937021E+02   4.8601624E-08
   5.7970395E+02   4.8228163E-08
   5.8003768E+02   4.7857256E-08
   5.8037142E+02   4.7466340E-08
   5.8070516E+02   4.7033087E-08
   5.8103890E+02   4.6535472E-08
   5.8137264E+02   4.5952163E-08
   5.8170638E+02   4.5262603E-08
   5.8204012E+02   4.4447365E-08
   5.8237385E+02   4.3488239E-08
   5.8270759E+02   4.2368477E-08
   5.8304133E+02   4.1072855E-08
   5.8337507E+02   3.9587931E-08
   5.8370881E+02   3.7902062E-08
   5.8404255E+02   3.6005563E-08
   5.8437629E+02   3.3890821E-08
   5.8471002E+02   3.1552204E-08
   5.8504376E+02   2.8986278E-08
   5.8537750E+02   2.6191803E-08
   5.8571124E+02   2.3169608E-08
   5.8604498E+02   1.9922737E-08
   5.8637872E+02   1.6456310E-08
   5.8671246E+02   1.2777543E-08
   5.8704619E+02   8.8956487E-09
   5.8737993E+02   4.8218141E-09
   5.8771367E+02   5.6901328E-10
   5.8804741E+02  -3.8479797E-09
   5.8838115E+02  -8.4127834E-09
   5.8871489E+02  -1.3107496E-08
   5.8904863E+02  -1.7912825E-08
   5.8938236E+02  -2.2808251E-08
   5.8971610E+02  -2.7772074E-08
   5.9004984E+02  -3.2781756E-08
   5.9038358E+02  -3.7813876E-08
   5.9071732E+02  -4.2844462E-08
   5.9105106E+02  -4.7848900E-08
   5.9138480E+02  -5.2802505E-08
   5.9171853E+02  -5.7680253E-08
   5.9205227E+02  -6.2457133E-08
   5.9238601E+02  -6.7108388E-08
   5.9271975E+02  -7.1609534E-08
   5.9305349E+02  -7.5936498E-08
   5.9338723E+02  -8.0065846E-08
   5.9372097E+02  -8.3974982E-08
   5.9405471E+02  -8.7641979E-08
   5.9438844E+02  -9.1046076E-08
   5.9472218E+02  -9.4167660E-08
   5.9505592E+02  -9.6988288E-08
   5.9538966E+02  -9.9490819E-08
   5.9572340E+02  -1.0165982E-07
   5.9605714E+02  -1.0348134E-07
   5.9639088E+02  -1.0494279E-07
   5.9672461E+02  -1.0603361E-07
   5.9705835E+02  -1.0674498E-07
   5.9739209E+02  -1.0706984E-07
   5.9772583E+02  -1.0700288E-07
   5.9805957E+02  -1.0654105E-07
   5.9839331E+02  -1.0568300E-07
   5.9872705E+02  -1.0442915E-07
   5.9906078E+02  -1.0278239E-07
   5.9939452E+02  -1.0074714E-07
   5.9972826E+02  -9.8330077E-08
   6.0006200E+02  -9.5539548E-08
   6.0039574E+02  -9.2385946E-08
   6.0072948E+02  -8.8881649E-08
   6.0106322E+02  -8.5040710E-08
   6.0139695E+02  -8.0878863E-08
   6.0173069E+02  -7.6413755E-08
   6.0206443E+02  -7.1664360E-08
   6.0239817E+02  -6.6651509E-08
   6.0273191E+02  -6.1397273E-08
   6.0306565E+02  -5.5925163E-08
   6.0339939E+02  -5.0259878E-08
   6.0373312E+02  -4.4427289E-08
   6.0406686E+02  -3.8454377E-08
   6.0440060E+02  -3.2368817E-08
   6.0473434E+02  -2.6199244E-08
   6.0506808E+02  -1.9974820E-08
   6.0540182E+02  -1.3725355E-08
   6.0573556E+02  -7.4808852E-09
   6.0606929E+02  -1.2717720E-09
   6.0640303E+02   4.8714881E-09
   6.0673677E+02   1.0918470E-08
   6.0707051E+02   1.6838797E-08
   6.0740425E+02   2.2602535E-08
   6.0773799E+02   2.8180068E-08
   6.0807173E+02   3.3542264E-08
   6.0840546E+02   3.8660744E-08
   6.0873920E+02   4.3507896E-08
   6.0907294E+02   4.8056989E-08
   6.0940668E+02   5.2282388E-08
   6.0974042E+02   5.6159450E-08
   6.1007416E+02   5.9665098E-08
   6.1040790E+02   6.2777133E-08
   6.1074163E+02   6.5475092E-08
   6.1107537E+02   6.7740046E-08
   6.1140911E+02   6.9554545E-08
   6.1174285E+02   7.0902757E-08
   6.1207659E+02   7.1770813E-08
   6.1241033E+02   7.2146435E-08
   6.1274407E+02   7.2019105E-08
   6.1307781E+02   7.1380470E-08
   6.1341154E+02   7.0223734E-08
   6.1374528E+02   6.8544210E-08
   6.1407902E+02   6.6339254E-08
   6.1441276E+02   6.3607928E-08
   6.1474650E+02   6.0351368E-08
   6.1508024E+02   5.6572674E-08
   6.1541398E+02   5.2276874E-08
   6.1574771E+02   4.7470735E-08
   6.1608145E+02   4.2163322E-08
   6.1641519E+02   3.6365293E-08
   6.1674893E+02   3.0089069E-08
   6.1708267E+02   2.3349202E-08
   6.1741641E+02   1.6161579E-08
   6.1775015E+02   8.5441485E-09
   6.1808388E+02   5.1629456E-10
   6.1841762E+02  -7.9008800E-09
   6.1875136E+02  -1.6684780E-08
   6.1908510E+02  -2.5811531E-08
   6.1941884E+02  -3.5255546E-08
   6.1975258E+02  -4.4990180E-08
   6.2008632E+02  -5.4987456E-08
   6.2042005E+02  -6.5218288E-08
   6.2075379E+02  -7.5652466E-08
   6.2108753E+02  -8.6258702E-08
   6.2142127E+02  -9.7004914E-08
   6.2175501E+02  -1.0785807E-07
   6.2208875E+02  -1.1878434E-07
   6.2242249E+02  -1.2974925E-07
   6.2275622E+02  -1.4071765E-07
   6.2308996E+02  -1.5165378E-07
   6.2342370E+02  -1.6252145E-07
   6.2375744E+02  -1.7328396E-07
   6.2409118E+02  -1.8390422E-07
   6.2442492E+02  -1.9434484E-07
   6.2475866E+02  -2.0456827E-07
   6.2509239E+02  -2.1453654E-07
   6.2542613E+02  -2.2421160E-07
   6.2575987E+02  -2.3355541E-07
   6.2609361E+02  -2.4252972E-07
   6.2642735E+02  -2.5109620E-07
   6.2676109E+02  -2.5921673E-07
   6.2709483E+02  -2.6685311E-07
   6.2742856E+02  -2.7396732E-07
   6.2776230E+02  -2.8052136E-07
   6.2809604E+02  -2.8647753E-07
   6.2842978E+02  -2.9179850E-07
   6.2876352E+02  -2.9644707E-07
   6.2909726E+02  -3.0038652E-07
   6.2943100E+02  -3.0358041E-07
   6.2976473E+02  -3.0599284E-07
   6.3009847E+02  -3.0758858E-07
   6.3043221E+02  -3.0833300E-07
   6.3076595E+02  -3.0819211E-07
   6.3109969E+02  -3.0713295E-07
   6.3143343E+02  -3.0512365E-07
   6.3176717E+02  -3.0213312E-07
   6.3210090E+02  -2.9813168E-07
   6.3243464E+02  -2.9309115E-07
   6.3276838E+02  -2.8698477E-07
   6.3310212E+02  -2.7978763E-07
   6.3343586E+02  -2.7147672E-07
   6.3376960E+02  -2.6203145E-07
   6.3410334E+02  -2.5143299E-07
   6.3443708E+02  -2.3966570E-07
   6.3477081E+02  -2.2671624E-07
   6.3510455E+02  -2.1257468E-07
   6.3543829E+02  -1.9723410E-07
   6.3577203E+02  -1.8069119E-07
   6.3610577E+02  -1.6294632E-07
   6.3643951E+02  -1.4400410E-07
   6.3677325E+02  -1.2387298E-07
   6.3710698E+02  -1.0256624E-07
   6.3744072E+02  -8.0101699E-08
   6.3777446E+02  -5.6502120E-08
   6.3810820E+02  -3.1795366E-08
   6.3844194E+02  -6.0147016E-09
   6.3877568E+02   2.0801195E-08
   6.3910942E+02   4.8608186E-08
   6.3944315E+02   7.7356049E-08
   6.3977689E+02   1.0698919E-07
   6.4011063E+02   1.3744599E-07
   6.4044437E+02   1.6865907E-07
   6.4077811E+02   2.0055489E-07
   6.4111185E+02   2.3305442E-07
   6.4144559E+02   2.6607273E-07
   6.4177932E+02   2.9951957E-07
   6.4211306E+02   3.3329923E-07
   6.4244680E+02   3.6731075E-07
   6.4278054E+02   4.0144863E-07
   6.4311428E+02   4.3560223E-07
   6.4344802E+02   4.6965761E-07
   6.4378176E+02   5.0349615E-07
   6.4411549E+02   5.3699648E-07
   6.4444923E+02   5.7003467E-07
   6.4478297E+02   6.0248374E-07
   6.4511671E+02   6.3421538E-07
   6.4545045E+02   6.6510074E-07
   6.4578419E+02   6.9500936E-07
   6.4611793E+02   7.2381198E-07
   6.4645166E+02   7.5137973E-07
   6.4678540E+02   7.7758585E-07
   6.4711914E+02   8.0230524E-07
   6.4745288E+02   8.2541681E-07
   6.4778662E+02   8.4680187E-07
   6.4812036E+02   8.6634765E-07
   6.4845410E+02   8.8394586E-07
   6.4878783E+02   8.9949418E-07
   6.4912157E+02   9.1289695E-07
   6.4945531E+02   9.2406640E-07
   6.4978905E+02   9.3292147E-07
   6.5012279E+02   9.3939104E-07
   6.5045653E+02   9.4341192E-07
   6.5079027E+02   9.4493112E-07
   6.5112400E+02   9.4390566E-07
   6.5145774E+02   9.4030270E-07
   6.5179148E+02   9.3410108E-07
   6.5212522E+02   9.2528978E-07
   6.5245896E+02   9.1386983E-07
   6.5279270E+02   8.9985281E-07
   6.5312644E+02   8.8326300E-07
   6.5346018E+02   8.6413644E-07
   6.5379391E+02   8.4251963E-07
   6.5412765E+02   8.1847071E-07
   6.5446139E+02   7.9205984E-07
   6.5479513E+02   7.6336772E-07
   6.5512887E+02   7.3248526E-07
   6.5546261E+02   6.9951386E-07
   6.5579635E+02   6.6456448E-07
   6.5613008E+02   6.2775780E-07
   6.5646382E+02   5.8922240E-07
   6.5679756E+02   5.4909475E-07
   6.5713130E+02   5.0751919E-07
   6.5746504E+02   4.6464592E-07
   6.5779878E+02   4.2063093E-07
   6.5813252E+02   3.7563518E-07
   6.5846625E+02   3.2982359E-07
   6.5879999E+02   2.8336376E-07
   6.5913373E+02   2.3642612E-07
   6.5946747E+02   1.8918188E-07
   6.5980121E+02   1.4180297E-07
   6.6013495E+02   9.4460731E-08
