  -7.8094826E+01   0.0000000E+00
  -7.7761087E+01   0.0000000E+00
  -7.7427349E+01   0.0000000E+00
  -7.7093610E+01   0.0000000E+00
  -7.6759871E+01   0.0000000E+00
  -7.6426133E+01   0.0000000E+00
  -7.6092394E+01   0.0000000E+00
  -7.5758656E+01   0.0000000E+00
  -7.5424917E+01   0.0000000E+00
  -7.5091178E+01   0.0000000E+00
  -7.4757440E+01   0.0000000E+00
  -7.4423701E+01   0.0000000E+00
  -7.4089963E+01   0.0000000E+00
  -7.3756224E+01   0.0000000E+00
  -7.3422485E+01   0.0000000E+00
  -7.3088747E+01   0.0000000E+00
  -7.2755008E+01   0.0000000E+00
  -7.2421270E+01   0.0000000E+00
  -7.2087531E+01   0.0000000E+00
  -7.1753792E+01   0.0000000E+00
  -7.1420054E+01   0.0000000E+00
  -7.1086315E+01   0.0000000E+00
  -7.0752577E+01   0.0000000E+00
  -7.0418838E+01   0.0000000E+00
  -7.0085099E+01   0.0000000E+00
  -6.9751361E+01   0.0000000E+00
  -6.9417622E+01   0.0000000E+00
  -6.9083884E+01   0.0000000E+00
  -6.8750145E+01   0.0000000E+00
  -6.8416406E+01   0.0000000E+00
  -6.8082668E+01   0.0000000E+00
  -6.7748929E+01   0.0000000E+00
  -6.7415191E+01   0.0000000E+00
  -6.7081452E+01   0.0000000E+00
  -6.6747714E+01   0.0000000E+00
  -6.6413975E+01   0.0000000E+00
  -6.6080236E+01   0.0000000E+00
  -6.5746498E+01   0.0000000E+00
  -6.5412759E+01   0.0000000E+00
  -6.5079021E+01   0.0000000E+00
  -6.4745282E+01   0.0000000E+00
  -6.4411543E+01   0.0000000E+00
  -6.4077805E+01   0.0000000E+00
  -6.3744066E+01   0.0000000E+00
  -6.3410328E+01   0.0000000E+00
  -6.3076589E+01   0.0000000E+00
  -6.2742850E+01   0.0000000E+00
  -6.2409112E+01   0.0000000E+00
  -6.2075373E+01   0.0000000E+00
  -6.1741635E+01   0.0000000E+00
  -6.1407896E+01   0.0000000E+00
  -6.1074157E+01   0.0000000E+00
  -6.0740419E+01   0.0000000E+00
  -6.0406680E+01   0.0000000E+00
  -6.0072942E+01   0.0000000E+00
  -5.9739203E+01   0.0000000E+00
  -5.9405464E+01   0.0000000E+00
  -5.9071726E+01   0.0000000E+00
  -5.8737987E+01   0.0000000E+00
  -5.8404249E+01   0.0000000E+00
  -5.8070510E+01   0.0000000E+00
  -5.7736771E+01   0.0000000E+00
  -5.7403033E+01   0.0000000E+00
  -5.7069294E+01   0.0000000E+00
  -5.6735556E+01   0.0000000E+00
  -5.6401817E+01   0.0000000E+00
  -5.6068078E+01   0.0000000E+00
  -5.5734340E+01   0.0000000E+00
  -5.5400601E+01   0.0000000E+00
  -5.5066863E+01   0.0000000E+00
  -5.4733124E+01   0.0000000E+00
  -5.4399385E+01   0.0000000E+00
  -5.4065647E+01   0.0000000E+00
  -5.3731908E+01   0.0000000E+00
  -5.3398170E+01   0.0000000E+00
  -5.3064431E+01   0.0000000E+00
  -5.2730693E+01   0.0000000E+00
  -5.2396954E+01   0.0000000E+00
  -5.2063215E+01   0.0000000E+00
  -5.1729477E+01   0.0000000E+00
  -5.1395738E+01   0.0000000E+00
  -5.1062000E+01   0.0000000E+00
  -5.0728261E+01   0.0000000E+00
  -5.0394522E+01   0.0000000E+00
  -5.0060784E+01   0.0000000E+00
  -4.9727045E+01   0.0000000E+00
  -4.9393307E+01   0.0000000E+00
  -4.9059568E+01   0.0000000E+00
  -4.8725829E+01   0.0000000E+00
  -4.8392091E+01   0.0000000E+00
  -4.8058352E+01   0.0000000E+00
  -4.7724614E+01   0.0000000E+00
  -4.7390875E+01   0.0000000E+00
  -4.7057136E+01   0.0000000E+00
  -4.6723398E+01   0.0000000E+00
  -4.6389659E+01   0.0000000E+00
  -4.6055921E+01   0.0000000E+00
  -4.5722182E+01   0.0000000E+00
  -4.5388443E+01   0.0000000E+00
  -4.5054705E+01   0.0000000E+00
  -4.4720966E+01   0.0000000E+00
  -4.4387228E+01   0.0000000E+00
  -4.4053489E+01   0.0000000E+00
  -4.3719750E+01   0.0000000E+00
  -4.3386012E+01   0.0000000E+00
  -4.3052273E+01   0.0000000E+00
  -4.2718535E+01   0.0000000E+00
  -4.2384796E+01   0.0000000E+00
  -4.2051057E+01   0.0000000E+00
  -4.1717319E+01   0.0000000E+00
  -4.1383580E+01   0.0000000E+00
  -4.1049842E+01   0.0000000E+00
  -4.0716103E+01   0.0000000E+00
  -4.0382364E+01   0.0000000E+00
  -4.0048626E+01   0.0000000E+00
  -3.9714887E+01   0.0000000E+00
  -3.9381149E+01   0.0000000E+00
  -3.9047410E+01   0.0000000E+00
  -3.8713672E+01   0.0000000E+00
  -3.8379933E+01   0.0000000E+00
  -3.8046194E+01   0.0000000E+00
  -3.7712456E+01   0.0000000E+00
  -3.7378717E+01   0.0000000E+00
  -3.7044979E+01   0.0000000E+00
  -3.6711240E+01   0.0000000E+00
  -3.6377501E+01   0.0000000E+00
  -3.6043763E+01   0.0000000E+00
  -3.5710024E+01   0.0000000E+00
  -3.5376286E+01   0.0000000E+00
  -3.5042547E+01   0.0000000E+00
  -3.4708808E+01   0.0000000E+00
  -3.4375070E+01   0.0000000E+00
  -3.4041331E+01   0.0000000E+00
  -3.3707593E+01   0.0000000E+00
  -3.3373854E+01   0.0000000E+00
  -3.3040115E+01   0.0000000E+00
  -3.2706377E+01   0.0000000E+00
  -3.2372638E+01   0.0000000E+00
  -3.2038900E+01   0.0000000E+00
  -3.1705161E+01   0.0000000E+00
  -3.1371422E+01   0.0000000E+00
  -3.1037684E+01   0.0000000E+00
  -3.0703945E+01   0.0000000E+00
  -3.0370207E+01   0.0000000E+00
  -3.0036468E+01   0.0000000E+00
  -2.9702729E+01   0.0000000E+00
  -2.9368991E+01   0.0000000E+00
  -2.9035252E+01   0.0000000E+00
  -2.8701514E+01   0.0000000E+00
  -2.8367775E+01   0.0000000E+00
  -2.8034036E+01   0.0000000E+00
  -2.7700298E+01   0.0000000E+00
  -2.7366559E+01   0.0000000E+00
  -2.7032821E+01   0.0000000E+00
  -2.6699082E+01   0.0000000E+00
  -2.6365343E+01   0.0000000E+00
  -2.6031605E+01   0.0000000E+00
  -2.5697866E+01   0.0000000E+00
  -2.5364128E+01   0.0000000E+00
  -2.5030389E+01   0.0000000E+00
  -2.4696651E+01   0.0000000E+00
  -2.4362912E+01   0.0000000E+00
  -2.4029173E+01   0.0000000E+00
  -2.3695435E+01   0.0000000E+00
  -2.3361696E+01   0.0000000E+00
  -2.3027958E+01   0.0000000E+00
  -2.2694219E+01   0.0000000E+00
  -2.2360480E+01   0.0000000E+00
  -2.2026742E+01   0.0000000E+00
  -2.1693003E+01   0.0000000E+00
  -2.1359265E+01   0.0000000E+00
  -2.1025526E+01   0.0000000E+00
  -2.0691787E+01   0.0000000E+00
  -2.0358049E+01   0.0000000E+00
  -2.0024310E+01   0.0000000E+00
  -1.9690572E+01   0.0000000E+00
  -1.9356833E+01   0.0000000E+00
  -1.9023094E+01   0.0000000E+00
  -1.8689356E+01   0.0000000E+00
  -1.8355617E+01   0.0000000E+00
  -1.8021879E+01   0.0000000E+00
  -1.7688140E+01   0.0000000E+00
  -1.7354401E+01   0.0000000E+00
  -1.7020663E+01   0.0000000E+00
  -1.6686924E+01   0.0000000E+00
  -1.6353186E+01   0.0000000E+00
  -1.6019447E+01   0.0000000E+00
  -1.5685708E+01   0.0000000E+00
  -1.5351970E+01   0.0000000E+00
  -1.5018231E+01   0.0000000E+00
  -1.4684493E+01   0.0000000E+00
  -1.4350754E+01   0.0000000E+00
  -1.4017015E+01   0.0000000E+00
  -1.3683277E+01   0.0000000E+00
  -1.3349538E+01   0.0000000E+00
  -1.3015800E+01   0.0000000E+00
  -1.2682061E+01   0.0000000E+00
  -1.2348322E+01   0.0000000E+00
  -1.2014584E+01   0.0000000E+00
  -1.1680845E+01   0.0000000E+00
  -1.1347107E+01   0.0000000E+00
  -1.1013368E+01   0.0000000E+00
  -1.0679630E+01   0.0000000E+00
  -1.0345891E+01   0.0000000E+00
  -1.0012152E+01   0.0000000E+00
  -9.6784137E+00   0.0000000E+00
  -9.3446751E+00   0.0000000E+00
  -9.0109365E+00   0.0000000E+00
  -8.6771979E+00   0.0000000E+00
  -8.3434593E+00   0.0000000E+00
  -8.0097207E+00   0.0000000E+00
  -7.6759821E+00   0.0000000E+00
  -7.3422436E+00   0.0000000E+00
  -7.0085050E+00   0.0000000E+00
  -6.6747664E+00   0.0000000E+00
  -6.3410278E+00   0.0000000E+00
  -6.0072892E+00   0.0000000E+00
  -5.6735506E+00   0.0000000E+00
  -5.3398120E+00   0.0000000E+00
  -5.0060734E+00   0.0000000E+00
  -4.6723348E+00   0.0000000E+00
  -4.3385962E+00   0.0000000E+00
  -4.0048576E+00   0.0000000E+00
  -3.6711190E+00   0.0000000E+00
  -3.3373804E+00   0.0000000E+00
  -3.0036418E+00   0.0000000E+00
  -2.6699032E+00   0.0000000E+00
  -2.3361646E+00   0.0000000E+00
  -2.0024260E+00   0.0000000E+00
  -1.6686874E+00   0.0000000E+00
  -1.3349488E+00   0.0000000E+00
  -1.0012102E+00   0.0000000E+00
  -6.6747165E-01   0.0000000E+00
  -3.3373305E-01   0.0000000E+00
   5.5432320E-06   0.0000000E+00
   3.3374414E-01   0.0000000E+00
   6.6748273E-01   0.0000000E+00
   1.0012213E+00   0.0000000E+00
   1.3349599E+00   0.0000000E+00
   1.6686985E+00   0.0000000E+00
   2.0024371E+00   0.0000000E+00
   2.3361757E+00   0.0000000E+00
   2.6699143E+00   0.0000000E+00
   3.0036529E+00   0.0000000E+00
   3.3373915E+00   0.0000000E+00
   3.6711301E+00   0.0000000E+00
   4.0048687E+00   0.0000000E+00
   4.3386073E+00   0.0000000E+00
   4.6723459E+00   0.0000000E+00
   5.0060845E+00   0.0000000E+00
   5.3398231E+00   0.0000000E+00
   5.6735617E+00   0.0000000E+00
   6.0073003E+00   0.0000000E+00
   6.3410389E+00   0.0000000E+00
   6.6747774E+00   0.0000000E+00
   7.0085160E+00   0.0000000E+00
   7.3422546E+00   0.0000000E+00
   7.6759932E+00   0.0000000E+00
   8.0097318E+00   0.0000000E+00
   8.3434704E+00   0.0000000E+00
   8.6772090E+00   0.0000000E+00
   9.0109476E+00   0.0000000E+00
   9.3446862E+00   0.0000000E+00
   9.6784248E+00   0.0000000E+00
   1.0012163E+01   0.0000000E+00
   1.0345902E+01   0.0000000E+00
   1.0679641E+01   0.0000000E+00
   1.1013379E+01   0.0000000E+00
   1.1347118E+01   0.0000000E+00
   1.1680856E+01   0.0000000E+00
   1.2014595E+01   0.0000000E+00
   1.2348334E+01   0.0000000E+00
   1.2682072E+01   0.0000000E+00
   1.3015811E+01   0.0000000E+00
   1.3349549E+01   0.0000000E+00
   1.3683288E+01   0.0000000E+00
   1.4017027E+01   0.0000000E+00
   1.4350765E+01   0.0000000E+00
   1.4684504E+01   0.0000000E+00
   1.5018242E+01   0.0000000E+00
   1.5351981E+01   0.0000000E+00
   1.5685720E+01   0.0000000E+00
   1.6019458E+01   0.0000000E+00
   1.6353197E+01   0.0000000E+00
   1.6686935E+01   0.0000000E+00
   1.7020674E+01   0.0000000E+00
   1.7354412E+01   0.0000000E+00
   1.7688151E+01   0.0000000E+00
   1.8021890E+01   0.0000000E+00
   1.8355628E+01   0.0000000E+00
   1.8689367E+01   0.0000000E+00
   1.9023105E+01   0.0000000E+00
   1.9356844E+01   0.0000000E+00
   1.9690583E+01   0.0000000E+00
   2.0024321E+01   0.0000000E+00
   2.0358060E+01   0.0000000E+00
   2.0691798E+01   0.0000000E+00
   2.1025537E+01   0.0000000E+00
   2.1359276E+01   0.0000000E+00
   2.1693014E+01   0.0000000E+00
   2.2026753E+01   0.0000000E+00
   2.2360491E+01   0.0000000E+00
   2.2694230E+01   0.0000000E+00
   2.3027969E+01   0.0000000E+00
   2.3361707E+01   0.0000000E+00
   2.3695446E+01   0.0000000E+00
   2.4029184E+01   0.0000000E+00
   2.4362923E+01   0.0000000E+00
   2.4696662E+01   0.0000000E+00
   2.5030400E+01   0.0000000E+00
   2.5364139E+01   0.0000000E+00
   2.5697877E+01   0.0000000E+00
   2.6031616E+01   0.0000000E+00
   2.6365355E+01   0.0000000E+00
   2.6699093E+01   0.0000000E+00
   2.7032832E+01   0.0000000E+00
   2.7366570E+01   0.0000000E+00
   2.7700309E+01   0.0000000E+00
   2.8034048E+01   0.0000000E+00
   2.8367786E+01   0.0000000E+00
   2.8701525E+01   0.0000000E+00
   2.9035263E+01   0.0000000E+00
   2.9369002E+01   0.0000000E+00
   2.9702741E+01   0.0000000E+00
   3.0036479E+01   0.0000000E+00
   3.0370218E+01   0.0000000E+00
   3.0703956E+01   0.0000000E+00
   3.1037695E+01   0.0000000E+00
   3.1371433E+01   0.0000000E+00
   3.1705172E+01   0.0000000E+00
   3.2038911E+01   0.0000000E+00
   3.2372649E+01   0.0000000E+00
   3.2706388E+01   0.0000000E+00
   3.3040126E+01   0.0000000E+00
   3.3373865E+01   0.0000000E+00
   3.3707604E+01   0.0000000E+00
   3.4041342E+01   0.0000000E+00
   3.4375081E+01   0.0000000E+00
   3.4708819E+01   0.0000000E+00
   3.5042558E+01   0.0000000E+00
   3.5376297E+01   0.0000000E+00
   3.5710035E+01   0.0000000E+00
   3.6043774E+01   0.0000000E+00
   3.6377512E+01   0.0000000E+00
   3.6711251E+01   0.0000000E+00
   3.7044990E+01   0.0000000E+00
   3.7378728E+01   0.0000000E+00
   3.7712467E+01   0.0000000E+00
   3.8046205E+01   0.0000000E+00
   3.8379944E+01   0.0000000E+00
   3.8713683E+01   0.0000000E+00
   3.9047421E+01   0.0000000E+00
   3.9381160E+01   0.0000000E+00
   3.9714898E+01   0.0000000E+00
   4.0048637E+01   0.0000000E+00
   4.0382376E+01   0.0000000E+00
   4.0716114E+01   0.0000000E+00
   4.1049853E+01   0.0000000E+00
   4.1383591E+01   0.0000000E+00
   4.1717330E+01   0.0000000E+00
   4.2051069E+01   0.0000000E+00
   4.2384807E+01   0.0000000E+00
   4.2718546E+01   0.0000000E+00
   4.3052284E+01   0.0000000E+00
   4.3386023E+01   0.0000000E+00
   4.3719762E+01   0.0000000E+00
   4.4053500E+01   0.0000000E+00
   4.4387239E+01   0.0000000E+00
   4.4720977E+01   0.0000000E+00
   4.5054716E+01   0.0000000E+00
   4.5388454E+01   0.0000000E+00
   4.5722193E+01   0.0000000E+00
   4.6055932E+01   0.0000000E+00
   4.6389670E+01   0.0000000E+00
   4.6723409E+01   0.0000000E+00
   4.7057147E+01   0.0000000E+00
   4.7390886E+01   0.0000000E+00
   4.7724625E+01   0.0000000E+00
   4.8058363E+01   0.0000000E+00
   4.8392102E+01   0.0000000E+00
   4.8725840E+01   0.0000000E+00
   4.9059579E+01   0.0000000E+00
   4.9393318E+01   0.0000000E+00
   4.9727056E+01   0.0000000E+00
   5.0060795E+01   0.0000000E+00
   5.0394533E+01   0.0000000E+00
   5.0728272E+01   0.0000000E+00
   5.1062011E+01   0.0000000E+00
   5.1395749E+01   0.0000000E+00
   5.1729488E+01   0.0000000E+00
   5.2063226E+01   0.0000000E+00
   5.2396965E+01   0.0000000E+00
   5.2730704E+01   0.0000000E+00
   5.3064442E+01   0.0000000E+00
   5.3398181E+01   0.0000000E+00
   5.3731919E+01   0.0000000E+00
   5.4065658E+01   0.0000000E+00
   5.4399397E+01   0.0000000E+00
   5.4733135E+01   0.0000000E+00
   5.5066874E+01   0.0000000E+00
   5.5400612E+01   0.0000000E+00
   5.5734351E+01   0.0000000E+00
   5.6068090E+01   0.0000000E+00
   5.6401828E+01   0.0000000E+00
   5.6735567E+01   0.0000000E+00
   5.7069305E+01   0.0000000E+00
   5.7403044E+01   0.0000000E+00
   5.7736783E+01   0.0000000E+00
   5.8070521E+01   0.0000000E+00
   5.8404260E+01   0.0000000E+00
   5.8737998E+01   0.0000000E+00
   5.9071737E+01   0.0000000E+00
   5.9405475E+01   0.0000000E+00
   5.9739214E+01   0.0000000E+00
   6.0072953E+01   0.0000000E+00
   6.0406691E+01   0.0000000E+00
   6.0740430E+01   0.0000000E+00
   6.1074168E+01   0.0000000E+00
   6.1407907E+01   0.0000000E+00
   6.1741646E+01   0.0000000E+00
   6.2075384E+01   0.0000000E+00
   6.2409123E+01   0.0000000E+00
   6.2742861E+01   0.0000000E+00
   6.3076600E+01   0.0000000E+00
   6.3410339E+01   0.0000000E+00
   6.3744077E+01   0.0000000E+00
   6.4077816E+01   0.0000000E+00
   6.4411554E+01   0.0000000E+00
   6.4745293E+01   0.0000000E+00
   6.5079032E+01   0.0000000E+00
   6.5412770E+01   0.0000000E+00
   6.5746509E+01   0.0000000E+00
   6.6080247E+01   0.0000000E+00
   6.6413986E+01   0.0000000E+00
   6.6747725E+01   0.0000000E+00
   6.7081463E+01   0.0000000E+00
   6.7415202E+01   0.0000000E+00
   6.7748940E+01   0.0000000E+00
   6.8082679E+01   0.0000000E+00
   6.8416418E+01   0.0000000E+00
   6.8750156E+01   0.0000000E+00
   6.9083895E+01   0.0000000E+00
   6.9417633E+01   0.0000000E+00
   6.9751372E+01   0.0000000E+00
   7.0085111E+01   0.0000000E+00
   7.0418849E+01   0.0000000E+00
   7.0752588E+01   0.0000000E+00
   7.1086326E+01   0.0000000E+00
   7.1420065E+01   0.0000000E+00
   7.1753804E+01   0.0000000E+00
   7.2087542E+01   0.0000000E+00
   7.2421281E+01   0.0000000E+00
   7.2755019E+01   0.0000000E+00
   7.3088758E+01   0.0000000E+00
   7.3422496E+01   0.0000000E+00
   7.3756235E+01   0.0000000E+00
   7.4089974E+01   0.0000000E+00
   7.4423712E+01   0.0000000E+00
   7.4757451E+01   0.0000000E+00
   7.5091189E+01   0.0000000E+00
   7.5424928E+01   0.0000000E+00
   7.5758667E+01   0.0000000E+00
   7.6092405E+01   0.0000000E+00
   7.6426144E+01   0.0000000E+00
   7.6759882E+01   0.0000000E+00
   7.7093621E+01   0.0000000E+00
   7.7427360E+01   0.0000000E+00
   7.7761098E+01   0.0000000E+00
   7.8094837E+01   0.0000000E+00
   7.8428575E+01   0.0000000E+00
   7.8762314E+01   0.0000000E+00
   7.9096053E+01   0.0000000E+00
   7.9429791E+01   0.0000000E+00
   7.9763530E+01   0.0000000E+00
   8.0097268E+01   0.0000000E+00
   8.0431007E+01   0.0000000E+00
   8.0764746E+01   0.0000000E+00
   8.1098484E+01   0.0000000E+00
   8.1432223E+01   0.0000000E+00
   8.1765961E+01   0.0000000E+00
   8.2099700E+01   0.0000000E+00
   8.2433439E+01   0.0000000E+00
   8.2767177E+01   0.0000000E+00
   8.3100916E+01   0.0000000E+00
   8.3434654E+01   0.0000000E+00
   8.3768393E+01   0.0000000E+00
   8.4102132E+01   0.0000000E+00
   8.4435870E+01   0.0000000E+00
   8.4769609E+01   0.0000000E+00
   8.5103347E+01   0.0000000E+00
   8.5437086E+01   0.0000000E+00
   8.5770825E+01   0.0000000E+00
   8.6104563E+01   0.0000000E+00
   8.6438302E+01   0.0000000E+00
   8.6772040E+01   0.0000000E+00
   8.7105779E+01   0.0000000E+00
   8.7439517E+01   0.0000000E+00
   8.7773256E+01   0.0000000E+00
   8.8106995E+01   0.0000000E+00
   8.8440733E+01   0.0000000E+00
   8.8774472E+01   0.0000000E+00
   8.9108210E+01   0.0000000E+00
   8.9441949E+01   0.0000000E+00
   8.9775688E+01   0.0000000E+00
   9.0109426E+01   0.0000000E+00
   9.0443165E+01   0.0000000E+00
   9.0776903E+01   0.0000000E+00
   9.1110642E+01   0.0000000E+00
   9.1444381E+01   0.0000000E+00
   9.1778119E+01   0.0000000E+00
   9.2111858E+01   0.0000000E+00
   9.2445596E+01   0.0000000E+00
   9.2779335E+01   0.0000000E+00
   9.3113074E+01   0.0000000E+00
   9.3446812E+01   0.0000000E+00
   9.3780551E+01   0.0000000E+00
   9.4114289E+01   0.0000000E+00
   9.4448028E+01   0.0000000E+00
   9.4781767E+01   0.0000000E+00
   9.5115505E+01   0.0000000E+00
   9.5449244E+01   0.0000000E+00
   9.5782982E+01   0.0000000E+00
   9.6116721E+01   0.0000000E+00
   9.6450460E+01   0.0000000E+00
   9.6784198E+01   0.0000000E+00
   9.7117937E+01   0.0000000E+00
   9.7451675E+01   0.0000000E+00
   9.7785414E+01   0.0000000E+00
   9.8119153E+01   0.0000000E+00
   9.8452891E+01   0.0000000E+00
   9.8786630E+01   0.0000000E+00
   9.9120368E+01   0.0000000E+00
   9.9454107E+01   0.0000000E+00
   9.9787846E+01   0.0000000E+00
   1.0012158E+02   0.0000000E+00
   1.0045532E+02   0.0000000E+00
   1.0078906E+02   0.0000000E+00
   1.0112280E+02   0.0000000E+00
   1.0145654E+02   0.0000000E+00
   1.0179028E+02   0.0000000E+00
   1.0212402E+02   0.0000000E+00
   1.0245775E+02   0.0000000E+00
   1.0279149E+02   0.0000000E+00
   1.0312523E+02   0.0000000E+00
   1.0345897E+02   0.0000000E+00
   1.0379271E+02   0.0000000E+00
   1.0412645E+02   0.0000000E+00
   1.0446019E+02   0.0000000E+00
   1.0479392E+02   0.0000000E+00
   1.0512766E+02   0.0000000E+00
   1.0546140E+02   0.0000000E+00
   1.0579514E+02   0.0000000E+00
   1.0612888E+02   0.0000000E+00
   1.0646262E+02   0.0000000E+00
   1.0679636E+02   0.0000000E+00
   1.0713009E+02   0.0000000E+00
   1.0746383E+02   0.0000000E+00
   1.0779757E+02   0.0000000E+00
   1.0813131E+02   0.0000000E+00
   1.0846505E+02   0.0000000E+00
   1.0879879E+02   0.0000000E+00
   1.0913253E+02   0.0000000E+00
   1.0946626E+02   0.0000000E+00
   1.0980000E+02   0.0000000E+00
   1.1013374E+02   0.0000000E+00
   1.1046748E+02   0.0000000E+00
   1.1080122E+02   0.0000000E+00
   1.1113496E+02   0.0000000E+00
   1.1146870E+02   0.0000000E+00
   1.1180243E+02   0.0000000E+00
   1.1213617E+02   0.0000000E+00
   1.1246991E+02   0.0000000E+00
   1.1280365E+02   0.0000000E+00
   1.1313739E+02   0.0000000E+00
   1.1347113E+02   0.0000000E+00
   1.1380487E+02   0.0000000E+00
   1.1413861E+02   0.0000000E+00
   1.1447234E+02   0.0000000E+00
   1.1480608E+02   0.0000000E+00
   1.1513982E+02   0.0000000E+00
   1.1547356E+02   0.0000000E+00
   1.1580730E+02   0.0000000E+00
   1.1614104E+02   0.0000000E+00
   1.1647478E+02   0.0000000E+00
   1.1680851E+02   0.0000000E+00
   1.1714225E+02   0.0000000E+00
   1.1747599E+02   0.0000000E+00
   1.1780973E+02   0.0000000E+00
   1.1814347E+02   0.0000000E+00
   1.1847721E+02   0.0000000E+00
   1.1881095E+02   0.0000000E+00
   1.1914468E+02   0.0000000E+00
   1.1947842E+02   0.0000000E+00
   1.1981216E+02   0.0000000E+00
   1.2014590E+02   0.0000000E+00
   1.2047964E+02   0.0000000E+00
   1.2081338E+02   0.0000000E+00
   1.2114712E+02   0.0000000E+00
   1.2148085E+02   0.0000000E+00
   1.2181459E+02   0.0000000E+00
   1.2214833E+02   0.0000000E+00
   1.2248207E+02   0.0000000E+00
   1.2281581E+02   0.0000000E+00
   1.2314955E+02   0.0000000E+00
   1.2348329E+02   0.0000000E+00
   1.2381702E+02   0.0000000E+00
   1.2415076E+02   0.0000000E+00
   1.2448450E+02   0.0000000E+00
   1.2481824E+02   0.0000000E+00
   1.2515198E+02   0.0000000E+00
   1.2548572E+02   0.0000000E+00
   1.2581946E+02   0.0000000E+00
   1.2615319E+02   0.0000000E+00
   1.2648693E+02   0.0000000E+00
   1.2682067E+02   0.0000000E+00
   1.2715441E+02   0.0000000E+00
   1.2748815E+02   0.0000000E+00
   1.2782189E+02   0.0000000E+00
   1.2815563E+02   0.0000000E+00
   1.2848936E+02   0.0000000E+00
   1.2882310E+02   0.0000000E+00
   1.2915684E+02   0.0000000E+00
   1.2949058E+02   0.0000000E+00
   1.2982432E+02   0.0000000E+00
   1.3015806E+02   0.0000000E+00
   1.3049180E+02   0.0000000E+00
   1.3082553E+02   0.0000000E+00
   1.3115927E+02   0.0000000E+00
   1.3149301E+02   0.0000000E+00
   1.3182675E+02   0.0000000E+00
   1.3216049E+02   0.0000000E+00
   1.3249423E+02   0.0000000E+00
   1.3282797E+02   0.0000000E+00
   1.3316171E+02   0.0000000E+00
   1.3349544E+02   0.0000000E+00
   1.3382918E+02   0.0000000E+00
   1.3416292E+02   0.0000000E+00
   1.3449666E+02   0.0000000E+00
   1.3483040E+02   0.0000000E+00
   1.3516414E+02   0.0000000E+00
   1.3549788E+02   0.0000000E+00
   1.3583161E+02   0.0000000E+00
   1.3616535E+02   0.0000000E+00
   1.3649909E+02   0.0000000E+00
   1.3683283E+02   0.0000000E+00
   1.3716657E+02   0.0000000E+00
   1.3750031E+02   0.0000000E+00
   1.3783405E+02   0.0000000E+00
   1.3816778E+02   0.0000000E+00
   1.3850152E+02   0.0000000E+00
   1.3883526E+02   0.0000000E+00
   1.3916900E+02   0.0000000E+00
   1.3950274E+02   0.0000000E+00
   1.3983648E+02   0.0000000E+00
   1.4017022E+02   0.0000000E+00
   1.4050395E+02   0.0000000E+00
   1.4083769E+02   0.0000000E+00
   1.4117143E+02   0.0000000E+00
   1.4150517E+02   0.0000000E+00
   1.4183891E+02   0.0000000E+00
   1.4217265E+02   0.0000000E+00
   1.4250639E+02   0.0000000E+00
   1.4284012E+02   0.0000000E+00
   1.4317386E+02   0.0000000E+00
   1.4350760E+02   0.0000000E+00
   1.4384134E+02   0.0000000E+00
   1.4417508E+02   0.0000000E+00
   1.4450882E+02   0.0000000E+00
   1.4484256E+02  -1.4012985E-45
   1.4517629E+02  -4.2038954E-45
   1.4551003E+02  -4.2038954E-45
   1.4584377E+02  -5.6051939E-45
   1.4617751E+02  -5.6051939E-45
   1.4651125E+02  -7.0064923E-45
   1.4684499E+02  -7.0064923E-45
   1.4717873E+02  -2.8025969E-45
   1.4751246E+02   4.2038954E-45
   1.4784620E+02   7.0064923E-45
   1.4817994E+02   1.4012985E-44
   1.4851368E+02   1.9618179E-44
   1.4884742E+02   2.6624671E-44
   1.4918116E+02   3.0828566E-44
   1.4951490E+02   2.9427268E-44
   1.4984863E+02   2.3822074E-44
   1.5018237E+02   1.1210388E-44
   1.5051611E+02  -4.2038954E-45
   1.5084985E+02  -2.1019477E-44
   1.5118359E+02  -3.9236357E-44
   1.5151733E+02  -5.7453237E-44
   1.5185107E+02  -7.0064923E-44
   1.5218480E+02  -7.2867520E-44
   1.5251854E+02  -6.7262326E-44
   1.5285228E+02  -5.0446745E-44
   1.5318602E+02  -2.2420775E-44
   1.5351976E+02   8.4077908E-45
   1.5385350E+02   5.6051939E-44
   1.5418724E+02   9.6689594E-44
   1.5452098E+02   1.3032076E-43
   1.5485471E+02   1.5834673E-43
   1.5518845E+02   1.6535322E-43
   1.5552219E+02   1.4713634E-43
   1.5585593E+02   1.0509738E-43
   1.5618967E+02   3.7835059E-44
   1.5652341E+02  -4.4841551E-44
   1.5685715E+02  -1.3592595E-43
   1.5719088E+02  -2.2280646E-43
   1.5752462E+02  -2.9147008E-43
   1.5785836E+02  -3.2369995E-43
   1.5819210E+02  -3.0688436E-43
   1.5852584E+02  -2.3962204E-43
   1.5885958E+02  -1.2051167E-43
   1.5919332E+02   4.6242849E-44
   1.5952705E+02   2.4102334E-43
   1.5986079E+02   4.3860642E-43
   1.6019453E+02   6.0676224E-43
   1.6052827E+02   7.1466222E-43
   1.6086201E+02   7.3147780E-43
   1.6119575E+02   6.4039340E-43
   1.6152949E+02   4.3019863E-43
   1.6186322E+02   1.1070258E-43
   1.6219696E+02  -2.9707527E-43
   1.6253070E+02  -7.3708299E-43
   1.6286444E+02  -1.1476634E-42
   1.6319818E+02  -1.4699621E-42
   1.6353192E+02  -1.6241049E-42
   1.6386566E+02  -1.5568426E-42
   1.6419939E+02  -1.2471556E-42
   1.6453313E+02  -6.7962976E-43
   1.6486687E+02   1.0509738E-43
   1.6520061E+02   1.0187440E-42
   1.6553435E+02   1.9506075E-42
   1.6586809E+02   2.7619593E-42
   1.6620183E+02   3.3014592E-42
   1.6653556E+02   3.4303786E-42
   1.6686930E+02   3.0534294E-42
   1.6720304E+02   2.1327763E-42
   1.6753678E+02   7.0205053E-43
   1.6787052E+02  -1.1182362E-42
   1.6820426E+02  -3.1136852E-42
   1.6853800E+02  -5.0264576E-42
   1.6887173E+02  -6.5412612E-42
   1.6920547E+02  -7.3554156E-42
   1.6953921E+02  -7.2096806E-42
   1.6987295E+02  -5.9555185E-42
   1.7020669E+02  -3.5733111E-42
   1.7054043E+02  -2.1579996E-43
   1.7087417E+02   3.7863085E-42
   1.7120790E+02   7.9467636E-42
   1.7154164E+02   1.1664408E-41
   1.7187538E+02   1.4300251E-41
   1.7220912E+02   1.5251732E-41
   1.7254286E+02   1.4076043E-41
   1.7287660E+02   1.0558784E-41
   1.7321034E+02   4.8106576E-42
   1.7354408E+02  -2.7115125E-42
   1.7387781E+02  -1.1196375E-41
   1.7421155E+02  -1.9545311E-41
   1.7454529E+02  -2.6484541E-41
   1.7487903E+02  -3.0726271E-41
   1.7521277E+02  -3.1162075E-41
   1.7554651E+02  -2.7053468E-41
   1.7588025E+02  -1.8204268E-41
   1.7621398E+02  -5.1091342E-42
   1.7654772E+02   1.1042232E-41
   1.7688146E+02   2.8374893E-41
   1.7721520E+02   4.4537469E-41
   1.7754894E+02   5.6919342E-41
   1.7788268E+02   6.3040214E-41
   1.7821642E+02   6.0908839E-41
   1.7855015E+02   4.9418192E-41
   1.7888389E+02   2.8648146E-41
   1.7921763E+02   6.4459729E-44
   1.7955137E+02  -3.3457402E-41
   1.7988511E+02  -6.7836859E-41
   1.8021885E+02  -9.8158155E-41
   1.8055259E+02  -1.1929534E-40
   1.8088632E+02  -1.2657649E-40
   1.8122006E+02  -1.1658803E-40
   1.8155380E+02  -8.7869822E-41
   1.8188754E+02  -4.1457415E-41
   1.8222128E+02   1.8841859E-41
   1.8255502E+02   8.6579226E-41
   1.8288876E+02   1.5311848E-40
   1.8322249E+02   2.0856086E-40
   1.8355623E+02   2.4298796E-40
   1.8388997E+02   2.4787288E-40
   1.8422371E+02   2.1757681E-40
   1.8455745E+02   1.5062417E-40
   1.8489119E+02   5.0627512E-41
   1.8522493E+02  -7.3421033E-41
   1.8555866E+02  -2.0756173E-40
   1.8589240E+02  -3.3406255E-40
   1.8622614E+02  -4.3337397E-40
   1.8655988E+02  -4.8664854E-40
   1.8689362E+02  -4.7858126E-40
   1.8722736E+02  -4.0018562E-40
   1.8756110E+02  -2.5112390E-40
   1.8789483E+02  -4.1188366E-41
   1.8822857E+02   2.0948992E-40
   1.8856231E+02   4.7158738E-40
   1.8889605E+02   7.0935550E-40
   1.8922979E+02   8.8463972E-40
   1.8956353E+02   9.6199140E-40
   1.8989727E+02   9.1415947E-40
   1.9023100E+02   7.2733416E-40
   1.9056474E+02   4.0532138E-40
   1.9089848E+02  -2.8129665E-41
   1.9123222E+02  -5.2943999E-40
   1.9156596E+02  -1.0381926E-39
   1.9189970E+02  -1.4829451E-39
   1.9223344E+02  -1.7896417E-39
   1.9256718E+02  -1.8916717E-39
   1.9290091E+02  -1.7406047E-39
   1.9323465E+02  -1.3160407E-39
   1.9356839E+02  -6.3311365E-40
   1.9390213E+02   2.5379197E-40
   1.9423587E+02   1.2523012E-39
   1.9456961E+02   2.2388742E-39
   1.9490335E+02   3.0711824E-39
   1.9523708E+02   3.6051514E-39
   1.9557082E+02   3.7151169E-39
   1.9590456E+02   3.3146482E-39
   1.9623830E+02   2.3753368E-39
   1.9657204E+02   9.4045344E-40
   1.9690578E+02  -8.6920442E-40
   1.9723952E+02  -2.8594728E-39
   1.9757325E+02  -4.7780480E-39
   1.9790699E+02  -6.3404061E-39
   1.9824073E+02  -7.2647138E-39
   1.9857447E+02  -7.3121085E-39
   1.9890821E+02  -6.3277818E-39
   1.9924195E+02  -4.2770544E-39
   1.9957569E+02  -1.2705797E-39
   1.9990942E+02   2.4267126E-39
   2.0024316E+02   6.4069776E-39
   2.0057690E+02   1.0152931E-38
   2.0091064E+02   1.3092535E-38
   2.0124438E+02   1.4670684E-38
   2.0157812E+02   1.4430806E-38
   2.0191186E+02   1.2096425E-38
   2.0224559E+02   7.6411978E-39
   2.0257933E+02   1.3355397E-39
   2.0291307E+02  -6.2408172E-39
   2.0324681E+02  -1.4227954E-38
   2.0358055E+02  -2.1559700E-38
   2.0391429E+02  -2.7079586E-38
   2.0424803E+02  -2.9689700E-38
   2.0458176E+02  -2.8516942E-38
   2.0491550E+02  -2.3076166E-38
   2.0524924E+02  -1.3406409E-38
   2.0558298E+02  -1.5614949E-40
   2.0591672E+02   1.5403415E-38
   2.0625046E+02   3.1451530E-38
   2.0658420E+02   4.5782136E-38
   2.0691793E+02   5.6051787E-38
   2.0725167E+02   6.0090357E-38
   2.0758541E+02   5.6241170E-38
   2.0791915E+02   4.3687220E-38
   2.0825289E+02   2.2714146E-38
   2.0858663E+02  -5.1385797E-39
   2.0892037E+02  -3.7079509E-38
   2.0925410E+02  -6.9246817E-38
   2.0958784E+02  -9.7075074E-38
   2.0992158E+02  -1.1582685E-37
   2.1025532E+02  -1.2124195E-37
   2.1058906E+02  -1.1023172E-37
   2.1092280E+02  -8.1526115E-38
   2.1125654E+02  -3.6172743E-38
   2.1159027E+02   2.2210326E-38
   2.1192401E+02   8.7507020E-38
   2.1225775E+02   1.5154781E-37
   2.1259149E+02   2.0492710E-37
   2.1292523E+02   2.3814101E-37
   2.1325897E+02   2.4293717E-37
   2.1359271E+02   2.1371882E-37
   2.1392645E+02   1.4881044E-37
   2.1426018E+02   5.1377739E-38
   2.1459392E+02  -7.0190878E-38
   2.1492766E+02  -2.0258960E-37
   2.1526140E+02  -3.2866292E-37
   2.1559514E+02  -4.2921292E-37
   2.1592888E+02  -4.8541315E-37
   2.1626262E+02  -4.8158561E-37
   2.1659635E+02  -4.0800040E-37
   2.1693009E+02  -2.6329885E-37
   2.1726383E+02  -5.6123864E-38
   2.1759757E+02   1.9441458E-37
   2.1793131E+02   4.5970531E-37
   2.1826505E+02   7.0413925E-37
   2.1859879E+02   8.8905038E-37
   2.1893252E+02   9.7776993E-37
   2.1926626E+02   9.4125213E-37
   2.1960000E+02   7.6355359E-37
   2.1993374E+02   4.4635087E-37
   2.2026748E+02   1.1676874E-38
   2.2060122E+02  -4.9781924E-37
   2.2093496E+02  -1.0215467E-36
   2.2126869E+02  -1.4866852E-36
   2.2160243E+02  -1.8166297E-36
   2.2193617E+02  -1.9413902E-36
   2.2226991E+02  -1.8087837E-36
   2.2260365E+02  -1.3949259E-36
   2.2293739E+02  -7.1238705E-37
   2.2327113E+02   1.8555044E-37
   2.2360486E+02   1.2058048E-36
   2.2393860E+02   2.2222947E-36
   2.2427234E+02   3.0886293E-36
   2.2460608E+02   3.6558186E-36
   2.2493982E+02   3.7932845E-36
   2.2527356E+02   3.4106699E-36
   2.2560730E+02   2.4774421E-36
   2.2594103E+02   1.0370847E-36
   2.2627477E+02  -7.8704204E-37
   2.2660851E+02  -2.7963898E-36
   2.2694225E+02  -4.7334978E-36
   2.2727599E+02  -6.3093899E-36
   2.2760973E+02  -7.2399547E-36
   2.2794347E+02  -7.2875226E-36
   2.2827720E+02  -6.3024778E-36
   2.2861094E+02  -4.2589407E-36
   2.2894468E+02  -1.2783973E-36
   2.2927842E+02   2.3640222E-36
   2.2961216E+02   6.2543323E-36
   2.2994590E+02   9.8767770E-36
   2.3027964E+02   1.2671442E-35
   2.3061337E+02   1.4107379E-35
   2.3094711E+02   1.3763225E-35
   2.3128085E+02   1.1404881E-35
   2.3161459E+02   7.0487166E-36
   2.3194833E+02   9.9884626E-37
   2.3228207E+02  -6.1508703E-36
   2.3261581E+02  -1.3556000E-35
   2.3294955E+02  -2.0202696E-35
   2.3328328E+02  -2.5025824E-35
   2.3361702E+02  -2.7052929E-35
   2.3395076E+02  -2.5557431E-35
   2.3428450E+02  -2.0200619E-35
   2.3461824E+02  -1.1140408E-35
   2.3495198E+02   9.1390166E-37
   2.3528572E+02   1.4717006E-35
   2.3561945E+02   2.8581735E-35
   2.3595319E+02   4.0550755E-35
   2.3628693E+02   4.8633197E-35
   2.3662067E+02   5.1082490E-35
   2.3695441E+02   4.6682161E-35
   2.3728815E+02   3.5000075E-35
   2.3762189E+02   1.6570048E-35
   2.3795562E+02  -7.0358818E-36
   2.3828936E+02  -3.3271794E-35
   2.3862310E+02  -5.8830100E-35
   2.3895684E+02  -7.9994227E-35
   2.3929058E+02  -9.3102815E-35
   2.3962432E+02  -9.5076325E-35
   2.3995806E+02  -8.3941294E-35
   2.4029179E+02  -5.9276776E-35
   2.4062553E+02  -2.2508717E-35
   2.4095927E+02   2.3012568E-35
   2.4129301E+02   7.2195390E-35
   2.4162675E+02   1.1866315E-34
   2.4196049E+02   1.5546067E-34
   2.4229423E+02   1.7594804E-34
   2.4262796E+02   1.7478368E-34
   2.4296170E+02   1.4887127E-34
   2.4329544E+02   9.8131634E-35
   2.4362918E+02   2.5964745E-35
   2.4396292E+02  -6.0708756E-35
   2.4429666E+02  -1.5189522E-34
   2.4463040E+02  -2.3547372E-34
   2.4496413E+02  -2.9858085E-34
   2.4529787E+02  -3.2930450E-34
   2.4563161E+02  -3.1849526E-34
   2.4596535E+02  -2.6145772E-34
   2.4629909E+02  -1.5926791E-34
   2.4663283E+02  -1.9477431E-35
   2.4696657E+02   1.4398427E-34
   2.4730030E+02   3.1181303E-34
   2.4763404E+02   4.6123060E-34
   2.4796778E+02   5.6864911E-34
   2.4830152E+02   6.1283829E-34
   2.4863526E+02   5.7822907E-34
   2.4896900E+02   4.5791171E-34
   2.4930274E+02   2.5586894E-34
   2.4963647E+02  -1.1977530E-35
   2.4997021E+02  -3.1822487E-34
   2.5030395E+02  -6.2610429E-34
   2.5063769E+02  -8.9320140E-34
   2.5097143E+02  -1.0764973E-33
   2.5130517E+02  -1.1382238E-33
   2.5163891E+02  -1.0518434E-33
   2.5197264E+02  -8.0734605E-34
   2.5230638E+02  -4.1503216E-34
   2.5264012E+02   9.2949621E-35
   2.5297386E+02   6.6384776E-34
   2.5330760E+02   1.2285600E-33
   2.5364134E+02   1.7087383E-33
   2.5397508E+02   2.0261789E-33
   2.5430882E+02   2.1135374E-33
   2.5464255E+02   1.9250939E-33
   2.5497629E+02   1.4461012E-33
   2.5531003E+02   6.9924539E-34
   2.5564377E+02  -2.5306901E-34
   2.5597751E+02  -1.3115096E-33
   2.5631125E+02  -2.3480173E-33
   2.5664499E+02  -3.2190601E-33
   2.5697872E+02  -3.7828540E-33
   2.5731246E+02  -3.9187734E-33
   2.5764620E+02  -3.5466318E-33
   2.5797994E+02  -2.6432067E-33
   2.5831368E+02  -1.2534159E-33
   2.5864742E+02   5.0613095E-34
   2.5898116E+02   2.4527051E-33
   2.5931489E+02   4.3526844E-33
   2.5964863E+02   5.9457088E-33
   2.5998237E+02   6.9757516E-33
   2.6031611E+02   7.2259004E-33
   2.6064985E+02   6.5526919E-33
   2.6098359E+02   4.9153719E-33
   2.6131733E+02   2.3954852E-33
   2.6165106E+02  -7.9713872E-34
   2.6198480E+02  -4.3346053E-33
   2.6231854E+02  -7.7982303E-33
   2.6265228E+02  -1.0721531E-32
   2.6298602E+02  -1.2645323E-32
   2.6331976E+02  -1.3179283E-32
   2.6365350E+02  -1.2062637E-32
   2.6398723E+02  -9.2159242E-33
   2.6432097E+02  -4.7757242E-33
   2.6465471E+02   8.9435578E-34
   2.6498845E+02   7.2211154E-33
   2.6532219E+02   1.3468952E-32
   2.6565593E+02   1.8814564E-32
   2.6598967E+02   2.2442891E-32
   2.6632340E+02   2.3654535E-32
   2.6665714E+02   2.1971985E-32
   2.6699088E+02   1.7230727E-32
   2.6732462E+02   9.6412563E-33
   2.6765836E+02  -1.8971303E-34
   2.6799210E+02  -1.1286893E-32
   2.6832584E+02  -2.2385480E-32
   2.6865957E+02  -3.2057850E-32
   2.6899331E+02  -3.8877448E-32
   2.6932705E+02  -4.1603237E-32
   2.6966079E+02  -3.9363321E-32
   2.6999453E+02  -3.1813817E-32
   2.7032827E+02  -1.9249339E-32
   2.7066201E+02  -2.6447271E-33
   2.7099574E+02   1.6385802E-32
   2.7132948E+02   3.5717005E-32
   2.7166322E+02   5.2922578E-32
   2.7199696E+02   6.5549491E-32
   2.7233070E+02   7.1429302E-32
   2.7266444E+02   6.8990475E-32
   2.7299818E+02   5.7531879E-32
   2.7333192E+02   3.7417181E-32
   2.7366565E+02   1.0156020E-32
   2.7399939E+02  -2.1652297E-32
   2.7433313E+02  -5.4521444E-32
   2.7466687E+02  -8.4418374E-32
   2.7500061E+02  -1.0721384E-31
   2.7533435E+02  -1.1919768E-31
   2.7566809E+02  -1.1760087E-31
   2.7600182E+02  -1.0105743E-31
   2.7633556E+02  -6.9940057E-32
   2.7666930E+02  -2.6512158E-32
   2.7700304E+02   2.5145032E-32
   2.7733678E+02   7.9446021E-32
   2.7767052E+02   1.2984279E-31
   2.7800426E+02   1.6955082E-31
   2.7833799E+02   1.9238714E-31
   2.7867173E+02   1.9362502E-31
   2.7900547E+02   1.7075770E-31
   2.7933921E+02   1.2406238E-31
   2.7967295E+02   5.6869782E-32
   2.8000669E+02  -2.4527900E-32
   2.8034043E+02  -1.1135914E-31
   2.8067416E+02  -1.9322603E-31
   2.8100790E+02  -2.5925909E-31
   2.8134164E+02  -2.9945752E-31
   2.8167538E+02  -3.0606339E-31
   2.8200912E+02  -2.7479414E-31
   2.8234286E+02  -2.0576055E-31
   2.8267660E+02  -1.0391592E-31
   2.8301033E+02   2.1071706E-32
   2.8334407E+02   1.5557094E-31
   2.8367781E+02   2.8333100E-31
   2.8401155E+02   3.8730832E-31
   2.8434529E+02   4.5178922E-31
   2.8467903E+02   4.6456712E-31
   2.8501277E+02   4.1889094E-31
   2.8534650E+02   3.1491284E-31
   2.8568024E+02   1.6038593E-31
   2.8601398E+02  -2.9555478E-32
   2.8634772E+02  -2.3360630E-31
   2.8668146E+02  -4.2643775E-31
   2.8701520E+02  -5.8160216E-31
   2.8734894E+02  -6.7489555E-31
   2.8768267E+02  -6.8778414E-31
   2.8801641E+02  -6.1045237E-31
   2.8835015E+02  -4.4402903E-31
   2.8868389E+02  -2.0160687E-31
   2.8901763E+02   9.2209468E-32
   2.8935137E+02   4.0333073E-31
   2.8968511E+02   6.9168942E-31
   2.9001884E+02   9.1592639E-31
   2.9035258E+02   1.0387674E-30
   2.9068632E+02   1.0324550E-30
   2.9102006E+02   8.8352036E-31
   2.9135380E+02   5.9619113E-31
   2.9168754E+02   1.9382839E-31
   2.9202128E+02  -2.8202023E-31
   2.9235501E+02  -7.7509502E-31
   2.9268875E+02  -1.2202532E-30
   2.9302249E+02  -1.5511498E-30
   2.9335623E+02  -1.7089627E-30
   2.9368997E+02  -1.6511287E-30
   2.9402371E+02  -1.3589399E-30
   2.9435745E+02  -8.4285625E-31
   2.9469119E+02  -1.4458195E-31
   2.9502492E+02   6.6474958E-31
   2.9535866E+02   1.4904878E-30
   2.9569240E+02   2.2241732E-30
   2.9602614E+02   2.7562006E-30
   2.9635988E+02   2.9901181E-30
   2.9669362E+02   2.8568854E-30
   2.9702736E+02   2.3272084E-30
   2.9736109E+02   1.4201318E-30
   2.9769483E+02   2.0633048E-31
   2.9802857E+02  -1.1949304E-30
   2.9836231E+02  -2.6254986E-30
   2.9869605E+02  -3.9041959E-30
   2.9902979E+02  -4.8474950E-30
   2.9936353E+02  -5.2928685E-30
   2.9969726E+02  -5.1221138E-30
   3.0003100E+02  -4.2816349E-30
   3.0036474E+02  -2.7967422E-30
   3.0069848E+02  -7.7746801E-31
   3.0103222E+02   1.5857904E-30
   3.0136596E+02   4.0373390E-30
   3.0169970E+02   6.2812452E-30
   3.0203343E+02   8.0142308E-30
   3.0236717E+02   8.9630891E-30
   3.0270091E+02   8.9223286E-30
   3.0303465E+02   7.7872976E-30
   3.0336839E+02   5.5781108E-30
   3.0370213E+02   2.4503599E-30
   3.0403587E+02  -1.3100821E-30
   3.0436960E+02  -5.3091761E-30
   3.0470334E+02  -9.0826901E-30
   3.0503708E+02  -1.2146828E-29
   3.0537082E+02  -1.4056427E-29
   3.0570456E+02  -1.4464137E-29
   3.0603830E+02  -1.3173227E-29
   3.0637204E+02  -1.0176755E-29
   3.0670577E+02  -5.6768256E-30
   3.0703951E+02  -7.9592440E-32
   3.0737325E+02   6.0356959E-30
   3.0770699E+02   1.1972176E-29
   3.0804073E+02   1.6990811E-29
   3.0837447E+02   2.0398075E-29
   3.0870821E+02   2.1636126E-29
   3.0904194E+02   2.0364314E-29
   3.0937568E+02   1.6521012E-29
   3.0970942E+02   1.0356237E-29
   3.1004316E+02   2.4282809E-30
   3.1037690E+02  -6.4384748E-30
   3.1071064E+02  -1.5232673E-29
   3.1104438E+02  -2.2865457E-29
   3.1137811E+02  -2.8299223E-29
   3.1171185E+02  -3.0681153E-29
   3.1204559E+02  -2.9465217E-29
   3.1237933E+02  -2.4506333E-29
   3.1271307E+02  -1.6112420E-29
   3.1304681E+02  -5.0442618E-30
   3.1338055E+02   7.5413045E-30
   3.1371429E+02   2.0202500E-29
   3.1404802E+02   3.1368668E-29
   3.1438176E+02   3.9525439E-29
   3.1471550E+02   4.3408198E-29
   3.1504924E+02   4.2180273E-29
   3.1538298E+02   3.5572188E-29
   3.1571672E+02   2.3961411E-29
   3.1605046E+02   8.3777260E-30
   3.1638419E+02  -9.5723684E-30
   3.1671793E+02  -2.7859326E-29
   3.1705167E+02  -4.4248963E-29
   3.1738541E+02  -5.6563708E-29
   3.1771915E+02  -6.2956808E-29
   3.1805289E+02  -6.2166677E-29
   3.1838663E+02  -5.3717478E-29
   3.1872036E+02  -3.8037267E-29
   3.1905410E+02  -1.6472253E-29
   3.1938784E+02   8.8118607E-30
   3.1972158E+02   3.5037815E-29
   3.2005532E+02   5.9115475E-29
   3.2038906E+02   7.8000512E-29
   3.2072280E+02   8.9072286E-29
   3.2105653E+02   9.0484835E-29
   3.2139027E+02   8.1444821E-29
   3.2172401E+02   6.2376610E-29
   3.2205775E+02   3.4945857E-29
   3.2239149E+02   1.9293184E-30
   3.2272523E+02  -3.3063134E-29
   3.2305897E+02  -6.5988264E-29
   3.2339270E+02  -9.2848601E-29
   3.2372644E+02  -1.1019443E-28
   3.2406018E+02  -1.1558608E-28
   3.2439392E+02  -1.0795449E-28
   3.2472766E+02  -8.7806769E-29
   3.2506140E+02  -5.7240444E-29
   3.2539514E+02  -1.9751555E-29
   3.2572887E+02   2.0150782E-29
   3.2606261E+02   5.7486824E-29
   3.2639635E+02   8.7443172E-29
   3.2673009E+02   1.0602679E-28
   3.2706383E+02   1.1065012E-28
   3.2739757E+02   1.0056325E-28
   3.2773131E+02   7.7064420E-29
   3.2806504E+02   4.3442528E-29
   3.2839878E+02   4.6400347E-30
   3.2873252E+02  -3.3341723E-29
   3.2906626E+02  -6.4234482E-29
   3.2940000E+02  -8.2400636E-29
   3.2973374E+02  -8.3721697E-29
   3.3006748E+02  -6.6357639E-29
   3.3040121E+02  -3.1256916E-29
   3.3073495E+02   1.7674801E-29
   3.3106869E+02   7.3805511E-29
   3.3140243E+02   1.2841781E-28
   3.3173617E+02   1.7171547E-28
   3.3206991E+02   1.9409971E-28
   3.3240365E+02   1.8757330E-28
   3.3273739E+02   1.4709876E-28
   3.3307112E+02   7.1724436E-29
   3.3340486E+02  -3.4693967E-29
   3.3373860E+02  -1.6332001E-28
   3.3407234E+02  -3.0079484E-28
   3.3440608E+02  -4.3034240E-28
   3.3473982E+02  -5.3345265E-28
   3.3507356E+02  -5.9199836E-28
   3.3540729E+02  -5.9056836E-28
   3.3574103E+02  -5.1875087E-28
   3.3607477E+02  -3.7307993E-28
   3.3640851E+02  -1.5837222E-28
   3.3674225E+02   1.1177423E-28
   3.3707599E+02   4.1547162E-28
   3.3740973E+02   7.2406126E-28
   3.3774346E+02   1.0045941E-27
   3.3807720E+02   1.2230641E-27
   3.3841094E+02   1.3481038E-27
   3.3874468E+02   1.3547453E-27
   3.3907842E+02   1.2278268E-27
   3.3941216E+02   9.6461694E-28
   3.3974590E+02   5.7629669E-28
   3.4007963E+02   8.8032910E-29
   3.4041337E+02  -4.6247563E-28
   3.4074711E+02  -1.0279270E-27
   3.4108085E+02  -1.5556023E-27
   3.4141459E+02  -1.9924256E-27
   3.4174833E+02  -2.2903845E-27
   3.4208207E+02  -2.4117346E-27
   3.4241580E+02  -2.3333926E-27
   3.4274954E+02  -2.0499906E-27
   3.4308328E+02  -1.5751773E-27
   3.4341702E+02  -9.4096440E-28
   3.4375076E+02  -1.9509401E-28
   3.4408450E+02   6.0332384E-28
   3.4441824E+02   1.3894590E-27
   3.4475197E+02   2.0990899E-27
   3.4508571E+02   2.6748783E-27
   3.4541945E+02   3.0718575E-27
   3.4575319E+02   3.2614815E-27
   3.4608693E+02   3.2337319E-27
   3.4642067E+02   2.9970382E-27
   3.4675441E+02   2.5760224E-27
   3.4708814E+02   2.0074033E-27
   3.4742188E+02   1.3346436E-27
   3.4775562E+02   6.0210853E-28
   3.4808936E+02  -1.5036371E-28
   3.4842310E+02  -8.9164509E-28
   3.4875684E+02  -1.6015330E-27
   3.4909058E+02  -2.2705757E-27
   3.4942431E+02  -2.8974158E-27
   3.4975805E+02  -3.4839849E-27
   3.5009179E+02  -4.0292611E-27
   3.5042553E+02  -4.5226420E-27
   3.5075927E+02  -4.9381637E-27
   3.5109301E+02  -5.2308989E-27
   3.5142675E+02  -5.3366228E-27
   3.5176048E+02  -5.1755958E-27
   3.5209422E+02  -4.6607023E-27
   3.5242796E+02  -3.7096199E-27
   3.5276170E+02  -2.2599657E-27
   3.5309544E+02  -2.8578220E-28
   3.5342918E+02   2.1868382E-27
   3.5376292E+02   5.0674140E-27
   3.5409666E+02   8.1944175E-27
   3.5443039E+02   1.1336433E-26
   3.5476413E+02   1.4202448E-26
   3.5509787E+02   1.6461811E-26
   3.5543161E+02   1.7773042E-26
   3.5576535E+02   1.7819559E-26
   3.5609909E+02   1.6349267E-26
   3.5643283E+02   1.3213836E-26
   3.5676656E+02   8.4031328E-27
   3.5710030E+02   2.0699843E-27
   3.5743404E+02  -5.4587869E-27
   3.5776778E+02  -1.3688518E-26
   3.5810152E+02  -2.1981492E-26
   3.5843526E+02  -2.9600292E-26
   3.5876900E+02  -3.5767237E-26
   3.5910273E+02  -3.9735626E-26
   3.5943647E+02  -4.0866557E-26
   3.5977021E+02  -3.8703876E-26
   3.6010395E+02  -3.3039134E-26
   3.6043769E+02  -2.3958969E-26
   3.6077143E+02  -1.1868190E-26
   3.6110517E+02   2.5160256E-27
   3.6143890E+02   1.8200796E-26
   3.6177264E+02   3.3983989E-26
   3.6210638E+02   4.8546207E-26
   3.6244012E+02   6.0561098E-26
   3.6277386E+02   6.8814432E-26
   3.6310760E+02   7.2320685E-26
   3.6344134E+02   7.0426118E-26
   3.6377507E+02   6.2887005E-26
   3.6410881E+02   4.9914745E-26
   3.6444255E+02   3.2181861E-26
   3.6477629E+02   1.0786678E-26
   3.6511003E+02  -1.2821150E-26
   3.6544377E+02  -3.6948716E-26
   3.6577751E+02  -5.9792181E-26
   3.6611124E+02  -7.9581237E-26
   3.6644498E+02  -9.4722917E-26
   3.6677872E+02  -1.0393159E-25
   3.6711246E+02  -1.0633298E-25
   3.6744620E+02  -1.0153372E-25
   3.6777994E+02  -8.9650480E-26
   3.6811368E+02  -7.1297119E-26
   3.6844741E+02  -4.7533023E-26
   3.6878115E+02  -1.9778421E-26
   3.6911489E+02   1.0293626E-26
   3.6944863E+02   4.0877613E-26
   3.6978237E+02   7.0156987E-26
   3.7011611E+02   9.6415751E-26
   3.7044985E+02   1.1813207E-25
   3.7078358E+02   1.3404804E-25
   3.7111732E+02   1.4321317E-25
   3.7145106E+02   1.4500422E-25
   3.7178480E+02   1.3912263E-25
   3.7211854E+02   1.2557941E-25
   3.7245228E+02   1.0467135E-25
   3.7278602E+02   7.6958546E-26
   3.7311976E+02   4.3247087E-26
   3.7345349E+02   4.5815501E-27
   3.7378723E+02  -3.7753163E-26
   3.7412097E+02  -8.2221376E-26
   3.7445471E+02  -1.2702498E-25
   3.7478845E+02  -1.7009713E-25
   3.7512219E+02  -2.0911211E-25
   3.7545593E+02  -2.4152049E-25
   3.7578966E+02  -2.6461846E-25
   3.7612340E+02  -2.7565963E-25
   3.7645714E+02  -2.7201378E-25
   3.7679088E+02  -2.5136875E-25
   3.7712462E+02  -2.1197398E-25
   3.7745836E+02  -1.5291137E-25
   3.7779210E+02  -7.4377479E-26
   3.7812583E+02   2.2049607E-26
   3.7845957E+02   1.3318344E-25
   3.7879331E+02   2.5407908E-25
   3.7912705E+02   3.7799454E-25
   3.7946079E+02   4.9649806E-25
   3.7979453E+02   5.9975034E-25
   3.8012827E+02   6.7698475E-25
   3.8046200E+02   7.1719013E-25
   3.8079574E+02   7.0999015E-25
   3.8112948E+02   6.4667888E-25
   3.8146322E+02   5.2135748E-25
   3.8179696E+02   3.3208493E-25
   3.8213070E+02   8.1933657E-26
   3.8246444E+02  -2.2017941E-25
   3.8279817E+02  -5.5901672E-25
   3.8313191E+02  -9.1303816E-25
   3.8346565E+02  -1.2550200E-24
   3.8379939E+02  -1.5533483E-24
   3.8413313E+02  -1.7740147E-24
   3.8446687E+02  -1.8832589E-24
   3.8480061E+02  -1.8507422E-24
   3.8513434E+02  -1.6530361E-24
   3.8546808E+02  -1.2771658E-24
   3.8580182E+02  -7.2384245E-25
   3.8613556E+02  -1.0028197E-26
   3.8646930E+02   8.2956001E-25
   3.8680304E+02   1.7423492E-24
   3.8713678E+02   2.6594947E-24
   3.8747051E+02   3.4992994E-24
   3.8780425E+02   4.1724908E-24
   3.8813799E+02   4.5891699E-24
   3.8847173E+02   4.6670802E-24
   3.8880547E+02   4.3406448E-24
   3.8913921E+02   3.5700472E-24
   3.8947295E+02   2.3494942E-24
   3.8980668E+02   7.1374804E-25
   3.9014042E+02  -1.2580284E-24
   3.9047416E+02  -3.4419224E-24
   3.9080790E+02  -5.6731224E-24
   3.9114164E+02  -7.7543197E-24
   3.9147538E+02  -9.4687164E-24
   3.9180912E+02  -1.0597196E-23
   3.9214285E+02  -1.0938788E-23
   3.9247659E+02  -1.0333012E-23
   3.9281033E+02  -8.6823009E-24
   3.9314407E+02  -5.9722466E-24
   3.9347781E+02  -2.2872977E-24
   3.9381155E+02   2.1805342E-24
   3.9414529E+02   7.1321837E-24
   3.9447903E+02   1.2172828E-23
   3.9481276E+02   1.6834964E-23
   3.9514650E+02   2.0612923E-23
   3.9548024E+02   2.3007406E-23
   3.9581398E+02   2.3577162E-23
   3.9614772E+02   2.1993587E-23
   3.9648146E+02   1.8092908E-23
   3.9681520E+02   1.1919911E-23
   3.9714893E+02   3.7568077E-24
   3.9748267E+02  -5.8685035E-24
   3.9781641E+02  -1.6199339E-23
   3.9815015E+02  -2.6294906E-23
   3.9848389E+02  -3.5102442E-23
   3.9881763E+02  -4.1553472E-23
   3.9915137E+02  -4.4677289E-23
   3.9948510E+02  -4.3721600E-23
   3.9981884E+02  -3.8267639E-23
   4.0015258E+02  -2.8325521E-23
   4.0048632E+02  -1.4395405E-23
   4.0082006E+02   2.5181308E-24
   4.0115380E+02   2.0947973E-23
   4.0148754E+02   3.9066487E-23
   4.0182127E+02   5.4845315E-23
   4.0215501E+02   6.6263054E-23
   4.0248875E+02   7.1543039E-23
   4.0282249E+02   6.9397874E-23
   4.0315623E+02   5.9251343E-23
   4.0348997E+02   4.1407322E-23
   4.0382371E+02   1.7136438E-23
   4.0415744E+02  -1.1343318E-23
   4.0449118E+02  -4.1006448E-23
   4.0482492E+02  -6.8281894E-23
   4.0515866E+02  -8.9423833E-23
   4.0549240E+02  -1.0096176E-22
   4.0582614E+02  -1.0018568E-22
   4.0615988E+02  -8.5610353E-23
   4.0649361E+02  -5.7355136E-23
   4.0682735E+02  -1.7377317E-23
   4.0716109E+02   3.0495646E-23
   4.0749483E+02   8.0773058E-23
   4.0782857E+02   1.2675969E-22
   4.0816231E+02   1.6124940E-22
   4.0849605E+02   1.7740237E-22
   4.0882978E+02   1.6972270E-22
   4.0916352E+02   1.3502524E-22
   4.0949726E+02   7.3262055E-23
   4.0983100E+02  -1.1923891E-23
   4.1016474E+02  -1.1303738E-22
   4.1049848E+02  -2.1905271E-22
   4.1083222E+02  -3.1625807E-22
   4.1116595E+02  -3.8960278E-22
   4.1149969E+02  -4.2445695E-22
   4.1183343E+02  -4.0862253E-22
   4.1216717E+02  -3.3437592E-22
   4.1250091E+02  -2.0027763E-22
   4.1283465E+02  -1.2473342E-23
   4.1316839E+02   2.1477217E-22
   4.1350213E+02   4.5950767E-22
   4.1383586E+02   6.9360134E-22
   4.1416960E+02   8.8530550E-22
   4.1450334E+02   1.0027206E-21
   4.1483708E+02   1.0178609E-21
   4.1517082E+02   9.1089064E-22
   4.1550456E+02   6.7401457E-22
   4.1583830E+02   3.1445725E-22
   4.1617203E+02  -1.4399562E-22
   4.1650577E+02  -6.6132615E-22
   4.1683951E+02  -1.1837406E-21
   4.1717325E+02  -1.6482736E-21
   4.1750699E+02  -1.9892870E-21
   4.1784073E+02  -2.1463281E-21
   4.1817447E+02  -2.0725426E-21
   4.1850820E+02  -1.7426521E-21
   4.1884194E+02  -1.1594003E-21
   4.1917568E+02  -3.5739751E-22
   4.1950942E+02   5.9652657E-22
   4.1984316E+02   1.6070466E-21
   4.2017690E+02   2.5582832E-21
   4.2051064E+02   3.3255724E-21
   4.2084437E+02   3.7901202E-21
   4.2117811E+02   3.8550647E-21
   4.2151185E+02   3.4610626E-21
   4.2184559E+02   2.5992743E-21
   4.2217933E+02   1.3196438E-21
   4.2251307E+02  -2.6734635E-22
   4.2284681E+02  -1.9966799E-21
   4.2318054E+02  -3.6629589E-21
   4.2351428E+02  -5.0420657E-21
   4.2384802E+02  -5.9185669E-21
   4.2418176E+02  -6.1160571E-21
   4.2451550E+02  -5.5267394E-21
   4.2484924E+02  -4.1361127E-21
   4.2518298E+02  -2.0385551E-21
   4.2551671E+02   5.5977267E-22
   4.2585045E+02   3.3531608E-21
   4.2618419E+02   5.9644585E-21
   4.2651793E+02   7.9877213E-21
   4.2685167E+02   9.0417820E-21
   4.2718541E+02   8.8290431E-21
   4.2751915E+02   7.1920462E-21
   4.2785288E+02   4.1594397E-21
   4.2818662E+02  -2.6921336E-23
   4.2852036E+02  -4.9108219E-21
   4.2885410E+02  -9.8510539E-21
   4.2918784E+02  -1.4082382E-20
   4.2952158E+02  -1.6804924E-20
   4.2985532E+02  -1.7294224E-20
   4.3018905E+02  -1.5020062E-20
   4.3052279E+02  -9.7587982E-21
   4.3085653E+02  -1.6824401E-21
   4.3119027E+02   8.5921132E-21
   4.3152401E+02   2.0007226E-20
   4.3185775E+02   3.1130700E-20
   4.3219149E+02   4.0285428E-20
   4.3252522E+02   4.5735417E-20
   4.3285896E+02   4.5912382E-20
   4.3319270E+02   3.9659000E-20
   4.3352644E+02   2.6458903E-20
   4.3386018E+02   6.6206850E-21
   4.3419392E+02  -1.8615805E-20
   4.3452766E+02  -4.7076891E-20
   4.3486140E+02  -7.5772678E-20
   4.3519513E+02  -1.0113751E-19
   4.3552887E+02  -1.1938110E-19
   4.3586261E+02  -1.2692117E-19
   4.3619635E+02  -1.2085498E-19
   4.3653009E+02  -9.9415568E-20
   4.3686383E+02  -6.2354161E-20
   4.3719757E+02  -1.1191305E-20
   4.3753130E+02   5.0711018E-20
   4.3786504E+02   1.1828776E-19
   4.3819878E+02   1.8512937E-19
   4.3853252E+02   2.4404377E-19
   4.3886626E+02   2.8777955E-19
   4.3920000E+02   3.0984350E-19
   4.3953374E+02   3.0532818E-19
   4.3986747E+02   2.7165547E-19
   4.4020121E+02   2.0914304E-19
   4.4053495E+02   1.2131234E-19
   4.4086869E+02   1.4879810E-20
   4.4120243E+02  -1.0059749E-19
   4.4153617E+02  -2.1341269E-19
   4.4186991E+02  -3.1069118E-19
   4.4220364E+02  -3.7958274E-19
   4.4253738E+02  -4.0855464E-19
   4.4287112E+02  -3.8866012E-19
   4.4320486E+02  -3.1464984E-19
   4.4353860E+02  -1.8580302E-19
   4.4387234E+02  -6.3767749E-21
   4.4420608E+02   2.1439857E-19
   4.4453981E+02   4.6280745E-19
   4.4487355E+02   7.2160848E-19
   4.4520729E+02   9.7140865E-19
   4.4554103E+02   1.1923515E-18
   4.4587477E+02   1.3659875E-18
   4.4620851E+02   1.4771627E-18
   4.4654225E+02   1.5157522E-18
   4.4687598E+02   1.4780537E-18
   4.4720972E+02   1.3676741E-18
   4.4754346E+02   1.1957654E-18
   4.4787720E+02   9.8050050E-19
   4.4821094E+02   7.4573677E-19
   4.4854468E+02   5.1887308E-19
   4.4887842E+02   3.2796863E-19
   4.4921215E+02   1.9826423E-19
   4.4954589E+02   1.4831131E-19
   4.4987963E+02   1.8595873E-19
   4.5021337E+02   3.0449413E-19
   4.5054711E+02   4.7923391E-19
   4.5088085E+02   6.6483918E-19
   4.5121459E+02   7.9356151E-19
   4.5154832E+02   7.7455109E-19
   4.5188206E+02   4.9421426E-19
   4.5221580E+02  -1.8252133E-19
   4.5254954E+02  -1.4103028E-18
   4.5288328E+02  -3.3612455E-18
   4.5321702E+02  -6.2231060E-18
   4.5355076E+02  -1.0198347E-17
   4.5388450E+02  -1.5504639E-17
   4.5421823E+02  -2.2377360E-17
   4.5455197E+02  -3.1074562E-17
   4.5488571E+02  -4.1884697E-17
   4.5521945E+02  -5.5137322E-17
   4.5555319E+02  -7.1216843E-17
   4.5588693E+02  -9.0578997E-17
   4.5622067E+02  -1.1377017E-16
   4.5655440E+02  -1.4144831E-16
   4.5688814E+02  -1.7440584E-16
   4.5722188E+02  -2.1359288E-16
   4.5755562E+02  -2.6014015E-16
   4.5788936E+02  -3.1538136E-16
   4.5822310E+02  -3.8087231E-16
   4.5855684E+02  -4.5840920E-16
   4.5889057E+02  -5.5004075E-16
   4.5922431E+02  -6.5807710E-16
   4.5955805E+02  -7.8509149E-16
   4.5989179E+02  -9.3391576E-16
   4.6022553E+02  -1.1076249E-15
   4.6055927E+02  -1.3095084E-15
   4.6089301E+02  -1.5430269E-15
   4.6122674E+02  -1.8117452E-15
   4.6156048E+02  -2.1192398E-15
   4.6189422E+02  -2.4689746E-15
   4.6222796E+02  -2.8641326E-15
   4.6256170E+02  -3.3073990E-15
   4.6289544E+02  -3.8006800E-15
   4.6322918E+02  -4.3447543E-15
   4.6356291E+02  -4.9388221E-15
   4.6389665E+02  -5.5799320E-15
   4.6423039E+02  -6.2622730E-15
   4.6456413E+02  -6.9762574E-15
   4.6489787E+02  -7.7074035E-15
   4.6523161E+02  -8.4348845E-15
   4.6556535E+02  -9.1297802E-15
   4.6589908E+02  -9.7528966E-15
   4.6623282E+02  -1.0252065E-14
   4.6656656E+02  -1.0558861E-14
   4.6690030E+02  -1.0584541E-14
   4.6723404E+02  -1.0215129E-14
   4.6756778E+02  -9.3054159E-15
   4.6790152E+02  -7.6717256E-15
   4.6823525E+02  -5.0831447E-15
   4.6856899E+02  -1.2511015E-15
   4.6890273E+02   4.1832043E-15
   4.6923647E+02   1.1663634E-14
   4.6957021E+02   2.1736861E-14
   4.6990395E+02   3.5073080E-14
   4.7023769E+02   5.2490652E-14
   4.7057142E+02   7.4985062E-14
   4.7090516E+02   1.0376330E-13
   4.7123890E+02   1.4028350E-13
   4.7157264E+02   1.8630232E-13
   4.7190638E+02   2.4393042E-13
   4.7224012E+02   3.1569615E-13
   4.7257386E+02   4.0462241E-13
   4.7290760E+02   5.1431331E-13
   4.7324133E+02   6.4905600E-13
   4.7357507E+02   8.1394152E-13
   4.7390881E+02   1.0149980E-12
   4.7424255E+02   1.2593511E-12
   4.7457629E+02   1.5554090E-12
   4.7491003E+02   1.9130704E-12
   4.7524377E+02   2.3439668E-12
   4.7557750E+02   2.8617417E-12
   4.7591124E+02   3.4823693E-12
   4.7624498E+02   4.2245148E-12
   4.7657872E+02   5.1099541E-12
   4.7691246E+02   6.1640385E-12
   4.7724620E+02   7.4162473E-12
   4.7757994E+02   8.9007812E-12
   4.7791367E+02   1.0657255E-11
   4.7824741E+02   1.2731489E-11
   4.7858115E+02   1.5176388E-11
   4.7891489E+02   1.8052927E-11
   4.7924863E+02   2.1431301E-11
   4.7958237E+02   2.5392126E-11
   4.7991611E+02   3.0027904E-11
   4.8024984E+02   3.5444557E-11
   4.8058358E+02   4.1763218E-11
   4.8091732E+02   4.9122109E-11
   4.8125106E+02   5.7678834E-11
   4.8158480E+02   6.7612686E-11
   4.8191854E+02   7.9127371E-11
   4.8225228E+02   9.2453878E-11
   4.8258601E+02   1.0785386E-10
   4.8291975E+02   1.2562304E-10
   4.8325349E+02   1.4609515E-10
   4.8358723E+02   1.6964644E-10
   4.8392097E+02   1.9670002E-10
   4.8425471E+02   2.2773122E-10
   4.8458845E+02   2.6327288E-10
   4.8492218E+02   3.0392155E-10
   4.8525592E+02   3.5034387E-10
   4.8558966E+02   4.0328368E-10
   4.8592340E+02   4.6356916E-10
   4.8625714E+02   5.3212135E-10
   4.8659088E+02   6.0996186E-10
   4.8692462E+02   6.9822281E-10
   4.8725835E+02   7.9815626E-10
   4.8759209E+02   9.1114388E-10
   4.8792583E+02   1.0387086E-09
   4.8825957E+02   1.1825250E-09
   4.8859331E+02   1.3444311E-09
   4.8892705E+02   1.5264408E-09
   4.8926079E+02   1.7307556E-09
   4.8959452E+02   1.9597803E-09
   4.8992826E+02   2.2161299E-09
   4.9026200E+02   2.5026501E-09
   4.9059574E+02   2.8224261E-09
   4.9092948E+02   3.1787957E-09
   4.9126322E+02   3.5753656E-09
   4.9159696E+02   4.0160195E-09
   4.9193069E+02   4.5049364E-09
   4.9226443E+02   5.0465925E-09
   4.9259817E+02   5.6457825E-09
   4.9293191E+02   6.3076202E-09
   4.9326565E+02   7.0375528E-09
   4.9359939E+02   7.8413596E-09
   4.9393313E+02   8.7251601E-09
   4.9426687E+02   9.6954240E-09
   4.9460060E+02   1.0758950E-08
   4.9493434E+02   1.1922877E-08
   4.9526808E+02   1.3194681E-08
   4.9560182E+02   1.4582145E-08
   4.9593556E+02   1.6093360E-08
   4.9626930E+02   1.7736690E-08
   4.9660304E+02   1.9520765E-08
   4.9693677E+02   2.1454442E-08
   4.9727051E+02   2.3546772E-08
   4.9760425E+02   2.5806933E-08
   4.9793799E+02   2.8244219E-08
   4.9827173E+02   3.0867980E-08
   4.9860547E+02   3.3687492E-08
   4.9893921E+02   3.6712002E-08
   4.9927294E+02   3.9950557E-08
   4.9960668E+02   4.3411944E-08
   4.9994042E+02   4.7104610E-08
   5.0027416E+02   5.1036544E-08
   5.0060790E+02   5.5215185E-08
   5.0094164E+02   5.9647270E-08
   5.0127538E+02   6.4338721E-08
   5.0160911E+02   6.9294551E-08
   5.0194285E+02   7.4518631E-08
   5.0227659E+02   8.0013699E-08
   5.0261033E+02   8.5781011E-08
   5.0294407E+02   9.1820326E-08
   5.0327781E+02   9.8129632E-08
   5.0361155E+02   1.0470517E-07
   5.0394528E+02   1.1154101E-07
   5.0427902E+02   1.1862894E-07
   5.0461276E+02   1.2595859E-07
   5.0494650E+02   1.3351686E-07
   5.0528024E+02   1.4128801E-07
   5.0561398E+02   1.4925331E-07
   5.0594772E+02   1.5739107E-07
   5.0628145E+02   1.6567645E-07
   5.0661519E+02   1.7408118E-07
   5.0694893E+02   1.8257376E-07
   5.0728267E+02   1.9111883E-07
   5.0761641E+02   1.9967764E-07
   5.0795015E+02   2.0820775E-07
   5.0828389E+02   2.1666297E-07
   5.0861762E+02   2.2499310E-07
   5.0895136E+02   2.3314436E-07
   5.0928510E+02   2.4105944E-07
   5.0961884E+02   2.4867700E-07
   5.0995258E+02   2.5593232E-07
   5.1028632E+02   2.6275737E-07
   5.1062006E+02   2.6908052E-07
   5.1095379E+02   2.7482724E-07
   5.1128753E+02   2.7992030E-07
   5.1162127E+02   2.8427951E-07
   5.1195501E+02   2.8782284E-07
   5.1228875E+02   2.9046620E-07
   5.1262249E+02   2.9212390E-07
   5.1295623E+02   2.9270933E-07
   5.1328997E+02   2.9213524E-07
   5.1362370E+02   2.9031432E-07
   5.1395744E+02   2.8715954E-07
   5.1429118E+02   2.8258509E-07
   5.1462492E+02   2.7650654E-07
   5.1495866E+02   2.6884214E-07
   5.1529240E+02   2.5951243E-07
   5.1562614E+02   2.4844215E-07
   5.1595987E+02   2.3555971E-07
   5.1629361E+02   2.2079901E-07
   5.1662735E+02   2.0409917E-07
   5.1696109E+02   1.8540598E-07
   5.1729483E+02   1.6467197E-07
   5.1762857E+02   1.4185767E-07
   5.1796231E+02   1.1693206E-07
   5.1829604E+02   8.9872941E-08
   5.1862978E+02   6.0668114E-08
   5.1896352E+02   2.9315355E-08
   5.1929726E+02  -4.1765649E-09
   5.1963100E+02  -3.9787544E-08
   5.1996474E+02  -7.7485716E-08
   5.2029848E+02  -1.1722722E-07
   5.2063221E+02  -1.5895549E-07
   5.2096595E+02  -2.0260150E-07
   5.2129969E+02  -2.4808296E-07
   5.2163343E+02  -2.9530483E-07
   5.2196717E+02  -3.4415876E-07
   5.2230091E+02  -3.9452394E-07
   5.2263465E+02  -4.4626620E-07
   5.2296838E+02  -4.9923915E-07
   5.2330212E+02  -5.5328405E-07
   5.2363586E+02  -6.0823038E-07
   5.2396960E+02  -6.6389640E-07
   5.2430334E+02  -7.2008993E-07
   5.2463708E+02  -7.7660849E-07
   5.2497082E+02  -8.3324068E-07
   5.2530455E+02  -8.8976714E-07
   5.2563829E+02  -9.4596072E-07
   5.2597203E+02  -1.0015890E-06
   5.2630577E+02  -1.0564133E-06
   5.2663951E+02  -1.1101915E-06
   5.2697325E+02  -1.1626796E-06
   5.2730699E+02  -1.2136309E-06
   5.2764072E+02  -1.2628003E-06
   5.2797446E+02  -1.3099428E-06
   5.2830820E+02  -1.3548167E-06
   5.2864194E+02  -1.3971844E-06
   5.2897568E+02  -1.4368151E-06
   5.2930942E+02  -1.4734829E-06
   5.2964316E+02  -1.5069719E-06
   5.2997689E+02  -1.5370769E-06
   5.3031063E+02  -1.5636022E-06
   5.3064437E+02  -1.5863653E-06
   5.3097811E+02  -1.6051978E-06
   5.3131185E+02  -1.6199469E-06
   5.3164559E+02  -1.6304754E-06
   5.3197933E+02  -1.6366629E-06
   5.3231306E+02  -1.6384085E-06
   5.3264680E+02  -1.6356289E-06
   5.3298054E+02  -1.6282615E-06
   5.3331428E+02  -1.6162646E-06
   5.3364802E+02  -1.5996164E-06
   5.3398176E+02  -1.5783174E-06
   5.3431550E+02  -1.5523888E-06
   5.3464924E+02  -1.5218751E-06
   5.3498297E+02  -1.4868409E-06
   5.3531671E+02  -1.4473733E-06
   5.3565045E+02  -1.4035812E-06
   5.3598419E+02  -1.3555941E-06
   5.3631793E+02  -1.3035612E-06
   5.3665167E+02  -1.2476534E-06
   5.3698541E+02  -1.1880593E-06
   5.3731914E+02  -1.1249856E-06
   5.3765288E+02  -1.0586571E-06
   5.3798662E+02  -9.8931298E-07
   5.3832036E+02  -9.1720869E-07
   5.3865410E+02  -8.4261245E-07
   5.3898784E+02  -7.6580454E-07
   5.3932158E+02  -6.8707578E-07
   5.3965531E+02  -6.0672619E-07
   5.3998905E+02  -5.2506294E-07
   5.4032279E+02  -4.4239908E-07
   5.4065653E+02  -3.5905123E-07
   5.4099027E+02  -2.7533889E-07
   5.4132401E+02  -1.9158220E-07
   5.4165775E+02  -1.0809987E-07
   5.4199148E+02  -2.5208081E-08
   5.4232522E+02   5.6781431E-08
   5.4265896E+02   1.3756329E-07
   5.4299270E+02   2.1683945E-07
   5.4332644E+02   2.9432118E-07
   5.4366018E+02   3.6973074E-07
   5.4399392E+02   4.4280199E-07
   5.4432765E+02   5.1328254E-07
   5.4466139E+02   5.8093428E-07
   5.4499513E+02   6.4553518E-07
   5.4532887E+02   7.0687986E-07
   5.4566261E+02   7.6478022E-07
   5.4599635E+02   8.1906711E-07
   5.4633009E+02   8.6958988E-07
   5.4666382E+02   9.1621826E-07
   5.4699756E+02   9.5884150E-07
   5.4733130E+02   9.9736872E-07
   5.4766504E+02   1.0317309E-06
   5.4799878E+02   1.0618785E-06
   5.4833252E+02   1.0877828E-06
   5.4866626E+02   1.1094352E-06
   5.4899999E+02   1.1268471E-06
   5.4933373E+02   1.1400497E-06
   5.4966747E+02   1.1490929E-06
   5.5000121E+02   1.1540445E-06
   5.5033495E+02   1.1549912E-06
   5.5066869E+02   1.1520350E-06
   5.5100243E+02   1.1452948E-06
   5.5133616E+02   1.1349034E-06
   5.5166990E+02   1.1210087E-06
   5.5200364E+02   1.1037700E-06
   5.5233738E+02   1.0833592E-06
   5.5267112E+02   1.0599575E-06
   5.5300486E+02   1.0337563E-06
   5.5333860E+02   1.0049544E-06
   5.5367234E+02   9.7375664E-07
   5.5400607E+02   9.4037352E-07
   5.5433981E+02   9.0502004E-07
   5.5467355E+02   8.6791323E-07
   5.5500729E+02   8.2927147E-07
   5.5534103E+02   7.8931396E-07
   5.5567477E+02   7.4825834E-07
   5.5600851E+02   7.0632058E-07
   5.5634224E+02   6.6371291E-07
   5.5667598E+02   6.2064356E-07
   5.5700972E+02   5.7731495E-07
   5.5734346E+02   5.3392364E-07
   5.5767720E+02   4.9065858E-07
   5.5801094E+02   4.4770096E-07
   5.5834468E+02   4.0522315E-07
   5.5867841E+02   3.6338818E-07
   5.5901215E+02   3.2234871E-07
   5.5934589E+02   2.8224747E-07
   5.5967963E+02   2.4321565E-07
   5.6001337E+02   2.0537325E-07
   5.6034711E+02   1.6882895E-07
   5.6068085E+02   1.3367936E-07
   5.6101458E+02   1.0000930E-07
   5.6134832E+02   6.7891655E-08
   5.6168206E+02   3.7387530E-08
   5.6201580E+02   8.5460812E-09
   5.6234954E+02  -1.8594967E-08
   5.6268328E+02  -4.4009433E-08
   5.6301702E+02  -6.7681924E-08
   5.6335075E+02  -8.9607873E-08
   5.6368449E+02  -1.0979290E-07
   5.6401823E+02  -1.2825232E-07
   5.6435197E+02  -1.4501074E-07
   5.6468571E+02  -1.6010141E-07
   5.6501945E+02  -1.7356567E-07
   5.6535319E+02  -1.8545222E-07
   5.6568692E+02  -1.9581663E-07
   5.6602066E+02  -2.0472048E-07
   5.6635440E+02  -2.1223079E-07
   5.6668814E+02  -2.1841930E-07
   5.6702188E+02  -2.2336167E-07
   5.6735562E+02  -2.2713687E-07
   5.6768936E+02  -2.2982647E-07
   5.6802309E+02  -2.3151384E-07
   5.6835683E+02  -2.3228358E-07
   5.6869057E+02  -2.3222080E-07
   5.6902431E+02  -2.3141055E-07
   5.6935805E+02  -2.2993699E-07
   5.6969179E+02  -2.2788312E-07
   5.7002553E+02  -2.2533010E-07
   5.7035926E+02  -2.2235648E-07
   5.7069300E+02  -2.1903818E-07
   5.7102674E+02  -2.1544770E-07
   5.7136048E+02  -2.1165383E-07
   5.7169422E+02  -2.0772138E-07
   5.7202796E+02  -2.0371078E-07
   5.7236170E+02  -1.9967780E-07
   5.7269543E+02  -1.9567352E-07
   5.7302917E+02  -1.9174396E-07
   5.7336291E+02  -1.8793000E-07
   5.7369665E+02  -1.8426738E-07
   5.7403039E+02  -1.8078663E-07
   5.7436413E+02  -1.7751307E-07
   5.7469787E+02  -1.7446692E-07
   5.7503161E+02  -1.7166334E-07
   5.7536534E+02  -1.6911261E-07
   5.7569908E+02  -1.6682019E-07
   5.7603282E+02  -1.6478711E-07
   5.7636656E+02  -1.6301010E-07
   5.7670030E+02  -1.6148181E-07
   5.7703404E+02  -1.6019123E-07
   5.7736778E+02  -1.5912383E-07
   5.7770151E+02  -1.5826195E-07
   5.7803525E+02  -1.5758529E-07
   5.7836899E+02  -1.5707103E-07
   5.7870273E+02  -1.5669428E-07
   5.7903647E+02  -1.5642851E-07
   5.7937021E+02  -1.5624576E-07
   5.7970395E+02  -1.5611720E-07
   5.8003768E+02  -1.5601333E-07
   5.8037142E+02  -1.5590430E-07
   5.8070516E+02  -1.5576049E-07
   5.8103890E+02  -1.5555253E-07
   5.8137264E+02  -1.5525187E-07
   5.8170638E+02  -1.5483087E-07
   5.8204012E+02  -1.5426322E-07
   5.8237385E+02  -1.5352417E-07
   5.8270759E+02  -1.5259073E-07
   5.8304133E+02  -1.5144190E-07
   5.8337507E+02  -1.5005878E-07
   5.8370881E+02  -1.4842486E-07
   5.8404255E+02  -1.4652613E-07
   5.8437629E+02  -1.4435111E-07
   5.8471002E+02  -1.4189096E-07
   5.8504376E+02  -1.3913966E-07
   5.8537750E+02  -1.3609387E-07
   5.8571124E+02  -1.3275310E-07
   5.8604498E+02  -1.2911958E-07
   5.8637872E+02  -1.2519831E-07
   5.8671246E+02  -1.2099697E-07
   5.8704619E+02  -1.1652583E-07
   5.8737993E+02  -1.1179773E-07
   5.8771367E+02  -1.0682788E-07
   5.8804741E+02  -1.0163381E-07
   5.8838115E+02  -9.6235141E-08
   5.8871489E+02  -9.0653586E-08
   5.8904863E+02  -8.4912585E-08
   5.8938236E+02  -7.9037271E-08
   5.8971610E+02  -7.3054338E-08
   5.9004984E+02  -6.6991653E-08
   5.9038358E+02  -6.0878200E-08
   5.9071732E+02  -5.4743886E-08
   5.9105106E+02  -4.8619306E-08
   5.9138480E+02  -4.2535461E-08
   5.9171853E+02  -3.6523645E-08
   5.9205227E+02  -3.0615283E-08
   5.9238601E+02  -2.4841583E-08
   5.9271975E+02  -1.9233568E-08
   5.9305349E+02  -1.3821563E-08
   5.9338723E+02  -8.6353680E-09
   5.9372097E+02  -3.7037324E-09
   5.9405471E+02   9.4546238E-10
   5.9438844E+02   5.2855711E-09
   5.9472218E+02   9.2915542E-09
   5.9505592E+02   1.2939623E-08
   5.9538966E+02   1.6207821E-08
   5.9572340E+02   1.9076026E-08
   5.9605714E+02   2.1525935E-08
   5.9639088E+02   2.3541332E-08
   5.9672461E+02   2.5108136E-08
   5.9705835E+02   2.6214678E-08
   5.9739209E+02   2.6851225E-08
   5.9772583E+02   2.7010557E-08
   5.9805957E+02   2.6688028E-08
   5.9839331E+02   2.5881235E-08
   5.9872705E+02   2.4590236E-08
   5.9906078E+02   2.2817801E-08
   5.9939452E+02   2.0568976E-08
   5.9972826E+02   1.7851448E-08
   6.0006200E+02   1.4675209E-08
   6.0039574E+02   1.1052862E-08
   6.0072948E+02   6.9992723E-09
   6.0106322E+02   2.5317490E-09
   6.0139695E+02  -2.3303102E-09
   6.0173069E+02  -7.5651343E-09
   6.0206443E+02  -1.3149020E-08
   6.0239817E+02  -1.9056117E-08
   6.0273191E+02  -2.5258856E-08
   6.0306565E+02  -3.1727787E-08
   6.0339939E+02  -3.8431914E-08
   6.0373312E+02  -4.5338624E-08
   6.0406686E+02  -5.2414023E-08
   6.0440060E+02  -5.9623105E-08
   6.0473434E+02  -6.6929651E-08
   6.0506808E+02  -7.4296707E-08
   6.0540182E+02  -8.1686537E-08
   6.0573556E+02  -8.9060883E-08
   6.0606929E+02  -9.6381164E-08
   6.0640303E+02  -1.0360848E-07
   6.0673677E+02  -1.1070410E-07
   6.0707051E+02  -1.1762926E-07
   6.0740425E+02  -1.2434558E-07
   6.0773799E+02  -1.3081521E-07
   6.0807173E+02  -1.3700088E-07
   6.0840546E+02  -1.4286614E-07
   6.0873920E+02  -1.4837559E-07
   6.0907294E+02  -1.5349485E-07
   6.0940668E+02  -1.5819097E-07
   6.0974042E+02  -1.6243243E-07
   6.1007416E+02  -1.6618918E-07
   6.1040790E+02  -1.6943288E-07
   6.1074163E+02  -1.7213716E-07
   6.1107537E+02  -1.7427745E-07
   6.1140911E+02  -1.7583145E-07
   6.1174285E+02  -1.7677868E-07
   6.1207659E+02  -1.7710130E-07
   6.1241033E+02  -1.7678347E-07
   6.1274407E+02  -1.7581175E-07
   6.1307781E+02  -1.7417558E-07
   6.1341154E+02  -1.7186622E-07
   6.1374528E+02  -1.6887806E-07
   6.1407902E+02  -1.6520791E-07
   6.1441276E+02  -1.6085488E-07
   6.1474650E+02  -1.5582118E-07
   6.1508024E+02  -1.5011122E-07
   6.1541398E+02  -1.4373229E-07
   6.1574771E+02  -1.3669400E-07
   6.1608145E+02  -1.2900887E-07
   6.1641519E+02  -1.2069191E-07
   6.1674893E+02  -1.1176037E-07
   6.1708267E+02  -1.0223440E-07
   6.1741641E+02  -9.2136204E-08
   6.1775015E+02  -8.1490647E-08
   6.1808388E+02  -7.0324631E-08
   6.1841762E+02  -5.8667567E-08
   6.1875136E+02  -4.6550845E-08
   6.1908510E+02  -3.4007833E-08
   6.1941884E+02  -2.1074190E-08
   6.1975258E+02  -7.7871576E-09
   6.2008632E+02   5.8140568E-09
   6.2042005E+02   1.9688674E-08
   6.2075379E+02   3.3794215E-08
   6.2108753E+02   4.8086747E-08
   6.2142127E+02   6.2521011E-08
   6.2175501E+02   7.7050359E-08
   6.2208875E+02   9.1627058E-08
   6.2242249E+02   1.0620222E-07
   6.2275622E+02   1.2072609E-07
   6.2308996E+02   1.3514787E-07
   6.2342370E+02   1.4941617E-07
   6.2375744E+02   1.6347883E-07
   6.2409118E+02   1.7728306E-07
   6.2442492E+02   1.9077569E-07
   6.2475866E+02   2.0390313E-07
   6.2509239E+02   2.1661148E-07
   6.2542613E+02   2.2884646E-07
   6.2575987E+02   2.4055387E-07
   6.2609361E+02   2.5167947E-07
   6.2642735E+02   2.6216884E-07
   6.2676109E+02   2.7196791E-07
   6.2709483E+02   2.8102272E-07
   6.2742856E+02   2.8927954E-07
   6.2776230E+02   2.9668504E-07
   6.2809604E+02   3.0318648E-07
   6.2842978E+02   3.0873167E-07
   6.2876352E+02   3.1326897E-07
   6.2909726E+02   3.1674767E-07
   6.2943100E+02   3.1911776E-07
   6.2976473E+02   3.2033034E-07
   6.3009847E+02   3.2033768E-07
   6.3043221E+02   3.1909349E-07
   6.3076595E+02   3.1655247E-07
   6.3109969E+02   3.1267138E-07
   6.3143343E+02   3.0740853E-07
   6.3176717E+02   3.0072431E-07
   6.3210090E+02   2.9258086E-07
   6.3243464E+02   2.8294363E-07
   6.3276838E+02   2.7177964E-07
   6.3310212E+02   2.5905939E-07
   6.3343586E+02   2.4475628E-07
   6.3376960E+02   2.2884748E-07
   6.3410334E+02   2.1131302E-07
   6.3443708E+02   1.9213763E-07
   6.3477081E+02   1.7130978E-07
   6.3510455E+02   1.4882298E-07
   6.3543829E+02   1.2467478E-07
   6.3577203E+02   9.8868767E-08
   6.3610577E+02   7.1413638E-08
   6.3643951E+02   4.2323574E-08
   6.3677325E+02   1.1618958E-08
   6.3710698E+02  -2.0673252E-08
   6.3744072E+02  -5.4519919E-08
   6.3777446E+02  -8.9880849E-08
   6.3810820E+02  -1.2670884E-07
   6.3844194E+02  -1.6494950E-07
   6.3877568E+02  -2.0454084E-07
   6.3910942E+02  -2.4541359E-07
   6.3944315E+02  -2.8749059E-07
   6.3977689E+02  -3.3068713E-07
   6.4011063E+02  -3.7491091E-07
   6.4044437E+02  -4.2006172E-07
   6.4077811E+02  -4.6603142E-07
   6.4111185E+02  -5.1270541E-07
   6.4144559E+02  -5.5996077E-07
   6.4177932E+02  -6.0766808E-07
   6.4211306E+02  -6.5569128E-07
   6.4244680E+02  -7.0388717E-07
   6.4278054E+02  -7.5210772E-07
   6.4311428E+02  -8.0019817E-07
   6.4344802E+02  -8.4799990E-07
   6.4378176E+02  -8.9534910E-07
   6.4411549E+02  -9.4207860E-07
   6.4444923E+02  -9.8801831E-07
   6.4478297E+02  -1.0329956E-06
   6.4511671E+02  -1.0768363E-06
   6.4545045E+02  -1.1193658E-06
   6.4578419E+02  -1.1604095E-06
   6.4611793E+02  -1.1997934E-06
   6.4645166E+02  -1.2373466E-06
   6.4678540E+02  -1.2729004E-06
   6.4711914E+02  -1.3062898E-06
   6.4745288E+02  -1.3373558E-06
   6.4778662E+02  -1.3659437E-06
   6.4812036E+02  -1.3919067E-06
   6.4845410E+02  -1.4151051E-06
   6.4878783E+02  -1.4354079E-06
   6.4912157E+02  -1.4526934E-06
   6.4945531E+02  -1.4668514E-06
   6.4978905E+02  -1.4777809E-06
   6.5012279E+02  -1.4853947E-06
   6.5045653E+02  -1.4896168E-06
   6.5079027E+02  -1.4903852E-06
   6.5112400E+02  -1.4876516E-06
   6.5145774E+02  -1.4813813E-06
   6.5179148E+02  -1.4715556E-06
   6.5212522E+02  -1.4581699E-06
   6.5245896E+02  -1.4412352E-06
   6.5279270E+02  -1.4207774E-06
   6.5312644E+02  -1.3968383E-06
   6.5346018E+02  -1.3694757E-06
   6.5379391E+02  -1.3387620E-06
   6.5412765E+02  -1.3047845E-06
   6.5446139E+02  -1.2676459E-06
   6.5479513E+02  -1.2274625E-06
   6.5512887E+02  -1.1843649E-06
   6.5546261E+02  -1.1384971E-06
   6.5579635E+02  -1.0900147E-06
   6.5613008E+02  -1.0390864E-06
   6.5646382E+02  -9.8589078E-07
   6.5679756E+02  -9.3061664E-07
   6.5713130E+02  -8.7346228E-07
   6.5746504E+02  -8.1463355E-07
   6.5779878E+02  -7.5434366E-07
   6.5813252E+02  -6.9281111E-07
   6.5846625E+02  -6.3025971E-07
   6.5879999E+02  -5.6691613E-07
   6.5913373E+02  -5.0300991E-07
   6.5946747E+02  -4.3877131E-07
   6.5980121E+02  -3.7443061E-07
   6.6013495E+02  -3.1021699E-07
