  -7.8094826E+01   0.0000000E+00
  -7.7761087E+01   0.0000000E+00
  -7.7427349E+01   0.0000000E+00
  -7.7093610E+01   0.0000000E+00
  -7.6759871E+01   0.0000000E+00
  -7.6426133E+01   0.0000000E+00
  -7.6092394E+01   0.0000000E+00
  -7.5758656E+01   0.0000000E+00
  -7.5424917E+01   0.0000000E+00
  -7.5091178E+01   0.0000000E+00
  -7.4757440E+01   0.0000000E+00
  -7.4423701E+01   0.0000000E+00
  -7.4089963E+01   0.0000000E+00
  -7.3756224E+01   0.0000000E+00
  -7.3422485E+01   0.0000000E+00
  -7.3088747E+01   0.0000000E+00
  -7.2755008E+01   0.0000000E+00
  -7.2421270E+01   0.0000000E+00
  -7.2087531E+01   0.0000000E+00
  -7.1753792E+01   0.0000000E+00
  -7.1420054E+01   0.0000000E+00
  -7.1086315E+01   0.0000000E+00
  -7.0752577E+01   0.0000000E+00
  -7.0418838E+01   0.0000000E+00
  -7.0085099E+01   0.0000000E+00
  -6.9751361E+01   0.0000000E+00
  -6.9417622E+01   0.0000000E+00
  -6.9083884E+01   0.0000000E+00
  -6.8750145E+01   0.0000000E+00
  -6.8416406E+01   0.0000000E+00
  -6.8082668E+01   0.0000000E+00
  -6.7748929E+01   0.0000000E+00
  -6.7415191E+01   0.0000000E+00
  -6.7081452E+01   0.0000000E+00
  -6.6747714E+01   0.0000000E+00
  -6.6413975E+01   0.0000000E+00
  -6.6080236E+01   0.0000000E+00
  -6.5746498E+01   0.0000000E+00
  -6.5412759E+01   0.0000000E+00
  -6.5079021E+01   0.0000000E+00
  -6.4745282E+01   0.0000000E+00
  -6.4411543E+01   0.0000000E+00
  -6.4077805E+01   0.0000000E+00
  -6.3744066E+01   0.0000000E+00
  -6.3410328E+01   0.0000000E+00
  -6.3076589E+01   0.0000000E+00
  -6.2742850E+01   0.0000000E+00
  -6.2409112E+01   0.0000000E+00
  -6.2075373E+01   0.0000000E+00
  -6.1741635E+01   0.0000000E+00
  -6.1407896E+01   0.0000000E+00
  -6.1074157E+01   0.0000000E+00
  -6.0740419E+01   0.0000000E+00
  -6.0406680E+01   0.0000000E+00
  -6.0072942E+01   0.0000000E+00
  -5.9739203E+01   0.0000000E+00
  -5.9405464E+01   0.0000000E+00
  -5.9071726E+01   0.0000000E+00
  -5.8737987E+01   0.0000000E+00
  -5.8404249E+01   0.0000000E+00
  -5.8070510E+01   0.0000000E+00
  -5.7736771E+01   0.0000000E+00
  -5.7403033E+01   0.0000000E+00
  -5.7069294E+01   0.0000000E+00
  -5.6735556E+01   0.0000000E+00
  -5.6401817E+01   0.0000000E+00
  -5.6068078E+01   0.0000000E+00
  -5.5734340E+01   0.0000000E+00
  -5.5400601E+01   0.0000000E+00
  -5.5066863E+01   0.0000000E+00
  -5.4733124E+01   0.0000000E+00
  -5.4399385E+01   0.0000000E+00
  -5.4065647E+01   0.0000000E+00
  -5.3731908E+01   0.0000000E+00
  -5.3398170E+01   0.0000000E+00
  -5.3064431E+01   0.0000000E+00
  -5.2730693E+01   0.0000000E+00
  -5.2396954E+01   0.0000000E+00
  -5.2063215E+01   0.0000000E+00
  -5.1729477E+01   0.0000000E+00
  -5.1395738E+01   0.0000000E+00
  -5.1062000E+01   0.0000000E+00
  -5.0728261E+01   0.0000000E+00
  -5.0394522E+01   0.0000000E+00
  -5.0060784E+01   0.0000000E+00
  -4.9727045E+01   0.0000000E+00
  -4.9393307E+01   0.0000000E+00
  -4.9059568E+01   0.0000000E+00
  -4.8725829E+01   0.0000000E+00
  -4.8392091E+01   0.0000000E+00
  -4.8058352E+01   0.0000000E+00
  -4.7724614E+01   0.0000000E+00
  -4.7390875E+01   0.0000000E+00
  -4.7057136E+01   0.0000000E+00
  -4.6723398E+01   0.0000000E+00
  -4.6389659E+01   0.0000000E+00
  -4.6055921E+01   0.0000000E+00
  -4.5722182E+01   0.0000000E+00
  -4.5388443E+01   0.0000000E+00
  -4.5054705E+01   0.0000000E+00
  -4.4720966E+01   0.0000000E+00
  -4.4387228E+01   0.0000000E+00
  -4.4053489E+01   0.0000000E+00
  -4.3719750E+01   0.0000000E+00
  -4.3386012E+01   0.0000000E+00
  -4.3052273E+01   0.0000000E+00
  -4.2718535E+01   0.0000000E+00
  -4.2384796E+01   0.0000000E+00
  -4.2051057E+01   0.0000000E+00
  -4.1717319E+01   0.0000000E+00
  -4.1383580E+01   0.0000000E+00
  -4.1049842E+01   0.0000000E+00
  -4.0716103E+01   0.0000000E+00
  -4.0382364E+01   0.0000000E+00
  -4.0048626E+01   0.0000000E+00
  -3.9714887E+01   0.0000000E+00
  -3.9381149E+01   0.0000000E+00
  -3.9047410E+01   0.0000000E+00
  -3.8713672E+01   0.0000000E+00
  -3.8379933E+01   0.0000000E+00
  -3.8046194E+01   0.0000000E+00
  -3.7712456E+01   0.0000000E+00
  -3.7378717E+01   0.0000000E+00
  -3.7044979E+01   0.0000000E+00
  -3.6711240E+01   0.0000000E+00
  -3.6377501E+01   0.0000000E+00
  -3.6043763E+01   0.0000000E+00
  -3.5710024E+01   0.0000000E+00
  -3.5376286E+01   0.0000000E+00
  -3.5042547E+01   0.0000000E+00
  -3.4708808E+01   0.0000000E+00
  -3.4375070E+01   0.0000000E+00
  -3.4041331E+01   0.0000000E+00
  -3.3707593E+01   0.0000000E+00
  -3.3373854E+01   0.0000000E+00
  -3.3040115E+01   0.0000000E+00
  -3.2706377E+01   0.0000000E+00
  -3.2372638E+01   0.0000000E+00
  -3.2038900E+01   0.0000000E+00
  -3.1705161E+01   0.0000000E+00
  -3.1371422E+01   0.0000000E+00
  -3.1037684E+01   0.0000000E+00
  -3.0703945E+01   0.0000000E+00
  -3.0370207E+01   0.0000000E+00
  -3.0036468E+01   0.0000000E+00
  -2.9702729E+01   0.0000000E+00
  -2.9368991E+01   0.0000000E+00
  -2.9035252E+01   0.0000000E+00
  -2.8701514E+01   0.0000000E+00
  -2.8367775E+01   0.0000000E+00
  -2.8034036E+01   0.0000000E+00
  -2.7700298E+01   0.0000000E+00
  -2.7366559E+01   0.0000000E+00
  -2.7032821E+01   0.0000000E+00
  -2.6699082E+01   0.0000000E+00
  -2.6365343E+01   0.0000000E+00
  -2.6031605E+01   0.0000000E+00
  -2.5697866E+01   0.0000000E+00
  -2.5364128E+01   0.0000000E+00
  -2.5030389E+01   0.0000000E+00
  -2.4696651E+01   0.0000000E+00
  -2.4362912E+01   0.0000000E+00
  -2.4029173E+01   0.0000000E+00
  -2.3695435E+01   0.0000000E+00
  -2.3361696E+01   0.0000000E+00
  -2.3027958E+01   0.0000000E+00
  -2.2694219E+01   0.0000000E+00
  -2.2360480E+01   0.0000000E+00
  -2.2026742E+01   0.0000000E+00
  -2.1693003E+01   0.0000000E+00
  -2.1359265E+01   0.0000000E+00
  -2.1025526E+01   0.0000000E+00
  -2.0691787E+01   0.0000000E+00
  -2.0358049E+01   0.0000000E+00
  -2.0024310E+01   0.0000000E+00
  -1.9690572E+01   0.0000000E+00
  -1.9356833E+01   0.0000000E+00
  -1.9023094E+01   0.0000000E+00
  -1.8689356E+01   0.0000000E+00
  -1.8355617E+01   0.0000000E+00
  -1.8021879E+01   0.0000000E+00
  -1.7688140E+01   0.0000000E+00
  -1.7354401E+01   0.0000000E+00
  -1.7020663E+01   0.0000000E+00
  -1.6686924E+01   0.0000000E+00
  -1.6353186E+01   0.0000000E+00
  -1.6019447E+01   0.0000000E+00
  -1.5685708E+01   0.0000000E+00
  -1.5351970E+01   0.0000000E+00
  -1.5018231E+01   0.0000000E+00
  -1.4684493E+01   0.0000000E+00
  -1.4350754E+01   0.0000000E+00
  -1.4017015E+01   0.0000000E+00
  -1.3683277E+01   0.0000000E+00
  -1.3349538E+01   0.0000000E+00
  -1.3015800E+01   0.0000000E+00
  -1.2682061E+01   0.0000000E+00
  -1.2348322E+01   0.0000000E+00
  -1.2014584E+01   0.0000000E+00
  -1.1680845E+01   0.0000000E+00
  -1.1347107E+01   0.0000000E+00
  -1.1013368E+01   0.0000000E+00
  -1.0679630E+01   0.0000000E+00
  -1.0345891E+01   0.0000000E+00
  -1.0012152E+01   0.0000000E+00
  -9.6784137E+00   0.0000000E+00
  -9.3446751E+00   0.0000000E+00
  -9.0109365E+00   0.0000000E+00
  -8.6771979E+00   0.0000000E+00
  -8.3434593E+00   0.0000000E+00
  -8.0097207E+00   0.0000000E+00
  -7.6759821E+00   0.0000000E+00
  -7.3422436E+00   0.0000000E+00
  -7.0085050E+00   0.0000000E+00
  -6.6747664E+00   0.0000000E+00
  -6.3410278E+00   0.0000000E+00
  -6.0072892E+00   0.0000000E+00
  -5.6735506E+00   0.0000000E+00
  -5.3398120E+00   0.0000000E+00
  -5.0060734E+00   0.0000000E+00
  -4.6723348E+00   0.0000000E+00
  -4.3385962E+00   0.0000000E+00
  -4.0048576E+00   0.0000000E+00
  -3.6711190E+00   0.0000000E+00
  -3.3373804E+00   0.0000000E+00
  -3.0036418E+00   0.0000000E+00
  -2.6699032E+00   0.0000000E+00
  -2.3361646E+00   0.0000000E+00
  -2.0024260E+00   0.0000000E+00
  -1.6686874E+00   0.0000000E+00
  -1.3349488E+00   0.0000000E+00
  -1.0012102E+00   0.0000000E+00
  -6.6747165E-01   0.0000000E+00
  -3.3373305E-01   0.0000000E+00
   5.5432320E-06   0.0000000E+00
   3.3374414E-01   0.0000000E+00
   6.6748273E-01   0.0000000E+00
   1.0012213E+00   0.0000000E+00
   1.3349599E+00   0.0000000E+00
   1.6686985E+00   0.0000000E+00
   2.0024371E+00   0.0000000E+00
   2.3361757E+00   0.0000000E+00
   2.6699143E+00   0.0000000E+00
   3.0036529E+00   0.0000000E+00
   3.3373915E+00   0.0000000E+00
   3.6711301E+00   0.0000000E+00
   4.0048687E+00   0.0000000E+00
   4.3386073E+00   0.0000000E+00
   4.6723459E+00   0.0000000E+00
   5.0060845E+00   0.0000000E+00
   5.3398231E+00   0.0000000E+00
   5.6735617E+00   0.0000000E+00
   6.0073003E+00   0.0000000E+00
   6.3410389E+00   0.0000000E+00
   6.6747774E+00   0.0000000E+00
   7.0085160E+00   0.0000000E+00
   7.3422546E+00   0.0000000E+00
   7.6759932E+00   0.0000000E+00
   8.0097318E+00   0.0000000E+00
   8.3434704E+00   0.0000000E+00
   8.6772090E+00   0.0000000E+00
   9.0109476E+00   0.0000000E+00
   9.3446862E+00   0.0000000E+00
   9.6784248E+00   0.0000000E+00
   1.0012163E+01   0.0000000E+00
   1.0345902E+01   0.0000000E+00
   1.0679641E+01   0.0000000E+00
   1.1013379E+01   0.0000000E+00
   1.1347118E+01   0.0000000E+00
   1.1680856E+01   0.0000000E+00
   1.2014595E+01   0.0000000E+00
   1.2348334E+01   0.0000000E+00
   1.2682072E+01   0.0000000E+00
   1.3015811E+01   0.0000000E+00
   1.3349549E+01   0.0000000E+00
   1.3683288E+01   0.0000000E+00
   1.4017027E+01   0.0000000E+00
   1.4350765E+01   0.0000000E+00
   1.4684504E+01   0.0000000E+00
   1.5018242E+01   0.0000000E+00
   1.5351981E+01   0.0000000E+00
   1.5685720E+01   0.0000000E+00
   1.6019458E+01   0.0000000E+00
   1.6353197E+01   0.0000000E+00
   1.6686935E+01   0.0000000E+00
   1.7020674E+01   0.0000000E+00
   1.7354412E+01   0.0000000E+00
   1.7688151E+01   0.0000000E+00
   1.8021890E+01   0.0000000E+00
   1.8355628E+01   0.0000000E+00
   1.8689367E+01   0.0000000E+00
   1.9023105E+01   0.0000000E+00
   1.9356844E+01   0.0000000E+00
   1.9690583E+01   0.0000000E+00
   2.0024321E+01   0.0000000E+00
   2.0358060E+01   0.0000000E+00
   2.0691798E+01   0.0000000E+00
   2.1025537E+01   0.0000000E+00
   2.1359276E+01   0.0000000E+00
   2.1693014E+01   0.0000000E+00
   2.2026753E+01   0.0000000E+00
   2.2360491E+01   0.0000000E+00
   2.2694230E+01   0.0000000E+00
   2.3027969E+01   0.0000000E+00
   2.3361707E+01   0.0000000E+00
   2.3695446E+01   0.0000000E+00
   2.4029184E+01   0.0000000E+00
   2.4362923E+01   0.0000000E+00
   2.4696662E+01   0.0000000E+00
   2.5030400E+01   0.0000000E+00
   2.5364139E+01   0.0000000E+00
   2.5697877E+01   0.0000000E+00
   2.6031616E+01   0.0000000E+00
   2.6365355E+01   0.0000000E+00
   2.6699093E+01   0.0000000E+00
   2.7032832E+01   0.0000000E+00
   2.7366570E+01   0.0000000E+00
   2.7700309E+01   0.0000000E+00
   2.8034048E+01   0.0000000E+00
   2.8367786E+01   0.0000000E+00
   2.8701525E+01   0.0000000E+00
   2.9035263E+01   0.0000000E+00
   2.9369002E+01   0.0000000E+00
   2.9702741E+01   0.0000000E+00
   3.0036479E+01   0.0000000E+00
   3.0370218E+01   0.0000000E+00
   3.0703956E+01   0.0000000E+00
   3.1037695E+01   0.0000000E+00
   3.1371433E+01   0.0000000E+00
   3.1705172E+01   0.0000000E+00
   3.2038911E+01   0.0000000E+00
   3.2372649E+01   0.0000000E+00
   3.2706388E+01   0.0000000E+00
   3.3040126E+01   0.0000000E+00
   3.3373865E+01   0.0000000E+00
   3.3707604E+01   0.0000000E+00
   3.4041342E+01   0.0000000E+00
   3.4375081E+01   0.0000000E+00
   3.4708819E+01   0.0000000E+00
   3.5042558E+01   0.0000000E+00
   3.5376297E+01   0.0000000E+00
   3.5710035E+01   0.0000000E+00
   3.6043774E+01   0.0000000E+00
   3.6377512E+01   0.0000000E+00
   3.6711251E+01   0.0000000E+00
   3.7044990E+01   0.0000000E+00
   3.7378728E+01   0.0000000E+00
   3.7712467E+01   0.0000000E+00
   3.8046205E+01   0.0000000E+00
   3.8379944E+01   0.0000000E+00
   3.8713683E+01   0.0000000E+00
   3.9047421E+01   0.0000000E+00
   3.9381160E+01   0.0000000E+00
   3.9714898E+01   0.0000000E+00
   4.0048637E+01   0.0000000E+00
   4.0382376E+01   0.0000000E+00
   4.0716114E+01   0.0000000E+00
   4.1049853E+01   0.0000000E+00
   4.1383591E+01   0.0000000E+00
   4.1717330E+01   0.0000000E+00
   4.2051069E+01   0.0000000E+00
   4.2384807E+01   0.0000000E+00
   4.2718546E+01   0.0000000E+00
   4.3052284E+01   0.0000000E+00
   4.3386023E+01   0.0000000E+00
   4.3719762E+01   0.0000000E+00
   4.4053500E+01   0.0000000E+00
   4.4387239E+01   0.0000000E+00
   4.4720977E+01   0.0000000E+00
   4.5054716E+01   0.0000000E+00
   4.5388454E+01   0.0000000E+00
   4.5722193E+01   0.0000000E+00
   4.6055932E+01   0.0000000E+00
   4.6389670E+01   0.0000000E+00
   4.6723409E+01   0.0000000E+00
   4.7057147E+01   0.0000000E+00
   4.7390886E+01   0.0000000E+00
   4.7724625E+01   0.0000000E+00
   4.8058363E+01   0.0000000E+00
   4.8392102E+01   0.0000000E+00
   4.8725840E+01   0.0000000E+00
   4.9059579E+01   0.0000000E+00
   4.9393318E+01   0.0000000E+00
   4.9727056E+01   0.0000000E+00
   5.0060795E+01   0.0000000E+00
   5.0394533E+01   0.0000000E+00
   5.0728272E+01   0.0000000E+00
   5.1062011E+01   0.0000000E+00
   5.1395749E+01   0.0000000E+00
   5.1729488E+01   0.0000000E+00
   5.2063226E+01   0.0000000E+00
   5.2396965E+01   0.0000000E+00
   5.2730704E+01   0.0000000E+00
   5.3064442E+01   0.0000000E+00
   5.3398181E+01   0.0000000E+00
   5.3731919E+01   0.0000000E+00
   5.4065658E+01   0.0000000E+00
   5.4399397E+01   0.0000000E+00
   5.4733135E+01   0.0000000E+00
   5.5066874E+01   0.0000000E+00
   5.5400612E+01   0.0000000E+00
   5.5734351E+01   0.0000000E+00
   5.6068090E+01   0.0000000E+00
   5.6401828E+01   0.0000000E+00
   5.6735567E+01   0.0000000E+00
   5.7069305E+01   0.0000000E+00
   5.7403044E+01   0.0000000E+00
   5.7736783E+01   0.0000000E+00
   5.8070521E+01   0.0000000E+00
   5.8404260E+01   0.0000000E+00
   5.8737998E+01   0.0000000E+00
   5.9071737E+01   0.0000000E+00
   5.9405475E+01   0.0000000E+00
   5.9739214E+01   0.0000000E+00
   6.0072953E+01   0.0000000E+00
   6.0406691E+01   0.0000000E+00
   6.0740430E+01   0.0000000E+00
   6.1074168E+01   0.0000000E+00
   6.1407907E+01   0.0000000E+00
   6.1741646E+01   0.0000000E+00
   6.2075384E+01   0.0000000E+00
   6.2409123E+01   0.0000000E+00
   6.2742861E+01   0.0000000E+00
   6.3076600E+01   0.0000000E+00
   6.3410339E+01   0.0000000E+00
   6.3744077E+01   0.0000000E+00
   6.4077816E+01   0.0000000E+00
   6.4411554E+01   0.0000000E+00
   6.4745293E+01   0.0000000E+00
   6.5079032E+01   0.0000000E+00
   6.5412770E+01   0.0000000E+00
   6.5746509E+01   0.0000000E+00
   6.6080247E+01   0.0000000E+00
   6.6413986E+01   0.0000000E+00
   6.6747725E+01   0.0000000E+00
   6.7081463E+01   0.0000000E+00
   6.7415202E+01   0.0000000E+00
   6.7748940E+01   0.0000000E+00
   6.8082679E+01   0.0000000E+00
   6.8416418E+01   0.0000000E+00
   6.8750156E+01   0.0000000E+00
   6.9083895E+01   0.0000000E+00
   6.9417633E+01   0.0000000E+00
   6.9751372E+01   0.0000000E+00
   7.0085111E+01   0.0000000E+00
   7.0418849E+01   0.0000000E+00
   7.0752588E+01   0.0000000E+00
   7.1086326E+01   0.0000000E+00
   7.1420065E+01   0.0000000E+00
   7.1753804E+01   0.0000000E+00
   7.2087542E+01   0.0000000E+00
   7.2421281E+01   0.0000000E+00
   7.2755019E+01   0.0000000E+00
   7.3088758E+01   0.0000000E+00
   7.3422496E+01   0.0000000E+00
   7.3756235E+01   0.0000000E+00
   7.4089974E+01   0.0000000E+00
   7.4423712E+01   0.0000000E+00
   7.4757451E+01   0.0000000E+00
   7.5091189E+01   0.0000000E+00
   7.5424928E+01   0.0000000E+00
   7.5758667E+01   0.0000000E+00
   7.6092405E+01   0.0000000E+00
   7.6426144E+01   0.0000000E+00
   7.6759882E+01   0.0000000E+00
   7.7093621E+01   0.0000000E+00
   7.7427360E+01   0.0000000E+00
   7.7761098E+01   0.0000000E+00
   7.8094837E+01   0.0000000E+00
   7.8428575E+01   0.0000000E+00
   7.8762314E+01   0.0000000E+00
   7.9096053E+01   0.0000000E+00
   7.9429791E+01   0.0000000E+00
   7.9763530E+01   0.0000000E+00
   8.0097268E+01   0.0000000E+00
   8.0431007E+01   0.0000000E+00
   8.0764746E+01   0.0000000E+00
   8.1098484E+01   0.0000000E+00
   8.1432223E+01   0.0000000E+00
   8.1765961E+01   0.0000000E+00
   8.2099700E+01   0.0000000E+00
   8.2433439E+01   0.0000000E+00
   8.2767177E+01   0.0000000E+00
   8.3100916E+01   0.0000000E+00
   8.3434654E+01   0.0000000E+00
   8.3768393E+01   0.0000000E+00
   8.4102132E+01   0.0000000E+00
   8.4435870E+01   0.0000000E+00
   8.4769609E+01   0.0000000E+00
   8.5103347E+01   0.0000000E+00
   8.5437086E+01   0.0000000E+00
   8.5770825E+01   0.0000000E+00
   8.6104563E+01   0.0000000E+00
   8.6438302E+01   0.0000000E+00
   8.6772040E+01   0.0000000E+00
   8.7105779E+01   0.0000000E+00
   8.7439517E+01   0.0000000E+00
   8.7773256E+01   0.0000000E+00
   8.8106995E+01   0.0000000E+00
   8.8440733E+01   0.0000000E+00
   8.8774472E+01   0.0000000E+00
   8.9108210E+01   0.0000000E+00
   8.9441949E+01   0.0000000E+00
   8.9775688E+01   0.0000000E+00
   9.0109426E+01   0.0000000E+00
   9.0443165E+01   0.0000000E+00
   9.0776903E+01   0.0000000E+00
   9.1110642E+01   0.0000000E+00
   9.1444381E+01   0.0000000E+00
   9.1778119E+01   0.0000000E+00
   9.2111858E+01   0.0000000E+00
   9.2445596E+01   0.0000000E+00
   9.2779335E+01   0.0000000E+00
   9.3113074E+01   0.0000000E+00
   9.3446812E+01   0.0000000E+00
   9.3780551E+01   0.0000000E+00
   9.4114289E+01   0.0000000E+00
   9.4448028E+01   0.0000000E+00
   9.4781767E+01   0.0000000E+00
   9.5115505E+01   0.0000000E+00
   9.5449244E+01   0.0000000E+00
   9.5782982E+01   0.0000000E+00
   9.6116721E+01   0.0000000E+00
   9.6450460E+01   0.0000000E+00
   9.6784198E+01   0.0000000E+00
   9.7117937E+01   0.0000000E+00
   9.7451675E+01   0.0000000E+00
   9.7785414E+01   0.0000000E+00
   9.8119153E+01   0.0000000E+00
   9.8452891E+01   0.0000000E+00
   9.8786630E+01   0.0000000E+00
   9.9120368E+01   0.0000000E+00
   9.9454107E+01   0.0000000E+00
   9.9787846E+01   0.0000000E+00
   1.0012158E+02   0.0000000E+00
   1.0045532E+02   0.0000000E+00
   1.0078906E+02   0.0000000E+00
   1.0112280E+02   0.0000000E+00
   1.0145654E+02   0.0000000E+00
   1.0179028E+02   0.0000000E+00
   1.0212402E+02   0.0000000E+00
   1.0245775E+02   0.0000000E+00
   1.0279149E+02   0.0000000E+00
   1.0312523E+02   0.0000000E+00
   1.0345897E+02   0.0000000E+00
   1.0379271E+02   0.0000000E+00
   1.0412645E+02   0.0000000E+00
   1.0446019E+02   0.0000000E+00
   1.0479392E+02   0.0000000E+00
   1.0512766E+02   0.0000000E+00
   1.0546140E+02   0.0000000E+00
   1.0579514E+02   0.0000000E+00
   1.0612888E+02   0.0000000E+00
   1.0646262E+02   0.0000000E+00
   1.0679636E+02   0.0000000E+00
   1.0713009E+02   0.0000000E+00
   1.0746383E+02   0.0000000E+00
   1.0779757E+02   0.0000000E+00
   1.0813131E+02   0.0000000E+00
   1.0846505E+02   0.0000000E+00
   1.0879879E+02   0.0000000E+00
   1.0913253E+02   0.0000000E+00
   1.0946626E+02   0.0000000E+00
   1.0980000E+02   0.0000000E+00
   1.1013374E+02   0.0000000E+00
   1.1046748E+02   0.0000000E+00
   1.1080122E+02   0.0000000E+00
   1.1113496E+02   0.0000000E+00
   1.1146870E+02   0.0000000E+00
   1.1180243E+02   0.0000000E+00
   1.1213617E+02   0.0000000E+00
   1.1246991E+02   0.0000000E+00
   1.1280365E+02   0.0000000E+00
   1.1313739E+02   0.0000000E+00
   1.1347113E+02   0.0000000E+00
   1.1380487E+02   0.0000000E+00
   1.1413861E+02   0.0000000E+00
   1.1447234E+02   0.0000000E+00
   1.1480608E+02   0.0000000E+00
   1.1513982E+02   0.0000000E+00
   1.1547356E+02   0.0000000E+00
   1.1580730E+02   0.0000000E+00
   1.1614104E+02   0.0000000E+00
   1.1647478E+02   0.0000000E+00
   1.1680851E+02   0.0000000E+00
   1.1714225E+02   0.0000000E+00
   1.1747599E+02   0.0000000E+00
   1.1780973E+02   0.0000000E+00
   1.1814347E+02   0.0000000E+00
   1.1847721E+02   0.0000000E+00
   1.1881095E+02   0.0000000E+00
   1.1914468E+02   0.0000000E+00
   1.1947842E+02   0.0000000E+00
   1.1981216E+02   0.0000000E+00
   1.2014590E+02   0.0000000E+00
   1.2047964E+02   0.0000000E+00
   1.2081338E+02   0.0000000E+00
   1.2114712E+02   0.0000000E+00
   1.2148085E+02   0.0000000E+00
   1.2181459E+02   0.0000000E+00
   1.2214833E+02   0.0000000E+00
   1.2248207E+02   0.0000000E+00
   1.2281581E+02   0.0000000E+00
   1.2314955E+02   0.0000000E+00
   1.2348329E+02   0.0000000E+00
   1.2381702E+02   0.0000000E+00
   1.2415076E+02   0.0000000E+00
   1.2448450E+02   0.0000000E+00
   1.2481824E+02   0.0000000E+00
   1.2515198E+02   0.0000000E+00
   1.2548572E+02   0.0000000E+00
   1.2581946E+02   0.0000000E+00
   1.2615319E+02   0.0000000E+00
   1.2648693E+02   0.0000000E+00
   1.2682067E+02   0.0000000E+00
   1.2715441E+02   0.0000000E+00
   1.2748815E+02   0.0000000E+00
   1.2782189E+02   0.0000000E+00
   1.2815563E+02   0.0000000E+00
   1.2848936E+02   0.0000000E+00
   1.2882310E+02   0.0000000E+00
   1.2915684E+02   0.0000000E+00
   1.2949058E+02   0.0000000E+00
   1.2982432E+02   0.0000000E+00
   1.3015806E+02   0.0000000E+00
   1.3049180E+02   0.0000000E+00
   1.3082553E+02   0.0000000E+00
   1.3115927E+02   0.0000000E+00
   1.3149301E+02   0.0000000E+00
   1.3182675E+02   0.0000000E+00
   1.3216049E+02   0.0000000E+00
   1.3249423E+02   0.0000000E+00
   1.3282797E+02   0.0000000E+00
   1.3316171E+02   0.0000000E+00
   1.3349544E+02   0.0000000E+00
   1.3382918E+02   0.0000000E+00
   1.3416292E+02   0.0000000E+00
   1.3449666E+02   0.0000000E+00
   1.3483040E+02   0.0000000E+00
   1.3516414E+02   0.0000000E+00
   1.3549788E+02   0.0000000E+00
   1.3583161E+02   0.0000000E+00
   1.3616535E+02   0.0000000E+00
   1.3649909E+02   0.0000000E+00
   1.3683283E+02   0.0000000E+00
   1.3716657E+02   0.0000000E+00
   1.3750031E+02   0.0000000E+00
   1.3783405E+02   0.0000000E+00
   1.3816778E+02   0.0000000E+00
   1.3850152E+02   0.0000000E+00
   1.3883526E+02   0.0000000E+00
   1.3916900E+02   0.0000000E+00
   1.3950274E+02   0.0000000E+00
   1.3983648E+02   0.0000000E+00
   1.4017022E+02   0.0000000E+00
   1.4050395E+02   0.0000000E+00
   1.4083769E+02   0.0000000E+00
   1.4117143E+02   0.0000000E+00
   1.4150517E+02   0.0000000E+00
   1.4183891E+02   0.0000000E+00
   1.4217265E+02   0.0000000E+00
   1.4250639E+02   0.0000000E+00
   1.4284012E+02   0.0000000E+00
   1.4317386E+02   0.0000000E+00
   1.4350760E+02   0.0000000E+00
   1.4384134E+02   0.0000000E+00
   1.4417508E+02   0.0000000E+00
   1.4450882E+02   0.0000000E+00
   1.4484256E+02   1.4012985E-45
   1.4517629E+02   1.4012985E-45
   1.4551003E+02   4.2038954E-45
   1.4584377E+02   1.4012985E-45
   1.4617751E+02   2.8025969E-45
   1.4651125E+02  -4.2038954E-45
   1.4684499E+02  -7.0064923E-45
   1.4717873E+02  -1.2611686E-44
   1.4751246E+02  -1.9618179E-44
   1.4784620E+02  -1.9618179E-44
   1.4817994E+02  -1.9618179E-44
   1.4851368E+02  -1.9618179E-44
   1.4884742E+02  -1.4012985E-44
   1.4918116E+02  -1.4012985E-45
   1.4951490E+02   9.8090893E-45
   1.4984863E+02   2.2420775E-44
   1.5018237E+02   3.6433760E-44
   1.5051611E+02   4.6242849E-44
   1.5084985E+02   5.3249342E-44
   1.5118359E+02   5.4650640E-44
   1.5151733E+02   5.0446745E-44
   1.5185107E+02   3.9236357E-44
   1.5218480E+02   1.9618179E-44
   1.5251854E+02  -5.6051939E-45
   1.5285228E+02  -3.3631163E-44
   1.5318602E+02  -5.8854536E-44
   1.5351976E+02  -8.2676609E-44
   1.5385350E+02  -8.6880505E-44
   1.5418724E+02  -8.8281803E-44
   1.5452098E+02  -6.4459729E-44
   1.5485471E+02  -2.3822074E-44
   1.5518845E+02   3.2229865E-44
   1.5552219E+02   9.8090893E-44
   1.5585593E+02   1.6535322E-43
   1.5618967E+02   2.2701035E-43
   1.5652341E+02   2.6904931E-43
   1.5685715E+02   2.8586489E-43
   1.5719088E+02   2.7045060E-43
   1.5752462E+02   2.0879347E-43
   1.5785836E+02   1.0789998E-43
   1.5819210E+02  -2.1019477E-44
   1.5852584E+02  -1.7376101E-43
   1.5885958E+02  -3.2229865E-43
   1.5919332E+02  -4.4561291E-43
   1.5952705E+02  -5.2688822E-43
   1.5986079E+02  -5.3949991E-43
   1.6019453E+02  -4.7223758E-43
   1.6052827E+02  -3.1108826E-43
   1.6086201E+02  -7.4268819E-44
   1.6119575E+02   2.2841165E-43
   1.6152949E+02   5.4930900E-43
   1.6186322E+02   8.5619336E-43
   1.6219696E+02   1.0902102E-42
   1.6253070E+02   1.2065180E-42
   1.6286444E+02   1.1658803E-42
   1.6319818E+02   9.3886997E-43
   1.6353192E+02   5.2969082E-43
   1.6386566E+02  -3.0828566E-44
   1.6419939E+02  -6.9784664E-43
   1.6453313E+02  -1.3704699E-42
   1.6486687E+02  -1.9674230E-42
   1.6520061E+02  -2.3695957E-42
   1.6553435E+02  -2.4816996E-42
   1.6586809E+02  -2.2322685E-42
   1.6620183E+02  -1.5904738E-42
   1.6653556E+02  -5.8294016E-43
   1.6686930E+02   7.1045832E-43
   1.6720304E+02   2.1411841E-42
   1.6753678E+02   3.5158578E-42
   1.6787052E+02   4.6214823E-42
   1.6820426E+02   5.2352511E-42
   1.6853800E+02   5.1791991E-42
   1.6887173E+02   4.3300123E-42
   1.6920547E+02   2.6820853E-42
   1.6953921E+02   3.3491033E-43
   1.6987295E+02  -2.4859035E-42
   1.7020669E+02  -5.4384393E-42
   1.7054043E+02  -8.0995051E-42
   1.7087417E+02  -1.0017883E-41
   1.7120790E+02  -1.0771781E-41
   1.7154164E+02  -1.0043106E-41
   1.7187538E+02  -7.6763130E-42
   1.7220912E+02  -3.7386643E-42
   1.7254286E+02   1.4573504E-42
   1.7287660E+02   7.3554156E-42
   1.7321034E+02   1.3204435E-41
   1.7354408E+02   1.8114585E-41
   1.7387781E+02   2.1194639E-41
   1.7421155E+02   2.1668278E-41
   1.7454529E+02   1.9015620E-41
   1.7487903E+02   1.3083924E-41
   1.7521277E+02   4.1940863E-42
   1.7554651E+02  -6.8495469E-42
   1.7588025E+02  -1.8783005E-41
   1.7621398E+02  -2.9987787E-41
   1.7654772E+02  -3.8695456E-41
   1.7688146E+02  -4.3190821E-41
   1.7721520E+02  -4.2097808E-41
   1.7754894E+02  -3.4624684E-41
   1.7788268E+02  -2.0795269E-41
   1.7821642E+02  -1.5638491E-42
   1.7855015E+02   2.1158206E-41
   1.7888389E+02   4.4628553E-41
   1.7921763E+02   6.5538729E-41
   1.7955137E+02   8.0416315E-41
   1.7988511E+02   8.6067752E-41
   1.8021885E+02   8.0144463E-41
   1.8055259E+02   6.1575857E-41
   1.8088632E+02   3.0965893E-41
   1.8122006E+02  -9.2331556E-42
   1.8155380E+02  -5.4786566E-41
   1.8188754E+02  -9.9965830E-41
   1.8222128E+02  -1.3817644E-40
   1.8255502E+02  -1.6273840E-40
   1.8288876E+02  -1.6786855E-40
   1.8322249E+02  -1.4962645E-40
   1.8355623E+02  -1.0680977E-40
   1.8388997E+02  -4.1548499E-41
   1.8422371E+02   4.0445678E-41
   1.8455745E+02   1.3014139E-40
   1.8489119E+02   2.1592048E-40
   1.8522493E+02   2.8484334E-40
   1.8555866E+02   3.2429269E-40
   1.8589240E+02   3.2380504E-40
   1.8622614E+02   2.7692881E-40
   1.8655988E+02   1.8279098E-40
   1.8689362E+02   4.7107450E-41
   1.8722736E+02  -1.1755633E-40
   1.8756110E+02  -2.9247481E-40
   1.8789483E+02  -4.5441867E-40
   1.8822857E+02  -5.7824161E-40
   1.8856231E+02  -6.4011734E-40
   1.8889605E+02  -6.2112414E-40
   1.8922979E+02  -5.1072985E-40
   1.8956353E+02  -3.0962530E-40
   1.8989727E+02  -3.1461953E-41
   1.9023100E+02   2.9699400E-40
   1.9056474E+02   6.3748570E-40
   1.9089848E+02   9.4380955E-40
   1.9123222E+02   1.1670084E-39
   1.9156596E+02   1.2618160E-39
   1.9189970E+02   1.1936555E-39
   1.9223344E+02   9.4522066E-40
   1.9256718E+02   5.2177348E-40
   1.9290091E+02  -4.5885518E-41
   1.9323465E+02  -7.0155727E-40
   1.9356839E+02  -1.3673072E-39
   1.9390213E+02  -1.9508401E-39
   1.9423587E+02  -2.3560620E-39
   1.9456961E+02  -2.4959606E-39
   1.9490335E+02  -2.3063439E-39
   1.9523708E+02  -1.7586674E-39
   1.9557082E+02  -8.7002558E-40
   1.9590456E+02   2.9156957E-40
   1.9623830E+02   1.6081806E-39
   1.9657204E+02   2.9200636E-39
   1.9690578E+02   4.0411037E-39
   1.9723952E+02   4.7804751E-39
   1.9757325E+02   4.9687353E-39
   1.9790699E+02   4.4853266E-39
   1.9824073E+02   3.2839331E-39
   1.9857447E+02   1.4117227E-39
   1.9890821E+02  -9.8122141E-40
   1.9924195E+02  -3.6453785E-39
   1.9957569E+02  -6.2498654E-39
   1.9990942E+02  -8.4151616E-39
   2.0024316E+02  -9.7583202E-39
   2.0057690E+02  -9.9466323E-39
   2.0091064E+02  -8.7534603E-39
   2.0124438E+02  -6.1088682E-39
   2.0157812E+02  -2.1368919E-39
   2.0191186E+02   2.8281566E-39
   2.0224559E+02   8.2524092E-39
   2.0257933E+02   1.3443343E-38
   2.0291307E+02   1.7620535E-38
   2.0324681E+02   2.0011355E-38
   2.0358055E+02   1.9962511E-38
   2.0391429E+02   1.7054240E-38
   2.0424803E+02   1.1201442E-38
   2.0458176E+02   2.7248501E-39
   2.0491550E+02  -7.6231701E-39
   2.0524924E+02  -1.8690108E-38
   2.0558298E+02  -2.9017590E-38
   2.0591672E+02  -3.6996376E-38
   2.0625046E+02  -4.1070491E-38
   2.0658420E+02  -3.9969931E-38
   2.0691793E+02  -3.2943669E-38
   2.0725167E+02  -1.9959392E-38
   2.0758541E+02  -1.8352217E-39
   2.0791915E+02   1.9727603E-38
   2.0825289E+02   4.2233482E-38
   2.0858663E+02   6.2611652E-38
   2.0892037E+02   7.7557078E-38
   2.0925410E+02   8.3965703E-38
   2.0958784E+02   7.9417772E-38
   2.0992158E+02   6.2647593E-38
   2.1025532E+02   3.3929839E-38
   2.1058906E+02  -4.6891230E-39
   2.1092280E+02  -4.9375149E-38
   2.1125654E+02  -9.4746464E-38
   2.1159027E+02  -1.3438011E-37
   2.1192401E+02  -1.6155840E-37
   2.1225775E+02  -1.7018919E-37
   2.1259149E+02  -1.5579695E-37
   2.1292523E+02  -1.1645290E-37
   2.1325897E+02  -5.3498935E-38
   2.1359271E+02   2.8077038E-38
   2.1392645E+02   1.1972870E-37
   2.1426018E+02   2.0997092E-37
   2.1459392E+02   2.8553328E-37
   2.1492766E+02   3.3297327E-37
   2.1526140E+02   3.4059357E-37
   2.1559514E+02   3.0043817E-37
   2.1592888E+02   2.1008939E-37
   2.1626262E+02   7.3971721E-38
   2.1659635E+02  -9.6114355E-38
   2.1693009E+02  -2.8143638E-37
   2.1726383E+02  -4.5785663E-37
   2.1759757E+02  -5.9840458E-37
   2.1793131E+02  -6.7669882E-37
   2.1826505E+02  -6.7086691E-37
   2.1859879E+02  -5.6747799E-37
   2.1893252E+02  -3.6491689E-37
   2.1926626E+02  -7.5617944E-38
   2.1960000E+02   2.7336208E-37
   2.1993374E+02   6.4179362E-37
   2.2026748E+02   9.7987667E-37
   2.2060122E+02   1.2338336E-36
   2.2093496E+02   1.3530170E-36
   2.2126869E+02   1.2977502E-36
   2.2160243E+02   1.0468886E-36
   2.2193617E+02   6.0395726E-37
   2.2226991E+02   7.3746415E-40
   2.2260365E+02  -7.0263495E-37
   2.2293739E+02  -1.4216603E-36
   2.2327113E+02  -2.0556379E-36
   2.2360486E+02  -2.4995165E-36
   2.2393860E+02  -2.6583203E-36
   2.2427234E+02  -2.4624793E-36
   2.2460608E+02  -1.8820011E-36
   2.2493982E+02  -9.3725011E-37
   2.2527356E+02   2.9578554E-37
   2.2560730E+02   1.6873847E-36
   2.2594103E+02   3.0640232E-36
   2.2627477E+02   4.2262301E-36
   2.2660851E+02   4.9730388E-36
   2.2694225E+02   5.1305995E-36
   2.2727599E+02   4.5814824E-36
   2.2760973E+02   3.2905602E-36
   2.2794347E+02   1.3232202E-36
   2.2827720E+02  -1.1479658E-36
   2.2861094E+02  -3.8508797E-36
   2.2894468E+02  -6.4369781E-36
   2.2927842E+02  -8.5190402E-36
   2.2961216E+02  -9.7204084E-36
   2.2994590E+02  -9.7304917E-36
   2.3027964E+02  -8.3595341E-36
   2.3061337E+02  -5.5847066E-36
   2.3094711E+02  -1.5795522E-36
   2.3128085E+02   3.2800038E-36
   2.3161459E+02   8.4376316E-36
   2.3194833E+02   1.3207705E-35
   2.3228207E+02   1.6852798E-35
   2.3261581E+02   1.8680591E-35
   2.3294955E+02   1.8149291E-35
   2.3328328E+02   1.4967935E-35
   2.3361702E+02   9.1764338E-36
   2.3395076E+02   1.1908567E-36
   2.3428450E+02  -8.1977745E-36
   2.3461824E+02  -1.7878147E-35
   2.3495198E+02  -2.6527093E-35
   2.3528572E+02  -3.2764689E-35
   2.3561945E+02  -3.5340896E-35
   2.3595319E+02  -3.3332221E-35
   2.3628693E+02  -2.6321962E-35
   2.3662067E+02  -1.4535948E-35
   2.3695441E+02   1.0920231E-36
   2.3728815E+02   1.8944945E-35
   2.3762189E+02   3.6847644E-35
   2.3795562E+02   5.2289306E-35
   2.3828936E+02   6.2726801E-35
   2.3862310E+02   6.5937984E-35
   2.3895684E+02   6.0382533E-35
   2.3929058E+02   4.5520798E-35
   2.3962432E+02   2.2039156E-35
   2.3995806E+02  -8.0632054E-36
   2.4029179E+02  -4.1559333E-35
   2.4062553E+02  -7.4264519E-35
   2.4095927E+02  -1.0148063E-34
   2.4129301E+02  -1.1857831E-34
   2.4162675E+02  -1.2165566E-34
   2.4196049E+02  -1.0819196E-34
   2.4229423E+02  -7.7605006E-35
   2.4262796E+02  -3.1618715E-35
   2.4296170E+02   2.5636823E-35
   2.4329544E+02   8.7847310E-35
   2.4362918E+02   1.4707303E-34
   2.4396292E+02   1.9461668E-34
   2.4429666E+02   2.2212364E-34
   2.4463040E+02   2.2279567E-34
   2.4496413E+02   1.9256543E-34
   2.4529787E+02   1.3106248E-34
   2.4563161E+02   4.2207146E-35
   2.4596535E+02  -6.5705221E-35
   2.4629909E+02  -1.8051450E-34
   2.4663283E+02  -2.8731598E-34
   2.4696657E+02  -3.7012368E-34
   2.4730030E+02  -4.1392494E-34
   2.4763404E+02  -4.0689875E-34
   2.4796778E+02  -3.4251538E-34
   2.4830152E+02  -2.2120942E-34
   2.4863526E+02  -5.1335262E-35
   2.4896900E+02   1.5083009E-34
   2.4930274E+02   3.6217576E-34
   2.4963647E+02   5.5494165E-34
   2.4997021E+02   6.9985825E-34
   2.5030395E+02   7.6994834E-34
   2.5063769E+02   7.4456005E-34
   2.5097143E+02   6.1311802E-34
   2.5130517E+02   3.7803292E-34
   2.5163891E+02   5.6256014E-35
   2.5197264E+02  -3.2093062E-34
   2.5230638E+02  -7.1010989E-34
   2.5264012E+02  -1.0598951E-33
   2.5297386E+02  -1.3167801E-33
   2.5330760E+02  -1.4321160E-33
   2.5364134E+02  -1.3694294E-33
   2.5397508E+02  -1.1111342E-33
   2.5430882E+02  -6.6364076E-34
   2.5464255E+02  -5.9947181E-35
   2.5497629E+02   6.4100221E-34
   2.5531003E+02   1.3585581E-33
   2.5564377E+02   1.9981437E-33
   2.5597751E+02   2.4620191E-33
   2.5631125E+02   2.6620076E-33
   2.5664499E+02   2.5327387E-33
   2.5697872E+02   2.0437069E-33
   2.5731246E+02   1.2083545E-33
   2.5764620E+02   8.8542183E-35
   2.5797994E+02  -1.2068442E-33
   2.5831368E+02  -2.5297825E-33
   2.5864742E+02  -3.7073483E-33
   2.5898116E+02  -4.5612983E-33
   2.5931489E+02  -4.9311084E-33
   2.5964863E+02  -4.6978948E-33
   2.5998237E+02  -3.8061361E-33
   2.6031611E+02  -2.2800120E-33
   2.6064985E+02  -2.3140947E-34
   2.6098359E+02   2.1425844E-33
   2.6131733E+02   4.5738805E-33
   2.6165106E+02   6.7489612E-33
   2.6198480E+02   8.3440417E-33
   2.6231854E+02   9.0664674E-33
   2.6265228E+02   8.6977325E-33
   2.6298602E+02   7.1326470E-33
   2.6331976E+02   4.4089428E-33
   2.6365350E+02   7.2211059E-34
   2.6398723E+02  -3.5785328E-33
   2.6432097E+02  -8.0145829E-33
   2.6465471E+02  -1.2023644E-32
   2.6498845E+02  -1.5021663E-32
   2.6532219E+02  -1.6476609E-32
   2.6565593E+02  -1.5985335E-32
   2.6598967E+02  -1.3343962E-32
   2.6632340E+02  -8.6017122E-33
   2.6665714E+02  -2.0887866E-33
   2.6699088E+02   5.5887520E-33
   2.6732462E+02   1.3590895E-32
   2.6765836E+02   2.0921842E-32
   2.6799210E+02   2.6538960E-32
   2.6832584E+02   2.9482453E-32
   2.6865957E+02   2.9011436E-32
   2.6899331E+02   2.4729562E-32
   2.6932705E+02   1.6682348E-32
   2.6966079E+02   5.4097477E-33
   2.6999453E+02  -8.0588043E-33
   2.7032827E+02  -2.2273646E-32
   2.7066201E+02  -3.5498075E-32
   2.7099574E+02  -4.5896145E-32
   2.7132948E+02  -5.1757968E-32
   2.7166322E+02  -5.1737815E-32
   2.7199696E+02  -4.5075674E-32
   2.7233070E+02  -3.1771355E-32
   2.7266444E+02  -1.2682267E-32
   2.7299818E+02   1.0477695E-32
   2.7333192E+02   3.5250707E-32
   2.7366565E+02   5.8658349E-32
   2.7399939E+02   7.7521102E-32
   2.7433313E+02   8.8844351E-32
   2.7466687E+02   9.0228966E-32
   2.7500061E+02   8.0256577E-32
   2.7533435E+02   5.8795418E-32
   2.7566809E+02   2.7177870E-32
   2.7600182E+02  -1.1790435E-32
   2.7633556E+02  -5.4011315E-32
   2.7666930E+02  -9.4465065E-32
   2.7700304E+02  -1.2774700E-31
   2.7733678E+02  -1.4871972E-31
   2.7767052E+02  -1.5321097E-31
   2.7800426E+02  -1.3867067E-31
   2.7833799E+02  -1.0469778E-31
   2.7867173E+02  -5.3350787E-32
   2.7900547E+02   1.0823494E-32
   2.7933921E+02   8.1082250E-32
   2.7967295E+02   1.4909970E-31
   2.8000669E+02   2.0586000E-31
   2.8034043E+02   2.4274678E-31
   2.8067416E+02   2.5271034E-31
   2.8100790E+02   2.3136933E-31
   2.8134164E+02   1.7789417E-31
   2.8167538E+02   9.5530733E-32
   2.8200912E+02  -8.3474440E-33
   2.8234286E+02  -1.2272094E-31
   2.8267660E+02  -2.3394063E-31
   2.8301033E+02  -3.2720779E-31
   2.8334407E+02  -3.8837835E-31
   2.8367781E+02  -4.0589143E-31
   2.8401155E+02  -3.7258384E-31
   2.8434529E+02  -2.8713622E-31
   2.8467903E+02  -1.5491880E-31
   2.8501277E+02   1.1948054E-32
   2.8534650E+02   1.9541564E-31
   2.8568024E+02   3.7320803E-31
   2.8601398E+02   5.2127946E-31
   2.8634772E+02   6.1678993E-31
   2.8668146E+02   6.4126715E-31
   2.8701520E+02   5.8355452E-31
   2.8734894E+02   4.4213107E-31
   2.8768267E+02   2.2641982E-31
   2.8801641E+02  -4.3207199E-32
   2.8835015E+02  -3.3687903E-31
   2.8868389E+02  -6.1811095E-31
   2.8901763E+02  -8.4790439E-31
   2.8935137E+02  -9.8966139E-31
   2.8968511E+02  -1.0143485E-30
   2.9001884E+02  -9.0525497E-31
   2.9035258E+02  -6.6165949E-31
   2.9068632E+02  -3.0078820E-31
   2.9102006E+02   1.4239734E-31
   2.9135380E+02   6.1780936E-31
   2.9168754E+02   1.0651731E-30
   2.9202128E+02   1.4209085E-30
   2.9235501E+02   1.6262643E-30
   2.9268875E+02   1.6357602E-30
   2.9302249E+02   1.4248502E-30
   2.9335623E+02   9.9568302E-31
   2.9368997E+02   3.7997215E-31
   2.9402371E+02  -3.6175138E-31
   2.9435745E+02  -1.1448340E-30
   2.9469119E+02  -1.8689698E-30
   2.9502492E+02  -2.4297690E-30
   2.9535866E+02  -2.7322333E-30
   2.9569240E+02  -2.7045706E-30
   2.9602614E+02  -2.3105434E-30
   2.9635988E+02  -1.5585200E-30
   2.9669362E+02  -5.0565309E-31
   2.9702736E+02   7.4396327E-31
   2.9736109E+02   2.0476036E-30
   2.9769483E+02   3.2383455E-30
   2.9802857E+02   4.1444139E-30
   2.9836231E+02   4.6114429E-30
   2.9869605E+02   4.5250258E-30
   2.9902979E+02   3.8305817E-30
   2.9936353E+02   2.5476053E-30
   2.9969726E+02   7.7573063E-31
   3.0003100E+02  -1.3091207E-30
   3.0036474E+02  -3.4691592E-30
   3.0069848E+02  -5.4290054E-30
   3.0103222E+02  -6.9077457E-30
   3.0136596E+02  -7.6554030E-30
   3.0169970E+02  -7.4894992E-30
   3.0203343E+02  -6.3268702E-30
   3.0236717E+02  -4.2059733E-30
   3.0270091E+02  -1.2956664E-30
   3.0303465E+02   2.1122593E-30
   3.0336839E+02   5.6276154E-30
   3.0370213E+02   8.8021626E-30
   3.0403587E+02   1.1182119E-29
   3.0436960E+02   1.2367349E-29
   3.0470334E+02   1.2070092E-29
   3.0503708E+02   1.0165439E-29
   3.0537082E+02   6.7259447E-30
   3.0570456E+02   2.0340626E-30
   3.0603830E+02  -3.4318014E-30
   3.0637204E+02  -9.0386029E-30
   3.0670577E+02  -1.4065011E-29
   3.0703951E+02  -1.7786764E-29
   3.0737325E+02  -1.9571908E-29
   3.0770699E+02  -1.8974346E-29
   3.0804073E+02  -1.5813244E-29
   3.0837447E+02  -1.0226142E-29
   3.0870821E+02  -2.6859568E-30
   3.0904194E+02   6.0245056E-30
   3.0937568E+02   1.4881721E-29
   3.0970942E+02   2.2730087E-29
   3.1004316E+02   2.8419961E-29
   3.1037690E+02   3.0960215E-29
   3.1071064E+02   2.9666628E-29
   3.1104438E+02   2.4286240E-29
   3.1137811E+02   1.5078500E-29
   3.1171185E+02   2.8377254E-30
   3.1204559E+02  -1.1152433E-29
   3.1237933E+02  -2.5234121E-29
   3.1271307E+02  -3.7552447E-29
   3.1304681E+02  -4.6278201E-29
   3.1338055E+02  -4.9851758E-29
   3.1371429E+02  -4.7218491E-29
   3.1404802E+02  -3.8023779E-29
   3.1438176E+02  -2.2737439E-29
   3.1471550E+02  -2.6836419E-30
   3.1504924E+02   2.0038049E-29
   3.1538298E+02   4.2742121E-29
   3.1571672E+02   6.2444246E-29
   3.1605046E+02   7.6219171E-29
   3.1638419E+02   8.1590180E-29
   3.1671793E+02   7.6902840E-29
   3.1705167E+02   6.1631931E-29
   3.1738541E+02   3.6574950E-29
   3.1771915E+02   3.8936556E-30
   3.1805289E+02  -3.3017367E-29
   3.1838663E+02  -6.9837452E-29
   3.1872036E+02  -1.0178038E-28
   3.1905410E+02  -1.2416562E-28
   3.1938784E+02  -1.3303786E-28
   3.1972158E+02  -1.2575917E-28
   3.2005532E+02  -1.0149423E-28
   3.2038906E+02  -6.1513895E-29
   3.2072280E+02  -9.2581077E-30
   3.2105653E+02   4.9875371E-29
   3.2139027E+02   1.0901864E-28
   3.2172401E+02   1.6056384E-28
   3.2205775E+02   1.9706716E-28
   3.2239149E+02   2.1222766E-28
   3.2272523E+02   2.0182269E-28
   3.2305897E+02   1.6447416E-28
   3.2339270E+02   1.0212819E-28
   3.2372644E+02   2.0156536E-29
   3.2406018E+02  -7.2973437E-29
   3.2439392E+02  -1.6646310E-28
   3.2472766E+02  -2.4832830E-28
   3.2506140E+02  -3.0681797E-28
   3.2539514E+02  -3.3195297E-28
   3.2572887E+02  -3.1699678E-28
   3.2606261E+02  -2.5966456E-28
   3.2639635E+02  -1.6288449E-28
   3.2673009E+02  -3.4969188E-29
   3.2706383E+02   1.1088796E-28
   3.2739757E+02   2.5779595E-28
   3.2773131E+02   3.8694826E-28
   3.2806504E+02   4.7983620E-28
   3.2839878E+02   5.2065571E-28
   3.2873252E+02   4.9861604E-28
   3.2906626E+02   4.0984877E-28
   3.2940000E+02   2.5862630E-28
   3.2973374E+02   5.7667302E-29
   3.3006748E+02  -1.7260604E-28
   3.3040121E+02  -4.0587120E-28
   3.3073495E+02  -6.1264607E-28
   3.3106869E+02  -7.6371423E-28
   3.3140243E+02  -8.3386700E-28
   3.3173617E+02  -8.0551798E-28
   3.3206991E+02  -6.7171843E-28
   3.3240365E+02  -4.3812764E-28
   3.3273739E+02  -1.2358721E-28
   3.3307112E+02   2.4091674E-28
   3.3340486E+02   6.1492834E-28
   3.3373860E+02   9.5265855E-28
   3.3407234E+02   1.2082025E-27
   3.3440608E+02   1.3412839E-27
   3.3473982E+02   1.3228516E-27
   3.3507356E+02   1.1398084E-27
   3.3540729E+02   7.9819088E-28
   3.3574103E+02   3.2425508E-28
   3.3607477E+02  -2.3687041E-28
   3.3640851E+02  -8.2501716E-28
   3.3674225E+02  -1.3710478E-27
   3.3707599E+02  -1.8046064E-27
   3.3740973E+02  -2.0627249E-27
   3.3774346E+02  -2.0982805E-27
   3.3807720E+02  -1.8872318E-27
   3.3841094E+02  -1.4336053E-27
   3.3874468E+02  -7.7141217E-28
   3.3907842E+02   3.7010596E-29
   3.3941216E+02   9.0634822E-28
   3.3974590E+02   1.7369700E-27
   3.4007963E+02   2.4261130E-27
   3.4041337E+02   2.8803642E-27
   3.4074711E+02   3.0279919E-27
   3.4108085E+02   2.8295397E-27
   3.4141459E+02   2.2851943E-27
   3.4174833E+02   1.4377348E-27
   3.4208207E+02   3.7032835E-28
   3.4241580E+02  -8.0097351E-28
   3.4274954E+02  -1.9394756E-27
   3.4308328E+02  -2.9036560E-27
   3.4341702E+02  -3.5647808E-27
   3.4375076E+02  -3.8242043E-27
   3.4408450E+02  -3.6280876E-27
   3.4441824E+02  -2.9774164E-27
   3.4475197E+02  -1.9316523E-27
   3.4508571E+02  -6.0503542E-28
   3.4541945E+02   8.4456958E-28
   3.4575319E+02   2.2334039E-27
   3.4608693E+02   3.3743182E-27
   3.4642067E+02   4.1014581E-27
   3.4675441E+02   4.2940330E-27
   3.4708814E+02   3.8959490E-27
   3.4742188E+02   2.9283202E-27
   3.4775562E+02   1.4925936E-27
   3.4808936E+02  -2.3690782E-28
   3.4842310E+02  -2.0309836E-27
   3.4875684E+02  -3.6325508E-27
   3.4909058E+02  -4.7898363E-27
   3.4942431E+02  -5.2918269E-27
   3.4975805E+02  -5.0014147E-27
   3.5009179E+02  -3.8815554E-27
   3.5042553E+02  -2.0102312E-27
   3.5075927E+02   4.1882072E-28
   3.5109301E+02   3.1110999E-27
   3.5142675E+02   5.7015796E-27
   3.5176048E+02   7.7975842E-27
   3.5209422E+02   9.0298335E-27
   3.5242796E+02   9.1056273E-27
   3.5276170E+02   7.8573142E-27
   3.5309544E+02   5.2791215E-27
   3.5342918E+02   1.5462585E-27
   3.5376292E+02  -2.9879700E-27
   3.5409666E+02  -7.8189104E-27
   3.5443039E+02  -1.2340094E-26
   3.5476413E+02  -1.5911348E-26
   3.5509787E+02  -1.7938544E-26
   3.5543161E+02  -1.7955839E-26
   3.5576535E+02  -1.5699945E-26
   3.5609909E+02  -1.1166254E-26
   3.5643283E+02  -4.6377129E-27
   3.5676656E+02   3.3198125E-27
   3.5710030E+02   1.1898441E-26
   3.5743404E+02   2.0123614E-26
   3.5776778E+02   2.6957864E-26
   3.5810152E+02   3.1422536E-26
   3.5843526E+02   3.2723873E-26
   3.5876900E+02   3.0368473E-26
   3.5910273E+02   2.4252348E-26
   3.5943647E+02   1.4710623E-26
   3.5977021E+02   2.5181226E-27
   3.6010395E+02  -1.1163626E-26
   3.6043769E+02  -2.4890808E-26
   3.6077143E+02  -3.7085020E-26
   3.6110517E+02  -4.6209524E-26
   3.6143890E+02  -5.0955278E-26
   3.6177264E+02  -5.0414615E-26
   3.6210638E+02  -4.4220775E-26
   3.6244012E+02  -3.2633820E-26
   3.6277386E+02  -1.6557950E-26
   3.6310760E+02   2.5161520E-27
   3.6344134E+02   2.2643431E-26
   3.6377507E+02   4.1619904E-26
   3.6410881E+02   5.7222873E-26
   3.6444255E+02   6.7469930E-26
   3.6477629E+02   7.0867196E-26
   3.6511003E+02   6.6616210E-26
   3.6544377E+02   5.4751791E-26
   3.6577751E+02   3.6190316E-26
   3.6611124E+02   1.2676087E-26
   3.6644498E+02  -1.3373651E-26
   3.6677872E+02  -3.9113234E-26
   3.6711246E+02  -6.1578550E-26
   3.6744620E+02  -7.8030374E-26
   3.6777994E+02  -8.6289821E-26
   3.6811368E+02  -8.5028433E-26
   3.6844741E+02  -7.3972393E-26
   3.6878115E+02  -5.3993129E-26
   3.6911489E+02  -2.7066268E-26
   3.6944863E+02   3.9043099E-27
   3.6978237E+02   3.5383237E-26
   3.7011611E+02   6.3594540E-26
   3.7044985E+02   8.4963241E-26
   3.7078358E+02   9.6560106E-26
   3.7111732E+02   9.6495561E-26
   3.7145106E+02   8.4212190E-26
   3.7178480E+02   6.0636780E-26
   3.7211854E+02   2.8161946E-26
   3.7245228E+02  -9.5472692E-27
   3.7278602E+02  -4.7914542E-26
   3.7311976E+02  -8.1946932E-26
   3.7345349E+02  -1.0681566E-25
   3.7378723E+02  -1.1846069E-25
   3.7412097E+02  -1.1415121E-25
   3.7445471E+02  -9.2934693E-26
   3.7478845E+02  -5.5914516E-26
   3.7512219E+02  -6.3106469E-27
   3.7545593E+02   5.0718302E-26
   3.7578966E+02   1.0849460E-25
   3.7612340E+02   1.5945345E-25
   3.7645714E+02   1.9594076E-25
   3.7679088E+02   2.1109928E-25
   3.7712462E+02   1.9976270E-25
   3.7745836E+02   1.5925888E-25
   3.7779210E+02   9.0029281E-26
   3.7812583E+02  -4.0203048E-27
   3.7845957E+02  -1.1549883E-25
   3.7879331E+02  -2.3388449E-25
   3.7912705E+02  -3.4625666E-25
   3.7946079E+02  -4.3837429E-25
   3.7979453E+02  -4.9603820E-25
   3.8012827E+02  -5.0663344E-25
   3.8046200E+02  -4.6071257E-25
   3.8079574E+02  -3.5347876E-25
   3.8112948E+02  -1.8599189E-25
   3.8146322E+02   3.4054176E-26
   3.8179696E+02   2.9212106E-25
   3.8213070E+02   5.6728871E-25
   3.8246444E+02   8.3343904E-25
   3.8279817E+02   1.0611424E-24
   3.8313191E+02   1.2201659E-24
   3.8346565E+02   1.2824242E-24
   3.8379939E+02   1.2251630E-24
   3.8413313E+02   1.0340646E-24
   3.8446687E+02   7.0595665E-25
   3.8480061E+02   2.5081206E-25
   3.8513434E+02  -3.0728652E-25
   3.8546808E+02  -9.3043274E-25
   3.8580182E+02  -1.5685932E-24
   3.8613556E+02  -2.1627107E-24
   3.8646930E+02  -2.6491176E-24
   3.8680304E+02  -2.9649812E-24
   3.8713678E+02  -3.0543828E-24
   3.8747051E+02  -2.8745413E-24
   3.8780425E+02  -2.4015912E-24
   3.8813799E+02  -1.6353516E-24
   3.8847173E+02  -6.0249192E-25
   3.8880547E+02   6.4231421E-25
   3.8913921E+02   2.0176388E-24
   3.8947295E+02   3.4190636E-24
   3.8980668E+02   4.7254149E-24
   3.9014042E+02   5.8072496E-24
   3.9047416E+02   6.5370773E-24
   3.9080790E+02   6.8007202E-24
   3.9114164E+02   6.5089978E-24
   3.9147538E+02   5.6088385E-24
   3.9180912E+02   4.0928242E-24
   3.9214285E+02   2.0062332E-24
   3.9247659E+02  -5.4940652E-25
   3.9281033E+02  -3.4169897E-24
   3.9314407E+02  -6.3894128E-24
   3.9347781E+02  -9.2203593E-24
   3.9381155E+02  -1.1640260E-23
   3.9414529E+02  -1.3376956E-23
   3.9447903E+02  -1.4180051E-23
   3.9481276E+02  -1.3847412E-23
   3.9514650E+02  -1.2251676E-23
   3.9548024E+02  -9.3642286E-24
   3.9581398E+02  -5.2736649E-24
   3.9614772E+02  -1.9590177E-25
   3.9648146E+02   5.5269540E-24
   3.9681520E+02   1.1440907E-23
   3.9714893E+02   1.7008674E-23
   3.9748267E+02   2.1652168E-23
   3.9781641E+02   2.4806823E-23
   3.9815015E+02   2.5983696E-23
   3.9848389E+02   2.4833807E-23
   3.9881763E+02   2.1207468E-23
   3.9915137E+02   1.5200704E-23
   3.9948510E+02   7.1807531E-24
   3.9981884E+02  -2.2160870E-24
   4.0015258E+02  -1.2119255E-23
   4.0048632E+02  -2.1492635E-23
   4.0082006E+02  -2.9234838E-23
   4.0115380E+02  -3.4303945E-23
   4.0148754E+02  -3.5855284E-23
   4.0182127E+02  -3.3376673E-23
   4.0215501E+02  -2.6803676E-23
   4.0248875E+02  -1.6595699E-23
   4.0282249E+02  -3.7564862E-24
   4.0315623E+02   1.0214109E-23
   4.0348997E+02   2.3442875E-23
   4.0382371E+02   3.3878272E-23
   4.0415744E+02   3.9544587E-23
   4.0449118E+02   3.8832473E-23
   4.0482492E+02   3.0793337E-23
   4.0515866E+02   1.5398666E-23
   4.0549240E+02  -6.2779255E-24
   4.0582614E+02  -3.1995482E-23
   4.0615988E+02  -5.8429564E-23
   4.0649361E+02  -8.1423610E-23
   4.0682735E+02  -9.6406382E-23
   4.0716109E+02  -9.8953488E-23
   4.0749483E+02  -8.5445166E-23
   4.0782857E+02  -5.3750634E-23
   4.0816231E+02  -3.8518753E-24
   4.0849605E+02   6.1689895E-23
   4.0882978E+02   1.3752063E-22
   4.0916352E+02   2.1561300E-22
   4.0949726E+02   2.8577121E-22
   4.0983100E+02   3.3653109E-22
   4.1016474E+02   3.5641680E-22
   4.1049848E+02   3.3545602E-22
   4.1083222E+02   2.6680604E-22
   4.1116595E+02   1.4829616E-22
   4.1149969E+02  -1.6332740E-23
   4.1183343E+02  -2.1671420E-22
   4.1216717E+02  -4.3586128E-22
   4.1250091E+02  -6.5102623E-22
   4.1283465E+02  -8.3546302E-22
   4.1316839E+02  -9.6103049E-22
   4.1350213E+02  -1.0014507E-21
   4.1383586E+02  -9.3592073E-22
   4.1416960E+02  -7.5267413E-22
   4.1450334E+02  -4.5202674E-22
   4.1483708E+02  -4.8424851E-23
   4.1517082E+02   4.2893051E-22
   4.1550456E+02   9.3720775E-22
   4.1583830E+02   1.4229581E-21
   4.1617203E+02   1.8269463E-21
   4.1650577E+02   2.0904758E-21
   4.1683951E+02   2.1626451E-21
   4.1717325E+02   2.0077620E-21
   4.1750699E+02   1.6119958E-21
   4.1784073E+02   9.8831301E-22
   4.1817447E+02   1.7879264E-22
   4.1850820E+02  -7.4635986E-22
   4.1884194E+02  -1.6934909E-21
   4.1917568E+02  -2.5538260E-21
   4.1950942E+02  -3.2149408E-21
   4.1984316E+02  -3.5743791E-21
   4.2017690E+02  -3.5539964E-21
   4.2051064E+02  -3.1132938E-21
   4.2084437E+02  -2.2598498E-21
   4.2117811E+02  -1.0550719E-21
   4.2151185E+02   3.8622388E-22
   4.2184559E+02   1.9032875E-21
   4.2217933E+02   3.3040974E-21
   4.2251307E+02   4.3863792E-21
   4.2284681E+02   4.9632194E-21
   4.2318054E+02   4.8905769E-21
   4.2351428E+02   4.0933243E-21
   4.2384802E+02   2.5860905E-21
   4.2418176E+02   4.8525109E-22
   4.2451550E+02  -1.9909866E-21
   4.2484924E+02  -4.5363801E-21
   4.2518298E+02  -6.7847050E-21
   4.2551671E+02  -8.3506395E-21
   4.2585045E+02  -8.8800052E-21
   4.2618419E+02  -8.1040662E-21
   4.2651793E+02  -5.8911722E-21
   4.2685167E+02  -2.2882540E-21
   4.2718541E+02   2.4551555E-21
   4.2751915E+02   7.8864975E-21
   4.2785288E+02   1.3377250E-20
   4.2818662E+02   1.8178300E-20
   4.2852036E+02   2.1500628E-20
   4.2885410E+02   2.2614457E-20
   4.2918784E+02   2.0956424E-20
   4.2952158E+02   1.6231578E-20
   4.2985532E+02   8.4957685E-21
   4.3018905E+02  -1.7955942E-21
   4.3052279E+02  -1.3783950E-20
   4.3085653E+02  -2.6256335E-20
   4.3119027E+02  -3.7747586E-20
   4.3152401E+02  -4.6690239E-20
   4.3185775E+02  -5.1599016E-20
   4.3219149E+02  -5.1270622E-20
   4.3252522E+02  -4.4974718E-20
   4.3285896E+02  -3.2610103E-20
   4.3319270E+02  -1.4801431E-20
   4.3352644E+02   7.0838181E-21
   4.3386018E+02   3.1010012E-20
   4.3419392E+02   5.4441506E-20
   4.3452766E+02   7.4593997E-20
   4.3486140E+02   8.8746948E-20
   4.3519513E+02   9.4584898E-20
   4.3552887E+02   9.0528275E-20
   4.3586261E+02   7.6011630E-20
   4.3619635E+02   5.1669611E-20
   4.3653009E+02   1.9398936E-20
   4.3686383E+02  -1.7723362E-20
   4.3719757E+02  -5.5668919E-20
   4.3753130E+02  -8.9820286E-20
   4.3786504E+02  -1.1543564E-19
   4.3819878E+02  -1.2817021E-19
   4.3853252E+02  -1.2459947E-19
   4.3886626E+02  -1.0268519E-19
   4.3920000E+02  -6.2128121E-20
   4.3953374E+02  -4.5618106E-21
   4.3986747E+02   6.6443845E-20
   4.4020121E+02   1.4558103E-19
   4.4053495E+02   2.2619569E-19
   4.4086869E+02   3.0084432E-19
   4.4120243E+02   3.6197132E-19
   4.4153617E+02   4.0264971E-19
   4.4186991E+02   4.1732348E-19
   4.4220364E+02   4.0248835E-19
   4.4253738E+02   3.5725313E-19
   4.4287112E+02   2.8373233E-19
   4.4320486E+02   1.8723307E-19
   4.4353860E+02   7.6207180E-20
   4.4387234E+02  -3.8045322E-20
   4.4420608E+02  -1.4192893E-19
   4.4453981E+02  -2.2035836E-19
   4.4487355E+02  -2.5780097E-19
   4.4520729E+02  -2.3952754E-19
   4.4554103E+02  -1.5301880E-19
   4.4587477E+02   1.0546139E-20
   4.4620851E+02   2.5482498E-19
   4.4654225E+02   5.7700402E-19
   4.4687598E+02   9.6679805E-19
   4.4720972E+02   1.4059179E-18
   4.4754346E+02   1.8681419E-18
   4.4787720E+02   2.3201031E-18
   4.4821094E+02   2.7228131E-18
   4.4854468E+02   3.0338656E-18
   4.4887842E+02   3.2101535E-18
   4.4921215E+02   3.2108130E-18
   4.4954589E+02   3.0000100E-18
   4.4987963E+02   2.5490950E-18
   4.5021337E+02   1.8376359E-18
   4.5054711E+02   8.5285640E-19
   4.5088085E+02  -4.1285639E-19
   4.5121459E+02  -1.9665857E-18
   4.5154832E+02  -3.8215959E-18
   4.5188206E+02  -6.0058549E-18
   4.5221580E+02  -8.5718609E-18
   4.5254954E+02  -1.1607081E-17
   4.5288328E+02  -1.5244224E-17
   4.5321702E+02  -1.9670563E-17
   4.5355076E+02  -2.5135640E-17
   4.5388450E+02  -3.1957041E-17
   4.5421823E+02  -4.0524008E-17
   4.5455197E+02  -5.1299141E-17
   4.5488571E+02  -6.4818693E-17
   4.5521945E+02  -8.1692099E-17
   4.5555319E+02  -1.0260194E-16
   4.5588693E+02  -1.2830475E-16
   4.5622067E+02  -1.5963421E-16
   4.5655440E+02  -1.9750652E-16
   4.5688814E+02  -2.4292929E-16
   4.5722188E+02  -2.9701205E-16
   4.5755562E+02  -3.6097860E-16
   4.5788936E+02  -4.3617837E-16
   4.5822310E+02  -5.2409306E-16
   4.5855684E+02  -6.2633624E-16
   4.5889057E+02  -7.4463836E-16
   4.5922431E+02  -8.8081304E-16
   4.5955805E+02  -1.0366982E-15
   4.5989179E+02  -1.2140662E-15
   4.6022553E+02  -1.4144925E-15
   4.6055927E+02  -1.6391801E-15
   4.6089301E+02  -1.8887247E-15
   4.6122674E+02  -2.1628201E-15
   4.6156048E+02  -2.4598781E-15
   4.6189422E+02  -2.7765581E-15
   4.6222796E+02  -3.1071707E-15
   4.6256170E+02  -3.4429348E-15
   4.6289544E+02  -3.7710343E-15
   4.6322918E+02  -4.0734670E-15
   4.6356291E+02  -4.3255779E-15
   4.6389665E+02  -4.4942433E-15
   4.6423039E+02  -4.5356332E-15
   4.6456413E+02  -4.3924511E-15
   4.6489787E+02  -3.9905459E-15
   4.6523161E+02  -3.2347163E-15
   4.6556535E+02  -2.0036645E-15
   4.6589908E+02  -1.4383763E-16
   4.6623282E+02   2.5380970E-15
   4.6656656E+02   6.2842264E-15
   4.6690030E+02   1.1396308E-14
   4.6723404E+02   1.8248752E-14
   4.6756778E+02   2.7304199E-14
   4.6790152E+02   3.9132177E-14
   4.6823525E+02   5.4431221E-14
   4.6856899E+02   7.4055305E-14
   4.6890273E+02   9.9045216E-14
   4.6923647E+02   1.3066563E-13
   4.6957021E+02   1.7044932E-13
   4.6990395E+02   2.2024879E-13
   4.7023769E+02   2.8229730E-13
   4.7057142E+02   3.5928113E-13
   4.7090516E+02   4.5442420E-13
   4.7123890E+02   5.7158602E-13
   4.7157264E+02   7.1537774E-13
   4.7190638E+02   8.9129621E-13
   4.7224012E+02   1.1058805E-12
   4.7257386E+02   1.3668940E-12
   4.7290760E+02   1.6835363E-12
   4.7324133E+02   2.0666867E-12
   4.7357507E+02   2.5291891E-12
   4.7390881E+02   3.0861767E-12
   4.7424255E+02   3.7554508E-12
   4.7457629E+02   4.5579157E-12
   4.7491003E+02   5.5180712E-12
   4.7524377E+02   6.6645912E-12
   4.7557750E+02   8.0309700E-12
   4.7591124E+02   9.6562827E-12
   4.7624498E+02   1.1586018E-11
   4.7657872E+02   1.3873064E-11
   4.7691246E+02   1.6578799E-11
   4.7724620E+02   1.9774363E-11
   4.7757994E+02   2.3542028E-11
   4.7791367E+02   2.7976826E-11
   4.7824741E+02   3.3188362E-11
   4.7858115E+02   3.9302801E-11
   4.7891489E+02   4.6465165E-11
   4.7924863E+02   5.4841926E-11
   4.7958237E+02   6.4623785E-11
   4.7991611E+02   7.6028912E-11
   4.8024984E+02   8.9306521E-11
   4.8058358E+02   1.0474079E-10
   4.8091732E+02   1.2265525E-10
   4.8125106E+02   1.4341774E-10
   4.8158480E+02   1.6744564E-10
   4.8191854E+02   1.9521200E-10
   4.8225228E+02   2.2725186E-10
   4.8258601E+02   2.6416949E-10
   4.8291975E+02   3.0664635E-10
   4.8325349E+02   3.5544923E-10
   4.8358723E+02   4.1144030E-10
   4.8392097E+02   4.7558635E-10
   4.8425471E+02   5.4897076E-10
   4.8458845E+02   6.3280448E-10
   4.8492218E+02   7.2843914E-10
   4.8525592E+02   8.3738116E-10
   4.8558966E+02   9.6130603E-10
   4.8592340E+02   1.1020743E-09
   4.8625714E+02   1.2617487E-09
   4.8659088E+02   1.4426103E-09
   4.8692462E+02   1.6471797E-09
   4.8725835E+02   1.8782345E-09
   4.8759209E+02   2.1388309E-09
   4.8792583E+02   2.4323272E-09
   4.8825957E+02   2.7624025E-09
   4.8859331E+02   3.1330827E-09
   4.8892705E+02   3.5487626E-09
   4.8926079E+02   4.0142316E-09
   4.8959452E+02   4.5346993E-09
   4.8992826E+02   5.1158153E-09
   4.9026200E+02   5.7636980E-09
   4.9059574E+02   6.4849597E-09
   4.9092948E+02   7.2867294E-09
   4.9126322E+02   8.1766753E-09
   4.9159696E+02   9.1630232E-09
   4.9193069E+02   1.0254584E-08
   4.9226443E+02   1.1460764E-08
   4.9259817E+02   1.2791588E-08
   4.9293191E+02   1.4257697E-08
   4.9326565E+02   1.5870382E-08
   4.9359939E+02   1.7641558E-08
   4.9393313E+02   1.9583778E-08
   4.9426687E+02   2.1710248E-08
   4.9460060E+02   2.4034765E-08
   4.9493434E+02   2.6571758E-08
   4.9526808E+02   2.9336203E-08
   4.9560182E+02   3.2343642E-08
   4.9593556E+02   3.5610100E-08
   4.9626930E+02   3.9152027E-08
   4.9660304E+02   4.2986308E-08
   4.9693677E+02   4.7130072E-08
   4.9727051E+02   5.1600701E-08
   4.9760425E+02   5.6415683E-08
   4.9793799E+02   6.1592488E-08
   4.9827173E+02   6.7148527E-08
   4.9860547E+02   7.3100850E-08
   4.9893921E+02   7.9466190E-08
   4.9927294E+02   8.6260606E-08
   4.9960668E+02   9.3499423E-08
   4.9994042E+02   1.0119699E-07
   5.0027416E+02   1.0936647E-07
   5.0060790E+02   1.1801954E-07
   5.0094164E+02   1.2716630E-07
   5.0127538E+02   1.3681482E-07
   5.0160911E+02   1.4697108E-07
   5.0194285E+02   1.5763845E-07
   5.0227659E+02   1.6881768E-07
   5.0261033E+02   1.8050632E-07
   5.0294407E+02   1.9269864E-07
   5.0327781E+02   2.0538498E-07
   5.0361155E+02   2.1855197E-07
   5.0394528E+02   2.3218176E-07
   5.0427902E+02   2.4625172E-07
   5.0461276E+02   2.6073445E-07
   5.0494650E+02   2.7559719E-07
   5.0528024E+02   2.9080175E-07
   5.0561398E+02   3.0630400E-07
   5.0594772E+02   3.2205364E-07
   5.0628145E+02   3.3799424E-07
   5.0661519E+02   3.5406276E-07
   5.0694893E+02   3.7018958E-07
   5.0728267E+02   3.8629798E-07
   5.0761641E+02   4.0230469E-07
   5.0795015E+02   4.1811921E-07
   5.0828389E+02   4.3364435E-07
   5.0861762E+02   4.4877547E-07
   5.0895136E+02   4.6340165E-07
   5.0928510E+02   4.7740548E-07
   5.0961884E+02   4.9066233E-07
   5.0995258E+02   5.0304220E-07
   5.1028632E+02   5.1440924E-07
   5.1062006E+02   5.2462201E-07
   5.1095379E+02   5.3353443E-07
   5.1128753E+02   5.4099650E-07
   5.1162127E+02   5.4685421E-07
   5.1195501E+02   5.5095109E-07
   5.1228875E+02   5.5312870E-07
   5.1262249E+02   5.5322727E-07
   5.1295623E+02   5.5108711E-07
   5.1328997E+02   5.4654942E-07
   5.1362370E+02   5.3945723E-07
   5.1395744E+02   5.2965697E-07
   5.1429118E+02   5.1699908E-07
   5.1462492E+02   5.0133963E-07
   5.1495866E+02   4.8254185E-07
   5.1529240E+02   4.6047688E-07
   5.1562614E+02   4.3502550E-07
   5.1595987E+02   4.0607907E-07
   5.1629361E+02   3.7354170E-07
   5.1662735E+02   3.3733056E-07
   5.1696109E+02   2.9737805E-07
   5.1729483E+02   2.5363229E-07
   5.1762857E+02   2.0605935E-07
   5.1796231E+02   1.5464367E-07
   5.1829604E+02   9.9389382E-08
   5.1862978E+02   4.0321471E-08
   5.1896352E+02  -2.2513465E-08
   5.1929726E+02  -8.9046274E-08
   5.1963100E+02  -1.5918430E-07
   5.1996474E+02  -2.3281115E-07
   5.2029848E+02  -3.0978646E-07
   5.2063221E+02  -3.8994477E-07
   5.2096595E+02  -4.7309629E-07
   5.2129969E+02  -5.5902638E-07
   5.2163343E+02  -6.4749577E-07
   5.2196717E+02  -7.3824151E-07
   5.2230091E+02  -8.3097677E-07
   5.2263465E+02  -9.2539261E-07
   5.2296838E+02  -1.0211577E-06
   5.2330212E+02  -1.1179204E-06
   5.2363586E+02  -1.2153101E-06
   5.2396960E+02  -1.3129388E-06
   5.2430334E+02  -1.4104016E-06
   5.2463708E+02  -1.5072801E-06
   5.2497082E+02  -1.6031441E-06
   5.2530455E+02  -1.6975539E-06
   5.2563829E+02  -1.7900618E-06
   5.2597203E+02  -1.8802153E-06
   5.2630577E+02  -1.9675599E-06
   5.2663951E+02  -2.0516409E-06
   5.2697325E+02  -2.1320081E-06
   5.2730699E+02  -2.2082158E-06
   5.2764072E+02  -2.2798290E-06
   5.2797446E+02  -2.3464218E-06
   5.2830820E+02  -2.4075860E-06
   5.2864194E+02  -2.4629289E-06
   5.2897568E+02  -2.5120803E-06
   5.2930942E+02  -2.5546904E-06
   5.2964316E+02  -2.5904369E-06
   5.2997689E+02  -2.6190255E-06
   5.3031063E+02  -2.6401931E-06
   5.3064437E+02  -2.6537082E-06
   5.3097811E+02  -2.6593752E-06
   5.3131185E+02  -2.6570356E-06
   5.3164559E+02  -2.6465675E-06
   5.3197933E+02  -2.6278904E-06
   5.3231306E+02  -2.6009648E-06
   5.3264680E+02  -2.5657907E-06
   5.3298054E+02  -2.5224124E-06
   5.3331428E+02  -2.4709152E-06
   5.3364802E+02  -2.4114286E-06
   5.3398176E+02  -2.3441230E-06
   5.3431550E+02  -2.2692102E-06
   5.3464924E+02  -2.1869434E-06
   5.3498297E+02  -2.0976154E-06
   5.3531671E+02  -2.0015561E-06
   5.3565045E+02  -1.8991329E-06
   5.3598419E+02  -1.7907465E-06
   5.3631793E+02  -1.6768302E-06
   5.3665167E+02  -1.5578456E-06
   5.3698541E+02  -1.4342827E-06
   5.3731914E+02  -1.3066549E-06
   5.3765288E+02  -1.1754961E-06
   5.3798662E+02  -1.0413568E-06
   5.3832036E+02  -9.0480296E-07
   5.3865410E+02  -7.6641112E-07
   5.3898784E+02  -6.2676440E-07
   5.3932158E+02  -4.8644995E-07
   5.3965531E+02  -3.4605475E-07
   5.3998905E+02  -2.0616170E-07
   5.4032279E+02  -6.7347521E-08
   5.4065653E+02   6.9822889E-08
   5.4099027E+02   2.0479791E-07
   5.4132401E+02   3.3704347E-07
   5.4165775E+02   4.6604572E-07
   5.4199148E+02   5.9131457E-07
   5.4232522E+02   7.1238554E-07
   5.4265896E+02   8.2882354E-07
   5.4299270E+02   9.4022374E-07
   5.4332644E+02   1.0462149E-06
   5.4366018E+02   1.1464606E-06
   5.4399392E+02   1.2406607E-06
   5.4432765E+02   1.3285530E-06
   5.4466139E+02   1.4099137E-06
   5.4499513E+02   1.4845589E-06
   5.4532887E+02   1.5523437E-06
   5.4566261E+02   1.6131635E-06
   5.4599635E+02   1.6669533E-06
   5.4633009E+02   1.7136872E-06
   5.4666382E+02   1.7533778E-06
   5.4699756E+02   1.7860755E-06
   5.4733130E+02   1.8118653E-06
   5.4766504E+02   1.8308690E-06
   5.4799878E+02   1.8432401E-06
   5.4833252E+02   1.8491630E-06
   5.4866626E+02   1.8488524E-06
   5.4899999E+02   1.8425485E-06
   5.4933373E+02   1.8305154E-06
   5.4966747E+02   1.8130405E-06
   5.5000121E+02   1.7904301E-06
   5.5033495E+02   1.7630066E-06
   5.5066869E+02   1.7311072E-06
   5.5100243E+02   1.6950804E-06
   5.5133616E+02   1.6552829E-06
   5.5166990E+02   1.6120771E-06
   5.5200364E+02   1.5658300E-06
   5.5233738E+02   1.5169089E-06
   5.5267112E+02   1.4656788E-06
   5.5300486E+02   1.4125020E-06
   5.5333860E+02   1.3577342E-06
   5.5367234E+02   1.3017225E-06
   5.5400607E+02   1.2448040E-06
   5.5433981E+02   1.1873046E-06
   5.5467355E+02   1.1295349E-06
   5.5500729E+02   1.0717921E-06
   5.5534103E+02   1.0143568E-06
   5.5567477E+02   9.5749169E-07
   5.5600851E+02   9.0144204E-07
   5.5634224E+02   8.4643375E-07
   5.5667598E+02   7.9267335E-07
   5.5700972E+02   7.4034750E-07
   5.5734346E+02   6.8962305E-07
   5.5767720E+02   6.4064676E-07
   5.5801094E+02   5.9354522E-07
   5.5834468E+02   5.4842616E-07
   5.5867841E+02   5.0537744E-07
   5.5901215E+02   4.6446849E-07
   5.5934589E+02   4.2575115E-07
   5.5967963E+02   3.8925938E-07
   5.6001337E+02   3.5501114E-07
   5.6034711E+02   3.2300900E-07
   5.6068085E+02   2.9324082E-07
   5.6101458E+02   2.6568102E-07
   5.6134832E+02   2.4029151E-07
   5.6168206E+02   2.1702316E-07
   5.6201580E+02   1.9581614E-07
   5.6234954E+02   1.7660196E-07
   5.6268328E+02   1.5930360E-07
   5.6301702E+02   1.4383744E-07
   5.6335075E+02   1.3011373E-07
   5.6368449E+02   1.1803795E-07
   5.6401823E+02   1.0751158E-07
   5.6435197E+02   9.8433240E-08
   5.6468571E+02   9.0699331E-08
   5.6501945E+02   8.4205041E-08
   5.6535319E+02   7.8845069E-08
   5.6568692E+02   7.4514368E-08
   5.6602066E+02   7.1108836E-08
   5.6635440E+02   6.8525736E-08
   5.6668814E+02   6.6664541E-08
   5.6702188E+02   6.5427194E-08
   5.6735562E+02   6.4718684E-08
   5.6768936E+02   6.4447399E-08
   5.6802309E+02   6.4525402E-08
   5.6835683E+02   6.4868800E-08
   5.6869057E+02   6.5398076E-08
   5.6902431E+02   6.6038076E-08
   5.6935805E+02   6.6718520E-08
   5.6969179E+02   6.7373868E-08
   5.7002553E+02   6.7943631E-08
   5.7035926E+02   6.8372366E-08
   5.7069300E+02   6.8609779E-08
   5.7102674E+02   6.8610966E-08
   5.7136048E+02   6.8336199E-08
   5.7169422E+02   6.7751110E-08
   5.7202796E+02   6.6826615E-08
   5.7236170E+02   6.5539119E-08
   5.7269543E+02   6.3870296E-08
   5.7302917E+02   6.1807235E-08
   5.7336291E+02   5.9342277E-08
   5.7369665E+02   5.6473201E-08
   5.7403039E+02   5.3202982E-08
   5.7436413E+02   4.9539779E-08
   5.7469787E+02   4.5496989E-08
   5.7503161E+02   4.1093067E-08
   5.7536534E+02   3.6351459E-08
   5.7569908E+02   3.1300537E-08
   5.7603282E+02   2.5973502E-08
   5.7636656E+02   2.0408098E-08
   5.7670030E+02   1.4646545E-08
   5.7703404E+02   8.7352916E-09
   5.7736778E+02   2.7248710E-09
   5.7770151E+02  -3.3303635E-09
   5.7803525E+02  -9.3726484E-09
   5.7836899E+02  -1.5340976E-08
   5.7870273E+02  -2.1171472E-08
   5.7903647E+02  -2.6797807E-08
   5.7937021E+02  -3.2151590E-08
   5.7970395E+02  -3.7162728E-08
   5.8003768E+02  -4.1760032E-08
   5.8037142E+02  -4.5871463E-08
   5.8070516E+02  -4.9424926E-08
   5.8103890E+02  -5.2348572E-08
   5.8137264E+02  -5.4571508E-08
   5.8170638E+02  -5.6024270E-08
   5.8204012E+02  -5.6639454E-08
   5.8237385E+02  -5.6352292E-08
   5.8270759E+02  -5.5101239E-08
   5.8304133E+02  -5.2828629E-08
   5.8337507E+02  -4.9481166E-08
   5.8370881E+02  -4.5010609E-08
   5.8404255E+02  -3.9374278E-08
   5.8437629E+02  -3.2535638E-08
   5.8471002E+02  -2.4464766E-08
   5.8504376E+02  -1.5138955E-08
   5.8537750E+02  -4.5430850E-09
   5.8571124E+02   7.3299322E-09
   5.8604498E+02   2.0478762E-08
   5.8637872E+02   3.4893354E-08
   5.8671246E+02   5.0554586E-08
   5.8704619E+02   6.7434129E-08
   5.8737993E+02   8.5494250E-08
   5.8771367E+02   1.0468769E-07
   5.8804741E+02   1.2495769E-07
   5.8838115E+02   1.4623797E-07
   5.8871489E+02   1.6845281E-07
   5.8904863E+02   1.9151744E-07
   5.8938236E+02   2.1533801E-07
   5.8971610E+02   2.3981215E-07
   5.9004984E+02   2.6482911E-07
   5.9038358E+02   2.9027052E-07
   5.9071732E+02   3.1601064E-07
   5.9105106E+02   3.4191720E-07
   5.9138480E+02   3.6785173E-07
   5.9171853E+02   3.9367086E-07
   5.9205227E+02   4.1922624E-07
   5.9238601E+02   4.4436638E-07
   5.9271975E+02   4.6893655E-07
   5.9305349E+02   4.9278049E-07
   5.9338723E+02   5.1574074E-07
   5.9372097E+02   5.3765996E-07
   5.9405471E+02   5.5838194E-07
   5.9438844E+02   5.7775259E-07
   5.9472218E+02   5.9562069E-07
   5.9505592E+02   6.1183931E-07
   5.9538966E+02   6.2626668E-07
   5.9572340E+02   6.3876712E-07
   5.9605714E+02   6.4921227E-07
   5.9639088E+02   6.5748173E-07
   5.9672461E+02   6.6346445E-07
   5.9705835E+02   6.6705934E-07
   5.9739209E+02   6.6817609E-07
   5.9772583E+02   6.6673613E-07
   5.9805957E+02   6.6267347E-07
   5.9839331E+02   6.5593520E-07
   5.9872705E+02   6.4648208E-07
   5.9906078E+02   6.3428922E-07
   5.9939452E+02   6.1934634E-07
   5.9972826E+02   6.0165848E-07
   6.0006200E+02   5.8124562E-07
   6.0039574E+02   5.5814360E-07
   6.0072948E+02   5.3240387E-07
   6.0106322E+02   5.0409312E-07
   6.0139695E+02   4.7329388E-07
   6.0173069E+02   4.4010386E-07
   6.0206443E+02   4.0463564E-07
   6.0239817E+02   3.6701650E-07
   6.0273191E+02   3.2738768E-07
   6.0306565E+02   2.8590387E-07
   6.0339939E+02   2.4273260E-07
   6.0373312E+02   1.9805323E-07
   6.0406686E+02   1.5205629E-07
   6.0440060E+02   1.0494251E-07
   6.0473434E+02   5.6921600E-08
   6.0506808E+02   8.2113534E-09
   6.0540182E+02  -4.0963656E-08
   6.0573556E+02  -9.0373277E-08
   6.0606929E+02  -1.3978297E-07
   6.0640303E+02  -1.8895523E-07
   6.0673677E+02  -2.3765091E-07
   6.0707051E+02  -2.8563045E-07
   6.0740425E+02  -3.3265553E-07
   6.0773799E+02  -3.7849020E-07
   6.0807173E+02  -4.2290250E-07
   6.0840546E+02  -4.6566549E-07
   6.0873920E+02  -5.0655905E-07
   6.0907294E+02  -5.4537065E-07
   6.0940668E+02  -5.8189727E-07
   6.0974042E+02  -6.1594596E-07
   6.1007416E+02  -6.4733553E-07
   6.1040790E+02  -6.7589730E-07
   6.1074163E+02  -7.0147644E-07
   6.1107537E+02  -7.2393254E-07
   6.1140911E+02  -7.4314113E-07
   6.1174285E+02  -7.5899351E-07
   6.1207659E+02  -7.7139862E-07
   6.1241033E+02  -7.8028222E-07
   6.1274407E+02  -7.8558878E-07
   6.1307781E+02  -7.8728078E-07
   6.1341154E+02  -7.8533930E-07
   6.1374528E+02  -7.7976460E-07
   6.1407902E+02  -7.7057535E-07
   6.1441276E+02  -7.5780895E-07
   6.1474650E+02  -7.4152149E-07
   6.1508024E+02  -7.2178705E-07
   6.1541398E+02  -6.9869736E-07
   6.1574771E+02  -6.7236124E-07
   6.1608145E+02  -6.4290452E-07
   6.1641519E+02  -6.1046831E-07
   6.1674893E+02  -5.7520867E-07
   6.1708267E+02  -5.3729605E-07
   6.1741641E+02  -4.9691346E-07
   6.1775015E+02  -4.5425628E-07
   6.1808388E+02  -4.0953029E-07
   6.1841762E+02  -3.6295108E-07
   6.1875136E+02  -3.1474255E-07
   6.1908510E+02  -2.6513550E-07
   6.1941884E+02  -2.1436658E-07
   6.1975258E+02  -1.6267683E-07
   6.2008632E+02  -1.1031022E-07
   6.2042005E+02  -5.7512388E-08
   6.2075379E+02  -4.5292090E-09
   6.2108753E+02   4.8394327E-08
   6.2142127E+02   1.0101578E-07
   6.2175501E+02   1.5309624E-07
   6.2208875E+02   2.0440183E-07
   6.2242249E+02   2.5470459E-07
   6.2275622E+02   3.0378399E-07
   6.2308996E+02   3.5142759E-07
   6.2342370E+02   3.9743250E-07
   6.2375744E+02   4.4160572E-07
   6.2409118E+02   4.8376552E-07
   6.2442492E+02   5.2374179E-07
   6.2475866E+02   5.6137708E-07
   6.2509239E+02   5.9652666E-07
   6.2542613E+02   6.2905957E-07
   6.2575987E+02   6.5885808E-07
   6.2609361E+02   6.8581943E-07
   6.2642735E+02   7.0985431E-07
   6.2676109E+02   7.3088813E-07
   6.2709483E+02   7.4886043E-07
   6.2742856E+02   7.6372527E-07
   6.2776230E+02   7.7544996E-07
   6.2809604E+02   7.8401592E-07
   6.2842978E+02   7.8941787E-07
   6.2876352E+02   7.9166330E-07
   6.2909726E+02   7.9077171E-07
   6.2943100E+02   7.8677465E-07
   6.2976473E+02   7.7971458E-07
   6.3009847E+02   7.6964420E-07
   6.3043221E+02   7.5662626E-07
   6.3076595E+02   7.4073165E-07
   6.3109969E+02   7.2204045E-07
   6.3143343E+02   7.0063913E-07
   6.3176717E+02   6.7662131E-07
   6.3210090E+02   6.5008567E-07
   6.3243464E+02   6.2113685E-07
   6.3276838E+02   5.8988263E-07
   6.3310212E+02   5.5643494E-07
   6.3343586E+02   5.2090826E-07
   6.3376960E+02   4.8341946E-07
   6.3410334E+02   4.4408657E-07
   6.3443708E+02   4.0302857E-07
   6.3477081E+02   3.6036525E-07
   6.3510455E+02   3.1621659E-07
   6.3543829E+02   2.7070143E-07
   6.3577203E+02   2.2393897E-07
   6.3610577E+02   1.7604718E-07
   6.3643951E+02   1.2714271E-07
   6.3677325E+02   7.7341319E-08
   6.3710698E+02   2.6757501E-08
   6.3744072E+02  -2.4495318E-08
   6.3777446E+02  -7.6305142E-08
   6.3810820E+02  -1.2856071E-07
   6.3844194E+02  -1.8115163E-07
   6.3877568E+02  -2.3396821E-07
   6.3910942E+02  -2.8690113E-07
   6.3944315E+02  -3.3984108E-07
   6.3977689E+02  -3.9267900E-07
   6.4011063E+02  -4.4530492E-07
   6.4044437E+02  -4.9760854E-07
   6.4077811E+02  -5.4947839E-07
   6.4111185E+02  -6.0080157E-07
   6.4144559E+02  -6.5146395E-07
   6.4177932E+02  -7.0134962E-07
   6.4211306E+02  -7.5034063E-07
   6.4244680E+02  -7.9831722E-07
   6.4278054E+02  -8.4515762E-07
   6.4311428E+02  -8.9073740E-07
   6.4344802E+02  -9.3493105E-07
   6.4378176E+02  -9.7761017E-07
   6.4411549E+02  -1.0186453E-06
   6.4444923E+02  -1.0579055E-06
   6.4478297E+02  -1.0952584E-06
   6.4511671E+02  -1.1305715E-06
   6.4545045E+02  -1.1637122E-06
   6.4578419E+02  -1.1945476E-06
   6.4611793E+02  -1.2229466E-06
   6.4645166E+02  -1.2487807E-06
   6.4678540E+02  -1.2719224E-06
   6.4711914E+02  -1.2922491E-06
   6.4745288E+02  -1.3096422E-06
   6.4778662E+02  -1.3239880E-06
   6.4812036E+02  -1.3351806E-06
   6.4845410E+02  -1.3431188E-06
   6.4878783E+02  -1.3477126E-06
   6.4912157E+02  -1.3488789E-06
   6.4945531E+02  -1.3465469E-06
   6.4978905E+02  -1.3406552E-06
   6.5012279E+02  -1.3311563E-06
   6.5045653E+02  -1.3180145E-06
   6.5079027E+02  -1.3012084E-06
   6.5112400E+02  -1.2807312E-06
   6.5145774E+02  -1.2565918E-06
   6.5179148E+02  -1.2288129E-06
   6.5212522E+02  -1.1974372E-06
   6.5245896E+02  -1.1625208E-06
   6.5279270E+02  -1.1241378E-06
   6.5312644E+02  -1.0823795E-06
   6.5346018E+02  -1.0373549E-06
   6.5379391E+02  -9.8918838E-07
   6.5412765E+02  -9.3802197E-07
   6.5446139E+02  -8.8401356E-07
   6.5479513E+02  -8.2733658E-07
   6.5512887E+02  -7.6817912E-07
   6.5546261E+02  -7.0674480E-07
   6.5579635E+02  -6.4324860E-07
   6.5613008E+02  -5.7791914E-07
   6.5646382E+02  -5.1099460E-07
   6.5679756E+02  -4.4272409E-07
   6.5713130E+02  -3.7336434E-07
   6.5746504E+02  -3.0317915E-07
   6.5779878E+02  -2.3243754E-07
   6.5813252E+02  -1.6141210E-07
   6.5846625E+02  -9.0377910E-08
   6.5879999E+02  -1.9610084E-08
   6.5913373E+02   5.0617288E-08
   6.5946747E+02   1.2003296E-07
   6.5980121E+02   1.8837068E-07
   6.6013495E+02   2.5536974E-07
