  -7.8094826E+01   0.0000000E+00
  -7.7761087E+01   0.0000000E+00
  -7.7427349E+01   0.0000000E+00
  -7.7093610E+01   0.0000000E+00
  -7.6759871E+01   0.0000000E+00
  -7.6426133E+01   0.0000000E+00
  -7.6092394E+01   0.0000000E+00
  -7.5758656E+01   0.0000000E+00
  -7.5424917E+01   0.0000000E+00
  -7.5091178E+01   0.0000000E+00
  -7.4757440E+01   0.0000000E+00
  -7.4423701E+01   0.0000000E+00
  -7.4089963E+01   0.0000000E+00
  -7.3756224E+01   0.0000000E+00
  -7.3422485E+01   0.0000000E+00
  -7.3088747E+01   0.0000000E+00
  -7.2755008E+01   0.0000000E+00
  -7.2421270E+01   0.0000000E+00
  -7.2087531E+01   0.0000000E+00
  -7.1753792E+01   0.0000000E+00
  -7.1420054E+01   0.0000000E+00
  -7.1086315E+01   0.0000000E+00
  -7.0752577E+01   0.0000000E+00
  -7.0418838E+01   0.0000000E+00
  -7.0085099E+01   0.0000000E+00
  -6.9751361E+01   0.0000000E+00
  -6.9417622E+01   0.0000000E+00
  -6.9083884E+01   0.0000000E+00
  -6.8750145E+01   0.0000000E+00
  -6.8416406E+01   0.0000000E+00
  -6.8082668E+01   0.0000000E+00
  -6.7748929E+01   0.0000000E+00
  -6.7415191E+01   0.0000000E+00
  -6.7081452E+01   0.0000000E+00
  -6.6747714E+01   0.0000000E+00
  -6.6413975E+01   0.0000000E+00
  -6.6080236E+01   0.0000000E+00
  -6.5746498E+01   0.0000000E+00
  -6.5412759E+01   0.0000000E+00
  -6.5079021E+01   0.0000000E+00
  -6.4745282E+01   0.0000000E+00
  -6.4411543E+01   0.0000000E+00
  -6.4077805E+01   0.0000000E+00
  -6.3744066E+01   0.0000000E+00
  -6.3410328E+01   0.0000000E+00
  -6.3076589E+01   0.0000000E+00
  -6.2742850E+01   0.0000000E+00
  -6.2409112E+01   0.0000000E+00
  -6.2075373E+01   0.0000000E+00
  -6.1741635E+01   0.0000000E+00
  -6.1407896E+01   0.0000000E+00
  -6.1074157E+01   0.0000000E+00
  -6.0740419E+01   0.0000000E+00
  -6.0406680E+01   0.0000000E+00
  -6.0072942E+01   0.0000000E+00
  -5.9739203E+01   0.0000000E+00
  -5.9405464E+01   0.0000000E+00
  -5.9071726E+01   0.0000000E+00
  -5.8737987E+01   0.0000000E+00
  -5.8404249E+01   0.0000000E+00
  -5.8070510E+01   0.0000000E+00
  -5.7736771E+01   0.0000000E+00
  -5.7403033E+01   0.0000000E+00
  -5.7069294E+01   0.0000000E+00
  -5.6735556E+01   0.0000000E+00
  -5.6401817E+01   0.0000000E+00
  -5.6068078E+01   0.0000000E+00
  -5.5734340E+01   0.0000000E+00
  -5.5400601E+01   0.0000000E+00
  -5.5066863E+01   0.0000000E+00
  -5.4733124E+01   0.0000000E+00
  -5.4399385E+01   0.0000000E+00
  -5.4065647E+01   0.0000000E+00
  -5.3731908E+01   0.0000000E+00
  -5.3398170E+01   0.0000000E+00
  -5.3064431E+01   0.0000000E+00
  -5.2730693E+01   0.0000000E+00
  -5.2396954E+01   0.0000000E+00
  -5.2063215E+01   0.0000000E+00
  -5.1729477E+01   0.0000000E+00
  -5.1395738E+01   0.0000000E+00
  -5.1062000E+01   0.0000000E+00
  -5.0728261E+01   0.0000000E+00
  -5.0394522E+01   0.0000000E+00
  -5.0060784E+01   0.0000000E+00
  -4.9727045E+01   0.0000000E+00
  -4.9393307E+01   0.0000000E+00
  -4.9059568E+01   0.0000000E+00
  -4.8725829E+01   0.0000000E+00
  -4.8392091E+01   0.0000000E+00
  -4.8058352E+01   0.0000000E+00
  -4.7724614E+01   0.0000000E+00
  -4.7390875E+01   0.0000000E+00
  -4.7057136E+01   0.0000000E+00
  -4.6723398E+01   0.0000000E+00
  -4.6389659E+01   0.0000000E+00
  -4.6055921E+01   0.0000000E+00
  -4.5722182E+01   0.0000000E+00
  -4.5388443E+01   0.0000000E+00
  -4.5054705E+01   0.0000000E+00
  -4.4720966E+01   0.0000000E+00
  -4.4387228E+01   0.0000000E+00
  -4.4053489E+01   0.0000000E+00
  -4.3719750E+01   0.0000000E+00
  -4.3386012E+01   0.0000000E+00
  -4.3052273E+01   0.0000000E+00
  -4.2718535E+01   0.0000000E+00
  -4.2384796E+01   0.0000000E+00
  -4.2051057E+01   0.0000000E+00
  -4.1717319E+01   0.0000000E+00
  -4.1383580E+01   0.0000000E+00
  -4.1049842E+01   0.0000000E+00
  -4.0716103E+01   0.0000000E+00
  -4.0382364E+01   0.0000000E+00
  -4.0048626E+01   0.0000000E+00
  -3.9714887E+01   0.0000000E+00
  -3.9381149E+01   0.0000000E+00
  -3.9047410E+01   0.0000000E+00
  -3.8713672E+01   0.0000000E+00
  -3.8379933E+01   0.0000000E+00
  -3.8046194E+01   0.0000000E+00
  -3.7712456E+01   0.0000000E+00
  -3.7378717E+01   0.0000000E+00
  -3.7044979E+01   0.0000000E+00
  -3.6711240E+01   0.0000000E+00
  -3.6377501E+01   0.0000000E+00
  -3.6043763E+01   0.0000000E+00
  -3.5710024E+01   0.0000000E+00
  -3.5376286E+01   0.0000000E+00
  -3.5042547E+01   0.0000000E+00
  -3.4708808E+01   0.0000000E+00
  -3.4375070E+01   0.0000000E+00
  -3.4041331E+01   0.0000000E+00
  -3.3707593E+01   0.0000000E+00
  -3.3373854E+01   0.0000000E+00
  -3.3040115E+01   0.0000000E+00
  -3.2706377E+01   0.0000000E+00
  -3.2372638E+01   0.0000000E+00
  -3.2038900E+01   0.0000000E+00
  -3.1705161E+01   0.0000000E+00
  -3.1371422E+01   0.0000000E+00
  -3.1037684E+01   0.0000000E+00
  -3.0703945E+01   0.0000000E+00
  -3.0370207E+01   0.0000000E+00
  -3.0036468E+01   0.0000000E+00
  -2.9702729E+01   0.0000000E+00
  -2.9368991E+01   0.0000000E+00
  -2.9035252E+01   0.0000000E+00
  -2.8701514E+01   0.0000000E+00
  -2.8367775E+01   0.0000000E+00
  -2.8034036E+01   0.0000000E+00
  -2.7700298E+01   0.0000000E+00
  -2.7366559E+01   0.0000000E+00
  -2.7032821E+01   0.0000000E+00
  -2.6699082E+01   0.0000000E+00
  -2.6365343E+01   0.0000000E+00
  -2.6031605E+01   0.0000000E+00
  -2.5697866E+01   0.0000000E+00
  -2.5364128E+01   0.0000000E+00
  -2.5030389E+01   0.0000000E+00
  -2.4696651E+01   0.0000000E+00
  -2.4362912E+01   0.0000000E+00
  -2.4029173E+01   0.0000000E+00
  -2.3695435E+01   0.0000000E+00
  -2.3361696E+01   0.0000000E+00
  -2.3027958E+01   0.0000000E+00
  -2.2694219E+01   0.0000000E+00
  -2.2360480E+01   0.0000000E+00
  -2.2026742E+01   0.0000000E+00
  -2.1693003E+01   0.0000000E+00
  -2.1359265E+01   0.0000000E+00
  -2.1025526E+01   0.0000000E+00
  -2.0691787E+01   0.0000000E+00
  -2.0358049E+01   0.0000000E+00
  -2.0024310E+01   0.0000000E+00
  -1.9690572E+01   0.0000000E+00
  -1.9356833E+01   0.0000000E+00
  -1.9023094E+01   0.0000000E+00
  -1.8689356E+01   0.0000000E+00
  -1.8355617E+01   0.0000000E+00
  -1.8021879E+01   0.0000000E+00
  -1.7688140E+01   0.0000000E+00
  -1.7354401E+01   0.0000000E+00
  -1.7020663E+01   0.0000000E+00
  -1.6686924E+01   0.0000000E+00
  -1.6353186E+01   0.0000000E+00
  -1.6019447E+01   0.0000000E+00
  -1.5685708E+01   0.0000000E+00
  -1.5351970E+01   0.0000000E+00
  -1.5018231E+01   0.0000000E+00
  -1.4684493E+01   0.0000000E+00
  -1.4350754E+01   0.0000000E+00
  -1.4017015E+01   0.0000000E+00
  -1.3683277E+01   0.0000000E+00
  -1.3349538E+01   0.0000000E+00
  -1.3015800E+01   0.0000000E+00
  -1.2682061E+01   0.0000000E+00
  -1.2348322E+01   0.0000000E+00
  -1.2014584E+01   0.0000000E+00
  -1.1680845E+01   0.0000000E+00
  -1.1347107E+01   0.0000000E+00
  -1.1013368E+01   0.0000000E+00
  -1.0679630E+01   0.0000000E+00
  -1.0345891E+01   0.0000000E+00
  -1.0012152E+01   0.0000000E+00
  -9.6784137E+00   0.0000000E+00
  -9.3446751E+00   0.0000000E+00
  -9.0109365E+00   0.0000000E+00
  -8.6771979E+00   0.0000000E+00
  -8.3434593E+00   0.0000000E+00
  -8.0097207E+00   0.0000000E+00
  -7.6759821E+00   0.0000000E+00
  -7.3422436E+00   0.0000000E+00
  -7.0085050E+00   0.0000000E+00
  -6.6747664E+00   0.0000000E+00
  -6.3410278E+00   0.0000000E+00
  -6.0072892E+00   0.0000000E+00
  -5.6735506E+00   0.0000000E+00
  -5.3398120E+00   0.0000000E+00
  -5.0060734E+00   0.0000000E+00
  -4.6723348E+00   0.0000000E+00
  -4.3385962E+00   0.0000000E+00
  -4.0048576E+00   0.0000000E+00
  -3.6711190E+00   0.0000000E+00
  -3.3373804E+00   0.0000000E+00
  -3.0036418E+00   0.0000000E+00
  -2.6699032E+00   0.0000000E+00
  -2.3361646E+00   0.0000000E+00
  -2.0024260E+00   0.0000000E+00
  -1.6686874E+00   0.0000000E+00
  -1.3349488E+00   0.0000000E+00
  -1.0012102E+00   0.0000000E+00
  -6.6747165E-01   0.0000000E+00
  -3.3373305E-01   0.0000000E+00
   5.5432320E-06   0.0000000E+00
   3.3374414E-01   0.0000000E+00
   6.6748273E-01   0.0000000E+00
   1.0012213E+00   0.0000000E+00
   1.3349599E+00   0.0000000E+00
   1.6686985E+00   0.0000000E+00
   2.0024371E+00   0.0000000E+00
   2.3361757E+00   0.0000000E+00
   2.6699143E+00   0.0000000E+00
   3.0036529E+00   0.0000000E+00
   3.3373915E+00   0.0000000E+00
   3.6711301E+00   0.0000000E+00
   4.0048687E+00   0.0000000E+00
   4.3386073E+00   0.0000000E+00
   4.6723459E+00   0.0000000E+00
   5.0060845E+00   0.0000000E+00
   5.3398231E+00   0.0000000E+00
   5.6735617E+00   0.0000000E+00
   6.0073003E+00   0.0000000E+00
   6.3410389E+00   0.0000000E+00
   6.6747774E+00   0.0000000E+00
   7.0085160E+00   0.0000000E+00
   7.3422546E+00   0.0000000E+00
   7.6759932E+00   0.0000000E+00
   8.0097318E+00   0.0000000E+00
   8.3434704E+00   0.0000000E+00
   8.6772090E+00   0.0000000E+00
   9.0109476E+00   0.0000000E+00
   9.3446862E+00   0.0000000E+00
   9.6784248E+00   0.0000000E+00
   1.0012163E+01   0.0000000E+00
   1.0345902E+01   0.0000000E+00
   1.0679641E+01   0.0000000E+00
   1.1013379E+01   0.0000000E+00
   1.1347118E+01   0.0000000E+00
   1.1680856E+01   0.0000000E+00
   1.2014595E+01   0.0000000E+00
   1.2348334E+01   0.0000000E+00
   1.2682072E+01   0.0000000E+00
   1.3015811E+01   0.0000000E+00
   1.3349549E+01   0.0000000E+00
   1.3683288E+01   0.0000000E+00
   1.4017027E+01   0.0000000E+00
   1.4350765E+01   0.0000000E+00
   1.4684504E+01   0.0000000E+00
   1.5018242E+01   0.0000000E+00
   1.5351981E+01   0.0000000E+00
   1.5685720E+01   0.0000000E+00
   1.6019458E+01   0.0000000E+00
   1.6353197E+01   0.0000000E+00
   1.6686935E+01   0.0000000E+00
   1.7020674E+01   0.0000000E+00
   1.7354412E+01   0.0000000E+00
   1.7688151E+01   0.0000000E+00
   1.8021890E+01   0.0000000E+00
   1.8355628E+01   0.0000000E+00
   1.8689367E+01   0.0000000E+00
   1.9023105E+01   0.0000000E+00
   1.9356844E+01   0.0000000E+00
   1.9690583E+01   0.0000000E+00
   2.0024321E+01   0.0000000E+00
   2.0358060E+01   0.0000000E+00
   2.0691798E+01   0.0000000E+00
   2.1025537E+01   0.0000000E+00
   2.1359276E+01   0.0000000E+00
   2.1693014E+01   0.0000000E+00
   2.2026753E+01   0.0000000E+00
   2.2360491E+01   0.0000000E+00
   2.2694230E+01   0.0000000E+00
   2.3027969E+01   0.0000000E+00
   2.3361707E+01   0.0000000E+00
   2.3695446E+01   0.0000000E+00
   2.4029184E+01   0.0000000E+00
   2.4362923E+01   0.0000000E+00
   2.4696662E+01   0.0000000E+00
   2.5030400E+01   0.0000000E+00
   2.5364139E+01   0.0000000E+00
   2.5697877E+01   0.0000000E+00
   2.6031616E+01   0.0000000E+00
   2.6365355E+01   0.0000000E+00
   2.6699093E+01   0.0000000E+00
   2.7032832E+01   0.0000000E+00
   2.7366570E+01   0.0000000E+00
   2.7700309E+01   0.0000000E+00
   2.8034048E+01   0.0000000E+00
   2.8367786E+01   0.0000000E+00
   2.8701525E+01   0.0000000E+00
   2.9035263E+01   0.0000000E+00
   2.9369002E+01   0.0000000E+00
   2.9702741E+01   0.0000000E+00
   3.0036479E+01   0.0000000E+00
   3.0370218E+01   0.0000000E+00
   3.0703956E+01   0.0000000E+00
   3.1037695E+01   0.0000000E+00
   3.1371433E+01   0.0000000E+00
   3.1705172E+01   0.0000000E+00
   3.2038911E+01   0.0000000E+00
   3.2372649E+01   0.0000000E+00
   3.2706388E+01   0.0000000E+00
   3.3040126E+01   0.0000000E+00
   3.3373865E+01   0.0000000E+00
   3.3707604E+01   0.0000000E+00
   3.4041342E+01   0.0000000E+00
   3.4375081E+01   0.0000000E+00
   3.4708819E+01   0.0000000E+00
   3.5042558E+01   0.0000000E+00
   3.5376297E+01   0.0000000E+00
   3.5710035E+01   0.0000000E+00
   3.6043774E+01   0.0000000E+00
   3.6377512E+01   0.0000000E+00
   3.6711251E+01   0.0000000E+00
   3.7044990E+01   0.0000000E+00
   3.7378728E+01   0.0000000E+00
   3.7712467E+01   0.0000000E+00
   3.8046205E+01   0.0000000E+00
   3.8379944E+01   0.0000000E+00
   3.8713683E+01   0.0000000E+00
   3.9047421E+01   0.0000000E+00
   3.9381160E+01   0.0000000E+00
   3.9714898E+01   0.0000000E+00
   4.0048637E+01   0.0000000E+00
   4.0382376E+01   0.0000000E+00
   4.0716114E+01   0.0000000E+00
   4.1049853E+01   0.0000000E+00
   4.1383591E+01   0.0000000E+00
   4.1717330E+01   0.0000000E+00
   4.2051069E+01   0.0000000E+00
   4.2384807E+01   0.0000000E+00
   4.2718546E+01   0.0000000E+00
   4.3052284E+01   0.0000000E+00
   4.3386023E+01   0.0000000E+00
   4.3719762E+01   0.0000000E+00
   4.4053500E+01   0.0000000E+00
   4.4387239E+01   0.0000000E+00
   4.4720977E+01   0.0000000E+00
   4.5054716E+01   0.0000000E+00
   4.5388454E+01   0.0000000E+00
   4.5722193E+01   0.0000000E+00
   4.6055932E+01   0.0000000E+00
   4.6389670E+01   0.0000000E+00
   4.6723409E+01   0.0000000E+00
   4.7057147E+01   0.0000000E+00
   4.7390886E+01   0.0000000E+00
   4.7724625E+01   0.0000000E+00
   4.8058363E+01   0.0000000E+00
   4.8392102E+01   0.0000000E+00
   4.8725840E+01   0.0000000E+00
   4.9059579E+01   0.0000000E+00
   4.9393318E+01   0.0000000E+00
   4.9727056E+01   0.0000000E+00
   5.0060795E+01   0.0000000E+00
   5.0394533E+01   0.0000000E+00
   5.0728272E+01   0.0000000E+00
   5.1062011E+01   0.0000000E+00
   5.1395749E+01   0.0000000E+00
   5.1729488E+01   0.0000000E+00
   5.2063226E+01   0.0000000E+00
   5.2396965E+01   0.0000000E+00
   5.2730704E+01   0.0000000E+00
   5.3064442E+01   0.0000000E+00
   5.3398181E+01   0.0000000E+00
   5.3731919E+01   0.0000000E+00
   5.4065658E+01   0.0000000E+00
   5.4399397E+01   0.0000000E+00
   5.4733135E+01   0.0000000E+00
   5.5066874E+01   0.0000000E+00
   5.5400612E+01   0.0000000E+00
   5.5734351E+01   0.0000000E+00
   5.6068090E+01   0.0000000E+00
   5.6401828E+01   0.0000000E+00
   5.6735567E+01   0.0000000E+00
   5.7069305E+01   0.0000000E+00
   5.7403044E+01   0.0000000E+00
   5.7736783E+01   0.0000000E+00
   5.8070521E+01   0.0000000E+00
   5.8404260E+01   0.0000000E+00
   5.8737998E+01   0.0000000E+00
   5.9071737E+01   0.0000000E+00
   5.9405475E+01   0.0000000E+00
   5.9739214E+01   0.0000000E+00
   6.0072953E+01   0.0000000E+00
   6.0406691E+01   0.0000000E+00
   6.0740430E+01   0.0000000E+00
   6.1074168E+01   0.0000000E+00
   6.1407907E+01   0.0000000E+00
   6.1741646E+01   0.0000000E+00
   6.2075384E+01   0.0000000E+00
   6.2409123E+01   0.0000000E+00
   6.2742861E+01   0.0000000E+00
   6.3076600E+01   0.0000000E+00
   6.3410339E+01   0.0000000E+00
   6.3744077E+01   0.0000000E+00
   6.4077816E+01   0.0000000E+00
   6.4411554E+01   0.0000000E+00
   6.4745293E+01   0.0000000E+00
   6.5079032E+01   0.0000000E+00
   6.5412770E+01   0.0000000E+00
   6.5746509E+01   0.0000000E+00
   6.6080247E+01   0.0000000E+00
   6.6413986E+01   0.0000000E+00
   6.6747725E+01   0.0000000E+00
   6.7081463E+01   0.0000000E+00
   6.7415202E+01   0.0000000E+00
   6.7748940E+01   0.0000000E+00
   6.8082679E+01   0.0000000E+00
   6.8416418E+01   0.0000000E+00
   6.8750156E+01   0.0000000E+00
   6.9083895E+01   0.0000000E+00
   6.9417633E+01   0.0000000E+00
   6.9751372E+01   0.0000000E+00
   7.0085111E+01   0.0000000E+00
   7.0418849E+01   0.0000000E+00
   7.0752588E+01   0.0000000E+00
   7.1086326E+01   0.0000000E+00
   7.1420065E+01   0.0000000E+00
   7.1753804E+01   0.0000000E+00
   7.2087542E+01   0.0000000E+00
   7.2421281E+01   0.0000000E+00
   7.2755019E+01   0.0000000E+00
   7.3088758E+01   0.0000000E+00
   7.3422496E+01   0.0000000E+00
   7.3756235E+01   0.0000000E+00
   7.4089974E+01   0.0000000E+00
   7.4423712E+01   0.0000000E+00
   7.4757451E+01   0.0000000E+00
   7.5091189E+01   0.0000000E+00
   7.5424928E+01   0.0000000E+00
   7.5758667E+01   0.0000000E+00
   7.6092405E+01   0.0000000E+00
   7.6426144E+01   0.0000000E+00
   7.6759882E+01   0.0000000E+00
   7.7093621E+01   0.0000000E+00
   7.7427360E+01   0.0000000E+00
   7.7761098E+01   0.0000000E+00
   7.8094837E+01   0.0000000E+00
   7.8428575E+01   0.0000000E+00
   7.8762314E+01   0.0000000E+00
   7.9096053E+01   0.0000000E+00
   7.9429791E+01   0.0000000E+00
   7.9763530E+01   0.0000000E+00
   8.0097268E+01   0.0000000E+00
   8.0431007E+01   0.0000000E+00
   8.0764746E+01   0.0000000E+00
   8.1098484E+01   0.0000000E+00
   8.1432223E+01   0.0000000E+00
   8.1765961E+01   0.0000000E+00
   8.2099700E+01   0.0000000E+00
   8.2433439E+01   0.0000000E+00
   8.2767177E+01   0.0000000E+00
   8.3100916E+01   0.0000000E+00
   8.3434654E+01   0.0000000E+00
   8.3768393E+01   0.0000000E+00
   8.4102132E+01   0.0000000E+00
   8.4435870E+01   0.0000000E+00
   8.4769609E+01   0.0000000E+00
   8.5103347E+01   0.0000000E+00
   8.5437086E+01   0.0000000E+00
   8.5770825E+01   0.0000000E+00
   8.6104563E+01   0.0000000E+00
   8.6438302E+01   0.0000000E+00
   8.6772040E+01   0.0000000E+00
   8.7105779E+01   0.0000000E+00
   8.7439517E+01   0.0000000E+00
   8.7773256E+01   0.0000000E+00
   8.8106995E+01   0.0000000E+00
   8.8440733E+01   0.0000000E+00
   8.8774472E+01   0.0000000E+00
   8.9108210E+01   0.0000000E+00
   8.9441949E+01   0.0000000E+00
   8.9775688E+01   0.0000000E+00
   9.0109426E+01   0.0000000E+00
   9.0443165E+01   0.0000000E+00
   9.0776903E+01   0.0000000E+00
   9.1110642E+01   0.0000000E+00
   9.1444381E+01   0.0000000E+00
   9.1778119E+01   0.0000000E+00
   9.2111858E+01   0.0000000E+00
   9.2445596E+01   0.0000000E+00
   9.2779335E+01   0.0000000E+00
   9.3113074E+01   0.0000000E+00
   9.3446812E+01   0.0000000E+00
   9.3780551E+01   0.0000000E+00
   9.4114289E+01   0.0000000E+00
   9.4448028E+01   0.0000000E+00
   9.4781767E+01   0.0000000E+00
   9.5115505E+01   0.0000000E+00
   9.5449244E+01   0.0000000E+00
   9.5782982E+01   0.0000000E+00
   9.6116721E+01   0.0000000E+00
   9.6450460E+01   0.0000000E+00
   9.6784198E+01   0.0000000E+00
   9.7117937E+01   0.0000000E+00
   9.7451675E+01   0.0000000E+00
   9.7785414E+01   0.0000000E+00
   9.8119153E+01   0.0000000E+00
   9.8452891E+01   0.0000000E+00
   9.8786630E+01   0.0000000E+00
   9.9120368E+01   0.0000000E+00
   9.9454107E+01   0.0000000E+00
   9.9787846E+01   0.0000000E+00
   1.0012158E+02   0.0000000E+00
   1.0045532E+02   0.0000000E+00
   1.0078906E+02   0.0000000E+00
   1.0112280E+02   0.0000000E+00
   1.0145654E+02   0.0000000E+00
   1.0179028E+02   0.0000000E+00
   1.0212402E+02   0.0000000E+00
   1.0245775E+02   0.0000000E+00
   1.0279149E+02   0.0000000E+00
   1.0312523E+02   0.0000000E+00
   1.0345897E+02   0.0000000E+00
   1.0379271E+02   0.0000000E+00
   1.0412645E+02   0.0000000E+00
   1.0446019E+02   0.0000000E+00
   1.0479392E+02   0.0000000E+00
   1.0512766E+02   0.0000000E+00
   1.0546140E+02   0.0000000E+00
   1.0579514E+02   0.0000000E+00
   1.0612888E+02   0.0000000E+00
   1.0646262E+02   0.0000000E+00
   1.0679636E+02   0.0000000E+00
   1.0713009E+02   0.0000000E+00
   1.0746383E+02   0.0000000E+00
   1.0779757E+02   0.0000000E+00
   1.0813131E+02   0.0000000E+00
   1.0846505E+02   0.0000000E+00
   1.0879879E+02   0.0000000E+00
   1.0913253E+02   0.0000000E+00
   1.0946626E+02   0.0000000E+00
   1.0980000E+02   0.0000000E+00
   1.1013374E+02   0.0000000E+00
   1.1046748E+02   0.0000000E+00
   1.1080122E+02   0.0000000E+00
   1.1113496E+02   0.0000000E+00
   1.1146870E+02   0.0000000E+00
   1.1180243E+02   0.0000000E+00
   1.1213617E+02   0.0000000E+00
   1.1246991E+02   0.0000000E+00
   1.1280365E+02   0.0000000E+00
   1.1313739E+02   0.0000000E+00
   1.1347113E+02   0.0000000E+00
   1.1380487E+02   0.0000000E+00
   1.1413861E+02   0.0000000E+00
   1.1447234E+02   0.0000000E+00
   1.1480608E+02   0.0000000E+00
   1.1513982E+02   0.0000000E+00
   1.1547356E+02   0.0000000E+00
   1.1580730E+02   0.0000000E+00
   1.1614104E+02   0.0000000E+00
   1.1647478E+02   0.0000000E+00
   1.1680851E+02   0.0000000E+00
   1.1714225E+02   0.0000000E+00
   1.1747599E+02   0.0000000E+00
   1.1780973E+02   0.0000000E+00
   1.1814347E+02   0.0000000E+00
   1.1847721E+02   0.0000000E+00
   1.1881095E+02   0.0000000E+00
   1.1914468E+02   0.0000000E+00
   1.1947842E+02   0.0000000E+00
   1.1981216E+02   0.0000000E+00
   1.2014590E+02   0.0000000E+00
   1.2047964E+02   0.0000000E+00
   1.2081338E+02   0.0000000E+00
   1.2114712E+02   0.0000000E+00
   1.2148085E+02   0.0000000E+00
   1.2181459E+02   0.0000000E+00
   1.2214833E+02   0.0000000E+00
   1.2248207E+02   0.0000000E+00
   1.2281581E+02   0.0000000E+00
   1.2314955E+02   0.0000000E+00
   1.2348329E+02   0.0000000E+00
   1.2381702E+02   0.0000000E+00
   1.2415076E+02   0.0000000E+00
   1.2448450E+02   0.0000000E+00
   1.2481824E+02   0.0000000E+00
   1.2515198E+02   0.0000000E+00
   1.2548572E+02   0.0000000E+00
   1.2581946E+02   0.0000000E+00
   1.2615319E+02   0.0000000E+00
   1.2648693E+02   0.0000000E+00
   1.2682067E+02   0.0000000E+00
   1.2715441E+02   0.0000000E+00
   1.2748815E+02   0.0000000E+00
   1.2782189E+02   0.0000000E+00
   1.2815563E+02   0.0000000E+00
   1.2848936E+02   0.0000000E+00
   1.2882310E+02   0.0000000E+00
   1.2915684E+02   0.0000000E+00
   1.2949058E+02   0.0000000E+00
   1.2982432E+02   0.0000000E+00
   1.3015806E+02   0.0000000E+00
   1.3049180E+02   0.0000000E+00
   1.3082553E+02   0.0000000E+00
   1.3115927E+02   0.0000000E+00
   1.3149301E+02   0.0000000E+00
   1.3182675E+02   0.0000000E+00
   1.3216049E+02   0.0000000E+00
   1.3249423E+02   0.0000000E+00
   1.3282797E+02   0.0000000E+00
   1.3316171E+02   0.0000000E+00
   1.3349544E+02   0.0000000E+00
   1.3382918E+02   0.0000000E+00
   1.3416292E+02   0.0000000E+00
   1.3449666E+02   0.0000000E+00
   1.3483040E+02   0.0000000E+00
   1.3516414E+02   0.0000000E+00
   1.3549788E+02   0.0000000E+00
   1.3583161E+02   0.0000000E+00
   1.3616535E+02   0.0000000E+00
   1.3649909E+02   0.0000000E+00
   1.3683283E+02   0.0000000E+00
   1.3716657E+02   0.0000000E+00
   1.3750031E+02   0.0000000E+00
   1.3783405E+02   0.0000000E+00
   1.3816778E+02   0.0000000E+00
   1.3850152E+02   0.0000000E+00
   1.3883526E+02   0.0000000E+00
   1.3916900E+02   0.0000000E+00
   1.3950274E+02   0.0000000E+00
   1.3983648E+02   0.0000000E+00
   1.4017022E+02   0.0000000E+00
   1.4050395E+02   0.0000000E+00
   1.4083769E+02   0.0000000E+00
   1.4117143E+02   0.0000000E+00
   1.4150517E+02   0.0000000E+00
   1.4183891E+02   0.0000000E+00
   1.4217265E+02   0.0000000E+00
   1.4250639E+02   0.0000000E+00
   1.4284012E+02   0.0000000E+00
   1.4317386E+02   0.0000000E+00
   1.4350760E+02   0.0000000E+00
   1.4384134E+02   0.0000000E+00
   1.4417508E+02   0.0000000E+00
   1.4450882E+02   0.0000000E+00
   1.4484256E+02  -1.4012985E-45
   1.4517629E+02  -4.2038954E-45
   1.4551003E+02  -4.2038954E-45
   1.4584377E+02  -5.6051939E-45
   1.4617751E+02  -5.6051939E-45
   1.4651125E+02  -7.0064923E-45
   1.4684499E+02  -7.0064923E-45
   1.4717873E+02  -2.8025969E-45
   1.4751246E+02   4.2038954E-45
   1.4784620E+02   7.0064923E-45
   1.4817994E+02   1.4012985E-44
   1.4851368E+02   1.9618179E-44
   1.4884742E+02   2.6624671E-44
   1.4918116E+02   3.0828566E-44
   1.4951490E+02   2.9427268E-44
   1.4984863E+02   2.2420775E-44
   1.5018237E+02   1.1210388E-44
   1.5051611E+02  -4.2038954E-45
   1.5084985E+02  -2.1019477E-44
   1.5118359E+02  -3.9236357E-44
   1.5151733E+02  -5.7453237E-44
   1.5185107E+02  -7.0064923E-44
   1.5218480E+02  -7.2867520E-44
   1.5251854E+02  -6.7262326E-44
   1.5285228E+02  -5.0446745E-44
   1.5318602E+02  -2.2420775E-44
   1.5351976E+02   8.4077908E-45
   1.5385350E+02   5.6051939E-44
   1.5418724E+02   9.6689594E-44
   1.5452098E+02   1.3032076E-43
   1.5485471E+02   1.5834673E-43
   1.5518845E+02   1.6535322E-43
   1.5552219E+02   1.4713634E-43
   1.5585593E+02   1.0509738E-43
   1.5618967E+02   3.7835059E-44
   1.5652341E+02  -4.4841551E-44
   1.5685715E+02  -1.3592595E-43
   1.5719088E+02  -2.2280646E-43
   1.5752462E+02  -2.9147008E-43
   1.5785836E+02  -3.2369995E-43
   1.5819210E+02  -3.0688436E-43
   1.5852584E+02  -2.3962204E-43
   1.5885958E+02  -1.2051167E-43
   1.5919332E+02   4.6242849E-44
   1.5952705E+02   2.4102334E-43
   1.5986079E+02   4.4000772E-43
   1.6019453E+02   6.0536094E-43
   1.6052827E+02   7.1326092E-43
   1.6086201E+02   7.3287910E-43
   1.6119575E+02   6.3899210E-43
   1.6152949E+02   4.3019863E-43
   1.6186322E+02   1.0930128E-43
   1.6219696E+02  -2.9707527E-43
   1.6253070E+02  -7.3568169E-43
   1.6286444E+02  -1.1462621E-42
   1.6319818E+02  -1.4685608E-42
   1.6353192E+02  -1.6227036E-42
   1.6386566E+02  -1.5568426E-42
   1.6419939E+02  -1.2471556E-42
   1.6453313E+02  -6.7822846E-43
   1.6486687E+02   1.0509738E-43
   1.6520061E+02   1.0187440E-42
   1.6553435E+02   1.9506075E-42
   1.6586809E+02   2.7591567E-42
   1.6620183E+02   3.2986566E-42
   1.6653556E+02   3.4261747E-42
   1.6686930E+02   3.0520281E-42
   1.6720304E+02   2.1299737E-42
   1.6753678E+02   6.9924793E-43
   1.6787052E+02  -1.1168349E-42
   1.6820426E+02  -3.1136852E-42
   1.6853800E+02  -5.0236550E-42
   1.6887173E+02  -6.5356560E-42
   1.6920547E+02  -7.3484091E-42
   1.6953921E+02  -7.2040754E-42
   1.6987295E+02  -5.9471107E-42
   1.7020669E+02  -3.5691072E-42
   1.7054043E+02  -2.1159607E-43
   1.7087417E+02   3.7877097E-42
   1.7120790E+02   7.9439610E-42
   1.7154164E+02   1.1660205E-41
   1.7187538E+02   1.4290442E-41
   1.7220912E+02   1.5240522E-41
   1.7254286E+02   1.4063431E-41
   1.7287660E+02   1.0543370E-41
   1.7321034E+02   4.7994472E-42
   1.7354408E+02  -2.7171177E-42
   1.7387781E+02  -1.1193572E-41
   1.7421155E+02  -1.9534101E-41
   1.7454529E+02  -2.6467725E-41
   1.7487903E+02  -3.0705252E-41
   1.7521277E+02  -3.1136852E-41
   1.7554651E+02  -2.7026843E-41
   1.7588025E+02  -1.8180446E-41
   1.7621398E+02  -5.0909173E-42
   1.7654772E+02   1.1046436E-41
   1.7688146E+02   2.8367886E-41
   1.7721520E+02   4.4512246E-41
   1.7754894E+02   5.6882909E-41
   1.7788268E+02   6.2992570E-41
   1.7821642E+02   6.0855590E-41
   1.7855015E+02   4.9363541E-41
   1.7888389E+02   2.8603304E-41
   1.7921763E+02   3.5032462E-44
   1.7955137E+02  -3.3464409E-41
   1.7988511E+02  -6.7811635E-41
   1.8021885E+02  -9.8109109E-41
   1.8055259E+02  -1.1921827E-40
   1.8088632E+02  -1.2647840E-40
   1.8122006E+02  -1.1647873E-40
   1.8155380E+02  -8.7767527E-41
   1.8188754E+02  -4.1374738E-41
   1.8222128E+02   1.8892306E-41
   1.8255502E+02   8.6577824E-41
   1.8288876E+02   1.5306243E-40
   1.8322249E+02   2.0845155E-40
   1.8355623E+02   2.4282541E-40
   1.8388997E+02   2.4767670E-40
   1.8422371E+02   2.1736802E-40
   1.8455745E+02   1.5043359E-40
   1.8489119E+02   5.0477573E-41
   1.8522493E+02  -7.3495302E-41
   1.8555866E+02  -2.0753651E-40
   1.8589240E+02  -3.3393083E-40
   1.8622614E+02  -4.3313575E-40
   1.8655988E+02  -4.8631923E-40
   1.8689362E+02  -4.7819310E-40
   1.8722736E+02  -3.9978345E-40
   1.8756110E+02  -2.5076656E-40
   1.8789483E+02  -4.0927724E-41
   1.8822857E+02   2.0959501E-40
   1.8856231E+02   4.7150891E-40
   1.8889605E+02   7.0906683E-40
   1.8922979E+02   8.8415347E-40
   1.8956353E+02   9.6134259E-40
   1.8989727E+02   9.1341398E-40
   1.9023100E+02   7.2658306E-40
   1.9056474E+02   4.0466697E-40
   1.9089848E+02  -2.8580883E-41
   1.9123222E+02  -5.2959273E-40
   1.9156596E+02  -1.0379810E-39
   1.9189970E+02  -1.4823412E-39
   1.9223344E+02  -1.7886720E-39
   1.9256718E+02  -1.8904077E-39
   1.9290091E+02  -1.7391796E-39
   1.9323465E+02  -1.3146240E-39
   1.9356839E+02  -6.3190013E-40
   1.9390213E+02   2.5460472E-40
   1.9423587E+02   1.2525422E-39
   1.9456961E+02   2.2384202E-39
   1.9490335E+02   3.0699843E-39
   1.9523708E+02   3.6032638E-39
   1.9557082E+02   3.7126828E-39
   1.9590456E+02   3.3119171E-39
   1.9623830E+02   2.3726267E-39
   1.9657204E+02   9.3814130E-40
   1.9690578E+02  -8.7075005E-40
   1.9723952E+02  -2.8599269E-39
   1.9757325E+02  -4.7771680E-39
   1.9790699E+02  -6.3381094E-39
   1.9824073E+02  -7.2610760E-39
   1.9857447E+02  -7.3073987E-39
   1.9890821E+02  -6.3224681E-39
   1.9924195E+02  -4.2717449E-39
   1.9957569E+02  -1.2659793E-39
   1.9990942E+02   2.4298698E-39
   2.0024316E+02   6.4080370E-39
   2.0057690E+02   1.0151408E-38
   2.0091064E+02   1.3088203E-38
   2.0124438E+02   1.4663651E-38
   2.0157812E+02   1.4421560E-38
   2.0191186E+02   1.2085817E-38
   2.0224559E+02   7.6304121E-39
   2.0257933E+02   1.3259731E-39
   2.0291307E+02  -6.2476794E-39
   2.0324681E+02  -1.4230737E-38
   2.0358055E+02  -2.1557326E-38
   2.0391429E+02  -2.7071478E-38
   2.0424803E+02  -2.9675931E-38
   2.0458176E+02  -2.8498347E-38
   2.0491550E+02  -2.3054378E-38
   2.0524924E+02  -1.3383771E-38
   2.0558298E+02  -1.3553499E-40
   2.0591672E+02   1.5418881E-38
   2.0625046E+02   3.1458842E-38
   2.0658420E+02   4.5778829E-38
   2.0691793E+02   5.6036373E-38
   2.0725167E+02   6.0062690E-38
   2.0758541E+02   5.6202741E-38
   2.0791915E+02   4.3641243E-38
   2.0825289E+02   2.2665435E-38
   2.0858663E+02  -5.1839103E-39
   2.0892037E+02  -3.7114662E-38
   2.0925410E+02  -6.9265107E-38
   2.0958784E+02  -9.7070859E-38
   2.0992158E+02  -1.1579646E-37
   2.1025532E+02  -1.2118463E-37
   2.1058906E+02  -1.1015024E-37
   2.1092280E+02  -8.1427156E-38
   2.1125654E+02  -3.6066603E-38
   2.1159027E+02   2.2310362E-38
   2.1192401E+02   8.7585958E-38
   2.1225775E+02   1.5159067E-37
   2.1259149E+02   2.0492113E-37
   2.1292523E+02   2.3807778E-37
   2.1325897E+02   2.4281455E-37
   2.1359271E+02   2.1354266E-37
   2.1392645E+02   1.4859515E-37
   2.1426018E+02   5.1146026E-38
   2.1459392E+02  -7.0409659E-38
   2.1492766E+02  -2.0276231E-37
   2.1526140E+02  -3.2875650E-37
   2.1559514E+02  -4.2919920E-37
   2.1592888E+02  -4.8527383E-37
   2.1626262E+02  -4.8131652E-37
   2.1659635E+02  -4.0761508E-37
   2.1693009E+02  -2.6282980E-37
   2.1726383E+02  -5.5621751E-38
   2.1759757E+02   1.9488470E-37
   2.1793131E+02   4.6007072E-37
   2.1826505E+02   7.0432826E-37
   2.1859879E+02   8.8900312E-37
   2.1893252E+02   9.7744895E-37
   2.1926626E+02   9.4065197E-37
   2.1960000E+02   7.6270779E-37
   2.1993374E+02   4.4533458E-37
   2.2026748E+02   1.0603704E-38
   2.2060122E+02  -4.9880652E-37
   2.2093496E+02  -1.0222905E-36
   2.2126869E+02  -1.4870344E-36
   2.2160243E+02  -1.8164611E-36
   2.2193617E+02  -1.9406329E-36
   2.2226991E+02  -1.8074381E-36
   2.2260365E+02  -1.3930771E-36
   2.2293739E+02  -7.1020900E-37
   2.2327113E+02   1.8780471E-37
   2.2360486E+02   1.2078248E-36
   2.2393860E+02   2.2237469E-36
   2.2427234E+02   3.0892019E-36
   2.2460608E+02   3.6552694E-36
   2.2493982E+02   3.7914894E-36
   2.2527356E+02   3.4076637E-36
   2.2560730E+02   2.4734395E-36
   2.2594103E+02   1.0324845E-36
   2.2627477E+02  -7.9168287E-37
   2.2660851E+02  -2.8004092E-36
   2.2694225E+02  -4.7362037E-36
   2.2727599E+02  -6.3101576E-36
   2.2760973E+02  -7.2383282E-36
   2.2794347E+02  -7.2833132E-36
   2.2827720E+02  -6.2958370E-36
   2.2861094E+02  -4.2503964E-36
   2.2894468E+02  -1.2688487E-36
   2.2927842E+02   2.3733720E-36
   2.2961216E+02   6.2620960E-36
   2.2994590E+02   9.8815546E-36
   2.3027964E+02   1.2672023E-35
   2.3061337E+02   1.4102948E-35
   2.3094711E+02   1.3753545E-35
   2.3128085E+02   1.1390446E-35
   2.3161459E+02   7.0307842E-36
   2.3194833E+02   9.7940584E-37
   2.3228207E+02  -6.1692733E-36
   2.3261581E+02  -1.3570527E-35
   2.3294955E+02  -2.0210582E-35
   2.3328328E+02  -2.5024794E-35
   2.3361702E+02  -2.7041610E-35
   2.3395076E+02  -2.5535698E-35
   2.3428450E+02  -2.0169842E-35
   2.3461824E+02  -1.1103496E-35
   2.3495198E+02   9.5266843E-37
   2.3528572E+02   1.4752339E-35
   2.3561945E+02   2.8607965E-35
   2.3595319E+02   4.0562571E-35
   2.3628693E+02   4.8626465E-35
   2.3662067E+02   5.1055083E-35
   2.3695441E+02   4.6634584E-35
   2.3728815E+02   3.4935813E-35
   2.3762189E+02   1.6495599E-35
   2.3795562E+02  -7.1114854E-36
   2.3828936E+02  -3.3337849E-35
   2.3862310E+02  -5.8875536E-35
   2.3895684E+02  -8.0009082E-35
   2.3929058E+02  -9.3079925E-35
   2.3962432E+02  -9.5012809E-35
   2.3995806E+02  -8.3839644E-35
   2.4029179E+02  -5.9145377E-35
   2.4062553E+02  -2.2361641E-35
   2.4095927E+02   2.3156721E-35
   2.4129301E+02   7.2315408E-35
   2.4162675E+02   1.1873788E-34
   2.4196049E+02   1.5547201E-34
   2.4229423E+02   1.7588417E-34
   2.4262796E+02   1.7464168E-34
   2.4296170E+02   1.4865898E-34
   2.4329544E+02   9.7868273E-35
   2.4362918E+02   2.5679951E-35
   2.4396292E+02  -6.0977518E-35
   2.4429666E+02  -1.5210678E-34
   2.4463040E+02  -2.3558858E-34
   2.4496413E+02  -2.9856716E-34
   2.4529787E+02  -3.2914384E-34
   2.4563161E+02  -3.1818736E-34
   2.4596535E+02  -2.6102343E-34
   2.4629909E+02  -1.5874954E-34
   2.4663283E+02  -1.8936009E-35
   2.4696657E+02   1.4447479E-34
   2.4730030E+02   3.1217434E-34
   2.4763404E+02   4.6139067E-34
   2.4796778E+02   5.6855346E-34
   2.4830152E+02   6.1246052E-34
   2.4863526E+02   5.7757906E-34
   2.4896900E+02   4.5703987E-34
   2.4930274E+02   2.5486531E-34
   2.4963647E+02  -1.2990062E-35
   2.4997021E+02  -3.1910305E-34
   2.5030395E+02  -6.2670196E-34
   2.5063769E+02  -8.9338976E-34
   2.5097143E+02  -1.0761858E-33
   2.5130517E+02  -1.1373796E-33
   2.5163891E+02  -1.0505044E-33
   2.5197264E+02  -8.0562652E-34
   2.5230638E+02  -4.1311817E-34
   2.5264012E+02   9.4815856E-35
   2.5297386E+02   6.6539381E-34
   2.5330760E+02   1.2295171E-33
   2.5364134E+02   1.7088801E-33
   2.5397508E+02   2.0253606E-33
   2.5430882E+02   2.1117286E-33
   2.5464255E+02   1.9223994E-33
   2.5497629E+02   1.4427669E-33
   2.5531003E+02   6.9564576E-34
   2.5564377E+02  -2.5646536E-34
   2.5597751E+02  -1.3141925E-33
   2.5631125E+02  -2.3495002E-33
   2.5664499E+02  -3.2189524E-33
   2.5697872E+02  -3.7809317E-33
   2.5731246E+02  -3.9150332E-33
   2.5764620E+02  -3.5413251E-33
   2.5797994E+02  -2.6368458E-33
   2.5831368E+02  -1.2467345E-33
   2.5864742E+02   5.1224389E-34
   2.5898116E+02   2.4573079E-33
   2.5931489E+02   4.3549087E-33
   2.5964863E+02   5.9448889E-33
   2.5998237E+02   6.9715514E-33
   2.6031611E+02   7.2184037E-33
   2.6064985E+02   6.5424577E-33
   2.6098359E+02   4.9034215E-33
   2.6131733E+02   2.3832276E-33
   2.6165106E+02  -8.0804492E-34
   2.6198480E+02  -4.3424473E-33
   2.6231854E+02  -7.8014717E-33
   2.6265228E+02  -1.0719051E-32
   2.6298602E+02  -1.2636635E-32
   2.6331976E+02  -1.3164679E-32
   2.6365350E+02  -1.2043279E-32
   2.6398723E+02  -9.1937911E-33
   2.6432097E+02  -4.7534644E-33
   2.6465471E+02   9.1369964E-34
   2.6498845E+02   7.2344676E-33
   2.6532219E+02   1.3473621E-32
   2.6565593E+02   1.8808671E-32
   2.6598967E+02   2.2425734E-32
   2.6632340E+02   2.3626858E-32
   2.6665714E+02   2.1936076E-32
   2.6699088E+02   1.7190309E-32
   2.6732462E+02   9.6011961E-33
   2.6765836E+02  -2.2392506E-34
   2.6799210E+02  -1.1309800E-32
   2.6832584E+02  -2.2392403E-32
   2.6865957E+02  -3.2045625E-32
   2.6899331E+02  -3.8845075E-32
   2.6932705E+02  -4.1552309E-32
   2.6966079E+02  -3.9298137E-32
   2.6999453E+02  -3.1741183E-32
   2.7032827E+02  -1.9177982E-32
   2.7066201E+02  -2.5843772E-33
   2.7099574E+02   1.6425598E-32
   2.7132948E+02   3.5728166E-32
   2.7166322E+02   5.2899791E-32
   2.7199696E+02   6.5491281E-32
   2.7233070E+02   7.1338707E-32
   2.7266444E+02   6.8875235E-32
   2.7299818E+02   5.7404044E-32
   2.7333192E+02   3.7291994E-32
   2.7366565E+02   1.0050346E-32
   2.7399939E+02  -2.1722026E-32
   2.7433313E+02  -5.4541457E-32
   2.7466687E+02  -8.4379747E-32
   2.7500061E+02  -1.0711424E-31
   2.7533435E+02  -1.1904252E-31
   2.7566809E+02  -1.1740358E-31
   2.7600182E+02  -1.0083856E-31
   2.7633556E+02  -6.9725535E-32
   2.7666930E+02  -2.6330474E-32
   2.7700304E+02   2.5266267E-32
   2.7733678E+02   7.9483772E-32
   2.7767052E+02   1.2978229E-31
   2.7800426E+02   1.6938831E-31
   2.7833799E+02   1.9213180E-31
   2.7867173E+02   1.9329921E-31
   2.7900547E+02   1.7039557E-31
   2.7933921E+02   1.2370667E-31
   2.7967295E+02   5.6567315E-32
   2.8000669E+02  -2.4731978E-32
   2.8034043E+02  -1.1142745E-31
   2.8067416E+02  -1.9313478E-31
   2.8100790E+02  -2.5900255E-31
   2.8134164E+02  -2.9905112E-31
   2.8167538E+02  -3.0554357E-31
   2.8200912E+02  -2.7421627E-31
   2.8234286E+02  -2.0519349E-31
   2.8267660E+02  -1.0343456E-31
   2.8301033E+02   2.1395760E-32
   2.8334407E+02   1.5567902E-31
   2.8367781E+02   2.8318665E-31
   2.8401155E+02   3.8690423E-31
   2.8434529E+02   4.5115182E-31
   2.8467903E+02   4.6375594E-31
   2.8501277E+02   4.1799498E-31
   2.8534650E+02   3.1404145E-31
   2.8568024E+02   1.5965668E-31
   2.8601398E+02  -3.0031541E-32
   2.8634772E+02  -2.3374014E-31
   2.8668146E+02  -4.2617670E-31
   2.8701520E+02  -5.8094059E-31
   2.8734894E+02  -6.7388068E-31
   2.8768267E+02  -6.8651550E-31
   2.8801641E+02  -6.0907393E-31
   2.8835015E+02  -4.4271520E-31
   2.8868389E+02  -2.0054183E-31
   2.8901763E+02   9.2855332E-32
   2.8935137E+02   4.0342477E-31
   2.8968511E+02   6.9115908E-31
   2.9001884E+02   9.1477553E-31
   2.9035258E+02   1.0370842E-30
   2.9068632E+02   1.0304094E-30
   2.9102006E+02   8.8135078E-31
   2.9135380E+02   5.9417986E-31
   2.9168754E+02   1.9226825E-31
   2.9202128E+02  -2.8286337E-31
   2.9235501E+02  -7.7502153E-31
   2.9268875E+02  -1.2191639E-30
   2.9302249E+02  -1.5490708E-30
   2.9335623E+02  -1.7060566E-30
   2.9368997E+02  -1.6476891E-30
   2.9402371E+02  -1.3553672E-30
   2.9435745E+02  -8.3961687E-31
   2.9469119E+02  -1.4215347E-31
   2.9502492E+02   6.6593908E-31
   2.9535866E+02   1.4901235E-30
   2.9569240E+02   2.2221083E-30
   2.9602614E+02   2.7524953E-30
   2.9635988E+02   2.9850564E-30
   2.9669362E+02   2.8509648E-30
   2.9702736E+02   2.3210999E-30
   2.9736109E+02   1.4146115E-30
   2.9769483E+02   2.0219246E-31
   2.9802857E+02  -1.1969758E-30
   2.9836231E+02  -2.6249259E-30
   2.9869605E+02  -3.9007556E-30
   2.9902979E+02  -4.8412752E-30
   2.9936353E+02  -5.2843267E-30
   2.9969726E+02  -5.1120568E-30
   3.0003100E+02  -4.2711582E-30
   3.0036474E+02  -2.7871219E-30
   3.0069848E+02  -7.7001961E-31
   3.0103222E+02   1.5898736E-30
   3.0136596E+02   4.0371550E-30
   3.0169970E+02   6.2763228E-30
   3.0203343E+02   8.0046448E-30
   3.0236717E+02   8.9495046E-30
   3.0270091E+02   8.9059861E-30
   3.0303465E+02   7.7699168E-30
   3.0336839E+02   5.5617261E-30
   3.0370213E+02   2.4371022E-30
   3.0403587E+02  -1.3182422E-30
   3.0436960E+02  -5.3106946E-30
   3.0470334E+02  -9.0766836E-30
   3.0503708E+02  -1.2133254E-29
   3.0537082E+02  -1.4036173E-29
   3.0570456E+02  -1.4439013E-29
   3.0603830E+02  -1.3145826E-29
   3.0637204E+02  -1.0150214E-29
   3.0670577E+02  -5.6544837E-30
   3.0703951E+02  -6.4606298E-32
   3.0737325E+02   6.0407665E-30
   3.0770699E+02   1.1965750E-29
   3.0804073E+02   1.6972578E-29
   3.0837447E+02   2.0369150E-29
   3.0870821E+02   2.1599061E-29
   3.0904194E+02   2.0322912E-29
   3.0937568E+02   1.6479990E-29
   3.0970942E+02   1.0320705E-29
   3.1004316E+02   2.4031596E-30
   3.1037690E+02  -6.4490825E-30
   3.1071064E+02  -1.5226083E-29
   3.1104438E+02  -2.2840864E-29
   3.1137811E+02  -2.8257990E-29
   3.1171185E+02  -3.0626842E-29
   3.1204559E+02  -2.9403356E-29
   3.1237933E+02  -2.4443928E-29
   3.1271307E+02  -1.6057214E-29
   3.1304681E+02  -5.0038549E-30
   3.1338055E+02   7.5604268E-30
   3.1371429E+02   2.0195869E-29
   3.1404802E+02   3.1334579E-29
   3.1438176E+02   3.9465422E-29
   3.1471550E+02   4.3327146E-29
   3.1504924E+02   4.2086140E-29
   3.1538298E+02   3.5475332E-29
   3.1571672E+02   2.3873506E-29
   3.1605046E+02   8.3104930E-30
   3.1638419E+02  -9.6086150E-30
   3.1671793E+02  -2.7857054E-29
   3.1705167E+02  -4.4204615E-29
   3.1738541E+02  -5.6478461E-29
   3.1771915E+02  -6.2836901E-29
   3.1805289E+02  -6.2023069E-29
   3.1838663E+02  -5.3564969E-29
   3.1872036E+02  -3.7893078E-29
   3.1905410E+02  -1.6354127E-29
   3.1938784E+02   8.8877063E-30
   3.1972158E+02   3.5058705E-29
   3.2005532E+02   5.9074097E-29
   3.2038906E+02   7.7896211E-29
   3.2072280E+02   8.8911615E-29
   3.2105653E+02   9.0281343E-29
   3.2139027E+02   8.1217946E-29
   3.2172401E+02   6.2149880E-29
   3.2205775E+02   3.4744366E-29
   3.2239149E+02   1.7769111E-30
   3.2272523E+02  -3.3146627E-29
   3.2305897E+02  -6.5989642E-29
   3.2339270E+02  -9.2763090E-29
   3.2372644E+02  -1.1002669E-28
   3.2406018E+02  -1.1535013E-28
   3.2439392E+02  -1.0767236E-28
   3.2472766E+02  -8.7506396E-29
   3.2506140E+02  -5.6952457E-29
   3.2539514E+02  -1.9505855E-29
   3.2572887E+02   2.0328612E-29
   3.2606261E+02   5.7578504E-29
   3.2639635E+02   8.7440211E-29
   3.2673009E+02   1.0593141E-28
   3.2706383E+02   1.1047499E-28
   3.2739757E+02   1.0032989E-28
   3.2773131E+02   7.6800188E-29
   3.2806504E+02   4.3176942E-29
   3.2839878E+02   4.4005573E-30
   3.2873252E+02  -3.3533630E-29
   3.2906626E+02  -6.4366517E-29
   3.2940000E+02  -8.2471462E-29
   3.2973374E+02  -8.3741149E-29
   3.3006748E+02  -6.6345019E-29
   3.3040121E+02  -3.1237536E-29
   3.3073495E+02   1.7674404E-29
   3.3106869E+02   7.3763261E-29
   3.3140243E+02   1.2832125E-28
   3.3173617E+02   1.7156661E-28
   3.3206991E+02   1.9391782E-28
   3.3240365E+02   1.8739493E-28
   3.3273739E+02   1.4697523E-28
   3.3307112E+02   7.1716016E-29
   3.3340486E+02  -3.4526194E-29
   3.3373860E+02  -1.6292421E-28
   3.3407234E+02  -3.0013943E-28
   3.3440608E+02  -4.2942556E-28
   3.3473982E+02  -5.3231062E-28
   3.3507356E+02  -5.9070862E-28
   3.3540729E+02  -5.8924876E-28
   3.3574103E+02  -5.1755284E-28
   3.3607477E+02  -3.7217597E-28
   3.3640851E+02  -1.5793875E-28
   3.3674225E+02   1.1157813E-28
   3.3707599E+02   4.1452642E-28
   3.3740973E+02   7.2230943E-28
   3.3774346E+02   1.0020562E-27
   3.3807720E+02   1.2198518E-27
   3.3841094E+02   1.3444220E-27
   3.3874468E+02   1.3508840E-27
   3.3907842E+02   1.2241450E-27
   3.3941216E+02   9.6151253E-28
   3.3974590E+02   5.7417143E-28
   3.4007963E+02   8.7251175E-29
   3.4041337E+02  -4.6162995E-28
   3.4074711E+02  -1.0252894E-27
   3.4108085E+02  -1.5511600E-27
   3.4141459E+02  -1.9863375E-27
   3.4174833E+02  -2.2829845E-27
   3.4208207E+02  -2.4035221E-27
   3.4241580E+02  -2.3250017E-27
   3.4274954E+02  -2.0421446E-27
   3.4308328E+02  -1.5686315E-27
   3.4341702E+02  -9.3644068E-28
   3.4375076E+02  -1.9321006E-28
   3.4408450E+02   6.0211484E-28
   3.4441824E+02   1.3849250E-27
   3.4475197E+02   2.0912570E-27
   3.4508571E+02   2.6640476E-27
   3.4541945E+02   3.0586011E-27
   3.4575319E+02   3.2466133E-27
   3.4608693E+02   3.2182580E-27
   3.4642067E+02   2.9820897E-27
   3.4675441E+02   2.5627749E-27
   3.4708814E+02   1.9969908E-27
   3.4742188E+02   1.3280749E-27
   3.4775562E+02   6.0018718E-28
   3.4808936E+02  -1.4710414E-28
   3.4842310E+02  -8.8298707E-28
   3.4875684E+02  -1.5876051E-27
   3.4909058E+02  -2.2518551E-27
   3.4942431E+02  -2.8747160E-27
   3.4975805E+02  -3.4584251E-27
   3.5009179E+02  -4.0022153E-27
   3.5042553E+02  -4.4956759E-27
   3.5075927E+02  -4.9129726E-27
   3.5109301E+02  -5.2092245E-27
   3.5142675E+02  -5.3201719E-27
   3.5176048E+02  -5.1659531E-27
   3.5209422E+02  -4.6592459E-27
   3.5242796E+02  -3.7174227E-27
   3.5276170E+02  -2.2777039E-27
   3.5309544E+02  -3.1364424E-28
   3.5342918E+02   2.1492384E-27
   3.5376292E+02   5.0211089E-27
   3.5409666E+02   8.1411370E-27
   3.5443039E+02   1.1278618E-26
   3.5476413E+02   1.4143228E-26
   3.5509787E+02   1.6404931E-26
   3.5543161E+02   1.7722703E-26
   3.5576535E+02   1.7780222E-26
   3.5609909E+02   1.6325379E-26
   3.5643283E+02   1.3209499E-26
   3.5676656E+02   8.4217273E-27
   3.5710030E+02   2.1137952E-27
   3.5743404E+02  -5.3889500E-27
   3.5776778E+02  -1.3593633E-26
   3.5810152E+02  -2.1864580E-26
   3.5843526E+02  -2.9466482E-26
   3.5876900E+02  -3.5623760E-26
   3.5910273E+02  -3.9591573E-26
   3.5943647E+02  -4.0732482E-26
   3.5977021E+02  -3.8591159E-26
   3.6010395E+02  -3.2959262E-26
   3.6043769E+02  -2.3922645E-26
   3.6077143E+02  -1.1884387E-26
   3.6110517E+02   2.4409914E-27
   3.6143890E+02   1.8064147E-26
   3.6177264E+02   3.3787178E-26
   3.6210638E+02   4.8295371E-26
   3.6244012E+02   6.0267260E-26
   3.6277386E+02   6.8493243E-26
   3.6310760E+02   7.1991958E-26
   3.6344134E+02   7.0112786E-26
   3.6377507E+02   6.2613887E-26
   3.6410881E+02   4.9706958E-26
   3.6444255E+02   3.2062956E-26
   3.6477629E+02   1.0776783E-26
   3.6511003E+02  -1.2707184E-26
   3.6544377E+02  -3.6703113E-26
   3.6577751E+02  -5.9415555E-26
   3.6611124E+02  -7.9083651E-26
   3.6644498E+02  -9.4124276E-26
   3.6677872E+02  -1.0326144E-25
   3.6711246E+02  -1.0562962E-25
   3.6744620E+02  -1.0084258E-25
   3.6777994E+02  -8.9021708E-26
   3.6811368E+02  -7.0782831E-26
   3.6844741E+02  -4.7183774E-26
   3.6878115E+02  -1.9639572E-26
   3.6911489E+02   1.0185760E-26
   3.6944863E+02   4.0499367E-26
   3.6978237E+02   6.9500606E-26
   3.7011611E+02   9.5491865E-26
   3.7044985E+02   1.1697131E-25
   3.7078358E+02   1.3270140E-25
   3.7111732E+02   1.4175104E-25
   3.7145106E+02   1.4351388E-25
   3.7178480E+02   1.3770425E-25
   3.7211854E+02   1.2434079E-25
   3.7245228E+02   1.0372122E-25
   3.7278602E+02   7.6399114E-26
   3.7311976E+02   4.3166164E-26
   3.7345349E+02   5.0444758E-27
   3.7378723E+02  -3.6710844E-26
   3.7412097E+02  -8.0600051E-26
   3.7445471E+02  -1.2486538E-25
   3.7478845E+02  -1.6748247E-25
   3.7512219E+02  -2.0616720E-25
   3.7545593E+02  -2.3840814E-25
   3.7578966E+02  -2.6153303E-25
   3.7612340E+02  -2.7281675E-25
   3.7645714E+02  -2.6963818E-25
   3.7679088E+02  -2.4967975E-25
   3.7712462E+02  -2.1116973E-25
   3.7745836E+02  -1.5315287E-25
   3.7779210E+02  -7.5773313E-26
   3.7812583E+02   1.9457000E-26
   3.7845957E+02   1.2942725E-25
   3.7879331E+02   2.4927576E-25
   3.7912705E+02   3.7234400E-25
   3.7946079E+02   4.9028065E-25
   3.7979453E+02   5.9331678E-25
   3.8012827E+02   6.7074062E-25
   3.8046200E+02   7.1157551E-25
   3.8079574E+02   7.0545444E-25
   3.8112948E+02   6.4365271E-25
   3.8146322E+02   5.2022182E-25
   3.8179696E+02   3.3314114E-25
   3.8213070E+02   8.5374299E-26
   3.8246444E+02  -2.1429525E-25
   3.8279817E+02  -5.5078318E-25
   3.8313191E+02  -9.0271464E-25
   3.8346565E+02  -1.2430349E-24
   3.8379939E+02  -1.5402910E-24
   3.8413313E+02  -1.7606172E-24
   3.8446687E+02  -1.8703671E-24
   3.8480061E+02  -1.8392740E-24
   3.8513434E+02  -1.6439315E-24
   3.8546808E+02  -1.2713280E-24
   3.8580182E+02  -7.2207333E-25
   3.8613556E+02  -1.2962414E-26
   3.8646930E+02   8.2151975E-25
   3.8680304E+02   1.7290902E-24
   3.8713678E+02   2.6412400E-24
   3.8747051E+02   3.4766390E-24
   3.8780425E+02   4.1463914E-24
   3.8813799E+02   4.5609587E-24
   3.8847173E+02   4.6384043E-24
   3.8880547E+02   4.3134015E-24
   3.8913921E+02   3.5462840E-24
   3.8947295E+02   2.3312875E-24
   3.8980668E+02   7.0306173E-25
   3.9014042E+02  -1.2594966E-24
   3.9047416E+02  -3.4328978E-24
   3.9080790E+02  -5.6528988E-24
   3.9114164E+02  -7.7228867E-24
   3.9147538E+02  -9.4268484E-24
   3.9180912E+02  -1.0546501E-23
   3.9214285E+02  -1.0881697E-23
   3.9247659E+02  -1.0272714E-23
   3.9281033E+02  -8.6226015E-24
   3.9314407E+02  -5.9173766E-24
   3.9347781E+02  -2.2416585E-24
   3.9381155E+02   2.2126704E-24
   3.9414529E+02   7.1469899E-24
   3.9447903E+02   1.2167253E-23
   3.9481276E+02   1.6807041E-23
   3.9514650E+02   2.0562032E-23
   3.9548024E+02   2.2934468E-23
   3.9581398E+02   2.3484749E-23
   3.9614772E+02   2.1885903E-23
   3.9648146E+02   1.7975685E-23
   3.9681520E+02   1.1800147E-23
   3.9714893E+02   3.6424094E-24
   3.9748267E+02  -5.9691716E-24
   3.9781641E+02  -1.6277996E-23
   3.9815015E+02  -2.6343945E-23
   3.9848389E+02  -3.5115496E-23
   3.9881763E+02  -4.1525988E-23
   3.9915137E+02  -4.4606992E-23
   3.9948510E+02  -4.3608856E-23
   3.9981884E+02  -3.8115686E-23
   4.0015258E+02  -2.8140473E-23
   4.0048632E+02  -1.4186168E-23
   4.0082006E+02   2.7402740E-24
   4.0115380E+02   2.1169822E-23
   4.0148754E+02   3.9273655E-23
   4.0182127E+02   5.5023023E-23
   4.0215501E+02   6.6397059E-23
   4.0248875E+02   7.1620555E-23
   4.0282249E+02   6.9408526E-23
   4.0315623E+02   5.9188019E-23
   4.0348997E+02   4.1266882E-23
   4.0382371E+02   1.6920259E-23
   4.0415744E+02  -1.1629032E-23
   4.0449118E+02  -4.1350618E-23
   4.0482492E+02  -6.8668815E-23
   4.0515866E+02  -8.9833688E-23
   4.0549240E+02  -1.0137149E-22
   4.0582614E+02  -1.0057007E-22
   4.0615988E+02  -8.5943303E-23
   4.0649361E+02  -5.7611175E-23
   4.0682735E+02  -1.7533232E-23
   4.0716109E+02   3.0459327E-23
   4.0749483E+02   8.0870467E-23
   4.0782857E+02   1.2699835E-22
   4.0816231E+02   1.6162917E-22
   4.0849605E+02   1.7791464E-22
   4.0882978E+02   1.7035027E-22
   4.0916352E+02   1.3574236E-22
   4.0949726E+02   7.4035208E-23
   4.0983100E+02  -1.1134816E-23
   4.1016474E+02  -1.1227740E-22
   4.1049848E+02  -2.1836975E-22
   4.1083222E+02  -3.1570054E-22
   4.1116595E+02  -3.8921680E-22
   4.1149969E+02  -4.2428373E-22
   4.1183343E+02  -4.0869563E-22
   4.1216717E+02  -3.3471866E-22
   4.1250091E+02  -2.0090067E-22
   4.1283465E+02  -1.3372644E-23
   4.1316839E+02   2.1361636E-22
   4.1350213E+02   4.5813220E-22
   4.1383586E+02   6.9206017E-22
   4.1416960E+02   8.8366840E-22
   4.1450334E+02   1.0010723E-21
   4.1483708E+02   1.0162978E-21
   4.1517082E+02   9.0951830E-22
   4.1550456E+02   6.7294106E-22
   4.1583830E+02   3.1378875E-22
   4.1617203E+02  -1.4416212E-22
   4.1650577E+02  -6.6091014E-22
   4.1683951E+02  -1.1826860E-21
   4.1717325E+02  -1.6465571E-21
   4.1750699E+02  -1.9869244E-21
   4.1784073E+02  -2.1433805E-21
   4.1817447E+02  -2.0691196E-21
   4.1850820E+02  -1.7389126E-21
   4.1884194E+02  -1.1555488E-21
   4.1917568E+02  -3.5367757E-22
   4.1950942E+02   5.9984514E-22
   4.1984316E+02   1.6096824E-21
   4.2017690E+02   2.5599639E-21
   4.2051064E+02   3.3260569E-21
   4.2084437E+02   3.7892207E-21
   4.2117811E+02   3.8526704E-21
   4.2151185E+02   3.4571565E-21
   4.2184559E+02   2.5939483E-21
   4.2217933E+02   1.3131048E-21
   4.2251307E+02  -2.7478169E-22
   4.2284681E+02  -2.0045947E-21
   4.2318054E+02  -3.6708616E-21
   4.2351428E+02  -5.0494190E-21
   4.2384802E+02  -5.9248290E-21
   4.2418176E+02  -6.1207205E-21
   4.2451550E+02  -5.5293760E-21
   4.2484924E+02  -4.1364087E-21
   4.2518298E+02  -2.0363444E-21
   4.2551671E+02   5.6449301E-22
   4.2585045E+02   3.3602278E-21
   4.2618419E+02   5.9735506E-21
   4.2651793E+02   7.9983842E-21
   4.2685167E+02   9.0534724E-21
   4.2718541E+02   8.8411673E-21
   4.2751915E+02   7.2040121E-21
   4.2785288E+02   4.1707008E-21
   4.2818662E+02  -1.6827552E-23
   4.2852036E+02  -4.9022617E-21
   4.2885410E+02  -9.8442821E-21
   4.2918784E+02  -1.4077570E-20
   4.2952158E+02  -1.6802190E-20
   4.2985532E+02  -1.7293676E-20
   4.3018905E+02  -1.5021849E-20
   4.3052279E+02  -9.7631603E-21
   4.3085653E+02  -1.6897264E-21
   4.3119027E+02   8.5814350E-21
   4.3152401E+02   1.9992613E-20
   4.3185775E+02   3.1111620E-20
   4.3219149E+02   4.0261469E-20
   4.3252522E+02   4.5706430E-20
   4.3285896E+02   4.5878674E-20
   4.3319270E+02   3.9621454E-20
   4.3352644E+02   2.6419163E-20
   4.3386018E+02   6.5811919E-21
   4.3419392E+02  -1.8651810E-20
   4.3452766E+02  -4.7105493E-20
   4.3486140E+02  -7.5789493E-20
   4.3519513E+02  -1.0113809E-19
   4.3552887E+02  -1.1936136E-19
   4.3586261E+02  -1.2687794E-19
   4.3619635E+02  -1.2078654E-19
   4.3653009E+02  -9.9322155E-20
   4.3686383E+02  -6.2238381E-20
   4.3719757E+02  -1.1058343E-20
   4.3753130E+02   5.0853406E-20
   4.3786504E+02   1.1842958E-19
   4.3819878E+02   1.8525901E-19
   4.3853252E+02   2.4414892E-19
   4.3886626E+02   2.8784836E-19
   4.3920000E+02   3.0986599E-19
   4.3953374E+02   3.0529753E-19
   4.3986747E+02   2.7156934E-19
   4.4020121E+02   2.0900471E-19
   4.4053495E+02   1.2113135E-19
   4.4086869E+02   1.4672019E-20
   4.4120243E+02  -1.0081032E-19
   4.4153617E+02  -2.1360401E-19
   4.4186991E+02  -3.1083144E-19
   4.4220364E+02  -3.7964165E-19
   4.4253738E+02  -4.0850402E-19
   4.4287112E+02  -3.8847653E-19
   4.4320486E+02  -3.1431762E-19
   4.4353860E+02  -1.8531648E-19
   4.4387234E+02  -5.7420334E-21
   4.4420608E+02   2.1516276E-19
   4.4453981E+02   4.6366994E-19
   4.4487355E+02   7.2252732E-19
   4.4520729E+02   9.7233354E-19
   4.4554103E+02   1.1932275E-18
   4.4587477E+02   1.3667590E-18
   4.4620851E+02   1.4777799E-18
   4.4654225E+02   1.5161735E-18
   4.4687598E+02   1.4782522E-18
   4.4720972E+02   1.3676393E-18
   4.4754346E+02   1.1955040E-18
   4.4787720E+02   9.8003615E-19
   4.4821094E+02   7.4510615E-19
   4.4854468E+02   5.1811864E-19
   4.4887842E+02   3.2712812E-19
   4.4921215E+02   1.9735837E-19
   4.4954589E+02   1.4732593E-19
   4.4987963E+02   1.8482834E-19
   4.5021337E+02   3.0308089E-19
   4.5054711E+02   4.7730632E-19
   4.5088085E+02   6.6205106E-19
   4.5121459E+02   7.8943088E-19
   4.5154832E+02   7.6843978E-19
   4.5188206E+02   4.8530873E-19
   4.5221580E+02  -1.9522889E-19
   4.5254954E+02  -1.4280361E-18
   4.5288328E+02  -3.3854616E-18
   4.5321702E+02  -6.2555306E-18
   4.5355076E+02  -1.0241000E-17
   4.5388450E+02  -1.5559878E-17
   4.5421823E+02  -2.2447951E-17
   4.5455197E+02  -3.1163735E-17
   4.5488571E+02  -4.1996267E-17
   4.5521945E+02  -5.5275759E-17
   4.5555319E+02  -7.1387467E-17
   4.5588693E+02  -9.0788135E-17
   4.5622067E+02  -1.1402530E-16
   4.5655440E+02  -1.4175836E-16
   4.5688814E+02  -1.7478140E-16
   4.5722188E+02  -2.1404635E-16
   4.5755562E+02  -2.6068625E-16
   4.5788936E+02  -3.1603712E-16
   4.5822310E+02  -3.8165783E-16
   4.5855684E+02  -4.5934761E-16
   4.5889057E+02  -5.5115867E-16
   4.5922431E+02  -6.5940493E-16
   4.5955805E+02  -7.8666385E-16
   4.5989179E+02  -9.3577172E-16
   4.6022553E+02  -1.1098081E-15
   4.6055927E+02  -1.3120680E-15
   4.6089301E+02  -1.5460165E-15
   4.6122674E+02  -1.8152238E-15
   4.6156048E+02  -2.1232719E-15
   4.6189422E+02  -2.4736293E-15
   4.6222796E+02  -2.8694817E-15
   4.6256170E+02  -3.3135177E-15
   4.6289544E+02  -3.8076443E-15
   4.6322918E+02  -4.3526402E-15
   4.6356291E+02  -4.9476986E-15
   4.6389665E+02  -5.5898610E-15
   4.6423039E+02  -6.2732971E-15
   4.6456413E+02  -6.9883992E-15
   4.6489787E+02  -7.7206486E-15
   4.6523161E+02  -8.4491748E-15
   4.6556535E+02  -9.1449895E-15
   4.6589908E+02  -9.7688157E-15
   4.6623282E+02  -1.0268370E-14
   4.6656656E+02  -1.0575083E-14
   4.6690030E+02  -1.0600024E-14
   4.6723404E+02  -1.0228977E-14
   4.6756778E+02  -9.3164324E-15
   4.6790152E+02  -7.6783342E-15
   4.6823525E+02  -5.0832954E-15
   4.6856899E+02  -1.2421501E-15
   4.6890273E+02   4.2046309E-15
   4.6923647E+02   1.1701777E-14
   4.6957021E+02   2.1797082E-14
   4.6990395E+02   3.5162079E-14
   4.7023769E+02   5.2616785E-14
   4.7057142E+02   7.5158684E-14
   4.7090516E+02   1.0399703E-13
   4.7123890E+02   1.4059295E-13
   4.7157264E+02   1.8670667E-13
   4.7190638E+02   2.4445281E-13
   4.7224012E+02   3.1636494E-13
   4.7257386E+02   4.0547174E-13
   4.7290760E+02   5.1538439E-13
   4.7324133E+02   6.5039879E-13
   4.7357507E+02   8.1561542E-13
   4.7390881E+02   1.0170748E-12
   4.7424255E+02   1.2619168E-12
   4.7457629E+02   1.5585658E-12
   4.7491003E+02   1.9169393E-12
   4.7524377E+02   2.3486924E-12
   4.7557750E+02   2.8674955E-12
   4.7591124E+02   3.4893549E-12
   4.7624498E+02   4.2329707E-12
   4.7657872E+02   5.1201621E-12
   4.7691246E+02   6.1763329E-12
   4.7724620E+02   7.4310167E-12
   4.7757994E+02   8.9184823E-12
   4.7791367E+02   1.0678423E-11
   4.7824741E+02   1.2756754E-11
   4.7858115E+02   1.5206480E-11
   4.7891489E+02   1.8088692E-11
   4.7924863E+02   2.1473729E-11
   4.7958237E+02   2.5442369E-11
   4.7991611E+02   3.0087297E-11
   4.8024984E+02   3.5514633E-11
   4.8058358E+02   4.1845756E-11
   4.8091732E+02   4.9219170E-11
   4.8125106E+02   5.7792788E-11
   4.8158480E+02   6.7746246E-11
   4.8191854E+02   7.9283677E-11
   4.8225228E+02   9.2636537E-11
   4.8258601E+02   1.0806697E-10
   4.8291975E+02   1.2587130E-10
   4.8325349E+02   1.4638395E-10
   4.8358723E+02   1.6998189E-10
   4.8392097E+02   1.9708910E-10
   4.8425471E+02   2.2818183E-10
   4.8458845E+02   2.6379410E-10
   4.8492218E+02   3.0452355E-10
   4.8525592E+02   3.5103825E-10
   4.8558966E+02   4.0408349E-10
   4.8592340E+02   4.6448900E-10
   4.8625714E+02   5.3317806E-10
   4.8659088E+02   6.1117400E-10
   4.8692462E+02   6.9961159E-10
   4.8725835E+02   7.9974516E-10
   4.8759209E+02   9.1295921E-10
   4.8792583E+02   1.0407804E-09
   4.8825957E+02   1.1848862E-09
   4.8859331E+02   1.3471184E-09
   4.8892705E+02   1.5294952E-09
   4.8926079E+02   1.7342232E-09
   4.8959452E+02   1.9637112E-09
   4.8992826E+02   2.2205815E-09
   4.9026200E+02   2.5076843E-09
   4.9059574E+02   2.8281115E-09
   4.9092948E+02   3.1852094E-09
   4.9126322E+02   3.5825902E-09
   4.9159696E+02   4.0241495E-09
   4.9193069E+02   4.5140705E-09
   4.9226443E+02   5.0568421E-09
   4.9259817E+02   5.6572720E-09
   4.9293191E+02   6.3204801E-09
   4.9326565E+02   7.0519310E-09
   4.9359939E+02   7.8574143E-09
   4.9393313E+02   8.7430632E-09
   4.9426687E+02   9.7153627E-09
   4.9460060E+02   1.0781128E-08
   4.9493434E+02   1.1947517E-08
   4.9526808E+02   1.3222016E-08
   4.9560182E+02   1.4612434E-08
   4.9593556E+02   1.6126879E-08
   4.9626930E+02   1.7773734E-08
   4.9660304E+02   1.9561664E-08
   4.9693677E+02   2.1499531E-08
   4.9727051E+02   2.3596410E-08
   4.9760425E+02   2.5861519E-08
   4.9793799E+02   2.8304164E-08
   4.9827173E+02   3.0933720E-08
   4.9860547E+02   3.3759505E-08
   4.9893921E+02   3.6790784E-08
   4.9927294E+02   4.0036625E-08
   4.9960668E+02   4.3505850E-08
   4.9994042E+02   4.7206935E-08
   5.0027416E+02   5.1147925E-08
   5.0060790E+02   5.5336226E-08
   5.0094164E+02   5.9778650E-08
   5.0127538E+02   6.4481156E-08
   5.0160911E+02   6.9448745E-08
   5.0194285E+02   7.4685346E-08
   5.0227659E+02   8.0193701E-08
   5.0261033E+02   8.5975103E-08
   5.0294407E+02   9.2029353E-08
   5.0327781E+02   9.8354427E-08
   5.0361155E+02   1.0494657E-07
   5.0394528E+02   1.1179993E-07
   5.0427902E+02   1.1890632E-07
   5.0461276E+02   1.2625529E-07
   5.0494650E+02   1.3383377E-07
   5.0528024E+02   1.4162606E-07
   5.0561398E+02   1.4961346E-07
   5.0594772E+02   1.5777424E-07
   5.0628145E+02   1.6608348E-07
   5.0661519E+02   1.7451302E-07
   5.0694893E+02   1.8303123E-07
   5.0728267E+02   1.9160281E-07
   5.0761641E+02   2.0018895E-07
   5.0795015E+02   2.0874714E-07
   5.0828389E+02   2.1723119E-07
   5.0861762E+02   2.2559078E-07
   5.0895136E+02   2.3377214E-07
   5.0928510E+02   2.4171794E-07
   5.0961884E+02   2.4936665E-07
   5.0995258E+02   2.5665361E-07
   5.1028632E+02   2.6351049E-07
   5.1062006E+02   2.6986578E-07
   5.1095379E+02   2.7564477E-07
   5.1128753E+02   2.8077005E-07
   5.1162127E+02   2.8516146E-07
   5.1195501E+02   2.8873666E-07
   5.1228875E+02   2.9141160E-07
   5.1262249E+02   2.9310038E-07
   5.1295623E+02   2.9371631E-07
   5.1328997E+02   2.9317204E-07
   5.1362370E+02   2.9137982E-07
   5.1395744E+02   2.8825289E-07
   5.1429118E+02   2.8370499E-07
   5.1462492E+02   2.7765162E-07
   5.1495866E+02   2.7001073E-07
   5.1529240E+02   2.6070299E-07
   5.1562614E+02   2.4965280E-07
   5.1595987E+02   2.3678840E-07
   5.1629361E+02   2.2204361E-07
   5.1662735E+02   2.0535737E-07
   5.1696109E+02   1.8667524E-07
   5.1729483E+02   1.6594963E-07
   5.1762857E+02   1.4314105E-07
   5.1796231E+02   1.1821817E-07
   5.1829604E+02   9.1158874E-08
   5.1862978E+02   6.1950630E-08
   5.1896352E+02   3.0591224E-08
   5.1929726E+02  -2.9107130E-09
   5.1963100E+02  -3.8535134E-08
   5.1996474E+02  -7.6250217E-08
   5.2029848E+02  -1.1601226E-07
   5.2063221E+02  -1.5776465E-07
   5.2096595E+02  -2.0143838E-07
   5.2129969E+02  -2.4695129E-07
   5.2163343E+02  -2.9420818E-07
   5.2196717E+02  -3.4310096E-07
   5.2230091E+02  -3.9350829E-07
   5.2263465E+02  -4.4529645E-07
   5.2296838E+02  -4.9831863E-07
   5.2330212E+02  -5.5241617E-07
   5.2363586E+02  -6.0741837E-07
   5.2396960E+02  -6.6314374E-07
   5.2430334E+02  -7.1939934E-07
   5.2463708E+02  -7.7598281E-07
   5.2497082E+02  -8.3268264E-07
   5.2530455E+02  -8.8927925E-07
   5.2563829E+02  -9.4554548E-07
   5.2597203E+02  -1.0012481E-06
   5.2630577E+02  -1.0561486E-06
   5.2663951E+02  -1.1100045E-06
   5.2697325E+02  -1.1625717E-06
   5.2730699E+02  -1.2136036E-06
   5.2764072E+02  -1.2628541E-06
   5.2797446E+02  -1.3100780E-06
   5.2830820E+02  -1.3550339E-06
   5.2864194E+02  -1.3974831E-06
   5.2897568E+02  -1.4371951E-06
   5.2930942E+02  -1.4739435E-06
   5.2964316E+02  -1.5075126E-06
   5.2997689E+02  -1.5376955E-06
   5.3031063E+02  -1.5642976E-06
   5.3064437E+02  -1.5871354E-06
   5.3097811E+02  -1.6060412E-06
   5.3131185E+02  -1.6208605E-06
   5.3164559E+02  -1.6314563E-06
   5.3197933E+02  -1.6377084E-06
   5.3231306E+02  -1.6395153E-06
   5.3264680E+02  -1.6367937E-06
   5.3298054E+02  -1.6294807E-06
   5.3331428E+02  -1.6175341E-06
   5.3364802E+02  -1.6009320E-06
   5.3398176E+02  -1.5796750E-06
   5.3431550E+02  -1.5537842E-06
   5.3464924E+02  -1.5233034E-06
   5.3498297E+02  -1.4882974E-06
   5.3531671E+02  -1.4488535E-06
   5.3565045E+02  -1.4050801E-06
   5.3598419E+02  -1.3571067E-06
   5.3631793E+02  -1.3050831E-06
   5.3665167E+02  -1.2491790E-06
   5.3698541E+02  -1.1895836E-06
   5.3731914E+02  -1.1265042E-06
   5.3765288E+02  -1.0601648E-06
   5.3798662E+02  -9.9080523E-07
   5.3832036E+02  -9.1868060E-07
   5.3865410E+02  -8.4405957E-07
   5.3898784E+02  -7.6722228E-07
   5.3932158E+02  -6.8845998E-07
   5.3965531E+02  -6.0807258E-07
   5.3998905E+02  -5.2636767E-07
   5.4032279E+02  -4.4365817E-07
   5.4065653E+02  -3.6026120E-07
   5.4099027E+02  -2.7649639E-07
   5.4132401E+02  -1.9268414E-07
   5.4165775E+02  -1.0914338E-07
   5.4199148E+02  -2.6190619E-08
   5.4232522E+02   5.5862301E-08
   5.4265896E+02   1.3670963E-07
   5.4299270E+02   2.1605294E-07
   5.4332644E+02   2.9360362E-07
   5.4366018E+02   3.6908312E-07
   5.4399392E+02   4.4222531E-07
   5.4432765E+02   5.1277755E-07
   5.4466139E+02   5.8050136E-07
   5.4499513E+02   6.4517462E-07
   5.4532887E+02   7.0659127E-07
   5.4566261E+02   7.6456331E-07
   5.4599635E+02   8.1892119E-07
   5.4633009E+02   8.6951428E-07
   5.4666382E+02   9.1621132E-07
   5.4699756E+02   9.5890221E-07
   5.4733130E+02   9.9749536E-07
   5.4766504E+02   1.0319217E-06
   5.4799878E+02   1.0621314E-06
   5.4833252E+02   1.0880955E-06
   5.4866626E+02   1.1098055E-06
   5.4899999E+02   1.1272728E-06
   5.4933373E+02   1.1405276E-06
   5.4966747E+02   1.1496203E-06
   5.5000121E+02   1.1546189E-06
   5.5033495E+02   1.1556091E-06
   5.5066869E+02   1.1526936E-06
   5.5100243E+02   1.1459910E-06
   5.5133616E+02   1.1356343E-06
   5.5166990E+02   1.1217707E-06
   5.5200364E+02   1.1045603E-06
   5.5233738E+02   1.0841743E-06
   5.5267112E+02   1.0607943E-06
   5.5300486E+02   1.0346116E-06
   5.5333860E+02   1.0058250E-06
   5.5367234E+02   9.7463942E-07
   5.5400607E+02   9.4126574E-07
   5.5433981E+02   9.0591880E-07
   5.5467355E+02   8.6881539E-07
   5.5500729E+02   8.3017443E-07
   5.5534103E+02   7.9021527E-07
   5.5567477E+02   7.4915533E-07
   5.5600851E+02   7.0721086E-07
   5.5634224E+02   6.6459432E-07
   5.5667598E+02   6.2151378E-07
   5.5700972E+02   5.7817215E-07
   5.5734346E+02   5.3476583E-07
   5.5767720E+02   4.9148423E-07
   5.5801094E+02   4.4850827E-07
   5.5834468E+02   4.0601091E-07
   5.5867841E+02   3.6415503E-07
   5.5901215E+02   3.2309353E-07
   5.5934589E+02   2.8296932E-07
   5.5967963E+02   2.4391366E-07
   5.6001337E+02   2.0604675E-07
   5.6034711E+02   1.6947736E-07
   5.6068085E+02   1.3430227E-07
   5.6101458E+02   1.0060646E-07
   5.6134832E+02   6.8462832E-08
   5.6168206E+02   3.7932729E-08
   5.6201580E+02   9.0653174E-09
   5.6234954E+02  -1.8101474E-08
   5.6268328E+02  -4.3541419E-08
   5.6301702E+02  -6.7239029E-08
   5.6335075E+02  -8.9189612E-08
   5.6368449E+02  -1.0939874E-07
   5.6401823E+02  -1.2788163E-07
   5.6435197E+02  -1.4466285E-07
   5.6468571E+02  -1.5977554E-07
   5.6501945E+02  -1.7326103E-07
   5.6535319E+02  -1.8516798E-07
   5.6568692E+02  -1.9555182E-07
   5.6602066E+02  -2.0447423E-07
   5.6635440E+02  -2.1200211E-07
   5.6668814E+02  -2.1820721E-07
   5.6702188E+02  -2.2316513E-07
   5.6735562E+02  -2.2695490E-07
   5.6768936E+02  -2.2965800E-07
   5.6802309E+02  -2.3135783E-07
   5.6835683E+02  -2.3213900E-07
   5.6869057E+02  -2.3208665E-07
   5.6902431E+02  -2.3128577E-07
   5.6935805E+02  -2.2982056E-07
   5.6969179E+02  -2.2777408E-07
   5.7002553E+02  -2.2522744E-07
   5.7035926E+02  -2.2225926E-07
   5.7069300E+02  -2.1894544E-07
   5.7102674E+02  -2.1535854E-07
   5.7136048E+02  -2.1156740E-07
   5.7169422E+02  -2.0763682E-07
   5.7202796E+02  -2.0362728E-07
   5.7236170E+02  -1.9959452E-07
   5.7269543E+02  -1.9558973E-07
   5.7302917E+02  -1.9165893E-07
   5.7336291E+02  -1.8784304E-07
   5.7369665E+02  -1.8417785E-07
   5.7403039E+02  -1.8069389E-07
   5.7436413E+02  -1.7741655E-07
   5.7469787E+02  -1.7436608E-07
   5.7503161E+02  -1.7155769E-07
   5.7536534E+02  -1.6900164E-07
   5.7569908E+02  -1.6670347E-07
   5.7603282E+02  -1.6466427E-07
   5.7636656E+02  -1.6288078E-07
   5.7670030E+02  -1.6134572E-07
   5.7703404E+02  -1.6004803E-07
   5.7736778E+02  -1.5897331E-07
   5.7770151E+02  -1.5810392E-07
   5.7803525E+02  -1.5741958E-07
   5.7836899E+02  -1.5689749E-07
   5.7870273E+02  -1.5651284E-07
   5.7903647E+02  -1.5623911E-07
   5.7937021E+02  -1.5604843E-07
   5.7970395E+02  -1.5591195E-07
   5.8003768E+02  -1.5580022E-07
   5.8037142E+02  -1.5568342E-07
   5.8070516E+02  -1.5553201E-07
   5.8103890E+02  -1.5531666E-07
   5.8137264E+02  -1.5500878E-07
   5.8170638E+02  -1.5458082E-07
   5.8204012E+02  -1.5400656E-07
   5.8237385E+02  -1.5326117E-07
   5.8270759E+02  -1.5232177E-07
   5.8304133E+02  -1.5116737E-07
   5.8337507E+02  -1.4977911E-07
   5.8370881E+02  -1.4814054E-07
   5.8404255E+02  -1.4623765E-07
   5.8437629E+02  -1.4405897E-07
   5.8471002E+02  -1.4159573E-07
   5.8504376E+02  -1.3884195E-07
   5.8537750E+02  -1.3579427E-07
   5.8571124E+02  -1.3245221E-07
   5.8604498E+02  -1.2881806E-07
   5.8637872E+02  -1.2489681E-07
   5.8671246E+02  -1.2069617E-07
   5.8704619E+02  -1.1622645E-07
   5.8737993E+02  -1.1150046E-07
   5.8771367E+02  -1.0653344E-07
   5.8804741E+02  -1.0134290E-07
   5.8838115E+02  -9.5948501E-08
   5.8871489E+02  -9.0371898E-08
   5.8904863E+02  -8.4636582E-08
   5.8938236E+02  -7.8767698E-08
   5.8971610E+02  -7.2791863E-08
   5.9004984E+02  -6.6736959E-08
   5.9038358E+02  -6.0631955E-08
   5.9071732E+02  -5.4506764E-08
   5.9105106E+02  -4.8391918E-08
   5.9138480E+02  -4.2318419E-08
   5.9171853E+02  -3.6317516E-08
   5.9205227E+02  -3.0420651E-08
   5.9238601E+02  -2.4658988E-08
   5.9271975E+02  -1.9063449E-08
   5.9305349E+02  -1.3664376E-08
   5.9338723E+02  -8.4914973E-09
   5.9372097E+02  -3.5735894E-09
   5.9405471E+02   1.0615508E-09
   5.9438844E+02   5.3873777E-09
   5.9472218E+02   9.3787662E-09
   5.9505592E+02   1.3012155E-08
   5.9538966E+02   1.6265446E-08
   5.9572340E+02   1.9118573E-08
   5.9605714E+02   2.1553547E-08
   5.9639088E+02   2.3553895E-08
   5.9672461E+02   2.5105791E-08
   5.9705835E+02   2.6197426E-08
   5.9739209E+02   2.6819208E-08
   5.9772583E+02   2.6964102E-08
   5.9805957E+02   2.6627291E-08
   5.9839331E+02   2.5806472E-08
   5.9872705E+02   2.4501873E-08
   5.9906078E+02   2.2716165E-08
   5.9939452E+02   2.0454465E-08
   5.9972826E+02   1.7724489E-08
   6.0006200E+02   1.4536326E-08
   6.0039574E+02   1.0902554E-08
   6.0072948E+02   6.8381354E-09
   6.0106322E+02   2.3602951E-09
   6.0139695E+02  -2.5114417E-09
   6.0173069E+02  -7.7553182E-09
   6.0206443E+02  -1.3347631E-08
   6.0239817E+02  -1.9262544E-08
   6.0273191E+02  -2.5472445E-08
   6.0306565E+02  -3.1947856E-08
   6.0339939E+02  -3.8657753E-08
   6.0373312E+02  -4.5569621E-08
   6.0406686E+02  -5.2649476E-08
   6.0440060E+02  -5.9862373E-08
   6.0473434E+02  -6.7172060E-08
   6.0506808E+02  -7.4541632E-08
   6.0540182E+02  -8.1933351E-08
   6.0573556E+02  -8.9308998E-08
   6.0606929E+02  -9.6629954E-08
   6.0640303E+02  -1.0385743E-07
   6.0673677E+02  -1.1095266E-07
   6.0707051E+02  -1.1787691E-07
   6.0740425E+02  -1.2459186E-07
   6.0773799E+02  -1.3105958E-07
   6.0807173E+02  -1.3724299E-07
   6.0840546E+02  -1.4310558E-07
   6.0873920E+02  -1.4861200E-07
   6.0907294E+02  -1.5372800E-07
   6.0940668E+02  -1.5842043E-07
   6.0974042E+02  -1.6265795E-07
   6.1007416E+02  -1.6641054E-07
   6.1040790E+02  -1.6964987E-07
   6.1074163E+02  -1.7234959E-07
   6.1107537E+02  -1.7448512E-07
   6.1140911E+02  -1.7603435E-07
   6.1174285E+02  -1.7697653E-07
   6.1207659E+02  -1.7729404E-07
   6.1241033E+02  -1.7697101E-07
   6.1274407E+02  -1.7599406E-07
   6.1307781E+02  -1.7435252E-07
   6.1341154E+02  -1.7203776E-07
   6.1374528E+02  -1.6904411E-07
   6.1407902E+02  -1.6536835E-07
   6.1441276E+02  -1.6100961E-07
   6.1474650E+02  -1.5597003E-07
   6.1508024E+02  -1.5025411E-07
   6.1541398E+02  -1.4386896E-07
   6.1574771E+02  -1.3682435E-07
   6.1608145E+02  -1.2913269E-07
   6.1641519E+02  -1.2080881E-07
   6.1674893E+02  -1.1187012E-07
   6.1708267E+02  -1.0233656E-07
   6.1741641E+02  -9.2230358E-08
   6.1775015E+02  -8.1576353E-08
   6.1808388E+02  -7.0401370E-08
   6.1841762E+02  -5.8734642E-08
   6.1875136E+02  -4.6607596E-08
   6.1908510E+02  -3.4053567E-08
   6.1941884E+02  -2.1108018E-08
   6.1975258E+02  -7.8082181E-09
   6.2008632E+02   5.8067311E-09
   6.2042005E+02   1.9696138E-08
   6.2075379E+02   3.3817599E-08
   6.2108753E+02   4.8127234E-08
   6.2142127E+02   6.2579872E-08
   6.2175501E+02   7.7128959E-08
   6.2208875E+02   9.1726776E-08
   6.2242249E+02   1.0632458E-07
   6.2275622E+02   1.2087258E-07
   6.2308996E+02   1.3532014E-07
   6.2342370E+02   1.4961586E-07
   6.2375744E+02   1.6370761E-07
   6.2409118E+02   1.7754269E-07
   6.2442492E+02   1.9106794E-07
   6.2475866E+02   2.0422974E-07
   6.2509239E+02   2.1697419E-07
   6.2542613E+02   2.2924726E-07
   6.2575987E+02   2.4099444E-07
   6.2609361E+02   2.5216156E-07
   6.2642735E+02   2.6269430E-07
   6.2676109E+02   2.7253827E-07
   6.2709483E+02   2.8163970E-07
   6.2742856E+02   2.8994486E-07
   6.2776230E+02   2.9740011E-07
   6.2809604E+02   3.0395267E-07
   6.2842978E+02   3.0955033E-07
   6.2876352E+02   3.1414123E-07
   6.2909726E+02   3.1767459E-07
   6.2943100E+02   3.2010024E-07
   6.2976473E+02   3.2136910E-07
   6.3009847E+02   3.2143339E-07
   6.3043221E+02   3.2024639E-07
   6.3076595E+02   3.1776278E-07
   6.3109969E+02   3.1393915E-07
   6.3143343E+02   3.0873343E-07
   6.3176717E+02   3.0210578E-07
   6.3210090E+02   2.9401838E-07
   6.3243464E+02   2.8443617E-07
   6.3276838E+02   2.7332601E-07
   6.3310212E+02   2.6065806E-07
   6.3343586E+02   2.4640556E-07
   6.3376960E+02   2.3054530E-07
   6.3410334E+02   2.1305732E-07
   6.3443708E+02   1.9392573E-07
   6.3477081E+02   1.7313906E-07
   6.3510455E+02   1.5069040E-07
   6.3543829E+02   1.2657705E-07
   6.3577203E+02   1.0080240E-07
   6.3610577E+02   7.3374942E-08
   6.3643951E+02   4.4308525E-08
   6.3677325E+02   1.3623499E-08
   6.3710698E+02  -1.8653601E-08
   6.3744072E+02  -5.2489554E-08
   6.3777446E+02  -8.7844484E-08
   6.3810820E+02  -1.2467133E-07
   6.3844194E+02  -1.6291571E-07
   6.3877568E+02  -2.0251589E-07
   6.3910942E+02  -2.4340252E-07
   6.3944315E+02  -2.8549854E-07
   6.3977689E+02  -3.2871947E-07
   6.4011063E+02  -3.7297264E-07
   6.4044437E+02  -4.1815792E-07
   6.4077811E+02  -4.6416747E-07
   6.4111185E+02  -5.1088620E-07
   6.4144559E+02  -5.5819112E-07
   6.4177932E+02  -6.0595312E-07
   6.4211306E+02  -6.5403515E-07
   6.4244680E+02  -7.0229476E-07
   6.4278054E+02  -7.5058301E-07
   6.4311428E+02  -7.9874530E-07
   6.4344802E+02  -8.4662270E-07
   6.4378176E+02  -8.9405097E-07
   6.4411549E+02  -9.4086278E-07
   6.4444923E+02  -9.8688758E-07
   6.4478297E+02  -1.0319525E-06
   6.4511671E+02  -1.0758831E-06
   6.4545045E+02  -1.1185044E-06
   6.4578419E+02  -1.1596411E-06
   6.4611793E+02  -1.1991194E-06
   6.4645166E+02  -1.2367676E-06
   6.4678540E+02  -1.2724166E-06
   6.4711914E+02  -1.3059014E-06
   6.4745288E+02  -1.3370620E-06
   6.4778662E+02  -1.3657434E-06
   6.4812036E+02  -1.3917992E-06
   6.4845410E+02  -1.4150883E-06
   6.4878783E+02  -1.4354799E-06
   6.4912157E+02  -1.4528521E-06
   6.4945531E+02  -1.4670940E-06
   6.4978905E+02  -1.4781043E-06
   6.5012279E+02  -1.4857956E-06
   6.5045653E+02  -1.4900917E-06
   6.5079027E+02  -1.4909300E-06
   6.5112400E+02  -1.4882621E-06
   6.5145774E+02  -1.4820538E-06
   6.5179148E+02  -1.4722848E-06
   6.5212522E+02  -1.4589511E-06
   6.5245896E+02  -1.4420641E-06
   6.5279270E+02  -1.4216487E-06
   6.5312644E+02  -1.3977472E-06
   6.5346018E+02  -1.3704173E-06
   6.5379391E+02  -1.3397307E-06
   6.5412765E+02  -1.3057756E-06
   6.5446139E+02  -1.2686544E-06
   6.5479513E+02  -1.2284834E-06
   6.5512887E+02  -1.1853931E-06
   6.5546261E+02  -1.1395279E-06
   6.5579635E+02  -1.0910436E-06
   6.5613008E+02  -1.0401091E-06
   6.5646382E+02  -9.8690271E-07
   6.5679756E+02  -9.3161390E-07
   6.5713130E+02  -8.7444096E-07
   6.5746504E+02  -8.1559017E-07
   6.5779878E+02  -7.5527487E-07
   6.5813252E+02  -6.9371390E-07
   6.5846625E+02  -6.3113112E-07
   6.5879999E+02  -5.6775377E-07
   6.5913373E+02  -5.0381158E-07
   6.5946747E+02  -4.3953517E-07
   6.5980121E+02  -3.7515503E-07
   6.6013495E+02  -3.1090065E-07
