  -7.8094826E+01   0.0000000E+00
  -7.7761087E+01   0.0000000E+00
  -7.7427349E+01   0.0000000E+00
  -7.7093610E+01   0.0000000E+00
  -7.6759871E+01   0.0000000E+00
  -7.6426133E+01   0.0000000E+00
  -7.6092394E+01   0.0000000E+00
  -7.5758656E+01   0.0000000E+00
  -7.5424917E+01   0.0000000E+00
  -7.5091178E+01   0.0000000E+00
  -7.4757440E+01   0.0000000E+00
  -7.4423701E+01   0.0000000E+00
  -7.4089963E+01   0.0000000E+00
  -7.3756224E+01   0.0000000E+00
  -7.3422485E+01   0.0000000E+00
  -7.3088747E+01   0.0000000E+00
  -7.2755008E+01   0.0000000E+00
  -7.2421270E+01   0.0000000E+00
  -7.2087531E+01   0.0000000E+00
  -7.1753792E+01   0.0000000E+00
  -7.1420054E+01   0.0000000E+00
  -7.1086315E+01   0.0000000E+00
  -7.0752577E+01   0.0000000E+00
  -7.0418838E+01   0.0000000E+00
  -7.0085099E+01   0.0000000E+00
  -6.9751361E+01   0.0000000E+00
  -6.9417622E+01   0.0000000E+00
  -6.9083884E+01   0.0000000E+00
  -6.8750145E+01   0.0000000E+00
  -6.8416406E+01   0.0000000E+00
  -6.8082668E+01   0.0000000E+00
  -6.7748929E+01   0.0000000E+00
  -6.7415191E+01   0.0000000E+00
  -6.7081452E+01   0.0000000E+00
  -6.6747714E+01   0.0000000E+00
  -6.6413975E+01   0.0000000E+00
  -6.6080236E+01   0.0000000E+00
  -6.5746498E+01   0.0000000E+00
  -6.5412759E+01   0.0000000E+00
  -6.5079021E+01   0.0000000E+00
  -6.4745282E+01   0.0000000E+00
  -6.4411543E+01   0.0000000E+00
  -6.4077805E+01   0.0000000E+00
  -6.3744066E+01   0.0000000E+00
  -6.3410328E+01   0.0000000E+00
  -6.3076589E+01   0.0000000E+00
  -6.2742850E+01   0.0000000E+00
  -6.2409112E+01   0.0000000E+00
  -6.2075373E+01   0.0000000E+00
  -6.1741635E+01   0.0000000E+00
  -6.1407896E+01   0.0000000E+00
  -6.1074157E+01   0.0000000E+00
  -6.0740419E+01   0.0000000E+00
  -6.0406680E+01   0.0000000E+00
  -6.0072942E+01   0.0000000E+00
  -5.9739203E+01   0.0000000E+00
  -5.9405464E+01   0.0000000E+00
  -5.9071726E+01   0.0000000E+00
  -5.8737987E+01   0.0000000E+00
  -5.8404249E+01   0.0000000E+00
  -5.8070510E+01   0.0000000E+00
  -5.7736771E+01   0.0000000E+00
  -5.7403033E+01   0.0000000E+00
  -5.7069294E+01   0.0000000E+00
  -5.6735556E+01   0.0000000E+00
  -5.6401817E+01   0.0000000E+00
  -5.6068078E+01   0.0000000E+00
  -5.5734340E+01   0.0000000E+00
  -5.5400601E+01   0.0000000E+00
  -5.5066863E+01   0.0000000E+00
  -5.4733124E+01   0.0000000E+00
  -5.4399385E+01   0.0000000E+00
  -5.4065647E+01   0.0000000E+00
  -5.3731908E+01   0.0000000E+00
  -5.3398170E+01   0.0000000E+00
  -5.3064431E+01   0.0000000E+00
  -5.2730693E+01   0.0000000E+00
  -5.2396954E+01   0.0000000E+00
  -5.2063215E+01   0.0000000E+00
  -5.1729477E+01   0.0000000E+00
  -5.1395738E+01   0.0000000E+00
  -5.1062000E+01   0.0000000E+00
  -5.0728261E+01   0.0000000E+00
  -5.0394522E+01   0.0000000E+00
  -5.0060784E+01   0.0000000E+00
  -4.9727045E+01   0.0000000E+00
  -4.9393307E+01   0.0000000E+00
  -4.9059568E+01   0.0000000E+00
  -4.8725829E+01   0.0000000E+00
  -4.8392091E+01   0.0000000E+00
  -4.8058352E+01   0.0000000E+00
  -4.7724614E+01   0.0000000E+00
  -4.7390875E+01   0.0000000E+00
  -4.7057136E+01   0.0000000E+00
  -4.6723398E+01   0.0000000E+00
  -4.6389659E+01   0.0000000E+00
  -4.6055921E+01   0.0000000E+00
  -4.5722182E+01   0.0000000E+00
  -4.5388443E+01   0.0000000E+00
  -4.5054705E+01   0.0000000E+00
  -4.4720966E+01   0.0000000E+00
  -4.4387228E+01   0.0000000E+00
  -4.4053489E+01   0.0000000E+00
  -4.3719750E+01   0.0000000E+00
  -4.3386012E+01   0.0000000E+00
  -4.3052273E+01   0.0000000E+00
  -4.2718535E+01   0.0000000E+00
  -4.2384796E+01   0.0000000E+00
  -4.2051057E+01   0.0000000E+00
  -4.1717319E+01   0.0000000E+00
  -4.1383580E+01   0.0000000E+00
  -4.1049842E+01   0.0000000E+00
  -4.0716103E+01   0.0000000E+00
  -4.0382364E+01   0.0000000E+00
  -4.0048626E+01   0.0000000E+00
  -3.9714887E+01   0.0000000E+00
  -3.9381149E+01   0.0000000E+00
  -3.9047410E+01   0.0000000E+00
  -3.8713672E+01   0.0000000E+00
  -3.8379933E+01   0.0000000E+00
  -3.8046194E+01   0.0000000E+00
  -3.7712456E+01   0.0000000E+00
  -3.7378717E+01   0.0000000E+00
  -3.7044979E+01   0.0000000E+00
  -3.6711240E+01   0.0000000E+00
  -3.6377501E+01   0.0000000E+00
  -3.6043763E+01   0.0000000E+00
  -3.5710024E+01   0.0000000E+00
  -3.5376286E+01   0.0000000E+00
  -3.5042547E+01   0.0000000E+00
  -3.4708808E+01   0.0000000E+00
  -3.4375070E+01   0.0000000E+00
  -3.4041331E+01   0.0000000E+00
  -3.3707593E+01   0.0000000E+00
  -3.3373854E+01   0.0000000E+00
  -3.3040115E+01   0.0000000E+00
  -3.2706377E+01   0.0000000E+00
  -3.2372638E+01   0.0000000E+00
  -3.2038900E+01   0.0000000E+00
  -3.1705161E+01   0.0000000E+00
  -3.1371422E+01   0.0000000E+00
  -3.1037684E+01   0.0000000E+00
  -3.0703945E+01   0.0000000E+00
  -3.0370207E+01   0.0000000E+00
  -3.0036468E+01   0.0000000E+00
  -2.9702729E+01   0.0000000E+00
  -2.9368991E+01   0.0000000E+00
  -2.9035252E+01   0.0000000E+00
  -2.8701514E+01   0.0000000E+00
  -2.8367775E+01   0.0000000E+00
  -2.8034036E+01   0.0000000E+00
  -2.7700298E+01   0.0000000E+00
  -2.7366559E+01   0.0000000E+00
  -2.7032821E+01   0.0000000E+00
  -2.6699082E+01   0.0000000E+00
  -2.6365343E+01   0.0000000E+00
  -2.6031605E+01   0.0000000E+00
  -2.5697866E+01   0.0000000E+00
  -2.5364128E+01   0.0000000E+00
  -2.5030389E+01   0.0000000E+00
  -2.4696651E+01   0.0000000E+00
  -2.4362912E+01   0.0000000E+00
  -2.4029173E+01   0.0000000E+00
  -2.3695435E+01   0.0000000E+00
  -2.3361696E+01   0.0000000E+00
  -2.3027958E+01   0.0000000E+00
  -2.2694219E+01   0.0000000E+00
  -2.2360480E+01   0.0000000E+00
  -2.2026742E+01   0.0000000E+00
  -2.1693003E+01   0.0000000E+00
  -2.1359265E+01   0.0000000E+00
  -2.1025526E+01   0.0000000E+00
  -2.0691787E+01   0.0000000E+00
  -2.0358049E+01   0.0000000E+00
  -2.0024310E+01   0.0000000E+00
  -1.9690572E+01   0.0000000E+00
  -1.9356833E+01   0.0000000E+00
  -1.9023094E+01   0.0000000E+00
  -1.8689356E+01   0.0000000E+00
  -1.8355617E+01   0.0000000E+00
  -1.8021879E+01   0.0000000E+00
  -1.7688140E+01   0.0000000E+00
  -1.7354401E+01   0.0000000E+00
  -1.7020663E+01   0.0000000E+00
  -1.6686924E+01   0.0000000E+00
  -1.6353186E+01   0.0000000E+00
  -1.6019447E+01   0.0000000E+00
  -1.5685708E+01   0.0000000E+00
  -1.5351970E+01   0.0000000E+00
  -1.5018231E+01   0.0000000E+00
  -1.4684493E+01   0.0000000E+00
  -1.4350754E+01   0.0000000E+00
  -1.4017015E+01   0.0000000E+00
  -1.3683277E+01   0.0000000E+00
  -1.3349538E+01   0.0000000E+00
  -1.3015800E+01   0.0000000E+00
  -1.2682061E+01   0.0000000E+00
  -1.2348322E+01   0.0000000E+00
  -1.2014584E+01   0.0000000E+00
  -1.1680845E+01   0.0000000E+00
  -1.1347107E+01   0.0000000E+00
  -1.1013368E+01   0.0000000E+00
  -1.0679630E+01   0.0000000E+00
  -1.0345891E+01   0.0000000E+00
  -1.0012152E+01   0.0000000E+00
  -9.6784137E+00   0.0000000E+00
  -9.3446751E+00   0.0000000E+00
  -9.0109365E+00   0.0000000E+00
  -8.6771979E+00   0.0000000E+00
  -8.3434593E+00   0.0000000E+00
  -8.0097207E+00   0.0000000E+00
  -7.6759821E+00   0.0000000E+00
  -7.3422436E+00   0.0000000E+00
  -7.0085050E+00   0.0000000E+00
  -6.6747664E+00   0.0000000E+00
  -6.3410278E+00   0.0000000E+00
  -6.0072892E+00   0.0000000E+00
  -5.6735506E+00   0.0000000E+00
  -5.3398120E+00   0.0000000E+00
  -5.0060734E+00   0.0000000E+00
  -4.6723348E+00   0.0000000E+00
  -4.3385962E+00   0.0000000E+00
  -4.0048576E+00   0.0000000E+00
  -3.6711190E+00   0.0000000E+00
  -3.3373804E+00   0.0000000E+00
  -3.0036418E+00   0.0000000E+00
  -2.6699032E+00   0.0000000E+00
  -2.3361646E+00   0.0000000E+00
  -2.0024260E+00   0.0000000E+00
  -1.6686874E+00   0.0000000E+00
  -1.3349488E+00   0.0000000E+00
  -1.0012102E+00   0.0000000E+00
  -6.6747165E-01   0.0000000E+00
  -3.3373305E-01   0.0000000E+00
   5.5432320E-06   0.0000000E+00
   3.3374414E-01   0.0000000E+00
   6.6748273E-01   0.0000000E+00
   1.0012213E+00   0.0000000E+00
   1.3349599E+00   0.0000000E+00
   1.6686985E+00   0.0000000E+00
   2.0024371E+00   0.0000000E+00
   2.3361757E+00   0.0000000E+00
   2.6699143E+00   0.0000000E+00
   3.0036529E+00   0.0000000E+00
   3.3373915E+00   0.0000000E+00
   3.6711301E+00   0.0000000E+00
   4.0048687E+00   0.0000000E+00
   4.3386073E+00   0.0000000E+00
   4.6723459E+00   0.0000000E+00
   5.0060845E+00   0.0000000E+00
   5.3398231E+00   0.0000000E+00
   5.6735617E+00   0.0000000E+00
   6.0073003E+00   0.0000000E+00
   6.3410389E+00   0.0000000E+00
   6.6747774E+00   0.0000000E+00
   7.0085160E+00   0.0000000E+00
   7.3422546E+00   0.0000000E+00
   7.6759932E+00   0.0000000E+00
   8.0097318E+00   0.0000000E+00
   8.3434704E+00   0.0000000E+00
   8.6772090E+00   0.0000000E+00
   9.0109476E+00   0.0000000E+00
   9.3446862E+00   0.0000000E+00
   9.6784248E+00   0.0000000E+00
   1.0012163E+01   0.0000000E+00
   1.0345902E+01   0.0000000E+00
   1.0679641E+01   0.0000000E+00
   1.1013379E+01   0.0000000E+00
   1.1347118E+01   0.0000000E+00
   1.1680856E+01   0.0000000E+00
   1.2014595E+01   0.0000000E+00
   1.2348334E+01   0.0000000E+00
   1.2682072E+01   0.0000000E+00
   1.3015811E+01   0.0000000E+00
   1.3349549E+01   0.0000000E+00
   1.3683288E+01   0.0000000E+00
   1.4017027E+01   0.0000000E+00
   1.4350765E+01   0.0000000E+00
   1.4684504E+01   0.0000000E+00
   1.5018242E+01   0.0000000E+00
   1.5351981E+01   0.0000000E+00
   1.5685720E+01   0.0000000E+00
   1.6019458E+01   0.0000000E+00
   1.6353197E+01   0.0000000E+00
   1.6686935E+01   0.0000000E+00
   1.7020674E+01   0.0000000E+00
   1.7354412E+01   0.0000000E+00
   1.7688151E+01   0.0000000E+00
   1.8021890E+01   0.0000000E+00
   1.8355628E+01   0.0000000E+00
   1.8689367E+01   0.0000000E+00
   1.9023105E+01   0.0000000E+00
   1.9356844E+01   0.0000000E+00
   1.9690583E+01   0.0000000E+00
   2.0024321E+01   0.0000000E+00
   2.0358060E+01   0.0000000E+00
   2.0691798E+01   0.0000000E+00
   2.1025537E+01   0.0000000E+00
   2.1359276E+01   0.0000000E+00
   2.1693014E+01   0.0000000E+00
   2.2026753E+01   0.0000000E+00
   2.2360491E+01   0.0000000E+00
   2.2694230E+01   0.0000000E+00
   2.3027969E+01   0.0000000E+00
   2.3361707E+01   0.0000000E+00
   2.3695446E+01   0.0000000E+00
   2.4029184E+01   0.0000000E+00
   2.4362923E+01   0.0000000E+00
   2.4696662E+01   0.0000000E+00
   2.5030400E+01   0.0000000E+00
   2.5364139E+01   0.0000000E+00
   2.5697877E+01   0.0000000E+00
   2.6031616E+01   0.0000000E+00
   2.6365355E+01   0.0000000E+00
   2.6699093E+01   0.0000000E+00
   2.7032832E+01   0.0000000E+00
   2.7366570E+01   0.0000000E+00
   2.7700309E+01   0.0000000E+00
   2.8034048E+01   0.0000000E+00
   2.8367786E+01   0.0000000E+00
   2.8701525E+01   0.0000000E+00
   2.9035263E+01   0.0000000E+00
   2.9369002E+01   0.0000000E+00
   2.9702741E+01   0.0000000E+00
   3.0036479E+01   0.0000000E+00
   3.0370218E+01   0.0000000E+00
   3.0703956E+01   0.0000000E+00
   3.1037695E+01   0.0000000E+00
   3.1371433E+01   0.0000000E+00
   3.1705172E+01   0.0000000E+00
   3.2038911E+01   0.0000000E+00
   3.2372649E+01   0.0000000E+00
   3.2706388E+01   0.0000000E+00
   3.3040126E+01   0.0000000E+00
   3.3373865E+01   0.0000000E+00
   3.3707604E+01   0.0000000E+00
   3.4041342E+01   0.0000000E+00
   3.4375081E+01   0.0000000E+00
   3.4708819E+01   0.0000000E+00
   3.5042558E+01   0.0000000E+00
   3.5376297E+01   0.0000000E+00
   3.5710035E+01   0.0000000E+00
   3.6043774E+01   0.0000000E+00
   3.6377512E+01   0.0000000E+00
   3.6711251E+01   0.0000000E+00
   3.7044990E+01   0.0000000E+00
   3.7378728E+01   0.0000000E+00
   3.7712467E+01   0.0000000E+00
   3.8046205E+01   0.0000000E+00
   3.8379944E+01   0.0000000E+00
   3.8713683E+01   0.0000000E+00
   3.9047421E+01   0.0000000E+00
   3.9381160E+01   0.0000000E+00
   3.9714898E+01   0.0000000E+00
   4.0048637E+01   0.0000000E+00
   4.0382376E+01   0.0000000E+00
   4.0716114E+01   0.0000000E+00
   4.1049853E+01   0.0000000E+00
   4.1383591E+01   0.0000000E+00
   4.1717330E+01   0.0000000E+00
   4.2051069E+01   0.0000000E+00
   4.2384807E+01   0.0000000E+00
   4.2718546E+01   0.0000000E+00
   4.3052284E+01   0.0000000E+00
   4.3386023E+01   0.0000000E+00
   4.3719762E+01   0.0000000E+00
   4.4053500E+01   0.0000000E+00
   4.4387239E+01   0.0000000E+00
   4.4720977E+01   0.0000000E+00
   4.5054716E+01   0.0000000E+00
   4.5388454E+01   0.0000000E+00
   4.5722193E+01   0.0000000E+00
   4.6055932E+01   0.0000000E+00
   4.6389670E+01   0.0000000E+00
   4.6723409E+01   0.0000000E+00
   4.7057147E+01   0.0000000E+00
   4.7390886E+01   0.0000000E+00
   4.7724625E+01   0.0000000E+00
   4.8058363E+01   0.0000000E+00
   4.8392102E+01   0.0000000E+00
   4.8725840E+01   0.0000000E+00
   4.9059579E+01   0.0000000E+00
   4.9393318E+01   0.0000000E+00
   4.9727056E+01   0.0000000E+00
   5.0060795E+01   0.0000000E+00
   5.0394533E+01   0.0000000E+00
   5.0728272E+01   0.0000000E+00
   5.1062011E+01   0.0000000E+00
   5.1395749E+01   0.0000000E+00
   5.1729488E+01   0.0000000E+00
   5.2063226E+01   0.0000000E+00
   5.2396965E+01   0.0000000E+00
   5.2730704E+01   0.0000000E+00
   5.3064442E+01   0.0000000E+00
   5.3398181E+01   0.0000000E+00
   5.3731919E+01   0.0000000E+00
   5.4065658E+01   0.0000000E+00
   5.4399397E+01   0.0000000E+00
   5.4733135E+01   0.0000000E+00
   5.5066874E+01   0.0000000E+00
   5.5400612E+01   0.0000000E+00
   5.5734351E+01   0.0000000E+00
   5.6068090E+01   0.0000000E+00
   5.6401828E+01   0.0000000E+00
   5.6735567E+01   0.0000000E+00
   5.7069305E+01   0.0000000E+00
   5.7403044E+01   0.0000000E+00
   5.7736783E+01   0.0000000E+00
   5.8070521E+01   0.0000000E+00
   5.8404260E+01   0.0000000E+00
   5.8737998E+01   0.0000000E+00
   5.9071737E+01   0.0000000E+00
   5.9405475E+01   0.0000000E+00
   5.9739214E+01   0.0000000E+00
   6.0072953E+01   0.0000000E+00
   6.0406691E+01   0.0000000E+00
   6.0740430E+01   0.0000000E+00
   6.1074168E+01   0.0000000E+00
   6.1407907E+01   0.0000000E+00
   6.1741646E+01   0.0000000E+00
   6.2075384E+01   0.0000000E+00
   6.2409123E+01   0.0000000E+00
   6.2742861E+01   0.0000000E+00
   6.3076600E+01   0.0000000E+00
   6.3410339E+01   0.0000000E+00
   6.3744077E+01   0.0000000E+00
   6.4077816E+01   0.0000000E+00
   6.4411554E+01   0.0000000E+00
   6.4745293E+01   0.0000000E+00
   6.5079032E+01   0.0000000E+00
   6.5412770E+01   0.0000000E+00
   6.5746509E+01   0.0000000E+00
   6.6080247E+01   0.0000000E+00
   6.6413986E+01   0.0000000E+00
   6.6747725E+01   0.0000000E+00
   6.7081463E+01   0.0000000E+00
   6.7415202E+01   0.0000000E+00
   6.7748940E+01   0.0000000E+00
   6.8082679E+01   0.0000000E+00
   6.8416418E+01   0.0000000E+00
   6.8750156E+01   0.0000000E+00
   6.9083895E+01   0.0000000E+00
   6.9417633E+01   0.0000000E+00
   6.9751372E+01   0.0000000E+00
   7.0085111E+01   0.0000000E+00
   7.0418849E+01   0.0000000E+00
   7.0752588E+01   0.0000000E+00
   7.1086326E+01   0.0000000E+00
   7.1420065E+01   0.0000000E+00
   7.1753804E+01   0.0000000E+00
   7.2087542E+01   0.0000000E+00
   7.2421281E+01   0.0000000E+00
   7.2755019E+01   0.0000000E+00
   7.3088758E+01   0.0000000E+00
   7.3422496E+01   0.0000000E+00
   7.3756235E+01   0.0000000E+00
   7.4089974E+01   0.0000000E+00
   7.4423712E+01   0.0000000E+00
   7.4757451E+01   0.0000000E+00
   7.5091189E+01   0.0000000E+00
   7.5424928E+01   0.0000000E+00
   7.5758667E+01   0.0000000E+00
   7.6092405E+01   0.0000000E+00
   7.6426144E+01   0.0000000E+00
   7.6759882E+01   0.0000000E+00
   7.7093621E+01   0.0000000E+00
   7.7427360E+01   0.0000000E+00
   7.7761098E+01   0.0000000E+00
   7.8094837E+01   0.0000000E+00
   7.8428575E+01   0.0000000E+00
   7.8762314E+01   0.0000000E+00
   7.9096053E+01   0.0000000E+00
   7.9429791E+01   0.0000000E+00
   7.9763530E+01   0.0000000E+00
   8.0097268E+01   0.0000000E+00
   8.0431007E+01   0.0000000E+00
   8.0764746E+01   0.0000000E+00
   8.1098484E+01   0.0000000E+00
   8.1432223E+01   0.0000000E+00
   8.1765961E+01   0.0000000E+00
   8.2099700E+01   0.0000000E+00
   8.2433439E+01   0.0000000E+00
   8.2767177E+01   0.0000000E+00
   8.3100916E+01   0.0000000E+00
   8.3434654E+01   0.0000000E+00
   8.3768393E+01   0.0000000E+00
   8.4102132E+01   0.0000000E+00
   8.4435870E+01   0.0000000E+00
   8.4769609E+01   0.0000000E+00
   8.5103347E+01   0.0000000E+00
   8.5437086E+01   0.0000000E+00
   8.5770825E+01   0.0000000E+00
   8.6104563E+01   0.0000000E+00
   8.6438302E+01   0.0000000E+00
   8.6772040E+01   0.0000000E+00
   8.7105779E+01   0.0000000E+00
   8.7439517E+01   0.0000000E+00
   8.7773256E+01   0.0000000E+00
   8.8106995E+01   0.0000000E+00
   8.8440733E+01   0.0000000E+00
   8.8774472E+01   0.0000000E+00
   8.9108210E+01   0.0000000E+00
   8.9441949E+01   0.0000000E+00
   8.9775688E+01   0.0000000E+00
   9.0109426E+01   0.0000000E+00
   9.0443165E+01   0.0000000E+00
   9.0776903E+01   0.0000000E+00
   9.1110642E+01   0.0000000E+00
   9.1444381E+01   0.0000000E+00
   9.1778119E+01   0.0000000E+00
   9.2111858E+01   0.0000000E+00
   9.2445596E+01   0.0000000E+00
   9.2779335E+01   0.0000000E+00
   9.3113074E+01   0.0000000E+00
   9.3446812E+01   0.0000000E+00
   9.3780551E+01   0.0000000E+00
   9.4114289E+01   0.0000000E+00
   9.4448028E+01   0.0000000E+00
   9.4781767E+01   0.0000000E+00
   9.5115505E+01   0.0000000E+00
   9.5449244E+01   0.0000000E+00
   9.5782982E+01   0.0000000E+00
   9.6116721E+01   0.0000000E+00
   9.6450460E+01   0.0000000E+00
   9.6784198E+01   0.0000000E+00
   9.7117937E+01   0.0000000E+00
   9.7451675E+01   0.0000000E+00
   9.7785414E+01   0.0000000E+00
   9.8119153E+01   0.0000000E+00
   9.8452891E+01   0.0000000E+00
   9.8786630E+01   0.0000000E+00
   9.9120368E+01   0.0000000E+00
   9.9454107E+01   0.0000000E+00
   9.9787846E+01   0.0000000E+00
   1.0012158E+02   0.0000000E+00
   1.0045532E+02   0.0000000E+00
   1.0078906E+02   0.0000000E+00
   1.0112280E+02   0.0000000E+00
   1.0145654E+02   0.0000000E+00
   1.0179028E+02   0.0000000E+00
   1.0212402E+02   0.0000000E+00
   1.0245775E+02   0.0000000E+00
   1.0279149E+02   0.0000000E+00
   1.0312523E+02   0.0000000E+00
   1.0345897E+02   0.0000000E+00
   1.0379271E+02   0.0000000E+00
   1.0412645E+02   0.0000000E+00
   1.0446019E+02   0.0000000E+00
   1.0479392E+02   0.0000000E+00
   1.0512766E+02   0.0000000E+00
   1.0546140E+02   0.0000000E+00
   1.0579514E+02   0.0000000E+00
   1.0612888E+02   0.0000000E+00
   1.0646262E+02   0.0000000E+00
   1.0679636E+02   0.0000000E+00
   1.0713009E+02   0.0000000E+00
   1.0746383E+02   0.0000000E+00
   1.0779757E+02   0.0000000E+00
   1.0813131E+02   0.0000000E+00
   1.0846505E+02   0.0000000E+00
   1.0879879E+02   0.0000000E+00
   1.0913253E+02   0.0000000E+00
   1.0946626E+02   0.0000000E+00
   1.0980000E+02   0.0000000E+00
   1.1013374E+02   0.0000000E+00
   1.1046748E+02   0.0000000E+00
   1.1080122E+02   0.0000000E+00
   1.1113496E+02   0.0000000E+00
   1.1146870E+02   0.0000000E+00
   1.1180243E+02   0.0000000E+00
   1.1213617E+02   0.0000000E+00
   1.1246991E+02   0.0000000E+00
   1.1280365E+02   0.0000000E+00
   1.1313739E+02   0.0000000E+00
   1.1347113E+02   0.0000000E+00
   1.1380487E+02   0.0000000E+00
   1.1413861E+02   0.0000000E+00
   1.1447234E+02   0.0000000E+00
   1.1480608E+02   0.0000000E+00
   1.1513982E+02   0.0000000E+00
   1.1547356E+02   0.0000000E+00
   1.1580730E+02   0.0000000E+00
   1.1614104E+02   0.0000000E+00
   1.1647478E+02   0.0000000E+00
   1.1680851E+02   0.0000000E+00
   1.1714225E+02   0.0000000E+00
   1.1747599E+02   0.0000000E+00
   1.1780973E+02   0.0000000E+00
   1.1814347E+02   0.0000000E+00
   1.1847721E+02   0.0000000E+00
   1.1881095E+02   0.0000000E+00
   1.1914468E+02   0.0000000E+00
   1.1947842E+02   0.0000000E+00
   1.1981216E+02   0.0000000E+00
   1.2014590E+02   0.0000000E+00
   1.2047964E+02   0.0000000E+00
   1.2081338E+02   0.0000000E+00
   1.2114712E+02   0.0000000E+00
   1.2148085E+02   0.0000000E+00
   1.2181459E+02   0.0000000E+00
   1.2214833E+02   0.0000000E+00
   1.2248207E+02   0.0000000E+00
   1.2281581E+02   0.0000000E+00
   1.2314955E+02   0.0000000E+00
   1.2348329E+02   0.0000000E+00
   1.2381702E+02   0.0000000E+00
   1.2415076E+02   0.0000000E+00
   1.2448450E+02   0.0000000E+00
   1.2481824E+02   0.0000000E+00
   1.2515198E+02   0.0000000E+00
   1.2548572E+02   0.0000000E+00
   1.2581946E+02   0.0000000E+00
   1.2615319E+02   0.0000000E+00
   1.2648693E+02   0.0000000E+00
   1.2682067E+02   0.0000000E+00
   1.2715441E+02   0.0000000E+00
   1.2748815E+02   0.0000000E+00
   1.2782189E+02   0.0000000E+00
   1.2815563E+02   0.0000000E+00
   1.2848936E+02   0.0000000E+00
   1.2882310E+02   0.0000000E+00
   1.2915684E+02   0.0000000E+00
   1.2949058E+02   0.0000000E+00
   1.2982432E+02   0.0000000E+00
   1.3015806E+02   0.0000000E+00
   1.3049180E+02   0.0000000E+00
   1.3082553E+02   0.0000000E+00
   1.3115927E+02   0.0000000E+00
   1.3149301E+02   0.0000000E+00
   1.3182675E+02   0.0000000E+00
   1.3216049E+02   0.0000000E+00
   1.3249423E+02   0.0000000E+00
   1.3282797E+02   0.0000000E+00
   1.3316171E+02   0.0000000E+00
   1.3349544E+02   0.0000000E+00
   1.3382918E+02   0.0000000E+00
   1.3416292E+02   0.0000000E+00
   1.3449666E+02   0.0000000E+00
   1.3483040E+02   0.0000000E+00
   1.3516414E+02   0.0000000E+00
   1.3549788E+02   0.0000000E+00
   1.3583161E+02   0.0000000E+00
   1.3616535E+02   0.0000000E+00
   1.3649909E+02   0.0000000E+00
   1.3683283E+02   0.0000000E+00
   1.3716657E+02   0.0000000E+00
   1.3750031E+02   0.0000000E+00
   1.3783405E+02   0.0000000E+00
   1.3816778E+02   0.0000000E+00
   1.3850152E+02   0.0000000E+00
   1.3883526E+02   0.0000000E+00
   1.3916900E+02   0.0000000E+00
   1.3950274E+02   0.0000000E+00
   1.3983648E+02   0.0000000E+00
   1.4017022E+02   0.0000000E+00
   1.4050395E+02   0.0000000E+00
   1.4083769E+02   0.0000000E+00
   1.4117143E+02   0.0000000E+00
   1.4150517E+02   0.0000000E+00
   1.4183891E+02   0.0000000E+00
   1.4217265E+02   0.0000000E+00
   1.4250639E+02   0.0000000E+00
   1.4284012E+02   0.0000000E+00
   1.4317386E+02   0.0000000E+00
   1.4350760E+02   0.0000000E+00
   1.4384134E+02   0.0000000E+00
   1.4417508E+02   0.0000000E+00
   1.4450882E+02   0.0000000E+00
   1.4484256E+02   1.4012985E-45
   1.4517629E+02   1.4012985E-45
   1.4551003E+02   4.2038954E-45
   1.4584377E+02   4.2038954E-45
   1.4617751E+02   5.6051939E-45
   1.4651125E+02   7.0064923E-45
   1.4684499E+02   4.2038954E-45
   1.4717873E+02   4.2038954E-45
   1.4751246E+02  -1.4012985E-45
   1.4784620E+02  -4.2038954E-45
   1.4817994E+02  -1.1210388E-44
   1.4851368E+02  -1.5414283E-44
   1.4884742E+02  -2.1019477E-44
   1.4918116E+02  -2.2420775E-44
   1.4951490E+02  -2.1019477E-44
   1.4984863E+02  -1.6815582E-44
   1.5018237E+02  -7.0064923E-45
   1.5051611E+02   5.6051939E-45
   1.5084985E+02   1.6815582E-44
   1.5118359E+02   3.0828566E-44
   1.5151733E+02   4.4841551E-44
   1.5185107E+02   5.6051939E-44
   1.5218480E+02   5.7453237E-44
   1.5251854E+02   5.1848043E-44
   1.5285228E+02   3.9236357E-44
   1.5318602E+02   1.6815582E-44
   1.5351976E+02  -5.6051939E-45
   1.5385350E+02  -4.2038954E-44
   1.5418724E+02  -7.4268819E-44
   1.5452098E+02  -1.0089349E-43
   1.5485471E+02  -1.1911037E-43
   1.5518845E+02  -1.2611686E-43
   1.5552219E+02  -1.1210388E-43
   1.5585593E+02  -7.9874012E-44
   1.5618967E+02  -2.9427268E-44
   1.5652341E+02   3.2229865E-44
   1.5685715E+02   1.0509738E-43
   1.5719088E+02   1.6955711E-43
   1.5752462E+02   2.1860256E-43
   1.5785836E+02   2.4662853E-43
   1.5819210E+02   2.3401684E-43
   1.5852584E+02   1.8216880E-43
   1.5885958E+02   9.1084400E-44
   1.5919332E+02  -3.5032462E-44
   1.5952705E+02  -1.8216880E-43
   1.5986079E+02  -3.3210774E-43
   1.6019453E+02  -4.5962590E-43
   1.6052827E+02  -5.4090121E-43
   1.6086201E+02  -5.5351289E-43
   1.6119575E+02  -4.8064537E-43
   1.6152949E+02  -3.1669345E-43
   1.6186322E+02  -7.1466222E-44
   1.6219696E+02   2.3681944E-43
   1.6253070E+02   5.7032847E-43
   1.6286444E+02   8.8562063E-43
   1.6319818E+02   1.1280453E-42
   1.6353192E+02   1.2457543E-42
   1.6386566E+02   1.1967089E-42
   1.6419939E+02   9.5708685E-43
   1.6453313E+02   5.2548692E-43
   1.6486687E+02  -6.8663625E-44
   1.6520061E+02  -7.6370766E-43
   1.6553435E+02  -1.4713634E-42
   1.6586809E+02  -2.0851321E-42
   1.6620183E+02  -2.4929100E-42
   1.6653556E+02  -2.5895996E-42
   1.6686930E+02  -2.3023334E-42
   1.6720304E+02  -1.6058880E-42
   1.6753678E+02  -5.2128303E-43
   1.6787052E+02   8.5619336E-43
   1.6820426E+02   2.3681944E-42
   1.6853800E+02   3.8157357E-42
   1.6887173E+02   4.9549914E-42
   1.6920547E+02   5.5687601E-42
   1.6953921E+02   5.4566562E-42
   1.6987295E+02   4.4995694E-42
   1.7020669E+02   2.6848879E-42
   1.7054043E+02   1.3732725E-43
   1.7087417E+02  -2.8964839E-42
   1.7120790E+02  -6.0494055E-42
   1.7154164E+02  -8.8646141E-42
   1.7187538E+02  -1.0857261E-41
   1.7220912E+02  -1.1571923E-41
   1.7254286E+02  -1.0673690E-41
   1.7287660E+02  -8.0014142E-42
   1.7321034E+02  -3.6363695E-42
   1.7354408E+02   2.0655139E-42
   1.7387781E+02   8.4946713E-42
   1.7421155E+02   1.4811725E-41
   1.7454529E+02   2.0056785E-41
   1.7487903E+02   2.3254548E-41
   1.7521277E+02   2.3557228E-41
   1.7554651E+02   2.0418320E-41
   1.7588025E+02   1.3690686E-41
   1.7621398E+02   3.7414669E-42
   1.7654772E+02  -8.5044804E-42
   1.7688146E+02  -2.1643055E-41
   1.7721520E+02  -3.3877792E-41
   1.7754894E+02  -4.3235663E-41
   1.7788268E+02  -4.7830520E-41
   1.7821642E+02  -4.6161574E-41
   1.7855015E+02  -3.7395051E-41
   1.7888389E+02  -2.1599615E-41
   1.7921763E+02   1.0089349E-43
   1.7955137E+02   2.5533059E-41
   1.7988511E+02   5.1584599E-41
   1.8021885E+02   7.4540671E-41
   1.8055259E+02   9.0502861E-41
   1.8088632E+02   9.5942702E-41
   1.8122006E+02   8.8277599E-41
   1.8155380E+02   6.6417343E-41
   1.8188754E+02   3.1152266E-41
   1.8222128E+02  -1.4623951E-41
   1.8255502E+02  -6.5991349E-41
   1.8288876E+02  -1.1640726E-40
   1.8322249E+02  -1.5836354E-40
   1.8355623E+02  -1.8433941E-40
   1.8388997E+02  -1.8788189E-40
   1.8422371E+02  -1.6473525E-40
   1.8455745E+02  -1.1380365E-40
   1.8489119E+02  -3.7854677E-41
   1.8522493E+02   5.6276146E-41
   1.8555866E+02   1.5798379E-40
   1.8589240E+02   2.5380178E-40
   1.8622614E+02   3.2891698E-40
   1.8655988E+02   3.6904176E-40
   1.8689362E+02   3.6259579E-40
   1.8722736E+02   3.0279958E-40
   1.8756110E+02   1.8944714E-40
   1.8789483E+02   3.0006004E-41
   1.8822857E+02  -1.6020345E-40
   1.8856231E+02  -3.5892298E-40
   1.8889605E+02  -5.3901226E-40
   1.8922979E+02  -6.7154987E-40
   1.8956353E+02  -7.2967152E-40
   1.8989727E+02  -6.9276833E-40
   1.9023100E+02  -5.5044685E-40
   1.9056474E+02  -3.0566804E-40
   1.9089848E+02   2.3460539E-41
   1.9123222E+02   4.0381218E-40
   1.9156596E+02   7.8949996E-40
   1.9189970E+02   1.1263231E-39
   1.9223344E+02   1.3581217E-39
   1.9256718E+02   1.4344378E-39
   1.9290091E+02   1.3186499E-39
   1.9323465E+02   9.9541937E-40
   1.9356839E+02   4.7639243E-40
   1.9390213E+02  -1.9701275E-40
   1.9423587E+02  -9.5458133E-40
   1.9456961E+02  -1.7025020E-39
   1.9490335E+02  -2.3327780E-39
   1.9523708E+02  -2.7361712E-39
   1.9557082E+02  -2.8174815E-39
   1.9590456E+02  -2.5113651E-39
   1.9623830E+02  -1.7965529E-39
   1.9657204E+02  -7.0618296E-40
   1.9690578E+02   6.6779159E-40
   1.9723952E+02   2.1778112E-39
   1.9757325E+02   3.6322833E-39
   1.9790699E+02   4.8153183E-39
   1.9824073E+02   5.5132056E-39
   1.9857447E+02   5.5450067E-39
   1.9890821E+02   4.7937033E-39
   1.9924195E+02   3.2335340E-39
   1.9957569E+02   9.4906161E-40
   1.9990942E+02  -1.8581035E-39
   2.0024316E+02  -4.8780166E-39
   2.0057690E+02  -7.7178797E-39
   2.0091064E+02  -9.9435929E-39
   2.0124438E+02  -1.1134213E-38
   2.0157812E+02  -1.0943886E-38
   2.0191186E+02  -9.1636848E-39
   2.0224559E+02  -5.7747286E-39
   2.0257933E+02  -9.8341305E-40
   2.0291307E+02   4.7691680E-39
   2.0324681E+02   1.0829526E-38
   2.0358055E+02   1.6388008E-38
   2.0391429E+02   2.0566956E-38
   2.0424803E+02   2.2533740E-38
   2.0458176E+02   2.1626979E-38
   2.0491550E+02   1.7480275E-38
   2.0524924E+02   1.0125466E-38
   2.0558298E+02   5.7109919E-41
   2.0591672E+02  -1.1757726E-38
   2.0625046E+02  -2.3935310E-38
   2.0658420E+02  -3.4800261E-38
   2.0691793E+02  -4.2573928E-38
   2.0725167E+02  -4.5610466E-38
   2.0758541E+02  -4.2654965E-38
   2.0791915E+02  -3.3090985E-38
   2.0825289E+02  -1.7139822E-38
   2.0858663E+02   4.0251374E-39
   2.0892037E+02   2.8280470E-38
   2.0925410E+02   5.2691221E-38
   2.0958784E+02   7.3789905E-38
   2.0992158E+02   8.7980603E-38
   2.1025532E+02   9.2032182E-38
   2.1058906E+02   8.3605373E-38
   2.1092280E+02   6.1743632E-38
   2.1125654E+02   2.7251449E-38
   2.1159027E+02  -1.7114764E-38
   2.1192401E+02  -6.6702877E-38
   2.1225775E+02  -1.1530388E-37
   2.1259149E+02  -1.5577379E-37
   2.1292523E+02  -1.8089828E-37
   2.1325897E+02  -1.8441837E-37
   2.1359271E+02  -1.6209626E-37
   2.1392645E+02  -1.1267565E-37
   2.1426018E+02  -3.8578829E-38
   2.1459392E+02   5.3805691E-38
   2.1492766E+02   1.5435762E-37
   2.1526140E+02   2.5003806E-37
   2.1559514E+02   3.2626455E-37
   2.1592888E+02   3.6874588E-37
   2.1626262E+02   3.6559164E-37
   2.1659635E+02   3.0943784E-37
   2.1693009E+02   1.9928569E-37
   2.1726383E+02   4.1736072E-38
   2.1759757E+02  -1.4866091E-37
   2.1793131E+02  -3.5014478E-37
   2.1826505E+02  -5.3565084E-37
   2.1859879E+02  -6.7580840E-37
   2.1893252E+02  -7.4278182E-37
   2.1926626E+02  -7.1454509E-37
   2.1960000E+02  -5.7904222E-37
   2.1993374E+02  -3.3761379E-37
   2.2026748E+02  -7.0690911E-39
   2.2060122E+02   3.8012604E-37
   2.2093496E+02   7.7789024E-37
   2.2126869E+02   1.1308767E-36
   2.2160243E+02   1.3808950E-36
   2.2193617E+02   1.4748178E-36
   2.2226991E+02   1.3730822E-36
   2.2260365E+02   1.0576565E-36
   2.2293739E+02   5.3822654E-37
   2.2327113E+02  -1.4458584E-37
   2.2360486E+02  -9.1993392E-37
   2.2393860E+02  -1.6919318E-36
   2.2427234E+02  -2.3493156E-36
   2.2460608E+02  -2.7789114E-36
   2.2493982E+02  -2.8816090E-36
   2.2527356E+02  -2.5889291E-36
   2.2560730E+02  -1.8779057E-36
   2.2594103E+02  -7.8185082E-37
   2.2627477E+02   6.0522946E-37
   2.2660851E+02   2.1322315E-36
   2.2694225E+02   3.6033573E-36
   2.2727599E+02   4.7989743E-36
   2.2760973E+02   5.5032737E-36
   2.2794347E+02   5.5358885E-36
   2.2827720E+02   4.7834936E-36
   2.2861094E+02   3.2268977E-36
   2.2894468E+02   9.5895558E-37
   2.2927842E+02  -1.8107327E-36
   2.2961216E+02  -4.7671243E-36
   2.2994590E+02  -7.5180003E-36
   2.3027964E+02  -9.6378053E-36
   2.3061337E+02  -1.0723262E-35
   2.3094711E+02  -1.0454652E-35
   2.3128085E+02  -8.6548376E-36
   2.3161459E+02  -5.3372103E-36
   2.3194833E+02  -7.3394211E-37
   2.3228207E+02   4.7026360E-36
   2.3261581E+02   1.0329949E-35
   2.3294955E+02   1.5376991E-35
   2.3328328E+02   1.9034244E-35
   2.3361702E+02   2.0563138E-35
   2.3395076E+02   1.9412529E-35
   2.3428450E+02   1.5326544E-35
   2.3461824E+02   8.4271121E-36
   2.3495198E+02  -7.4463521E-37
   2.3528572E+02  -1.1240297E-35
   2.3561945E+02  -2.1776053E-35
   2.3595319E+02  -3.0863416E-35
   2.3628693E+02  -3.6989317E-35
   2.3662067E+02  -3.8827434E-35
   2.3695441E+02  -3.5455392E-35
   2.3728815E+02  -2.6547848E-35
   2.3762189E+02  -1.2514327E-35
   2.3795562E+02   5.4463471E-36
   2.3828936E+02   2.5395428E-35
   2.3862310E+02   4.4816118E-35
   2.3895684E+02   6.0882113E-35
   2.3929058E+02   7.0810930E-35
   2.3962432E+02   7.2264365E-35
   2.3995806E+02   6.3746932E-35
   2.4029179E+02   4.4944929E-35
   2.4062553E+02   1.6949653E-35
   2.4095927E+02  -1.7684675E-35
   2.4129301E+02  -5.5080910E-35
   2.4162675E+02  -9.0387055E-35
   2.4196049E+02  -1.1831415E-34
   2.4229423E+02  -1.3381655E-34
   2.4262796E+02  -1.3283938E-34
   2.4296170E+02  -1.1303836E-34
   2.4329544E+02  -7.4365802E-35
   2.4362918E+02  -1.9420584E-35
   2.4396292E+02   4.6521934E-35
   2.4429666E+02   1.1585227E-34
   2.4463040E+02   1.7934772E-34
   2.4496413E+02   2.2722703E-34
   2.4529787E+02   2.5043909E-34
   2.4563161E+02   2.4204058E-34
   2.4596535E+02   1.9848128E-34
   2.4629909E+02   1.2060404E-34
   2.4663283E+02   1.4177541E-35
   2.4696657E+02  -1.1018148E-34
   2.4730030E+02  -2.3777454E-34
   2.4763404E+02  -3.5127050E-34
   2.4796778E+02  -4.3273414E-34
   2.4830152E+02  -4.6603658E-34
   2.4863526E+02  -4.3936755E-34
   2.4896900E+02  -3.4751319E-34
   2.4930274E+02  -1.9355068E-34
   2.4963647E+02   1.0361363E-35
   2.4997021E+02   2.4333794E-34
   2.5030395E+02   4.7738304E-34
   2.5063769E+02   6.8022580E-34
   2.5097143E+02   8.1915903E-34
   2.5130517E+02   8.6549509E-34
   2.5163891E+02   7.9911318E-34
   2.5197264E+02   6.1248274E-34
   2.5230638E+02   3.1353313E-34
   2.5264012E+02  -7.3188161E-35
   2.5297386E+02  -5.0747583E-34
   2.5330760E+02  -9.3671389E-34
   2.5364134E+02  -1.3012930E-33
   2.5397508E+02  -1.5417600E-33
   2.5430882E+02  -1.6069728E-33
   2.5464255E+02  -1.4622847E-33
   2.5497629E+02  -1.0966453E-33
   2.5531003E+02  -5.2749951E-34
   2.5564377E+02   1.9749958E-34
   2.5597751E+02   1.0026374E-33
   2.5631125E+02   1.7904024E-33
   2.5664499E+02   2.4515919E-33
   2.5697872E+02   2.8784249E-33
   2.5731246E+02   2.9793161E-33
   2.5764620E+02   2.6935336E-33
   2.5797994E+02   2.0037488E-33
   2.5831368E+02   9.4450264E-34
   2.5864742E+02  -3.9513508E-34
   2.5898116E+02  -1.8758568E-33
   2.5931489E+02  -3.3197522E-33
   2.5964863E+02  -4.5287253E-33
   2.5998237E+02  -5.3081648E-33
   2.6031611E+02  -5.4934069E-33
   2.6064985E+02  -4.9758485E-33
   2.6098359E+02  -3.7251559E-33
   2.6131733E+02  -1.8041050E-33
   2.6165106E+02   6.2695505E-34
   2.6198480E+02   3.3179753E-33
   2.6231854E+02   5.9500607E-33
   2.6265228E+02   8.1682575E-33
   2.6298602E+02   9.6235342E-33
   2.6331976E+02   1.0019624E-32
   2.6365350E+02   9.1591904E-33
   2.6398723E+02   6.9830962E-33
   2.6432097E+02   3.5967181E-33
   2.6465471E+02  -7.2188247E-34
   2.6498845E+02  -5.5354080E-33
   2.6532219E+02  -1.0283429E-32
   2.6565593E+02  -1.4339388E-32
   2.6598967E+02  -1.7083712E-32
   2.6632340E+02  -1.7985570E-32
   2.6665714E+02  -1.6683671E-32
   2.6699088E+02  -1.3055394E-32
   2.6732462E+02  -7.2637572E-33
   2.6765836E+02   2.2680208E-34
   2.6799210E+02   8.6718092E-33
   2.6832584E+02   1.7107290E-32
   2.6865957E+02   2.4446503E-32
   2.6899331E+02   2.9604890E-32
   2.6932705E+02   3.1640491E-32
   2.6966079E+02   2.9893585E-32
   2.6999453E+02   2.4107323E-32
   2.7032827E+02   1.4511334E-32
   2.7066201E+02   1.8528744E-33
   2.7099574E+02  -1.2634958E-32
   2.7132948E+02  -2.7331601E-32
   2.7166322E+02  -4.0389422E-32
   2.7199696E+02  -4.9943005E-32
   2.7233070E+02  -5.4346154E-32
   2.7266444E+02  -5.2409574E-32
   2.7299818E+02  -4.3608472E-32
   2.7333192E+02  -2.8229679E-32
   2.7366565E+02  -7.4324069E-33
   2.7399939E+02   1.6795951E-32
   2.7433313E+02   4.1795307E-32
   2.7466687E+02   6.4493092E-32
   2.7500061E+02   8.1748003E-32
   2.7533435E+02   9.0742627E-32
   2.7566809E+02   8.9380758E-32
   2.7600182E+02   7.6637994E-32
   2.7633556E+02   5.2816096E-32
   2.7666930E+02   1.9656567E-32
   2.7700304E+02  -1.9716878E-32
   2.7733678E+02  -6.1039490E-32
   2.7767052E+02  -9.9319939E-32
   2.7800426E+02  -1.2939455E-31
   2.7833799E+02  -1.4656637E-31
   2.7867173E+02  -1.4725554E-31
   2.7900547E+02  -1.2957959E-31
   2.7933921E+02  -9.3780387E-32
   2.7967295E+02  -4.2426336E-32
   2.8000669E+02   1.9661636E-32
   2.8034043E+02   8.5781254E-32
   2.8067416E+02   1.4800193E-31
   2.8100790E+02   1.9804710E-31
   2.8134164E+02   2.2831634E-31
   2.8167538E+02   2.3293154E-31
   2.8200912E+02   2.0867378E-31
   2.8234286E+02   1.5567838E-31
   2.8267660E+02   7.7771799E-32
   2.8301033E+02  -1.7632180E-32
   2.8334407E+02  -1.2011134E-31
   2.8367781E+02  -2.1726498E-31
   2.8401155E+02  -2.9610964E-31
   2.8434529E+02  -3.4469914E-31
   2.8467903E+02  -3.5378214E-31
   2.8501277E+02  -3.1828379E-31
   2.8534650E+02  -2.3840173E-31
   2.8568024E+02  -1.2012929E-31
   2.8601398E+02   2.4922502E-32
   2.8634772E+02   1.8045823E-31
   2.8668146E+02   3.2714375E-31
   2.8701520E+02   4.4482672E-31
   2.8734894E+02   5.1510313E-31
   2.8768267E+02   5.2392733E-31
   2.8801641E+02   4.6392888E-31
   2.8835015E+02   3.3609850E-31
   2.8868389E+02   1.5055043E-31
   2.8901763E+02  -7.3839195E-32
   2.8935137E+02  -3.1099485E-31
   2.8968511E+02  -5.3032954E-31
   2.9001884E+02  -7.0032897E-31
   2.9035258E+02  -7.9265437E-31
   2.9068632E+02  -7.8628046E-31
   2.9102006E+02  -6.7112311E-31
   2.9135380E+02  -4.5061753E-31
   2.9168754E+02  -1.4278937E-31
   2.9202128E+02   2.2049481E-31
   2.9235501E+02   5.9620617E-31
   2.9268875E+02   9.3462173E-31
   2.9302249E+02   1.1851975E-30
   2.9335623E+02   1.3032296E-30
   2.9368997E+02   1.2565060E-30
   2.9402371E+02   1.0310816E-30
   2.9435745E+02   6.3529414E-31
   2.9469119E+02   1.0130476E-31
   2.9502492E+02  -5.1633232E-31
   2.9535866E+02  -1.1452291E-30
   2.9569240E+02  -1.7026067E-30
   2.9602614E+02  -2.1049807E-30
   2.9635988E+02  -2.2790752E-30
   2.9669362E+02  -2.1726833E-30
   2.9702736E+02  -1.7640392E-30
   2.9736109E+02  -1.0683092E-30
   2.9769483E+02  -1.4003119E-31
   2.9802857E+02   9.2929148E-31
   2.9836231E+02   2.0186725E-30
   2.9869605E+02   2.9898129E-30
   2.9902979E+02   3.7029204E-30
   2.9936353E+02   4.0345340E-30
   2.9969726E+02   3.8952941E-30
   3.0003100E+02   3.2453484E-30
   3.0036474E+02   2.1051584E-30
   3.0069848E+02   5.5980426E-31
   3.0103222E+02  -1.2444844E-30
   3.0136596E+02  -3.1119748E-30
   3.0169970E+02  -4.8166665E-30
   3.0203343E+02  -6.1274800E-30
   3.0236717E+02  -6.8368301E-30
   3.0270091E+02  -6.7893123E-30
   3.0303465E+02  -5.9068689E-30
   3.0336839E+02  -4.2068727E-30
   3.0370213E+02  -1.8100804E-30
   3.0403587E+02   1.0635884E-30
   3.0436960E+02   4.1121813E-30
   3.0470334E+02   6.9809085E-30
   3.0503708E+02   9.3009326E-30
   3.0537082E+02   1.0733850E-29
   3.0570456E+02   1.1016805E-29
   3.0603830E+02   1.0002621E-29
   3.0637204E+02   7.6894167E-30
   3.0670577E+02   4.2349401E-30
   3.0703951E+02  -4.7670528E-32
   3.0737325E+02  -4.7139355E-30
   3.0770699E+02  -9.2307761E-30
   3.0804073E+02  -1.3034358E-29
   3.0837447E+02  -1.5597166E-29
   3.0870821E+02  -1.6496788E-29
   3.0904194E+02  -1.5477879E-29
   3.0937568E+02  -1.2498938E-29
   3.0970942E+02  -7.7566114E-30
   3.1004316E+02  -1.6824533E-30
   3.1037690E+02   5.0899936E-30
   3.1071064E+02   1.1786241E-29
   3.1104438E+02   1.7574923E-29
   3.1137811E+02   2.1666354E-29
   3.1171185E+02   2.3414436E-29
   3.1204559E+02   2.2409493E-29
   3.1237933E+02   1.8549490E-29
   3.1271307E+02   1.2078873E-29
   3.1304681E+02   3.5873921E-30
   3.1338055E+02  -6.0344350E-30
   3.1371429E+02  -1.5681214E-29
   3.1404802E+02  -2.4152663E-29
   3.1438176E+02  -3.0295528E-29
   3.1471550E+02  -3.3151345E-29
   3.1504924E+02  -3.2092054E-29
   3.1538298E+02  -2.6925424E-29
   3.1571672E+02  -1.7954554E-29
   3.1605046E+02  -5.9803224E-30
   3.1638419E+02   7.7581454E-30
   3.1671793E+02   2.1702549E-29
   3.1705167E+02   3.4143626E-29
   3.1738541E+02   4.3421544E-29
   3.1771915E+02   4.8135616E-29
   3.1805289E+02   4.7337977E-29
   3.1838663E+02   4.0685541E-29
   3.1872036E+02   2.8528265E-29
   3.1905410E+02   1.1917516E-29
   3.1938784E+02  -7.4719702E-30
   3.1972158E+02  -2.7503537E-29
   3.2005532E+02  -4.5809122E-29
   3.2038906E+02  -6.0064729E-29
   3.2072280E+02  -6.8279754E-29
   3.2105653E+02  -6.9064630E-29
   3.2139027E+02  -6.1841514E-29
   3.2172401E+02  -4.6967768E-29
   3.2205775E+02  -2.5750550E-29
   3.2239149E+02  -3.4350164E-31
   3.2272523E+02   2.6469476E-29
   3.2305897E+02   5.1583066E-29
   3.2339270E+02   7.1938936E-29
   3.2372644E+02   8.4910640E-29
   3.2406018E+02   8.8656466E-29
   3.2439392E+02   8.2393052E-29
   3.2472766E+02   6.6549251E-29
   3.2506140E+02   4.2772653E-29
   3.2539514E+02   1.3778019E-29
   3.2572887E+02  -1.6952288E-29
   3.2606261E+02  -4.5586834E-29
   3.2639635E+02  -6.8435561E-29
   3.2673009E+02  -8.2450698E-29
   3.2706383E+02  -8.5673645E-29
   3.2739757E+02  -7.7563019E-29
   3.2773131E+02  -5.9151508E-29
   3.2806504E+02  -3.2996669E-29
   3.2839878E+02  -2.9177357E-30
   3.2873252E+02   2.6464420E-29
   3.2906626E+02   5.0336972E-29
   3.2940000E+02   6.4383459E-29
   3.2973374E+02   6.5463659E-29
   3.3006748E+02   5.2191546E-29
   3.3040121E+02   2.5320743E-29
   3.3073495E+02  -1.2132564E-29
   3.3106869E+02  -5.5073267E-29
   3.3140243E+02  -9.6823769E-29
   3.3173617E+02  -1.2989928E-28
   3.3206991E+02  -1.4698620E-28
   3.3240365E+02  -1.4201494E-28
   3.3273739E+02  -1.1119379E-28
   3.3307112E+02  -5.3862086E-29
   3.3340486E+02   2.6969736E-29
   3.3373860E+02   1.2450068E-28
   3.3407234E+02   2.2850302E-28
   3.3440608E+02   3.2617872E-28
   3.3473982E+02   4.0345488E-28
   3.3507356E+02   4.4660279E-28
   3.3540729E+02   4.4401829E-28
   3.3574103E+02   3.8795396E-28
   3.3607477E+02   2.7598805E-28
   3.3640851E+02   1.1202029E-28
   3.3674225E+02  -9.3376402E-29
   3.3707599E+02  -3.2336181E-28
   3.3740973E+02  -5.5601694E-28
   3.3774346E+02  -7.6625944E-28
   3.3807720E+02  -9.2832751E-28
   3.3841094E+02  -1.0185996E-27
   3.3874468E+02  -1.0184522E-27
   3.3907842E+02  -9.1683279E-28
   3.3941216E+02  -7.1221828E-28
   3.3974590E+02  -4.1369399E-28
   3.4007963E+02  -4.0950278E-29
   3.4041337E+02   3.7689024E-28
   3.4074711E+02   8.0355902E-28
   3.4108085E+02   1.1988819E-27
   3.4141459E+02   1.5226637E-27
   3.4174833E+02   1.7388241E-27
   3.4208207E+02   1.8193513E-27
   3.4241580E+02   1.7475988E-27
   3.4274954E+02   1.5205496E-27
   3.4308328E+02   1.1497164E-27
   3.4341702E+02   6.6054775E-28
   3.4375076E+02   9.0313018E-29
   3.4408450E+02  -5.1530990E-28
   3.4441824E+02  -1.1066270E-27
   3.4475197E+02  -1.6348014E-27
   3.4508571E+02  -2.0566586E-27
   3.4541945E+02  -2.3388591E-27
   3.4575319E+02  -2.4609331E-27
   3.4608693E+02  -2.4168067E-27
   3.4642067E+02  -2.2146357E-27
   3.4675441E+02  -1.8749567E-27
   3.4708814E+02  -1.4274354E-27
   3.4742188E+02  -9.0665357E-28
   3.4775562E+02  -3.4754465E-28
   3.4808936E+02   2.1884631E-28
   3.4842310E+02   7.6860980E-28
   3.4875684E+02   1.2866985E-27
   3.4909058E+02   1.7667892E-27
   3.4942431E+02   2.2092271E-27
   3.4975805E+02   2.6173062E-27
   3.5009179E+02   2.9924210E-27
   3.5042553E+02   3.3289152E-27
   3.5075927E+02   3.6095683E-27
   3.5109301E+02   3.8027202E-27
   3.5142675E+02   3.8618959E-27
   3.5176048E+02   3.7285534E-27
   3.5209422E+02   3.3381635E-27
   3.5242796E+02   2.6293400E-27
   3.5276170E+02   1.5552651E-27
   3.5309544E+02   9.6121045E-29
   3.5342918E+02  -1.7291045E-27
   3.5376292E+02  -3.8533117E-27
   3.5409666E+02  -6.1562628E-27
   3.5443039E+02  -8.4654698E-27
   3.5476413E+02  -1.0563972E-26
   3.5509787E+02  -1.2205410E-26
   3.5543161E+02  -1.3135736E-26
   3.5576535E+02  -1.3120113E-26
   3.5609909E+02  -1.1972687E-26
   3.5643283E+02  -9.5860081E-27
   3.5676656E+02  -5.9567341E-27
   3.5710030E+02  -1.2039774E-27
   3.5743404E+02   4.4228242E-27
   3.5776778E+02   1.0549002E-26
   3.5810152E+02   1.6693822E-26
   3.5843526E+02   2.2303578E-26
   3.5876900E+02   2.6796798E-26
   3.5910273E+02   2.9618042E-26
   3.5943647E+02   3.0295809E-26
   3.5977021E+02   2.8498703E-26
   3.6010395E+02   2.4083783E-26
   3.6043769E+02   1.7131429E-26
   3.6077143E+02   7.9615633E-27
   3.6110517E+02  -2.8720084E-27
   3.6143890E+02  -1.4610687E-26
   3.6177264E+02  -2.6342546E-26
   3.6210638E+02  -3.7072879E-26
   3.6244012E+02  -4.5808318E-26
   3.6277386E+02  -5.1647029E-26
   3.6310760E+02  -5.3866627E-26
   3.6344134E+02  -5.2001150E-26
   3.6377507E+02  -4.5898781E-26
   3.6410881E+02  -3.5753990E-26
   3.6444255E+02  -2.2109556E-26
   3.6477629E+02  -5.8272662E-27
   3.6511003E+02   1.1971226E-26
   3.6544377E+02   2.9988868E-26
   3.6577751E+02   4.6855490E-26
   3.6611124E+02   6.1238970E-26
   3.6644498E+02   7.1954850E-26
   3.6677872E+02   7.8064874E-26
   3.6711246E+02   7.8954808E-26
   3.6744620E+02   7.4384918E-26
   3.6777994E+02   6.4509248E-26
   3.6811368E+02   4.9862148E-26
   3.6844741E+02   3.1314357E-26
   3.6878115E+02   1.0004389E-26
   3.6911489E+02  -1.2748582E-26
   3.6944863E+02  -3.5540572E-26
   3.6978237E+02  -5.6979115E-26
   3.7011611E+02  -7.5771076E-26
   3.7044985E+02  -9.0795893E-26
   3.7078358E+02  -1.0115911E-25
   3.7111732E+02  -1.0622445E-25
   3.7145106E+02  -1.0562606E-25
   3.7178480E+02  -9.9262183E-26
   3.7211854E+02  -8.7277352E-26
   3.7245228E+02  -7.0036661E-26
   3.7278602E+02  -4.8099912E-26
   3.7311976E+02  -2.2198626E-26
   3.7345349E+02   6.7794675E-27
   3.7378723E+02   3.7798569E-26
   3.7412097E+02   6.9675203E-26
   3.7445471E+02   1.0107599E-25
   3.7478845E+02   1.3051709E-25
   3.7512219E+02   1.5637257E-25
   3.7545593E+02   1.7689858E-25
   3.7578966E+02   1.9028000E-25
   3.7612340E+02   1.9470425E-25
   3.7645714E+02   1.8846836E-25
   3.7679088E+02   1.7011453E-25
   3.7712462E+02   1.3859577E-25
   3.7745836E+02   9.3459569E-26
   3.7779210E+02   3.5041164E-26
   3.7812583E+02  -3.5354351E-26
   3.7845957E+02  -1.1529601E-25
   3.7879331E+02  -2.0112780E-25
   3.7912705E+02  -2.8794476E-25
   3.7946079E+02  -3.6967469E-25
   3.7979453E+02  -4.3928494E-25
   3.8012827E+02  -4.8912956E-25
   3.8046200E+02  -5.1144446E-25
   3.8079574E+02  -4.9898194E-25
   3.8112948E+02  -4.4575838E-25
   3.8146322E+02  -3.4787400E-25
   3.8179696E+02  -2.0434238E-25
   3.8213070E+02  -1.7846080E-26
   3.8246444E+02   2.0467124E-25
   3.8279817E+02   4.5167809E-25
   3.8313191E+02   7.0709187E-25
   3.8346565E+02   9.5076001E-25
   3.8379939E+02   1.1594360E-24
   3.8413313E+02   1.3082745E-24
   3.8446687E+02   1.3727992E-24
   3.8480061E+02   1.3312556E-24
   3.8513434E+02   1.1671905E-24
   3.8546808E+02   8.7205861E-25
   3.8580182E+02   4.4758370E-25
   3.8613556E+02  -9.2387544E-26
   3.8646930E+02  -7.2083654E-25
   3.8680304E+02  -1.3975799E-24
   3.8713678E+02  -2.0705408E-24
   3.8747051E+02  -2.6783912E-24
   3.8780425E+02  -3.1545739E-24
   3.8813799E+02  -3.4325626E-24
   3.8847173E+02  -3.4520885E-24
   3.8880547E+02  -3.1659106E-24
   3.8913921E+02  -2.5465755E-24
   3.8947295E+02  -1.5925381E-24
   3.8980668E+02  -3.3292849E-25
   3.9014042E+02   1.1697332E-24
   3.9047416E+02   2.8194833E-24
   3.9080790E+02   4.4900365E-24
   3.9114164E+02   6.0313410E-24
   3.9147538E+02   7.2795840E-24
   3.9180912E+02   8.0703058E-24
   3.9214285E+02   8.2539495E-24
   3.9247659E+02   7.7127380E-24
   3.9281033E+02   6.3775448E-24
   3.9314407E+02   4.2430241E-24
   3.9347781E+02   1.3792022E-24
   3.9381155E+02  -2.0622993E-24
   3.9414529E+02  -5.8490597E-24
   3.9447903E+02  -9.6768983E-24
   3.9481276E+02  -1.3187801E-23
   3.9514650E+02  -1.5996496E-23
   3.9548024E+02  -1.7724567E-23
   3.9581398E+02  -1.8039834E-23
   3.9614772E+02  -1.6697853E-23
   3.9648146E+02  -1.3581421E-23
   3.9681520E+02  -8.7334396E-24
   3.9714893E+02  -2.3784275E-24
   3.9748267E+02   5.0718108E-24
   3.9781641E+02   1.3031708E-23
   3.9815015E+02   2.0776611E-23
   3.9848389E+02   2.7498296E-23
   3.9881763E+02   3.2378802E-23
   3.9915137E+02   3.4677230E-23
   3.9948510E+02   3.3821783E-23
   3.9981884E+02   2.9497522E-23
   4.0015258E+02   2.1718805E-23
   4.0048632E+02   1.0875620E-23
   4.0082006E+02  -2.2559276E-24
   4.0115380E+02  -1.6545941E-23
   4.0148754E+02  -3.0589057E-23
   4.0182127E+02  -4.2826615E-23
   4.0215501E+02  -5.1705415E-23
   4.0248875E+02  -5.5859279E-23
   4.0282249E+02  -5.4295838E-23
   4.0315623E+02  -4.6565964E-23
   4.0348997E+02  -3.2892903E-23
   4.0382371E+02  -1.4238870E-23
   4.0415744E+02   7.7092016E-24
   4.0449118E+02   3.0645429E-23
   4.0482492E+02   5.1843771E-23
   4.0515866E+02   6.8439748E-23
   4.0549240E+02   7.7772579E-23
   4.0582614E+02   7.7754378E-23
   4.0615988E+02   6.7223558E-23
   4.0649361E+02   4.6234734E-23
   4.0682735E+02   1.6237588E-23
   4.0716109E+02  -1.9896767E-23
   4.0749483E+02  -5.8030565E-23
   4.0782857E+02  -9.3105302E-23
   4.0816231E+02  -1.1966593E-22
   4.0849605E+02  -1.3252454E-22
   4.0882978E+02  -1.2750066E-22
   4.0916352E+02  -1.0215356E-22
   4.0949726E+02  -5.6409121E-23
   4.0983100E+02   7.0197892E-24
   4.1016474E+02   8.2509625E-23
   4.1049848E+02   1.6176808E-22
   4.1083222E+02   2.3447157E-22
   4.1116595E+02   2.8928314E-22
   4.1149969E+02   3.1518292E-22
   4.1183343E+02   3.0298830E-22
   4.1216717E+02   2.4689784E-22
   4.1250091E+02   1.4585882E-22
   4.1283465E+02   4.5486603E-24
   4.1316839E+02  -1.6622352E-22
   4.1350213E+02  -3.4984928E-22
   4.1383586E+02  -5.2506390E-22
   4.1416960E+02  -6.6789094E-22
   4.1450334E+02  -7.5426886E-22
   4.1483708E+02  -7.6312793E-22
   4.1517082E+02  -6.7959900E-22
   4.1550456E+02  -4.9795233E-22
   4.1583830E+02  -2.2384848E-22
   4.1617203E+02   1.2450583E-22
   4.1650577E+02   5.1662013E-22
   4.1683951E+02   9.1159645E-22
   4.1717325E+02   1.2616334E-21
   4.1750699E+02   1.5169645E-21
   4.1784073E+02   1.6318263E-21
   4.1817447E+02   1.5708411E-21
   4.1850820E+02   1.3150662E-21
   4.1884194E+02   8.6687599E-22
   4.1917568E+02   2.5286493E-22
   4.1950942E+02  -4.7590168E-22
   4.1984316E+02  -1.2467351E-21
   4.2017690E+02  -1.9713691E-21
   4.2051064E+02  -2.5549157E-21
   4.2084437E+02  -2.9070039E-21
   4.2117811E+02  -2.9539876E-21
   4.2151185E+02  -2.6507859E-21
   4.2184559E+02  -1.9907450E-21
   4.2217933E+02  -1.0119277E-21
   4.2251307E+02   2.0156348E-22
   4.2284681E+02   1.5241427E-21
   4.2318054E+02   2.7995007E-21
   4.2351428E+02   3.8570519E-21
   4.2384802E+02   4.5327527E-21
   4.2418176E+02   4.6921445E-21
   4.2451550E+02   4.2528280E-21
   4.2484924E+02   3.2032145E-21
   4.2518298E+02   1.6143797E-21
   4.2551671E+02  -3.5771523E-22
   4.2585045E+02  -2.4814762E-21
   4.2618419E+02  -4.4709779E-21
   4.2651793E+02  -6.0182939E-21
   4.2685167E+02  -6.8341323E-21
   4.2718541E+02  -6.6924001E-21
   4.2751915E+02  -5.4731161E-21
   4.2785288E+02  -3.1972639E-21
   4.2818662E+02  -4.7352051E-23
   4.2852036E+02   3.6317147E-21
   4.2885410E+02   7.3548885E-21
   4.2918784E+02   1.0543201E-20
   4.2952158E+02   1.2591523E-20
   4.2985532E+02   1.2951973E-20
   4.3018905E+02   1.1223978E-20
   4.3052279E+02   7.2393692E-21
   4.3085653E+02   1.1298156E-21
   4.3119027E+02  -6.6359547E-21
   4.3152401E+02  -1.5255443E-20
   4.3185775E+02  -2.3642743E-20
   4.3219149E+02  -3.0526965E-20
   4.3252522E+02  -3.4593449E-20
   4.3285896E+02  -3.4655656E-20
   4.3319270E+02  -2.9839662E-20
   4.3352644E+02  -1.9758511E-20
   4.3386018E+02  -4.6515702E-21
   4.3419392E+02   1.4535109E-20
   4.3452766E+02   3.6147205E-20
   4.3486140E+02   5.7911748E-20
   4.3519513E+02   7.7120039E-20
   4.3552887E+02   9.0894367E-20
   4.3586261E+02   9.6516752E-20
   4.3619635E+02   9.1786817E-20
   4.3653009E+02   7.5368271E-20
   4.3686383E+02   4.7078926E-20
   4.3719757E+02   8.0811248E-21
   4.3753130E+02  -3.9063953E-20
   4.3786504E+02  -9.0501883E-20
   4.3819878E+02  -1.4135775E-19
   4.3853252E+02  -1.8616355E-19
   4.3886626E+02  -2.1940793E-19
   4.3920000E+02  -2.3615753E-19
   4.3953374E+02  -2.3268601E-19
   4.3986747E+02  -2.0703896E-19
   4.4020121E+02  -1.5946465E-19
   4.4053495E+02  -9.2647880E-20
   4.4086869E+02  -1.1703210E-20
   4.4120243E+02   7.6094413E-20
   4.4153617E+02   1.6183491E-19
   4.4186991E+02   2.3571985E-19
   4.4220364E+02   2.8796907E-19
   4.4253738E+02   3.0980432E-19
   4.4287112E+02   2.9441426E-19
   4.4320486E+02   2.3780078E-19
   4.4353860E+02   1.3941168E-19
   4.4387234E+02   2.4836308E-21
   4.4420608E+02  -1.6595995E-19
   4.4453981E+02  -3.5547916E-19
   4.4487355E+02  -5.5294630E-19
   4.4520729E+02  -7.4359081E-19
   4.4554103E+02  -9.1228282E-19
   4.4587477E+02  -1.0449564E-18
   4.4620851E+02  -1.1300479E-18
   4.4654225E+02  -1.1598144E-18
   4.4687598E+02  -1.1313959E-18
   4.4720972E+02  -1.0474913E-18
   4.4754346E+02  -9.1653597E-19
   4.4787720E+02  -7.5230448E-19
   4.4821094E+02  -5.7289020E-19
   4.4854468E+02  -3.9906998E-19
   4.4887842E+02  -2.5210335E-19
   4.4921215E+02  -1.5107761E-19
   4.4954589E+02  -1.0994409E-19
   4.4987963E+02  -1.3444952E-19
   4.5021337E+02  -2.1917748E-19
   4.5054711E+02  -3.4492617E-19
   4.5088085E+02  -4.7663956E-19
   4.5121459E+02  -5.6203924E-19
   4.5154832E+02  -5.3105760E-19
   4.5188206E+02  -2.9607524E-19
   4.5221580E+02   2.4716405E-19
   4.5254954E+02   1.2181562E-18
   4.5288328E+02   2.7500831E-18
   4.5321702E+02   4.9885013E-18
   4.5355076E+02   8.0906767E-18
   4.5388450E+02   1.2226086E-17
   4.5421823E+02   1.7578419E-17
   4.5455197E+02   2.4349454E-17
   4.5488571E+02   3.2765153E-17
   4.5521945E+02   4.3083907E-17
   4.5555319E+02   5.5607270E-17
   4.5588693E+02   7.0692794E-17
   4.5622067E+02   8.8768815E-17
   4.5655440E+02   1.1035093E-16
   4.5688814E+02   1.3605968E-16
   4.5722188E+02   1.6663859E-16
   4.5755562E+02   2.0297210E-16
   4.5788936E+02   2.4610293E-16
   4.5822310E+02   2.9724774E-16
   4.5855684E+02   3.5781054E-16
   4.5889057E+02   4.2939366E-16
   4.5922431E+02   5.1380399E-16
   4.5955805E+02   6.1305587E-16
   4.5989179E+02   7.2936768E-16
   4.6022553E+02   8.6515024E-16
   4.6055927E+02   1.0229873E-15
   4.6089301E+02   1.2056011E-15
   4.6122674E+02   1.4158014E-15
   4.6156048E+02   1.6564168E-15
   4.6189422E+02   1.9301984E-15
   4.6222796E+02   2.2396908E-15
   4.6256170E+02   2.5870658E-15
   4.6289544E+02   2.9739064E-15
   4.6322918E+02   3.4009387E-15
   4.6356291E+02   3.8676799E-15
   4.6389665E+02   4.3720008E-15
   4.6423039E+02   4.9095686E-15
   4.6456413E+02   5.4731521E-15
   4.6489787E+02   6.0517395E-15
   4.6523161E+02   6.6294143E-15
   4.6556535E+02   7.1840083E-15
   4.6589908E+02   7.6854111E-15
   4.6623282E+02   8.0934574E-15
   4.6656656E+02   8.3553888E-15
   4.6690030E+02   8.4026888E-15
   4.6723404E+02   8.1472626E-15
   4.6756778E+02   7.4767954E-15
   4.6790152E+02   6.2490754E-15
   4.6823525E+02   4.2852261E-15
   4.6856899E+02   1.3615140E-15
   4.6890273E+02  -2.8003248E-15
   4.6923647E+02  -8.5447803E-15
   4.6957021E+02  -1.6296297E-14
   4.6990395E+02  -2.6575483E-14
   4.7023769E+02  -4.0018227E-14
   4.7057142E+02  -5.7398517E-14
   4.7090516E+02  -7.9654965E-14
   4.7123890E+02  -1.0792203E-13
   4.7157264E+02  -1.4356721E-13
   4.7190638E+02  -1.8823360E-13
   4.7224012E+02  -2.4389090E-13
   4.7257386E+02  -3.1289408E-13
   4.7290760E+02  -3.9805258E-13
   4.7324133E+02  -5.0270980E-13
   4.7357507E+02  -6.3083588E-13
   4.7390881E+02  -7.8713414E-13
   4.7424255E+02  -9.7716692E-13
   4.7457629E+02  -1.2074989E-12
   4.7491003E+02  -1.4858600E-12
   4.7524377E+02  -1.8213378E-12
   4.7557750E+02  -2.2245949E-12
   4.7591124E+02  -2.7081195E-12
   4.7624498E+02  -3.2865069E-12
   4.7657872E+02  -3.9767950E-12
   4.7691246E+02  -4.7988211E-12
   4.7724620E+02  -5.7756595E-12
   4.7757994E+02  -6.9340913E-12
   4.7791367E+02  -8.3051448E-12
   4.7824741E+02  -9.9247329E-12
   4.7858115E+02  -1.1834318E-11
   4.7891489E+02  -1.4081715E-11
   4.7924863E+02  -1.6721974E-11
   4.7958237E+02  -1.9818362E-11
   4.7991611E+02  -2.3443499E-11
   4.8024984E+02  -2.7680552E-11
   4.8058358E+02  -3.2624670E-11
   4.8091732E+02  -3.8384500E-11
   4.8125106E+02  -4.5083944E-11
   4.8158480E+02  -5.2863987E-11
   4.8191854E+02  -6.1884935E-11
   4.8225228E+02  -7.2328615E-11
   4.8258601E+02  -8.4401049E-11
   4.8291975E+02  -9.8335222E-11
   4.8325349E+02  -1.1439419E-10
   4.8358723E+02  -1.3287461E-10
   4.8392097E+02  -1.5411031E-10
   4.8425471E+02  -1.7847650E-10
   4.8458845E+02  -2.0639393E-10
   4.8492218E+02  -2.3833402E-10
   4.8525592E+02  -2.7482389E-10
   4.8558966E+02  -3.1645161E-10
   4.8592340E+02  -3.6387279E-10
   4.8625714E+02  -4.1781700E-10
   4.8659088E+02  -4.7909338E-10
   4.8692462E+02  -5.4860022E-10
   4.8725835E+02  -6.2733041E-10
   4.8759209E+02  -7.1638095E-10
   4.8792583E+02  -8.1696233E-10
   4.8825957E+02  -9.3040570E-10
   4.8859331E+02  -1.0581734E-09
   4.8892705E+02  -1.2018702E-09
   4.8926079E+02  -1.3632501E-09
   4.8959452E+02  -1.5442312E-09
   4.8992826E+02  -1.7469035E-09
   4.9026200E+02  -1.9735400E-09
   4.9059574E+02  -2.2266085E-09
   4.9092948E+02  -2.5087838E-09
   4.9126322E+02  -2.8229574E-09
   4.9159696E+02  -3.1722474E-09
   4.9193069E+02  -3.5600103E-09
   4.9226443E+02  -3.9898520E-09
   4.9259817E+02  -4.4656350E-09
   4.9293191E+02  -4.9914868E-09
   4.9326565E+02  -5.5718115E-09
   4.9359939E+02  -6.2112893E-09
   4.9393313E+02  -6.9148829E-09
   4.9426687E+02  -7.6878477E-09
   4.9460060E+02  -8.5357250E-09
   4.9493434E+02  -9.4643458E-09
   4.9526808E+02  -1.0479815E-08
   4.9560182E+02  -1.1588527E-08
   4.9593556E+02  -1.2797131E-08
   4.9626930E+02  -1.4112529E-08
   4.9660304E+02  -1.5541881E-08
   4.9693677E+02  -1.7092528E-08
   4.9727051E+02  -1.8772026E-08
   4.9760425E+02  -2.0588084E-08
   4.9793799E+02  -2.2548509E-08
   4.9827173E+02  -2.4661244E-08
   4.9860547E+02  -2.6934194E-08
   4.9893921E+02  -2.9375318E-08
   4.9927294E+02  -3.1992471E-08
   4.9960668E+02  -3.4793352E-08
   4.9994042E+02  -3.7785469E-08
   5.0027416E+02  -4.0976047E-08
   5.0060790E+02  -4.4371916E-08
   5.0094164E+02  -4.7979491E-08
   5.0127538E+02  -5.1804566E-08
   5.0160911E+02  -5.5852322E-08
   5.0194285E+02  -6.0127128E-08
   5.0227659E+02  -6.4632516E-08
   5.0261033E+02  -6.9370984E-08
   5.0294407E+02  -7.4343959E-08
   5.0327781E+02  -7.9551477E-08
   5.0361155E+02  -8.4992344E-08
   5.0394528E+02  -9.0663789E-08
   5.0427902E+02  -9.6561351E-08
   5.0461276E+02  -1.0267883E-07
   5.0494650E+02  -1.0900806E-07
   5.0528024E+02  -1.1553890E-07
   5.0561398E+02  -1.2225895E-07
   5.0594772E+02  -1.2915353E-07
   5.0628145E+02  -1.3620549E-07
   5.0661519E+02  -1.4339523E-07
   5.0694893E+02  -1.5070047E-07
   5.0728267E+02  -1.5809601E-07
   5.0761641E+02  -1.6555424E-07
   5.0795015E+02  -1.7304440E-07
   5.0828389E+02  -1.8053282E-07
   5.0861762E+02  -1.8798288E-07
   5.0895136E+02  -1.9535510E-07
   5.0928510E+02  -2.0260723E-07
   5.0961884E+02  -2.0969358E-07
   5.0995258E+02  -2.1656597E-07
   5.1028632E+02  -2.2317361E-07
   5.1062006E+02  -2.2946269E-07
   5.1095379E+02  -2.3537686E-07
   5.1128753E+02  -2.4085793E-07
   5.1162127E+02  -2.4584500E-07
   5.1195501E+02  -2.5027543E-07
   5.1228875E+02  -2.5408505E-07
   5.1262249E+02  -2.5720806E-07
   5.1295623E+02  -2.5957763E-07
   5.1328997E+02  -2.6112656E-07
   5.1362370E+02  -2.6178671E-07
   5.1395744E+02  -2.6149053E-07
   5.1429118E+02  -2.6017057E-07
   5.1462492E+02  -2.5776046E-07
   5.1495866E+02  -2.5419536E-07
   5.1529240E+02  -2.4941201E-07
   5.1562614E+02  -2.4334977E-07
   5.1595987E+02  -2.3595092E-07
   5.1629361E+02  -2.2716114E-07
   5.1662735E+02  -2.1693006E-07
   5.1696109E+02  -2.0521206E-07
   5.1729483E+02  -1.9196618E-07
   5.1762857E+02  -1.7715743E-07
   5.1796231E+02  -1.6075684E-07
   5.1829604E+02  -1.4274188E-07
   5.1862978E+02  -1.2309739E-07
   5.1896352E+02  -1.0181563E-07
   5.1929726E+02  -7.8896839E-08
   5.1963100E+02  -5.4349858E-08
   5.1996474E+02  -2.8192233E-08
   5.2029848E+02  -4.5039883E-10
   5.2063221E+02   2.8839608E-08
   5.2096595E+02   5.9632200E-08
   5.2129969E+02   9.1872195E-08
   5.2163343E+02   1.2549432E-07
   5.2196717E+02   1.6042367E-07
   5.2230091E+02   1.9657523E-07
   5.2263465E+02   2.3385439E-07
   5.2296838E+02   2.7215680E-07
   5.2330212E+02   3.1136867E-07
   5.2363586E+02   3.5136713E-07
   5.2396960E+02   3.9202078E-07
   5.2430334E+02   4.3318960E-07
   5.2463708E+02   4.7472577E-07
   5.2497082E+02   5.1647459E-07
   5.2530455E+02   5.5827473E-07
   5.2563829E+02   5.9995853E-07
   5.2597203E+02   6.4135401E-07
   5.2630577E+02   6.8228422E-07
   5.2663951E+02   7.2256921E-07
   5.2697325E+02   7.6202667E-07
   5.2730699E+02   8.0047238E-07
   5.2764072E+02   8.3772215E-07
   5.2797446E+02   8.7359160E-07
   5.2830820E+02   9.0789877E-07
   5.2864194E+02   9.4046374E-07
   5.2897568E+02   9.7111149E-07
   5.2930942E+02   9.9966985E-07
   5.2964316E+02   1.0259740E-06
   5.2997689E+02   1.0498661E-06
   5.3031063E+02   1.0711958E-06
   5.3064437E+02   1.0898219E-06
   5.3097811E+02   1.1056130E-06
   5.3131185E+02   1.1184492E-06
   5.3164559E+02   1.1282215E-06
   5.3197933E+02   1.1348342E-06
   5.3231306E+02   1.1382053E-06
   5.3264680E+02   1.1382655E-06
   5.3298054E+02   1.1349609E-06
   5.3331428E+02   1.1282527E-06
   5.3364802E+02   1.1181176E-06
   5.3398176E+02   1.1045481E-06
   5.3431550E+02   1.0875524E-06
   5.3464924E+02   1.0671557E-06
   5.3498297E+02   1.0433992E-06
   5.3531671E+02   1.0163401E-06
   5.3565045E+02   9.8605210E-07
   5.3598419E+02   9.5262408E-07
   5.3631793E+02   9.1616084E-07
   5.3665167E+02   8.7678166E-07
   5.3698541E+02   8.3462072E-07
   5.3731914E+02   7.8982606E-07
   5.3765288E+02   7.4255831E-07
   5.3798662E+02   6.9299011E-07
   5.3832036E+02   6.4130586E-07
   5.3865410E+02   5.8770058E-07
   5.3898784E+02   5.3237761E-07
   5.3932158E+02   4.7554965E-07
   5.3965531E+02   4.1743556E-07
   5.3998905E+02   3.5826031E-07
   5.4032279E+02   2.9825409E-07
   5.4065653E+02   2.3764980E-07
   5.4099027E+02   1.7668276E-07
   5.4132401E+02   1.1558916E-07
   5.4165775E+02   5.4604868E-08
   5.4199148E+02  -6.0361458E-09
   5.4232522E+02  -6.6102643E-08
   5.4265896E+02  -1.2536754E-07
   5.4299270E+02  -1.8360905E-07
   5.4332644E+02  -2.4061208E-07
   5.4366018E+02  -2.9616882E-07
   5.4399392E+02  -3.5008054E-07
   5.4432765E+02  -4.0215775E-07
   5.4466139E+02  -4.5222149E-07
   5.4499513E+02  -5.0010476E-07
   5.4532887E+02  -5.4565226E-07
   5.4566261E+02  -5.8872160E-07
   5.4599635E+02  -6.2918400E-07
   5.4633009E+02  -6.6692456E-07
   5.4666382E+02  -7.0184308E-07
   5.4699756E+02  -7.3385388E-07
   5.4733130E+02  -7.6288603E-07
   5.4766504E+02  -7.8888428E-07
   5.4799878E+02  -8.1180843E-07
   5.4833252E+02  -8.3163280E-07
   5.4866626E+02  -8.4834812E-07
   5.4899999E+02  -8.6195888E-07
   5.4933373E+02  -8.7248350E-07
   5.4966747E+02  -8.7995562E-07
   5.5000121E+02  -8.8442243E-07
   5.5033495E+02  -8.8594402E-07
   5.5066869E+02  -8.8459279E-07
   5.5100243E+02  -8.8045380E-07
   5.5133616E+02  -8.7362207E-07
   5.5166990E+02  -8.6420368E-07
   5.5200364E+02  -8.5231397E-07
   5.5233738E+02  -8.3807794E-07
   5.5267112E+02  -8.2162683E-07
   5.5300486E+02  -8.0310025E-07
   5.5333860E+02  -7.8264253E-07
   5.5367234E+02  -7.6040408E-07
   5.5400607E+02  -7.3653854E-07
   5.5433981E+02  -7.1120348E-07
   5.5467355E+02  -6.8455785E-07
   5.5500729E+02  -6.5676210E-07
   5.5534103E+02  -6.2797744E-07
   5.5567477E+02  -5.9836384E-07
   5.5600851E+02  -5.6808040E-07
   5.5634224E+02  -5.3728331E-07
   5.5667598E+02  -5.0612607E-07
   5.5700972E+02  -4.7475828E-07
   5.5734346E+02  -4.4332495E-07
   5.5767720E+02  -4.1196591E-07
   5.5801094E+02  -3.8081484E-07
   5.5834468E+02  -3.4999962E-07
   5.5867841E+02  -3.1964083E-07
   5.5901215E+02  -2.8985170E-07
   5.5934589E+02  -2.6073803E-07
   5.5967963E+02  -2.3239713E-07
   5.6001337E+02  -2.0491831E-07
   5.6034711E+02  -1.7838224E-07
   5.6068085E+02  -1.5286102E-07
   5.6101458E+02  -1.2841775E-07
   5.6134832E+02  -1.0510684E-07
   5.6168206E+02  -8.2973948E-08
   5.6201580E+02  -6.2056003E-08
   5.6234954E+02  -4.2381380E-08
   5.6268328E+02  -2.3970017E-08
   5.6301702E+02  -6.8337158E-09
   5.6335075E+02   9.0236867E-09
   5.6368449E+02   2.3605889E-08
   5.6401823E+02   3.6923794E-08
   5.6435197E+02   4.8995183E-08
   5.6468571E+02   5.9844268E-08
   5.6501945E+02   6.9501269E-08
   5.6535319E+02   7.8001875E-08
   5.6568692E+02   8.5386773E-08
   5.6602066E+02   9.1701310E-08
   5.6635440E+02   9.6994668E-08
   5.6668814E+02   1.0131969E-07
   5.6702188E+02   1.0473199E-07
   5.6735562E+02   1.0728977E-07
   5.6768936E+02   1.0905305E-07
   5.6802309E+02   1.1008325E-07
   5.6835683E+02   1.1044259E-07
   5.6869057E+02   1.1019387E-07
   5.6902431E+02   1.0939957E-07
   5.6935805E+02   1.0812172E-07
   5.6969179E+02   1.0642133E-07
   5.7002553E+02   1.0435807E-07
   5.7035926E+02   1.0198968E-07
   5.7069300E+02   9.9371888E-08
   5.7102674E+02   9.6557905E-08
   5.7136048E+02   9.3598096E-08
   5.7169422E+02   9.0539949E-08
   5.7202796E+02   8.7427580E-08
   5.7236170E+02   8.4301618E-08
   5.7269543E+02   8.1199232E-08
   5.7302917E+02   7.8153775E-08
   5.7336291E+02   7.5194791E-08
   5.7369665E+02   7.2347959E-08
   5.7403039E+02   6.9635050E-08
   5.7436413E+02   6.7074005E-08
   5.7469787E+02   6.4678886E-08
   5.7503161E+02   6.2460060E-08
   5.7536534E+02   6.0424171E-08
   5.7569908E+02   5.8574379E-08
   5.7603282E+02   5.6910501E-08
   5.7636656E+02   5.5429165E-08
   5.7670030E+02   5.4123991E-08
   5.7703404E+02   5.2985882E-08
   5.7736778E+02   5.2003202E-08
   5.7770151E+02   5.1161976E-08
   5.7803525E+02   5.0446289E-08
   5.7836899E+02   4.9838427E-08
   5.7870273E+02   4.9319230E-08
   5.7903647E+02   4.8868280E-08
   5.7937021E+02   4.8464234E-08
   5.7970395E+02   4.8085134E-08
   5.8003768E+02   4.7708639E-08
   5.8037142E+02   4.7312191E-08
   5.8070516E+02   4.6873517E-08
   5.8103890E+02   4.6370637E-08
   5.8137264E+02   4.5782237E-08
   5.8170638E+02   4.5087788E-08
   5.8204012E+02   4.4267935E-08
   5.8237385E+02   4.3304482E-08
   5.8270759E+02   4.2180673E-08
   5.8304133E+02   4.0881375E-08
   5.8337507E+02   3.9393143E-08
   5.8370881E+02   3.7704368E-08
   5.8404255E+02   3.5805428E-08
   5.8437629E+02   3.3688664E-08
   5.8471002E+02   3.1348520E-08
   5.8504376E+02   2.8781608E-08
   5.8537750E+02   2.5986630E-08
   5.8571124E+02   2.2964484E-08
   5.8604498E+02   1.9718213E-08
   5.8637872E+02   1.6252972E-08
   5.8671246E+02   1.2575954E-08
   5.8704619E+02   8.6964089E-09
   5.8737993E+02   4.6254982E-09
   5.8771367E+02   3.7623593E-10
   5.8804741E+02  -4.0366501E-09
   5.8838115E+02  -8.5967287E-09
   5.8871489E+02  -1.3286133E-08
   5.8904863E+02  -1.8085586E-08
   5.8938236E+02  -2.2974540E-08
   5.8971610E+02  -2.7931378E-08
   5.9004984E+02  -3.2933514E-08
   5.9038358E+02  -3.7957619E-08
   5.9071732E+02  -4.2979607E-08
   5.9105106E+02  -4.7975050E-08
   5.9138480E+02  -5.2919162E-08
   5.9171853E+02  -5.7787005E-08
   5.9205227E+02  -6.2553582E-08
   5.9238601E+02  -6.7194222E-08
   5.9271975E+02  -7.1684383E-08
   5.9305349E+02  -7.6000106E-08
   5.9338723E+02  -8.0117971E-08
   5.9372097E+02  -8.4015369E-08
   5.9405471E+02  -8.7670401E-08
   5.9438844E+02  -9.1062532E-08
   5.9472218E+02  -9.4171924E-08
   5.9505592E+02  -9.6980358E-08
   5.9538966E+02  -9.9470725E-08
   5.9572340E+02  -1.0162756E-07
   5.9605714E+02  -1.0343692E-07
   5.9639088E+02  -1.0488640E-07
   5.9672461E+02  -1.0596543E-07
   5.9705835E+02  -1.0666506E-07
   5.9739209E+02  -1.0697846E-07
   5.9772583E+02  -1.0690042E-07
   5.9805957E+02  -1.0642768E-07
   5.9839331E+02  -1.0555902E-07
   5.9872705E+02  -1.0429508E-07
   5.9906078E+02  -1.0263847E-07
   5.9939452E+02  -1.0059389E-07
   5.9972826E+02  -9.8167931E-08
   6.0006200E+02  -9.5368989E-08
   6.0039574E+02  -9.2207500E-08
   6.0072948E+02  -8.8695799E-08
   6.0106322E+02  -8.4847926E-08
   6.0139695E+02  -8.0679754E-08
   6.0173069E+02  -7.6208849E-08
   6.0206443E+02  -7.1454281E-08
   6.0239817E+02  -6.6436797E-08
   6.0273191E+02  -6.1178440E-08
   6.0306565E+02  -5.5702813E-08
   6.0339939E+02  -5.0034593E-08
   6.0373312E+02  -4.4199602E-08
   6.0406686E+02  -3.8224815E-08
   6.0440060E+02  -3.2137908E-08
   6.0473434E+02  -2.5967530E-08
   6.0506808E+02  -1.9742783E-08
   6.0540182E+02  -1.3493484E-08
   6.0573556E+02  -7.2496178E-09
   6.0606929E+02  -1.0415491E-09
   6.0640303E+02   5.1002829E-09
   6.0673677E+02   1.1145453E-08
   6.0707051E+02   1.7063627E-08
   6.0740425E+02   2.2824906E-08
   6.0773799E+02   2.8399583E-08
   6.0807173E+02   3.3758781E-08
   6.0840546E+02   3.8873992E-08
   6.0873920E+02   4.3717748E-08
   6.0907294E+02   4.8263246E-08
   6.0940668E+02   5.2484893E-08
   6.0974042E+02   5.6358147E-08
   6.1007416E+02   5.9859815E-08
   6.1040790E+02   6.2967956E-08
   6.1074163E+02   6.5661908E-08
   6.1107537E+02   6.7922826E-08
   6.1140911E+02   6.9733431E-08
   6.1174285E+02   7.1077721E-08
   6.1207659E+02   7.1941940E-08
   6.1241033E+02   7.2313725E-08
   6.1274407E+02   7.2182729E-08
   6.1307781E+02   7.1540427E-08
   6.1341154E+02   7.0380196E-08
   6.1374528E+02   6.8697318E-08
   6.1407902E+02   6.6488894E-08
   6.1441276E+02   6.3754243E-08
   6.1474650E+02   6.0494443E-08
   6.1508024E+02   5.6712508E-08
   6.1541398E+02   5.2413441E-08
   6.1574771E+02   4.7604146E-08
   6.1608145E+02   4.2293522E-08
   6.1641519E+02   3.6492082E-08
   6.1674893E+02   3.0212476E-08
   6.1708267E+02   2.3468942E-08
   6.1741641E+02   1.6277482E-08
   6.1775015E+02   8.6560590E-09
   6.1808388E+02   6.2388494E-10
   6.1841762E+02  -7.7980502E-09
   6.1875136E+02  -1.6587137E-08
   6.1908510E+02  -2.5719459E-08
   6.1941884E+02  -3.5169641E-08
   6.1975258E+02  -4.4911047E-08
   6.2008632E+02  -5.4915770E-08
   6.2042005E+02  -6.5154786E-08
   6.2075379E+02  -7.5597931E-08
   6.2108753E+02  -8.6214015E-08
   6.2142127E+02  -9.6971021E-08
   6.2175501E+02  -1.0783594E-07
   6.2208875E+02  -1.1877510E-07
   6.2242249E+02  -1.2975397E-07
   6.2275622E+02  -1.4073754E-07
   6.2308996E+02  -1.5169006E-07
   6.2342370E+02  -1.6257539E-07
   6.2375744E+02  -1.7335690E-07
   6.2409118E+02  -1.8399756E-07
   6.2442492E+02  -1.9445997E-07
   6.2475866E+02  -2.0470657E-07
   6.2509239E+02  -2.1469953E-07
   6.2542613E+02  -2.2440078E-07
   6.2575987E+02  -2.3377216E-07
   6.2609361E+02  -2.4277557E-07
   6.2642735E+02  -2.5137257E-07
   6.2676109E+02  -2.5952500E-07
   6.2709483E+02  -2.6719471E-07
   6.2742856E+02  -2.7434376E-07
   6.2776230E+02  -2.8093382E-07
   6.2809604E+02  -2.8692730E-07
   6.2842978E+02  -2.9228687E-07
   6.2876352E+02  -2.9697506E-07
   6.2909726E+02  -3.0095509E-07
   6.2943100E+02  -3.0419056E-07
   6.2976473E+02  -3.0664540E-07
   6.3009847E+02  -3.0828417E-07
   6.3043221E+02  -3.0907216E-07
   6.3076595E+02  -3.0897533E-07
   6.3109969E+02  -3.0796051E-07
   6.3143343E+02  -3.0599563E-07
   6.3176717E+02  -3.0304943E-07
   6.3210090E+02  -2.9909216E-07
   6.3243464E+02  -2.9409534E-07
   6.3276838E+02  -2.8803208E-07
   6.3310212E+02  -2.8087737E-07
   6.3343586E+02  -2.7260785E-07
   6.3376960E+02  -2.6320276E-07
   6.3410334E+02  -2.5264339E-07
   6.3443708E+02  -2.4091341E-07
   6.3477081E+02  -2.2799966E-07
   6.3510455E+02  -2.1389192E-07
   6.3543829E+02  -1.9858300E-07
   6.3577203E+02  -1.8206944E-07
   6.3610577E+02  -1.6435155E-07
   6.3643951E+02  -1.4543363E-07
   6.3677325E+02  -1.2532405E-07
   6.3710698E+02  -1.0403584E-07
   6.3744072E+02  -8.1586833E-08
   6.3777446E+02  -5.7999546E-08
   6.3810820E+02  -3.3301777E-08
   6.3844194E+02  -7.5266797E-09
   6.3877568E+02   1.9287185E-08
   6.3910942E+02   4.7095668E-08
   6.3944315E+02   7.5848760E-08
   6.3977689E+02   1.0549077E-07
   6.4011063E+02   1.3596016E-07
   6.4044437E+02   1.6718944E-07
   6.4077811E+02   1.9910533E-07
   6.4111185E+02   2.3162842E-07
   6.4144559E+02   2.6467399E-07
   6.4177932E+02   2.9815160E-07
   6.4211306E+02   3.3196540E-07
   6.4244680E+02   3.6601458E-07
   6.4278054E+02   4.0019319E-07
   6.4311428E+02   4.3439070E-07
   6.4344802E+02   4.6849283E-07
   6.4378176E+02   5.0238106E-07
   6.4411549E+02   5.3593368E-07
   6.4444923E+02   5.6902627E-07
   6.4478297E+02   6.0153201E-07
   6.4511671E+02   6.3332243E-07
   6.4545045E+02   6.6426810E-07
   6.4578419E+02   6.9423857E-07
   6.4611793E+02   7.2310428E-07
   6.4645166E+02   7.5073626E-07
   6.4678540E+02   7.7700696E-07
   6.4711914E+02   8.0179177E-07
   6.4745288E+02   8.2496854E-07
   6.4778662E+02   8.4641920E-07
   6.4812036E+02   8.6603018E-07
   6.4845410E+02   8.8369273E-07
   6.4878783E+02   8.9930478E-07
   6.4912157E+02   9.1277019E-07
   6.4945531E+02   9.2400109E-07
   6.4978905E+02   9.3291601E-07
   6.5012279E+02   9.3944379E-07
   6.5045653E+02   9.4352083E-07
   6.5079027E+02   9.4509426E-07
   6.5112400E+02   9.4412070E-07
   6.5145774E+02   9.4056759E-07
   6.5179148E+02   9.3441236E-07
   6.5212522E+02   9.2564528E-07
   6.5245896E+02   9.1426642E-07
   6.5279270E+02   9.0028811E-07
   6.5312644E+02   8.8373383E-07
   6.5346018E+02   8.6463973E-07
   6.5379391E+02   8.4305236E-07
   6.5412765E+02   8.1902994E-07
   6.5446139E+02   7.9264260E-07
   6.5479513E+02   7.6397077E-07
   6.5512887E+02   7.3310537E-07
   6.5546261E+02   7.0014835E-07
   6.5579635E+02   6.6521051E-07
   6.5613008E+02   6.2841258E-07
   6.5646382E+02   5.8988303E-07
   6.5679756E+02   5.4975879E-07
   6.5713130E+02   5.0818403E-07
   6.5746504E+02   4.6530940E-07
   6.5779878E+02   4.2129085E-07
   6.5813252E+02   3.7628942E-07
   6.5846625E+02   3.3047013E-07
   6.5879999E+02   2.8400095E-07
   6.5913373E+02   2.3705236E-07
   6.5946747E+02   1.8979580E-07
   6.5980121E+02   1.4240332E-07
   6.6013495E+02   9.5046445E-08
