  -7.8094826E+01   0.0000000E+00
  -7.7761087E+01   0.0000000E+00
  -7.7427349E+01   0.0000000E+00
  -7.7093610E+01   0.0000000E+00
  -7.6759871E+01   0.0000000E+00
  -7.6426133E+01   0.0000000E+00
  -7.6092394E+01   0.0000000E+00
  -7.5758656E+01   0.0000000E+00
  -7.5424917E+01   0.0000000E+00
  -7.5091178E+01   0.0000000E+00
  -7.4757440E+01   0.0000000E+00
  -7.4423701E+01   0.0000000E+00
  -7.4089963E+01   0.0000000E+00
  -7.3756224E+01   0.0000000E+00
  -7.3422485E+01   0.0000000E+00
  -7.3088747E+01   0.0000000E+00
  -7.2755008E+01   0.0000000E+00
  -7.2421270E+01   0.0000000E+00
  -7.2087531E+01   0.0000000E+00
  -7.1753792E+01   0.0000000E+00
  -7.1420054E+01   0.0000000E+00
  -7.1086315E+01   0.0000000E+00
  -7.0752577E+01   0.0000000E+00
  -7.0418838E+01   0.0000000E+00
  -7.0085099E+01   0.0000000E+00
  -6.9751361E+01   0.0000000E+00
  -6.9417622E+01   0.0000000E+00
  -6.9083884E+01   0.0000000E+00
  -6.8750145E+01   0.0000000E+00
  -6.8416406E+01   0.0000000E+00
  -6.8082668E+01   0.0000000E+00
  -6.7748929E+01   0.0000000E+00
  -6.7415191E+01   0.0000000E+00
  -6.7081452E+01   0.0000000E+00
  -6.6747714E+01   0.0000000E+00
  -6.6413975E+01   0.0000000E+00
  -6.6080236E+01   0.0000000E+00
  -6.5746498E+01   0.0000000E+00
  -6.5412759E+01   0.0000000E+00
  -6.5079021E+01   0.0000000E+00
  -6.4745282E+01   0.0000000E+00
  -6.4411543E+01   0.0000000E+00
  -6.4077805E+01   0.0000000E+00
  -6.3744066E+01   0.0000000E+00
  -6.3410328E+01   0.0000000E+00
  -6.3076589E+01   0.0000000E+00
  -6.2742850E+01   0.0000000E+00
  -6.2409112E+01   0.0000000E+00
  -6.2075373E+01   0.0000000E+00
  -6.1741635E+01   0.0000000E+00
  -6.1407896E+01   0.0000000E+00
  -6.1074157E+01   0.0000000E+00
  -6.0740419E+01   0.0000000E+00
  -6.0406680E+01   0.0000000E+00
  -6.0072942E+01   0.0000000E+00
  -5.9739203E+01   0.0000000E+00
  -5.9405464E+01   0.0000000E+00
  -5.9071726E+01   0.0000000E+00
  -5.8737987E+01   0.0000000E+00
  -5.8404249E+01   0.0000000E+00
  -5.8070510E+01   0.0000000E+00
  -5.7736771E+01   0.0000000E+00
  -5.7403033E+01   0.0000000E+00
  -5.7069294E+01   0.0000000E+00
  -5.6735556E+01   0.0000000E+00
  -5.6401817E+01   0.0000000E+00
  -5.6068078E+01   0.0000000E+00
  -5.5734340E+01   0.0000000E+00
  -5.5400601E+01   0.0000000E+00
  -5.5066863E+01   0.0000000E+00
  -5.4733124E+01   0.0000000E+00
  -5.4399385E+01   0.0000000E+00
  -5.4065647E+01   0.0000000E+00
  -5.3731908E+01   0.0000000E+00
  -5.3398170E+01   0.0000000E+00
  -5.3064431E+01   0.0000000E+00
  -5.2730693E+01   0.0000000E+00
  -5.2396954E+01   0.0000000E+00
  -5.2063215E+01   0.0000000E+00
  -5.1729477E+01   0.0000000E+00
  -5.1395738E+01   0.0000000E+00
  -5.1062000E+01   0.0000000E+00
  -5.0728261E+01   0.0000000E+00
  -5.0394522E+01   0.0000000E+00
  -5.0060784E+01   0.0000000E+00
  -4.9727045E+01   0.0000000E+00
  -4.9393307E+01   0.0000000E+00
  -4.9059568E+01   0.0000000E+00
  -4.8725829E+01   0.0000000E+00
  -4.8392091E+01   0.0000000E+00
  -4.8058352E+01   0.0000000E+00
  -4.7724614E+01   0.0000000E+00
  -4.7390875E+01   0.0000000E+00
  -4.7057136E+01   0.0000000E+00
  -4.6723398E+01   0.0000000E+00
  -4.6389659E+01   0.0000000E+00
  -4.6055921E+01   0.0000000E+00
  -4.5722182E+01   0.0000000E+00
  -4.5388443E+01   0.0000000E+00
  -4.5054705E+01   0.0000000E+00
  -4.4720966E+01   0.0000000E+00
  -4.4387228E+01   0.0000000E+00
  -4.4053489E+01   0.0000000E+00
  -4.3719750E+01   0.0000000E+00
  -4.3386012E+01   0.0000000E+00
  -4.3052273E+01   0.0000000E+00
  -4.2718535E+01   0.0000000E+00
  -4.2384796E+01   0.0000000E+00
  -4.2051057E+01   0.0000000E+00
  -4.1717319E+01   0.0000000E+00
  -4.1383580E+01   0.0000000E+00
  -4.1049842E+01   0.0000000E+00
  -4.0716103E+01   0.0000000E+00
  -4.0382364E+01   0.0000000E+00
  -4.0048626E+01   0.0000000E+00
  -3.9714887E+01   0.0000000E+00
  -3.9381149E+01   0.0000000E+00
  -3.9047410E+01   0.0000000E+00
  -3.8713672E+01   0.0000000E+00
  -3.8379933E+01   0.0000000E+00
  -3.8046194E+01   0.0000000E+00
  -3.7712456E+01   0.0000000E+00
  -3.7378717E+01   0.0000000E+00
  -3.7044979E+01   0.0000000E+00
  -3.6711240E+01   0.0000000E+00
  -3.6377501E+01   0.0000000E+00
  -3.6043763E+01   0.0000000E+00
  -3.5710024E+01   0.0000000E+00
  -3.5376286E+01   0.0000000E+00
  -3.5042547E+01   0.0000000E+00
  -3.4708808E+01   0.0000000E+00
  -3.4375070E+01   0.0000000E+00
  -3.4041331E+01   0.0000000E+00
  -3.3707593E+01   0.0000000E+00
  -3.3373854E+01   0.0000000E+00
  -3.3040115E+01   0.0000000E+00
  -3.2706377E+01   0.0000000E+00
  -3.2372638E+01   0.0000000E+00
  -3.2038900E+01   0.0000000E+00
  -3.1705161E+01   0.0000000E+00
  -3.1371422E+01   0.0000000E+00
  -3.1037684E+01   0.0000000E+00
  -3.0703945E+01   0.0000000E+00
  -3.0370207E+01   0.0000000E+00
  -3.0036468E+01   0.0000000E+00
  -2.9702729E+01   0.0000000E+00
  -2.9368991E+01   0.0000000E+00
  -2.9035252E+01   0.0000000E+00
  -2.8701514E+01   0.0000000E+00
  -2.8367775E+01   0.0000000E+00
  -2.8034036E+01   0.0000000E+00
  -2.7700298E+01   0.0000000E+00
  -2.7366559E+01   0.0000000E+00
  -2.7032821E+01   0.0000000E+00
  -2.6699082E+01   0.0000000E+00
  -2.6365343E+01   0.0000000E+00
  -2.6031605E+01   0.0000000E+00
  -2.5697866E+01   0.0000000E+00
  -2.5364128E+01   0.0000000E+00
  -2.5030389E+01   0.0000000E+00
  -2.4696651E+01   0.0000000E+00
  -2.4362912E+01   0.0000000E+00
  -2.4029173E+01   0.0000000E+00
  -2.3695435E+01   0.0000000E+00
  -2.3361696E+01   0.0000000E+00
  -2.3027958E+01   0.0000000E+00
  -2.2694219E+01   0.0000000E+00
  -2.2360480E+01   0.0000000E+00
  -2.2026742E+01   0.0000000E+00
  -2.1693003E+01   0.0000000E+00
  -2.1359265E+01   0.0000000E+00
  -2.1025526E+01   0.0000000E+00
  -2.0691787E+01   0.0000000E+00
  -2.0358049E+01   0.0000000E+00
  -2.0024310E+01   0.0000000E+00
  -1.9690572E+01   0.0000000E+00
  -1.9356833E+01   0.0000000E+00
  -1.9023094E+01   0.0000000E+00
  -1.8689356E+01   0.0000000E+00
  -1.8355617E+01   0.0000000E+00
  -1.8021879E+01   0.0000000E+00
  -1.7688140E+01   0.0000000E+00
  -1.7354401E+01   0.0000000E+00
  -1.7020663E+01   0.0000000E+00
  -1.6686924E+01   0.0000000E+00
  -1.6353186E+01   0.0000000E+00
  -1.6019447E+01   0.0000000E+00
  -1.5685708E+01   0.0000000E+00
  -1.5351970E+01   0.0000000E+00
  -1.5018231E+01   0.0000000E+00
  -1.4684493E+01   0.0000000E+00
  -1.4350754E+01   0.0000000E+00
  -1.4017015E+01   0.0000000E+00
  -1.3683277E+01   0.0000000E+00
  -1.3349538E+01   0.0000000E+00
  -1.3015800E+01   0.0000000E+00
  -1.2682061E+01   0.0000000E+00
  -1.2348322E+01   0.0000000E+00
  -1.2014584E+01   0.0000000E+00
  -1.1680845E+01   0.0000000E+00
  -1.1347107E+01   0.0000000E+00
  -1.1013368E+01   0.0000000E+00
  -1.0679630E+01   0.0000000E+00
  -1.0345891E+01   0.0000000E+00
  -1.0012152E+01   0.0000000E+00
  -9.6784137E+00   0.0000000E+00
  -9.3446751E+00   0.0000000E+00
  -9.0109365E+00   0.0000000E+00
  -8.6771979E+00   0.0000000E+00
  -8.3434593E+00   0.0000000E+00
  -8.0097207E+00   0.0000000E+00
  -7.6759821E+00   0.0000000E+00
  -7.3422436E+00   0.0000000E+00
  -7.0085050E+00   0.0000000E+00
  -6.6747664E+00   0.0000000E+00
  -6.3410278E+00   0.0000000E+00
  -6.0072892E+00   0.0000000E+00
  -5.6735506E+00   0.0000000E+00
  -5.3398120E+00   0.0000000E+00
  -5.0060734E+00   0.0000000E+00
  -4.6723348E+00   0.0000000E+00
  -4.3385962E+00   0.0000000E+00
  -4.0048576E+00   0.0000000E+00
  -3.6711190E+00   0.0000000E+00
  -3.3373804E+00   0.0000000E+00
  -3.0036418E+00   0.0000000E+00
  -2.6699032E+00   0.0000000E+00
  -2.3361646E+00   0.0000000E+00
  -2.0024260E+00   0.0000000E+00
  -1.6686874E+00   0.0000000E+00
  -1.3349488E+00   0.0000000E+00
  -1.0012102E+00   0.0000000E+00
  -6.6747165E-01   0.0000000E+00
  -3.3373305E-01   0.0000000E+00
   5.5432320E-06   0.0000000E+00
   3.3374414E-01   0.0000000E+00
   6.6748273E-01   0.0000000E+00
   1.0012213E+00   0.0000000E+00
   1.3349599E+00   0.0000000E+00
   1.6686985E+00   0.0000000E+00
   2.0024371E+00   0.0000000E+00
   2.3361757E+00   0.0000000E+00
   2.6699143E+00   0.0000000E+00
   3.0036529E+00   0.0000000E+00
   3.3373915E+00   0.0000000E+00
   3.6711301E+00   0.0000000E+00
   4.0048687E+00   0.0000000E+00
   4.3386073E+00   0.0000000E+00
   4.6723459E+00   0.0000000E+00
   5.0060845E+00   0.0000000E+00
   5.3398231E+00   0.0000000E+00
   5.6735617E+00   0.0000000E+00
   6.0073003E+00   0.0000000E+00
   6.3410389E+00   0.0000000E+00
   6.6747774E+00   0.0000000E+00
   7.0085160E+00   0.0000000E+00
   7.3422546E+00   0.0000000E+00
   7.6759932E+00   0.0000000E+00
   8.0097318E+00   0.0000000E+00
   8.3434704E+00   0.0000000E+00
   8.6772090E+00   0.0000000E+00
   9.0109476E+00   0.0000000E+00
   9.3446862E+00   0.0000000E+00
   9.6784248E+00   0.0000000E+00
   1.0012163E+01   0.0000000E+00
   1.0345902E+01   0.0000000E+00
   1.0679641E+01   0.0000000E+00
   1.1013379E+01   0.0000000E+00
   1.1347118E+01   0.0000000E+00
   1.1680856E+01   0.0000000E+00
   1.2014595E+01   0.0000000E+00
   1.2348334E+01   0.0000000E+00
   1.2682072E+01   0.0000000E+00
   1.3015811E+01   0.0000000E+00
   1.3349549E+01   0.0000000E+00
   1.3683288E+01   0.0000000E+00
   1.4017027E+01   0.0000000E+00
   1.4350765E+01   0.0000000E+00
   1.4684504E+01   0.0000000E+00
   1.5018242E+01   0.0000000E+00
   1.5351981E+01   0.0000000E+00
   1.5685720E+01   0.0000000E+00
   1.6019458E+01   0.0000000E+00
   1.6353197E+01   0.0000000E+00
   1.6686935E+01   0.0000000E+00
   1.7020674E+01   0.0000000E+00
   1.7354412E+01   0.0000000E+00
   1.7688151E+01   0.0000000E+00
   1.8021890E+01   0.0000000E+00
   1.8355628E+01   0.0000000E+00
   1.8689367E+01   0.0000000E+00
   1.9023105E+01   0.0000000E+00
   1.9356844E+01   0.0000000E+00
   1.9690583E+01   0.0000000E+00
   2.0024321E+01   0.0000000E+00
   2.0358060E+01   0.0000000E+00
   2.0691798E+01   0.0000000E+00
   2.1025537E+01   0.0000000E+00
   2.1359276E+01   0.0000000E+00
   2.1693014E+01   0.0000000E+00
   2.2026753E+01   0.0000000E+00
   2.2360491E+01   0.0000000E+00
   2.2694230E+01   0.0000000E+00
   2.3027969E+01   0.0000000E+00
   2.3361707E+01   0.0000000E+00
   2.3695446E+01   0.0000000E+00
   2.4029184E+01   0.0000000E+00
   2.4362923E+01   0.0000000E+00
   2.4696662E+01   0.0000000E+00
   2.5030400E+01   0.0000000E+00
   2.5364139E+01   0.0000000E+00
   2.5697877E+01   0.0000000E+00
   2.6031616E+01   0.0000000E+00
   2.6365355E+01   0.0000000E+00
   2.6699093E+01   0.0000000E+00
   2.7032832E+01   0.0000000E+00
   2.7366570E+01   0.0000000E+00
   2.7700309E+01   0.0000000E+00
   2.8034048E+01   0.0000000E+00
   2.8367786E+01   0.0000000E+00
   2.8701525E+01   0.0000000E+00
   2.9035263E+01   0.0000000E+00
   2.9369002E+01   0.0000000E+00
   2.9702741E+01   0.0000000E+00
   3.0036479E+01   0.0000000E+00
   3.0370218E+01   0.0000000E+00
   3.0703956E+01   0.0000000E+00
   3.1037695E+01   0.0000000E+00
   3.1371433E+01   0.0000000E+00
   3.1705172E+01   0.0000000E+00
   3.2038911E+01   0.0000000E+00
   3.2372649E+01   0.0000000E+00
   3.2706388E+01   0.0000000E+00
   3.3040126E+01   0.0000000E+00
   3.3373865E+01   0.0000000E+00
   3.3707604E+01   0.0000000E+00
   3.4041342E+01   0.0000000E+00
   3.4375081E+01   0.0000000E+00
   3.4708819E+01   0.0000000E+00
   3.5042558E+01   0.0000000E+00
   3.5376297E+01   0.0000000E+00
   3.5710035E+01   0.0000000E+00
   3.6043774E+01   0.0000000E+00
   3.6377512E+01   0.0000000E+00
   3.6711251E+01   0.0000000E+00
   3.7044990E+01   0.0000000E+00
   3.7378728E+01   0.0000000E+00
   3.7712467E+01   0.0000000E+00
   3.8046205E+01   0.0000000E+00
   3.8379944E+01   0.0000000E+00
   3.8713683E+01   0.0000000E+00
   3.9047421E+01   0.0000000E+00
   3.9381160E+01   0.0000000E+00
   3.9714898E+01   0.0000000E+00
   4.0048637E+01   0.0000000E+00
   4.0382376E+01   0.0000000E+00
   4.0716114E+01   0.0000000E+00
   4.1049853E+01   0.0000000E+00
   4.1383591E+01   0.0000000E+00
   4.1717330E+01   0.0000000E+00
   4.2051069E+01   0.0000000E+00
   4.2384807E+01   0.0000000E+00
   4.2718546E+01   0.0000000E+00
   4.3052284E+01   0.0000000E+00
   4.3386023E+01   0.0000000E+00
   4.3719762E+01   0.0000000E+00
   4.4053500E+01   0.0000000E+00
   4.4387239E+01   0.0000000E+00
   4.4720977E+01   0.0000000E+00
   4.5054716E+01   0.0000000E+00
   4.5388454E+01   0.0000000E+00
   4.5722193E+01   0.0000000E+00
   4.6055932E+01   0.0000000E+00
   4.6389670E+01   0.0000000E+00
   4.6723409E+01   0.0000000E+00
   4.7057147E+01   0.0000000E+00
   4.7390886E+01   0.0000000E+00
   4.7724625E+01   0.0000000E+00
   4.8058363E+01   0.0000000E+00
   4.8392102E+01   0.0000000E+00
   4.8725840E+01   0.0000000E+00
   4.9059579E+01   0.0000000E+00
   4.9393318E+01   0.0000000E+00
   4.9727056E+01   0.0000000E+00
   5.0060795E+01   0.0000000E+00
   5.0394533E+01   0.0000000E+00
   5.0728272E+01   0.0000000E+00
   5.1062011E+01   0.0000000E+00
   5.1395749E+01   0.0000000E+00
   5.1729488E+01   0.0000000E+00
   5.2063226E+01   0.0000000E+00
   5.2396965E+01   0.0000000E+00
   5.2730704E+01   0.0000000E+00
   5.3064442E+01   0.0000000E+00
   5.3398181E+01   0.0000000E+00
   5.3731919E+01   0.0000000E+00
   5.4065658E+01   0.0000000E+00
   5.4399397E+01   0.0000000E+00
   5.4733135E+01   0.0000000E+00
   5.5066874E+01   0.0000000E+00
   5.5400612E+01   0.0000000E+00
   5.5734351E+01   0.0000000E+00
   5.6068090E+01   0.0000000E+00
   5.6401828E+01   0.0000000E+00
   5.6735567E+01   0.0000000E+00
   5.7069305E+01   0.0000000E+00
   5.7403044E+01   0.0000000E+00
   5.7736783E+01   0.0000000E+00
   5.8070521E+01   0.0000000E+00
   5.8404260E+01   0.0000000E+00
   5.8737998E+01   0.0000000E+00
   5.9071737E+01   0.0000000E+00
   5.9405475E+01   0.0000000E+00
   5.9739214E+01   0.0000000E+00
   6.0072953E+01   0.0000000E+00
   6.0406691E+01   0.0000000E+00
   6.0740430E+01   0.0000000E+00
   6.1074168E+01   0.0000000E+00
   6.1407907E+01   0.0000000E+00
   6.1741646E+01   0.0000000E+00
   6.2075384E+01   0.0000000E+00
   6.2409123E+01   0.0000000E+00
   6.2742861E+01   0.0000000E+00
   6.3076600E+01   0.0000000E+00
   6.3410339E+01   0.0000000E+00
   6.3744077E+01   0.0000000E+00
   6.4077816E+01   0.0000000E+00
   6.4411554E+01   0.0000000E+00
   6.4745293E+01   0.0000000E+00
   6.5079032E+01   0.0000000E+00
   6.5412770E+01   0.0000000E+00
   6.5746509E+01   0.0000000E+00
   6.6080247E+01   0.0000000E+00
   6.6413986E+01   0.0000000E+00
   6.6747725E+01   0.0000000E+00
   6.7081463E+01   0.0000000E+00
   6.7415202E+01   0.0000000E+00
   6.7748940E+01   0.0000000E+00
   6.8082679E+01   0.0000000E+00
   6.8416418E+01   0.0000000E+00
   6.8750156E+01   0.0000000E+00
   6.9083895E+01   0.0000000E+00
   6.9417633E+01   0.0000000E+00
   6.9751372E+01   0.0000000E+00
   7.0085111E+01   0.0000000E+00
   7.0418849E+01   0.0000000E+00
   7.0752588E+01   0.0000000E+00
   7.1086326E+01   0.0000000E+00
   7.1420065E+01   0.0000000E+00
   7.1753804E+01   0.0000000E+00
   7.2087542E+01   0.0000000E+00
   7.2421281E+01   0.0000000E+00
   7.2755019E+01   0.0000000E+00
   7.3088758E+01   0.0000000E+00
   7.3422496E+01   0.0000000E+00
   7.3756235E+01   0.0000000E+00
   7.4089974E+01   0.0000000E+00
   7.4423712E+01   0.0000000E+00
   7.4757451E+01   0.0000000E+00
   7.5091189E+01   0.0000000E+00
   7.5424928E+01   0.0000000E+00
   7.5758667E+01   0.0000000E+00
   7.6092405E+01   0.0000000E+00
   7.6426144E+01   0.0000000E+00
   7.6759882E+01   0.0000000E+00
   7.7093621E+01   0.0000000E+00
   7.7427360E+01   0.0000000E+00
   7.7761098E+01   0.0000000E+00
   7.8094837E+01   0.0000000E+00
   7.8428575E+01   0.0000000E+00
   7.8762314E+01   0.0000000E+00
   7.9096053E+01   0.0000000E+00
   7.9429791E+01   0.0000000E+00
   7.9763530E+01   0.0000000E+00
   8.0097268E+01   0.0000000E+00
   8.0431007E+01   0.0000000E+00
   8.0764746E+01   0.0000000E+00
   8.1098484E+01   0.0000000E+00
   8.1432223E+01   0.0000000E+00
   8.1765961E+01   0.0000000E+00
   8.2099700E+01   0.0000000E+00
   8.2433439E+01   0.0000000E+00
   8.2767177E+01   0.0000000E+00
   8.3100916E+01   0.0000000E+00
   8.3434654E+01   0.0000000E+00
   8.3768393E+01   0.0000000E+00
   8.4102132E+01   0.0000000E+00
   8.4435870E+01   0.0000000E+00
   8.4769609E+01   0.0000000E+00
   8.5103347E+01   0.0000000E+00
   8.5437086E+01   0.0000000E+00
   8.5770825E+01   0.0000000E+00
   8.6104563E+01   0.0000000E+00
   8.6438302E+01   0.0000000E+00
   8.6772040E+01   0.0000000E+00
   8.7105779E+01   0.0000000E+00
   8.7439517E+01   0.0000000E+00
   8.7773256E+01   0.0000000E+00
   8.8106995E+01   0.0000000E+00
   8.8440733E+01   0.0000000E+00
   8.8774472E+01   0.0000000E+00
   8.9108210E+01   0.0000000E+00
   8.9441949E+01   0.0000000E+00
   8.9775688E+01   0.0000000E+00
   9.0109426E+01   0.0000000E+00
   9.0443165E+01   0.0000000E+00
   9.0776903E+01   0.0000000E+00
   9.1110642E+01   0.0000000E+00
   9.1444381E+01   0.0000000E+00
   9.1778119E+01   0.0000000E+00
   9.2111858E+01   0.0000000E+00
   9.2445596E+01   0.0000000E+00
   9.2779335E+01   0.0000000E+00
   9.3113074E+01   0.0000000E+00
   9.3446812E+01   0.0000000E+00
   9.3780551E+01   0.0000000E+00
   9.4114289E+01   0.0000000E+00
   9.4448028E+01   0.0000000E+00
   9.4781767E+01   0.0000000E+00
   9.5115505E+01   0.0000000E+00
   9.5449244E+01   0.0000000E+00
   9.5782982E+01   0.0000000E+00
   9.6116721E+01   0.0000000E+00
   9.6450460E+01   0.0000000E+00
   9.6784198E+01   0.0000000E+00
   9.7117937E+01   0.0000000E+00
   9.7451675E+01   0.0000000E+00
   9.7785414E+01   0.0000000E+00
   9.8119153E+01   0.0000000E+00
   9.8452891E+01   0.0000000E+00
   9.8786630E+01   0.0000000E+00
   9.9120368E+01   0.0000000E+00
   9.9454107E+01   0.0000000E+00
   9.9787846E+01   0.0000000E+00
   1.0012158E+02   0.0000000E+00
   1.0045532E+02   0.0000000E+00
   1.0078906E+02   0.0000000E+00
   1.0112280E+02   0.0000000E+00
   1.0145654E+02   0.0000000E+00
   1.0179028E+02   0.0000000E+00
   1.0212402E+02   0.0000000E+00
   1.0245775E+02   0.0000000E+00
   1.0279149E+02   0.0000000E+00
   1.0312523E+02   0.0000000E+00
   1.0345897E+02   0.0000000E+00
   1.0379271E+02   0.0000000E+00
   1.0412645E+02   0.0000000E+00
   1.0446019E+02   0.0000000E+00
   1.0479392E+02   0.0000000E+00
   1.0512766E+02   0.0000000E+00
   1.0546140E+02   0.0000000E+00
   1.0579514E+02   0.0000000E+00
   1.0612888E+02   0.0000000E+00
   1.0646262E+02   0.0000000E+00
   1.0679636E+02   0.0000000E+00
   1.0713009E+02   0.0000000E+00
   1.0746383E+02   0.0000000E+00
   1.0779757E+02   0.0000000E+00
   1.0813131E+02   0.0000000E+00
   1.0846505E+02   0.0000000E+00
   1.0879879E+02   0.0000000E+00
   1.0913253E+02   0.0000000E+00
   1.0946626E+02   0.0000000E+00
   1.0980000E+02   0.0000000E+00
   1.1013374E+02   0.0000000E+00
   1.1046748E+02   0.0000000E+00
   1.1080122E+02   0.0000000E+00
   1.1113496E+02   0.0000000E+00
   1.1146870E+02   0.0000000E+00
   1.1180243E+02   0.0000000E+00
   1.1213617E+02   0.0000000E+00
   1.1246991E+02   0.0000000E+00
   1.1280365E+02   0.0000000E+00
   1.1313739E+02   0.0000000E+00
   1.1347113E+02   0.0000000E+00
   1.1380487E+02   0.0000000E+00
   1.1413861E+02   0.0000000E+00
   1.1447234E+02   0.0000000E+00
   1.1480608E+02   0.0000000E+00
   1.1513982E+02   0.0000000E+00
   1.1547356E+02   0.0000000E+00
   1.1580730E+02   0.0000000E+00
   1.1614104E+02   0.0000000E+00
   1.1647478E+02   0.0000000E+00
   1.1680851E+02   0.0000000E+00
   1.1714225E+02   0.0000000E+00
   1.1747599E+02   0.0000000E+00
   1.1780973E+02   0.0000000E+00
   1.1814347E+02   0.0000000E+00
   1.1847721E+02   0.0000000E+00
   1.1881095E+02   0.0000000E+00
   1.1914468E+02   0.0000000E+00
   1.1947842E+02   0.0000000E+00
   1.1981216E+02   0.0000000E+00
   1.2014590E+02   0.0000000E+00
   1.2047964E+02   0.0000000E+00
   1.2081338E+02   0.0000000E+00
   1.2114712E+02   0.0000000E+00
   1.2148085E+02   0.0000000E+00
   1.2181459E+02   0.0000000E+00
   1.2214833E+02   0.0000000E+00
   1.2248207E+02   0.0000000E+00
   1.2281581E+02   0.0000000E+00
   1.2314955E+02   0.0000000E+00
   1.2348329E+02   0.0000000E+00
   1.2381702E+02   0.0000000E+00
   1.2415076E+02   0.0000000E+00
   1.2448450E+02   0.0000000E+00
   1.2481824E+02   0.0000000E+00
   1.2515198E+02   0.0000000E+00
   1.2548572E+02   0.0000000E+00
   1.2581946E+02   0.0000000E+00
   1.2615319E+02   0.0000000E+00
   1.2648693E+02   0.0000000E+00
   1.2682067E+02   0.0000000E+00
   1.2715441E+02   0.0000000E+00
   1.2748815E+02   0.0000000E+00
   1.2782189E+02   0.0000000E+00
   1.2815563E+02   0.0000000E+00
   1.2848936E+02   0.0000000E+00
   1.2882310E+02   0.0000000E+00
   1.2915684E+02   0.0000000E+00
   1.2949058E+02   0.0000000E+00
   1.2982432E+02   0.0000000E+00
   1.3015806E+02   0.0000000E+00
   1.3049180E+02   0.0000000E+00
   1.3082553E+02   0.0000000E+00
   1.3115927E+02   0.0000000E+00
   1.3149301E+02   0.0000000E+00
   1.3182675E+02   0.0000000E+00
   1.3216049E+02   0.0000000E+00
   1.3249423E+02   0.0000000E+00
   1.3282797E+02   0.0000000E+00
   1.3316171E+02   0.0000000E+00
   1.3349544E+02   0.0000000E+00
   1.3382918E+02   0.0000000E+00
   1.3416292E+02   0.0000000E+00
   1.3449666E+02   0.0000000E+00
   1.3483040E+02   0.0000000E+00
   1.3516414E+02   0.0000000E+00
   1.3549788E+02   0.0000000E+00
   1.3583161E+02   0.0000000E+00
   1.3616535E+02   0.0000000E+00
   1.3649909E+02   0.0000000E+00
   1.3683283E+02   0.0000000E+00
   1.3716657E+02   0.0000000E+00
   1.3750031E+02   0.0000000E+00
   1.3783405E+02   0.0000000E+00
   1.3816778E+02   0.0000000E+00
   1.3850152E+02   0.0000000E+00
   1.3883526E+02   0.0000000E+00
   1.3916900E+02   0.0000000E+00
   1.3950274E+02   0.0000000E+00
   1.3983648E+02   0.0000000E+00
   1.4017022E+02   0.0000000E+00
   1.4050395E+02   0.0000000E+00
   1.4083769E+02   0.0000000E+00
   1.4117143E+02   0.0000000E+00
   1.4150517E+02   0.0000000E+00
   1.4183891E+02   0.0000000E+00
   1.4217265E+02   0.0000000E+00
   1.4250639E+02   0.0000000E+00
   1.4284012E+02   0.0000000E+00
   1.4317386E+02   0.0000000E+00
   1.4350760E+02   0.0000000E+00
   1.4384134E+02   0.0000000E+00
   1.4417508E+02   0.0000000E+00
   1.4450882E+02   0.0000000E+00
   1.4484256E+02   0.0000000E+00
   1.4517629E+02   0.0000000E+00
   1.4551003E+02   0.0000000E+00
   1.4584377E+02   0.0000000E+00
   1.4617751E+02   0.0000000E+00
   1.4651125E+02   1.4012985E-45
   1.4684499E+02   2.8025969E-45
   1.4717873E+02   5.6051939E-45
   1.4751246E+02   7.0064923E-45
   1.4784620E+02   1.1210388E-44
   1.4817994E+02   1.4012985E-44
   1.4851368E+02   1.6815582E-44
   1.4884742E+02   1.6815582E-44
   1.4918116E+02   1.5414283E-44
   1.4951490E+02   1.4012985E-44
   1.4984863E+02   7.0064923E-45
   1.5018237E+02   0.0000000E+00
   1.5051611E+02  -9.8090893E-45
   1.5084985E+02  -1.6815582E-44
   1.5118359E+02  -2.3822074E-44
   1.5151733E+02  -2.8025969E-44
   1.5185107E+02  -2.8025969E-44
   1.5218480E+02  -1.8216880E-44
   1.5251854E+02  -5.6051939E-45
   1.5285228E+02   1.2611686E-44
   1.5318602E+02   3.5032462E-44
   1.5351976E+02   5.4650640E-44
   1.5385350E+02   7.1466222E-44
   1.5418724E+02   8.2676609E-44
   1.5452098E+02   8.6880505E-44
   1.5485471E+02   7.8472714E-44
   1.5518845E+02   5.8854536E-44
   1.5552219E+02   2.3822074E-44
   1.5585593E+02  -1.8216880E-44
   1.5618967E+02  -6.7262326E-44
   1.5652341E+02  -1.1630777E-43
   1.5685715E+02  -1.5974802E-43
   1.5719088E+02  -1.7936620E-43
   1.5752462E+02  -1.7936620E-43
   1.5785836E+02  -1.4853764E-43
   1.5819210E+02  -8.9683102E-44
   1.5852584E+02  -2.8025969E-45
   1.5885958E+02   1.0229479E-43
   1.5919332E+02   2.1439867E-43
   1.5952705E+02   3.1529215E-43
   1.5986079E+02   3.8395578E-43
   1.6019453E+02   4.0497526E-43
   1.6052827E+02   3.6714020E-43
   1.6086201E+02   2.5783892E-43
   1.6119575E+02   8.6880505E-44
   1.6152949E+02  -1.3732725E-43
   1.6186322E+02  -3.8956097E-43
   1.6219696E+02  -6.3618950E-43
   1.6253070E+02  -8.3096999E-43
   1.6286444E+02  -9.4027127E-43
   1.6319818E+02  -9.1925179E-43
   1.6353192E+02  -7.5529987E-43
   1.6386566E+02  -4.3440252E-43
   1.6419939E+02   1.9618179E-44
   1.6453313E+02   5.6332198E-43
   1.6486687E+02   1.1294466E-42
   1.6520061E+02   1.6395192E-42
   1.6553435E+02   2.0052581E-42
   1.6586809E+02   2.1327763E-42
   1.6620183E+02   1.9646204E-42
   1.6653556E+02   1.4713634E-42
   1.6686930E+02   6.5440638E-43
   1.6720304E+02  -4.1478435E-43
   1.6753678E+02  -1.6241049E-42
   1.6787052E+02  -2.8110047E-42
   1.6820426E+02  -3.7891110E-42
   1.6853800E+02  -4.3692486E-42
   1.6887173E+02  -4.3832616E-42
   1.6920547E+02  -3.7274539E-42
   1.6953921E+02  -2.3667931E-42
   1.6987295E+02  -3.7975188E-43
   1.7020669E+02   2.0472971E-42
   1.7054043E+02   4.6284888E-42
   1.7087417E+02   6.9924793E-42
   1.7120790E+02   8.7441024E-42
   1.7154164E+02   9.4923958E-42
   1.7187538E+02   8.9346790E-42
   1.7220912E+02   6.9168092E-42
   1.7254286E+02   3.4626085E-42
   1.7287660E+02  -1.1560712E-42
   1.7321034E+02  -6.4571833E-42
   1.7354408E+02  -1.1762499E-41
   1.7387781E+02  -1.6269075E-41
   1.7421155E+02  -1.9141737E-41
   1.7454529E+02  -1.9639198E-41
   1.7487903E+02  -1.7259793E-41
   1.7521277E+02  -1.1828360E-41
   1.7554651E+02  -3.6083435E-42
   1.7588025E+02   6.6659768E-42
   1.7621398E+02   1.7817510E-41
   1.7654772E+02   2.8330051E-41
   1.7688146E+02   3.6508029E-41
   1.7721520E+02   4.0702115E-41
   1.7754894E+02   3.9567063E-41
   1.7788268E+02   3.2315344E-41
   1.7821642E+02   1.8941351E-41
   1.7855015E+02   3.5873241E-43
   1.7888389E+02  -2.1591207E-41
   1.7921763E+02  -4.4219374E-41
   1.7955137E+02  -6.4285968E-41
   1.7988511E+02  -7.8339591E-41
   1.8021885E+02  -8.3238530E-41
   1.8055259E+02  -7.6652427E-41
   1.8088632E+02  -5.7545723E-41
   1.8122006E+02  -2.6574224E-41
   1.8155380E+02   1.3743935E-41
   1.8188754E+02   5.9053520E-41
   1.8222128E+02   1.0353073E-40
   1.8255502E+02   1.4045215E-40
   1.8288876E+02   1.6306630E-40
   1.8322249E+02   1.6557883E-40
   1.8355623E+02   1.4416138E-40
   1.8388997E+02   9.7868086E-41
   1.8422371E+02   2.9249303E-41
   1.8455745E+02  -5.5425558E-41
   1.8489119E+02  -1.4646512E-40
   1.8522493E+02  -2.3159540E-40
   1.8555866E+02  -2.9734292E-40
   1.8589240E+02  -3.3079192E-40
   1.8622614E+02  -3.2158679E-40
   1.8655988E+02  -2.6385469E-40
   1.8689362E+02  -1.5784927E-40
   1.8722736E+02  -1.0892293E-41
   1.8756110E+02   1.6248756E-40
   1.8789483E+02   3.4147261E-40
   1.8822857E+02   5.0096420E-40
   1.8856231E+02   6.1449320E-40
   1.8889605E+02   6.5787179E-40
   1.8922979E+02   6.1306528E-40
   1.8956353E+02   4.7182980E-40
   1.8989727E+02   2.3853323E-40
   1.9023100E+02  -6.8395977E-41
   1.9056474E+02  -4.1681343E-40
   1.9089848E+02  -7.6325644E-40
   1.9123222E+02  -1.0573273E-39
   1.9156596E+02  -1.2478339E-39
   1.9189970E+02  -1.2900676E-39
   1.9223344E+02  -1.1532672E-39
   1.9256718E+02  -8.2737986E-40
   1.9290091E+02  -3.2790664E-40
   1.9323465E+02   3.0212415E-40
   1.9356839E+02   9.9380087E-40
   1.9390213E+02   1.6579477E-39
   1.9423587E+02   2.1945931E-39
   1.9456961E+02   2.5055048E-39
   1.9490335E+02   2.5085471E-39
   1.9523708E+02   2.1520890E-39
   1.9557082E+02   1.4274369E-39
   1.9590456E+02   3.7712725E-40
   1.9623830E+02  -9.0265762E-40
   1.9657204E+02  -2.2669954E-39
   1.9690578E+02  -3.5348104E-39
   1.9723952E+02  -4.5087423E-39
   1.9757325E+02  -5.0005700E-39
   1.9790699E+02  -4.8595714E-39
   1.9824073E+02  -4.0001774E-39
   1.9857447E+02  -2.4249918E-39
   1.9890821E+02  -2.3907413E-40
   1.9924195E+02   2.3479428E-39
   1.9957569E+02   5.0342782E-39
   1.9990942E+02   7.4535121E-39
   2.0024316E+02   9.2158986E-39
   2.0057690E+02   9.9598507E-39
   2.0091064E+02   9.4080376E-39
   2.0124438E+02   7.4209235E-39
   2.0157812E+02   4.0396996E-39
   2.0191186E+02  -4.8915266E-40
   2.0224559E+02  -5.7143466E-39
   2.0257933E+02  -1.1009356E-38
   2.0291307E+02  -1.5631826E-38
   2.0324681E+02  -1.8809439E-38
   2.0358055E+02  -1.9844576E-38
   2.0391429E+02  -1.8226047E-38
   2.0424803E+02  -1.3733399E-38
   2.0458176E+02  -6.5176143E-39
   2.0491550E+02   2.8571144E-39
   2.0524924E+02   1.3423210E-38
   2.0558298E+02   2.3878437E-38
   2.0591672E+02   3.2713957E-38
   2.0625046E+02   3.8393605E-38
   2.0658420E+02   3.9567775E-38
   2.0691793E+02   3.5297520E-38
   2.0725167E+02   2.5258604E-38
   2.0758541E+02   9.8933297E-39
   2.0791915E+02  -9.5207258E-39
   2.0825289E+02  -3.0909012E-38
   2.0858663E+02  -5.1558490E-38
   2.0892037E+02  -6.8394402E-38
   2.0925410E+02  -7.8356563E-38
   2.0958784E+02  -7.8838498E-38
   2.0992158E+02  -6.8137998E-38
   2.1025532E+02  -4.5856464E-38
   2.1058906E+02  -1.3181315E-38
   2.1092280E+02   2.7009263E-38
   2.1125654E+02   7.0265186E-38
   2.1159027E+02   1.1092874E-37
   2.1192401E+02   1.4273492E-37
   2.1225775E+02   1.5960301E-37
   2.1259149E+02   1.5653909E-37
   2.1292523E+02   1.3053990E-37
   2.1325897E+02   8.1367959E-38
   2.1359271E+02   1.2065127E-38
   2.1392645E+02  -7.0915444E-38
   2.1426018E+02  -1.5804387E-37
   2.1459392E+02  -2.3754787E-37
   2.1492766E+02  -2.9671439E-37
   2.1526140E+02  -3.2355183E-37
   2.1559514E+02  -3.0863718E-37
   2.1592888E+02  -2.4691417E-37
   2.1626262E+02  -1.3917467E-37
   2.1659635E+02   7.0443834E-39
   2.1693009E+02   1.7738003E-37
   2.1726383E+02   3.5153041E-37
   2.1759757E+02   5.0515164E-37
   2.1793131E+02   6.1266267E-37
   2.1826505E+02   6.5071458E-37
   2.1859879E+02   6.0193441E-37
   2.1893252E+02   4.5845329E-37
   2.1926626E+02   2.2467177E-37
   2.1960000E+02  -8.1269683E-38
   2.1993374E+02  -4.2774884E-37
   2.2026748E+02  -7.7190855E-37
   2.2060122E+02  -1.0639105E-36
   2.2093496E+02  -1.2529215E-36
   2.2126869E+02  -1.2942697E-36
   2.2160243E+02  -1.1569295E-36
   2.2193617E+02  -8.3031539E-37
   2.2226991E+02  -3.2927837E-37
   2.2260365E+02   3.0371622E-37
   2.2293739E+02   1.0000300E-36
   2.2327113E+02   1.6703155E-36
   2.2360486E+02   2.2138912E-36
   2.2393860E+02   2.5313407E-36
   2.2427234E+02   2.5390517E-36
   2.2460608E+02   2.1839222E-36
   2.2493982E+02   1.4561375E-36
   2.2527356E+02   3.9784384E-37
   2.2560730E+02  -8.9422617E-37
   2.2594103E+02  -2.2735635E-36
   2.2627477E+02  -3.5566811E-36
   2.2660851E+02  -4.5433800E-36
   2.2694225E+02  -5.0428033E-36
   2.2727599E+02  -4.9024737E-36
   2.2760973E+02  -4.0366023E-36
   2.2794347E+02  -2.4494819E-36
   2.2827720E+02  -2.4975237E-37
   2.2861094E+02   2.3480310E-36
   2.2894468E+02   5.0368247E-36
   2.2927842E+02   7.4460723E-36
   2.2961216E+02   9.1845871E-36
   2.2994590E+02   9.8934222E-36
   2.3027964E+02   9.3027557E-36
   2.3061337E+02   7.2852231E-36
   2.3094711E+02   3.8974228E-36
   2.3128085E+02  -5.9829570E-37
   2.3161459E+02  -5.7381186E-36
   2.3194833E+02  -1.0890741E-35
   2.3228207E+02  -1.5320913E-35
   2.3261581E+02  -1.8278195E-35
   2.3294955E+02  -1.9102205E-35
   2.3328328E+02  -1.7331832E-35
   2.3361702E+02  -1.2803386E-35
   2.3395076E+02  -5.7217277E-36
   2.3428450E+02   3.3101301E-36
   2.3461824E+02   1.3313828E-35
   2.3495198E+02   2.3015999E-35
   2.3528572E+02   3.0983643E-35
   2.3561945E+02   3.5803942E-35
   2.3595319E+02   3.6289652E-35
   2.3628693E+02   3.1684658E-35
   2.3662067E+02   2.1840229E-35
   2.3695441E+02   7.3320886E-36
   2.3728815E+02  -1.0507806E-35
   2.3762189E+02  -2.9662719E-35
   2.3795562E+02  -4.7611700E-35
   2.3828936E+02  -6.1610586E-35
   2.3862310E+02  -6.9048653E-35
   2.3895684E+02  -6.7841992E-35
   2.3929058E+02  -5.6812755E-35
   2.3962432E+02  -3.5997959E-35
   2.3995806E+02  -6.8329871E-36
   2.4029179E+02   2.7836197E-35
   2.4062553E+02   6.3939867E-35
   2.4095927E+02   9.6574724E-35
   2.4129301E+02   1.2057294E-34
   2.4162675E+02   1.3119637E-34
   2.4196049E+02   1.2487612E-34
   2.4229423E+02   9.9899468E-35
   2.4262796E+02   5.6937537E-35
   2.4296170E+02  -6.8494644E-37
   2.4329544E+02  -6.7055949E-35
   2.4362918E+02  -1.3411980E-34
   2.4396292E+02  -1.9249265E-34
   2.4429666E+02  -2.3259043E-34
   2.4463040E+02  -2.4595603E-34
   2.4496413E+02  -2.2662771E-34
   2.4529787E+02  -1.7236115E-34
   2.4563161E+02  -8.5509569E-35
   2.4596535E+02   2.6614174E-35
   2.4629909E+02   1.5202216E-34
   2.4663283E+02   2.7503983E-34
   2.4696657E+02   3.7796343E-34
   2.4730030E+02   4.4325279E-34
   2.4763404E+02   4.5602872E-34
   2.4796778E+02   4.0656915E-34
   2.4830152E+02   2.9245103E-34
   2.4863526E+02   1.1998324E-34
   2.4896900E+02  -9.5375628E-35
   2.4930274E+02  -3.2982482E-34
   2.4963647E+02  -5.5332108E-34
   2.4997021E+02  -7.3286664E-34
   2.5030395E+02  -8.3669971E-34
   2.5063769E+02  -8.3892975E-34
   2.5097143E+02  -7.2403615E-34
   2.5130517E+02  -4.9057705E-34
   2.5163891E+02  -1.5347557E-34
   2.5197264E+02   2.5564798E-34
   2.5230638E+02   6.9042624E-34
   2.5264012E+02   1.0940408E-33
   2.5297386E+02   1.4056045E-33
   2.5330760E+02   1.5680452E-33
   2.5364134E+02   1.5366076E-33
   2.5397508E+02   1.2868862E-33
   2.5430882E+02   8.2119135E-34
   2.5464255E+02   1.7213864E-34
   2.5497629E+02  -5.9744927E-34
   2.5531003E+02  -1.3988420E-33
   2.5564377E+02  -2.1259076E-33
   2.5597751E+02  -2.6672580E-33
   2.5631125E+02  -2.9208665E-33
   2.5664499E+02  -2.8095013E-33
   2.5697872E+02  -2.2949551E-33
   2.5731246E+02  -1.3889316E-33
   2.5764620E+02  -1.5863457E-34
   2.5797994E+02   1.2744919E-33
   2.5831368E+02   2.7436383E-33
   2.5864742E+02   4.0529965E-33
   2.5898116E+02   5.0004222E-33
   2.5931489E+02   5.4041729E-33
   2.5964863E+02   5.1306376E-33
   2.5998237E+02   4.1193940E-33
   2.6031611E+02   2.4018116E-33
   2.6064985E+02   1.0975334E-34
   2.6098359E+02  -2.5281888E-33
   2.6131733E+02  -5.2041310E-33
   2.6165106E+02  -7.5615408E-33
   2.6198480E+02  -9.2367275E-33
   2.6231854E+02  -9.9070664E-33
   2.6265228E+02  -9.3403003E-33
   2.6298602E+02  -7.4384592E-33
   2.6331976E+02  -4.2696152E-33
   2.6365350E+02  -8.1647450E-35
   2.6398723E+02   4.7063881E-33
   2.6432097E+02   9.5370964E-33
   2.6465471E+02   1.3770643E-32
   2.6498845E+02   1.6759307E-32
   2.6532219E+02   1.7933145E-32
   2.6565593E+02   1.6886773E-32
   2.6598967E+02   1.3455740E-32
   2.6632340E+02   7.7708861E-33
   2.6665714E+02   2.8049132E-34
   2.6699088E+02  -8.2670115E-33
   2.6732462E+02  -1.6882664E-32
   2.6765836E+02  -2.4436509E-32
   2.6799210E+02  -2.9788961E-32
   2.6832584E+02  -3.1940703E-32
   2.6865957E+02  -3.0183562E-32
   2.6899331E+02  -2.4232246E-32
   2.6932705E+02  -1.4317261E-32
   2.6966079E+02  -1.2213640E-33
   2.6999453E+02   1.3752341E-32
   2.7032827E+02   2.8885211E-32
   2.7066201E+02   4.2216252E-32
   2.7099574E+02   5.1769277E-32
   2.7132948E+02   5.5810955E-32
   2.7166322E+02   5.3109458E-32
   2.7199696E+02   4.3159580E-32
   2.7233070E+02   2.6340442E-32
   2.7266444E+02   3.9766158E-33
   2.7299818E+02  -2.1717502E-32
   2.7333192E+02  -4.7817059E-32
   2.7366565E+02  -7.0981609E-32
   2.7399939E+02  -8.7840720E-32
   2.7433313E+02  -9.5430828E-32
   2.7466687E+02  -9.1632089E-32
   2.7500061E+02  -7.5547788E-32
   2.7533435E+02  -4.7769487E-32
   2.7566809E+02  -1.0479592E-32
   2.7600182E+02   3.2642191E-32
   2.7633556E+02   7.6719109E-32
   2.7666930E+02   1.1617012E-31
   2.7700304E+02   1.4535303E-31
   2.7733678E+02   1.5929178E-31
   2.7767052E+02   1.5440224E-31
   2.7800426E+02   1.2912159E-31
   2.7833799E+02   8.4347197E-32
   2.7867173E+02   2.3605258E-32
   2.7900547E+02  -4.7103769E-32
   2.7933921E+02  -1.1980094E-31
   2.7967295E+02  -1.8533989E-31
   2.8000669E+02  -2.3446297E-31
   2.8034043E+02  -2.5899305E-31
   2.8067416E+02  -2.5301947E-31
   2.8100790E+02  -2.1392304E-31
   2.8134164E+02  -1.4308639E-31
   2.8167538E+02  -4.6161887E-32
   2.8200912E+02   6.7188359E-32
   2.8234286E+02   1.8410630E-31
   2.8267660E+02   2.8986031E-31
   2.8301033E+02   3.6956038E-31
   2.8334407E+02   4.1008423E-31
   2.8367781E+02   4.0198535E-31
   2.8401155E+02   3.4113041E-31
   2.8434529E+02   2.2982001E-31
   2.8467903E+02   7.7188549E-32
   2.8501277E+02  -1.0124969E-31
   2.8534650E+02  -2.8494289E-31
   2.8568024E+02  -4.5045423E-31
   2.8601398E+02  -5.7422927E-31
   2.8634772E+02  -6.3568327E-31
   2.8668146E+02  -6.2023215E-31
   2.8701520E+02  -5.2186589E-31
   2.8734894E+02  -3.4486747E-31
   2.8768267E+02  -1.0436153E-31
   2.8801641E+02   1.7451376E-31
   2.8835015E+02   4.5885079E-31
   2.8868389E+02   7.1149382E-31
   2.8901763E+02   8.9550862E-31
   2.8935137E+02   9.7911673E-31
   2.8968511E+02   9.4048529E-31
   2.9001884E+02   7.7172314E-31
   2.9035258E+02   4.8146485E-31
   2.9068632E+02   9.5537398E-32
   2.9102006E+02  -3.4458811E-31
   2.9135380E+02  -7.8560408E-31
   2.9168754E+02  -1.1681768E-30
   2.9202128E+02  -1.4342119E-30
   2.9235501E+02  -1.5347706E-30
   2.9268875E+02  -1.4376499E-30
   2.9302249E+02  -1.1335901E-30
   2.9335623E+02  -6.4011667E-31
   2.9368997E+02  -2.2403512E-33
   2.9402371E+02   7.1042731E-31
   2.9435745E+02   1.4101746E-30
   2.9469119E+02   2.0008439E-30
   2.9502492E+02   2.3897213E-30
   2.9535866E+02   2.5003276E-30
   2.9569240E+02   2.2845163E-30
   2.9602614E+02   1.7321938E-30
   2.9635988E+02   8.7710056E-31
   2.9669362E+02  -2.0256838E-31
   2.9702736E+02  -1.3893698E-30
   2.9736109E+02  -2.5376203E-30
   2.9769483E+02  -3.4894183E-30
   2.9802857E+02  -4.0941268E-30
   2.9836231E+02  -4.2291398E-30
   2.9869605E+02  -3.8193478E-30
   2.9902979E+02  -2.8525738E-30
   2.9936353E+02  -1.3885109E-30
   2.9969726E+02   4.4076769E-31
   3.0003100E+02   2.4397319E-30
   3.0036474E+02   4.3676548E-30
   3.0069848E+02   5.9648495E-30
   3.0103222E+02   6.9843646E-30
   3.0136596E+02   7.2255896E-30
   3.0169970E+02   6.5655990E-30
   3.0203343E+02   4.9838941E-30
   3.0236717E+02   2.5766129E-30
   3.0270091E+02  -4.4285311E-31
   3.0303465E+02  -3.7583293E-30
   3.0336839E+02  -6.9802487E-30
   3.0370213E+02  -9.6877203E-30
   3.0403587E+02  -1.1479215E-29
   3.0436960E+02  -1.2026224E-29
   3.0470334E+02  -1.1123257E-29
   3.0503708E+02  -8.7273395E-30
   3.0537082E+02  -4.9807806E-30
   3.0570456E+02  -2.1253559E-31
   3.0603830E+02   5.0842760E-30
   3.0637204E+02   1.0298238E-29
   3.0670577E+02   1.4765446E-29
   3.0703951E+02   1.7848750E-29
   3.0737325E+02   1.9021688E-29
   3.0770699E+02   1.7946697E-29
   3.0804073E+02   1.4537003E-29
   3.0837447E+02   8.9925626E-30
   3.0870821E+02   1.8028980E-30
   3.0904194E+02  -6.2869282E-30
   3.0937568E+02  -1.4346321E-29
   3.0970942E+02  -2.1359788E-29
   3.1004316E+02  -2.6348151E-29
   3.1037690E+02  -2.8496800E-29
   3.1071064E+02  -2.7275104E-29
   3.1104438E+02  -2.2530777E-29
   3.1137811E+02  -1.4544751E-29
   3.1171185E+02  -4.0355586E-30
   3.1204559E+02   7.8919614E-30
   3.1237933E+02   1.9852302E-29
   3.1271307E+02   3.0330785E-29
   3.1304681E+02   3.7865627E-29
   3.1338055E+02   4.1239902E-29
   3.1371429E+02   3.9659673E-29
   3.1404802E+02   3.2893854E-29
   3.1438176E+02   2.1354443E-29
   3.1471550E+02   6.1011286E-30
   3.1504924E+02  -1.1237014E-29
   3.1538298E+02  -2.8620198E-29
   3.1571672E+02  -4.3823814E-29
   3.1605046E+02  -5.4708026E-29
   3.1638419E+02  -5.9500631E-29
   3.1671793E+02  -5.7057227E-29
   3.1705167E+02  -4.7063372E-29
   3.1738541E+02  -3.0147427E-29
   3.1771915E+02  -7.8814304E-30
   3.1805289E+02   1.7339719E-29
   3.1838663E+02   4.2535710E-29
   3.1872036E+02   6.4474429E-29
   3.1905410E+02   8.0066589E-29
   3.1938784E+02   8.6775530E-29
   3.1972158E+02   8.2990392E-29
   3.2005532E+02   6.8311122E-29
   3.2038906E+02   4.3700834E-29
   3.2072280E+02   1.1474615E-29
   3.2105653E+02  -2.4887619E-29
   3.2139027E+02  -6.1094169E-29
   3.2172401E+02  -9.2528909E-29
   3.2205775E+02  -1.1482015E-28
   3.2239149E+02  -1.2442391E-28
   3.2272523E+02  -1.1914684E-28
   3.2305897E+02  -9.8535102E-29
   3.2339270E+02  -6.4068467E-29
   3.2372644E+02  -1.9118002E-29
   3.2406018E+02   3.1346448E-29
   3.2439392E+02   8.1279901E-29
   3.2472766E+02   1.2426773E-28
   3.2506140E+02   1.5433418E-28
   3.2539514E+02   1.6675615E-28
   3.2572887E+02   1.5877563E-28
   3.2606261E+02   1.3010844E-28
   3.2639635E+02   8.3165609E-29
   3.2673009E+02   2.2935298E-29
   3.2706383E+02  -4.3485572E-29
   3.2739757E+02  -1.0767800E-28
   3.2773131E+02  -1.6092515E-28
   3.2806504E+02  -1.9535808E-28
   3.2839878E+02  -2.0508024E-28
   3.2873252E+02  -1.8711803E-28
   3.2906626E+02  -1.4205748E-28
   3.2940000E+02  -7.4253711E-29
   3.2973374E+02   8.4498732E-30
   3.3006748E+02   9.5497116E-29
   3.3040121E+02   1.7482889E-28
   3.3073495E+02   2.3440173E-28
   3.3106869E+02   2.6384106E-28
   3.3140243E+02   2.5601774E-28
   3.3173617E+02   2.0833227E-28
   3.3206991E+02   1.2350747E-28
   3.3240365E+02   9.7401018E-30
   3.3273739E+02  -1.1986776E-28
   3.3307112E+02  -2.4858873E-28
   3.3340486E+02  -3.5795895E-28
   3.3373860E+02  -4.3008202E-28
   3.3407234E+02  -4.5008631E-28
   3.3440608E+02  -4.0842551E-28
   3.3473982E+02  -3.0271175E-28
   3.3507356E+02  -1.3879522E-28
   3.3540729E+02   6.9115752E-29
   3.3574103E+02   2.9940122E-28
   3.3607477E+02   5.2501910E-28
   3.3640851E+02   7.1637921E-28
   3.3674225E+02   8.4481861E-28
   3.3707599E+02   8.8629428E-28
   3.3740973E+02   8.2484556E-28
   3.3774346E+02   6.5537841E-28
   3.3807720E+02   3.8536060E-28
   3.3841094E+02   3.5131610E-29
   3.3874468E+02  -3.6333256E-28
   3.3907842E+02  -7.6917000E-28
   3.3941216E+02  -1.1366869E-27
   3.3974590E+02  -1.4203239E-27
   3.4007963E+02  -1.5800009E-27
   3.4041337E+02  -1.5862252E-27
   3.4074711E+02  -1.4243319E-27
   3.4108085E+02  -1.0972857E-27
   3.4141459E+02  -6.2660906E-28
   3.4174833E+02  -5.1210670E-29
   3.4208207E+02   5.7588656E-28
   3.4241580E+02   1.1926538E-27
   3.4274954E+02   1.7344985E-27
   3.4308328E+02   2.1413558E-27
   3.4341702E+02   2.3646133E-27
   3.4375076E+02   2.3730432E-27
   3.4408450E+02   2.1569872E-27
   3.4441824E+02   1.7302079E-27
   3.4475197E+02   1.1290858E-27
   3.4508571E+02   4.0915515E-28
   3.4541945E+02  -3.6071724E-28
   3.4575319E+02  -1.1058843E-27
   3.4608693E+02  -1.7543331E-27
   3.4642067E+02  -2.2449591E-27
   3.4675441E+02  -2.5346534E-27
   3.4708814E+02  -2.6032733E-27
   3.4742188E+02  -2.4557987E-27
   3.4775562E+02  -2.1212963E-27
   3.4808936E+02  -1.6487359E-27
   3.4842310E+02  -1.1001004E-27
   3.4875684E+02  -5.4162812E-28
   3.4909058E+02  -3.4322286E-29
   3.4942431E+02   3.7498210E-28
   3.4975805E+02   6.6068983E-28
   3.5009179E+02   8.2252250E-28
   3.5042553E+02   8.8582570E-28
   3.5075927E+02   8.9777167E-28
   3.5109301E+02   9.1969664E-28
   3.5142675E+02   1.0163722E-27
   3.5176048E+02   1.2435075E-27
   3.5209422E+02   1.6351808E-27
   3.5242796E+02   2.1930668E-27
   3.5276170E+02   2.8792838E-27
   3.5309544E+02   3.6143866E-27
   3.5342918E+02   4.2815110E-27
   3.5376292E+02   4.7369356E-27
   3.5409666E+02   4.8265091E-27
   3.5443039E+02   4.4064930E-27
   3.5476413E+02   3.3667112E-27
   3.5509787E+02   1.6531314E-27
   3.5543161E+02  -7.1309270E-28
   3.5576535E+02  -3.6231407E-27
   3.5609909E+02  -6.8771515E-27
   3.5643283E+02  -1.0191718E-26
   3.5676656E+02  -1.3218839E-26
   3.5710030E+02  -1.5575686E-26
   3.5743404E+02  -1.6883044E-26
   3.5776778E+02  -1.6809076E-26
   3.5810152E+02  -1.5114074E-26
   3.5843526E+02  -1.1691003E-26
   3.5876900E+02  -6.5968655E-27
   3.5910273E+02  -7.0070724E-29
   3.5943647E+02   7.4697932E-27
   3.5977021E+02   1.5441692E-26
   3.6010395E+02   2.3142668E-26
   3.6043769E+02   2.9804838E-26
   3.6077143E+02   3.4665793E-26
   3.6110517E+02   3.7046073E-26
   3.6143890E+02   3.6426441E-26
   3.6177264E+02   3.2516560E-26
   3.6210638E+02   2.5307262E-26
   3.6244012E+02   1.5099346E-26
   3.6277386E+02   2.5038969E-27
   3.6310760E+02  -1.1588296E-26
   3.6344134E+02  -2.6067551E-26
   3.6377507E+02  -3.9692670E-26
   3.6410881E+02  -5.1197689E-26
   3.6444255E+02  -5.9408856E-26
   3.6477629E+02  -6.3360618E-26
   3.6511003E+02  -6.2398984E-26
   3.6544377E+02  -5.6261159E-26
   3.6577751E+02  -4.5122357E-26
   3.6611124E+02  -2.9603327E-26
   3.6644498E+02  -1.0736066E-26
   3.6677872E+02   1.0110490E-26
   3.6711246E+02   3.1339404E-26
   3.6744620E+02   5.1259202E-26
   3.6777994E+02   6.8230003E-26
   3.6811368E+02   8.0807978E-26
   3.6844741E+02   8.7874076E-26
   3.6878115E+02   8.8734255E-26
   3.6911489E+02   8.3181222E-26
   3.6944863E+02   7.1511794E-26
   3.6978237E+02   5.4497846E-26
   3.7011611E+02   3.3315389E-26
   3.7044985E+02   9.4383563E-27
   3.7078358E+02  -1.5490162E-26
   3.7111732E+02  -3.9796655E-26
   3.7145106E+02  -6.1910297E-26
   3.7178480E+02  -8.0478369E-26
   3.7211854E+02  -9.4451857E-26
   3.7245228E+02  -1.0313537E-25
   3.7278602E+02  -1.0619837E-25
   3.7311976E+02  -1.0365076E-25
   3.7345349E+02  -9.5788865E-26
   3.7378723E+02  -8.3123475E-26
   3.7412097E+02  -6.6300376E-26
   3.7445471E+02  -4.6027914E-26
   3.7478845E+02  -2.3020385E-26
   3.7512219E+02   2.0320810E-27
   3.7545593E+02   2.8466095E-26
   3.7578966E+02   5.5618453E-26
   3.7612340E+02   8.2777221E-26
   3.7645714E+02   1.0912091E-25
   3.7679088E+02   1.3365734E-25
   3.7712462E+02   1.5517673E-25
   3.7745836E+02   1.7223233E-25
   3.7779210E+02   1.8316237E-25
   3.7812583E+02   1.8615750E-25
   3.7845957E+02   1.7937883E-25
   3.7879331E+02   1.6112445E-25
   3.7912705E+02   1.3003460E-25
   3.7946079E+02   8.5321729E-26
   3.7979453E+02   2.7007972E-26
   3.8012827E+02  -4.3853480E-26
   3.8046200E+02  -1.2499738E-25
   3.8079574E+02  -2.1282940E-25
   3.8112948E+02  -3.0240041E-25
   3.8146322E+02  -3.8749153E-25
   3.8179696E+02  -4.6082907E-25
   3.8213070E+02  -5.1444085E-25
   3.8246444E+02  -5.4015377E-25
   3.8279817E+02  -5.3022625E-25
   3.8313191E+02  -4.7809349E-25
   3.8346565E+02  -3.7918798E-25
   3.8379939E+02  -2.3178079E-25
   3.8413313E+02  -3.7774333E-26
   3.8446687E+02   1.9663132E-25
   3.8480061E+02   4.6050446E-25
   3.8513434E+02   7.3806024E-25
   3.8546808E+02   1.0089584E-24
   3.8580182E+02   1.2490793E-24
   3.8613556E+02   1.4318348E-24
   3.8646930E+02   1.5300090E-24
   3.8680304E+02   1.5180835E-24
   3.8713678E+02   1.3749315E-24
   3.8747051E+02   1.0867117E-24
   3.8780425E+02   6.4971659E-25
   3.8813799E+02   7.2897354E-26
   3.8847173E+02  -6.2026614E-25
   3.8880547E+02  -1.3908820E-24
   3.8913921E+02  -2.1850425E-24
   3.8947295E+02  -2.9357654E-24
   3.8980668E+02  -3.5666007E-24
   3.9014042E+02  -3.9969361E-24
   3.9047416E+02  -4.1488143E-24
   3.9080790E+02  -3.9549313E-24
   3.9114164E+02  -3.3672559E-24
   3.9147538E+02  -2.3655446E-24
   3.9180912E+02  -9.6488033E-25
   3.9214285E+02   7.7874159E-25
   3.9247659E+02   2.7657538E-24
   3.9281033E+02   4.8541692E-24
   3.9314407E+02   6.8652230E-24
   3.9347781E+02   8.5938791E-24
   3.9381155E+02   9.8241100E-24
   3.9414529E+02   1.0348367E-23
   3.9447903E+02   9.9900682E-24
   3.9481276E+02   8.6273339E-24
   3.9514650E+02   6.2157439E-24
   3.9548024E+02   2.8074609E-24
   3.9581398E+02  -1.4360810E-24
   3.9614772E+02  -6.2405662E-24
   3.9648146E+02  -1.1226510E-23
   3.9681520E+02  -1.5929692E-23
   3.9714893E+02  -1.9834559E-23
   3.9748267E+02  -2.2419443E-23
   3.9781641E+02  -2.3210825E-23
   3.9815015E+02  -2.1842329E-23
   3.9848389E+02  -1.8112644E-23
   3.9881763E+02  -1.2035628E-23
   3.9915137E+02  -3.8753999E-24
   3.9948510E+02   5.8403002E-24
   3.9981884E+02   1.6334165E-23
   4.0015258E+02   2.6623879E-23
   4.0048632E+02   3.5597714E-23
   4.0082006E+02   4.2117675E-23
   4.0115380E+02   4.5143013E-23
   4.0148754E+02   4.3863087E-23
   4.0182127E+02   3.7825483E-23
   4.0215501E+02   2.7043446E-23
   4.0248875E+02   1.2066129E-23
   4.0282249E+02  -6.0027724E-24
   4.0315623E+02  -2.5549046E-23
   4.0348997E+02  -4.4559679E-23
   4.0382371E+02  -6.0799952E-23
   4.0415744E+02  -7.2045164E-23
   4.0449118E+02  -7.6347675E-23
   4.0482492E+02  -7.2312494E-23
   4.0515866E+02  -5.9348783E-23
   4.0549240E+02  -3.7862581E-23
   4.0582614E+02  -9.3572282E-24
   4.0615988E+02   2.3585928E-23
   4.0649361E+02   5.7463550E-23
   4.0682735E+02   8.8146081E-23
   4.0716109E+02   1.1129869E-22
   4.0749483E+02   1.2289549E-22
   4.0782857E+02   1.1977733E-22
   4.0816231E+02   1.0018990E-22
   4.0849605E+02   6.4231327E-23
   4.0882978E+02   1.4136753E-23
   4.0916352E+02  -4.5662343E-23
   4.0949726E+02  -1.0874988E-22
   4.0983100E+02  -1.6722593E-22
   4.1016474E+02  -2.1248091E-22
   4.1049848E+02  -2.3619058E-22
   4.1083222E+02  -2.3144129E-22
   4.1116595E+02  -1.9386374E-22
   4.1149969E+02  -1.2263137E-22
   4.1183343E+02  -2.1172383E-23
   4.1216717E+02   1.0254429E-22
   4.1250091E+02   2.3625766E-22
   4.1283465E+02   3.6425724E-22
   4.1316839E+02   4.6881118E-22
   4.1350213E+02   5.3209640E-22
   4.1383586E+02   5.3846883E-22
   4.1416960E+02   4.7683726E-22
   4.1450334E+02   3.4285937E-22
   4.1483708E+02   1.4064310E-22
   4.1517082E+02  -1.1634212E-22
   4.1550456E+02  -4.0539537E-22
   4.1583830E+02  -6.9591012E-22
   4.1617203E+02  -9.5192676E-22
   4.1650577E+02  -1.1357852E-21
   4.1683951E+02  -1.2125957E-21
   4.1717325E+02  -1.1550879E-21
   4.1750699E+02  -9.4828543E-22
   4.1784073E+02  -5.9337895E-22
   4.1817447E+02  -1.1017602E-22
   4.1850820E+02   4.6241345E-22
   4.1884194E+02   1.0682344E-21
   4.1917568E+02   1.6382221E-21
   4.1950942E+02   2.0970592E-21
   4.1984316E+02   2.3716738E-21
   4.2017690E+02   2.4007855E-21
   4.2051064E+02   2.1444447E-21
   4.2084437E+02   1.5923452E-21
   4.2117811E+02   7.6965218E-22
   4.2151185E+02  -2.6079171E-22
   4.2184559E+02  -1.4007311E-21
   4.2217933E+02  -2.5236477E-21
   4.2251307E+02  -3.4866362E-21
   4.2284681E+02  -4.1462113E-21
   4.2318054E+02  -4.3766251E-21
   4.2351428E+02  -4.0886980E-21
   4.2384802E+02  -3.2468115E-21
   4.2418176E+02  -1.8815435E-21
   4.2451550E+02  -9.5609033E-23
   4.2484924E+02   1.9387239E-21
   4.2518298E+02   3.9917547E-21
   4.2551671E+02   5.7979262E-21
   4.2585045E+02   7.0855072E-21
   4.2618419E+02   7.6117023E-21
   4.2651793E+02   7.1994133E-21
   4.2685167E+02   5.7709689E-21
   4.2718541E+02   3.3738149E-21
   4.2751915E+02   1.9339265E-22
   4.2785288E+02  -3.4506174E-21
   4.2818662E+02  -7.1269025E-21
   4.2852036E+02  -1.0333979E-20
   4.2885410E+02  -1.2557973E-20
   4.2918784E+02  -1.3341483E-20
   4.2952158E+02  -1.2355962E-20
   4.2985532E+02  -9.4681516E-21
   4.3018905E+02  -4.7905430E-21
   4.3052279E+02   1.2939181E-21
   4.3085653E+02   8.1405364E-21
   4.3119027E+02   1.4889472E-20
   4.3152401E+02   2.0550144E-20
   4.3185775E+02   2.4118170E-20
   4.3219149E+02   2.4714102E-20
   4.3252522E+02   2.1728477E-20
   4.3285896E+02   1.4954096E-20
   4.3319270E+02   4.6851591E-21
   4.3352644E+02  -8.2360823E-21
   4.3386018E+02  -2.2440437E-20
   4.3419392E+02  -3.6129084E-20
   4.3452766E+02  -4.7246708E-20
   4.3486140E+02  -5.3719332E-20
   4.3519513E+02  -5.3735417E-20
   4.3552887E+02  -4.6039335E-20
   4.3586261E+02  -3.0199705E-20
   4.3619635E+02  -6.8125981E-21
   4.3653009E+02   2.2397970E-20
   4.3686383E+02   5.4612021E-20
   4.3719757E+02   8.6094703E-20
   4.3753130E+02   1.1252598E-19
   4.3786504E+02   1.2945873E-19
   4.3819878E+02   1.3286550E-19
   4.3853252E+02   1.1971609E-19
   4.3886626E+02   8.8516817E-20
   4.3920000E+02   3.9736690E-20
   4.3953374E+02  -2.3950055E-20
   4.3986747E+02  -9.7661182E-20
   4.4020121E+02  -1.7457758E-19
   4.4053495E+02  -2.4649173E-19
   4.4086869E+02  -3.0460282E-19
   4.4120243E+02  -3.4049267E-19
   4.4153617E+02  -3.4718688E-19
   4.4186991E+02  -3.2018267E-19
   4.4220364E+02  -2.5831532E-19
   4.4253738E+02  -1.6433973E-19
   4.4287112E+02  -4.5124305E-20
   4.4320486E+02   8.8609448E-20
   4.4353860E+02   2.2302263E-19
   4.4387234E+02   3.4233454E-19
   4.4420608E+02   4.3034919E-19
   4.4453981E+02   4.7219264E-19
   4.4487355E+02   4.5608433E-19
   4.4520729E+02   3.7494215E-19
   4.4554103E+02   2.2762677E-19
   4.4587477E+02   1.9648461E-20
   4.4620851E+02  -2.3679012E-19
   4.4654225E+02  -5.2348011E-19
   4.4687598E+02  -8.1760770E-19
   4.4720972E+02  -1.0937737E-18
   4.4754346E+02  -1.3264559E-18
   4.4787720E+02  -1.4926724E-18
   4.4821094E+02  -1.5745586E-18
   4.4854468E+02  -1.5615588E-18
   4.4887842E+02  -1.4519414E-18
   4.4921215E+02  -1.2534085E-18
   4.4954589E+02  -9.8263049E-19
   4.4987963E+02  -6.6364690E-19
   4.5021337E+02  -3.2517845E-19
   4.5054711E+02   2.9879832E-21
   4.5088085E+02   2.9428088E-19
   4.5121459E+02   5.2994774E-19
   4.5154832E+02   7.0358349E-19
   4.5188206E+02   8.2519941E-19
   4.5221580E+02   9.2446067E-19
   4.5254954E+02   1.0528323E-18
   4.5288328E+02   1.2844965E-18
   4.5321702E+02   1.7160333E-18
   4.5355076E+02   2.4650553E-18
   4.5388450E+02   3.6681316E-18
   4.5421823E+02   5.4784441E-18
   4.5455197E+02   8.0637280E-18
   4.5488571E+02   1.1605098E-17
   4.5521945E+02   1.6297255E-17
   4.5555319E+02   2.2350625E-17
   4.5588693E+02   2.9995720E-17
   4.5622067E+02   3.9489887E-17
   4.5655440E+02   5.1126637E-17
   4.5688814E+02   6.5247166E-17
   4.5722188E+02   8.2254086E-17
   4.5755562E+02   1.0262634E-16
   4.5788936E+02   1.2693542E-16
   4.5822310E+02   1.5586198E-16
   4.5855684E+02   1.9021182E-16
   4.5889057E+02   2.3093144E-16
   4.5922431E+02   2.7912245E-16
   4.5955805E+02   3.3605471E-16
   4.5989179E+02   4.0317606E-16
   4.6022553E+02   4.8212231E-16
   4.6055927E+02   5.7472408E-16
   4.6089301E+02   6.8300909E-16
   4.6122674E+02   8.0920117E-16
   4.6156048E+02   9.5570992E-16
   4.6189422E+02   1.1251132E-15
   4.6222796E+02   1.3201209E-15
   4.6256170E+02   1.5435190E-15
   4.6289544E+02   1.7980917E-15
   4.6322918E+02   2.0865052E-15
   4.6356291E+02   2.4111576E-15
   4.6389665E+02   2.7739762E-15
   4.6423039E+02   3.1761686E-15
   4.6456413E+02   3.6178996E-15
   4.6489787E+02   4.0978844E-15
   4.6523161E+02   4.6128868E-15
   4.6556535E+02   5.1570729E-15
   4.6589908E+02   5.7212142E-15
   4.6623282E+02   6.2916887E-15
   4.6656656E+02   6.8492300E-15
   4.6690030E+02   7.3674248E-15
   4.6723404E+02   7.8108169E-15
   4.6756778E+02   8.1326056E-15
   4.6790152E+02   8.2718815E-15
   4.6823525E+02   8.1501747E-15
   4.6856899E+02   7.6672465E-15
   4.6890273E+02   6.6960529E-15
   4.6923647E+02   5.0766005E-15
   4.6957021E+02   2.6085464E-15
   4.6990395E+02  -9.5764867E-16
   4.7023769E+02  -5.9314228E-15
   4.7057142E+02  -1.2694774E-14
   4.7090516E+02  -2.1717071E-14
   4.7123890E+02  -3.3573032E-14
   4.7157264E+02  -4.8963519E-14
   4.7190638E+02  -6.8740003E-14
   4.7224012E+02  -9.3933826E-14
   4.7257386E+02  -1.2578935E-13
   4.7290760E+02  -1.6580471E-13
   4.7324133E+02  -2.1577767E-13
   4.7357507E+02  -2.7786020E-13
   4.7390881E+02  -3.5462242E-13
   4.7424255E+02  -4.4912576E-13
   4.7457629E+02  -5.6500887E-13
   4.7491003E+02  -7.0658713E-13
   4.7524377E+02  -8.7896877E-13
   4.7557750E+02  -1.0881855E-12
   4.7591124E+02  -1.3413501E-12
   4.7624498E+02  -1.6468302E-12
   4.7657872E+02  -2.0144535E-12
   4.7691246E+02  -2.4557411E-12
   4.7724620E+02  -2.9841737E-12
   4.7757994E+02  -3.6154968E-12
   4.7791367E+02  -4.3680701E-12
   4.7824741E+02  -5.2632651E-12
   4.7858115E+02  -6.3259077E-12
   4.7891489E+02  -7.5847922E-12
   4.7924863E+02  -9.0732734E-12
   4.7958237E+02  -1.0829899E-11
   4.7991611E+02  -1.2899149E-11
   4.8024984E+02  -1.5332288E-11
   4.8058358E+02  -1.8188279E-11
   4.8091732E+02  -2.1534852E-11
   4.8125106E+02  -2.5449663E-11
   4.8158480E+02  -3.0021617E-11
   4.8191854E+02  -3.5352311E-11
   4.8225228E+02  -4.1557729E-11
   4.8258601E+02  -4.8770050E-11
   4.8291975E+02  -5.7139495E-11
   4.8325349E+02  -6.6836779E-11
   4.8358723E+02  -7.8055409E-11
   4.8392097E+02  -9.1014446E-11
   4.8425471E+02  -1.0596160E-10
   4.8458845E+02  -1.2317611E-10
   4.8492218E+02  -1.4297279E-10
   4.8525592E+02  -1.6570567E-10
   4.8558966E+02  -1.9177208E-10
   4.8592340E+02  -2.2161778E-10
   4.8625714E+02  -2.5574129E-10
   4.8659088E+02  -2.9470007E-10
   4.8692462E+02  -3.3911515E-10
   4.8725835E+02  -3.8967879E-10
   4.8759209E+02  -4.4715970E-10
   4.8792583E+02  -5.1241134E-10
   4.8825957E+02  -5.8637917E-10
   4.8859331E+02  -6.7010802E-10
   4.8892705E+02  -7.6475137E-10
   4.8926079E+02  -8.7157986E-10
   4.8959452E+02  -9.9199116E-10
   4.8992826E+02  -1.1275185E-09
   4.9026200E+02  -1.2798425E-09
   4.9059574E+02  -1.4508013E-09
   4.9092948E+02  -1.6423977E-09
   4.9126322E+02  -1.8568165E-09
   4.9159696E+02  -2.0964308E-09
   4.9193069E+02  -2.3638158E-09
   4.9226443E+02  -2.6617561E-09
   4.9259817E+02  -2.9932619E-09
   4.9293191E+02  -3.3615724E-09
   4.9326565E+02  -3.7701806E-09
   4.9359939E+02  -4.2228221E-09
   4.9393313E+02  -4.7235020E-09
   4.9426687E+02  -5.2764939E-09
   4.9460060E+02  -5.8863532E-09
   4.9493434E+02  -6.5579093E-09
   4.9526808E+02  -7.2962840E-09
   4.9560182E+02  -8.1068983E-09
   4.9593556E+02  -8.9954444E-09
   4.9626930E+02  -9.9679189E-09
   4.9660304E+02  -1.1030582E-08
   4.9693677E+02  -1.2189981E-08
   4.9727051E+02  -1.3452924E-08
   4.9760425E+02  -1.4826468E-08
   4.9793799E+02  -1.6317875E-08
   4.9827173E+02  -1.7934660E-08
   4.9860547E+02  -1.9684459E-08
   4.9893921E+02  -2.1575101E-08
   4.9927294E+02  -2.3614477E-08
   4.9960668E+02  -2.5810568E-08
   4.9994042E+02  -2.8171362E-08
   5.0027416E+02  -3.0704811E-08
   5.0060790E+02  -3.3418729E-08
   5.0094164E+02  -3.6320813E-08
   5.0127538E+02  -3.9418470E-08
   5.0160911E+02  -4.2718806E-08
   5.0194285E+02  -4.6228507E-08
   5.0227659E+02  -4.9953726E-08
   5.0261033E+02  -5.3900056E-08
   5.0294407E+02  -5.8072356E-08
   5.0327781E+02  -6.2474626E-08
   5.0361155E+02  -6.7109951E-08
   5.0394528E+02  -7.1980409E-08
   5.0427902E+02  -7.7086838E-08
   5.0461276E+02  -8.2428706E-08
   5.0494650E+02  -8.8004157E-08
   5.0528024E+02  -9.3809618E-08
   5.0561398E+02  -9.9839859E-08
   5.0594772E+02  -1.0608781E-07
   5.0628145E+02  -1.1254436E-07
   5.0661519E+02  -1.1919834E-07
   5.0694893E+02  -1.2603627E-07
   5.0728267E+02  -1.3304229E-07
   5.0761641E+02  -1.4019817E-07
   5.0795015E+02  -1.4748294E-07
   5.0828389E+02  -1.5487289E-07
   5.0861762E+02  -1.6234182E-07
   5.0895136E+02  -1.6986039E-07
   5.0928510E+02  -1.7739657E-07
   5.0961884E+02  -1.8491512E-07
   5.0995258E+02  -1.9237815E-07
   5.1028632E+02  -1.9974448E-07
   5.1062006E+02  -2.0697024E-07
   5.1095379E+02  -2.1400858E-07
   5.1128753E+02  -2.2080974E-07
   5.1162127E+02  -2.2732137E-07
   5.1195501E+02  -2.3348844E-07
   5.1228875E+02  -2.3925338E-07
   5.1262249E+02  -2.4455665E-07
   5.1295623E+02  -2.4933621E-07
   5.1328997E+02  -2.5352833E-07
   5.1362370E+02  -2.5706817E-07
   5.1395744E+02  -2.5988902E-07
   5.1429118E+02  -2.6192356E-07
   5.1462492E+02  -2.6310386E-07
   5.1495866E+02  -2.6336178E-07
   5.1529240E+02  -2.6262938E-07
   5.1562614E+02  -2.6083978E-07
   5.1595987E+02  -2.5792667E-07
   5.1629361E+02  -2.5382562E-07
   5.1662735E+02  -2.4847444E-07
   5.1696109E+02  -2.4181350E-07
   5.1729483E+02  -2.3378612E-07
   5.1762857E+02  -2.2433983E-07
   5.1796231E+02  -2.1342608E-07
   5.1829604E+02  -2.0100090E-07
   5.1862978E+02  -1.8702610E-07
   5.1896352E+02  -1.7146921E-07
   5.1929726E+02  -1.5430378E-07
   5.1963100E+02  -1.3551082E-07
   5.1996474E+02  -1.1507824E-07
   5.2029848E+02  -9.3001873E-08
   5.2063221E+02  -6.9285868E-08
   5.2096595E+02  -4.3942990E-08
   5.2129969E+02  -1.6994761E-08
   5.2163343E+02   1.1527931E-08
   5.2196717E+02   4.1584613E-08
   5.2230091E+02   7.3125065E-08
   5.2263465E+02   1.0608969E-07
   5.2296838E+02   1.4040842E-07
   5.2330212E+02   1.7600158E-07
   5.2363586E+02   2.1277950E-07
   5.2396960E+02   2.5064284E-07
   5.2430334E+02   2.8948261E-07
   5.2463708E+02   3.2918055E-07
   5.2497082E+02   3.6960950E-07
   5.2530455E+02   4.1063333E-07
   5.2563829E+02   4.5210868E-07
   5.2597203E+02   4.9388359E-07
   5.2630577E+02   5.3579976E-07
   5.2663951E+02   5.7769279E-07
   5.2697325E+02   6.1939204E-07
   5.2730699E+02   6.6072312E-07
   5.2764072E+02   7.0150617E-07
   5.2797446E+02   7.4156031E-07
   5.2830820E+02   7.8070155E-07
   5.2864194E+02   8.1874452E-07
   5.2897568E+02   8.5550494E-07
   5.2930942E+02   8.9079839E-07
   5.2964316E+02   9.2444321E-07
   5.2997689E+02   9.5626035E-07
   5.3031063E+02   9.8607666E-07
   5.3064437E+02   1.0137221E-06
   5.3097811E+02   1.0390338E-06
   5.3131185E+02   1.0618571E-06
   5.3164559E+02   1.0820454E-06
   5.3197933E+02   1.0994612E-06
   5.3231306E+02   1.1139781E-06
   5.3264680E+02   1.1254801E-06
   5.3298054E+02   1.1338650E-06
   5.3331428E+02   1.1390414E-06
   5.3364802E+02   1.1409330E-06
   5.3398176E+02   1.1394779E-06
   5.3431550E+02   1.1346287E-06
   5.3464924E+02   1.1263533E-06
   5.3498297E+02   1.1146353E-06
   5.3531671E+02   1.0994738E-06
   5.3565045E+02   1.0808861E-06
   5.3598419E+02   1.0589035E-06
   5.3631793E+02   1.0335754E-06
   5.3665167E+02   1.0049657E-06
   5.3698541E+02   9.7315592E-07
   5.3731914E+02   9.3824269E-07
   5.3765288E+02   9.0033706E-07
   5.3798662E+02   8.5956611E-07
   5.3832036E+02   8.1607038E-07
   5.3865410E+02   7.7000414E-07
   5.3898784E+02   7.2153455E-07
   5.3932158E+02   6.7084005E-07
   5.3965531E+02   6.1811011E-07
   5.3998905E+02   5.6354469E-07
   5.4032279E+02   5.0735213E-07
   5.4065653E+02   4.4974863E-07
   5.4099027E+02   3.9095679E-07
   5.4132401E+02   3.3120480E-07
   5.4165775E+02   2.7072502E-07
   5.4199148E+02   2.0975233E-07
   5.4232522E+02   1.4852348E-07
   5.4265896E+02   8.7275467E-08
   5.4299270E+02   2.6244095E-08
   5.4332644E+02  -3.4336722E-08
   5.4366018E+02  -9.4236810E-08
   5.4399392E+02  -1.5323053E-07
   5.4432765E+02  -2.1109838E-07
   5.4466139E+02  -2.6762760E-07
   5.4499513E+02  -3.2261372E-07
   5.4532887E+02  -3.7586148E-07
   5.4566261E+02  -4.2718537E-07
   5.4599635E+02  -4.7641117E-07
   5.4633009E+02  -5.2337646E-07
   5.4666382E+02  -5.6793112E-07
   5.4699756E+02  -6.0993847E-07
   5.4733130E+02  -6.4927531E-07
   5.4766504E+02  -6.8583302E-07
   5.4799878E+02  -7.1951769E-07
   5.4833252E+02  -7.5024957E-07
   5.4866626E+02  -7.7796511E-07
   5.4899999E+02  -8.0261515E-07
   5.4933373E+02  -8.2416614E-07
   5.4966747E+02  -8.4259938E-07
   5.5000121E+02  -8.5791152E-07
   5.5033495E+02  -8.7011432E-07
   5.5066869E+02  -8.7923297E-07
   5.5100243E+02  -8.8530680E-07
   5.5133616E+02  -8.8839005E-07
   5.5166990E+02  -8.8854750E-07
   5.5200364E+02  -8.8585807E-07
   5.5233738E+02  -8.8041145E-07
   5.5267112E+02  -8.7230853E-07
   5.5300486E+02  -8.6166017E-07
   5.5333860E+02  -8.4858601E-07
   5.5367234E+02  -8.3321527E-07
   5.5400607E+02  -8.1568294E-07
   5.5433981E+02  -7.9613153E-07
   5.5467355E+02  -7.7470884E-07
   5.5500729E+02  -7.5156709E-07
   5.5534103E+02  -7.2686294E-07
   5.5567477E+02  -7.0075515E-07
   5.5600851E+02  -6.7340375E-07
   5.5634224E+02  -6.4497056E-07
   5.5667598E+02  -6.1561724E-07
   5.5700972E+02  -5.8550370E-07
   5.5734346E+02  -5.5478876E-07
   5.5767720E+02  -5.2362861E-07
   5.5801094E+02  -4.9217545E-07
   5.5834468E+02  -4.6057775E-07
   5.5867841E+02  -4.2897892E-07
   5.5901215E+02  -3.9751697E-07
   5.5934589E+02  -3.6632355E-07
   5.5967963E+02  -3.3552402E-07
   5.6001337E+02  -3.0523634E-07
   5.6034711E+02  -2.7557121E-07
   5.6068085E+02  -2.4663103E-07
   5.6101458E+02  -2.1851072E-07
   5.6134832E+02  -1.9129615E-07
   5.6168206E+02  -1.6506448E-07
   5.6201580E+02  -1.3988465E-07
   5.6234954E+02  -1.1581645E-07
   5.6268328E+02  -9.2910724E-08
   5.6301702E+02  -7.1209769E-08
   5.6335075E+02  -5.0747119E-08
   5.6368449E+02  -3.1547629E-08
   5.6401823E+02  -1.3627982E-08
   5.6435197E+02   3.0033149E-09
   5.6468571E+02   1.8345474E-08
   5.6501945E+02   3.2405268E-08
   5.6535319E+02   4.5196487E-08
   5.6568692E+02   5.6739751E-08
   5.6602066E+02   6.7061890E-08
   5.6635440E+02   7.6195548E-08
   5.6668814E+02   8.4178815E-08
   5.6702188E+02   9.1054631E-08
   5.6735562E+02   9.6870302E-08
   5.6768936E+02   1.0167691E-07
   5.6802309E+02   1.0552889E-07
   5.6835683E+02   1.0848346E-07
   5.6869057E+02   1.1059996E-07
   5.6902431E+02   1.1193958E-07
   5.6935805E+02   1.1256463E-07
   5.6969179E+02   1.1253806E-07
   5.7002553E+02   1.1192316E-07
   5.7035926E+02   1.1078284E-07
   5.7069300E+02   1.0917939E-07
   5.7102674E+02   1.0717396E-07
   5.7136048E+02   1.0482609E-07
   5.7169422E+02   1.0219349E-07
   5.7202796E+02   9.9331515E-08
   5.7236170E+02   9.6292879E-08
   5.7269543E+02   9.3127532E-08
   5.7302917E+02   8.9882072E-08
   5.7336291E+02   8.6599961E-08
   5.7369665E+02   8.3320934E-08
   5.7403039E+02   8.0081172E-08
   5.7436413E+02   7.6913039E-08
   5.7469787E+02   7.3845008E-08
   5.7503161E+02   7.0901649E-08
   5.7536534E+02   6.8103702E-08
   5.7569908E+02   6.5467887E-08
   5.7603282E+02   6.3007235E-08
   5.7636656E+02   6.0730869E-08
   5.7670030E+02   5.8644357E-08
   5.7703404E+02   5.6749723E-08
   5.7736778E+02   5.5045593E-08
   5.7770151E+02   5.3527526E-08
   5.7803525E+02   5.2188064E-08
   5.7836899E+02   5.1017068E-08
   5.7870273E+02   5.0001887E-08
   5.7903647E+02   4.9127774E-08
   5.7937021E+02   4.8377935E-08
   5.7970395E+02   4.7733913E-08
   5.8003768E+02   4.7175966E-08
   5.8037142E+02   4.6683059E-08
   5.8070516E+02   4.6233417E-08
   5.8103890E+02   4.5804686E-08
   5.8137264E+02   4.5374112E-08
   5.8170638E+02   4.4919052E-08
   5.8204012E+02   4.4416996E-08
   5.8237385E+02   4.3845976E-08
   5.8270759E+02   4.3184723E-08
   5.8304133E+02   4.2412918E-08
   5.8337507E+02   4.1511512E-08
   5.8370881E+02   4.0462680E-08
   5.8404255E+02   3.9250224E-08
   5.8437629E+02   3.7859568E-08
   5.8471002E+02   3.6277989E-08
   5.8504376E+02   3.4494587E-08
   5.8537750E+02   3.2500580E-08
   5.8571124E+02   3.0289186E-08
   5.8604498E+02   2.7855815E-08
   5.8637872E+02   2.5198062E-08
   5.8671246E+02   2.2315723E-08
   5.8704619E+02   1.9210791E-08
   5.8737993E+02   1.5887517E-08
   5.8771367E+02   1.2352267E-08
   5.8804741E+02   8.6135010E-09
   5.8838115E+02   4.6817341E-09
   5.8871489E+02   5.6933303E-10
   5.8904863E+02  -3.7094168E-09
   5.8938236E+02  -8.1385778E-09
   5.8971610E+02  -1.2700667E-08
   5.9004984E+02  -1.7376657E-08
   5.9038358E+02  -2.2146267E-08
   5.9071732E+02  -2.6988047E-08
   5.9105106E+02  -3.1879409E-08
   5.9138480E+02  -3.6796948E-08
   5.9171853E+02  -4.1716518E-08
   5.9205227E+02  -4.6613422E-08
   5.9238601E+02  -5.1462592E-08
   5.9271975E+02  -5.6238775E-08
   5.9305349E+02  -6.0916577E-08
   5.9338723E+02  -6.5470886E-08
   5.9372097E+02  -6.9876776E-08
   5.9405471E+02  -7.4109892E-08
   5.9438844E+02  -7.8146343E-08
   5.9472218E+02  -8.1963066E-08
   5.9505592E+02  -8.5537749E-08
   5.9538966E+02  -8.8849262E-08
   5.9572340E+02  -9.1877354E-08
   5.9605714E+02  -9.4603109E-08
   5.9639088E+02  -9.7009007E-08
   5.9672461E+02  -9.9079188E-08
   5.9705835E+02  -1.0079884E-07
   5.9739209E+02  -1.0215535E-07
   5.9772583E+02  -1.0313755E-07
   5.9805957E+02  -1.0373628E-07
   5.9839331E+02  -1.0394416E-07
   5.9872705E+02  -1.0375572E-07
   5.9906078E+02  -1.0316754E-07
   5.9939452E+02  -1.0217806E-07
   5.9972826E+02  -1.0078762E-07
   6.0006200E+02  -9.8998839E-08
   6.0039574E+02  -9.6816109E-08
   6.0072948E+02  -9.4245962E-08
   6.0106322E+02  -9.1296727E-08
   6.0139695E+02  -8.7978918E-08
   6.0173069E+02  -8.4304858E-08
   6.0206443E+02  -8.0288942E-08
   6.0239817E+02  -7.5947185E-08
   6.0273191E+02  -7.1297521E-08
   6.0306565E+02  -6.6359405E-08
   6.0339939E+02  -6.1154168E-08
   6.0373312E+02  -5.5704440E-08
   6.0406686E+02  -5.0034274E-08
   6.0440060E+02  -4.4169155E-08
   6.0473434E+02  -3.8135802E-08
   6.0506808E+02  -3.1961900E-08
   6.0540182E+02  -2.5676297E-08
   6.0573556E+02  -1.9308718E-08
   6.0606929E+02  -1.2889640E-08
   6.0640303E+02  -6.4501151E-09
   6.0673677E+02  -2.1742608E-11
   6.0707051E+02   6.3636207E-09
   6.0740425E+02   1.2673894E-08
   6.0773799E+02   1.8876875E-08
   6.0807173E+02   2.4940647E-08
   6.0840546E+02   3.0833377E-08
   6.0873920E+02   3.6523730E-08
   6.0907294E+02   4.1980812E-08
   6.0940668E+02   4.7174439E-08
   6.0974042E+02   5.2075208E-08
   6.1007416E+02   5.6654500E-08
   6.1040790E+02   6.0884986E-08
   6.1074163E+02   6.4740362E-08
   6.1107537E+02   6.8195675E-08
   6.1140911E+02   7.1227390E-08
   6.1174285E+02   7.3813709E-08
   6.1207659E+02   7.5934281E-08
   6.1241033E+02   7.7570462E-08
   6.1274407E+02   7.8705909E-08
   6.1307781E+02   7.9325702E-08
   6.1341154E+02   7.9417248E-08
   6.1374528E+02   7.8969862E-08
   6.1407902E+02   7.7975074E-08
   6.1441276E+02   7.6426574E-08
   6.1474650E+02   7.4320155E-08
   6.1508024E+02   7.1654028E-08
   6.1541398E+02   6.8428733E-08
   6.1574771E+02   6.4646798E-08
   6.1608145E+02   6.0313397E-08
   6.1641519E+02   5.5435947E-08
   6.1674893E+02   5.0023857E-08
   6.1708267E+02   4.4088921E-08
   6.1741641E+02   3.7645123E-08
   6.1775015E+02   3.0708492E-08
   6.1808388E+02   2.3297147E-08
   6.1841762E+02   1.5431070E-08
   6.1875136E+02   7.1322717E-09
   6.1908510E+02  -1.5754296E-09
   6.1941884E+02  -1.0666639E-08
   6.1975258E+02  -2.0114214E-08
   6.2008632E+02  -2.9889485E-08
   6.2042005E+02  -3.9962387E-08
   6.2075379E+02  -5.0301637E-08
   6.2108753E+02  -6.0874747E-08
   6.2142127E+02  -7.1648238E-08
   6.2175501E+02  -8.2587739E-08
   6.2208875E+02  -9.3658187E-08
   6.2242249E+02  -1.0482376E-07
   6.2275622E+02  -1.1604827E-07
   6.2308996E+02  -1.2729511E-07
   6.2342370E+02  -1.3852740E-07
   6.2375744E+02  -1.4970817E-07
   6.2409118E+02  -1.6080031E-07
   6.2442492E+02  -1.7176690E-07
   6.2475866E+02  -1.8257111E-07
   6.2509239E+02  -1.9317628E-07
   6.2542613E+02  -2.0354628E-07
   6.2575987E+02  -2.1364514E-07
   6.2609361E+02  -2.2343748E-07
   6.2642735E+02  -2.3288835E-07
   6.2676109E+02  -2.4196356E-07
   6.2709483E+02  -2.5062928E-07
   6.2742856E+02  -2.5885231E-07
   6.2776230E+02  -2.6660018E-07
   6.2809604E+02  -2.7384090E-07
   6.2842978E+02  -2.8054330E-07
   6.2876352E+02  -2.8667651E-07
   6.2909726E+02  -2.9221053E-07
   6.2943100E+02  -2.9711586E-07
   6.2976473E+02  -3.0136340E-07
   6.3009847E+02  -3.0492504E-07
   6.3043221E+02  -3.0777278E-07
   6.3076595E+02  -3.0987940E-07
   6.3109969E+02  -3.1121817E-07
   6.3143343E+02  -3.1176290E-07
   6.3176717E+02  -3.1148767E-07
   6.3210090E+02  -3.1036751E-07
   6.3243464E+02  -3.0837779E-07
   6.3276838E+02  -3.0549427E-07
   6.3310212E+02  -3.0169372E-07
   6.3343586E+02  -2.9695354E-07
   6.3376960E+02  -2.9125164E-07
   6.3410334E+02  -2.8456714E-07
   6.3443708E+02  -2.7688020E-07
   6.3477081E+02  -2.6817193E-07
   6.3510455E+02  -2.5842513E-07
   6.3543829E+02  -2.4762383E-07
   6.3577203E+02  -2.3575399E-07
   6.3610577E+02  -2.2280344E-07
   6.3643951E+02  -2.0876203E-07
   6.3677325E+02  -1.9362187E-07
   6.3710698E+02  -1.7737814E-07
   6.3744072E+02  -1.6002849E-07
   6.3777446E+02  -1.4157398E-07
   6.3810820E+02  -1.2201897E-07
   6.3844194E+02  -1.0137153E-07
   6.3877568E+02  -7.9643776E-08
   6.3910942E+02  -5.6851952E-08
   6.3944315E+02  -3.3017102E-08
   6.3977689E+02  -8.1644984E-09
   6.4011063E+02   1.7675113E-08
   6.4044437E+02   4.4465814E-08
   6.4077811E+02   7.2166628E-08
   6.4111185E+02   1.0073080E-07
   6.4144559E+02   1.3010599E-07
   6.4177932E+02   1.6023404E-07
   6.4211306E+02   1.9105096E-07
   6.4244680E+02   2.2248696E-07
   6.4278054E+02   2.5446656E-07
   6.4311428E+02   2.8690812E-07
   6.4344802E+02   3.1972505E-07
   6.4378176E+02   3.5282420E-07
   6.4411549E+02   3.8610818E-07
   6.4444923E+02   4.1947430E-07
   6.4478297E+02   4.5281507E-07
   6.4511671E+02   4.8601834E-07
   6.4545045E+02   5.1896899E-07
   6.4578419E+02   5.5154743E-07
   6.4611793E+02   5.8363190E-07
   6.4645166E+02   6.1509775E-07
   6.4678540E+02   6.4581900E-07
   6.4711914E+02   6.7566793E-07
   6.4745288E+02   7.0451654E-07
   6.4778662E+02   7.3223731E-07
   6.4812036E+02   7.5870298E-07
   6.4845410E+02   7.8378827E-07
   6.4878783E+02   8.0737050E-07
   6.4912157E+02   8.2932974E-07
   6.4945531E+02   8.4955053E-07
   6.4978905E+02   8.6792102E-07
   6.5012279E+02   8.8433592E-07
   6.5045653E+02   8.9869548E-07
   6.5079027E+02   9.1090658E-07
   6.5112400E+02   9.2088419E-07
   6.5145774E+02   9.2855066E-07
   6.5179148E+02   9.3383767E-07
   6.5212522E+02   9.3668621E-07
   6.5245896E+02   9.3704682E-07
   6.5279270E+02   9.3488001E-07
   6.5312644E+02   9.3015774E-07
   6.5346018E+02   9.2286206E-07
   6.5379391E+02   9.1298728E-07
   6.5412765E+02   9.0053845E-07
   6.5446139E+02   8.8553219E-07
   6.5479513E+02   8.6799730E-07
   6.5512887E+02   8.4797369E-07
   6.5546261E+02   8.2551276E-07
   6.5579635E+02   8.0067792E-07
   6.5613008E+02   7.7354309E-07
   6.5646382E+02   7.4419279E-07
   6.5679756E+02   7.1272285E-07
   6.5713130E+02   6.7923764E-07
   6.5746504E+02   6.4385222E-07
   6.5779878E+02   6.0669015E-07
   6.5813252E+02   5.6788286E-07
   6.5846625E+02   5.2756963E-07
   6.5879999E+02   4.8589618E-07
   6.5913373E+02   4.4301459E-07
   6.5946747E+02   3.9908201E-07
   6.5980121E+02   3.5425958E-07
   6.6013495E+02   3.0871252E-07
