  -7.8094826E+01   0.0000000E+00
  -7.7761087E+01   0.0000000E+00
  -7.7427349E+01   0.0000000E+00
  -7.7093610E+01   0.0000000E+00
  -7.6759871E+01   0.0000000E+00
  -7.6426133E+01   0.0000000E+00
  -7.6092394E+01   0.0000000E+00
  -7.5758656E+01   0.0000000E+00
  -7.5424917E+01   0.0000000E+00
  -7.5091178E+01   0.0000000E+00
  -7.4757440E+01   0.0000000E+00
  -7.4423701E+01   0.0000000E+00
  -7.4089963E+01   0.0000000E+00
  -7.3756224E+01   0.0000000E+00
  -7.3422485E+01   0.0000000E+00
  -7.3088747E+01   0.0000000E+00
  -7.2755008E+01   0.0000000E+00
  -7.2421270E+01   0.0000000E+00
  -7.2087531E+01   0.0000000E+00
  -7.1753792E+01   0.0000000E+00
  -7.1420054E+01   0.0000000E+00
  -7.1086315E+01   0.0000000E+00
  -7.0752577E+01   0.0000000E+00
  -7.0418838E+01   0.0000000E+00
  -7.0085099E+01   0.0000000E+00
  -6.9751361E+01   0.0000000E+00
  -6.9417622E+01   0.0000000E+00
  -6.9083884E+01   0.0000000E+00
  -6.8750145E+01   0.0000000E+00
  -6.8416406E+01   0.0000000E+00
  -6.8082668E+01   0.0000000E+00
  -6.7748929E+01   0.0000000E+00
  -6.7415191E+01   0.0000000E+00
  -6.7081452E+01   0.0000000E+00
  -6.6747714E+01   0.0000000E+00
  -6.6413975E+01   0.0000000E+00
  -6.6080236E+01   0.0000000E+00
  -6.5746498E+01   0.0000000E+00
  -6.5412759E+01   0.0000000E+00
  -6.5079021E+01   0.0000000E+00
  -6.4745282E+01   0.0000000E+00
  -6.4411543E+01   0.0000000E+00
  -6.4077805E+01   0.0000000E+00
  -6.3744066E+01   0.0000000E+00
  -6.3410328E+01   0.0000000E+00
  -6.3076589E+01   0.0000000E+00
  -6.2742850E+01   0.0000000E+00
  -6.2409112E+01   0.0000000E+00
  -6.2075373E+01   0.0000000E+00
  -6.1741635E+01   0.0000000E+00
  -6.1407896E+01   0.0000000E+00
  -6.1074157E+01   0.0000000E+00
  -6.0740419E+01   0.0000000E+00
  -6.0406680E+01   0.0000000E+00
  -6.0072942E+01   0.0000000E+00
  -5.9739203E+01   0.0000000E+00
  -5.9405464E+01   0.0000000E+00
  -5.9071726E+01   0.0000000E+00
  -5.8737987E+01   0.0000000E+00
  -5.8404249E+01   0.0000000E+00
  -5.8070510E+01   0.0000000E+00
  -5.7736771E+01   0.0000000E+00
  -5.7403033E+01   0.0000000E+00
  -5.7069294E+01   0.0000000E+00
  -5.6735556E+01   0.0000000E+00
  -5.6401817E+01   0.0000000E+00
  -5.6068078E+01   0.0000000E+00
  -5.5734340E+01   0.0000000E+00
  -5.5400601E+01   0.0000000E+00
  -5.5066863E+01   0.0000000E+00
  -5.4733124E+01   0.0000000E+00
  -5.4399385E+01   0.0000000E+00
  -5.4065647E+01   0.0000000E+00
  -5.3731908E+01   0.0000000E+00
  -5.3398170E+01   0.0000000E+00
  -5.3064431E+01   0.0000000E+00
  -5.2730693E+01   0.0000000E+00
  -5.2396954E+01   0.0000000E+00
  -5.2063215E+01   0.0000000E+00
  -5.1729477E+01   0.0000000E+00
  -5.1395738E+01   0.0000000E+00
  -5.1062000E+01   0.0000000E+00
  -5.0728261E+01   0.0000000E+00
  -5.0394522E+01   0.0000000E+00
  -5.0060784E+01   0.0000000E+00
  -4.9727045E+01   0.0000000E+00
  -4.9393307E+01   0.0000000E+00
  -4.9059568E+01   0.0000000E+00
  -4.8725829E+01   0.0000000E+00
  -4.8392091E+01   0.0000000E+00
  -4.8058352E+01   0.0000000E+00
  -4.7724614E+01   0.0000000E+00
  -4.7390875E+01   0.0000000E+00
  -4.7057136E+01   0.0000000E+00
  -4.6723398E+01   0.0000000E+00
  -4.6389659E+01   0.0000000E+00
  -4.6055921E+01   0.0000000E+00
  -4.5722182E+01   0.0000000E+00
  -4.5388443E+01   0.0000000E+00
  -4.5054705E+01   0.0000000E+00
  -4.4720966E+01   0.0000000E+00
  -4.4387228E+01   0.0000000E+00
  -4.4053489E+01   0.0000000E+00
  -4.3719750E+01   0.0000000E+00
  -4.3386012E+01   0.0000000E+00
  -4.3052273E+01   0.0000000E+00
  -4.2718535E+01   0.0000000E+00
  -4.2384796E+01   0.0000000E+00
  -4.2051057E+01   0.0000000E+00
  -4.1717319E+01   0.0000000E+00
  -4.1383580E+01   0.0000000E+00
  -4.1049842E+01   0.0000000E+00
  -4.0716103E+01   0.0000000E+00
  -4.0382364E+01   0.0000000E+00
  -4.0048626E+01   0.0000000E+00
  -3.9714887E+01   0.0000000E+00
  -3.9381149E+01   0.0000000E+00
  -3.9047410E+01   0.0000000E+00
  -3.8713672E+01   0.0000000E+00
  -3.8379933E+01   0.0000000E+00
  -3.8046194E+01   0.0000000E+00
  -3.7712456E+01   0.0000000E+00
  -3.7378717E+01   0.0000000E+00
  -3.7044979E+01   0.0000000E+00
  -3.6711240E+01   0.0000000E+00
  -3.6377501E+01   0.0000000E+00
  -3.6043763E+01   0.0000000E+00
  -3.5710024E+01   0.0000000E+00
  -3.5376286E+01   0.0000000E+00
  -3.5042547E+01   0.0000000E+00
  -3.4708808E+01   0.0000000E+00
  -3.4375070E+01   0.0000000E+00
  -3.4041331E+01   0.0000000E+00
  -3.3707593E+01   0.0000000E+00
  -3.3373854E+01   0.0000000E+00
  -3.3040115E+01   0.0000000E+00
  -3.2706377E+01   0.0000000E+00
  -3.2372638E+01   0.0000000E+00
  -3.2038900E+01   0.0000000E+00
  -3.1705161E+01   0.0000000E+00
  -3.1371422E+01   0.0000000E+00
  -3.1037684E+01   0.0000000E+00
  -3.0703945E+01   0.0000000E+00
  -3.0370207E+01   0.0000000E+00
  -3.0036468E+01   0.0000000E+00
  -2.9702729E+01   0.0000000E+00
  -2.9368991E+01   0.0000000E+00
  -2.9035252E+01   0.0000000E+00
  -2.8701514E+01   0.0000000E+00
  -2.8367775E+01   0.0000000E+00
  -2.8034036E+01   0.0000000E+00
  -2.7700298E+01   0.0000000E+00
  -2.7366559E+01   0.0000000E+00
  -2.7032821E+01   0.0000000E+00
  -2.6699082E+01   0.0000000E+00
  -2.6365343E+01   0.0000000E+00
  -2.6031605E+01   0.0000000E+00
  -2.5697866E+01   0.0000000E+00
  -2.5364128E+01   0.0000000E+00
  -2.5030389E+01   0.0000000E+00
  -2.4696651E+01   0.0000000E+00
  -2.4362912E+01   0.0000000E+00
  -2.4029173E+01   0.0000000E+00
  -2.3695435E+01   0.0000000E+00
  -2.3361696E+01   0.0000000E+00
  -2.3027958E+01   0.0000000E+00
  -2.2694219E+01   0.0000000E+00
  -2.2360480E+01   0.0000000E+00
  -2.2026742E+01   0.0000000E+00
  -2.1693003E+01   0.0000000E+00
  -2.1359265E+01   0.0000000E+00
  -2.1025526E+01   0.0000000E+00
  -2.0691787E+01   0.0000000E+00
  -2.0358049E+01   0.0000000E+00
  -2.0024310E+01   0.0000000E+00
  -1.9690572E+01   0.0000000E+00
  -1.9356833E+01   0.0000000E+00
  -1.9023094E+01   0.0000000E+00
  -1.8689356E+01   0.0000000E+00
  -1.8355617E+01   0.0000000E+00
  -1.8021879E+01   0.0000000E+00
  -1.7688140E+01   0.0000000E+00
  -1.7354401E+01   0.0000000E+00
  -1.7020663E+01   0.0000000E+00
  -1.6686924E+01   0.0000000E+00
  -1.6353186E+01   0.0000000E+00
  -1.6019447E+01   0.0000000E+00
  -1.5685708E+01   0.0000000E+00
  -1.5351970E+01   0.0000000E+00
  -1.5018231E+01   0.0000000E+00
  -1.4684493E+01   0.0000000E+00
  -1.4350754E+01   0.0000000E+00
  -1.4017015E+01   0.0000000E+00
  -1.3683277E+01   0.0000000E+00
  -1.3349538E+01   0.0000000E+00
  -1.3015800E+01   0.0000000E+00
  -1.2682061E+01   0.0000000E+00
  -1.2348322E+01   0.0000000E+00
  -1.2014584E+01   0.0000000E+00
  -1.1680845E+01   0.0000000E+00
  -1.1347107E+01   0.0000000E+00
  -1.1013368E+01   0.0000000E+00
  -1.0679630E+01   0.0000000E+00
  -1.0345891E+01   0.0000000E+00
  -1.0012152E+01   0.0000000E+00
  -9.6784137E+00   0.0000000E+00
  -9.3446751E+00   0.0000000E+00
  -9.0109365E+00   0.0000000E+00
  -8.6771979E+00   0.0000000E+00
  -8.3434593E+00   0.0000000E+00
  -8.0097207E+00   0.0000000E+00
  -7.6759821E+00   0.0000000E+00
  -7.3422436E+00   0.0000000E+00
  -7.0085050E+00   0.0000000E+00
  -6.6747664E+00   0.0000000E+00
  -6.3410278E+00   0.0000000E+00
  -6.0072892E+00   0.0000000E+00
  -5.6735506E+00   0.0000000E+00
  -5.3398120E+00   0.0000000E+00
  -5.0060734E+00   0.0000000E+00
  -4.6723348E+00   0.0000000E+00
  -4.3385962E+00   0.0000000E+00
  -4.0048576E+00   0.0000000E+00
  -3.6711190E+00   0.0000000E+00
  -3.3373804E+00   0.0000000E+00
  -3.0036418E+00   0.0000000E+00
  -2.6699032E+00   0.0000000E+00
  -2.3361646E+00   0.0000000E+00
  -2.0024260E+00   0.0000000E+00
  -1.6686874E+00   0.0000000E+00
  -1.3349488E+00   0.0000000E+00
  -1.0012102E+00   0.0000000E+00
  -6.6747165E-01   0.0000000E+00
  -3.3373305E-01   0.0000000E+00
   5.5432320E-06   0.0000000E+00
   3.3374414E-01   0.0000000E+00
   6.6748273E-01   0.0000000E+00
   1.0012213E+00   0.0000000E+00
   1.3349599E+00   0.0000000E+00
   1.6686985E+00   0.0000000E+00
   2.0024371E+00   0.0000000E+00
   2.3361757E+00   0.0000000E+00
   2.6699143E+00   0.0000000E+00
   3.0036529E+00   0.0000000E+00
   3.3373915E+00   0.0000000E+00
   3.6711301E+00   0.0000000E+00
   4.0048687E+00   0.0000000E+00
   4.3386073E+00   0.0000000E+00
   4.6723459E+00   0.0000000E+00
   5.0060845E+00   0.0000000E+00
   5.3398231E+00   0.0000000E+00
   5.6735617E+00   0.0000000E+00
   6.0073003E+00   0.0000000E+00
   6.3410389E+00   0.0000000E+00
   6.6747774E+00   0.0000000E+00
   7.0085160E+00   0.0000000E+00
   7.3422546E+00   0.0000000E+00
   7.6759932E+00   0.0000000E+00
   8.0097318E+00   0.0000000E+00
   8.3434704E+00   0.0000000E+00
   8.6772090E+00   0.0000000E+00
   9.0109476E+00   0.0000000E+00
   9.3446862E+00   0.0000000E+00
   9.6784248E+00   0.0000000E+00
   1.0012163E+01   0.0000000E+00
   1.0345902E+01   0.0000000E+00
   1.0679641E+01   0.0000000E+00
   1.1013379E+01   0.0000000E+00
   1.1347118E+01   0.0000000E+00
   1.1680856E+01   0.0000000E+00
   1.2014595E+01   0.0000000E+00
   1.2348334E+01   0.0000000E+00
   1.2682072E+01   0.0000000E+00
   1.3015811E+01   0.0000000E+00
   1.3349549E+01   0.0000000E+00
   1.3683288E+01   0.0000000E+00
   1.4017027E+01   0.0000000E+00
   1.4350765E+01   0.0000000E+00
   1.4684504E+01   0.0000000E+00
   1.5018242E+01   0.0000000E+00
   1.5351981E+01   0.0000000E+00
   1.5685720E+01   0.0000000E+00
   1.6019458E+01   0.0000000E+00
   1.6353197E+01   0.0000000E+00
   1.6686935E+01   0.0000000E+00
   1.7020674E+01   0.0000000E+00
   1.7354412E+01   0.0000000E+00
   1.7688151E+01   0.0000000E+00
   1.8021890E+01   0.0000000E+00
   1.8355628E+01   0.0000000E+00
   1.8689367E+01   0.0000000E+00
   1.9023105E+01   0.0000000E+00
   1.9356844E+01   0.0000000E+00
   1.9690583E+01   0.0000000E+00
   2.0024321E+01   0.0000000E+00
   2.0358060E+01   0.0000000E+00
   2.0691798E+01   0.0000000E+00
   2.1025537E+01   0.0000000E+00
   2.1359276E+01   0.0000000E+00
   2.1693014E+01   0.0000000E+00
   2.2026753E+01   0.0000000E+00
   2.2360491E+01   0.0000000E+00
   2.2694230E+01   0.0000000E+00
   2.3027969E+01   0.0000000E+00
   2.3361707E+01   0.0000000E+00
   2.3695446E+01   0.0000000E+00
   2.4029184E+01   0.0000000E+00
   2.4362923E+01   0.0000000E+00
   2.4696662E+01   0.0000000E+00
   2.5030400E+01   0.0000000E+00
   2.5364139E+01   0.0000000E+00
   2.5697877E+01   0.0000000E+00
   2.6031616E+01   0.0000000E+00
   2.6365355E+01   0.0000000E+00
   2.6699093E+01   0.0000000E+00
   2.7032832E+01   0.0000000E+00
   2.7366570E+01   0.0000000E+00
   2.7700309E+01   0.0000000E+00
   2.8034048E+01   0.0000000E+00
   2.8367786E+01   0.0000000E+00
   2.8701525E+01   0.0000000E+00
   2.9035263E+01   0.0000000E+00
   2.9369002E+01   0.0000000E+00
   2.9702741E+01   0.0000000E+00
   3.0036479E+01   0.0000000E+00
   3.0370218E+01   0.0000000E+00
   3.0703956E+01   0.0000000E+00
   3.1037695E+01   0.0000000E+00
   3.1371433E+01   0.0000000E+00
   3.1705172E+01   0.0000000E+00
   3.2038911E+01   0.0000000E+00
   3.2372649E+01   0.0000000E+00
   3.2706388E+01   0.0000000E+00
   3.3040126E+01   0.0000000E+00
   3.3373865E+01   0.0000000E+00
   3.3707604E+01   0.0000000E+00
   3.4041342E+01   0.0000000E+00
   3.4375081E+01   0.0000000E+00
   3.4708819E+01   0.0000000E+00
   3.5042558E+01   0.0000000E+00
   3.5376297E+01   0.0000000E+00
   3.5710035E+01   0.0000000E+00
   3.6043774E+01   0.0000000E+00
   3.6377512E+01   0.0000000E+00
   3.6711251E+01   0.0000000E+00
   3.7044990E+01   0.0000000E+00
   3.7378728E+01   0.0000000E+00
   3.7712467E+01   0.0000000E+00
   3.8046205E+01   0.0000000E+00
   3.8379944E+01   0.0000000E+00
   3.8713683E+01   0.0000000E+00
   3.9047421E+01   0.0000000E+00
   3.9381160E+01   0.0000000E+00
   3.9714898E+01   0.0000000E+00
   4.0048637E+01   0.0000000E+00
   4.0382376E+01   0.0000000E+00
   4.0716114E+01   0.0000000E+00
   4.1049853E+01   0.0000000E+00
   4.1383591E+01   0.0000000E+00
   4.1717330E+01   0.0000000E+00
   4.2051069E+01   0.0000000E+00
   4.2384807E+01   0.0000000E+00
   4.2718546E+01   0.0000000E+00
   4.3052284E+01   0.0000000E+00
   4.3386023E+01   0.0000000E+00
   4.3719762E+01   0.0000000E+00
   4.4053500E+01   0.0000000E+00
   4.4387239E+01   0.0000000E+00
   4.4720977E+01   0.0000000E+00
   4.5054716E+01   0.0000000E+00
   4.5388454E+01   0.0000000E+00
   4.5722193E+01   0.0000000E+00
   4.6055932E+01   0.0000000E+00
   4.6389670E+01   0.0000000E+00
   4.6723409E+01   0.0000000E+00
   4.7057147E+01   0.0000000E+00
   4.7390886E+01   0.0000000E+00
   4.7724625E+01   0.0000000E+00
   4.8058363E+01   0.0000000E+00
   4.8392102E+01   0.0000000E+00
   4.8725840E+01   0.0000000E+00
   4.9059579E+01   0.0000000E+00
   4.9393318E+01   0.0000000E+00
   4.9727056E+01   0.0000000E+00
   5.0060795E+01   0.0000000E+00
   5.0394533E+01   0.0000000E+00
   5.0728272E+01   0.0000000E+00
   5.1062011E+01   0.0000000E+00
   5.1395749E+01   0.0000000E+00
   5.1729488E+01   0.0000000E+00
   5.2063226E+01   0.0000000E+00
   5.2396965E+01   0.0000000E+00
   5.2730704E+01   0.0000000E+00
   5.3064442E+01   0.0000000E+00
   5.3398181E+01   0.0000000E+00
   5.3731919E+01   0.0000000E+00
   5.4065658E+01   0.0000000E+00
   5.4399397E+01   0.0000000E+00
   5.4733135E+01   0.0000000E+00
   5.5066874E+01   0.0000000E+00
   5.5400612E+01   0.0000000E+00
   5.5734351E+01   0.0000000E+00
   5.6068090E+01   0.0000000E+00
   5.6401828E+01   0.0000000E+00
   5.6735567E+01   0.0000000E+00
   5.7069305E+01   0.0000000E+00
   5.7403044E+01   0.0000000E+00
   5.7736783E+01   0.0000000E+00
   5.8070521E+01   0.0000000E+00
   5.8404260E+01   0.0000000E+00
   5.8737998E+01   0.0000000E+00
   5.9071737E+01   0.0000000E+00
   5.9405475E+01   0.0000000E+00
   5.9739214E+01   0.0000000E+00
   6.0072953E+01   0.0000000E+00
   6.0406691E+01   0.0000000E+00
   6.0740430E+01   0.0000000E+00
   6.1074168E+01   0.0000000E+00
   6.1407907E+01   0.0000000E+00
   6.1741646E+01   0.0000000E+00
   6.2075384E+01   0.0000000E+00
   6.2409123E+01   0.0000000E+00
   6.2742861E+01   0.0000000E+00
   6.3076600E+01   0.0000000E+00
   6.3410339E+01   0.0000000E+00
   6.3744077E+01   0.0000000E+00
   6.4077816E+01   0.0000000E+00
   6.4411554E+01   0.0000000E+00
   6.4745293E+01   0.0000000E+00
   6.5079032E+01   0.0000000E+00
   6.5412770E+01   0.0000000E+00
   6.5746509E+01   0.0000000E+00
   6.6080247E+01   0.0000000E+00
   6.6413986E+01   0.0000000E+00
   6.6747725E+01   0.0000000E+00
   6.7081463E+01   0.0000000E+00
   6.7415202E+01   0.0000000E+00
   6.7748940E+01   0.0000000E+00
   6.8082679E+01   0.0000000E+00
   6.8416418E+01   0.0000000E+00
   6.8750156E+01   0.0000000E+00
   6.9083895E+01   0.0000000E+00
   6.9417633E+01   0.0000000E+00
   6.9751372E+01   0.0000000E+00
   7.0085111E+01   0.0000000E+00
   7.0418849E+01   0.0000000E+00
   7.0752588E+01   0.0000000E+00
   7.1086326E+01   0.0000000E+00
   7.1420065E+01   0.0000000E+00
   7.1753804E+01   0.0000000E+00
   7.2087542E+01   0.0000000E+00
   7.2421281E+01   0.0000000E+00
   7.2755019E+01   0.0000000E+00
   7.3088758E+01   0.0000000E+00
   7.3422496E+01   0.0000000E+00
   7.3756235E+01   0.0000000E+00
   7.4089974E+01   0.0000000E+00
   7.4423712E+01   0.0000000E+00
   7.4757451E+01   0.0000000E+00
   7.5091189E+01   0.0000000E+00
   7.5424928E+01   0.0000000E+00
   7.5758667E+01   0.0000000E+00
   7.6092405E+01   0.0000000E+00
   7.6426144E+01   0.0000000E+00
   7.6759882E+01   0.0000000E+00
   7.7093621E+01   0.0000000E+00
   7.7427360E+01   0.0000000E+00
   7.7761098E+01   0.0000000E+00
   7.8094837E+01   0.0000000E+00
   7.8428575E+01   0.0000000E+00
   7.8762314E+01   0.0000000E+00
   7.9096053E+01   0.0000000E+00
   7.9429791E+01   0.0000000E+00
   7.9763530E+01   0.0000000E+00
   8.0097268E+01   0.0000000E+00
   8.0431007E+01   0.0000000E+00
   8.0764746E+01   0.0000000E+00
   8.1098484E+01   0.0000000E+00
   8.1432223E+01   0.0000000E+00
   8.1765961E+01   0.0000000E+00
   8.2099700E+01   0.0000000E+00
   8.2433439E+01   0.0000000E+00
   8.2767177E+01   0.0000000E+00
   8.3100916E+01   0.0000000E+00
   8.3434654E+01   0.0000000E+00
   8.3768393E+01   0.0000000E+00
   8.4102132E+01   0.0000000E+00
   8.4435870E+01   0.0000000E+00
   8.4769609E+01   0.0000000E+00
   8.5103347E+01   0.0000000E+00
   8.5437086E+01   0.0000000E+00
   8.5770825E+01   0.0000000E+00
   8.6104563E+01   0.0000000E+00
   8.6438302E+01   0.0000000E+00
   8.6772040E+01   0.0000000E+00
   8.7105779E+01   0.0000000E+00
   8.7439517E+01   0.0000000E+00
   8.7773256E+01   0.0000000E+00
   8.8106995E+01   0.0000000E+00
   8.8440733E+01   0.0000000E+00
   8.8774472E+01   0.0000000E+00
   8.9108210E+01   0.0000000E+00
   8.9441949E+01   0.0000000E+00
   8.9775688E+01   0.0000000E+00
   9.0109426E+01   0.0000000E+00
   9.0443165E+01   0.0000000E+00
   9.0776903E+01   0.0000000E+00
   9.1110642E+01   0.0000000E+00
   9.1444381E+01   0.0000000E+00
   9.1778119E+01   0.0000000E+00
   9.2111858E+01   0.0000000E+00
   9.2445596E+01   0.0000000E+00
   9.2779335E+01   0.0000000E+00
   9.3113074E+01   0.0000000E+00
   9.3446812E+01   0.0000000E+00
   9.3780551E+01   0.0000000E+00
   9.4114289E+01   0.0000000E+00
   9.4448028E+01   0.0000000E+00
   9.4781767E+01   0.0000000E+00
   9.5115505E+01   0.0000000E+00
   9.5449244E+01   0.0000000E+00
   9.5782982E+01   0.0000000E+00
   9.6116721E+01   0.0000000E+00
   9.6450460E+01   0.0000000E+00
   9.6784198E+01   0.0000000E+00
   9.7117937E+01   0.0000000E+00
   9.7451675E+01   0.0000000E+00
   9.7785414E+01   0.0000000E+00
   9.8119153E+01   0.0000000E+00
   9.8452891E+01   0.0000000E+00
   9.8786630E+01   0.0000000E+00
   9.9120368E+01   0.0000000E+00
   9.9454107E+01   0.0000000E+00
   9.9787846E+01   0.0000000E+00
   1.0012158E+02   0.0000000E+00
   1.0045532E+02   0.0000000E+00
   1.0078906E+02   0.0000000E+00
   1.0112280E+02   0.0000000E+00
   1.0145654E+02   0.0000000E+00
   1.0179028E+02   0.0000000E+00
   1.0212402E+02   0.0000000E+00
   1.0245775E+02   0.0000000E+00
   1.0279149E+02   0.0000000E+00
   1.0312523E+02   0.0000000E+00
   1.0345897E+02   0.0000000E+00
   1.0379271E+02   0.0000000E+00
   1.0412645E+02   0.0000000E+00
   1.0446019E+02   0.0000000E+00
   1.0479392E+02   0.0000000E+00
   1.0512766E+02   0.0000000E+00
   1.0546140E+02   0.0000000E+00
   1.0579514E+02   0.0000000E+00
   1.0612888E+02   0.0000000E+00
   1.0646262E+02   0.0000000E+00
   1.0679636E+02   0.0000000E+00
   1.0713009E+02   0.0000000E+00
   1.0746383E+02   0.0000000E+00
   1.0779757E+02   0.0000000E+00
   1.0813131E+02   0.0000000E+00
   1.0846505E+02   0.0000000E+00
   1.0879879E+02   0.0000000E+00
   1.0913253E+02   0.0000000E+00
   1.0946626E+02   0.0000000E+00
   1.0980000E+02   0.0000000E+00
   1.1013374E+02   0.0000000E+00
   1.1046748E+02   0.0000000E+00
   1.1080122E+02   0.0000000E+00
   1.1113496E+02   0.0000000E+00
   1.1146870E+02   0.0000000E+00
   1.1180243E+02   0.0000000E+00
   1.1213617E+02   0.0000000E+00
   1.1246991E+02   0.0000000E+00
   1.1280365E+02   0.0000000E+00
   1.1313739E+02   0.0000000E+00
   1.1347113E+02   0.0000000E+00
   1.1380487E+02   0.0000000E+00
   1.1413861E+02   0.0000000E+00
   1.1447234E+02   0.0000000E+00
   1.1480608E+02   0.0000000E+00
   1.1513982E+02   0.0000000E+00
   1.1547356E+02   0.0000000E+00
   1.1580730E+02   0.0000000E+00
   1.1614104E+02   0.0000000E+00
   1.1647478E+02   0.0000000E+00
   1.1680851E+02   0.0000000E+00
   1.1714225E+02   0.0000000E+00
   1.1747599E+02   0.0000000E+00
   1.1780973E+02   0.0000000E+00
   1.1814347E+02   0.0000000E+00
   1.1847721E+02   0.0000000E+00
   1.1881095E+02   0.0000000E+00
   1.1914468E+02   0.0000000E+00
   1.1947842E+02   0.0000000E+00
   1.1981216E+02   0.0000000E+00
   1.2014590E+02   0.0000000E+00
   1.2047964E+02   0.0000000E+00
   1.2081338E+02   0.0000000E+00
   1.2114712E+02   0.0000000E+00
   1.2148085E+02   0.0000000E+00
   1.2181459E+02   0.0000000E+00
   1.2214833E+02   0.0000000E+00
   1.2248207E+02   0.0000000E+00
   1.2281581E+02   0.0000000E+00
   1.2314955E+02   0.0000000E+00
   1.2348329E+02   0.0000000E+00
   1.2381702E+02   0.0000000E+00
   1.2415076E+02   0.0000000E+00
   1.2448450E+02   0.0000000E+00
   1.2481824E+02   0.0000000E+00
   1.2515198E+02   0.0000000E+00
   1.2548572E+02   0.0000000E+00
   1.2581946E+02   0.0000000E+00
   1.2615319E+02   0.0000000E+00
   1.2648693E+02   0.0000000E+00
   1.2682067E+02   0.0000000E+00
   1.2715441E+02   0.0000000E+00
   1.2748815E+02   0.0000000E+00
   1.2782189E+02   0.0000000E+00
   1.2815563E+02   0.0000000E+00
   1.2848936E+02   0.0000000E+00
   1.2882310E+02   0.0000000E+00
   1.2915684E+02   0.0000000E+00
   1.2949058E+02   0.0000000E+00
   1.2982432E+02   0.0000000E+00
   1.3015806E+02   0.0000000E+00
   1.3049180E+02   0.0000000E+00
   1.3082553E+02   0.0000000E+00
   1.3115927E+02   0.0000000E+00
   1.3149301E+02   0.0000000E+00
   1.3182675E+02   0.0000000E+00
   1.3216049E+02   0.0000000E+00
   1.3249423E+02   0.0000000E+00
   1.3282797E+02   0.0000000E+00
   1.3316171E+02   0.0000000E+00
   1.3349544E+02   0.0000000E+00
   1.3382918E+02   0.0000000E+00
   1.3416292E+02   0.0000000E+00
   1.3449666E+02   0.0000000E+00
   1.3483040E+02   0.0000000E+00
   1.3516414E+02   0.0000000E+00
   1.3549788E+02   0.0000000E+00
   1.3583161E+02   0.0000000E+00
   1.3616535E+02   0.0000000E+00
   1.3649909E+02   0.0000000E+00
   1.3683283E+02   0.0000000E+00
   1.3716657E+02   0.0000000E+00
   1.3750031E+02   0.0000000E+00
   1.3783405E+02   0.0000000E+00
   1.3816778E+02   0.0000000E+00
   1.3850152E+02   0.0000000E+00
   1.3883526E+02   0.0000000E+00
   1.3916900E+02   0.0000000E+00
   1.3950274E+02   0.0000000E+00
   1.3983648E+02   0.0000000E+00
   1.4017022E+02   0.0000000E+00
   1.4050395E+02   0.0000000E+00
   1.4083769E+02   0.0000000E+00
   1.4117143E+02   0.0000000E+00
   1.4150517E+02   0.0000000E+00
   1.4183891E+02   0.0000000E+00
   1.4217265E+02   0.0000000E+00
   1.4250639E+02   0.0000000E+00
   1.4284012E+02   0.0000000E+00
   1.4317386E+02   0.0000000E+00
   1.4350760E+02   0.0000000E+00
   1.4384134E+02   0.0000000E+00
   1.4417508E+02   0.0000000E+00
   1.4450882E+02   0.0000000E+00
   1.4484256E+02   0.0000000E+00
   1.4517629E+02   0.0000000E+00
   1.4551003E+02   0.0000000E+00
   1.4584377E+02   0.0000000E+00
   1.4617751E+02   0.0000000E+00
   1.4651125E+02  -1.4012985E-45
   1.4684499E+02  -4.2038954E-45
   1.4717873E+02  -4.2038954E-45
   1.4751246E+02  -8.4077908E-45
   1.4784620E+02  -1.4012985E-44
   1.4817994E+02  -1.6815582E-44
   1.4851368E+02  -1.9618179E-44
   1.4884742E+02  -2.2420775E-44
   1.4918116E+02  -2.1019477E-44
   1.4951490E+02  -1.6815582E-44
   1.4984863E+02  -8.4077908E-45
   1.5018237E+02   0.0000000E+00
   1.5051611E+02   1.2611686E-44
   1.5084985E+02   2.5223372E-44
   1.5118359E+02   3.2229865E-44
   1.5151733E+02   3.6433760E-44
   1.5185107E+02   3.7835059E-44
   1.5218480E+02   2.6624671E-44
   1.5251854E+02   5.6051939E-45
   1.5285228E+02  -1.5414283E-44
   1.5318602E+02  -4.6242849E-44
   1.5351976E+02  -7.2867520E-44
   1.5385350E+02  -9.5288296E-44
   1.5418724E+02  -1.1070258E-43
   1.5452098E+02  -1.1490647E-43
   1.5485471E+02  -1.0509738E-43
   1.5518845E+02  -7.7071416E-44
   1.5552219E+02  -3.0828566E-44
   1.5585593E+02   2.5223372E-44
   1.5618967E+02   9.1084400E-44
   1.5652341E+02   1.5274153E-43
   1.5685715E+02   2.0879347E-43
   1.5719088E+02   2.3681944E-43
   1.5752462E+02   2.3822074E-43
   1.5785836E+02   1.9618179E-43
   1.5819210E+02   1.2051167E-43
   1.5852584E+02   2.8025969E-45
   1.5885958E+02  -1.3312335E-43
   1.5919332E+02  -2.8166099E-43
   1.5952705E+02  -4.1338305E-43
   1.5986079E+02  -5.0446745E-43
   1.6019453E+02  -5.3109212E-43
   1.6052827E+02  -4.8344797E-43
   1.6086201E+02  -3.3911423E-43
   1.6119575E+02  -1.1350518E-43
   1.6152949E+02   1.8076750E-43
   1.6186322E+02   5.1427654E-43
   1.6219696E+02   8.3517388E-43
   1.6253070E+02   1.0930128E-42
   1.6286444E+02   1.2331426E-42
   1.6319818E+02   1.2093206E-42
   1.6353192E+02   9.8931672E-43
   1.6386566E+02   5.7313107E-43
   1.6419939E+02  -1.9618179E-44
   1.6453313E+02  -7.3287910E-43
   1.6486687E+02  -1.4797712E-42
   1.6520061E+02  -2.1481905E-42
   1.6553435E+02  -2.6260333E-42
   1.6586809E+02  -2.7955904E-42
   1.6620183E+02  -2.5755866E-42
   1.6653556E+02  -1.9197789E-42
   1.6686930E+02  -8.4778557E-43
   1.6720304E+02   5.5351289E-43
   1.6753678E+02   2.1425854E-42
   1.6787052E+02   3.7036318E-42
   1.6820426E+02   4.9914251E-42
   1.6853800E+02   5.7565341E-42
   1.6887173E+02   5.7817575E-42
   1.6920547E+02   4.9185576E-42
   1.6953921E+02   3.1319021E-42
   1.6987295E+02   5.2128303E-43
   1.7020669E+02  -2.6736775E-42
   1.7054043E+02  -6.0676224E-42
   1.7087417E+02  -9.1827088E-42
   1.7120790E+02  -1.1493450E-41
   1.7154164E+02  -1.2485569E-41
   1.7187538E+02  -1.1768105E-41
   1.7220912E+02  -9.1238543E-42
   1.7254286E+02  -4.5990616E-42
   1.7287660E+02   1.4643569E-42
   1.7321034E+02   8.4302116E-42
   1.7354408E+02   1.5407277E-41
   1.7387781E+02   2.1336170E-41
   1.7421155E+02   2.5114071E-41
   1.7454529E+02   2.5786694E-41
   1.7487903E+02   2.2666003E-41
   1.7521277E+02   1.5546005E-41
   1.7554651E+02   4.7560070E-42
   1.7588025E+02  -8.7412998E-42
   1.7621398E+02  -2.3398882E-41
   1.7654772E+02  -3.7231099E-41
   1.7688146E+02  -4.8008485E-41
   1.7721520E+02  -5.3552022E-41
   1.7754894E+02  -5.2103080E-41
   1.7788268E+02  -4.2617690E-41
   1.7821642E+02  -2.5094453E-41
   1.7855015E+02  -7.0625443E-43
   1.7888389E+02   2.8112850E-41
   1.7921763E+02   5.7847002E-41
   1.7955137E+02   8.4229248E-41
   1.7988511E+02   1.0273480E-40
   1.8021885E+02   1.0923262E-40
   1.8055259E+02   1.0064826E-40
   1.8088632E+02   7.5621072E-41
   1.8122006E+02   3.5000232E-41
   1.8155380E+02  -1.7914200E-41
   1.8188754E+02  -7.7421740E-41
   1.8222128E+02  -1.3586009E-40
   1.8255502E+02  -1.8440527E-40
   1.8288876E+02  -2.1419688E-40
   1.8322249E+02  -2.1759783E-40
   1.8355623E+02  -1.8958167E-40
   1.8388997E+02  -1.2888302E-40
   1.8422371E+02  -3.8836987E-41
   1.8455745E+02   7.2335027E-41
   1.8489119E+02   1.9192044E-40
   1.8522493E+02   3.0380011E-40
   1.8555866E+02   3.9028544E-40
   1.8589240E+02   4.3439552E-40
   1.8622614E+02   4.2251531E-40
   1.8655988E+02   3.4691526E-40
   1.8689362E+02   2.0788403E-40
   1.8722736E+02   1.5012110E-41
   1.8756110E+02  -2.1264144E-40
   1.8789483E+02  -4.4776110E-40
   1.8822857E+02  -6.5738975E-40
   1.8856231E+02  -8.0676816E-40
   1.8889605E+02  -8.6409669E-40
   1.8922979E+02  -8.0566534E-40
   1.8956353E+02  -6.2059025E-40
   1.8989727E+02  -3.1456628E-40
   1.9023100E+02   8.8270593E-41
   1.9056474E+02   5.4575390E-40
   1.9089848E+02   1.0008354E-39
   1.9123222E+02   1.3873359E-39
   1.9156596E+02   1.6380338E-39
   1.9189970E+02   1.6941572E-39
   1.9223344E+02   1.5152549E-39
   1.9256718E+02   1.0880368E-39
   1.9290091E+02   4.3274899E-40
   1.9323465E+02  -3.9418666E-40
   1.9356839E+02  -1.3023752E-39
   1.9390213E+02  -2.1747648E-39
   1.9423587E+02  -2.8800985E-39
   1.9456961E+02  -3.2893506E-39
   1.9490335E+02  -3.2945928E-39
   1.9523708E+02  -2.8279086E-39
   1.9557082E+02  -1.8777091E-39
   1.9590456E+02  -4.9967781E-40
   1.9623830E+02   1.1800853E-39
   1.9657204E+02   2.9714114E-39
   1.9690578E+02   4.6366626E-39
   1.9723952E+02   5.9167137E-39
   1.9757325E+02   6.5643799E-39
   1.9790699E+02   6.3816057E-39
   1.9824073E+02   5.2557955E-39
   1.9857447E+02   3.1900854E-39
   1.9890821E+02   3.2207304E-40
   1.9924195E+02  -3.0733418E-39
   1.9957569E+02  -6.6002055E-39
   1.9990942E+02  -9.7776301E-39
   2.0024316E+02  -1.2093964E-38
   2.0057690E+02  -1.3074375E-38
   2.0091064E+02  -1.2354467E-38
   2.0124438E+02  -9.7505962E-39
   2.0157812E+02  -5.3162741E-39
   2.0191186E+02   6.2556346E-40
   2.0224559E+02   7.4830921E-39
   2.0257933E+02   1.4434349E-38
   2.0291307E+02   2.0505128E-38
   2.0324681E+02   2.4681661E-38
   2.0358055E+02   2.6047899E-38
   2.0391429E+02   2.3932233E-38
   2.0424803E+02   1.8044365E-38
   2.0458176E+02   8.5813500E-39
   2.0491550E+02  -3.7174781E-39
   2.0524924E+02  -1.7583262E-38
   2.0558298E+02  -3.1307690E-38
   2.0591672E+02  -4.2910875E-38
   2.0625046E+02  -5.0376590E-38
   2.0658420E+02  -5.1932839E-38
   2.0691793E+02  -4.6345968E-38
   2.0725167E+02  -3.3188588E-38
   2.0758541E+02  -1.3038918E-38
   2.0791915E+02   1.2428766E-38
   2.0825289E+02   4.0494098E-38
   2.0858663E+02   6.7598307E-38
   2.0892037E+02   8.9707137E-38
   2.0925410E+02   1.0280436E-37
   2.0958784E+02   1.0346797E-37
   2.0992158E+02   8.9461360E-38
   2.1025532E+02   6.0257572E-38
   2.1058906E+02   1.7410151E-38
   2.1092280E+02  -3.5308882E-38
   2.1125654E+02  -9.2064435E-38
   2.1159027E+02  -1.4543564E-37
   2.1192401E+02  -1.8720314E-37
   2.1225775E+02  -2.0938699E-37
   2.1259149E+02  -2.0543094E-37
   2.1292523E+02  -1.7138815E-37
   2.1325897E+02  -1.0693885E-37
   2.1359271E+02  -1.6064673E-38
   2.1392645E+02   9.2776967E-38
   2.1426018E+02   2.0709068E-37
   2.1459392E+02   3.1143650E-37
   2.1492766E+02   3.8913628E-37
   2.1526140E+02   4.2445380E-37
   2.1559514E+02   4.0501768E-37
   2.1592888E+02   3.2418078E-37
   2.1626262E+02   1.8296474E-37
   2.1659635E+02  -8.7617083E-39
   2.1693009E+02  -2.3217419E-37
   2.1726383E+02  -4.6065407E-37
   2.1759757E+02  -6.6227401E-37
   2.1793131E+02  -8.0347575E-37
   2.1826505E+02  -8.5361910E-37
   2.1859879E+02  -7.8989360E-37
   2.1893252E+02  -6.0194778E-37
   2.1926626E+02  -2.9551842E-37
   2.1960000E+02   1.0563612E-37
   2.1993374E+02   5.6006962E-37
   2.2026748E+02   1.0115907E-36
   2.2060122E+02   1.3948364E-36
   2.2093496E+02   1.6431225E-36
   2.2126869E+02   1.6978263E-36
   2.2160243E+02   1.5182058E-36
   2.2193617E+02   1.0903133E-36
   2.2226991E+02   4.3355717E-37
   2.2260365E+02  -3.9643635E-37
   2.2293739E+02  -1.3097018E-36
   2.2327113E+02  -2.1890912E-36
   2.2360486E+02  -2.9025613E-36
   2.2393860E+02  -3.3196932E-36
   2.2427234E+02  -3.3307565E-36
   2.2460608E+02  -2.8660036E-36
   2.2493982E+02  -1.9124321E-36
   2.2527356E+02  -5.2517653E-37
   2.2560730E+02   1.1690310E-36
   2.2594103E+02   2.9781502E-36
   2.2627477E+02   4.6615970E-36
   2.2660851E+02   5.9568094E-36
   2.2694225E+02   6.6134041E-36
   2.2727599E+02   6.4312570E-36
   2.2760973E+02   5.2976432E-36
   2.2794347E+02   3.2179330E-36
   2.2827720E+02   3.3432694E-37
   2.2861094E+02  -3.0720448E-36
   2.2894468E+02  -6.5986997E-36
   2.2927842E+02  -9.7597628E-36
   2.2961216E+02  -1.2042175E-35
   2.2994590E+02  -1.2975017E-35
   2.3027964E+02  -1.2204112E-35
   2.3061337E+02  -9.5619893E-36
   2.3094711E+02  -5.1223601E-36
   2.3128085E+02   7.7125046E-37
   2.3161459E+02   7.5110566E-36
   2.3194833E+02   1.4269480E-35
   2.3228207E+02   2.0082436E-35
   2.3261581E+02   2.3965655E-35
   2.3294955E+02   2.5052706E-35
   2.3328328E+02   2.2738218E-35
   2.3361702E+02   1.6806649E-35
   2.3395076E+02   7.5256578E-36
   2.3428450E+02  -4.3149597E-36
   2.3461824E+02  -1.7433040E-35
   2.3495198E+02  -3.0159259E-35
   2.3528572E+02  -4.0614558E-35
   2.3561945E+02  -4.6945841E-35
   2.3595319E+02  -4.7595319E-35
   2.3628693E+02  -4.1570081E-35
   2.3662067E+02  -2.8673384E-35
   2.3695441E+02  -9.6583176E-36
   2.3728815E+02   1.3730253E-35
   2.3762189E+02   3.8849156E-35
   2.3795562E+02   6.2393421E-35
   2.3828936E+02   8.0764555E-35
   2.3862310E+02   9.0538171E-35
   2.3895684E+02   8.8979676E-35
   2.3929058E+02   7.4541868E-35
   2.3962432E+02   4.7270017E-35
   2.3995806E+02   9.0428871E-36
   2.4029179E+02  -3.6410774E-35
   2.4062553E+02  -8.3756745E-35
   2.4095927E+02  -1.2656660E-34
   2.4129301E+02  -1.5806339E-34
   2.4162675E+02  -1.7203195E-34
   2.4196049E+02  -1.6378866E-34
   2.4229423E+02  -1.3108245E-34
   2.4262796E+02  -7.4787246E-35
   2.4296170E+02   7.4358197E-37
   2.4329544E+02   8.7763286E-35
   2.4362918E+02   1.7571265E-34
   2.4396292E+02   2.5228855E-34
   2.4429666E+02   3.0492248E-34
   2.4463040E+02   3.2252029E-34
   2.4496413E+02   2.9725727E-34
   2.4529787E+02   2.2618059E-34
   2.4563161E+02   1.1236469E-34
   2.4596535E+02  -3.4612532E-35
   2.4629909E+02  -1.9904152E-34
   2.4663283E+02  -3.6037544E-34
   2.4696657E+02  -4.9540222E-34
   2.4730030E+02  -5.8111890E-34
   2.4763404E+02  -5.9800603E-34
   2.4796778E+02  -5.3330112E-34
   2.4830152E+02  -3.8380873E-34
   2.4863526E+02  -1.5778068E-34
   2.4896900E+02   1.2453313E-34
   2.4930274E+02   4.3194086E-34
   2.4963647E+02   7.2505929E-34
   2.4997021E+02   9.6062280E-34
   2.5030395E+02   1.0969761E-33
   2.5063769E+02   1.1001527E-33
   2.5097143E+02   9.4977409E-34
   2.5130517E+02   6.4391523E-34
   2.5163891E+02   2.0210603E-34
   2.5197264E+02  -3.3422794E-34
   2.5230638E+02  -9.0431818E-34
   2.5264012E+02  -1.4336807E-33
   2.5297386E+02  -1.8424810E-33
   2.5330760E+02  -2.0558684E-33
   2.5364134E+02  -2.0151244E-33
   2.5397508E+02  -1.6881954E-33
   2.5430882E+02  -1.0780466E-33
   2.5464255E+02  -2.2737514E-34
   2.5497629E+02   7.8151153E-34
   2.5531003E+02   1.8323226E-33
   2.5564377E+02   2.7859293E-33
   2.5597751E+02   3.4962795E-33
   2.5631125E+02   3.8295659E-33
   2.5664499E+02   3.6844552E-33
   2.5697872E+02   3.0107520E-33
   2.5731246E+02   1.8236827E-33
   2.5764620E+02   2.1123399E-34
   2.5797994E+02  -1.6674813E-33
   2.5831368E+02  -3.5938455E-33
   2.5864742E+02  -5.3111792E-33
   2.5898116E+02  -6.5544412E-33
   2.5931489E+02  -7.0852775E-33
   2.5964863E+02  -6.7283783E-33
   2.5998237E+02  -5.4043408E-33
   2.6031611E+02  -3.1540692E-33
   2.6064985E+02  -1.5021169E-34
   2.6098359E+02   3.3077496E-33
   2.6131733E+02   6.8163317E-33
   2.6165106E+02   9.9081897E-33
   2.6198480E+02   1.2106502E-32
   2.6231854E+02   1.2988166E-32
   2.6265228E+02   1.2248453E-32
   2.6298602E+02   9.7585713E-33
   2.6331976E+02   5.6073586E-33
   2.6365350E+02   1.1933821E-34
   2.6398723E+02  -6.1565260E-33
   2.6432097E+02  -1.2489832E-32
   2.6465471E+02  -1.8041974E-32
   2.6498845E+02  -2.1963822E-32
   2.6532219E+02  -2.3508006E-32
   2.6565593E+02  -2.2142678E-32
   2.6598967E+02  -1.7651632E-32
   2.6632340E+02  -1.0205627E-32
   2.6665714E+02  -3.9147948E-34
   2.6699088E+02   1.0810509E-32
   2.6732462E+02   2.2104613E-32
   2.6765836E+02   3.2010045E-32
   2.6799210E+02   3.9033095E-32
   2.6832584E+02   4.1863553E-32
   2.6865957E+02   3.9572430E-32
   2.6899331E+02   3.1784685E-32
   2.6932705E+02   1.8801074E-32
   2.6966079E+02   1.6460532E-33
   2.6999453E+02  -1.7973904E-32
   2.7032827E+02  -3.7807501E-32
   2.7066201E+02  -5.5285404E-32
   2.7099574E+02  -6.7817866E-32
   2.7132948E+02  -7.3132782E-32
   2.7166322E+02  -6.9614574E-32
   2.7199696E+02  -5.6599307E-32
   2.7233070E+02  -3.4581427E-32
   2.7266444E+02  -5.2940577E-33
   2.7299818E+02   2.8363668E-32
   2.7333192E+02   6.2561355E-32
   2.7366565E+02   9.2923469E-32
   2.7399939E+02   1.1503428E-31
   2.7433313E+02   1.2501018E-31
   2.7466687E+02   1.2007183E-31
   2.7500061E+02   9.9041382E-32
   2.7533435E+02   6.2690007E-32
   2.7566809E+02   1.3872436E-32
   2.7600182E+02  -4.2595119E-32
   2.7633556E+02  -1.0032796E-31
   2.7666930E+02  -1.5201794E-31
   2.7700304E+02  -1.9027548E-31
   2.7733678E+02  -2.0858205E-31
   2.7767052E+02  -2.0224054E-31
   2.7800426E+02  -1.6919965E-31
   2.7833799E+02  -1.1062888E-31
   2.7867173E+02  -3.1139712E-32
   2.7900547E+02   6.1416347E-32
   2.7933921E+02   1.5659648E-31
   2.7967295E+02   2.4242803E-31
   2.8000669E+02   3.0679095E-31
   2.8034043E+02   3.3897799E-31
   2.8067416E+02   3.3124716E-31
   2.8100790E+02   2.8016368E-31
   2.8134164E+02   1.8753030E-31
   2.8167538E+02   6.0738122E-32
   2.8200912E+02  -8.7573171E-32
   2.8234286E+02  -2.4057997E-31
   2.8267660E+02  -3.7900529E-31
   2.8301033E+02  -4.8336314E-31
   2.8334407E+02  -5.3647898E-31
   2.8367781E+02  -5.2598703E-31
   2.8401155E+02  -4.4647246E-31
   2.8434529E+02  -3.0093876E-31
   2.8467903E+02  -1.0133060E-31
   2.8501277E+02   1.3205978E-31
   2.8534650E+02   3.7234889E-31
   2.8568024E+02   5.8887791E-31
   2.8601398E+02   7.5083380E-31
   2.8634772E+02   8.3128741E-31
   2.8668146E+02   8.1115937E-31
   2.8701520E+02   6.8258582E-31
   2.8734894E+02   4.5116658E-31
   2.8768267E+02   1.3668237E-31
   2.8801641E+02  -2.2798889E-31
   2.8835015E+02  -5.9980831E-31
   2.8868389E+02  -9.3018222E-31
   2.8901763E+02  -1.1708090E-30
   2.8935137E+02  -1.2801314E-30
   2.8968511E+02  -1.2296026E-30
   2.9001884E+02  -1.0089095E-30
   2.9035258E+02  -6.2935140E-31
   2.9068632E+02  -1.2471066E-31
   2.9102006E+02   4.5077505E-31
   2.9135380E+02   1.0273934E-30
   2.9168754E+02   1.5275574E-30
   2.9202128E+02   1.8753071E-30
   2.9235501E+02   2.0066599E-30
   2.9268875E+02   1.8795229E-30
   2.9302249E+02   1.4818073E-30
   2.9335623E+02   8.3644717E-31
   2.9368997E+02   2.3135845E-33
   2.9402371E+02  -9.2956137E-31
   2.9435745E+02  -1.8444866E-30
   2.9469119E+02  -2.6167373E-30
   2.9502492E+02  -3.1250999E-30
   2.9535866E+02  -3.2695937E-30
   2.9569240E+02  -2.9872876E-30
   2.9602614E+02  -2.2650023E-30
   2.9635988E+02  -1.1468634E-30
   2.9669362E+02   2.6488858E-31
   2.9702736E+02   1.8167103E-30
   2.9736109E+02   3.3181478E-30
   2.9769483E+02   4.5627786E-30
   2.9802857E+02   5.3536824E-30
   2.9836231E+02   5.5305787E-30
   2.9869605E+02   4.9952691E-30
   2.9902979E+02   3.7318116E-30
   2.9936353E+02   1.8181939E-30
   2.9969726E+02  -5.7299815E-31
   3.0003100E+02  -3.1862431E-30
   3.0036474E+02  -5.7069442E-30
   3.0069848E+02  -7.7957123E-30
   3.0103222E+02  -9.1297866E-30
   3.0136596E+02  -9.4469316E-30
   3.0169970E+02  -8.5863975E-30
   3.0203343E+02  -6.5212530E-30
   3.0236717E+02  -3.3769391E-30
   3.0270091E+02   5.6790192E-31
   3.0303465E+02   4.9003298E-30
   3.0336839E+02   9.1114858E-30
   3.0370213E+02   1.2651536E-29
   3.0403587E+02   1.4995864E-29
   3.0436960E+02   1.5715154E-29
   3.0470334E+02   1.4540696E-29
   3.0503708E+02   1.1415972E-29
   3.0537082E+02   6.5264184E-30
   3.0570456E+02   3.0121620E-31
   3.0603830E+02  -6.6160260E-30
   3.0637204E+02  -1.3427138E-29
   3.0670577E+02  -1.9265279E-29
   3.0703951E+02  -2.3298381E-29
   3.0737325E+02  -2.4838712E-29
   3.0770699E+02  -2.3444992E-29
   3.0804073E+02  -1.9003187E-29
   3.0837447E+02  -1.1773488E-29
   3.0870821E+02  -2.3940441E-30
   3.0904194E+02   8.1633731E-30
   3.0937568E+02   1.8684680E-29
   3.0970942E+02   2.7844755E-29
   3.1004316E+02   3.4365575E-29
   3.1037690E+02   3.7183535E-29
   3.1071064E+02   3.5605290E-29
   3.1104438E+02   2.9430909E-29
   3.1137811E+02   1.9025504E-29
   3.1171185E+02   5.3250880E-30
   3.1204559E+02  -1.0230270E-29
   3.1237933E+02  -2.5834120E-29
   3.1271307E+02  -3.9511127E-29
   3.1304681E+02  -4.9354477E-29
   3.1338055E+02  -5.3776183E-29
   3.1371429E+02  -5.1739392E-29
   3.1404802E+02  -4.2940841E-29
   3.1438176E+02  -2.7915569E-29
   3.1471550E+02  -8.0430476E-30
   3.1504924E+02   1.4554704E-29
   3.1538298E+02   3.7219866E-29
   3.1571672E+02   5.7053081E-29
   3.1605046E+02   7.1264813E-29
   3.1638419E+02   7.7543910E-29
   3.1671793E+02   7.4396718E-29
   3.1705167E+02   6.1410624E-29
   3.1738541E+02   3.9401195E-29
   3.1771915E+02   1.0413512E-29
   3.1805289E+02  -2.2435038E-29
   3.1838663E+02  -5.5263904E-29
   3.1872036E+02  -8.3863831E-29
   3.1905410E+02  -1.0421064E-28
   3.1938784E+02  -1.1299903E-28
   3.1972158E+02  -1.0812850E-28
   3.2005532E+02  -8.9074549E-29
   3.2038906E+02  -5.7087164E-29
   3.2072280E+02  -1.5176281E-29
   3.2105653E+02   3.2131619E-29
   3.2139027E+02   7.9253119E-29
   3.2172401E+02   1.2018206E-28
   3.2205775E+02   1.4922997E-28
   3.2239149E+02   1.6178495E-28
   3.2272523E+02   1.5499205E-28
   3.2305897E+02   1.2825915E-28
   3.2339270E+02   8.3509309E-29
   3.2372644E+02   2.5125189E-29
   3.2406018E+02  -4.0431706E-29
   3.2439392E+02  -1.0530263E-28
   3.2472766E+02  -1.6114960E-28
   3.2506140E+02  -2.0020711E-28
   3.2539514E+02  -2.1634036E-28
   3.2572887E+02  -2.0597127E-28
   3.2606261E+02  -1.6873937E-28
   3.2639635E+02  -1.0778809E-28
   3.2673009E+02  -2.9610126E-29
   3.2706383E+02   5.6563810E-29
   3.2739757E+02   1.3978917E-28
   3.2773131E+02   2.0874069E-28
   3.2806504E+02   2.5320304E-28
   3.2839878E+02   2.6553278E-28
   3.2873252E+02   2.4189319E-28
   3.2906626E+02   1.8308018E-28
   3.2940000E+02   9.4791750E-29
   3.2973374E+02  -1.2740821E-29
   3.3006748E+02  -1.2576522E-28
   3.3040121E+02  -2.2858499E-28
   3.3073495E+02  -3.0553788E-28
   3.3106869E+02  -3.4314773E-28
   3.3140243E+02  -3.3217551E-28
   3.3173617E+02  -2.6928911E-28
   3.3206991E+02  -1.5809184E-28
   3.3240365E+02  -9.3158917E-30
   3.3273739E+02   1.5992164E-28
   3.3307112E+02   3.2779020E-28
   3.3340486E+02   4.7020737E-28
   3.3373860E+02   5.6384257E-28
   3.3407234E+02   5.8931771E-28
   3.3440608E+02   5.3420472E-28
   3.3473982E+02   3.9541306E-28
   3.3507356E+02   1.8059535E-28
   3.3540729E+02  -9.1695884E-29
   3.3574103E+02  -3.9324032E-28
   3.3607477E+02  -6.8874144E-28
   3.3640851E+02  -9.3956906E-28
   3.3674225E+02  -1.1082860E-27
   3.3707599E+02  -1.1634602E-27
   3.3740973E+02  -1.0841755E-27
   3.3774346E+02  -8.6366691E-28
   3.3807720E+02  -5.1153532E-28
   3.3841094E+02  -5.4164180E-29
   3.3874468E+02   4.6687527E-28
   3.3907842E+02   9.9838928E-28
   3.3941216E+02   1.4808269E-27
   3.3974590E+02   1.8547318E-27
   3.4007963E+02   2.0676950E-27
   3.4041337E+02   2.0810056E-27
   3.4074711E+02   1.8751775E-27
   3.4108085E+02   1.4536151E-27
   3.4141459E+02   8.4385198E-28
   3.4174833E+02   9.6062112E-29
   3.4208207E+02  -7.2115465E-28
   3.4241580E+02  -1.5273705E-27
   3.4274954E+02  -2.2386688E-27
   3.4308328E+02  -2.7768301E-27
   3.4341702E+02  -3.0783117E-27
   3.4375076E+02  -3.1019559E-27
   3.4408450E+02  -2.8344358E-27
   3.4441824E+02  -2.2926971E-27
   3.4475197E+02  -1.5229624E-27
   3.4508571E+02  -5.9629873E-28
   3.4541945E+02   3.9886808E-28
   3.4575319E+02   1.3664719E-27
   3.4608693E+02   2.2136504E-27
   3.4642067E+02   2.8614050E-27
   3.4675441E+02   3.2537381E-27
   3.4708814E+02   3.3640557E-27
   3.4742188E+02   3.1979443E-27
   3.4775562E+02   2.7918398E-27
   3.4808936E+02   2.2076282E-27
   3.4842310E+02   1.5237837E-27
   3.4875684E+02   8.2410648E-28
   3.4909058E+02   1.8553778E-28
   3.4942431E+02  -3.3327873E-28
   3.4975805E+02  -7.0100966E-28
   3.5009179E+02  -9.1875477E-28
   3.5042553E+02  -1.0202890E-27
   3.5075927E+02  -1.0670002E-27
   3.5109301E+02  -1.1378423E-27
   3.5142675E+02  -1.3153570E-27
   3.5176048E+02  -1.6694525E-27
   3.5209422E+02  -2.2411461E-27
   3.5242796E+02  -3.0287026E-27
   3.5276170E+02  -3.9785333E-27
   3.5309544E+02  -4.9828237E-27
   3.5342918E+02  -5.8851966E-27
   3.5376292E+02  -6.4947396E-27
   3.5409666E+02  -6.6076661E-27
   3.5443039E+02  -6.0347120E-27
   3.5476413E+02  -4.6314902E-27
   3.5509787E+02  -2.3280857E-27
   3.5543161E+02   8.4602222E-28
   3.5576535E+02   4.7456547E-27
   3.5609909E+02   9.1055433E-27
   3.5643283E+02   1.3550191E-26
   3.5676656E+02   1.7618760E-26
   3.5710030E+02   2.0804111E-26
   3.5743404E+02   2.2603279E-26
   3.5776778E+02   2.2574968E-26
   3.5810152E+02   2.0398419E-26
   3.5843526E+02   1.5926872E-26
   3.5876900E+02   9.2291164E-27
   3.5910273E+02   6.1277852E-28
   3.5943647E+02  -9.3753314E-27
   3.5977021E+02  -1.9974423E-26
   3.6010395E+02  -3.0260886E-26
   3.6043769E+02  -3.9222457E-26
   3.6077143E+02  -4.5850130E-26
   3.6110517E+02  -4.9239665E-26
   3.6143890E+02  -4.8693080E-26
   3.6177264E+02  -4.3809446E-26
   3.6210638E+02  -3.4554400E-26
   3.6244012E+02  -2.1299505E-26
   3.6277386E+02  -4.8244275E-27
   3.6310760E+02   1.3721046E-26
   3.6344134E+02   3.2894609E-26
   3.6377507E+02   5.1073973E-26
   3.6410881E+02   6.6595126E-26
   3.6444255E+02   7.7904563E-26
   3.6477629E+02   8.3710924E-26
   3.6511003E+02   8.3120936E-26
   3.6544377E+02   7.5745259E-26
   3.6577751E+02   6.1762164E-26
   3.6611124E+02   4.1930675E-26
   3.6644498E+02   1.7549557E-26
   3.6677872E+02  -9.6357156E-27
   3.6711246E+02  -3.7571202E-26
   3.6744620E+02  -6.4065120E-26
   3.6777994E+02  -8.6975668E-26
   3.6811368E+02  -1.0439773E-25
   3.6844741E+02  -1.1482987E-25
   3.6878115E+02  -1.1730602E-25
   3.6911489E+02  -1.1147805E-25
   3.6944863E+02  -9.7641715E-26
   3.6978237E+02  -7.6703849E-26
   3.7011611E+02  -5.0095638E-26
   3.7044985E+02  -1.9640840E-26
   3.7078358E+02   1.2605017E-26
   3.7111732E+02   4.4528375E-26
   3.7145106E+02   7.4124612E-26
   3.7178480E+02   9.9642660E-26
   3.7211854E+02   1.1969236E-25
   3.7245228E+02   1.3330693E-25
   3.7278602E+02   1.3995717E-25
   3.7311976E+02   1.3952169E-25
   3.7345349E+02   1.3222083E-25
   3.7378723E+02   1.1853023E-25
   3.7412097E+02   9.9086513E-26
   3.7445471E+02   7.4604665E-26
   3.7478845E+02   4.5817303E-26
   3.7512219E+02   1.3449832E-26
   3.7545593E+02  -2.1768423E-26
   3.7578966E+02  -5.9055594E-26
   3.7612340E+02  -9.7501439E-26
   3.7645714E+02  -1.3597832E-25
   3.7679088E+02  -1.7305550E-25
   3.7712462E+02  -2.0693651E-25
   3.7745836E+02  -2.3543793E-25
   3.7779210E+02  -2.5602658E-25
   3.7812583E+02  -2.6592383E-25
   3.7845957E+02  -2.6228003E-25
   3.7879331E+02  -2.4241792E-25
   3.7912705E+02  -2.0413033E-25
   3.7946079E+02  -1.4601294E-25
   3.7979453E+02  -6.7807704E-26
   3.8012827E+02   2.9276428E-26
   3.8046200E+02   1.4229912E-25
   3.8079574E+02   2.6641445E-25
   3.8112948E+02   3.9482407E-25
   3.8146322E+02   5.1888692E-25
   3.8179696E+02   6.2841010E-25
   3.8213070E+02   7.1213841E-25
   3.8246444E+02   7.5844317E-25
   3.8279817E+02   7.5619911E-25
   3.8313191E+02   6.9582137E-25
   3.8346565E+02   5.7040915E-25
   3.8379939E+02   3.7692067E-25
   3.8413313E+02   1.1728463E-25
   3.8446687E+02  -2.0065863E-25
   3.8480061E+02  -5.6253203E-25
   3.8513434E+02  -9.4722177E-25
   3.8546808E+02  -1.3272475E-24
   3.8580182E+02  -1.6697866E-24
   3.8613556E+02  -1.9384267E-24
   3.8646930E+02  -2.0956415E-24
   3.8680304E+02  -2.1059316E-24
   3.8713678E+02  -1.9394761E-24
   3.8747051E+02  -1.5760609E-24
   3.8780425E+02  -1.0089699E-24
   3.8813799E+02  -2.4844726E-25
   3.8847173E+02   6.7569728E-25
   3.8880547E+02   1.7128010E-24
   3.8913921E+02   2.7917586E-24
   3.8947295E+02   3.8235063E-24
   3.8980668E+02   4.7057344E-24
   3.9014042E+02   5.3298823E-24
   3.9047416E+02   5.5901812E-24
   3.9080790E+02   5.3942999E-24
   3.9114164E+02   4.6748698E-24
   3.9147538E+02   3.4009147E-24
   3.9180912E+02   1.5880395E-24
   3.9214285E+02  -6.9391558E-25
   3.9247659E+02  -3.3170674E-24
   3.9281033E+02  -6.0966949E-24
   3.9314407E+02  -8.7983921E-24
   3.9347781E+02  -1.1151661E-23
   3.9381155E+02  -1.2869852E-23
   3.9414529E+02  -1.3675740E-23
   3.9447903E+02  -1.3331143E-23
   3.9481276E+02  -1.1668352E-23
   3.9514650E+02  -8.6203564E-24
   3.9548024E+02  -4.2464592E-24
   3.9581398E+02   1.2504861E-24
   3.9614772E+02   7.5186822E-24
   3.9648146E+02   1.4066829E-23
   3.9681520E+02   2.0290277E-23
   3.9714893E+02   2.5514305E-23
   3.9748267E+02   2.9052999E-23
   3.9781641E+02   3.0280202E-23
   3.9815015E+02   2.8706882E-23
   3.9848389E+02   2.4057317E-23
   3.9881763E+02   1.6335344E-23
   3.9915137E+02   5.8710740E-24
   3.9948510E+02  -6.6606271E-24
   3.9981884E+02  -2.0257446E-23
   4.0015258E+02  -3.3646906E-23
   4.0048632E+02  -4.5384263E-23
   4.0082006E+02  -5.3986655E-23
   4.0115380E+02  -5.8094122E-23
   4.0148754E+02  -5.6643078E-23
   4.0182127E+02  -4.9033969E-23
   4.0215501E+02  -3.5271997E-23
   4.0248875E+02  -1.6059637E-23
   4.0282249E+02   7.1782887E-24
   4.0315623E+02   3.2351306E-23
   4.0348997E+02   5.6848409E-23
   4.0382371E+02   7.7768811E-23
   4.0415744E+02   9.2224024E-23
   4.0449118E+02   9.7686325E-23
   4.0482492E+02   9.2348444E-23
   4.0515866E+02   7.5451718E-23
   4.0549240E+02   4.7537452E-23
   4.0582614E+02   1.0577534E-23
   4.0615988E+02  -3.2051646E-23
   4.0649361E+02  -7.5774179E-23
   4.0682735E+02  -1.1520239E-22
   4.0716109E+02  -1.4468849E-22
   4.0749483E+02  -1.5899765E-22
   4.0782857E+02  -1.5403827E-22
   4.0816231E+02  -1.2756545E-22
   4.0849605E+02  -7.9765525E-23
   4.0882978E+02  -1.3626313E-23
   4.0916352E+02   6.4988419E-23
   4.0949726E+02   1.4762034E-22
   4.0983100E+02   2.2387698E-22
   4.1016474E+02   2.8245080E-22
   4.1049848E+02   3.1242754E-22
   4.1083222E+02   3.0476476E-22
   4.1116595E+02   2.5378072E-22
   4.1149969E+02   1.5846413E-22
   4.1183343E+02   2.3407453E-23
   4.1216717E+02  -1.4082104E-22
   4.1250091E+02  -3.1800806E-22
   4.1283465E+02  -4.8740679E-22
   4.1316839E+02  -6.2561865E-22
   4.1350213E+02  -7.0913481E-22
   4.1383586E+02  -7.1732377E-22
   4.1416960E+02  -6.3555744E-22
   4.1450334E+02  -4.5810034E-22
   4.1483708E+02  -1.9035113E-22
   4.1517082E+02   1.4995603E-22
   4.1550456E+02   5.3291894E-22
   4.1583830E+02   9.1820794E-22
   4.1617203E+02   1.2584188E-21
   4.1650577E+02   1.5038749E-21
   4.1683951E+02   1.6085054E-21
   4.1717325E+02   1.5362250E-21
   4.1750699E+02   1.2670882E-21
   4.1784073E+02   8.0239059E-22
   4.1817447E+02   1.6790726E-22
   4.1850820E+02  -5.8545071E-22
   4.1884194E+02  -1.3840540E-21
   4.1917568E+02  -2.1372301E-21
   4.1950942E+02  -2.7459912E-21
   4.1984316E+02  -3.1141839E-21
   4.2017690E+02  -3.1610202E-21
   4.2051064E+02  -2.8336114E-21
   4.2084437E+02  -2.1178952E-21
   4.2117811E+02  -1.0463134E-21
   4.2151185E+02   2.9926035E-22
   4.2184559E+02   1.7904567E-21
   4.2217933E+02   3.2617545E-21
   4.2251307E+02   4.5260258E-21
   4.2284681E+02   5.3952504E-21
   4.2318054E+02   5.7045218E-21
   4.2351428E+02   5.3367395E-21
   4.2384802E+02   4.2448995E-21
   4.2418176E+02   2.4686733E-21
   4.2451550E+02   1.4221357E-22
   4.2484924E+02  -2.5092128E-21
   4.2518298E+02  -5.1851082E-21
   4.2551671E+02  -7.5380178E-21
   4.2585045E+02  -9.2124357E-21
   4.2618419E+02  -9.8908377E-21
   4.2651793E+02  -9.3418628E-21
   4.2685167E+02  -7.4645312E-21
   4.2718541E+02  -4.3218939E-21
   4.2751915E+02  -1.5787457E-22
   4.2785288E+02   4.6077098E-21
   4.2818662E+02   9.4088685E-21
   4.2852036E+02   1.3587909E-20
   4.2885410E+02   1.6471286E-20
   4.2918784E+02   1.7460002E-20
   4.2952158E+02   1.6124598E-20
   4.2985532E+02   1.2292317E-20
   4.3018905E+02   6.1132589E-21
   4.3052279E+02  -1.9072786E-21
   4.3085653E+02  -1.0920363E-20
   4.3119027E+02  -1.9794742E-20
   4.3152401E+02  -2.7227832E-20
   4.3185775E+02  -3.1899377E-20
   4.3219149E+02  -3.2653766E-20
   4.3252522E+02  -2.8690598E-20
   4.3285896E+02  -1.9738450E-20
   4.3319270E+02  -6.1851275E-21
   4.3352644E+02   1.0861069E-20
   4.3386018E+02   2.9599078E-20
   4.3419392E+02   4.7662922E-20
   4.3452766E+02   6.2349172E-20
   4.3486140E+02   7.0929368E-20
   4.3519513E+02   7.1019369E-20
   4.3552887E+02   6.0964982E-20
   4.3586261E+02   4.0194496E-20
   4.3619635E+02   9.4859804E-21
   4.3653009E+02  -2.8900556E-20
   4.3686383E+02  -7.1264763E-20
   4.3719757E+02  -1.1270344E-19
   4.3753130E+02  -1.4754312E-19
   4.3786504E+02  -1.6994159E-19
   4.3819878E+02  -1.7460537E-19
   4.3853252E+02  -1.5754852E-19
   4.3886626E+02  -1.1680055E-19
   4.3920000E+02  -5.2966575E-20
   4.3953374E+02   3.0453834E-20
   4.3986747E+02   1.2706234E-19
   4.4020121E+02   2.2791708E-19
   4.4053495E+02   3.2225183E-19
   4.4086869E+02   3.9851908E-19
   4.4120243E+02   4.4567033E-19
   4.4153617E+02   4.5454841E-19
   4.4186991E+02   4.1923659E-19
   4.4220364E+02   3.3819496E-19
   4.4253738E+02   2.1502410E-19
   4.4287112E+02   5.8719729E-20
   4.4320486E+02  -1.1666866E-19
   4.4353860E+02  -2.9300270E-19
   4.4387234E+02  -4.4959691E-19
   4.4420608E+02  -5.6522084E-19
   4.4453981E+02  -6.2037734E-19
   4.4487355E+02  -5.9962509E-19
   4.4520729E+02  -4.9368284E-19
   4.4554103E+02  -3.0105993E-19
   4.4587477E+02  -2.8981068E-20
   4.4620851E+02   3.0655939E-19
   4.4654225E+02   6.8170043E-19
   4.4687598E+02   1.0665539E-18
   4.4720972E+02   1.4278548E-18
   4.4754346E+02   1.7321931E-18
   4.4787720E+02   1.9495051E-18
   4.4821094E+02   2.0564535E-18
   4.4854468E+02   2.0392988E-18
   4.4887842E+02   1.8958862E-18
   4.4921215E+02   1.6364392E-18
   4.4954589E+02   1.2829518E-18
   4.4987963E+02   8.6708799E-19
   4.5021337E+02   4.2666576E-19
   4.5054711E+02   9.2168600E-22
   4.5088085E+02  -3.7508598E-19
   4.5121459E+02  -6.7649188E-19
   4.5154832E+02  -8.9453111E-19
   4.5188206E+02  -1.0418314E-18
   4.5221580E+02  -1.1566110E-18
   4.5254954E+02  -1.3054382E-18
   4.5288328E+02  -1.5843644E-18
   4.5321702E+02  -2.1184331E-18
   4.5355076E+02  -3.0598250E-18
   4.5388450E+02  -4.5850415E-18
   4.5421823E+02  -6.8917508E-18
   4.5455197E+02  -1.0196013E-17
   4.5488571E+02  -1.4730616E-17
   4.5521945E+02  -2.0745276E-17
   4.5555319E+02  -2.8509273E-17
   4.5588693E+02  -3.8317047E-17
   4.5622067E+02  -5.0496885E-17
   4.5655440E+02  -6.5422899E-17
   4.5688814E+02  -8.3529903E-17
   4.5722188E+02  -1.0533103E-16
   4.5755562E+02  -1.3143696E-16
   4.5788936E+02  -1.6257672E-16
   4.5822310E+02  -1.9961902E-16
   4.5855684E+02  -2.4359233E-16
   4.5889057E+02  -2.9570513E-16
   4.5922431E+02  -3.5736368E-16
   4.5955805E+02  -4.3018829E-16
   4.5989179E+02  -5.1602618E-16
   4.6022553E+02  -6.1696286E-16
   4.6055927E+02  -7.3533095E-16
   4.6089301E+02  -8.7371126E-16
   4.6122674E+02  -1.0349324E-15
   4.6156048E+02  -1.2220557E-15
   4.6189422E+02  -1.4383509E-15
   4.6222796E+02  -1.6872495E-15
   4.6256170E+02  -1.9722724E-15
   4.6289544E+02  -2.2969253E-15
   4.6322918E+02  -2.6645486E-15
   4.6356291E+02  -3.0781228E-15
   4.6389665E+02  -3.5400031E-15
   4.6423039E+02  -4.0516017E-15
   4.6456413E+02  -4.6129630E-15
   4.6489787E+02  -5.2222470E-15
   4.6523161E+02  -5.8750663E-15
   4.6556535E+02  -6.5636736E-15
   4.6589908E+02  -7.2759131E-15
   4.6623282E+02  -7.9939463E-15
   4.6656656E+02  -8.6926536E-15
   4.6690030E+02  -9.3376734E-15
   4.6723404E+02  -9.8829924E-15
   4.6756778E+02  -1.0267990E-14
   4.6790152E+02  -1.0413848E-14
   4.6823525E+02  -1.0219147E-14
   4.6856899E+02  -9.5544910E-15
   4.6890273E+02  -8.2560157E-15
   4.6923647E+02  -6.1175108E-15
   4.6957021E+02  -2.8809522E-15
   4.6990395E+02   1.7748830E-15
   4.7023769E+02   8.2480579E-15
   4.7057142E+02   1.7029713E-14
   4.7090516E+02   2.8723063E-14
   4.7123890E+02   4.4066496E-14
   4.7157264E+02   6.3959824E-14
   4.7190638E+02   8.9495983E-14
   4.7224012E+02   1.2199814E-13
   4.7257386E+02   1.6306235E-13
   4.7290760E+02   2.1460908E-13
   4.7324133E+02   2.7894245E-13
   4.7357507E+02   3.5881923E-13
   4.7390881E+02   4.5753071E-13
   4.7424255E+02   5.7899676E-13
   4.7457629E+02   7.2787317E-13
   4.7491003E+02   9.0968184E-13
   4.7524377E+02   1.1309547E-12
   4.7557750E+02   1.3994042E-12
   4.7591124E+02   1.7241211E-12
   4.7624498E+02   2.1157945E-12
   4.7657872E+02   2.5869788E-12
   4.7691246E+02   3.1523833E-12
   4.7724620E+02   3.8292182E-12
   4.7757994E+02   4.6375716E-12
   4.7791367E+02   5.6008653E-12
   4.7824741E+02   6.7463517E-12
   4.7858115E+02   8.1056811E-12
   4.7891489E+02   9.7155478E-12
   4.7924863E+02   1.1618441E-11
   4.7958237E+02   1.3863438E-11
   4.7991611E+02   1.6507191E-11
   4.8024984E+02   1.9614919E-11
   4.8058358E+02   2.3261646E-11
   4.8091732E+02   2.7533493E-11
   4.8125106E+02   3.2529195E-11
   4.8158480E+02   3.8361717E-11
   4.8191854E+02   4.5160126E-11
   4.8225228E+02   5.3071710E-11
   4.8258601E+02   6.2264173E-11
   4.8291975E+02   7.2928226E-11
   4.8325349E+02   8.5280311E-11
   4.8358723E+02   9.9565772E-11
   4.8392097E+02   1.1606228E-10
   4.8425471E+02   1.3508346E-10
   4.8458845E+02   1.5698295E-10
   4.8492218E+02   1.8215915E-10
   4.8525592E+02   2.1105974E-10
   4.8558966E+02   2.4418725E-10
   4.8592340E+02   2.8210489E-10
   4.8625714E+02   3.2544231E-10
   4.8659088E+02   3.7490286E-10
   4.8692462E+02   4.3127052E-10
   4.8725835E+02   4.9541798E-10
   4.8759209E+02   5.6831390E-10
   4.8792583E+02   6.5103306E-10
   4.8825957E+02   7.4476503E-10
   4.8859331E+02   8.5082447E-10
   4.8892705E+02   9.7066111E-10
   4.8926079E+02   1.1058704E-09
   4.8959452E+02   1.2582064E-09
   4.8992826E+02   1.4295931E-09
   4.9026200E+02   1.6221348E-09
   4.9059574E+02   1.8381341E-09
   4.9092948E+02   2.0800950E-09
   4.9126322E+02   2.3507500E-09
   4.9159696E+02   2.6530602E-09
   4.9193069E+02   2.9902378E-09
   4.9226443E+02   3.3657530E-09
   4.9259817E+02   3.7833514E-09
   4.9293191E+02   4.2470618E-09
   4.9326565E+02   4.7612163E-09
   4.9359939E+02   5.3304503E-09
   4.9393313E+02   5.9597225E-09
   4.9426687E+02   6.6543153E-09
   4.9460060E+02   7.4198523E-09
   4.9493434E+02   8.2622869E-09
   4.9526808E+02   9.1879171E-09
   4.9560182E+02   1.0203392E-08
   4.9593556E+02   1.1315700E-08
   4.9626930E+02   1.2532157E-08
   4.9660304E+02   1.3860403E-08
   4.9693677E+02   1.5308398E-08
   4.9727051E+02   1.6884403E-08
   4.9760425E+02   1.8596944E-08
   4.9793799E+02   2.0454783E-08
   4.9827173E+02   2.2466924E-08
   4.9860547E+02   2.4642512E-08
   4.9893921E+02   2.6990840E-08
   4.9927294E+02   2.9521249E-08
   4.9960668E+02   3.2243133E-08
   4.9994042E+02   3.5165812E-08
   5.0027416E+02   3.8298495E-08
   5.0060790E+02   4.1650161E-08
   5.0094164E+02   4.5229505E-08
   5.0127538E+02   4.9044843E-08
   5.0160911E+02   5.3103964E-08
   5.0194285E+02   5.7414077E-08
   5.0227659E+02   6.1981602E-08
   5.0261033E+02   6.6812113E-08
   5.0294407E+02   7.1910222E-08
   5.0327781E+02   7.7279303E-08
   5.0361155E+02   8.2921474E-08
   5.0394528E+02   8.8837403E-08
   5.0427902E+02   9.5026174E-08
   5.0461276E+02   1.0148499E-07
   5.0494650E+02   1.0820916E-07
   5.0528024E+02   1.1519184E-07
   5.0561398E+02   1.2242390E-07
   5.0594772E+02   1.2989373E-07
   5.0628145E+02   1.3758716E-07
   5.0661519E+02   1.4548712E-07
   5.0694893E+02   1.5357355E-07
   5.0728267E+02   1.6182342E-07
   5.0761641E+02   1.7021038E-07
   5.0795015E+02   1.7870468E-07
   5.0828389E+02   1.8727307E-07
   5.0861762E+02   1.9587877E-07
   5.0895136E+02   2.0448130E-07
   5.0928510E+02   2.1303654E-07
   5.0961884E+02   2.2149638E-07
   5.0995258E+02   2.2980916E-07
   5.1028632E+02   2.3791938E-07
   5.1062006E+02   2.4576778E-07
   5.1095379E+02   2.5329157E-07
   5.1128753E+02   2.6042443E-07
   5.1162127E+02   2.6709654E-07
   5.1195501E+02   2.7323500E-07
   5.1228875E+02   2.7876388E-07
   5.1262249E+02   2.8360463E-07
   5.1295623E+02   2.8767590E-07
   5.1328997E+02   2.9089455E-07
   5.1362370E+02   2.9317607E-07
   5.1395744E+02   2.9443385E-07
   5.1429118E+02   2.9458090E-07
   5.1462492E+02   2.9352981E-07
   5.1495866E+02   2.9119315E-07
   5.1529240E+02   2.8748423E-07
   5.1562614E+02   2.8231793E-07
   5.1595987E+02   2.7561066E-07
   5.1629361E+02   2.6728137E-07
   5.1662735E+02   2.5725248E-07
   5.1696109E+02   2.4544994E-07
   5.1729483E+02   2.3180451E-07
   5.1762857E+02   2.1625237E-07
   5.1796231E+02   1.9873512E-07
   5.1829604E+02   1.7920154E-07
   5.1862978E+02   1.5760766E-07
   5.1896352E+02   1.3391735E-07
   5.1929726E+02   1.0810341E-07
   5.1963100E+02   8.0147984E-08
   5.1996474E+02   5.0043081E-08
   5.2029848E+02   1.7791219E-08
   5.2063221E+02  -1.6593866E-08
   5.2096595E+02  -5.3087000E-08
   5.2129969E+02  -9.1651067E-08
   5.2163343E+02  -1.3223665E-07
   5.2196717E+02  -1.7478166E-07
   5.2230091E+02  -2.1921122E-07
   5.2263465E+02  -2.6543756E-07
   5.2296838E+02  -3.1335983E-07
   5.2330212E+02  -3.6286400E-07
   5.2363586E+02  -4.1382339E-07
   5.2396960E+02  -4.6609830E-07
   5.2430334E+02  -5.1953708E-07
   5.2463708E+02  -5.7397574E-07
   5.2497082E+02  -6.2923868E-07
   5.2530455E+02  -6.8513918E-07
   5.2563829E+02  -7.4148079E-07
   5.2597203E+02  -7.9805687E-07
   5.2630577E+02  -8.5465263E-07
   5.2663951E+02  -9.1104482E-07
   5.2697325E+02  -9.6700387E-07
   5.2730699E+02  -1.0222944E-06
   5.2764072E+02  -1.0766763E-06
   5.2797446E+02  -1.1299064E-06
   5.2830820E+02  -1.1817397E-06
   5.2864194E+02  -1.2319296E-06
   5.2897568E+02  -1.2802307E-06
   5.2930942E+02  -1.3263999E-06
   5.2964316E+02  -1.3701969E-06
   5.2997689E+02  -1.4113865E-06
   5.3031063E+02  -1.4497409E-06
   5.3064437E+02  -1.4850380E-06
   5.3097811E+02  -1.5170656E-06
   5.3131185E+02  -1.5456231E-06
   5.3164559E+02  -1.5705210E-06
   5.3197933E+02  -1.5915829E-06
   5.3231306E+02  -1.6086472E-06
   5.3264680E+02  -1.6215669E-06
   5.3298054E+02  -1.6302130E-06
   5.3331428E+02  -1.6344732E-06
   5.3364802E+02  -1.6342542E-06
   5.3398176E+02  -1.6294825E-06
   5.3431550E+02  -1.6201044E-06
   5.3464924E+02  -1.6060864E-06
   5.3498297E+02  -1.5874169E-06
   5.3531671E+02  -1.5641051E-06
   5.3565045E+02  -1.5361832E-06
   5.3598419E+02  -1.5037035E-06
   5.3631793E+02  -1.4667421E-06
   5.3665167E+02  -1.4253947E-06
   5.3698541E+02  -1.3797791E-06
   5.3731914E+02  -1.3300340E-06
   5.3765288E+02  -1.2763184E-06
   5.3798662E+02  -1.2188100E-06
   5.3832036E+02  -1.1577064E-06
   5.3865410E+02  -1.0932218E-06
   5.3898784E+02  -1.0255879E-06
   5.3932158E+02  -9.5505129E-07
   5.3965531E+02  -8.8187272E-07
   5.3998905E+02  -8.0632628E-07
   5.4032279E+02  -7.2869665E-07
   5.4065653E+02  -6.4927895E-07
   5.4099027E+02  -5.6837609E-07
   5.4132401E+02  -4.8629857E-07
   5.4165775E+02  -4.0336073E-07
   5.4199148E+02  -3.1988083E-07
   5.4232522E+02  -2.3617882E-07
   5.4265896E+02  -1.5257399E-07
   5.4299270E+02  -6.9384370E-08
   5.4332644E+02   1.3075791E-08
   5.4366018E+02   9.4497381E-08
   5.4399392E+02   1.7457809E-07
   5.4432765E+02   2.5302404E-07
   5.4466139E+02   3.2955131E-07
   5.4499513E+02   4.0388676E-07
   5.4532887E+02   4.7577072E-07
   5.4566261E+02   5.4495661E-07
   5.4599635E+02   6.1121375E-07
   5.4633009E+02   6.7432700E-07
   5.4666382E+02   7.3409859E-07
   5.4699756E+02   7.9034896E-07
   5.4733130E+02   8.4291685E-07
   5.4766504E+02   8.9166048E-07
   5.4799878E+02   9.3645849E-07
   5.4833252E+02   9.7720851E-07
   5.4866626E+02   1.0138295E-06
   5.4899999E+02   1.0462610E-06
   5.4933373E+02   1.0744626E-06
   5.4966747E+02   1.0984144E-06
   5.5000121E+02   1.1181166E-06
   5.5033495E+02   1.1335899E-06
   5.5066869E+02   1.1448728E-06
   5.5100243E+02   1.1520241E-06
   5.5133616E+02   1.1551199E-06
   5.5166990E+02   1.1542529E-06
   5.5200364E+02   1.1495334E-06
   5.5233738E+02   1.1410866E-06
   5.5267112E+02   1.1290517E-06
   5.5300486E+02   1.1135818E-06
   5.5333860E+02   1.0948420E-06
   5.5367234E+02   1.0730090E-06
   5.5400607E+02   1.0482681E-06
   5.5433981E+02   1.0208144E-06
   5.5467355E+02   9.9084912E-07
   5.5500729E+02   9.5857990E-07
   5.5534103E+02   9.2422005E-07
   5.5567477E+02   8.8798487E-07
   5.5600851E+02   8.5009214E-07
   5.5634224E+02   8.1076149E-07
   5.5667598E+02   7.7021127E-07
   5.5700972E+02   7.2865856E-07
   5.5734346E+02   6.8631823E-07
   5.5767720E+02   6.4340105E-07
   5.5801094E+02   6.0011274E-07
   5.5834468E+02   5.5665373E-07
   5.5867841E+02   5.1321734E-07
   5.5901215E+02   4.6998997E-07
   5.5934589E+02   4.2714879E-07
   5.5967963E+02   3.8486257E-07
   5.6001337E+02   3.4329008E-07
   5.6034711E+02   3.0258028E-07
   5.6068085E+02   2.6287066E-07
   5.6101458E+02   2.2428851E-07
   5.6134832E+02   1.8694917E-07
   5.6168206E+02   1.5095623E-07
   5.6201580E+02   1.1640182E-07
   5.6234954E+02   8.3365897E-08
   5.6268328E+02   5.1916473E-08
   5.6301702E+02   2.2109809E-08
   5.6335075E+02  -6.0095431E-09
   5.6368449E+02  -3.2408654E-08
   5.6401823E+02  -5.7065854E-08
   5.6435197E+02  -7.9970164E-08
   5.6468571E+02  -1.0112122E-07
   5.6501945E+02  -1.2052865E-07
   5.6535319E+02  -1.3821160E-07
   5.6568692E+02  -1.5419832E-07
   5.6602066E+02  -1.6852539E-07
   5.6635440E+02  -1.8123724E-07
   5.6668814E+02  -1.9238561E-07
   5.6702188E+02  -2.0202862E-07
   5.6735562E+02  -2.1023044E-07
   5.6768936E+02  -2.1706012E-07
   5.6802309E+02  -2.2259138E-07
   5.6835683E+02  -2.2690156E-07
   5.6869057E+02  -2.3007098E-07
   5.6902431E+02  -2.3218232E-07
   5.6935805E+02  -2.3331987E-07
   5.6969179E+02  -2.3356880E-07
   5.7002553E+02  -2.3301473E-07
   5.7035926E+02  -2.3174280E-07
   5.7069300E+02  -2.2983738E-07
   5.7102674E+02  -2.2738131E-07
   5.7136048E+02  -2.2445518E-07
   5.7169422E+02  -2.2113733E-07
   5.7202796E+02  -2.1750284E-07
   5.7236170E+02  -2.1362339E-07
   5.7269543E+02  -2.0956695E-07
   5.7302917E+02  -2.0539696E-07
   5.7336291E+02  -2.0117270E-07
   5.7369665E+02  -1.9694860E-07
   5.7403039E+02  -1.9277422E-07
   5.7436413E+02  -1.8869414E-07
   5.7469787E+02  -1.8474768E-07
   5.7503161E+02  -1.8096907E-07
   5.7536534E+02  -1.7738731E-07
   5.7569908E+02  -1.7402610E-07
   5.7603282E+02  -1.7090420E-07
   5.7636656E+02  -1.6803519E-07
   5.7670030E+02  -1.6542782E-07
   5.7703404E+02  -1.6308611E-07
   5.7736778E+02  -1.6100954E-07
   5.7770151E+02  -1.5919339E-07
   5.7803525E+02  -1.5762895E-07
   5.7836899E+02  -1.5630380E-07
   5.7870273E+02  -1.5520214E-07
   5.7903647E+02  -1.5430535E-07
   5.7937021E+02  -1.5359191E-07
   5.7970395E+02  -1.5303814E-07
   5.8003768E+02  -1.5261838E-07
   5.8037142E+02  -1.5230533E-07
   5.8070516E+02  -1.5207053E-07
   5.8103890E+02  -1.5188462E-07
   5.8137264E+02  -1.5171767E-07
   5.8170638E+02  -1.5153978E-07
   5.8204012E+02  -1.5132110E-07
   5.8237385E+02  -1.5103237E-07
   5.8270759E+02  -1.5064514E-07
   5.8304133E+02  -1.5013215E-07
   5.8337507E+02  -1.4946767E-07
   5.8370881E+02  -1.4862741E-07
   5.8404255E+02  -1.4758919E-07
   5.8437629E+02  -1.4633284E-07
   5.8471002E+02  -1.4484047E-07
   5.8504376E+02  -1.4309663E-07
   5.8537750E+02  -1.4108835E-07
   5.8571124E+02  -1.3880535E-07
   5.8604498E+02  -1.3624009E-07
   5.8637872E+02  -1.3338786E-07
   5.8671246E+02  -1.3024675E-07
   5.8704619E+02  -1.2681762E-07
   5.8737993E+02  -1.2310433E-07
   5.8771367E+02  -1.1911341E-07
   5.8804741E+02  -1.1485414E-07
   5.8838115E+02  -1.1033839E-07
   5.8871489E+02  -1.0558055E-07
   5.8904863E+02  -1.0059743E-07
   5.8938236E+02  -9.5407948E-08
   5.8971610E+02  -9.0033197E-08
   5.9004984E+02  -8.4496165E-08
   5.9038358E+02  -7.8821536E-08
   5.9071732E+02  -7.3035629E-08
   5.9105106E+02  -6.7166127E-08
   5.9138480E+02  -6.1242005E-08
   5.9171853E+02  -5.5293079E-08
   5.9205227E+02  -4.9350078E-08
   5.9238601E+02  -4.3444174E-08
   5.9271975E+02  -3.7607023E-08
   5.9305349E+02  -3.1870258E-08
   5.9338723E+02  -2.6265454E-08
   5.9372097E+02  -2.0823975E-08
   5.9405471E+02  -1.5576461E-08
   5.9438844E+02  -1.0553151E-08
   5.9472218E+02  -5.7831642E-09
   5.9505592E+02  -1.2947652E-09
   5.9538966E+02   2.8851161E-09
   5.9572340E+02   6.7307298E-09
   5.9605714E+02   1.0217917E-08
   5.9639088E+02   1.3324296E-08
   5.9672461E+02   1.6029190E-08
   5.9705835E+02   1.8313813E-08
   5.9739209E+02   2.0161707E-08
   5.9772583E+02   2.1558236E-08
   5.9805957E+02   2.2491250E-08
   5.9839331E+02   2.2950942E-08
   5.9872705E+02   2.2929896E-08
   5.9906078E+02   2.2423080E-08
   5.9939452E+02   2.1427937E-08
   5.9972826E+02   1.9944352E-08
   6.0006200E+02   1.7974955E-08
   6.0039574E+02   1.5524606E-08
   6.0072948E+02   1.2600950E-08
   6.0106322E+02   9.2139629E-09
   6.0139695E+02   5.3762648E-09
   6.0173069E+02   1.1029897E-09
   6.0206443E+02  -3.5883261E-09
   6.0239817E+02  -8.6779011E-09
   6.0273191E+02  -1.4143495E-08
   6.0306565E+02  -1.9960879E-08
   6.0339939E+02  -2.6103635E-08
   6.0373312E+02  -3.2543376E-08
   6.0406686E+02  -3.9249997E-08
   6.0440060E+02  -4.6191566E-08
   6.0473434E+02  -5.3334560E-08
   6.0506808E+02  -6.0644048E-08
   6.0540182E+02  -6.8083764E-08
   6.0573556E+02  -7.5616185E-08
   6.0606929E+02  -8.3202920E-08
   6.0640303E+02  -9.0804647E-08
   6.0673677E+02  -9.8381364E-08
   6.0707051E+02  -1.0589264E-07
   6.0740425E+02  -1.1329779E-07
   6.0773799E+02  -1.2055602E-07
   6.0807173E+02  -1.2762659E-07
   6.0840546E+02  -1.3446899E-07
   6.0873920E+02  -1.4104333E-07
   6.0907294E+02  -1.4731010E-07
   6.0940668E+02  -1.5323076E-07
   6.0974042E+02  -1.5876770E-07
   6.1007416E+02  -1.6388432E-07
   6.1040790E+02  -1.6854563E-07
   6.1074163E+02  -1.7271790E-07
   6.1107537E+02  -1.7636916E-07
   6.1140911E+02  -1.7946924E-07
   6.1174285E+02  -1.8199023E-07
   6.1207659E+02  -1.8390604E-07
   6.1241033E+02  -1.8519296E-07
   6.1274407E+02  -1.8582996E-07
   6.1307781E+02  -1.8579797E-07
   6.1341154E+02  -1.8508109E-07
   6.1374528E+02  -1.8366579E-07
   6.1407902E+02  -1.8154134E-07
   6.1441276E+02  -1.7869989E-07
   6.1474650E+02  -1.7513662E-07
   6.1508024E+02  -1.7084936E-07
   6.1541398E+02  -1.6583942E-07
   6.1574771E+02  -1.6011062E-07
   6.1608145E+02  -1.5367033E-07
   6.1641519E+02  -1.4652868E-07
   6.1674893E+02  -1.3869894E-07
   6.1708267E+02  -1.3019714E-07
   6.1741641E+02  -1.2104249E-07
   6.1775015E+02  -1.1125694E-07
   6.1808388E+02  -1.0086517E-07
   6.1841762E+02  -8.9894627E-08
   6.1875136E+02  -7.8375372E-08
   6.1908510E+02  -6.6339922E-08
   6.1941884E+02  -5.3823165E-08
   6.1975258E+02  -4.0862265E-08
   6.2008632E+02  -2.7496537E-08
   6.2042005E+02  -1.3767298E-08
   6.2075379E+02   2.8245672E-10
   6.2108753E+02   1.4607965E-08
   6.2142127E+02   2.9163083E-08
   6.2175501E+02   4.3900275E-08
   6.2208875E+02   5.8771008E-08
   6.2242249E+02   7.3725630E-08
   6.2275622E+02   8.8713833E-08
   6.2308996E+02   1.0368458E-07
   6.2342370E+02   1.1858646E-07
   6.2375744E+02   1.3336762E-07
   6.2409118E+02   1.4797612E-07
   6.2442492E+02   1.6236001E-07
   6.2475866E+02   1.7646732E-07
   6.2509239E+02   1.9024642E-07
   6.2542613E+02   2.0364610E-07
   6.2575987E+02   2.1661540E-07
   6.2609361E+02   2.2910413E-07
   6.2642735E+02   2.4106271E-07
   6.2676109E+02   2.5244231E-07
   6.2709483E+02   2.6319481E-07
   6.2742856E+02   2.7327303E-07
   6.2776230E+02   2.8263071E-07
   6.2809604E+02   2.9122225E-07
   6.2842978E+02   2.9900332E-07
   6.2876352E+02   3.0593020E-07
   6.2909726E+02   3.1196032E-07
   6.2943100E+02   3.1705218E-07
   6.2976473E+02   3.2116480E-07
   6.3009847E+02   3.2425882E-07
   6.3043221E+02   3.2629544E-07
   6.3076595E+02   3.2723693E-07
   6.3109969E+02   3.2704662E-07
   6.3143343E+02   3.2568900E-07
   6.3176717E+02   3.2312943E-07
   6.3210090E+02   3.1933436E-07
   6.3243464E+02   3.1427163E-07
   6.3276838E+02   3.0791011E-07
   6.3310212E+02   3.0022008E-07
   6.3343586E+02   2.9117331E-07
   6.3376960E+02   2.8074282E-07
   6.3410334E+02   2.6890393E-07
   6.3443708E+02   2.5563341E-07
   6.3477081E+02   2.4091008E-07
   6.3510455E+02   2.2471546E-07
   6.3543829E+02   2.0703294E-07
   6.3577203E+02   1.8784954E-07
   6.3610577E+02   1.6715475E-07
   6.3643951E+02   1.4494162E-07
   6.3677325E+02   1.2120650E-07
   6.3710698E+02   9.5950298E-08
   6.3744072E+02   6.9177702E-08
   6.3777446E+02   4.0898211E-08
   6.3810820E+02   1.1126009E-08
   6.3844194E+02  -2.0119096E-08
   6.3877568E+02  -5.2811739E-08
   6.3910942E+02  -8.6921091E-08
   6.3944315E+02  -1.2240933E-07
   6.3977689E+02  -1.5923266E-07
   6.4011063E+02  -1.9734065E-07
   6.4044437E+02  -2.3667506E-07
   6.4077811E+02  -2.7717147E-07
   6.4111185E+02  -3.1875746E-07
   6.4144559E+02  -3.6135339E-07
   6.4177932E+02  -4.0487208E-07
   6.4211306E+02  -4.4921873E-07
   6.4244680E+02  -4.9429093E-07
   6.4278054E+02  -5.3997917E-07
   6.4311428E+02  -5.8616604E-07
   6.4344802E+02  -6.3272739E-07
   6.4378176E+02  -6.7953232E-07
   6.4411549E+02  -7.2644303E-07
   6.4444923E+02  -7.7331612E-07
   6.4478297E+02  -8.2000201E-07
   6.4511671E+02  -8.6634623E-07
   6.4545045E+02  -9.1218999E-07
   6.4578419E+02  -9.5737016E-07
   6.4611793E+02  -1.0017208E-06
   6.4645166E+02  -1.0450732E-06
   6.4678540E+02  -1.0872575E-06
   6.4711914E+02  -1.1281024E-06
   6.4745288E+02  -1.1674369E-06
   6.4778662E+02  -1.2050914E-06
   6.4812036E+02  -1.2408980E-06
   6.4845410E+02  -1.2746913E-06
   6.4878783E+02  -1.3063107E-06
   6.4912157E+02  -1.3355999E-06
   6.4945531E+02  -1.3624089E-06
   6.4978905E+02  -1.3865941E-06
   6.5012279E+02  -1.4080206E-06
   6.5045653E+02  -1.4265613E-06
   6.5079027E+02  -1.4420993E-06
   6.5112400E+02  -1.4545280E-06
   6.5145774E+02  -1.4637521E-06
   6.5179148E+02  -1.4696893E-06
   6.5212522E+02  -1.4722684E-06
   6.5245896E+02  -1.4714334E-06
   6.5279270E+02  -1.4671404E-06
   6.5312644E+02  -1.4593617E-06
   6.5346018E+02  -1.4480828E-06
   6.5379391E+02  -1.4333060E-06
   6.5412765E+02  -1.4150480E-06
   6.5446139E+02  -1.3933408E-06
   6.5479513E+02  -1.3682321E-06
   6.5512887E+02  -1.3397848E-06
   6.5546261E+02  -1.3080768E-06
   6.5579635E+02  -1.2732017E-06
   6.5613008E+02  -1.2352664E-06
   6.5646382E+02  -1.1943930E-06
   6.5679756E+02  -1.1507161E-06
   6.5713130E+02  -1.1043840E-06
   6.5746504E+02  -1.0555560E-06
   6.5779878E+02  -1.0044035E-06
   6.5813252E+02  -9.5110806E-07
   6.5846625E+02  -8.9586064E-07
   6.5879999E+02  -8.3886067E-07
   6.5913373E+02  -7.8031496E-07
   6.5946747E+02  -7.2043667E-07
   6.5980121E+02  -6.5944397E-07
   6.6013495E+02  -5.9755882E-07
