  -7.8094826E+01   0.0000000E+00
  -7.7761087E+01   0.0000000E+00
  -7.7427349E+01   0.0000000E+00
  -7.7093610E+01   0.0000000E+00
  -7.6759871E+01   0.0000000E+00
  -7.6426133E+01   0.0000000E+00
  -7.6092394E+01   0.0000000E+00
  -7.5758656E+01   0.0000000E+00
  -7.5424917E+01   0.0000000E+00
  -7.5091178E+01   0.0000000E+00
  -7.4757440E+01   0.0000000E+00
  -7.4423701E+01   0.0000000E+00
  -7.4089963E+01   0.0000000E+00
  -7.3756224E+01   0.0000000E+00
  -7.3422485E+01   0.0000000E+00
  -7.3088747E+01   0.0000000E+00
  -7.2755008E+01   0.0000000E+00
  -7.2421270E+01   0.0000000E+00
  -7.2087531E+01   0.0000000E+00
  -7.1753792E+01   0.0000000E+00
  -7.1420054E+01   0.0000000E+00
  -7.1086315E+01   0.0000000E+00
  -7.0752577E+01   0.0000000E+00
  -7.0418838E+01   0.0000000E+00
  -7.0085099E+01   0.0000000E+00
  -6.9751361E+01   0.0000000E+00
  -6.9417622E+01   0.0000000E+00
  -6.9083884E+01   0.0000000E+00
  -6.8750145E+01   0.0000000E+00
  -6.8416406E+01   0.0000000E+00
  -6.8082668E+01   0.0000000E+00
  -6.7748929E+01   0.0000000E+00
  -6.7415191E+01   0.0000000E+00
  -6.7081452E+01   0.0000000E+00
  -6.6747714E+01   0.0000000E+00
  -6.6413975E+01   0.0000000E+00
  -6.6080236E+01   0.0000000E+00
  -6.5746498E+01   0.0000000E+00
  -6.5412759E+01   0.0000000E+00
  -6.5079021E+01   0.0000000E+00
  -6.4745282E+01   0.0000000E+00
  -6.4411543E+01   0.0000000E+00
  -6.4077805E+01   0.0000000E+00
  -6.3744066E+01   0.0000000E+00
  -6.3410328E+01   0.0000000E+00
  -6.3076589E+01   0.0000000E+00
  -6.2742850E+01   0.0000000E+00
  -6.2409112E+01   0.0000000E+00
  -6.2075373E+01   0.0000000E+00
  -6.1741635E+01   0.0000000E+00
  -6.1407896E+01   0.0000000E+00
  -6.1074157E+01   0.0000000E+00
  -6.0740419E+01   0.0000000E+00
  -6.0406680E+01   0.0000000E+00
  -6.0072942E+01   0.0000000E+00
  -5.9739203E+01   0.0000000E+00
  -5.9405464E+01   0.0000000E+00
  -5.9071726E+01   0.0000000E+00
  -5.8737987E+01   0.0000000E+00
  -5.8404249E+01   0.0000000E+00
  -5.8070510E+01   0.0000000E+00
  -5.7736771E+01   0.0000000E+00
  -5.7403033E+01   0.0000000E+00
  -5.7069294E+01   0.0000000E+00
  -5.6735556E+01   0.0000000E+00
  -5.6401817E+01   0.0000000E+00
  -5.6068078E+01   0.0000000E+00
  -5.5734340E+01   0.0000000E+00
  -5.5400601E+01   0.0000000E+00
  -5.5066863E+01   0.0000000E+00
  -5.4733124E+01   0.0000000E+00
  -5.4399385E+01   0.0000000E+00
  -5.4065647E+01   0.0000000E+00
  -5.3731908E+01   0.0000000E+00
  -5.3398170E+01   0.0000000E+00
  -5.3064431E+01   0.0000000E+00
  -5.2730693E+01   0.0000000E+00
  -5.2396954E+01   0.0000000E+00
  -5.2063215E+01   0.0000000E+00
  -5.1729477E+01   0.0000000E+00
  -5.1395738E+01   0.0000000E+00
  -5.1062000E+01   0.0000000E+00
  -5.0728261E+01   0.0000000E+00
  -5.0394522E+01   0.0000000E+00
  -5.0060784E+01   0.0000000E+00
  -4.9727045E+01   0.0000000E+00
  -4.9393307E+01   0.0000000E+00
  -4.9059568E+01   0.0000000E+00
  -4.8725829E+01   0.0000000E+00
  -4.8392091E+01   0.0000000E+00
  -4.8058352E+01   0.0000000E+00
  -4.7724614E+01   0.0000000E+00
  -4.7390875E+01   0.0000000E+00
  -4.7057136E+01   0.0000000E+00
  -4.6723398E+01   0.0000000E+00
  -4.6389659E+01   0.0000000E+00
  -4.6055921E+01   0.0000000E+00
  -4.5722182E+01   0.0000000E+00
  -4.5388443E+01   0.0000000E+00
  -4.5054705E+01   0.0000000E+00
  -4.4720966E+01   0.0000000E+00
  -4.4387228E+01   0.0000000E+00
  -4.4053489E+01   0.0000000E+00
  -4.3719750E+01   0.0000000E+00
  -4.3386012E+01   0.0000000E+00
  -4.3052273E+01   0.0000000E+00
  -4.2718535E+01   0.0000000E+00
  -4.2384796E+01   0.0000000E+00
  -4.2051057E+01   0.0000000E+00
  -4.1717319E+01   0.0000000E+00
  -4.1383580E+01   0.0000000E+00
  -4.1049842E+01   0.0000000E+00
  -4.0716103E+01   0.0000000E+00
  -4.0382364E+01   0.0000000E+00
  -4.0048626E+01   0.0000000E+00
  -3.9714887E+01   0.0000000E+00
  -3.9381149E+01   0.0000000E+00
  -3.9047410E+01   0.0000000E+00
  -3.8713672E+01   0.0000000E+00
  -3.8379933E+01   0.0000000E+00
  -3.8046194E+01   0.0000000E+00
  -3.7712456E+01   0.0000000E+00
  -3.7378717E+01   0.0000000E+00
  -3.7044979E+01   0.0000000E+00
  -3.6711240E+01   0.0000000E+00
  -3.6377501E+01   0.0000000E+00
  -3.6043763E+01   0.0000000E+00
  -3.5710024E+01   0.0000000E+00
  -3.5376286E+01   0.0000000E+00
  -3.5042547E+01   0.0000000E+00
  -3.4708808E+01   0.0000000E+00
  -3.4375070E+01   0.0000000E+00
  -3.4041331E+01   0.0000000E+00
  -3.3707593E+01   0.0000000E+00
  -3.3373854E+01   0.0000000E+00
  -3.3040115E+01   0.0000000E+00
  -3.2706377E+01   0.0000000E+00
  -3.2372638E+01   0.0000000E+00
  -3.2038900E+01   0.0000000E+00
  -3.1705161E+01   0.0000000E+00
  -3.1371422E+01   0.0000000E+00
  -3.1037684E+01   0.0000000E+00
  -3.0703945E+01   0.0000000E+00
  -3.0370207E+01   0.0000000E+00
  -3.0036468E+01   0.0000000E+00
  -2.9702729E+01   0.0000000E+00
  -2.9368991E+01   0.0000000E+00
  -2.9035252E+01   0.0000000E+00
  -2.8701514E+01   0.0000000E+00
  -2.8367775E+01   0.0000000E+00
  -2.8034036E+01   0.0000000E+00
  -2.7700298E+01   0.0000000E+00
  -2.7366559E+01   0.0000000E+00
  -2.7032821E+01   0.0000000E+00
  -2.6699082E+01   0.0000000E+00
  -2.6365343E+01   0.0000000E+00
  -2.6031605E+01   0.0000000E+00
  -2.5697866E+01   0.0000000E+00
  -2.5364128E+01   0.0000000E+00
  -2.5030389E+01   0.0000000E+00
  -2.4696651E+01   0.0000000E+00
  -2.4362912E+01   0.0000000E+00
  -2.4029173E+01   0.0000000E+00
  -2.3695435E+01   0.0000000E+00
  -2.3361696E+01   0.0000000E+00
  -2.3027958E+01   0.0000000E+00
  -2.2694219E+01   0.0000000E+00
  -2.2360480E+01   0.0000000E+00
  -2.2026742E+01   0.0000000E+00
  -2.1693003E+01   0.0000000E+00
  -2.1359265E+01   0.0000000E+00
  -2.1025526E+01   0.0000000E+00
  -2.0691787E+01   0.0000000E+00
  -2.0358049E+01   0.0000000E+00
  -2.0024310E+01   0.0000000E+00
  -1.9690572E+01   0.0000000E+00
  -1.9356833E+01   0.0000000E+00
  -1.9023094E+01   0.0000000E+00
  -1.8689356E+01   0.0000000E+00
  -1.8355617E+01   0.0000000E+00
  -1.8021879E+01   0.0000000E+00
  -1.7688140E+01   0.0000000E+00
  -1.7354401E+01   0.0000000E+00
  -1.7020663E+01   0.0000000E+00
  -1.6686924E+01   0.0000000E+00
  -1.6353186E+01   0.0000000E+00
  -1.6019447E+01   0.0000000E+00
  -1.5685708E+01   0.0000000E+00
  -1.5351970E+01   0.0000000E+00
  -1.5018231E+01   0.0000000E+00
  -1.4684493E+01   0.0000000E+00
  -1.4350754E+01   0.0000000E+00
  -1.4017015E+01   0.0000000E+00
  -1.3683277E+01   0.0000000E+00
  -1.3349538E+01   0.0000000E+00
  -1.3015800E+01   0.0000000E+00
  -1.2682061E+01   0.0000000E+00
  -1.2348322E+01   0.0000000E+00
  -1.2014584E+01   0.0000000E+00
  -1.1680845E+01   0.0000000E+00
  -1.1347107E+01   0.0000000E+00
  -1.1013368E+01   0.0000000E+00
  -1.0679630E+01   0.0000000E+00
  -1.0345891E+01   0.0000000E+00
  -1.0012152E+01   0.0000000E+00
  -9.6784137E+00   0.0000000E+00
  -9.3446751E+00   0.0000000E+00
  -9.0109365E+00   0.0000000E+00
  -8.6771979E+00   0.0000000E+00
  -8.3434593E+00   0.0000000E+00
  -8.0097207E+00   0.0000000E+00
  -7.6759821E+00   0.0000000E+00
  -7.3422436E+00   0.0000000E+00
  -7.0085050E+00   0.0000000E+00
  -6.6747664E+00   0.0000000E+00
  -6.3410278E+00   0.0000000E+00
  -6.0072892E+00   0.0000000E+00
  -5.6735506E+00   0.0000000E+00
  -5.3398120E+00   0.0000000E+00
  -5.0060734E+00   0.0000000E+00
  -4.6723348E+00   0.0000000E+00
  -4.3385962E+00   0.0000000E+00
  -4.0048576E+00   0.0000000E+00
  -3.6711190E+00   0.0000000E+00
  -3.3373804E+00   0.0000000E+00
  -3.0036418E+00   0.0000000E+00
  -2.6699032E+00   0.0000000E+00
  -2.3361646E+00   0.0000000E+00
  -2.0024260E+00   0.0000000E+00
  -1.6686874E+00   0.0000000E+00
  -1.3349488E+00   0.0000000E+00
  -1.0012102E+00   0.0000000E+00
  -6.6747165E-01   0.0000000E+00
  -3.3373305E-01   0.0000000E+00
   5.5432320E-06   0.0000000E+00
   3.3374414E-01   0.0000000E+00
   6.6748273E-01   0.0000000E+00
   1.0012213E+00   0.0000000E+00
   1.3349599E+00   0.0000000E+00
   1.6686985E+00   0.0000000E+00
   2.0024371E+00   0.0000000E+00
   2.3361757E+00   0.0000000E+00
   2.6699143E+00   0.0000000E+00
   3.0036529E+00   0.0000000E+00
   3.3373915E+00   0.0000000E+00
   3.6711301E+00   0.0000000E+00
   4.0048687E+00   0.0000000E+00
   4.3386073E+00   0.0000000E+00
   4.6723459E+00   0.0000000E+00
   5.0060845E+00   0.0000000E+00
   5.3398231E+00   0.0000000E+00
   5.6735617E+00   0.0000000E+00
   6.0073003E+00   0.0000000E+00
   6.3410389E+00   0.0000000E+00
   6.6747774E+00   0.0000000E+00
   7.0085160E+00   0.0000000E+00
   7.3422546E+00   0.0000000E+00
   7.6759932E+00   0.0000000E+00
   8.0097318E+00   0.0000000E+00
   8.3434704E+00   0.0000000E+00
   8.6772090E+00   0.0000000E+00
   9.0109476E+00   0.0000000E+00
   9.3446862E+00   0.0000000E+00
   9.6784248E+00   0.0000000E+00
   1.0012163E+01   0.0000000E+00
   1.0345902E+01   0.0000000E+00
   1.0679641E+01   0.0000000E+00
   1.1013379E+01   0.0000000E+00
   1.1347118E+01   0.0000000E+00
   1.1680856E+01   0.0000000E+00
   1.2014595E+01   0.0000000E+00
   1.2348334E+01   0.0000000E+00
   1.2682072E+01   0.0000000E+00
   1.3015811E+01   0.0000000E+00
   1.3349549E+01   0.0000000E+00
   1.3683288E+01   0.0000000E+00
   1.4017027E+01   0.0000000E+00
   1.4350765E+01   0.0000000E+00
   1.4684504E+01   0.0000000E+00
   1.5018242E+01   0.0000000E+00
   1.5351981E+01   0.0000000E+00
   1.5685720E+01   0.0000000E+00
   1.6019458E+01   0.0000000E+00
   1.6353197E+01   0.0000000E+00
   1.6686935E+01   0.0000000E+00
   1.7020674E+01   0.0000000E+00
   1.7354412E+01   0.0000000E+00
   1.7688151E+01   0.0000000E+00
   1.8021890E+01   0.0000000E+00
   1.8355628E+01   0.0000000E+00
   1.8689367E+01   0.0000000E+00
   1.9023105E+01   0.0000000E+00
   1.9356844E+01   0.0000000E+00
   1.9690583E+01   0.0000000E+00
   2.0024321E+01   0.0000000E+00
   2.0358060E+01   0.0000000E+00
   2.0691798E+01   0.0000000E+00
   2.1025537E+01   0.0000000E+00
   2.1359276E+01   0.0000000E+00
   2.1693014E+01   0.0000000E+00
   2.2026753E+01   0.0000000E+00
   2.2360491E+01   0.0000000E+00
   2.2694230E+01   0.0000000E+00
   2.3027969E+01   0.0000000E+00
   2.3361707E+01   0.0000000E+00
   2.3695446E+01   0.0000000E+00
   2.4029184E+01   0.0000000E+00
   2.4362923E+01   0.0000000E+00
   2.4696662E+01   0.0000000E+00
   2.5030400E+01   0.0000000E+00
   2.5364139E+01   0.0000000E+00
   2.5697877E+01   0.0000000E+00
   2.6031616E+01   0.0000000E+00
   2.6365355E+01   0.0000000E+00
   2.6699093E+01   0.0000000E+00
   2.7032832E+01   0.0000000E+00
   2.7366570E+01   0.0000000E+00
   2.7700309E+01   0.0000000E+00
   2.8034048E+01   0.0000000E+00
   2.8367786E+01   0.0000000E+00
   2.8701525E+01   0.0000000E+00
   2.9035263E+01   0.0000000E+00
   2.9369002E+01   0.0000000E+00
   2.9702741E+01   0.0000000E+00
   3.0036479E+01   0.0000000E+00
   3.0370218E+01   0.0000000E+00
   3.0703956E+01   0.0000000E+00
   3.1037695E+01   0.0000000E+00
   3.1371433E+01   0.0000000E+00
   3.1705172E+01   0.0000000E+00
   3.2038911E+01   0.0000000E+00
   3.2372649E+01   0.0000000E+00
   3.2706388E+01   0.0000000E+00
   3.3040126E+01   0.0000000E+00
   3.3373865E+01   0.0000000E+00
   3.3707604E+01   0.0000000E+00
   3.4041342E+01   0.0000000E+00
   3.4375081E+01   0.0000000E+00
   3.4708819E+01   0.0000000E+00
   3.5042558E+01   0.0000000E+00
   3.5376297E+01   0.0000000E+00
   3.5710035E+01   0.0000000E+00
   3.6043774E+01   0.0000000E+00
   3.6377512E+01   0.0000000E+00
   3.6711251E+01   0.0000000E+00
   3.7044990E+01   0.0000000E+00
   3.7378728E+01   0.0000000E+00
   3.7712467E+01   0.0000000E+00
   3.8046205E+01   0.0000000E+00
   3.8379944E+01   0.0000000E+00
   3.8713683E+01   0.0000000E+00
   3.9047421E+01   0.0000000E+00
   3.9381160E+01   0.0000000E+00
   3.9714898E+01   0.0000000E+00
   4.0048637E+01   0.0000000E+00
   4.0382376E+01   0.0000000E+00
   4.0716114E+01   0.0000000E+00
   4.1049853E+01   0.0000000E+00
   4.1383591E+01   0.0000000E+00
   4.1717330E+01   0.0000000E+00
   4.2051069E+01   0.0000000E+00
   4.2384807E+01   0.0000000E+00
   4.2718546E+01   0.0000000E+00
   4.3052284E+01   0.0000000E+00
   4.3386023E+01   0.0000000E+00
   4.3719762E+01   0.0000000E+00
   4.4053500E+01   0.0000000E+00
   4.4387239E+01   0.0000000E+00
   4.4720977E+01   0.0000000E+00
   4.5054716E+01   0.0000000E+00
   4.5388454E+01   0.0000000E+00
   4.5722193E+01   0.0000000E+00
   4.6055932E+01   0.0000000E+00
   4.6389670E+01   0.0000000E+00
   4.6723409E+01   0.0000000E+00
   4.7057147E+01   0.0000000E+00
   4.7390886E+01   0.0000000E+00
   4.7724625E+01   0.0000000E+00
   4.8058363E+01   0.0000000E+00
   4.8392102E+01   0.0000000E+00
   4.8725840E+01   0.0000000E+00
   4.9059579E+01   0.0000000E+00
   4.9393318E+01   0.0000000E+00
   4.9727056E+01   0.0000000E+00
   5.0060795E+01   0.0000000E+00
   5.0394533E+01   0.0000000E+00
   5.0728272E+01   0.0000000E+00
   5.1062011E+01   0.0000000E+00
   5.1395749E+01   0.0000000E+00
   5.1729488E+01   0.0000000E+00
   5.2063226E+01   0.0000000E+00
   5.2396965E+01   0.0000000E+00
   5.2730704E+01   0.0000000E+00
   5.3064442E+01   0.0000000E+00
   5.3398181E+01   0.0000000E+00
   5.3731919E+01   0.0000000E+00
   5.4065658E+01   0.0000000E+00
   5.4399397E+01   0.0000000E+00
   5.4733135E+01   0.0000000E+00
   5.5066874E+01   0.0000000E+00
   5.5400612E+01   0.0000000E+00
   5.5734351E+01   0.0000000E+00
   5.6068090E+01   0.0000000E+00
   5.6401828E+01   0.0000000E+00
   5.6735567E+01   0.0000000E+00
   5.7069305E+01   0.0000000E+00
   5.7403044E+01   0.0000000E+00
   5.7736783E+01   0.0000000E+00
   5.8070521E+01   0.0000000E+00
   5.8404260E+01   0.0000000E+00
   5.8737998E+01   0.0000000E+00
   5.9071737E+01   0.0000000E+00
   5.9405475E+01   0.0000000E+00
   5.9739214E+01   0.0000000E+00
   6.0072953E+01   0.0000000E+00
   6.0406691E+01   0.0000000E+00
   6.0740430E+01   0.0000000E+00
   6.1074168E+01   0.0000000E+00
   6.1407907E+01   0.0000000E+00
   6.1741646E+01   0.0000000E+00
   6.2075384E+01   0.0000000E+00
   6.2409123E+01   0.0000000E+00
   6.2742861E+01   0.0000000E+00
   6.3076600E+01   0.0000000E+00
   6.3410339E+01   0.0000000E+00
   6.3744077E+01   0.0000000E+00
   6.4077816E+01   0.0000000E+00
   6.4411554E+01   0.0000000E+00
   6.4745293E+01   0.0000000E+00
   6.5079032E+01   0.0000000E+00
   6.5412770E+01   0.0000000E+00
   6.5746509E+01   0.0000000E+00
   6.6080247E+01   0.0000000E+00
   6.6413986E+01   0.0000000E+00
   6.6747725E+01   0.0000000E+00
   6.7081463E+01   0.0000000E+00
   6.7415202E+01   0.0000000E+00
   6.7748940E+01   0.0000000E+00
   6.8082679E+01   0.0000000E+00
   6.8416418E+01   0.0000000E+00
   6.8750156E+01   0.0000000E+00
   6.9083895E+01   0.0000000E+00
   6.9417633E+01   0.0000000E+00
   6.9751372E+01   0.0000000E+00
   7.0085111E+01   0.0000000E+00
   7.0418849E+01   0.0000000E+00
   7.0752588E+01   0.0000000E+00
   7.1086326E+01   0.0000000E+00
   7.1420065E+01   0.0000000E+00
   7.1753804E+01   0.0000000E+00
   7.2087542E+01   0.0000000E+00
   7.2421281E+01   0.0000000E+00
   7.2755019E+01   0.0000000E+00
   7.3088758E+01   0.0000000E+00
   7.3422496E+01   0.0000000E+00
   7.3756235E+01   0.0000000E+00
   7.4089974E+01   0.0000000E+00
   7.4423712E+01   0.0000000E+00
   7.4757451E+01   0.0000000E+00
   7.5091189E+01   0.0000000E+00
   7.5424928E+01   0.0000000E+00
   7.5758667E+01   0.0000000E+00
   7.6092405E+01   0.0000000E+00
   7.6426144E+01   0.0000000E+00
   7.6759882E+01   0.0000000E+00
   7.7093621E+01   0.0000000E+00
   7.7427360E+01   0.0000000E+00
   7.7761098E+01   0.0000000E+00
   7.8094837E+01   0.0000000E+00
   7.8428575E+01   0.0000000E+00
   7.8762314E+01   0.0000000E+00
   7.9096053E+01   0.0000000E+00
   7.9429791E+01   0.0000000E+00
   7.9763530E+01   0.0000000E+00
   8.0097268E+01   0.0000000E+00
   8.0431007E+01   0.0000000E+00
   8.0764746E+01   0.0000000E+00
   8.1098484E+01   0.0000000E+00
   8.1432223E+01   0.0000000E+00
   8.1765961E+01   0.0000000E+00
   8.2099700E+01   0.0000000E+00
   8.2433439E+01   0.0000000E+00
   8.2767177E+01   0.0000000E+00
   8.3100916E+01   0.0000000E+00
   8.3434654E+01   0.0000000E+00
   8.3768393E+01   0.0000000E+00
   8.4102132E+01   0.0000000E+00
   8.4435870E+01   0.0000000E+00
   8.4769609E+01   0.0000000E+00
   8.5103347E+01   0.0000000E+00
   8.5437086E+01   0.0000000E+00
   8.5770825E+01   0.0000000E+00
   8.6104563E+01   0.0000000E+00
   8.6438302E+01   0.0000000E+00
   8.6772040E+01   0.0000000E+00
   8.7105779E+01   0.0000000E+00
   8.7439517E+01   0.0000000E+00
   8.7773256E+01   0.0000000E+00
   8.8106995E+01   0.0000000E+00
   8.8440733E+01   0.0000000E+00
   8.8774472E+01   0.0000000E+00
   8.9108210E+01   0.0000000E+00
   8.9441949E+01   0.0000000E+00
   8.9775688E+01   0.0000000E+00
   9.0109426E+01   0.0000000E+00
   9.0443165E+01   0.0000000E+00
   9.0776903E+01   0.0000000E+00
   9.1110642E+01   0.0000000E+00
   9.1444381E+01   0.0000000E+00
   9.1778119E+01   0.0000000E+00
   9.2111858E+01   0.0000000E+00
   9.2445596E+01   0.0000000E+00
   9.2779335E+01   0.0000000E+00
   9.3113074E+01   0.0000000E+00
   9.3446812E+01   0.0000000E+00
   9.3780551E+01   0.0000000E+00
   9.4114289E+01   0.0000000E+00
   9.4448028E+01   0.0000000E+00
   9.4781767E+01   0.0000000E+00
   9.5115505E+01   0.0000000E+00
   9.5449244E+01   0.0000000E+00
   9.5782982E+01   0.0000000E+00
   9.6116721E+01   0.0000000E+00
   9.6450460E+01   0.0000000E+00
   9.6784198E+01   0.0000000E+00
   9.7117937E+01   0.0000000E+00
   9.7451675E+01   0.0000000E+00
   9.7785414E+01   0.0000000E+00
   9.8119153E+01   0.0000000E+00
   9.8452891E+01   0.0000000E+00
   9.8786630E+01   0.0000000E+00
   9.9120368E+01   0.0000000E+00
   9.9454107E+01   0.0000000E+00
   9.9787846E+01   0.0000000E+00
   1.0012158E+02   0.0000000E+00
   1.0045532E+02   0.0000000E+00
   1.0078906E+02   0.0000000E+00
   1.0112280E+02   0.0000000E+00
   1.0145654E+02   0.0000000E+00
   1.0179028E+02   0.0000000E+00
   1.0212402E+02   0.0000000E+00
   1.0245775E+02   0.0000000E+00
   1.0279149E+02   0.0000000E+00
   1.0312523E+02   0.0000000E+00
   1.0345897E+02   0.0000000E+00
   1.0379271E+02   0.0000000E+00
   1.0412645E+02   0.0000000E+00
   1.0446019E+02   0.0000000E+00
   1.0479392E+02   0.0000000E+00
   1.0512766E+02   0.0000000E+00
   1.0546140E+02   0.0000000E+00
   1.0579514E+02   0.0000000E+00
   1.0612888E+02   0.0000000E+00
   1.0646262E+02   0.0000000E+00
   1.0679636E+02   0.0000000E+00
   1.0713009E+02   0.0000000E+00
   1.0746383E+02   0.0000000E+00
   1.0779757E+02   0.0000000E+00
   1.0813131E+02   0.0000000E+00
   1.0846505E+02   0.0000000E+00
   1.0879879E+02   0.0000000E+00
   1.0913253E+02   0.0000000E+00
   1.0946626E+02   0.0000000E+00
   1.0980000E+02   0.0000000E+00
   1.1013374E+02   0.0000000E+00
   1.1046748E+02   0.0000000E+00
   1.1080122E+02   0.0000000E+00
   1.1113496E+02   0.0000000E+00
   1.1146870E+02   0.0000000E+00
   1.1180243E+02   0.0000000E+00
   1.1213617E+02   0.0000000E+00
   1.1246991E+02   0.0000000E+00
   1.1280365E+02   0.0000000E+00
   1.1313739E+02   0.0000000E+00
   1.1347113E+02   0.0000000E+00
   1.1380487E+02   0.0000000E+00
   1.1413861E+02   0.0000000E+00
   1.1447234E+02   0.0000000E+00
   1.1480608E+02   0.0000000E+00
   1.1513982E+02   0.0000000E+00
   1.1547356E+02   0.0000000E+00
   1.1580730E+02   0.0000000E+00
   1.1614104E+02   0.0000000E+00
   1.1647478E+02   0.0000000E+00
   1.1680851E+02   0.0000000E+00
   1.1714225E+02   0.0000000E+00
   1.1747599E+02   0.0000000E+00
   1.1780973E+02   0.0000000E+00
   1.1814347E+02   0.0000000E+00
   1.1847721E+02   0.0000000E+00
   1.1881095E+02   0.0000000E+00
   1.1914468E+02   0.0000000E+00
   1.1947842E+02   0.0000000E+00
   1.1981216E+02   0.0000000E+00
   1.2014590E+02   0.0000000E+00
   1.2047964E+02   0.0000000E+00
   1.2081338E+02   0.0000000E+00
   1.2114712E+02   0.0000000E+00
   1.2148085E+02   0.0000000E+00
   1.2181459E+02   0.0000000E+00
   1.2214833E+02   0.0000000E+00
   1.2248207E+02   0.0000000E+00
   1.2281581E+02   0.0000000E+00
   1.2314955E+02   0.0000000E+00
   1.2348329E+02   0.0000000E+00
   1.2381702E+02   0.0000000E+00
   1.2415076E+02   0.0000000E+00
   1.2448450E+02   0.0000000E+00
   1.2481824E+02   0.0000000E+00
   1.2515198E+02   0.0000000E+00
   1.2548572E+02   0.0000000E+00
   1.2581946E+02   0.0000000E+00
   1.2615319E+02   0.0000000E+00
   1.2648693E+02   0.0000000E+00
   1.2682067E+02   0.0000000E+00
   1.2715441E+02   0.0000000E+00
   1.2748815E+02   0.0000000E+00
   1.2782189E+02   0.0000000E+00
   1.2815563E+02   0.0000000E+00
   1.2848936E+02   0.0000000E+00
   1.2882310E+02   0.0000000E+00
   1.2915684E+02   0.0000000E+00
   1.2949058E+02   0.0000000E+00
   1.2982432E+02   0.0000000E+00
   1.3015806E+02   0.0000000E+00
   1.3049180E+02   0.0000000E+00
   1.3082553E+02   0.0000000E+00
   1.3115927E+02   0.0000000E+00
   1.3149301E+02   0.0000000E+00
   1.3182675E+02   0.0000000E+00
   1.3216049E+02   0.0000000E+00
   1.3249423E+02   0.0000000E+00
   1.3282797E+02   0.0000000E+00
   1.3316171E+02   0.0000000E+00
   1.3349544E+02   0.0000000E+00
   1.3382918E+02   0.0000000E+00
   1.3416292E+02   0.0000000E+00
   1.3449666E+02   0.0000000E+00
   1.3483040E+02   0.0000000E+00
   1.3516414E+02   0.0000000E+00
   1.3549788E+02   0.0000000E+00
   1.3583161E+02   0.0000000E+00
   1.3616535E+02   0.0000000E+00
   1.3649909E+02   0.0000000E+00
   1.3683283E+02   0.0000000E+00
   1.3716657E+02   0.0000000E+00
   1.3750031E+02   0.0000000E+00
   1.3783405E+02   0.0000000E+00
   1.3816778E+02   0.0000000E+00
   1.3850152E+02   0.0000000E+00
   1.3883526E+02   0.0000000E+00
   1.3916900E+02   0.0000000E+00
   1.3950274E+02   0.0000000E+00
   1.3983648E+02   0.0000000E+00
   1.4017022E+02   0.0000000E+00
   1.4050395E+02   0.0000000E+00
   1.4083769E+02   0.0000000E+00
   1.4117143E+02   0.0000000E+00
   1.4150517E+02   0.0000000E+00
   1.4183891E+02   0.0000000E+00
   1.4217265E+02   0.0000000E+00
   1.4250639E+02   0.0000000E+00
   1.4284012E+02   0.0000000E+00
   1.4317386E+02   0.0000000E+00
   1.4350760E+02   0.0000000E+00
   1.4384134E+02   0.0000000E+00
   1.4417508E+02   0.0000000E+00
   1.4450882E+02   0.0000000E+00
   1.4484256E+02   0.0000000E+00
   1.4517629E+02   0.0000000E+00
   1.4551003E+02   0.0000000E+00
   1.4584377E+02   0.0000000E+00
   1.4617751E+02   0.0000000E+00
   1.4651125E+02  -1.4012985E-45
   1.4684499E+02  -4.2038954E-45
   1.4717873E+02  -4.2038954E-45
   1.4751246E+02  -8.4077908E-45
   1.4784620E+02  -1.4012985E-44
   1.4817994E+02  -1.6815582E-44
   1.4851368E+02  -1.9618179E-44
   1.4884742E+02  -2.2420775E-44
   1.4918116E+02  -2.1019477E-44
   1.4951490E+02  -1.6815582E-44
   1.4984863E+02  -8.4077908E-45
   1.5018237E+02   0.0000000E+00
   1.5051611E+02   1.2611686E-44
   1.5084985E+02   2.5223372E-44
   1.5118359E+02   3.2229865E-44
   1.5151733E+02   3.6433760E-44
   1.5185107E+02   3.7835059E-44
   1.5218480E+02   2.6624671E-44
   1.5251854E+02   5.6051939E-45
   1.5285228E+02  -1.5414283E-44
   1.5318602E+02  -4.6242849E-44
   1.5351976E+02  -7.2867520E-44
   1.5385350E+02  -9.3886997E-44
   1.5418724E+02  -1.0930128E-43
   1.5452098E+02  -1.1490647E-43
   1.5485471E+02  -1.0509738E-43
   1.5518845E+02  -7.7071416E-44
   1.5552219E+02  -3.0828566E-44
   1.5585593E+02   2.5223372E-44
   1.5618967E+02   9.1084400E-44
   1.5652341E+02   1.5274153E-43
   1.5685715E+02   2.0879347E-43
   1.5719088E+02   2.3681944E-43
   1.5752462E+02   2.3822074E-43
   1.5785836E+02   1.9618179E-43
   1.5819210E+02   1.2051167E-43
   1.5852584E+02   2.8025969E-45
   1.5885958E+02  -1.3312335E-43
   1.5919332E+02  -2.8025969E-43
   1.5952705E+02  -4.1338305E-43
   1.5986079E+02  -5.0446745E-43
   1.6019453E+02  -5.3109212E-43
   1.6052827E+02  -4.8344797E-43
   1.6086201E+02  -3.4051553E-43
   1.6119575E+02  -1.1350518E-43
   1.6152949E+02   1.8076750E-43
   1.6186322E+02   5.1427654E-43
   1.6219696E+02   8.3517388E-43
   1.6253070E+02   1.0944141E-42
   1.6286444E+02   1.2331426E-42
   1.6319818E+02   1.2093206E-42
   1.6353192E+02   9.9071801E-43
   1.6386566E+02   5.7313107E-43
   1.6419939E+02  -1.9618179E-44
   1.6453313E+02  -7.3428040E-43
   1.6486687E+02  -1.4797712E-42
   1.6520061E+02  -2.1495918E-42
   1.6553435E+02  -2.6260333E-42
   1.6586809E+02  -2.7941891E-42
   1.6620183E+02  -2.5741853E-42
   1.6653556E+02  -1.9211802E-42
   1.6686930E+02  -8.4778557E-43
   1.6720304E+02   5.5491419E-43
   1.6753678E+02   2.1411841E-42
   1.6787052E+02   3.7022305E-42
   1.6820426E+02   4.9886225E-42
   1.6853800E+02   5.7551328E-42
   1.6887173E+02   5.7789549E-42
   1.6920547E+02   4.9157550E-42
   1.6953921E+02   3.1305008E-42
   1.6987295E+02   5.1988173E-43
   1.7020669E+02  -2.6708749E-42
   1.7054043E+02  -6.0662211E-42
   1.7087417E+02  -9.1785049E-42
   1.7120790E+02  -1.1489246E-41
   1.7154164E+02  -1.2481365E-41
   1.7187538E+02  -1.1765302E-41
   1.7220912E+02  -9.1196504E-42
   1.7254286E+02  -4.5976603E-42
   1.7287660E+02   1.4657582E-42
   1.7321034E+02   8.4302116E-42
   1.7354408E+02   1.5403073E-41
   1.7387781E+02   2.1329164E-41
   1.7421155E+02   2.5105663E-41
   1.7454529E+02   2.5776885E-41
   1.7487903E+02   2.2657595E-41
   1.7521277E+02   1.5536196E-41
   1.7554651E+02   4.7490005E-42
   1.7588025E+02  -8.7441024E-42
   1.7621398E+02  -2.3396079E-41
   1.7654772E+02  -3.7224092E-41
   1.7688146E+02  -4.7993071E-41
   1.7721520E+02  -5.3535207E-41
   1.7754894E+02  -5.2082060E-41
   1.7788268E+02  -4.2600875E-41
   1.7821642E+02  -2.5074835E-41
   1.7855015E+02  -6.9364274E-43
   1.7888389E+02   2.8112850E-41
   1.7921763E+02   5.7837193E-41
   1.7955137E+02   8.4206827E-41
   1.7988511E+02   1.0270257E-40
   1.8021885E+02   1.0919058E-40
   1.8055259E+02   1.0060202E-40
   1.8088632E+02   7.5580434E-41
   1.8122006E+02   3.4965199E-41
   1.8155380E+02  -1.7933818E-41
   1.8188754E+02  -7.7417536E-41
   1.8222128E+02  -1.3583347E-40
   1.8255502E+02  -1.8435342E-40
   1.8288876E+02  -2.1412541E-40
   1.8322249E+02  -2.1751235E-40
   1.8355623E+02  -1.8949058E-40
   1.8388997E+02  -1.2880035E-40
   1.8422371E+02  -3.8773929E-41
   1.8455745E+02   7.2358849E-41
   1.8489119E+02   1.9190082E-40
   1.8522493E+02   3.0373845E-40
   1.8555866E+02   3.9017614E-40
   1.8589240E+02   4.3424698E-40
   1.8622614E+02   4.2234295E-40
   1.8655988E+02   3.4674430E-40
   1.8689362E+02   2.0773409E-40
   1.8722736E+02   1.4909816E-41
   1.8756110E+02  -2.1267367E-40
   1.8789483E+02  -4.4770925E-40
   1.8822857E+02  -6.5724401E-40
   1.8856231E+02  -8.0653415E-40
   1.8889605E+02  -8.6379681E-40
   1.8922979E+02  -8.0532903E-40
   1.8956353E+02  -6.2026515E-40
   1.8989727E+02  -3.1429583E-40
   1.9023100E+02   8.8441551E-41
   1.9056474E+02   5.4578333E-40
   1.9089848E+02   1.0006925E-39
   1.9123222E+02   1.3870178E-39
   1.9156596E+02   1.6375574E-39
   1.9189970E+02   1.6935645E-39
   1.9223344E+02   1.5146103E-39
   1.9256718E+02   1.0874230E-39
   1.9290091E+02   4.3226134E-40
   1.9323465E+02  -3.9446832E-40
   1.9356839E+02  -1.3023724E-39
   1.9390213E+02  -2.1744341E-39
   1.9423587E+02  -2.8794357E-39
   1.9456961E+02  -3.2884005E-39
   1.9490335E+02  -3.2934396E-39
   1.9523708E+02  -2.8266824E-39
   1.9557082E+02  -1.8765685E-39
   1.9590456E+02  -4.9879079E-40
   1.9623830E+02   1.1805505E-39
   1.9657204E+02   2.9713329E-39
   1.9690578E+02   4.6359591E-39
   1.9723952E+02   5.9153909E-39
   1.9757325E+02   6.5625217E-39
   1.9790699E+02   6.3793818E-39
   1.9824073E+02   5.2534595E-39
   1.9857447E+02   3.1879316E-39
   1.9890821E+02   3.2042511E-40
   1.9924195E+02  -3.0741756E-39
   1.9957569E+02  -6.5999897E-39
   1.9990942E+02  -9.7762288E-39
   2.0024316E+02  -1.2091381E-38
   2.0057690E+02  -1.3070773E-38
   2.0091064E+02  -1.2350169E-38
   2.0124438E+02  -9.7460785E-39
   2.0157812E+02  -5.3121067E-39
   2.0191186E+02   6.2876402E-40
   2.0224559E+02   7.4847429E-39
   2.0257933E+02   1.4433975E-38
   2.0291307E+02   2.0502459E-38
   2.0324681E+02   2.4676687E-38
   2.0358055E+02   2.6040907E-38
   2.0391429E+02   2.3923825E-38
   2.0424803E+02   1.8035433E-38
   2.0458176E+02   8.5729997E-39
   2.0491550E+02  -3.7240375E-39
   2.0524924E+02  -1.7586859E-38
   2.0558298E+02  -3.1307345E-38
   2.0591672E+02  -4.2905988E-38
   2.0625046E+02  -5.0367033E-38
   2.0658420E+02  -5.1919095E-38
   2.0691793E+02  -4.6329158E-38
   2.0725167E+02  -3.3170422E-38
   2.0758541E+02  -1.3021580E-38
   2.0791915E+02   1.2442816E-38
   2.0825289E+02   4.0502419E-38
   2.0858663E+02   6.7598772E-38
   2.0892037E+02   8.9698314E-38
   2.0925410E+02   1.0278578E-37
   2.0958784E+02   1.0344039E-37
   2.0992158E+02   8.9426877E-38
   2.1025532E+02   6.0219568E-38
   2.1058906E+02   1.7373113E-38
   2.1092280E+02  -3.5339803E-38
   2.1125654E+02  -9.2083941E-38
   2.1159027E+02  -1.4543904E-37
   2.1192401E+02  -1.8718700E-37
   2.1225775E+02  -2.0934991E-37
   2.1259149E+02  -2.0537410E-37
   2.1292523E+02  -1.7131562E-37
   2.1325897E+02  -1.0685762E-37
   2.1359271E+02  -1.5984216E-38
   2.1392645E+02   9.2845496E-38
   2.1426018E+02   2.0713568E-37
   2.1459392E+02   3.1144740E-37
   2.1492766E+02   3.8910516E-37
   2.1526140E+02   4.2437703E-37
   2.1559514E+02   4.0489732E-37
   2.1592888E+02   3.2402525E-37
   2.1626262E+02   1.8278896E-37
   2.1659635E+02  -8.9371621E-39
   2.1693009E+02  -2.3232486E-37
   2.1726383E+02  -4.6075433E-37
   2.1759757E+02  -6.6230024E-37
   2.1793131E+02  -8.0341028E-37
   2.1826505E+02  -8.5345390E-37
   2.1859879E+02  -7.8963307E-37
   2.1893252E+02  -6.0161021E-37
   2.1926626E+02  -2.9513682E-37
   2.1960000E+02   1.0601631E-37
   2.1993374E+02   5.6039459E-37
   2.2026748E+02   1.0118042E-36
   2.2060122E+02   1.3948871E-36
   2.2093496E+02   1.6429727E-36
   2.2126869E+02   1.6974597E-36
   2.2160243E+02   1.5176334E-36
   2.2193617E+02   1.0895781E-36
   2.2226991E+02   4.3273303E-37
   2.2260365E+02  -3.9724870E-37
   2.2293739E+02  -1.3103846E-36
   2.2327113E+02  -2.1895222E-36
   2.2360486E+02  -2.9026330E-36
   2.2393860E+02  -3.3193284E-36
   2.2427234E+02  -3.3299257E-36
   2.2460608E+02  -2.8647398E-36
   2.2493982E+02  -1.9108361E-36
   2.2527356E+02  -5.2341560E-37
   2.2560730E+02   1.1707345E-36
   2.2594103E+02   2.9795417E-36
   2.2627477E+02   4.6624185E-36
   2.2660851E+02   5.9568391E-36
   2.2694225E+02   6.6124929E-36
   2.2727599E+02   6.4293629E-36
   2.2760973E+02   5.2948609E-36
   2.2794347E+02   3.2145007E-36
   2.2827720E+02   3.3062142E-37
   2.2861094E+02  -3.0755392E-36
   2.2894468E+02  -6.6014418E-36
   2.2927842E+02  -9.7612207E-36
   2.2961216E+02  -1.2041906E-35
   2.2994590E+02  -1.2972748E-35
   2.3027964E+02  -1.2199818E-35
   2.3061337E+02  -9.5559210E-36
   2.3094711E+02  -5.1150782E-36
   2.3128085E+02   7.7890922E-37
   2.3161459E+02   7.5180533E-36
   2.3194833E+02   1.4274689E-35
   2.3228207E+02   2.0084780E-35
   2.3261581E+02   2.3964298E-35
   2.3294955E+02   2.5047185E-35
   2.3328328E+02   2.2728597E-35
   2.3361702E+02   1.6793601E-35
   2.3395076E+02   7.5104669E-36
   2.3428450E+02  -4.3304713E-36
   2.3461824E+02  -1.7446689E-35
   2.3495198E+02  -3.0168744E-35
   2.3528572E+02  -4.0617784E-35
   2.3561945E+02  -4.6941255E-35
   2.3595319E+02  -4.7582232E-35
   2.3628693E+02  -4.1548915E-35
   2.3662067E+02  -2.8645804E-35
   2.3695441E+02  -9.6272148E-36
   2.3728815E+02   1.3760995E-35
   2.3762189E+02   3.8875025E-35
   2.3795562E+02   6.2409853E-35
   2.3828936E+02   8.0767563E-35
   2.3862310E+02   9.0525032E-35
   2.3895684E+02   8.8949566E-35
   2.3929058E+02   7.4496243E-35
   2.3962432E+02   4.7212850E-35
   2.3995806E+02   8.9804841E-36
   2.4029179E+02  -3.6470278E-35
   2.4062553E+02  -8.3804287E-35
   2.4095927E+02  -1.2659329E-34
   2.4129301E+02  -1.5806192E-34
   2.4162675E+02  -1.7199778E-34
   2.4196049E+02  -1.6372134E-34
   2.4229423E+02  -1.3098616E-34
   2.4262796E+02  -7.4671080E-35
   2.4296170E+02   8.6616657E-37
   2.4329544E+02   8.7875670E-35
   2.4362918E+02   1.7579693E-34
   2.4396292E+02   2.5232799E-34
   2.4429666E+02   3.0490402E-34
   2.4463040E+02   3.2243709E-34
   2.4496413E+02   2.9711074E-34
   2.4529787E+02   2.2598153E-34
   2.4563161E+02   1.1213323E-34
   2.4596535E+02  -3.4848351E-35
   2.4629909E+02  -1.9924843E-34
   2.4663283E+02  -3.6051897E-34
   2.4696657E+02  -4.9545149E-34
   2.4730030E+02  -5.8105159E-34
   2.4763404E+02  -5.9781303E-34
   2.4796778E+02  -5.3299008E-34
   2.4830152E+02  -3.8340537E-34
   2.4863526E+02  -1.5732816E-34
   2.4896900E+02   1.2497765E-34
   2.4930274E+02   4.3231220E-34
   2.4963647E+02   7.2529232E-34
   2.4997021E+02   9.6066201E-34
   2.5030395E+02   1.0967852E-33
   2.5063769E+02   1.0997225E-33
   2.5097143E+02   9.4912830E-34
   2.5130517E+02   6.4311245E-34
   2.5163891E+02   2.0123657E-34
   2.5197264E+02  -3.3505003E-34
   2.5230638E+02  -9.0496755E-34
   2.5264012E+02  -1.4340372E-33
   2.5297386E+02  -1.8424474E-33
   2.5330760E+02  -2.0553886E-33
   2.5364134E+02  -2.0141969E-33
   2.5397508E+02  -1.6868827E-33
   2.5430882E+02  -1.0764764E-33
   2.5464255E+02  -2.2573151E-34
   2.5497629E+02   7.8300551E-34
   2.5531003E+02   1.8334303E-33
   2.5564377E+02   2.7864326E-33
   2.5597751E+02   3.4960135E-33
   2.5631125E+02   3.8284492E-33
   2.5664499E+02   3.6825149E-33
   2.5697872E+02   3.0081371E-33
   2.5731246E+02   1.8206617E-33
   2.5764620E+02   2.0817339E-34
   2.5797994E+02  -1.6701530E-33
   2.5831368E+02  -3.5956895E-33
   2.5864742E+02  -5.3118070E-33
   2.5898116E+02  -6.5535779E-33
   2.5931489E+02  -7.0828185E-33
   2.5964863E+02  -6.7244287E-33
   2.5998237E+02  -5.3992314E-33
   2.6031611E+02  -3.1483471E-33
   2.6064985E+02  -1.4459168E-34
   2.6098359E+02   3.3124593E-33
   2.6131733E+02   6.8193293E-33
   2.6165106E+02   9.9087958E-33
   2.6198480E+02   1.2104271E-32
   2.6231854E+02   1.2982985E-32
   2.6265228E+02   1.2240611E-32
   2.6298602E+02   9.7487699E-33
   2.6331976E+02   5.5966799E-33
   2.6365350E+02   1.0914943E-34
   2.6398723E+02  -6.1647266E-33
   2.6432097E+02  -1.2494603E-32
   2.6465471E+02  -1.8042141E-32
   2.6498845E+02  -2.1958684E-32
   2.6532219E+02  -2.3497497E-32
   2.6565593E+02  -2.2127473E-32
   2.6598967E+02  -1.7633163E-32
   2.6632340E+02  -1.0185983E-32
   2.6665714E+02  -3.7321854E-34
   2.6699088E+02   1.0824652E-32
   2.6732462E+02   2.2112080E-32
   2.6765836E+02   3.2008835E-32
   2.6799210E+02   3.9022128E-32
   2.6832584E+02   4.1842944E-32
   2.6865957E+02   3.9543624E-32
   2.6899331E+02   3.1750496E-32
   2.6932705E+02   1.8765439E-32
   2.6966079E+02   1.6136637E-33
   2.6999453E+02  -1.7998135E-32
   2.7032827E+02  -3.7819100E-32
   2.7066201E+02  -5.5281007E-32
   2.7099574E+02  -6.7795826E-32
   2.7132948E+02  -7.3093638E-32
   2.7166322E+02  -6.9561312E-32
   2.7199696E+02  -5.6537205E-32
   2.7233070E+02  -3.4517745E-32
   2.7266444E+02  -5.2372288E-33
   2.7299818E+02   2.8404981E-32
   2.7333192E+02   6.2579440E-32
   2.7366565E+02   9.2912696E-32
   2.7399939E+02   1.1499222E-31
   2.7433313E+02   1.2493830E-31
   2.7466687E+02   1.1997584E-31
   2.7500061E+02   9.8931015E-32
   2.7533435E+02   6.2578223E-32
   2.7566809E+02   1.3774093E-32
   2.7600182E+02  -4.2665041E-32
   2.7633556E+02  -1.0035635E-31
   2.7666930E+02  -1.5199560E-31
   2.7700304E+02  -1.9019884E-31
   2.7733678E+02  -2.0845439E-31
   2.7767052E+02  -2.0207244E-31
   2.7800426E+02  -1.6900844E-31
   2.7833799E+02  -1.1043709E-31
   2.7867173E+02  -3.0972921E-32
   2.7900547E+02   6.1532798E-32
   2.7933921E+02   1.5664085E-31
   2.7967295E+02   2.4238548E-31
   2.8000669E+02   3.0665657E-31
   2.8034043E+02   3.3875843E-31
   2.8067416E+02   3.3096128E-31
   2.8100790E+02   2.7984157E-31
   2.8134164E+02   1.8721036E-31
   2.8167538E+02   6.0463156E-32
   2.8200912E+02  -8.7761339E-32
   2.8234286E+02  -2.4064617E-31
   2.8267660E+02  -3.7892646E-31
   2.8301033E+02  -4.8313297E-31
   2.8334407E+02  -5.3611058E-31
   2.8367781E+02  -5.2551354E-31
   2.8401155E+02  -4.4594503E-31
   2.8434529E+02  -3.0042133E-31
   2.8467903E+02  -1.0089329E-31
   2.8501277E+02   1.3234966E-31
   2.8534650E+02   3.7243620E-31
   2.8568024E+02   5.8872838E-31
   2.8601398E+02   7.5044114E-31
   2.8634772E+02   8.3067709E-31
   2.8668146E+02   8.1038919E-31
   2.8701520E+02   6.8174140E-31
   2.8734894E+02   4.5035328E-31
   2.8768267E+02   1.3601308E-31
   2.8801641E+02  -2.2840819E-31
   2.8835015E+02  -5.9989361E-31
   2.8868389E+02  -9.2988506E-31
   2.8901763E+02  -1.1701277E-30
   2.8935137E+02  -1.2791158E-30
   2.8968511E+02  -1.2283535E-30
   2.9001884E+02  -1.0075708E-30
   2.9035258E+02  -6.2809531E-31
   2.9068632E+02  -1.2371735E-31
   2.9102006E+02   4.5134055E-31
   2.9135380E+02   1.0274060E-30
   2.9168754E+02   1.5269529E-30
   2.9202128E+02   1.8740984E-30
   2.9235501E+02   2.0049425E-30
   2.9268875E+02   1.8774746E-30
   2.9302249E+02   1.4796698E-30
   2.9335623E+02   8.3450253E-31
   2.9368997E+02   8.5077579E-34
   2.9402371E+02  -9.3028595E-31
   2.9435745E+02  -1.8442871E-30
   2.9469119E+02  -2.6155315E-30
   2.9502492E+02  -3.1229336E-30
   2.9535866E+02  -3.2666476E-30
   2.9569240E+02  -2.9838698E-30
   2.9602614E+02  -2.2615212E-30
   2.9635988E+02  -1.1437842E-30
   2.9669362E+02   2.6710020E-31
   2.9702736E+02   1.8176507E-30
   2.9736109E+02   3.3175362E-30
   2.9769483E+02   4.5605103E-30
   2.9802857E+02   5.3498617E-30
   2.9836231E+02   5.5255310E-30
   2.9869605E+02   4.9895210E-30
   2.9902979E+02   3.7260455E-30
   2.9936353E+02   1.8131746E-30
   2.9969726E+02  -5.7651547E-31
   3.0003100E+02  -3.1876138E-30
   3.0036474E+02  -5.7057318E-30
   3.0069848E+02  -7.7917724E-30
   3.0103222E+02  -9.1233152E-30
   3.0136596E+02  -9.4384779E-30
   3.0169970E+02  -8.5768371E-30
   3.0203343E+02  -6.5117031E-30
   3.0236717E+02  -3.3686396E-30
   3.0270091E+02   5.7373115E-31
   3.0303465E+02   4.9026559E-30
   3.0336839E+02   9.1096163E-30
   3.0370213E+02   1.2645244E-29
   3.0403587E+02   1.4985470E-29
   3.0436960E+02   1.5701543E-29
   3.0470334E+02   1.4525263E-29
   3.0503708E+02   1.1400493E-29
   3.0537082E+02   6.5128669E-30
   3.0570456E+02   2.9152203E-31
   3.0603830E+02  -6.6202239E-30
   3.0637204E+02  -1.3424734E-29
   3.0670577E+02  -1.9255902E-29
   3.0703951E+02  -2.3282511E-29
   3.0737325E+02  -2.4817715E-29
   3.0770699E+02  -2.3421011E-29
   3.0804073E+02  -1.8978968E-29
   3.0837447E+02  -1.1752085E-29
   3.0870821E+02  -2.3784426E-30
   3.0904194E+02   8.1706314E-30
   3.0937568E+02   1.8681871E-29
   3.0970942E+02   2.7831271E-29
   3.1004316E+02   3.4342117E-29
   3.1037690E+02   3.7152134E-29
   3.1071064E+02   3.5569191E-29
   3.1104438E+02   2.9394253E-29
   3.1137811E+02   1.8992910E-29
   3.1171185E+02   5.3010740E-30
   3.1204559E+02  -1.0241849E-29
   3.1237933E+02  -2.5830645E-29
   3.1271307E+02  -3.9491651E-29
   3.1304681E+02  -4.9320002E-29
   3.1338055E+02  -5.3729738E-29
   3.1371429E+02  -5.1685785E-29
   3.1404802E+02  -4.2886271E-29
   3.1438176E+02  -2.7866891E-29
   3.1471550E+02  -8.0070199E-30
   3.1504924E+02   1.4572325E-29
   3.1538298E+02   3.7215145E-29
   3.1571672E+02   5.7024571E-29
   3.1605046E+02   7.1213950E-29
   3.1638419E+02   7.7475106E-29
   3.1671793E+02   7.4317050E-29
   3.1705167E+02   6.1329217E-29
   3.1738541E+02   3.9328176E-29
   3.1771915E+02   1.0358849E-29
   3.1805289E+02  -2.2462786E-29
   3.1838663E+02  -5.5258842E-29
   3.1872036E+02  -8.3823651E-29
   3.1905410E+02  -1.0413723E-28
   3.1938784E+02  -1.1289863E-28
   3.1972158E+02  -1.0801123E-28
   3.2005532E+02  -8.8953516E-29
   3.2038906E+02  -5.6976958E-29
   3.2072280E+02  -1.5091387E-29
   3.2105653E+02   3.2178705E-29
   3.2139027E+02   7.9253612E-29
   3.2172401E+02   1.2013226E-28
   3.2205775E+02   1.4913206E-28
   3.2239149E+02   1.6164724E-28
   3.2272523E+02   1.5482829E-28
   3.2305897E+02   1.2808729E-28
   3.2339270E+02   8.3349505E-29
   3.2372644E+02   2.4997445E-29
   3.2406018E+02  -4.0510092E-29
   3.2439392E+02  -1.0531937E-28
   3.2472766E+02  -1.6109926E-28
   3.2506140E+02  -2.0009223E-28
   3.2539514E+02  -2.1617165E-28
   3.2572887E+02  -2.0576664E-28
   3.2606261E+02  -1.6852212E-28
   3.2639635E+02  -1.0758414E-28
   3.2673009E+02  -2.9444941E-29
   3.2706383E+02   5.6668743E-29
   3.2739757E+02   1.3981931E-28
   3.2773131E+02   2.0869069E-28
   3.2806504E+02   2.5307793E-28
   3.2839878E+02   2.6534784E-28
   3.2873252E+02   2.4167253E-28
   3.2906626E+02   1.8285375E-28
   3.2940000E+02   9.4591405E-29
   3.2973374E+02  -1.2885627E-29
   3.3006748E+02  -1.2583192E-28
   3.3040121E+02  -2.2856176E-28
   3.3073495E+02  -3.0542608E-28
   3.3106869E+02  -3.4296284E-28
   3.3140243E+02  -3.3194626E-28
   3.3173617E+02  -2.6905386E-28
   3.3206991E+02  -1.5789421E-28
   3.3240365E+02  -9.1984581E-30
   3.3273739E+02   1.5992417E-28
   3.3307112E+02   3.2765690E-28
   3.3340486E+02   4.6993702E-28
   3.3373860E+02   5.6345560E-28
   3.3407234E+02   5.8885660E-28
   3.3440608E+02   5.3373171E-28
   3.3473982E+02   3.9500296E-28
   3.3507356E+02   1.8032766E-28
   3.3540729E+02  -9.1748197E-29
   3.3574103E+02  -3.9302163E-28
   3.3607477E+02  -6.8822389E-28
   3.3640851E+02  -9.3876075E-28
   3.3674225E+02  -1.1072361E-27
   3.3707599E+02  -1.1622571E-27
   3.3740973E+02  -1.0829440E-27
   3.3774346E+02  -8.6255584E-28
   3.3807720E+02  -5.1070318E-28
   3.3841094E+02  -5.3761179E-29
   3.3874468E+02   4.6672630E-28
   3.3907842E+02   9.9761226E-28
   3.3941216E+02   1.4794068E-27
   3.3974590E+02   1.8527250E-27
   3.4007963E+02   2.0652321E-27
   3.4041337E+02   2.0782854E-27
   3.4074711E+02   1.8724540E-27
   3.4108085E+02   1.4511744E-27
   3.4141459E+02   8.4198672E-28
   3.4174833E+02   9.5039250E-29
   3.4208207E+02  -7.2112450E-28
   3.4241580E+02  -1.5261616E-27
   3.4274954E+02  -2.2362608E-27
   3.4308328E+02  -2.7733210E-27
   3.4341702E+02  -3.0739179E-27
   3.4375076E+02  -3.0969997E-27
   3.4408450E+02  -2.8293247E-27
   3.4441824E+02  -2.2878879E-27
   3.4475197E+02  -1.5189207E-27
   3.4508571E+02  -5.9345528E-28
   3.4541945E+02   4.0016048E-28
   3.4575319E+02   1.3659748E-27
   3.4608693E+02   2.2112694E-27
   3.4642067E+02   2.8572041E-27
   3.4675441E+02   3.2479387E-27
   3.4708814E+02   3.3570245E-27
   3.4742188E+02   3.1901654E-27
   3.4775562E+02   2.7838747E-27
   3.4808936E+02   2.2000712E-27
   3.4842310E+02   1.5172144E-27
   3.4875684E+02   8.1904475E-28
   3.4909058E+02   1.8240425E-28
   3.4942431E+02  -3.3419148E-28
   3.4975805E+02  -6.9955187E-28
   3.5009179E+02  -9.1492429E-28
   3.5042553E+02  -1.0142235E-27
   3.5075927E+02  -1.0589620E-27
   3.5109301E+02  -1.1281909E-27
   3.5142675E+02  -1.3045325E-27
   3.5176048E+02  -1.6579460E-27
   3.5209422E+02  -2.2294916E-27
   3.5242796E+02  -3.0174529E-27
   3.5276170E+02  -3.9682619E-27
   3.5309544E+02  -4.9741201E-27
   3.5342918E+02  -5.8786616E-27
   3.5376292E+02  -6.4909786E-27
   3.5409666E+02  -6.6072678E-27
   3.5443039E+02  -6.0382303E-27
   3.5476413E+02  -4.6393819E-27
   3.5509787E+02  -2.3406634E-27
   3.5543161E+02   8.2867045E-28
   3.5576535E+02   4.7237326E-27
   3.5609909E+02   9.0796319E-27
   3.5643283E+02   1.3521301E-26
   3.5676656E+02   1.7588352E-26
   3.5710030E+02   2.0774103E-26
   3.5743404E+02   2.2575963E-26
   3.5776778E+02   2.2552929E-26
   3.5810152E+02   2.0384321E-26
   3.5843526E+02   1.5923281E-26
   3.5876900E+02   9.2382145E-27
   3.5910273E+02   6.3611039E-28
   3.5943647E+02  -9.3371148E-27
   3.5977021E+02  -1.9921799E-26
   3.6010395E+02  -3.0195611E-26
   3.6043769E+02  -3.9147638E-26
   3.6077143E+02  -4.5770147E-26
   3.6110517E+02  -4.9160031E-26
   3.6143890E+02  -4.8620129E-26
   3.6177264E+02  -4.3749933E-26
   3.6210638E+02  -3.4514960E-26
   3.6244012E+02  -2.1286111E-26
   3.6277386E+02  -4.8418048E-27
   3.6310760E+02   1.3669973E-26
   3.6344134E+02   3.2809197E-26
   3.6377507E+02   5.0956137E-26
   3.6410881E+02   6.6449575E-26
   3.6444255E+02   7.7738686E-26
   3.6477629E+02   8.3534589E-26
   3.6511003E+02   8.2945969E-26
   3.6544377E+02   7.5584782E-26
   3.6577751E+02   6.1629752E-26
   3.6611124E+02   4.1839420E-26
   3.6644498E+02   1.7511042E-26
   3.6677872E+02  -9.6123718E-27
   3.6711246E+02  -3.7480288E-26
   3.6744620E+02  -6.3905055E-26
   3.6777994E+02  -8.6749555E-26
   3.6811368E+02  -1.0411360E-25
   3.6844741E+02  -1.1450074E-25
   3.6878115E+02  -1.1694939E-25
   3.6911489E+02  -1.1111540E-25
   3.6944863E+02  -9.7297340E-26
   3.6978237E+02  -7.6403718E-26
   3.7011611E+02  -4.9865704E-26
   3.7044985E+02  -1.9505481E-26
   3.7078358E+02   1.2624871E-26
   3.7111732E+02   4.4417020E-26
   3.7145106E+02   7.3873262E-26
   3.7178480E+02   9.9250874E-26
   3.7211854E+02   1.1916915E-25
   3.7245228E+02   1.3267151E-25
   3.7278602E+02   1.3923876E-25
   3.7311976E+02   1.3875907E-25
   3.7345349E+02   1.3146106E-25
   3.7378723E+02   1.1782622E-25
   3.7412097E+02   9.8494442E-26
   3.7445471E+02   7.4180307E-26
   3.7478845E+02   4.5612141E-26
   3.7512219E+02   1.3506741E-26
   3.7545593E+02  -2.1419284E-26
   3.7578966E+02  -5.8400772E-26
   3.7612340E+02  -9.6547392E-26
   3.7645714E+02  -1.3475369E-25
   3.7679088E+02  -1.7161176E-25
   3.7712462E+02  -2.0534727E-25
   3.7745836E+02  -2.3379675E-25
   3.7779210E+02  -2.5444265E-25
   3.7812583E+02  -2.6451561E-25
   3.7845957E+02  -2.6116813E-25
   3.7879331E+02  -2.4171682E-25
   3.7912705E+02  -2.0393906E-25
   3.7946079E+02  -1.4640643E-25
   3.7979453E+02  -6.8828619E-26
   3.8012827E+02   2.7624282E-26
   3.8046200E+02   1.4005597E-25
   3.8079574E+02   2.6366579E-25
   3.8112948E+02   3.9169986E-25
   3.8146322E+02   5.1555768E-25
   3.8179696E+02   6.2507938E-25
   3.8213070E+02   7.0903208E-25
   3.8246444E+02   7.5579679E-25
   3.8279817E+02   7.5424298E-25
   3.8313191E+02   6.9476558E-25
   3.8346565E+02   5.7042631E-25
   3.8379939E+02   3.7813224E-25
   3.8413313E+02   1.1974700E-25
   3.8446687E+02  -1.9696439E-25
   3.8480061E+02  -5.5770632E-25
   3.8513434E+02  -9.4144997E-25
   3.8546808E+02  -1.3207967E-24
   3.8580182E+02  -1.6629979E-24
   3.8613556E+02  -1.9317040E-24
   3.8646930E+02  -2.0894306E-24
   3.8680304E+02  -2.1007013E-24
   3.8713678E+02  -1.9356887E-24
   3.8747051E+02  -1.5741438E-24
   3.8780425E+02  -1.0092840E-24
   3.8813799E+02  -2.5125506E-25
   3.8847173E+02   6.7026213E-25
   3.8880547E+02   1.7047588E-24
   3.8913921E+02   2.7813056E-24
   3.8947295E+02   3.8110257E-24
   3.8980668E+02   4.6917980E-24
   3.9014042E+02   5.3152391E-24
   3.9047416E+02   5.5757312E-24
   3.9080790E+02   5.3810577E-24
   3.9114164E+02   4.6639062E-24
   3.9147538E+02   3.3932923E-24
   3.9180912E+02   1.5847351E-24
   3.9214285E+02  -6.9209479E-25
   3.9247659E+02  -3.3095646E-24
   3.9281033E+02  -6.0832835E-24
   3.9314407E+02  -8.7792393E-24
   3.9347781E+02  -1.1127366E-23
   3.9381155E+02  -1.2841471E-23
   3.9414529E+02  -1.3644763E-23
   3.9447903E+02  -1.3299450E-23
   3.9481276E+02  -1.1638111E-23
   3.9514650E+02  -8.5939170E-24
   3.9548024E+02  -4.2261823E-24
   3.9581398E+02   1.2623926E-24
   3.9614772E+02   7.5203530E-24
   3.9648146E+02   1.4056919E-23
   3.9681520E+02   2.0268137E-23
   3.9714893E+02   2.5480090E-23
   3.9748267E+02   2.9007772E-23
   3.9781641E+02   3.0225938E-23
   3.9815015E+02   2.8646427E-23
   3.9848389E+02   2.3994274E-23
   3.9881763E+02   1.6273875E-23
   3.9915137E+02   5.8156731E-24
   3.9948510E+02  -6.7054502E-24
   3.9981884E+02  -2.0287477E-23
   4.0015258E+02  -3.3658555E-23
   4.0048632E+02  -4.5374888E-23
   4.0082006E+02  -5.3954829E-23
   4.0115380E+02  -5.8039816E-23
   4.0148754E+02  -5.6567833E-23
   4.0182127E+02  -4.8940867E-23
   4.0215501E+02  -3.5165595E-23
   4.0248875E+02  -1.5945807E-23
   4.0282249E+02   7.2927019E-24
   4.0315623E+02   3.2458808E-23
   4.0348997E+02   5.6941350E-23
   4.0382371E+02   7.7839809E-23
   4.0415744E+02   9.2266497E-23
   4.0449118E+02   9.7694958E-23
   4.0482492E+02   9.2319609E-23
   4.0515866E+02   7.5383864E-23
   4.0549240E+02   4.7431322E-23
   4.0582614E+02   1.0436291E-23
   4.0615988E+02  -3.2222377E-23
   4.0649361E+02  -7.5966491E-23
   4.0682735E+02  -1.1540637E-22
   4.0716109E+02  -1.4489259E-22
   4.0749483E+02  -1.5918935E-22
   4.0782857E+02  -1.5420461E-22
   4.0816231E+02  -1.2769386E-22
   4.0849605E+02  -7.9844500E-23
   4.0882978E+02  -1.3646265E-23
   4.0916352E+02   6.5034463E-23
   4.0949726E+02   1.4773605E-22
   4.0983100E+02   2.2406225E-22
   4.1016474E+02   2.8270134E-22
   4.1049848E+02   3.1273481E-22
   4.1083222E+02   3.0511600E-22
   4.1116595E+02   2.5415935E-22
   4.1149969E+02   1.5885031E-22
   4.1183343E+02   2.3779007E-23
   4.1216717E+02  -1.4048767E-22
   4.1250091E+02  -3.1773654E-22
   4.1283465E+02  -4.8721958E-22
   4.1316839E+02  -6.2553565E-22
   4.1350213E+02  -7.0917202E-22
   4.1383586E+02  -7.1749204E-22
   4.1416960E+02  -6.3586147E-22
   4.1450334E+02  -4.5853771E-22
   4.1483708E+02  -1.9091172E-22
   4.1517082E+02   1.4929026E-22
   4.1550456E+02   5.3217395E-22
   4.1583830E+02   9.1741731E-22
   4.1617203E+02   1.2576226E-21
   4.1650577E+02   1.5031186E-21
   4.1683951E+02   1.6078386E-21
   4.1717325E+02   1.5356990E-21
   4.1750699E+02   1.2667534E-21
   4.1784073E+02   8.0229416E-22
   4.1817447E+02   1.6808892E-22
   4.1850820E+02  -5.8496149E-22
   4.1884194E+02  -1.3832415E-21
   4.1917568E+02  -2.1360970E-21
   4.1950942E+02  -2.7445610E-21
   4.1984316E+02  -3.1125025E-21
   4.2017690E+02  -3.1591591E-21
   4.2051064E+02  -2.8316658E-21
   4.2084437E+02  -2.1159831E-21
   4.2117811E+02  -1.0445693E-21
   4.2151185E+02   3.0069045E-22
   4.2184559E+02   1.7914252E-21
   4.2217933E+02   3.2621231E-21
   4.2251307E+02   4.5256784E-21
   4.2284681E+02   5.3941046E-21
   4.2318054E+02   5.7025419E-21
   4.2351428E+02   5.3339482E-21
   4.2384802E+02   4.2413843E-21
   4.2418176E+02   2.4645875E-21
   4.2451550E+02   1.3777737E-22
   4.2484924E+02  -2.5137231E-21
   4.2518298E+02  -5.1893737E-21
   4.2551671E+02  -7.5417013E-21
   4.2585045E+02  -9.2152016E-21
   4.2618419E+02  -9.8923822E-21
   4.2651793E+02  -9.3419468E-21
   4.2685167E+02  -7.4630004E-21
   4.2718541E+02  -4.3187003E-21
   4.2751915E+02  -1.5309586E-22
   4.2785288E+02   4.6138709E-21
   4.2818662E+02   9.4160909E-21
   4.2852036E+02   1.3595768E-20
   4.2885410E+02   1.6479292E-20
   4.2918784E+02   1.7467634E-20
   4.2952158E+02   1.6131343E-20
   4.2985532E+02   1.2297717E-20
   4.3018905E+02   6.1169522E-21
   4.3052279E+02  -1.9055341E-21
   4.3085653E+02  -1.0920657E-20
   4.3119027E+02  -1.9797036E-20
   4.3152401E+02  -2.7231939E-20
   4.3185775E+02  -3.1905028E-20
   4.3219149E+02  -3.2660635E-20
   4.3252522E+02  -2.8698350E-20
   4.3285896E+02  -1.9746795E-20
   4.3319270E+02  -6.1938630E-21
   4.3352644E+02   1.0852043E-20
   4.3386018E+02   2.9589750E-20
   4.3419392E+02   4.7653216E-20
   4.3452766E+02   6.2338955E-20
   4.3486140E+02   7.0918601E-20
   4.3519513E+02   7.1008169E-20
   4.3552887E+02   6.0953660E-20
   4.3586261E+02   4.0183762E-20
   4.3619635E+02   9.4768855E-21
   4.3653009E+02  -2.8906573E-20
   4.3686383E+02  -7.1265946E-20
   4.3719757E+02  -1.1269783E-19
   4.3753130E+02  -1.4752880E-19
   4.3786504E+02  -1.6991688E-19
   4.3819878E+02  -1.7456920E-19
   4.3853252E+02  -1.5750060E-19
   4.3886626E+02  -1.1674186E-19
   4.3920000E+02  -5.2899273E-20
   4.3953374E+02   3.0526163E-20
   4.3986747E+02   1.2713483E-19
   4.4020121E+02   2.2798385E-19
   4.4053495E+02   3.2230656E-19
   4.4086869E+02   3.9855534E-19
   4.4120243E+02   4.4568264E-19
   4.4153617E+02   4.5453306E-19
   4.4186991E+02   4.1919210E-19
   4.4220364E+02   3.3812316E-19
   4.4253738E+02   2.1493031E-19
   4.4287112E+02   5.8613042E-20
   4.4320486E+02  -1.1677571E-19
   4.4353860E+02  -2.9309470E-19
   4.4387234E+02  -4.4965673E-19
   4.4420608E+02  -5.6523112E-19
   4.4453981E+02  -6.2032208E-19
   4.4487355E+02  -5.9949155E-19
   4.4520729E+02  -4.9346333E-19
   4.4554103E+02  -3.0075336E-19
   4.4587477E+02  -2.8594141E-20
   4.4620851E+02   3.0701191E-19
   4.4654225E+02   6.8219586E-19
   4.4687598E+02   1.0670624E-18
   4.4720972E+02   1.4283422E-18
   4.4754346E+02   1.7326216E-18
   4.4787720E+02   1.9498380E-18
   4.4821094E+02   2.0566574E-18
   4.4854468E+02   2.0393460E-18
   4.4887842E+02   1.8957573E-18
   4.4921215E+02   1.6361247E-18
   4.4954589E+02   1.2824504E-18
   4.4987963E+02   8.6640609E-19
   4.5021337E+02   4.2581138E-19
   4.5054711E+02  -9.9985457E-23
   4.5088085E+02  -3.7628136E-19
   4.5121459E+02  -6.7788940E-19
   4.5154832E+02  -8.9619333E-19
   4.5188206E+02  -1.0438671E-18
   4.5221580E+02  -1.1591883E-18
   4.5254954E+02  -1.3087987E-18
   4.5288328E+02  -1.5888355E-18
   4.5321702E+02  -2.1244430E-18
   4.5355076E+02  -3.0679130E-18
   4.5388450E+02  -4.5958701E-18
   4.5421823E+02  -6.9061173E-18
   4.5455197E+02  -1.0214863E-17
   4.5488571E+02  -1.4755062E-17
   4.5521945E+02  -2.0776616E-17
   4.5555319E+02  -2.8549020E-17
   4.5588693E+02  -3.8366960E-17
   4.5622067E+02  -5.0559000E-17
   4.5655440E+02  -6.5499602E-17
   4.5688814E+02  -8.3624016E-17
   4.5722188E+02  -1.0544583E-16
   4.5755562E+02  -1.3157632E-16
   4.5788936E+02  -1.6274522E-16
   4.5822310E+02  -1.9982205E-16
   4.5855684E+02  -2.4383622E-16
   4.5889057E+02  -2.9599736E-16
   4.5922431E+02  -3.5771281E-16
   4.5955805E+02  -4.3060439E-16
   4.5989179E+02  -5.1652096E-16
   4.6022553E+02  -6.1754986E-16
   4.6055927E+02  -7.3602520E-16
   4.6089301E+02  -8.7453002E-16
   4.6122674E+02  -1.0358954E-15
   4.6156048E+02  -1.2231846E-15
   4.6189422E+02  -1.4396695E-15
   4.6222796E+02  -1.6887845E-15
   4.6256170E+02  -1.9740528E-15
   4.6289544E+02  -2.2989825E-15
   4.6322918E+02  -2.6669150E-15
   4.6356291E+02  -3.0808331E-15
   4.6389665E+02  -3.5430922E-15
   4.6423039E+02  -4.0551054E-15
   4.6456413E+02  -4.6169136E-15
   4.6489787E+02  -5.2266744E-15
   4.6523161E+02  -5.8799951E-15
   4.6556535E+02  -6.5691179E-15
   4.6589908E+02  -7.2818719E-15
   4.6623282E+02  -8.0004041E-15
   4.6656656E+02  -8.6995637E-15
   4.6690030E+02  -9.3449554E-15
   4.6723404E+02  -9.8905191E-15
   4.6756778E+02  -1.0275574E-14
   4.6790152E+02  -1.0421223E-14
   4.6823525E+02  -1.0225946E-14
   4.6856899E+02  -9.5602203E-15
   4.6890273E+02  -8.2600247E-15
   4.6923647E+02  -6.1189457E-15
   4.6957021E+02  -2.8787109E-15
   4.6990395E+02   1.7822132E-15
   4.7023769E+02   8.2622609E-15
   4.7057142E+02   1.7053047E-14
   4.7090516E+02   2.8758354E-14
   4.7123890E+02   4.4117284E-14
   4.7157264E+02   6.4030466E-14
   4.7190638E+02   8.9591901E-14
   4.7224012E+02   1.2212593E-13
   4.7257386E+02   1.6323016E-13
   4.7290760E+02   2.1482683E-13
   4.7324133E+02   2.7922217E-13
   4.7357507E+02   3.5917563E-13
   4.7390881E+02   4.5798153E-13
   4.7424255E+02   5.7956298E-13
   4.7457629E+02   7.2858093E-13
   4.7491003E+02   9.1056156E-13
   4.7524377E+02   1.1320432E-12
   4.7557750E+02   1.4007458E-12
   4.7591124E+02   1.7257677E-12
   4.7624498E+02   2.1178090E-12
   4.7657872E+02   2.5894350E-12
   4.7691246E+02   3.1553696E-12
   4.7724620E+02   3.8328364E-12
   4.7757994E+02   4.6419457E-12
   4.7791367E+02   5.6061379E-12
   4.7824741E+02   6.7526926E-12
   4.7858115E+02   8.1132896E-12
   4.7891489E+02   9.7246577E-12
   4.7924863E+02   1.1629320E-11
   4.7958237E+02   1.3876407E-11
   4.7991611E+02   1.6522618E-11
   4.8024984E+02   1.9633243E-11
   4.8058358E+02   2.3283358E-11
   4.8091732E+02   2.7559184E-11
   4.8125106E+02   3.2559525E-11
   4.8158480E+02   3.8397473E-11
   4.8191854E+02   4.5202217E-11
   4.8225228E+02   5.3121160E-11
   4.8258601E+02   6.2322189E-11
   4.8291975E+02   7.2996172E-11
   4.8325349E+02   8.5359768E-11
   4.8358723E+02   9.9658545E-11
   4.8392097E+02   1.1617043E-10
   4.8425471E+02   1.3520936E-10
   4.8458845E+02   1.5712934E-10
   4.8492218E+02   1.8232901E-10
   4.8525592E+02   2.1125666E-10
   4.8558966E+02   2.4441518E-10
   4.8592340E+02   2.8236835E-10
   4.8625714E+02   3.2574643E-10
   4.8659088E+02   3.7525330E-10
   4.8692462E+02   4.3167392E-10
   4.8725835E+02   4.9588161E-10
   4.8759209E+02   5.6884630E-10
   4.8792583E+02   6.5164341E-10
   4.8825957E+02   7.4546380E-10
   4.8859331E+02   8.5162349E-10
   4.8892705E+02   9.7157316E-10
   4.8926079E+02   1.1069108E-09
   4.8959452E+02   1.2593918E-09
   4.8992826E+02   1.4309411E-09
   4.9026200E+02   1.6236664E-09
   4.9059574E+02   1.8398711E-09
   4.9092948E+02   2.0820639E-09
   4.9126322E+02   2.3529778E-09
   4.9159696E+02   2.6555784E-09
   4.9193069E+02   2.9930805E-09
   4.9226443E+02   3.3689576E-09
   4.9259817E+02   3.7869587E-09
   4.9293191E+02   4.2511190E-09
   4.9326565E+02   4.7657709E-09
   4.9359939E+02   5.3355604E-09
   4.9393313E+02   5.9654450E-09
   4.9426687E+02   6.6607191E-09
   4.9460060E+02   7.4270061E-09
   4.9493434E+02   8.2702689E-09
   4.9526808E+02   9.1968140E-09
   4.9560182E+02   1.0213297E-08
   4.9593556E+02   1.1326708E-08
   4.9626930E+02   1.2544378E-08
   4.9660304E+02   1.3873951E-08
   4.9693677E+02   1.5323408E-08
   4.9727051E+02   1.6901003E-08
   4.9760425E+02   1.8615280E-08
   4.9793799E+02   2.0475015E-08
   4.9827173E+02   2.2489214E-08
   4.9860547E+02   2.4667035E-08
   4.9893921E+02   2.7017787E-08
   4.9927294E+02   2.9550833E-08
   4.9960668E+02   3.2275558E-08
   4.9994042E+02   3.5201303E-08
   5.0027416E+02   3.8337301E-08
   5.0060790E+02   4.1692530E-08
   5.0094164E+02   4.5275719E-08
   5.0127538E+02   4.9095171E-08
   5.0160911E+02   5.3158697E-08
   5.0194285E+02   5.7473521E-08
   5.0227659E+02   6.2046091E-08
   5.0261033E+02   6.6881981E-08
   5.0294407E+02   7.1985802E-08
   5.0327781E+02   7.7360966E-08
   5.0361155E+02   8.3009603E-08
   5.0394528E+02   8.8932381E-08
   5.0427902E+02   9.5128385E-08
   5.0461276E+02   1.0159484E-07
   5.0494650E+02   1.0832709E-07
   5.0528024E+02   1.1531822E-07
   5.0561398E+02   1.2255919E-07
   5.0594772E+02   1.3003840E-07
   5.0628145E+02   1.3774158E-07
   5.0661519E+02   1.4565168E-07
   5.0694893E+02   1.5374877E-07
   5.0728267E+02   1.6200974E-07
   5.0761641E+02   1.7040817E-07
   5.0795015E+02   1.7891439E-07
   5.0828389E+02   1.8749508E-07
   5.0861762E+02   1.9611350E-07
   5.0895136E+02   2.0472913E-07
   5.0928510E+02   2.1329780E-07
   5.0961884E+02   2.2177140E-07
   5.0995258E+02   2.3009831E-07
   5.1028632E+02   2.3822282E-07
   5.1062006E+02   2.4608588E-07
   5.1095379E+02   2.5362448E-07
   5.1128753E+02   2.6077237E-07
   5.1162127E+02   2.6745957E-07
   5.1195501E+02   2.7361330E-07
   5.1228875E+02   2.7915740E-07
   5.1262249E+02   2.8401340E-07
   5.1295623E+02   2.8809984E-07
   5.1328997E+02   2.9133355E-07
   5.1362370E+02   2.9362985E-07
   5.1395744E+02   2.9490224E-07
   5.1429118E+02   2.9506356E-07
   5.1462492E+02   2.9402628E-07
   5.1495866E+02   2.9170309E-07
   5.1529240E+02   2.8800702E-07
   5.1562614E+02   2.8285299E-07
   5.1595987E+02   2.7615732E-07
   5.1629361E+02   2.6783880E-07
   5.1662735E+02   2.5781995E-07
   5.1696109E+02   2.4602645E-07
   5.1729483E+02   2.3238910E-07
   5.1762857E+02   2.1684397E-07
   5.1796231E+02   1.9933258E-07
   5.1829604E+02   1.7980366E-07
   5.1862978E+02   1.5821318E-07
   5.1896352E+02   1.3452495E-07
   5.1929726E+02   1.0871165E-07
   5.1963100E+02   8.0755420E-08
   5.1996474E+02   5.0648193E-08
   5.2029848E+02   1.8392464E-08
   5.2063221E+02  -1.5998058E-08
   5.2096595E+02  -5.2498297E-08
   5.2129969E+02  -9.1071172E-08
   5.2163343E+02  -1.3166722E-07
   5.2196717E+02  -1.7422443E-07
   5.2230091E+02  -2.1866796E-07
   5.2263465E+02  -2.6490991E-07
   5.2296838E+02  -3.1284958E-07
   5.2330212E+02  -3.6237279E-07
   5.2363586E+02  -4.1335301E-07
   5.2396960E+02  -4.6565034E-07
   5.2430334E+02  -5.1911320E-07
   5.2463708E+02  -5.7357749E-07
   5.2497082E+02  -6.2886761E-07
   5.2530455E+02  -6.8479676E-07
   5.2563829E+02  -7.4116849E-07
   5.2597203E+02  -7.9777595E-07
   5.2630577E+02  -8.5440411E-07
   5.2663951E+02  -9.1083007E-07
   5.2697325E+02  -9.6682379E-07
   5.2730699E+02  -1.0221502E-06
   5.2764072E+02  -1.0765682E-06
   5.2797446E+02  -1.1298357E-06
   5.2830820E+02  -1.1817066E-06
   5.2864194E+02  -1.2319348E-06
   5.2897568E+02  -1.2802742E-06
   5.2930942E+02  -1.3264823E-06
   5.2964316E+02  -1.3703177E-06
   5.2997689E+02  -1.4115462E-06
   5.3031063E+02  -1.4499390E-06
   5.3064437E+02  -1.4852739E-06
   5.3097811E+02  -1.5173390E-06
   5.3131185E+02  -1.5459335E-06
   5.3164559E+02  -1.5708674E-06
   5.3197933E+02  -1.5919642E-06
   5.3231306E+02  -1.6090626E-06
   5.3264680E+02  -1.6220148E-06
   5.3298054E+02  -1.6306924E-06
   5.3331428E+02  -1.6349827E-06
   5.3364802E+02  -1.6347922E-06
   5.3398176E+02  -1.6300471E-06
   5.3431550E+02  -1.6206936E-06
   5.3464924E+02  -1.6066987E-06
   5.3498297E+02  -1.5880502E-06
   5.3531671E+02  -1.5647573E-06
   5.3565045E+02  -1.5368523E-06
   5.3598419E+02  -1.5043875E-06
   5.3631793E+02  -1.4674381E-06
   5.3665167E+02  -1.4261010E-06
   5.3698541E+02  -1.3804930E-06
   5.3731914E+02  -1.3307537E-06
   5.3765288E+02  -1.2770412E-06
   5.3798662E+02  -1.2195336E-06
   5.3832036E+02  -1.1584285E-06
   5.3865410E+02  -1.0939402E-06
   5.3898784E+02  -1.0263003E-06
   5.3932158E+02  -9.5575501E-07
   5.3965531E+02  -8.8256598E-07
   5.3998905E+02  -8.0700676E-07
   5.4032279E+02  -7.2936228E-07
   5.4065653E+02  -6.4992764E-07
   5.4099027E+02  -5.6900615E-07
   5.4132401E+02  -4.8690799E-07
   5.4165775E+02  -4.0394781E-07
   5.4199148E+02  -3.2044383E-07
   5.4232522E+02  -2.3671630E-07
   5.4265896E+02  -1.5308447E-07
   5.4299270E+02  -6.9866587E-08
   5.4332644E+02   1.2623033E-08
   5.4366018E+02   9.4075176E-08
   5.4399392E+02   1.7418731E-07
   5.4432765E+02   2.5266559E-07
   5.4466139E+02   3.2922574E-07
   5.4499513E+02   4.0359467E-07
   5.4532887E+02   4.7551239E-07
   5.4566261E+02   5.4473247E-07
   5.4599635E+02   6.1102389E-07
   5.4633009E+02   6.7417136E-07
   5.4666382E+02   7.3397712E-07
   5.4699756E+02   7.9026142E-07
   5.4733130E+02   8.4286273E-07
   5.4766504E+02   8.9163973E-07
   5.4799878E+02   9.3646997E-07
   5.4833252E+02   9.7725172E-07
   5.4866626E+02   1.0139040E-06
   5.4899999E+02   1.0463654E-06
   5.4933373E+02   1.0745960E-06
   5.4966747E+02   1.0985757E-06
   5.5000121E+02   1.1183048E-06
   5.5033495E+02   1.1338035E-06
   5.5066869E+02   1.1451109E-06
   5.5100243E+02   1.1522853E-06
   5.5133616E+02   1.1554024E-06
   5.5166990E+02   1.1545559E-06
   5.5200364E+02   1.1498548E-06
   5.5233738E+02   1.1414249E-06
   5.5267112E+02   1.1294062E-06
   5.5300486E+02   1.1139507E-06
   5.5333860E+02   1.0952235E-06
   5.5367234E+02   1.0734016E-06
   5.5400607E+02   1.0486704E-06
   5.5433981E+02   1.0212245E-06
   5.5467355E+02   9.9126589E-07
   5.5500729E+02   9.5900225E-07
   5.5534103E+02   9.2464586E-07
   5.5567477E+02   8.8841318E-07
   5.5600851E+02   8.5052164E-07
   5.5634224E+02   8.1119083E-07
   5.5667598E+02   7.7063908E-07
   5.5700972E+02   7.2908375E-07
   5.5734346E+02   6.8673984E-07
   5.5767720E+02   6.4381783E-07
   5.5801094E+02   6.0052372E-07
   5.5834468E+02   5.5705800E-07
   5.5867841E+02   5.1361428E-07
   5.5901215E+02   4.7037855E-07
   5.5934589E+02   4.2752828E-07
   5.5967963E+02   3.8523240E-07
   5.6001337E+02   3.4364970E-07
   5.6034711E+02   3.0292907E-07
   5.6068085E+02   2.6320836E-07
   5.6101458E+02   2.2461461E-07
   5.6134832E+02   1.8726340E-07
   5.6168206E+02   1.5125835E-07
   5.6201580E+02   1.1669170E-07
   5.6234954E+02   8.3643357E-08
   5.6268328E+02   5.2181527E-08
   5.6301702E+02   2.2362407E-08
   5.6335075E+02  -5.7692944E-09
   5.6368449E+02  -3.2180697E-08
   5.6401823E+02  -5.6850009E-08
   5.6435197E+02  -7.9766252E-08
   5.6468571E+02  -1.0092899E-07
   5.6501945E+02  -1.2034781E-07
   5.6535319E+02  -1.3804187E-07
   5.6568692E+02  -1.5403930E-07
   5.6602066E+02  -1.6837672E-07
   5.6635440E+02  -1.8109856E-07
   5.6668814E+02  -1.9225644E-07
   5.6702188E+02  -2.0190856E-07
   5.6735562E+02  -2.1011900E-07
   5.6768936E+02  -2.1695686E-07
   5.6802309E+02  -2.2249583E-07
   5.6835683E+02  -2.2681319E-07
   5.6869057E+02  -2.2998933E-07
   5.6902431E+02  -2.3210684E-07
   5.6935805E+02  -2.3325009E-07
   5.6969179E+02  -2.3350421E-07
   5.7002553E+02  -2.3295482E-07
   5.7035926E+02  -2.3168712E-07
   5.7069300E+02  -2.2978543E-07
   5.7102674E+02  -2.2733256E-07
   5.7136048E+02  -2.2440923E-07
   5.7169422E+02  -2.2109371E-07
   5.7202796E+02  -2.1746111E-07
   5.7236170E+02  -2.1358312E-07
   5.7269543E+02  -2.0952766E-07
   5.7302917E+02  -2.0535832E-07
   5.7336291E+02  -2.0113430E-07
   5.7369665E+02  -1.9691007E-07
   5.7403039E+02  -1.9273520E-07
   5.7436413E+02  -1.8865428E-07
   5.7469787E+02  -1.8470669E-07
   5.7503161E+02  -1.8092661E-07
   5.7536534E+02  -1.7734310E-07
   5.7569908E+02  -1.7397990E-07
   5.7603282E+02  -1.7085573E-07
   5.7636656E+02  -1.6798423E-07
   5.7670030E+02  -1.6537416E-07
   5.7703404E+02  -1.6302957E-07
   5.7736778E+02  -1.6094991E-07
   5.7770151E+02  -1.5913054E-07
   5.7803525E+02  -1.5756271E-07
   5.7836899E+02  -1.5623408E-07
   5.7870273E+02  -1.5512883E-07
   5.7903647E+02  -1.5422836E-07
   5.7937021E+02  -1.5351121E-07
   5.7970395E+02  -1.5295365E-07
   5.8003768E+02  -1.5253008E-07
   5.8037142E+02  -1.5221320E-07
   5.8070516E+02  -1.5197458E-07
   5.8103890E+02  -1.5178486E-07
   5.8137264E+02  -1.5161422E-07
   5.8170638E+02  -1.5143266E-07
   5.8204012E+02  -1.5121037E-07
   5.8237385E+02  -1.5091815E-07
   5.8270759E+02  -1.5052754E-07
   5.8304133E+02  -1.5001135E-07
   5.8337507E+02  -1.4934375E-07
   5.8370881E+02  -1.4850059E-07
   5.8404255E+02  -1.4745964E-07
   5.8437629E+02  -1.4620079E-07
   5.8471002E+02  -1.4470608E-07
   5.8504376E+02  -1.4296016E-07
   5.8537750E+02  -1.4095008E-07
   5.8571124E+02  -1.3866548E-07
   5.8604498E+02  -1.3609895E-07
   5.8637872E+02  -1.3324569E-07
   5.8671246E+02  -1.3010384E-07
   5.8704619E+02  -1.2667432E-07
   5.8737993E+02  -1.2296093E-07
   5.8771367E+02  -1.1897022E-07
   5.8804741E+02  -1.1471150E-07
   5.8838115E+02  -1.1019664E-07
   5.8871489E+02  -1.0544004E-07
   5.8904863E+02  -1.0045846E-07
   5.8938236E+02  -9.5270877E-08
   5.8971610E+02  -8.9898393E-08
   5.9004984E+02  -8.4363926E-08
   5.9038358E+02  -7.8692224E-08
   5.9071732E+02  -7.2909579E-08
   5.9105106E+02  -6.7043679E-08
   5.9138480E+02  -6.1123437E-08
   5.9171853E+02  -5.5178752E-08
   5.9205227E+02  -4.9240256E-08
   5.9238601E+02  -4.3339156E-08
   5.9271975E+02  -3.7507121E-08
   5.9305349E+02  -3.1775670E-08
   5.9338723E+02  -2.6176536E-08
   5.9372097E+02  -2.0740927E-08
   5.9405471E+02  -1.5499452E-08
   5.9438844E+02  -1.0482410E-08
   5.9472218E+02  -5.7188743E-09
   5.9505592E+02  -1.2370691E-09
   5.9538966E+02   2.9360621E-09
   5.9572340E+02   6.7747834E-09
   5.9605714E+02   1.0255079E-08
   5.9639088E+02   1.3354367E-08
   5.9672461E+02   1.6052255E-08
   5.9705835E+02   1.8329786E-08
   5.9739209E+02   2.0170489E-08
   5.9772583E+02   2.1559998E-08
   5.9805957E+02   2.2485978E-08
   5.9839331E+02   2.2938693E-08
   5.9872705E+02   2.2910754E-08
   5.9906078E+02   2.2397089E-08
   5.9939452E+02   2.1395266E-08
   5.9972826E+02   1.9905272E-08
   6.0006200E+02   1.7929494E-08
   6.0039574E+02   1.5473034E-08
   6.0072948E+02   1.2543410E-08
   6.0106322E+02   9.1507246E-09
   6.0139695E+02   5.3075695E-09
   6.0173069E+02   1.0290648E-09
   6.0206443E+02  -3.6672816E-09
   6.0239817E+02  -8.7615035E-09
   6.0273191E+02  -1.4231546E-08
   6.0306565E+02  -2.0053051E-08
   6.0339939E+02  -2.6199615E-08
   6.0373312E+02  -3.2642916E-08
   6.0406686E+02  -3.9352742E-08
   6.0440060E+02  -4.6297217E-08
   6.0473434E+02  -5.3442825E-08
   6.0506808E+02  -6.0754608E-08
   6.0540182E+02  -6.8196329E-08
   6.0573556E+02  -7.5730455E-08
   6.0606929E+02  -8.3318568E-08
   6.0640303E+02  -9.0921404E-08
   6.0673677E+02  -9.8498951E-08
   6.0707051E+02  -1.0601079E-07
   6.0740425E+02  -1.1341626E-07
   6.0773799E+02  -1.2067451E-07
   6.0807173E+02  -1.2774488E-07
   6.0840546E+02  -1.3458687E-07
   6.0873920E+02  -1.4116057E-07
   6.0907294E+02  -1.4742648E-07
   6.0940668E+02  -1.5334612E-07
   6.0974042E+02  -1.5888182E-07
   6.1007416E+02  -1.6399709E-07
   6.1040790E+02  -1.6865681E-07
   6.1074163E+02  -1.7282738E-07
   6.1107537E+02  -1.7647693E-07
   6.1140911E+02  -1.7957511E-07
   6.1174285E+02  -1.8209404E-07
   6.1207659E+02  -1.8400777E-07
   6.1241033E+02  -1.8529252E-07
   6.1274407E+02  -1.8592728E-07
   6.1307781E+02  -1.8589303E-07
   6.1341154E+02  -1.8517373E-07
   6.1374528E+02  -1.8375599E-07
   6.1407902E+02  -1.8162901E-07
   6.1441276E+02  -1.7878506E-07
   6.1474650E+02  -1.7521924E-07
   6.1508024E+02  -1.7092933E-07
   6.1541398E+02  -1.6591662E-07
   6.1574771E+02  -1.6018512E-07
   6.1608145E+02  -1.5374201E-07
   6.1641519E+02  -1.4659744E-07
   6.1674893E+02  -1.3876461E-07
   6.1708267E+02  -1.3025982E-07
   6.1741641E+02  -1.2110186E-07
   6.1775015E+02  -1.1131294E-07
   6.1808388E+02  -1.0091761E-07
   6.1841762E+02  -8.9943342E-08
   6.1875136E+02  -7.8420150E-08
   6.1908510E+02  -6.6380522E-08
   6.1941884E+02  -5.3859367E-08
   6.1975258E+02  -4.0893759E-08
   6.2008632E+02  -2.7523001E-08
   6.2042005E+02  -1.3788394E-08
   6.2075379E+02   2.6711788E-10
   6.2108753E+02   1.4598787E-08
   6.2142127E+02   2.9160489E-08
   6.2175501E+02   4.3904759E-08
   6.2208875E+02   5.8783062E-08
   6.2242249E+02   7.3745809E-08
   6.2275622E+02   8.8742695E-08
   6.2308996E+02   1.0372278E-07
   6.2342370E+02   1.1863456E-07
   6.2375744E+02   1.3342634E-07
   6.2409118E+02   1.4804614E-07
   6.2442492E+02   1.6244201E-07
   6.2475866E+02   1.7656212E-07
   6.2509239E+02   1.9035477E-07
   6.2542613E+02   2.0376869E-07
   6.2575987E+02   2.1675316E-07
   6.2609361E+02   2.2925778E-07
   6.2642735E+02   2.4123301E-07
   6.2676109E+02   2.5263020E-07
   6.2709483E+02   2.6340103E-07
   6.2742856E+02   2.7349847E-07
   6.2776230E+02   2.8287610E-07
   6.2809604E+02   2.9148836E-07
   6.2842978E+02   2.9929095E-07
   6.2876352E+02   3.0624011E-07
   6.2909726E+02   3.1229314E-07
   6.2943100E+02   3.1740859E-07
   6.2976473E+02   3.2154543E-07
   6.3009847E+02   3.2466423E-07
   6.3043221E+02   3.2672602E-07
   6.3076595E+02   3.2769321E-07
   6.3109969E+02   3.2752902E-07
   6.3143343E+02   3.2619778E-07
   6.3176717E+02   3.2366472E-07
   6.3210090E+02   3.1989634E-07
   6.3243464E+02   3.1486024E-07
   6.3276838E+02   3.0852536E-07
   6.3310212E+02   3.0086181E-07
   6.3343586E+02   2.9184116E-07
   6.3376960E+02   2.8143640E-07
   6.3410334E+02   2.6962277E-07
   6.3443708E+02   2.5637681E-07
   6.3477081E+02   2.4167738E-07
   6.3510455E+02   2.2550564E-07
   6.3543829E+02   2.0784512E-07
   6.3577203E+02   1.8868256E-07
   6.3610577E+02   1.6800740E-07
   6.3643951E+02   1.4581258E-07
   6.3677325E+02   1.2209428E-07
   6.3710698E+02   9.6853242E-08
   6.3744072E+02   7.0094210E-08
   6.3777446E+02   4.1826457E-08
   6.3810820E+02   1.2064092E-08
   6.3844194E+02  -1.9173214E-08
   6.3877568E+02  -5.1860113E-08
   6.3910942E+02  -8.5965773E-08
   6.3944315E+02  -1.2145264E-07
   6.3977689E+02  -1.5827685E-07
   6.4011063E+02  -1.9638807E-07
   6.4044437E+02  -2.3572811E-07
   6.4077811E+02  -2.7623244E-07
   6.4111185E+02  -3.1782878E-07
   6.4144559E+02  -3.6043761E-07
   6.4177932E+02  -4.0397154E-07
   6.4211306E+02  -4.4833584E-07
   6.4244680E+02  -4.9342822E-07
   6.4278054E+02  -5.3913863E-07
   6.4311428E+02  -5.8535016E-07
   6.4344802E+02  -6.3193829E-07
   6.4378176E+02  -6.7877215E-07
   6.4411549E+02  -7.2571396E-07
   6.4444923E+02  -7.7261984E-07
   6.4478297E+02  -8.1934041E-07
   6.4511671E+02  -8.6572112E-07
   6.4545045E+02  -9.1160280E-07
   6.4578419E+02  -9.5682230E-07
   6.4611793E+02  -1.0012135E-06
   6.4645166E+02  -1.0446076E-06
   6.4678540E+02  -1.0868346E-06
   6.4711914E+02  -1.1277226E-06
   6.4745288E+02  -1.1671013E-06
   6.4778662E+02  -1.2048001E-06
   6.4812036E+02  -1.2406512E-06
   6.4845410E+02  -1.2744890E-06
   6.4878783E+02  -1.3061530E-06
   6.4912157E+02  -1.3354863E-06
   6.4945531E+02  -1.3623390E-06
   6.4978905E+02  -1.3865672E-06
   6.5012279E+02  -1.4080354E-06
   6.5045653E+02  -1.4266174E-06
   6.5079027E+02  -1.4421950E-06
   6.5112400E+02  -1.4546623E-06
   6.5145774E+02  -1.4639232E-06
   6.5179148E+02  -1.4698956E-06
   6.5212522E+02  -1.4725085E-06
   6.5245896E+02  -1.4717051E-06
   6.5279270E+02  -1.4674418E-06
   6.5312644E+02  -1.4596903E-06
   6.5346018E+02  -1.4484373E-06
   6.5379391E+02  -1.4336838E-06
   6.5412765E+02  -1.4154467E-06
   6.5446139E+02  -1.3937579E-06
   6.5479513E+02  -1.3686654E-06
   6.5512887E+02  -1.3402318E-06
   6.5546261E+02  -1.3085355E-06
   6.5579635E+02  -1.2736696E-06
   6.5613008E+02  -1.2357410E-06
   6.5646382E+02  -1.1948721E-06
   6.5679756E+02  -1.1511975E-06
   6.5713130E+02  -1.1048653E-06
   6.5746504E+02  -1.0560351E-06
   6.5779878E+02  -1.0048785E-06
   6.5813252E+02  -9.5157702E-07
   6.5846625E+02  -8.9632164E-07
   6.5879999E+02  -8.3931201E-07
   6.5913373E+02  -7.8075504E-07
   6.5946747E+02  -7.2086402E-07
   6.5980121E+02  -6.5985711E-07
   6.6013495E+02  -5.9795667E-07
