  -7.8094826E+01   0.0000000E+00
  -7.7761087E+01   0.0000000E+00
  -7.7427349E+01   0.0000000E+00
  -7.7093610E+01   0.0000000E+00
  -7.6759871E+01   0.0000000E+00
  -7.6426133E+01   0.0000000E+00
  -7.6092394E+01   0.0000000E+00
  -7.5758656E+01   0.0000000E+00
  -7.5424917E+01   0.0000000E+00
  -7.5091178E+01   0.0000000E+00
  -7.4757440E+01   0.0000000E+00
  -7.4423701E+01   0.0000000E+00
  -7.4089963E+01   0.0000000E+00
  -7.3756224E+01   0.0000000E+00
  -7.3422485E+01   0.0000000E+00
  -7.3088747E+01   0.0000000E+00
  -7.2755008E+01   0.0000000E+00
  -7.2421270E+01   0.0000000E+00
  -7.2087531E+01   0.0000000E+00
  -7.1753792E+01   0.0000000E+00
  -7.1420054E+01   0.0000000E+00
  -7.1086315E+01   0.0000000E+00
  -7.0752577E+01   0.0000000E+00
  -7.0418838E+01   0.0000000E+00
  -7.0085099E+01   0.0000000E+00
  -6.9751361E+01   0.0000000E+00
  -6.9417622E+01   0.0000000E+00
  -6.9083884E+01   0.0000000E+00
  -6.8750145E+01   0.0000000E+00
  -6.8416406E+01   0.0000000E+00
  -6.8082668E+01   0.0000000E+00
  -6.7748929E+01   0.0000000E+00
  -6.7415191E+01   0.0000000E+00
  -6.7081452E+01   0.0000000E+00
  -6.6747714E+01   0.0000000E+00
  -6.6413975E+01   0.0000000E+00
  -6.6080236E+01   0.0000000E+00
  -6.5746498E+01   0.0000000E+00
  -6.5412759E+01   0.0000000E+00
  -6.5079021E+01   0.0000000E+00
  -6.4745282E+01   0.0000000E+00
  -6.4411543E+01   0.0000000E+00
  -6.4077805E+01   0.0000000E+00
  -6.3744066E+01   0.0000000E+00
  -6.3410328E+01   0.0000000E+00
  -6.3076589E+01   0.0000000E+00
  -6.2742850E+01   0.0000000E+00
  -6.2409112E+01   0.0000000E+00
  -6.2075373E+01   0.0000000E+00
  -6.1741635E+01   0.0000000E+00
  -6.1407896E+01   0.0000000E+00
  -6.1074157E+01   0.0000000E+00
  -6.0740419E+01   0.0000000E+00
  -6.0406680E+01   0.0000000E+00
  -6.0072942E+01   0.0000000E+00
  -5.9739203E+01   0.0000000E+00
  -5.9405464E+01   0.0000000E+00
  -5.9071726E+01   0.0000000E+00
  -5.8737987E+01   0.0000000E+00
  -5.8404249E+01   0.0000000E+00
  -5.8070510E+01   0.0000000E+00
  -5.7736771E+01   0.0000000E+00
  -5.7403033E+01   0.0000000E+00
  -5.7069294E+01   0.0000000E+00
  -5.6735556E+01   0.0000000E+00
  -5.6401817E+01   0.0000000E+00
  -5.6068078E+01   0.0000000E+00
  -5.5734340E+01   0.0000000E+00
  -5.5400601E+01   0.0000000E+00
  -5.5066863E+01   0.0000000E+00
  -5.4733124E+01   0.0000000E+00
  -5.4399385E+01   0.0000000E+00
  -5.4065647E+01   0.0000000E+00
  -5.3731908E+01   0.0000000E+00
  -5.3398170E+01   0.0000000E+00
  -5.3064431E+01   0.0000000E+00
  -5.2730693E+01   0.0000000E+00
  -5.2396954E+01   0.0000000E+00
  -5.2063215E+01   0.0000000E+00
  -5.1729477E+01   0.0000000E+00
  -5.1395738E+01   0.0000000E+00
  -5.1062000E+01   0.0000000E+00
  -5.0728261E+01   0.0000000E+00
  -5.0394522E+01   0.0000000E+00
  -5.0060784E+01   0.0000000E+00
  -4.9727045E+01   0.0000000E+00
  -4.9393307E+01   0.0000000E+00
  -4.9059568E+01   0.0000000E+00
  -4.8725829E+01   0.0000000E+00
  -4.8392091E+01   0.0000000E+00
  -4.8058352E+01   0.0000000E+00
  -4.7724614E+01   0.0000000E+00
  -4.7390875E+01   0.0000000E+00
  -4.7057136E+01   0.0000000E+00
  -4.6723398E+01   0.0000000E+00
  -4.6389659E+01   0.0000000E+00
  -4.6055921E+01   0.0000000E+00
  -4.5722182E+01   0.0000000E+00
  -4.5388443E+01   0.0000000E+00
  -4.5054705E+01   0.0000000E+00
  -4.4720966E+01   0.0000000E+00
  -4.4387228E+01   0.0000000E+00
  -4.4053489E+01   0.0000000E+00
  -4.3719750E+01   0.0000000E+00
  -4.3386012E+01   0.0000000E+00
  -4.3052273E+01   0.0000000E+00
  -4.2718535E+01   0.0000000E+00
  -4.2384796E+01   0.0000000E+00
  -4.2051057E+01   0.0000000E+00
  -4.1717319E+01   0.0000000E+00
  -4.1383580E+01   0.0000000E+00
  -4.1049842E+01   0.0000000E+00
  -4.0716103E+01   0.0000000E+00
  -4.0382364E+01   0.0000000E+00
  -4.0048626E+01   0.0000000E+00
  -3.9714887E+01   0.0000000E+00
  -3.9381149E+01   0.0000000E+00
  -3.9047410E+01   0.0000000E+00
  -3.8713672E+01   0.0000000E+00
  -3.8379933E+01   0.0000000E+00
  -3.8046194E+01   0.0000000E+00
  -3.7712456E+01   0.0000000E+00
  -3.7378717E+01   0.0000000E+00
  -3.7044979E+01   0.0000000E+00
  -3.6711240E+01   0.0000000E+00
  -3.6377501E+01   0.0000000E+00
  -3.6043763E+01   0.0000000E+00
  -3.5710024E+01   0.0000000E+00
  -3.5376286E+01   0.0000000E+00
  -3.5042547E+01   0.0000000E+00
  -3.4708808E+01   0.0000000E+00
  -3.4375070E+01   0.0000000E+00
  -3.4041331E+01   0.0000000E+00
  -3.3707593E+01   0.0000000E+00
  -3.3373854E+01   0.0000000E+00
  -3.3040115E+01   0.0000000E+00
  -3.2706377E+01   0.0000000E+00
  -3.2372638E+01   0.0000000E+00
  -3.2038900E+01   0.0000000E+00
  -3.1705161E+01   0.0000000E+00
  -3.1371422E+01   0.0000000E+00
  -3.1037684E+01   0.0000000E+00
  -3.0703945E+01   0.0000000E+00
  -3.0370207E+01   0.0000000E+00
  -3.0036468E+01   0.0000000E+00
  -2.9702729E+01   0.0000000E+00
  -2.9368991E+01   0.0000000E+00
  -2.9035252E+01   0.0000000E+00
  -2.8701514E+01   0.0000000E+00
  -2.8367775E+01   0.0000000E+00
  -2.8034036E+01   0.0000000E+00
  -2.7700298E+01   0.0000000E+00
  -2.7366559E+01   0.0000000E+00
  -2.7032821E+01   0.0000000E+00
  -2.6699082E+01   0.0000000E+00
  -2.6365343E+01   0.0000000E+00
  -2.6031605E+01   0.0000000E+00
  -2.5697866E+01   0.0000000E+00
  -2.5364128E+01   0.0000000E+00
  -2.5030389E+01   0.0000000E+00
  -2.4696651E+01   0.0000000E+00
  -2.4362912E+01   0.0000000E+00
  -2.4029173E+01   0.0000000E+00
  -2.3695435E+01   0.0000000E+00
  -2.3361696E+01   0.0000000E+00
  -2.3027958E+01   0.0000000E+00
  -2.2694219E+01   0.0000000E+00
  -2.2360480E+01   0.0000000E+00
  -2.2026742E+01   0.0000000E+00
  -2.1693003E+01   0.0000000E+00
  -2.1359265E+01   0.0000000E+00
  -2.1025526E+01   0.0000000E+00
  -2.0691787E+01   0.0000000E+00
  -2.0358049E+01   0.0000000E+00
  -2.0024310E+01   0.0000000E+00
  -1.9690572E+01   0.0000000E+00
  -1.9356833E+01   0.0000000E+00
  -1.9023094E+01   0.0000000E+00
  -1.8689356E+01   0.0000000E+00
  -1.8355617E+01   0.0000000E+00
  -1.8021879E+01   0.0000000E+00
  -1.7688140E+01   0.0000000E+00
  -1.7354401E+01   0.0000000E+00
  -1.7020663E+01   0.0000000E+00
  -1.6686924E+01   0.0000000E+00
  -1.6353186E+01   0.0000000E+00
  -1.6019447E+01   0.0000000E+00
  -1.5685708E+01   0.0000000E+00
  -1.5351970E+01   0.0000000E+00
  -1.5018231E+01   0.0000000E+00
  -1.4684493E+01   0.0000000E+00
  -1.4350754E+01   0.0000000E+00
  -1.4017015E+01   0.0000000E+00
  -1.3683277E+01   0.0000000E+00
  -1.3349538E+01   0.0000000E+00
  -1.3015800E+01   0.0000000E+00
  -1.2682061E+01   0.0000000E+00
  -1.2348322E+01   0.0000000E+00
  -1.2014584E+01   0.0000000E+00
  -1.1680845E+01   0.0000000E+00
  -1.1347107E+01   0.0000000E+00
  -1.1013368E+01   0.0000000E+00
  -1.0679630E+01   0.0000000E+00
  -1.0345891E+01   0.0000000E+00
  -1.0012152E+01   0.0000000E+00
  -9.6784137E+00   0.0000000E+00
  -9.3446751E+00   0.0000000E+00
  -9.0109365E+00   0.0000000E+00
  -8.6771979E+00   0.0000000E+00
  -8.3434593E+00   0.0000000E+00
  -8.0097207E+00   0.0000000E+00
  -7.6759821E+00   0.0000000E+00
  -7.3422436E+00   0.0000000E+00
  -7.0085050E+00   0.0000000E+00
  -6.6747664E+00   0.0000000E+00
  -6.3410278E+00   0.0000000E+00
  -6.0072892E+00   0.0000000E+00
  -5.6735506E+00   0.0000000E+00
  -5.3398120E+00   0.0000000E+00
  -5.0060734E+00   0.0000000E+00
  -4.6723348E+00   0.0000000E+00
  -4.3385962E+00   0.0000000E+00
  -4.0048576E+00   0.0000000E+00
  -3.6711190E+00   0.0000000E+00
  -3.3373804E+00   0.0000000E+00
  -3.0036418E+00   0.0000000E+00
  -2.6699032E+00   0.0000000E+00
  -2.3361646E+00   0.0000000E+00
  -2.0024260E+00   0.0000000E+00
  -1.6686874E+00   0.0000000E+00
  -1.3349488E+00   0.0000000E+00
  -1.0012102E+00   0.0000000E+00
  -6.6747165E-01   0.0000000E+00
  -3.3373305E-01   0.0000000E+00
   5.5432320E-06   0.0000000E+00
   3.3374414E-01   0.0000000E+00
   6.6748273E-01   0.0000000E+00
   1.0012213E+00   0.0000000E+00
   1.3349599E+00   0.0000000E+00
   1.6686985E+00   0.0000000E+00
   2.0024371E+00   0.0000000E+00
   2.3361757E+00   0.0000000E+00
   2.6699143E+00   0.0000000E+00
   3.0036529E+00   0.0000000E+00
   3.3373915E+00   0.0000000E+00
   3.6711301E+00   0.0000000E+00
   4.0048687E+00   0.0000000E+00
   4.3386073E+00   0.0000000E+00
   4.6723459E+00   0.0000000E+00
   5.0060845E+00   0.0000000E+00
   5.3398231E+00   0.0000000E+00
   5.6735617E+00   0.0000000E+00
   6.0073003E+00   0.0000000E+00
   6.3410389E+00   0.0000000E+00
   6.6747774E+00   0.0000000E+00
   7.0085160E+00   0.0000000E+00
   7.3422546E+00   0.0000000E+00
   7.6759932E+00   0.0000000E+00
   8.0097318E+00   0.0000000E+00
   8.3434704E+00   0.0000000E+00
   8.6772090E+00   0.0000000E+00
   9.0109476E+00   0.0000000E+00
   9.3446862E+00   0.0000000E+00
   9.6784248E+00   0.0000000E+00
   1.0012163E+01   0.0000000E+00
   1.0345902E+01   0.0000000E+00
   1.0679641E+01   0.0000000E+00
   1.1013379E+01   0.0000000E+00
   1.1347118E+01   0.0000000E+00
   1.1680856E+01   0.0000000E+00
   1.2014595E+01   0.0000000E+00
   1.2348334E+01   0.0000000E+00
   1.2682072E+01   0.0000000E+00
   1.3015811E+01   0.0000000E+00
   1.3349549E+01   0.0000000E+00
   1.3683288E+01   0.0000000E+00
   1.4017027E+01   0.0000000E+00
   1.4350765E+01   0.0000000E+00
   1.4684504E+01   0.0000000E+00
   1.5018242E+01   0.0000000E+00
   1.5351981E+01   0.0000000E+00
   1.5685720E+01   0.0000000E+00
   1.6019458E+01   0.0000000E+00
   1.6353197E+01   0.0000000E+00
   1.6686935E+01   0.0000000E+00
   1.7020674E+01   0.0000000E+00
   1.7354412E+01   0.0000000E+00
   1.7688151E+01   0.0000000E+00
   1.8021890E+01   0.0000000E+00
   1.8355628E+01   0.0000000E+00
   1.8689367E+01   0.0000000E+00
   1.9023105E+01   0.0000000E+00
   1.9356844E+01   0.0000000E+00
   1.9690583E+01   0.0000000E+00
   2.0024321E+01   0.0000000E+00
   2.0358060E+01   0.0000000E+00
   2.0691798E+01   0.0000000E+00
   2.1025537E+01   0.0000000E+00
   2.1359276E+01   0.0000000E+00
   2.1693014E+01   0.0000000E+00
   2.2026753E+01   0.0000000E+00
   2.2360491E+01   0.0000000E+00
   2.2694230E+01   0.0000000E+00
   2.3027969E+01   0.0000000E+00
   2.3361707E+01   0.0000000E+00
   2.3695446E+01   0.0000000E+00
   2.4029184E+01   0.0000000E+00
   2.4362923E+01   0.0000000E+00
   2.4696662E+01   0.0000000E+00
   2.5030400E+01   0.0000000E+00
   2.5364139E+01   0.0000000E+00
   2.5697877E+01   0.0000000E+00
   2.6031616E+01   0.0000000E+00
   2.6365355E+01   0.0000000E+00
   2.6699093E+01   0.0000000E+00
   2.7032832E+01   0.0000000E+00
   2.7366570E+01   0.0000000E+00
   2.7700309E+01   0.0000000E+00
   2.8034048E+01   0.0000000E+00
   2.8367786E+01   0.0000000E+00
   2.8701525E+01   0.0000000E+00
   2.9035263E+01   0.0000000E+00
   2.9369002E+01   0.0000000E+00
   2.9702741E+01   0.0000000E+00
   3.0036479E+01   0.0000000E+00
   3.0370218E+01   0.0000000E+00
   3.0703956E+01   0.0000000E+00
   3.1037695E+01   0.0000000E+00
   3.1371433E+01   0.0000000E+00
   3.1705172E+01   0.0000000E+00
   3.2038911E+01   0.0000000E+00
   3.2372649E+01   0.0000000E+00
   3.2706388E+01   0.0000000E+00
   3.3040126E+01   0.0000000E+00
   3.3373865E+01   0.0000000E+00
   3.3707604E+01   0.0000000E+00
   3.4041342E+01   0.0000000E+00
   3.4375081E+01   0.0000000E+00
   3.4708819E+01   0.0000000E+00
   3.5042558E+01   0.0000000E+00
   3.5376297E+01   0.0000000E+00
   3.5710035E+01   0.0000000E+00
   3.6043774E+01   0.0000000E+00
   3.6377512E+01   0.0000000E+00
   3.6711251E+01   0.0000000E+00
   3.7044990E+01   0.0000000E+00
   3.7378728E+01   0.0000000E+00
   3.7712467E+01   0.0000000E+00
   3.8046205E+01   0.0000000E+00
   3.8379944E+01   0.0000000E+00
   3.8713683E+01   0.0000000E+00
   3.9047421E+01   0.0000000E+00
   3.9381160E+01   0.0000000E+00
   3.9714898E+01   0.0000000E+00
   4.0048637E+01   0.0000000E+00
   4.0382376E+01   0.0000000E+00
   4.0716114E+01   0.0000000E+00
   4.1049853E+01   0.0000000E+00
   4.1383591E+01   0.0000000E+00
   4.1717330E+01   0.0000000E+00
   4.2051069E+01   0.0000000E+00
   4.2384807E+01   0.0000000E+00
   4.2718546E+01   0.0000000E+00
   4.3052284E+01   0.0000000E+00
   4.3386023E+01   0.0000000E+00
   4.3719762E+01   0.0000000E+00
   4.4053500E+01   0.0000000E+00
   4.4387239E+01   0.0000000E+00
   4.4720977E+01   0.0000000E+00
   4.5054716E+01   0.0000000E+00
   4.5388454E+01   0.0000000E+00
   4.5722193E+01   0.0000000E+00
   4.6055932E+01   0.0000000E+00
   4.6389670E+01   0.0000000E+00
   4.6723409E+01   0.0000000E+00
   4.7057147E+01   0.0000000E+00
   4.7390886E+01   0.0000000E+00
   4.7724625E+01   0.0000000E+00
   4.8058363E+01   0.0000000E+00
   4.8392102E+01   0.0000000E+00
   4.8725840E+01   0.0000000E+00
   4.9059579E+01   0.0000000E+00
   4.9393318E+01   0.0000000E+00
   4.9727056E+01   0.0000000E+00
   5.0060795E+01   0.0000000E+00
   5.0394533E+01   0.0000000E+00
   5.0728272E+01   0.0000000E+00
   5.1062011E+01   0.0000000E+00
   5.1395749E+01   0.0000000E+00
   5.1729488E+01   0.0000000E+00
   5.2063226E+01   0.0000000E+00
   5.2396965E+01   0.0000000E+00
   5.2730704E+01   0.0000000E+00
   5.3064442E+01   0.0000000E+00
   5.3398181E+01   0.0000000E+00
   5.3731919E+01   0.0000000E+00
   5.4065658E+01   0.0000000E+00
   5.4399397E+01   0.0000000E+00
   5.4733135E+01   0.0000000E+00
   5.5066874E+01   0.0000000E+00
   5.5400612E+01   0.0000000E+00
   5.5734351E+01   0.0000000E+00
   5.6068090E+01   0.0000000E+00
   5.6401828E+01   0.0000000E+00
   5.6735567E+01   0.0000000E+00
   5.7069305E+01   0.0000000E+00
   5.7403044E+01   0.0000000E+00
   5.7736783E+01   0.0000000E+00
   5.8070521E+01   0.0000000E+00
   5.8404260E+01   0.0000000E+00
   5.8737998E+01   0.0000000E+00
   5.9071737E+01   0.0000000E+00
   5.9405475E+01   0.0000000E+00
   5.9739214E+01   0.0000000E+00
   6.0072953E+01   0.0000000E+00
   6.0406691E+01   0.0000000E+00
   6.0740430E+01   0.0000000E+00
   6.1074168E+01   0.0000000E+00
   6.1407907E+01   0.0000000E+00
   6.1741646E+01   0.0000000E+00
   6.2075384E+01   0.0000000E+00
   6.2409123E+01   0.0000000E+00
   6.2742861E+01   0.0000000E+00
   6.3076600E+01   0.0000000E+00
   6.3410339E+01   0.0000000E+00
   6.3744077E+01   0.0000000E+00
   6.4077816E+01   0.0000000E+00
   6.4411554E+01   0.0000000E+00
   6.4745293E+01   0.0000000E+00
   6.5079032E+01   0.0000000E+00
   6.5412770E+01   0.0000000E+00
   6.5746509E+01   0.0000000E+00
   6.6080247E+01   0.0000000E+00
   6.6413986E+01   0.0000000E+00
   6.6747725E+01   0.0000000E+00
   6.7081463E+01   0.0000000E+00
   6.7415202E+01   0.0000000E+00
   6.7748940E+01   0.0000000E+00
   6.8082679E+01   0.0000000E+00
   6.8416418E+01   0.0000000E+00
   6.8750156E+01   0.0000000E+00
   6.9083895E+01   0.0000000E+00
   6.9417633E+01   0.0000000E+00
   6.9751372E+01   0.0000000E+00
   7.0085111E+01   0.0000000E+00
   7.0418849E+01   0.0000000E+00
   7.0752588E+01   0.0000000E+00
   7.1086326E+01   0.0000000E+00
   7.1420065E+01   0.0000000E+00
   7.1753804E+01   0.0000000E+00
   7.2087542E+01   0.0000000E+00
   7.2421281E+01   0.0000000E+00
   7.2755019E+01   0.0000000E+00
   7.3088758E+01   0.0000000E+00
   7.3422496E+01   0.0000000E+00
   7.3756235E+01   0.0000000E+00
   7.4089974E+01   0.0000000E+00
   7.4423712E+01   0.0000000E+00
   7.4757451E+01   0.0000000E+00
   7.5091189E+01   0.0000000E+00
   7.5424928E+01   0.0000000E+00
   7.5758667E+01   0.0000000E+00
   7.6092405E+01   0.0000000E+00
   7.6426144E+01   0.0000000E+00
   7.6759882E+01   0.0000000E+00
   7.7093621E+01   0.0000000E+00
   7.7427360E+01   0.0000000E+00
   7.7761098E+01   0.0000000E+00
   7.8094837E+01   0.0000000E+00
   7.8428575E+01   0.0000000E+00
   7.8762314E+01   0.0000000E+00
   7.9096053E+01   0.0000000E+00
   7.9429791E+01   0.0000000E+00
   7.9763530E+01   0.0000000E+00
   8.0097268E+01   0.0000000E+00
   8.0431007E+01   0.0000000E+00
   8.0764746E+01   0.0000000E+00
   8.1098484E+01   0.0000000E+00
   8.1432223E+01   0.0000000E+00
   8.1765961E+01   0.0000000E+00
   8.2099700E+01   0.0000000E+00
   8.2433439E+01   0.0000000E+00
   8.2767177E+01   0.0000000E+00
   8.3100916E+01   0.0000000E+00
   8.3434654E+01   0.0000000E+00
   8.3768393E+01   0.0000000E+00
   8.4102132E+01   0.0000000E+00
   8.4435870E+01   0.0000000E+00
   8.4769609E+01   0.0000000E+00
   8.5103347E+01   0.0000000E+00
   8.5437086E+01   0.0000000E+00
   8.5770825E+01   0.0000000E+00
   8.6104563E+01   0.0000000E+00
   8.6438302E+01   0.0000000E+00
   8.6772040E+01   0.0000000E+00
   8.7105779E+01   0.0000000E+00
   8.7439517E+01   0.0000000E+00
   8.7773256E+01   0.0000000E+00
   8.8106995E+01   0.0000000E+00
   8.8440733E+01   0.0000000E+00
   8.8774472E+01   0.0000000E+00
   8.9108210E+01   0.0000000E+00
   8.9441949E+01   0.0000000E+00
   8.9775688E+01   0.0000000E+00
   9.0109426E+01   0.0000000E+00
   9.0443165E+01   0.0000000E+00
   9.0776903E+01   0.0000000E+00
   9.1110642E+01   0.0000000E+00
   9.1444381E+01   0.0000000E+00
   9.1778119E+01   0.0000000E+00
   9.2111858E+01   0.0000000E+00
   9.2445596E+01   0.0000000E+00
   9.2779335E+01   0.0000000E+00
   9.3113074E+01   0.0000000E+00
   9.3446812E+01   0.0000000E+00
   9.3780551E+01   0.0000000E+00
   9.4114289E+01   0.0000000E+00
   9.4448028E+01   0.0000000E+00
   9.4781767E+01   0.0000000E+00
   9.5115505E+01   0.0000000E+00
   9.5449244E+01   0.0000000E+00
   9.5782982E+01   0.0000000E+00
   9.6116721E+01   0.0000000E+00
   9.6450460E+01   0.0000000E+00
   9.6784198E+01   0.0000000E+00
   9.7117937E+01   0.0000000E+00
   9.7451675E+01   0.0000000E+00
   9.7785414E+01   0.0000000E+00
   9.8119153E+01   0.0000000E+00
   9.8452891E+01   0.0000000E+00
   9.8786630E+01   0.0000000E+00
   9.9120368E+01   0.0000000E+00
   9.9454107E+01   0.0000000E+00
   9.9787846E+01   0.0000000E+00
   1.0012158E+02   0.0000000E+00
   1.0045532E+02   0.0000000E+00
   1.0078906E+02   0.0000000E+00
   1.0112280E+02   0.0000000E+00
   1.0145654E+02   0.0000000E+00
   1.0179028E+02   0.0000000E+00
   1.0212402E+02   0.0000000E+00
   1.0245775E+02   0.0000000E+00
   1.0279149E+02   0.0000000E+00
   1.0312523E+02   0.0000000E+00
   1.0345897E+02   0.0000000E+00
   1.0379271E+02   0.0000000E+00
   1.0412645E+02   0.0000000E+00
   1.0446019E+02   0.0000000E+00
   1.0479392E+02   0.0000000E+00
   1.0512766E+02   0.0000000E+00
   1.0546140E+02   0.0000000E+00
   1.0579514E+02   0.0000000E+00
   1.0612888E+02   0.0000000E+00
   1.0646262E+02   0.0000000E+00
   1.0679636E+02   0.0000000E+00
   1.0713009E+02   0.0000000E+00
   1.0746383E+02   0.0000000E+00
   1.0779757E+02   0.0000000E+00
   1.0813131E+02   0.0000000E+00
   1.0846505E+02   0.0000000E+00
   1.0879879E+02   0.0000000E+00
   1.0913253E+02   0.0000000E+00
   1.0946626E+02   0.0000000E+00
   1.0980000E+02   0.0000000E+00
   1.1013374E+02   0.0000000E+00
   1.1046748E+02   0.0000000E+00
   1.1080122E+02   0.0000000E+00
   1.1113496E+02   0.0000000E+00
   1.1146870E+02   0.0000000E+00
   1.1180243E+02   0.0000000E+00
   1.1213617E+02   0.0000000E+00
   1.1246991E+02   0.0000000E+00
   1.1280365E+02   0.0000000E+00
   1.1313739E+02   0.0000000E+00
   1.1347113E+02   0.0000000E+00
   1.1380487E+02   0.0000000E+00
   1.1413861E+02   0.0000000E+00
   1.1447234E+02   0.0000000E+00
   1.1480608E+02   0.0000000E+00
   1.1513982E+02   0.0000000E+00
   1.1547356E+02   0.0000000E+00
   1.1580730E+02   0.0000000E+00
   1.1614104E+02   0.0000000E+00
   1.1647478E+02   0.0000000E+00
   1.1680851E+02   0.0000000E+00
   1.1714225E+02   0.0000000E+00
   1.1747599E+02   0.0000000E+00
   1.1780973E+02   0.0000000E+00
   1.1814347E+02   0.0000000E+00
   1.1847721E+02   0.0000000E+00
   1.1881095E+02   0.0000000E+00
   1.1914468E+02   0.0000000E+00
   1.1947842E+02   0.0000000E+00
   1.1981216E+02   0.0000000E+00
   1.2014590E+02   0.0000000E+00
   1.2047964E+02   0.0000000E+00
   1.2081338E+02   0.0000000E+00
   1.2114712E+02   0.0000000E+00
   1.2148085E+02   0.0000000E+00
   1.2181459E+02   0.0000000E+00
   1.2214833E+02   0.0000000E+00
   1.2248207E+02   0.0000000E+00
   1.2281581E+02   0.0000000E+00
   1.2314955E+02   0.0000000E+00
   1.2348329E+02   0.0000000E+00
   1.2381702E+02   0.0000000E+00
   1.2415076E+02   0.0000000E+00
   1.2448450E+02   0.0000000E+00
   1.2481824E+02   0.0000000E+00
   1.2515198E+02   0.0000000E+00
   1.2548572E+02   0.0000000E+00
   1.2581946E+02   0.0000000E+00
   1.2615319E+02   0.0000000E+00
   1.2648693E+02   0.0000000E+00
   1.2682067E+02   0.0000000E+00
   1.2715441E+02   0.0000000E+00
   1.2748815E+02   0.0000000E+00
   1.2782189E+02   0.0000000E+00
   1.2815563E+02   0.0000000E+00
   1.2848936E+02   0.0000000E+00
   1.2882310E+02   0.0000000E+00
   1.2915684E+02   0.0000000E+00
   1.2949058E+02   0.0000000E+00
   1.2982432E+02   0.0000000E+00
   1.3015806E+02   0.0000000E+00
   1.3049180E+02   0.0000000E+00
   1.3082553E+02   0.0000000E+00
   1.3115927E+02   0.0000000E+00
   1.3149301E+02   0.0000000E+00
   1.3182675E+02   0.0000000E+00
   1.3216049E+02   0.0000000E+00
   1.3249423E+02   0.0000000E+00
   1.3282797E+02   0.0000000E+00
   1.3316171E+02   0.0000000E+00
   1.3349544E+02   0.0000000E+00
   1.3382918E+02   0.0000000E+00
   1.3416292E+02   0.0000000E+00
   1.3449666E+02   0.0000000E+00
   1.3483040E+02   0.0000000E+00
   1.3516414E+02   0.0000000E+00
   1.3549788E+02   0.0000000E+00
   1.3583161E+02   0.0000000E+00
   1.3616535E+02   0.0000000E+00
   1.3649909E+02   0.0000000E+00
   1.3683283E+02   0.0000000E+00
   1.3716657E+02   0.0000000E+00
   1.3750031E+02   0.0000000E+00
   1.3783405E+02   0.0000000E+00
   1.3816778E+02   0.0000000E+00
   1.3850152E+02   0.0000000E+00
   1.3883526E+02   0.0000000E+00
   1.3916900E+02   0.0000000E+00
   1.3950274E+02   0.0000000E+00
   1.3983648E+02   0.0000000E+00
   1.4017022E+02   0.0000000E+00
   1.4050395E+02   0.0000000E+00
   1.4083769E+02   0.0000000E+00
   1.4117143E+02   0.0000000E+00
   1.4150517E+02   0.0000000E+00
   1.4183891E+02   0.0000000E+00
   1.4217265E+02   0.0000000E+00
   1.4250639E+02   0.0000000E+00
   1.4284012E+02   0.0000000E+00
   1.4317386E+02   0.0000000E+00
   1.4350760E+02   0.0000000E+00
   1.4384134E+02   0.0000000E+00
   1.4417508E+02   0.0000000E+00
   1.4450882E+02   0.0000000E+00
   1.4484256E+02   0.0000000E+00
   1.4517629E+02   0.0000000E+00
   1.4551003E+02   0.0000000E+00
   1.4584377E+02   0.0000000E+00
   1.4617751E+02   0.0000000E+00
   1.4651125E+02   1.4012985E-45
   1.4684499E+02   2.8025969E-45
   1.4717873E+02   5.6051939E-45
   1.4751246E+02   7.0064923E-45
   1.4784620E+02   1.1210388E-44
   1.4817994E+02   1.4012985E-44
   1.4851368E+02   1.6815582E-44
   1.4884742E+02   1.6815582E-44
   1.4918116E+02   1.5414283E-44
   1.4951490E+02   1.4012985E-44
   1.4984863E+02   7.0064923E-45
   1.5018237E+02   0.0000000E+00
   1.5051611E+02  -9.8090893E-45
   1.5084985E+02  -1.6815582E-44
   1.5118359E+02  -2.3822074E-44
   1.5151733E+02  -2.8025969E-44
   1.5185107E+02  -2.8025969E-44
   1.5218480E+02  -1.8216880E-44
   1.5251854E+02  -5.6051939E-45
   1.5285228E+02   1.2611686E-44
   1.5318602E+02   3.5032462E-44
   1.5351976E+02   5.4650640E-44
   1.5385350E+02   7.2867520E-44
   1.5418724E+02   8.4077908E-44
   1.5452098E+02   8.6880505E-44
   1.5485471E+02   7.8472714E-44
   1.5518845E+02   5.8854536E-44
   1.5552219E+02   2.3822074E-44
   1.5585593E+02  -1.8216880E-44
   1.5618967E+02  -6.7262326E-44
   1.5652341E+02  -1.1630777E-43
   1.5685715E+02  -1.5974802E-43
   1.5719088E+02  -1.7936620E-43
   1.5752462E+02  -1.7936620E-43
   1.5785836E+02  -1.4853764E-43
   1.5819210E+02  -9.1084400E-44
   1.5852584E+02  -2.8025969E-45
   1.5885958E+02   1.0229479E-43
   1.5919332E+02   2.1299737E-43
   1.5952705E+02   3.1529215E-43
   1.5986079E+02   3.8395578E-43
   1.6019453E+02   4.0637655E-43
   1.6052827E+02   3.6714020E-43
   1.6086201E+02   2.5783892E-43
   1.6119575E+02   8.5479206E-44
   1.6152949E+02  -1.3732725E-43
   1.6186322E+02  -3.8956097E-43
   1.6219696E+02  -6.3618950E-43
   1.6253070E+02  -8.3096999E-43
   1.6286444E+02  -9.3886997E-43
   1.6319818E+02  -9.1925179E-43
   1.6353192E+02  -7.5389857E-43
   1.6386566E+02  -4.3440252E-43
   1.6419939E+02   1.9618179E-44
   1.6453313E+02   5.6332198E-43
   1.6486687E+02   1.1294466E-42
   1.6520061E+02   1.6381179E-42
   1.6553435E+02   2.0024555E-42
   1.6586809E+02   2.1313750E-42
   1.6620183E+02   1.9632191E-42
   1.6653556E+02   1.4685608E-42
   1.6686930E+02   6.5300508E-43
   1.6720304E+02  -4.1478435E-43
   1.6753678E+02  -1.6255062E-42
   1.6787052E+02  -2.8110047E-42
   1.6820426E+02  -3.7891110E-42
   1.6853800E+02  -4.3636434E-42
   1.6887173E+02  -4.3804590E-42
   1.6920547E+02  -3.7246513E-42
   1.6953921E+02  -2.3667931E-42
   1.6987295E+02  -3.7975188E-43
   1.7020669E+02   2.0458958E-42
   1.7054043E+02   4.6256862E-42
   1.7087417E+02   6.9910780E-42
   1.7120790E+02   8.7412998E-42
   1.7154164E+02   9.4867906E-42
   1.7187538E+02   8.9290738E-42
   1.7220912E+02   6.9126053E-42
   1.7254286E+02   3.4612072E-42
   1.7287660E+02  -1.1574725E-42
   1.7321034E+02  -6.4557820E-42
   1.7354408E+02  -1.1762499E-41
   1.7387781E+02  -1.6262069E-41
   1.7421155E+02  -1.9131928E-41
   1.7454529E+02  -1.9630790E-41
   1.7487903E+02  -1.7248583E-41
   1.7521277E+02  -1.1818551E-41
   1.7554651E+02  -3.6013371E-42
   1.7588025E+02   6.6673781E-42
   1.7621398E+02   1.7813306E-41
   1.7654772E+02   2.8318841E-41
   1.7688146E+02   3.6491213E-41
   1.7721520E+02   4.0679694E-41
   1.7754894E+02   3.9543241E-41
   1.7788268E+02   3.2294324E-41
   1.7821642E+02   1.8921733E-41
   1.7855015E+02   3.4892332E-43
   1.7888389E+02  -2.1589805E-41
   1.7921763E+02  -4.4209565E-41
   1.7955137E+02  -6.4257942E-41
   1.7988511E+02  -7.8305959E-41
   1.8021885E+02  -8.3197892E-41
   1.8055259E+02  -7.6608987E-41
   1.8088632E+02  -5.7505085E-41
   1.8122006E+02  -2.6543396E-41
   1.8155380E+02   1.3756547E-41
   1.8188754E+02   5.9043711E-41
   1.8222128E+02   1.0349710E-40
   1.8255502E+02   1.4039329E-40
   1.8288876E+02   1.6298923E-40
   1.8322249E+02   1.6549055E-40
   1.8355623E+02   1.4407450E-40
   1.8388997E+02   9.7791015E-41
   1.8422371E+02   2.9198856E-41
   1.8455745E+02  -5.5439571E-41
   1.8489119E+02  -1.4643008E-40
   1.8522493E+02  -2.3151272E-40
   1.8555866E+02  -2.9721540E-40
   1.8589240E+02  -3.3063077E-40
   1.8622614E+02  -3.2140742E-40
   1.8655988E+02  -2.6368513E-40
   1.8689362E+02  -1.5771054E-40
   1.8722736E+02  -1.0812419E-41
   1.8756110E+02   1.6248896E-40
   1.8789483E+02   3.4138433E-40
   1.8822857E+02   5.0077923E-40
   1.8856231E+02   6.1422835E-40
   1.8889605E+02   6.5754809E-40
   1.8922979E+02   6.1272196E-40
   1.8956353E+02   4.7151171E-40
   1.8989727E+02   2.3829361E-40
   1.9023100E+02  -6.8515087E-41
   1.9056474E+02  -4.1677419E-40
   1.9089848E+02  -7.6303644E-40
   1.9123222E+02  -1.0569294E-39
   1.9156596E+02  -1.2472902E-39
   1.9189970E+02  -1.2894272E-39
   1.9223344E+02  -1.1526100E-39
   1.9256718E+02  -8.2679412E-40
   1.9290091E+02  -3.2748906E-40
   1.9323465E+02   3.0229511E-40
   1.9356839E+02   9.9365233E-40
   1.9390213E+02   1.6574586E-39
   1.9423587E+02   2.1937748E-39
   1.9456961E+02   2.5044216E-39
   1.9490335E+02   2.5073083E-39
   1.9523708E+02   2.1508488E-39
   1.9557082E+02   1.4263649E-39
   1.9590456E+02   3.7640278E-40
   1.9623830E+02  -9.0288323E-40
   1.9657204E+02  -2.2666073E-39
   1.9690578E+02  -3.5337650E-39
   1.9723952E+02  -4.5070817E-39
   1.9757325E+02  -4.9984358E-39
   1.9790699E+02  -4.8571807E-39
   1.9824073E+02  -3.9978218E-39
   1.9857447E+02  -2.4230034E-39
   1.9890821E+02  -2.3778914E-40
   1.9924195E+02   2.3482399E-39
   1.9957569E+02   5.0333884E-39
   1.9990942E+02   7.4513710E-39
   2.0024316E+02   9.2126055E-39
   2.0057690E+02   9.9556749E-39
   2.0091064E+02   9.4034133E-39
   2.0124438E+02   7.4164170E-39
   2.0157812E+02   4.0359484E-39
   2.0191186E+02  -4.9151805E-40
   2.0224559E+02  -5.7147754E-39
   2.0257933E+02  -1.1007484E-38
   2.0291307E+02  -1.5627538E-38
   2.0324681E+02  -1.8802941E-38
   2.0358055E+02  -1.9836390E-38
   2.0391429E+02  -1.8217026E-38
   2.0424803E+02  -1.3724625E-38
   2.0458176E+02  -6.5103262E-39
   2.0491550E+02   2.8616883E-39
   2.0524924E+02   1.3424005E-38
   2.0558298E+02   2.3874729E-38
   2.0591672E+02   3.2705510E-38
   2.0625046E+02   3.8380786E-38
   2.0658420E+02   3.9551616E-38
   2.0691793E+02   3.5279639E-38
   2.0725167E+02   2.5241144E-38
   2.0758541E+02   9.8787212E-39
   2.0791915E+02  -9.5300291E-39
   2.0825289E+02  -3.0910870E-38
   2.0858663E+02  -5.1551394E-38
   2.0892037E+02  -6.8377816E-38
   2.0925410E+02  -7.8331116E-38
   2.0958784E+02  -7.8806145E-38
   2.0992158E+02  -6.8101939E-38
   2.1025532E+02  -4.5820946E-38
   2.1058906E+02  -1.3151249E-38
   2.1092280E+02   2.7028870E-38
   2.1125654E+02   7.0269872E-38
   2.1159027E+02   1.1091530E-37
   2.1192401E+02   1.4270203E-37
   2.1225775E+02   1.5955175E-37
   2.1259149E+02   1.5647325E-37
   2.1292523E+02   1.3046589E-37
   2.1325897E+02   8.1294441E-38
   2.1359271E+02   1.2002214E-38
   2.1392645E+02  -7.0957292E-38
   2.1426018E+02  -1.5805523E-37
   2.1459392E+02  -2.3752184E-37
   2.1492766E+02  -2.9664784E-37
   2.1526140E+02  -3.2344673E-37
   2.1559514E+02  -3.0850104E-37
   2.1592888E+02  -2.4676023E-37
   2.1626262E+02  -1.3902088E-37
   2.1659635E+02   7.1767781E-39
   2.1693009E+02   1.7746895E-37
   2.1726383E+02   3.5155588E-37
   2.1759757E+02   5.0509855E-37
   2.1793131E+02   6.1252446E-37
   2.1826505E+02   6.5049503E-37
   2.1859879E+02   6.0164922E-37
   2.1893252E+02   4.5813025E-37
   2.1926626E+02   2.2434909E-37
   2.1960000E+02  -8.1547073E-38
   2.1993374E+02  -4.2793413E-37
   2.2026748E+02  -7.7195941E-37
   2.2060122E+02  -1.0637951E-36
   2.2093496E+02  -1.2526266E-36
   2.2126869E+02  -1.2938039E-36
   2.2160243E+02  -1.1563271E-36
   2.2193617E+02  -8.2963622E-37
   2.2226991E+02  -3.2860400E-37
   2.2260365E+02   3.0429010E-37
   2.2293739E+02   1.0004046E-36
   2.2327113E+02   1.6704021E-36
   2.2360486E+02   2.2136258E-36
   2.2393860E+02   2.5306973E-36
   2.2427234E+02   2.5380526E-36
   2.2460608E+02   2.1826453E-36
   2.2493982E+02   1.4547132E-36
   2.2527356E+02   3.9644702E-37
   2.2560730E+02  -8.9539268E-37
   2.2594103E+02  -2.2742931E-36
   2.2627477E+02  -3.5567916E-36
   2.2660851E+02  -4.5427454E-36
   2.2694225E+02  -5.0413820E-36
   2.2727599E+02  -4.9003249E-36
   2.2760973E+02  -4.0339021E-36
   2.2794347E+02  -2.4465172E-36
   2.2827720E+02  -2.4689758E-37
   2.2861094E+02   2.3503494E-36
   2.2894468E+02   5.0381821E-36
   2.2927842E+02   7.4461045E-36
   2.2961216E+02   9.1830553E-36
   2.2994590E+02   9.8902682E-36
   2.3027964E+02   9.2981438E-36
   2.3061337E+02   7.2795530E-36
   2.3094711E+02   3.8913196E-36
   2.3128085E+02  -6.0403542E-37
   2.3161459E+02  -5.7426117E-36
   2.3194833E+02  -1.0893128E-35
   2.3228207E+02  -1.5320482E-35
   2.3261581E+02  -1.8274520E-35
   2.3294955E+02  -1.9095240E-35
   2.3328328E+02  -1.7322007E-35
   2.3361702E+02  -1.2791608E-35
   2.3395076E+02  -5.7093436E-36
   2.3428450E+02   3.3214510E-36
   2.3461824E+02   1.3322286E-35
   2.3495198E+02   2.3019884E-35
   2.3528572E+02   3.0981617E-35
   2.3561945E+02   3.5795278E-35
   2.3595319E+02   3.6274447E-35
   2.3628693E+02   3.1663972E-35
   2.3662067E+02   2.1816093E-35
   2.3695441E+02   7.3073662E-36
   2.3728815E+02  -1.0529674E-35
   2.3762189E+02  -2.9678110E-35
   2.3795562E+02  -4.7617319E-35
   2.3828936E+02  -6.1603963E-35
   2.3862310E+02  -6.9028679E-35
   2.3895684E+02  -6.7809270E-35
   2.3929058E+02  -5.6769828E-35
   2.3962432E+02  -3.5949263E-35
   2.3995806E+02  -6.7845238E-36
   2.4029179E+02   2.7877440E-35
   2.4062553E+02   6.3966781E-35
   2.4095927E+02   9.6581061E-35
   2.4129301E+02   1.2055437E-34
   2.4162675E+02   1.3115140E-34
   2.4196049E+02   1.2480684E-34
   2.4229423E+02   9.9811765E-35
   2.4262796E+02   5.6840932E-35
   2.4296170E+02  -7.7809920E-37
   2.4329544E+02  -6.7131748E-35
   2.4362918E+02  -1.3416451E-34
   2.4396292E+02  -1.9249480E-34
   2.4429666E+02  -2.3254277E-34
   2.4463040E+02  -2.4585717E-34
   2.4496413E+02  -2.2648348E-34
   2.4529787E+02  -1.7218479E-34
   2.4563161E+02  -8.5321105E-35
   2.4596535E+02   2.6789711E-35
   2.4629909E+02   1.5215757E-34
   2.4663283E+02   2.7510925E-34
   2.4696657E+02   3.7794628E-34
   2.4730030E+02   4.4313749E-34
   2.4763404E+02   4.5581589E-34
   2.4796778E+02   4.0627367E-34
   2.4830152E+02   2.9210181E-34
   2.4863526E+02   1.1962162E-34
   2.4896900E+02  -9.5700003E-35
   2.4930274E+02  -3.3005957E-34
   2.4963647E+02  -5.5341833E-34
   2.4997021E+02  -7.3279060E-34
   2.5030395E+02  -8.3643347E-34
   2.5063769E+02  -8.3848104E-34
   2.5097143E+02  -7.2344009E-34
   2.5130517E+02  -4.8989535E-34
   2.5163891E+02  -1.5279186E-34
   2.5197264E+02   2.5623646E-34
   2.5230638E+02   6.9082040E-34
   2.5264012E+02   1.0941535E-33
   2.5297386E+02   1.4053756E-33
   2.5330760E+02   1.5674532E-33
   2.5364134E+02   1.5356796E-33
   2.5397508E+02   1.2857014E-33
   2.5430882E+02   8.1987783E-34
   2.5464255E+02   1.7086313E-34
   2.5497629E+02  -5.9849950E-34
   2.5531003E+02  -1.3994824E-33
   2.5564377E+02  -2.1259833E-33
   2.5597751E+02  -2.6666695E-33
   2.5631125E+02  -2.9195937E-33
   2.5664499E+02  -2.8076185E-33
   2.5697872E+02  -2.2926335E-33
   2.5731246E+02  -1.3864322E-33
   2.5764620E+02  -1.5628289E-34
   2.5797994E+02   1.2763405E-33
   2.5831368E+02   2.7446443E-33
   2.5864742E+02   4.0528878E-33
   2.5898116E+02   4.9990417E-33
   2.5931489E+02   5.4015200E-33
   2.5964863E+02   5.1268892E-33
   2.5998237E+02   4.1149098E-33
   2.6031611E+02   2.3971103E-33
   2.6064985E+02   1.0546122E-34
   2.6098359E+02  -2.5314061E-33
   2.6131733E+02  -5.2056591E-33
   2.6165106E+02  -7.5609082E-33
   2.6198480E+02  -9.2336947E-33
   2.6231854E+02  -9.9016914E-33
   2.6265228E+02  -9.3329829E-33
   2.6298602E+02  -7.4299244E-33
   2.6331976E+02  -4.2608720E-33
   2.6365350E+02  -7.3883126E-35
   2.6398723E+02   4.7119471E-33
   2.6432097E+02   9.5393446E-33
   2.6465471E+02   1.3768778E-32
   2.6498845E+02   1.6752972E-32
   2.6532219E+02   1.7922552E-32
   2.6565593E+02   1.6872761E-32
   2.6598967E+02   1.3439738E-32
   2.6632340E+02   7.7548141E-33
   2.6665714E+02   2.6655583E-34
   2.6699088E+02  -8.2765771E-33
   2.6732462E+02  -1.6885907E-32
   2.6765836E+02  -2.4432051E-32
   2.6799210E+02  -2.9776300E-32
   2.6832584E+02  -3.1920396E-32
   2.6865957E+02  -3.0157272E-32
   2.6899331E+02  -2.4202723E-32
   2.6932705E+02  -1.4288071E-32
   2.6966079E+02  -1.1965416E-33
   2.6999453E+02   1.3768787E-32
   2.7032827E+02   2.8889857E-32
   2.7066201E+02   4.2206789E-32
   2.7099574E+02   5.1745009E-32
   2.7132948E+02   5.5773093E-32
   2.7166322E+02   5.3061245E-32
   2.7199696E+02   4.3106077E-32
   2.7233070E+02   2.6288168E-32
   2.7266444E+02   3.9327978E-33
   2.7299818E+02  -2.1745796E-32
   2.7333192E+02  -4.7823889E-32
   2.7366565E+02  -7.0963148E-32
   2.7399939E+02  -8.7795992E-32
   2.7433313E+02  -9.5362320E-32
   2.7466687E+02  -9.1545796E-32
   2.7500061E+02  -7.5452872E-32
   2.7533435E+02  -4.7677519E-32
   2.7566809E+02  -1.0403245E-32
   2.7600182E+02   3.2690662E-32
   2.7633556E+02   7.6729606E-32
   2.7666930E+02   1.1613630E-31
   2.7700304E+02   1.4527368E-31
   2.7733678E+02   1.5917157E-31
   2.7767052E+02   1.5425199E-31
   2.7800426E+02   1.2895740E-31
   2.7833799E+02   8.4189058E-32
   2.7867173E+02   2.3474935E-32
   2.7900547E+02  -4.7185533E-32
   2.7933921E+02  -1.1981733E-31
   2.7967295E+02  -1.8528069E-31
   2.8000669E+02  -2.3432676E-31
   2.8034043E+02  -2.5878847E-31
   2.8067416E+02  -2.5276533E-31
   2.8100790E+02  -2.1364697E-31
   2.8134164E+02  -1.4282225E-31
   2.8167538E+02  -4.5946016E-32
   2.8200912E+02   6.7321760E-32
   2.8234286E+02   1.8412994E-31
   2.8267660E+02   2.8975828E-31
   2.8301033E+02   3.6933165E-31
   2.8334407E+02   4.0974451E-31
   2.8367781E+02   4.0156693E-31
   2.8401155E+02   3.4067973E-31
   2.8434529E+02   2.2939304E-31
   2.8467903E+02   7.6844722E-32
   2.8501277E+02  -1.0145546E-31
   2.8534650E+02  -2.8496790E-31
   2.8568024E+02  -4.5027494E-31
   2.8601398E+02  -5.7384714E-31
   2.8634772E+02  -6.3512660E-31
   2.8668146E+02  -6.1955615E-31
   2.8701520E+02  -5.2114771E-31
   2.8734894E+02  -3.4419876E-31
   2.8768267E+02  -1.0383734E-31
   2.8801641E+02   1.7480720E-31
   2.8835015E+02   4.5884886E-31
   2.8868389E+02   7.1116416E-31
   2.8901763E+02   8.9486021E-31
   2.8935137E+02   9.7820164E-31
   2.8968511E+02   9.3939819E-31
   2.9001884E+02   7.7059264E-31
   2.9035258E+02   4.8043945E-31
   2.9068632E+02   9.4768002E-32
   2.9102006E+02  -3.4496802E-31
   2.9135380E+02  -7.8549918E-31
   2.9168754E+02  -1.1675466E-30
   2.9202128E+02  -1.4330835E-30
   2.9235501E+02  -1.5332407E-30
   2.9268875E+02  -1.4358821E-30
   2.9302249E+02  -1.1317989E-30
   2.9335623E+02  -6.3854419E-31
   2.9368997E+02  -1.1273461E-33
   2.9402371E+02   7.1087499E-31
   2.9435745E+02   1.4098170E-30
   2.9469119E+02   1.9996351E-30
   2.9502492E+02   2.3877251E-30
   2.9535866E+02   2.4977222E-30
   2.9569240E+02   2.2815830E-30
   2.9602614E+02   1.7292932E-30
   2.9635988E+02   8.7463024E-31
   2.9669362E+02  -2.0422141E-31
   2.9702736E+02  -1.3898826E-30
   2.9736109E+02  -2.5367855E-30
   2.9769483E+02  -3.4871847E-30
   2.9802857E+02  -4.0906244E-30
   2.9836231E+02  -4.2246838E-30
   2.9869605E+02  -3.8144182E-30
   2.9902979E+02  -2.8477710E-30
   2.9936353E+02  -1.3844897E-30
   2.9969726E+02   4.4337964E-31
   3.0003100E+02   2.4404196E-30
   3.0036474E+02   4.3660971E-30
   3.0069848E+02   5.9609826E-30
   3.0103222E+02   6.9784236E-30
   3.0136596E+02   7.2181056E-30
   3.0169970E+02   6.5573679E-30
   3.0203343E+02   4.9759033E-30
   3.0236717E+02   2.5699235E-30
   3.0270091E+02  -4.4722350E-31
   3.0303465E+02  -3.7595518E-30
   3.0336839E+02  -6.9778089E-30
   3.0370213E+02  -9.6815219E-30
   3.0403587E+02  -1.1469635E-29
   3.0436960E+02  -1.2014118E-29
   3.0470334E+02  -1.1109897E-29
   3.0503708E+02  -8.7142936E-30
   3.0537082E+02  -4.9697471E-30
   3.0570456E+02  -2.0513129E-31
   3.0603830E+02   5.0867263E-30
   3.0637204E+02   1.0294908E-29
   3.0670577E+02   1.4756161E-29
   3.0703951E+02   1.7834078E-29
   3.0737325E+02   1.9002946E-29
   3.0770699E+02   1.7925843E-29
   3.0804073E+02   1.4516467E-29
   3.0837447E+02   8.9749765E-30
   3.0870821E+02   1.7907725E-30
   3.0904194E+02  -6.2915279E-30
   3.0937568E+02  -1.4342087E-29
   3.0970942E+02  -2.1346413E-29
   3.1004316E+02  -2.6326469E-29
   3.1037690E+02  -2.8468759E-29
   3.1071064E+02  -2.7243669E-29
   3.1104438E+02  -2.2499618E-29
   3.1137811E+02  -1.4517846E-29
   3.1171185E+02  -4.0167165E-30
   3.1204559E+02   7.8996034E-30
   3.1237933E+02   1.9846749E-29
   3.1271307E+02   3.0311534E-29
   3.1304681E+02   3.7833871E-29
   3.1338055E+02   4.1198548E-29
   3.1371429E+02   3.9613111E-29
   3.1404802E+02   3.2847554E-29
   3.1438176E+02   2.1314316E-29
   3.1471550E+02   6.0728543E-30
   3.1504924E+02  -1.1248749E-29
   3.1538298E+02  -2.8612404E-29
   3.1571672E+02  -4.3795701E-29
   3.1605046E+02  -5.4661328E-29
   3.1638419E+02  -5.9439591E-29
   3.1671793E+02  -5.6988297E-29
   3.1705167E+02  -4.6994580E-29
   3.1738541E+02  -3.0087501E-29
   3.1771915E+02  -7.8387275E-30
   3.1805289E+02   1.7358265E-29
   3.1838663E+02   4.2525610E-29
   3.1872036E+02   6.4434424E-29
   3.1905410E+02   7.9999037E-29
   3.1938784E+02   8.6686474E-29
   3.1972158E+02   8.2889064E-29
   3.2005532E+02   6.8209084E-29
   3.2038906E+02   4.3610649E-29
   3.2072280E+02   1.1408393E-29
   3.2105653E+02  -2.4919764E-29
   3.2139027E+02  -6.1085587E-29
   3.2172401E+02  -9.2477474E-29
   3.2205775E+02  -1.1472887E-28
   3.2239149E+02  -1.2430098E-28
   3.2272523E+02  -1.1900488E-28
   3.2305897E+02  -9.8390025E-29
   3.2339270E+02  -6.3937606E-29
   3.2372644E+02  -1.9018095E-29
   3.2406018E+02   3.1401457E-29
   3.2439392E+02   8.1280720E-29
   3.2472766E+02   1.2421125E-28
   3.2506140E+02   1.5422427E-28
   3.2539514E+02   1.6660352E-28
   3.2572887E+02   1.5859686E-28
   3.2606261E+02   1.2992432E-28
   3.2639635E+02   8.2998457E-29
   3.2673009E+02   2.2806453E-29
   3.2706383E+02  -4.3558902E-29
   3.2739757E+02  -1.0768512E-28
   3.2773131E+02  -1.6086359E-28
   3.2806504E+02  -1.9523441E-28
   3.2839878E+02  -2.0490975E-28
   3.2873252E+02  -1.8692312E-28
   3.2906626E+02  -1.4186484E-28
   3.2940000E+02  -7.4090886E-29
   3.2973374E+02   8.5583271E-30
   3.3006748E+02   9.5533516E-29
   3.3040121E+02   1.7478534E-28
   3.3073495E+02   2.3428218E-28
   3.3106869E+02   2.6366183E-28
   3.3140243E+02   2.5580608E-28
   3.3173617E+02   2.0812331E-28
   3.3206991E+02   1.2333978E-28
   3.3240365E+02   9.6502090E-30
   3.3273739E+02  -1.1985113E-28
   3.3307112E+02  -2.4844997E-28
   3.3340486E+02  -3.5769989E-28
   3.3373860E+02  -4.2972389E-28
   3.3407234E+02  -4.4966920E-28
   3.3440608E+02  -4.0800576E-28
   3.3473982E+02  -3.0235588E-28
   3.3507356E+02  -1.3857215E-28
   3.3540729E+02   6.9144159E-29
   3.3574103E+02   2.9918946E-28
   3.3607477E+02   5.2454657E-28
   3.3640851E+02   7.1565751E-28
   3.3674225E+02   8.4389406E-28
   3.3707599E+02   8.8524773E-28
   3.3740973E+02   8.2378678E-28
   3.3774346E+02   6.5443658E-28
   3.3807720E+02   3.8467126E-28
   3.3841094E+02   3.4820958E-29
   3.3874468E+02  -3.6316442E-28
   3.3907842E+02  -7.6846367E-28
   3.3941216E+02  -1.1354373E-27
   3.3974590E+02  -1.4185863E-27
   3.4007963E+02  -1.5778924E-27
   3.4041337E+02  -1.5839204E-27
   3.4074711E+02  -1.4220489E-27
   3.4108085E+02  -1.0952665E-27
   3.4141459E+02  -6.2509720E-28
   3.4174833E+02  -5.0425276E-29
   3.4208207E+02   5.7577833E-28
   3.4241580E+02   1.1915572E-27
   3.4274954E+02   1.7324094E-27
   3.4308328E+02   2.1383689E-27
   3.4341702E+02   2.3609199E-27
   3.4375076E+02   2.3689210E-27
   3.4408450E+02   2.1527789E-27
   3.4441824E+02   1.7262919E-27
   3.4475197E+02   1.1258416E-27
   3.4508571E+02   4.0692887E-28
   3.4541945E+02  -3.6165016E-28
   3.4575319E+02  -1.1053456E-27
   3.4608693E+02  -1.7522658E-27
   3.4642067E+02  -2.2414339E-27
   3.4675441E+02  -2.5298688E-27
   3.4708814E+02  -2.5975402E-27
   3.4742188E+02  -2.4495165E-27
   3.4775562E+02  -2.1149203E-27
   3.4808936E+02  -1.6427374E-27
   3.4842310E+02  -1.0949322E-27
   3.4875684E+02  -5.3768728E-28
   3.4909058E+02  -3.1921615E-29
   3.4942431E+02   3.7563376E-28
   3.4975805E+02   6.5949585E-28
   3.5009179E+02   8.1949802E-28
   3.5042553E+02   8.8108868E-28
   3.5075927E+02   8.9152838E-28
   3.5109301E+02   9.1221787E-28
   3.5142675E+02   1.0079803E-27
   3.5176048E+02   1.2345567E-27
   3.5209422E+02   1.6260530E-27
   3.5242796E+02   2.1841586E-27
   3.5276170E+02   2.8710136E-27
   3.5309544E+02   3.6071982E-27
   3.5342918E+02   4.2758734E-27
   3.5376292E+02   4.7333442E-27
   3.5409666E+02   4.8254683E-27
   3.5443039E+02   4.4085037E-27
   3.5476413E+02   3.3722128E-27
   3.5509787E+02   1.6624641E-27
   3.5543161E+02  -6.9976392E-28
   3.5576535E+02  -3.6058905E-27
   3.5609909E+02  -6.8563722E-27
   3.5643283E+02  -1.0168171E-26
   3.5676656E+02  -1.3193685E-26
   3.5710030E+02  -1.5550485E-26
   3.5743404E+02  -1.6859702E-26
   3.5776778E+02  -1.6789767E-26
   3.5810152E+02  -1.5101069E-26
   3.5843526E+02  -1.1686512E-26
   3.5876900E+02  -6.6028043E-27
   3.5910273E+02  -8.7826257E-29
   3.5943647E+02   7.4395762E-27
   3.5977021E+02   1.5399312E-26
   3.6010395E+02   2.3089503E-26
   3.6043769E+02   2.9743406E-26
   3.6077143E+02   3.4599704E-26
   3.6110517E+02   3.6979889E-26
   3.6143890E+02   3.6365428E-26
   3.6177264E+02   3.2466359E-26
   3.6210638E+02   2.5273404E-26
   3.6244012E+02   1.5086832E-26
   3.6277386E+02   2.5166805E-27
   3.6310760E+02  -1.1547762E-26
   3.6344134E+02  -2.5998711E-26
   3.6377507E+02  -3.9597107E-26
   3.6410881E+02  -5.1079292E-26
   3.6444255E+02  -5.9273739E-26
   3.6477629E+02  -6.3216897E-26
   3.6511003E+02  -6.2256410E-26
   3.6544377E+02  -5.6130461E-26
   3.6577751E+02  -4.5014622E-26
   3.6611124E+02  -2.9529181E-26
   3.6644498E+02  -1.0704835E-26
   3.6677872E+02   1.0091554E-26
   3.6711246E+02   3.1265873E-26
   3.6744620E+02   5.1130035E-26
   3.6777994E+02   6.8047955E-26
   3.6811368E+02   8.0579812E-26
   3.6844741E+02   8.7610461E-26
   3.6878115E+02   8.8449390E-26
   3.6911489E+02   8.2892432E-26
   3.6944863E+02   7.1238466E-26
   3.6978237E+02   5.4260552E-26
   3.7011611E+02   3.3134537E-26
   3.7044985E+02   9.3329525E-27
   3.7078358E+02  -1.5503967E-26
   3.7111732E+02  -3.9706913E-26
   3.7145106E+02  -6.1710573E-26
   3.7178480E+02  -8.0168760E-26
   3.7211854E+02  -9.4039819E-26
   3.7245228E+02  -1.0263623E-25
   3.7278602E+02  -1.0563516E-25
   3.7311976E+02  -1.0305383E-25
   3.7345349E+02  -9.5194816E-26
   3.7378723E+02  -8.2573374E-26
   3.7412097E+02  -6.5837684E-26
   3.7445471E+02  -4.5695754E-26
   3.7478845E+02  -2.2858508E-26
   3.7512219E+02   1.9905611E-27
   3.7545593E+02   2.8197833E-26
   3.7578966E+02   5.5112923E-26
   3.7612340E+02   8.2039174E-26
   3.7645714E+02   1.0817216E-25
   3.7679088E+02   1.3253721E-25
   3.7712462E+02   1.5394177E-25
   3.7745836E+02   1.7095444E-25
   3.7779210E+02   1.8192567E-25
   3.7812583E+02   1.8505360E-25
   3.7845957E+02   1.7850120E-25
   3.7879331E+02   1.6056223E-25
   3.7912705E+02   1.2986549E-25
   3.7946079E+02   8.5605059E-26
   3.7979453E+02   2.7778575E-26
   3.8012827E+02  -4.2590569E-26
   3.8046200E+02  -1.2327103E-25
   3.8079574E+02  -2.1070356E-25
   3.8112948E+02  -2.9997383E-25
   3.8146322E+02  -3.8489465E-25
   3.8179696E+02  -4.5821888E-25
   3.8213070E+02  -5.1199247E-25
   3.8246444E+02  -5.3805101E-25
   3.8279817E+02  -5.2865030E-25
   3.8313191E+02  -4.7721095E-25
   3.8346565E+02  -3.7913779E-25
   3.8379939E+02  -2.3266309E-25
   3.8413313E+02  -3.9639324E-26
   3.8446687E+02   1.9379169E-25
   3.8480061E+02   4.5676190E-25
   3.8513434E+02   7.3355382E-25
   3.8546808E+02   1.0038924E-24
   3.8580182E+02   1.2437181E-24
   3.8613556E+02   1.4264946E-24
   3.8646930E+02   1.5250423E-24
   3.8680304E+02   1.5138637E-24
   3.8713678E+02   1.3718307E-24
   3.8747051E+02   1.0850773E-24
   3.8780425E+02   6.4984606E-25
   3.8813799E+02   7.5011600E-26
   3.8847173E+02  -6.1604682E-25
   3.8880547E+02  -1.3845615E-24
   3.8913921E+02  -2.1767658E-24
   3.8947295E+02  -2.9258299E-24
   3.8980668E+02  -3.5554596E-24
   3.9014042E+02  -3.9851880E-24
   3.9047416E+02  -4.1371861E-24
   3.9080790E+02  -3.9442454E-24
   3.9114164E+02  -3.3583864E-24
   3.9147538E+02  -2.3593625E-24
   3.9180912E+02  -9.6218883E-25
   3.9214285E+02   7.7727688E-25
   3.9247659E+02   2.7596713E-24
   3.9281033E+02   4.8432782E-24
   3.9314407E+02   6.8496603E-24
   3.9347781E+02   8.5741402E-24
   3.9381155E+02   9.8010698E-24
   3.9414529E+02   1.0323263E-23
   3.9447903E+02   9.9644539E-24
   3.9481276E+02   8.6030110E-24
   3.9514650E+02   6.1946498E-24
   3.9548024E+02   2.7915417E-24
   3.9581398E+02  -1.4450192E-24
   3.9614772E+02  -6.2410178E-24
   3.9648146E+02  -1.1217424E-23
   3.9681520E+02  -1.5910605E-23
   3.9714893E+02  -1.9805700E-23
   3.9748267E+02  -2.2381803E-23
   3.9781641E+02  -2.3166163E-23
   3.9815015E+02  -2.1793127E-23
   3.9848389E+02  -1.8061975E-23
   3.9881763E+02  -1.1987003E-23
   3.9915137E+02  -3.8325419E-24
   3.9948510E+02   5.8737289E-24
   3.9981884E+02   1.6354838E-23
   4.0015258E+02   2.6629079E-23
   4.0048632E+02   3.5585616E-23
   4.0082006E+02   4.2087525E-23
   4.0115380E+02   4.5095303E-23
   4.0148754E+02   4.3799571E-23
   4.0182127E+02   3.7749200E-23
   4.0215501E+02   2.6958533E-23
   4.0248875E+02   1.1977657E-23
   4.0282249E+02  -6.0891495E-24
   4.0315623E+02  -2.5627407E-23
   4.0348997E+02  -4.4624265E-23
   4.0382371E+02  -6.0845536E-23
   4.0415744E+02  -7.2067442E-23
   4.0449118E+02  -7.6343579E-23
   4.0482492E+02  -7.2280447E-23
   4.0515866E+02  -5.9288873E-23
   4.0549240E+02  -3.7776567E-23
   4.0582614E+02  -9.2485137E-24
   4.0615988E+02   2.3712436E-23
   4.0649361E+02   5.7601721E-23
   4.0682735E+02   8.8288814E-23
   4.0716109E+02   1.1143832E-22
   4.0749483E+02   1.2302411E-22
   4.0782857E+02   1.1988717E-22
   4.0816231E+02   1.0027377E-22
   4.0849605E+02   6.4282786E-23
   4.0882978E+02   1.4150522E-23
   4.0916352E+02  -4.5690208E-23
   4.0949726E+02  -1.0882176E-22
   4.0983100E+02  -1.6734241E-22
   4.1016474E+02  -2.1264070E-22
   4.1049848E+02  -2.3639029E-22
   4.1083222E+02  -2.3167532E-22
   4.1116595E+02  -1.9412428E-22
   4.1149969E+02  -1.2290813E-22
   4.1183343E+02  -2.1452801E-23
   4.1216717E+02   1.0227493E-22
   4.1250091E+02   2.3601597E-22
   4.1283465E+02   3.6406115E-22
   4.1316839E+02   4.6867920E-22
   4.1350213E+02   5.3204687E-22
   4.1383586E+02   5.3851821E-22
   4.1416960E+02   4.7699902E-22
   4.1450334E+02   3.4314217E-22
   4.1483708E+02   1.4104904E-22
   4.1517082E+02  -1.1581872E-22
   4.1550456E+02  -4.0476965E-22
   4.1583830E+02  -6.9520734E-22
   4.1617203E+02  -9.5118238E-22
   4.1650577E+02  -1.1350445E-21
   4.1683951E+02  -1.2119115E-21
   4.1717325E+02  -1.1545187E-21
   4.1750699E+02  -9.4789143E-22
   4.1784073E+02  -5.9321739E-22
   4.1817447E+02  -1.1029598E-22
   4.1850820E+02   4.6197679E-22
   4.1884194E+02   1.0674641E-21
   4.1917568E+02   1.6371250E-21
   4.1950942E+02   2.0956689E-21
   4.1984316E+02   2.3700522E-21
   4.2017690E+02   2.3990219E-21
   4.2051064E+02   2.1426530E-21
   4.2084437E+02   1.5906573E-21
   4.2117811E+02   7.6820951E-22
   4.2151185E+02  -2.6184770E-22
   4.2184559E+02  -1.4012722E-21
   4.2217933E+02  -2.5235713E-21
   4.2251307E+02  -3.4858752E-21
   4.2284681E+02  -4.1447476E-21
   4.2318054E+02  -4.3744922E-21
   4.2351428E+02  -4.0859879E-21
   4.2384802E+02  -3.2436700E-21
   4.2418176E+02  -1.8781627E-21
   4.2451550E+02  -9.2216098E-23
   4.2484924E+02   1.9418822E-21
   4.2518298E+02   3.9944334E-21
   4.2551671E+02   5.7999041E-21
   4.2585045E+02   7.0866025E-21
   4.2618419E+02   7.6117944E-21
   4.2651793E+02   7.1984528E-21
   4.2685167E+02   5.7689850E-21
   4.2718541E+02   3.3709106E-21
   4.2751915E+02   1.8973900E-22
   4.2785288E+02  -3.4548014E-21
   4.2818662E+02  -7.1313680E-21
   4.2852036E+02  -1.0338471E-20
   4.2885410E+02  -1.2562262E-20
   4.2918784E+02  -1.3345380E-20
   4.2952158E+02  -1.2359329E-20
   4.2985532E+02  -9.4709167E-21
   4.3018905E+02  -4.7926881E-21
   4.3052279E+02   1.2923752E-21
   4.3085653E+02   8.1395590E-21
   4.3119027E+02   1.4889041E-20
   4.3152401E+02   2.0550281E-20
   4.3185775E+02   2.4118971E-20
   4.3219149E+02   2.4715750E-20
   4.3252522E+02   2.1731237E-20
   4.3285896E+02   1.4958292E-20
   4.3319270E+02   4.6911448E-21
   4.3352644E+02  -8.2280043E-21
   4.3386018E+02  -2.2430072E-20
   4.3419392E+02  -3.6116437E-20
   4.3452766E+02  -4.7232068E-20
   4.3486140E+02  -5.3703328E-20
   4.3519513E+02  -5.3719074E-20
   4.3552887E+02  -4.6024026E-20
   4.3586261E+02  -3.0187123E-20
   4.3619635E+02  -6.8046446E-21
   4.3653009E+02   2.2399353E-20
   4.3686383E+02   5.4605062E-20
   4.3719757E+02   8.6078017E-20
   4.3753130E+02   1.1249881E-19
   4.3786504E+02   1.2942118E-19
   4.3819878E+02   1.3281871E-19
   4.3853252E+02   1.1966226E-19
   4.3886626E+02   8.8459257E-20
   4.3920000E+02   3.9679602E-20
   4.3953374E+02  -2.4001793E-20
   4.3986747E+02  -9.7702399E-20
   4.4020121E+02  -1.7460333E-19
   4.4053495E+02  -2.4649791E-19
   4.4086869E+02  -3.0458656E-19
   4.4120243E+02  -3.4045296E-19
   4.4153617E+02  -3.4712510E-19
   4.4186991E+02  -3.2010261E-19
   4.4220364E+02  -2.5822335E-19
   4.4253738E+02  -1.6424456E-19
   4.4287112E+02  -4.5036488E-20
   4.4320486E+02   8.8678234E-20
   4.4353860E+02   2.2306055E-19
   4.4387234E+02   3.4233071E-19
   4.4420608E+02   4.3029483E-19
   4.4453981E+02   4.7208226E-19
   4.4487355E+02   4.5591652E-19
   4.4520729E+02   3.7472052E-19
   4.4554103E+02   2.2735995E-19
   4.4587477E+02   1.9350339E-20
   4.4620851E+02  -2.3710129E-19
   4.4654225E+02  -5.2378276E-19
   4.4687598E+02  -8.1787814E-19
   4.4720972E+02  -1.0939881E-18
   4.4754346E+02  -1.3265921E-18
   4.4787720E+02  -1.4927117E-18
   4.4821094E+02  -1.5744878E-18
   4.4854468E+02  -1.5613705E-18
   4.4887842E+02  -1.4516351E-18
   4.4921215E+02  -1.2529893E-18
   4.4954589E+02  -9.8210823E-19
   4.4987963E+02  -6.6303272E-19
   4.5021337E+02  -3.2448186E-19
   4.5054711E+02   3.7644990E-21
   4.5088085E+02   2.9514756E-19
   4.5121459E+02   5.3093456E-19
   4.5154832E+02   7.0474671E-19
   4.5188206E+02   8.2662940E-19
   4.5221580E+02   9.2628864E-19
   4.5254954E+02   1.0552380E-18
   4.5288328E+02   1.2877153E-18
   4.5321702E+02   1.7203620E-18
   4.5355076E+02   2.4708592E-18
   4.5388450E+02   3.6758521E-18
   4.5421823E+02   5.4885977E-18
   4.5455197E+02   8.0769265E-18
   4.5488571E+02   1.1622055E-17
   4.5521945E+02   1.6318790E-17
   4.5555319E+02   2.2377697E-17
   4.5588693E+02   3.0029442E-17
   4.5622067E+02   3.9531550E-17
   4.5655440E+02   5.1177751E-17
   4.5688814E+02   6.5309522E-17
   4.5722188E+02   8.2329756E-17
   4.5755562E+02   1.0271780E-16
   4.5788936E+02   1.2704562E-16
   4.5822310E+02   1.5599435E-16
   4.5855684E+02   1.9037039E-16
   4.5889057E+02   2.3112104E-16
   4.5922431E+02   2.7934853E-16
   4.5955805E+02   3.3632364E-16
   4.5989179E+02   4.0349531E-16
   4.6022553E+02   4.8250046E-16
   4.6055927E+02   5.7517089E-16
   4.6089301E+02   6.8353521E-16
   4.6122674E+02   8.0981903E-16
   4.6156048E+02   9.5643339E-16
   4.6189422E+02   1.1259574E-15
   4.6222796E+02   1.3211017E-15
   4.6256170E+02   1.5446549E-15
   4.6289544E+02   1.7994021E-15
   4.6322918E+02   2.0880103E-15
   4.6356291E+02   2.4128784E-15
   4.6389665E+02   2.7759334E-15
   4.6423039E+02   3.1783848E-15
   4.6456413E+02   3.6203929E-15
   4.6489787E+02   4.1006741E-15
   4.6523161E+02   4.6159840E-15
   4.6556535E+02   5.1604851E-15
   4.6589908E+02   5.7249398E-15
   4.6623282E+02   6.2957126E-15
   4.6656656E+02   6.8535193E-15
   4.6690030E+02   7.3719251E-15
   4.6723404E+02   7.8154417E-15
   4.6756778E+02   8.1372287E-15
   4.6790152E+02   8.2763284E-15
   4.6823525E+02   8.1542015E-15
   4.6856899E+02   7.6705322E-15
   4.6890273E+02   6.6981688E-15
   4.6923647E+02   5.0769884E-15
   4.6957021E+02   2.6064898E-15
   4.6990395E+02  -9.6306630E-16
   4.7023769E+02  -5.9413601E-15
   4.7057142E+02  -1.2710692E-14
   4.7090516E+02  -2.1740788E-14
   4.7123890E+02  -3.3606872E-14
   4.7157264E+02  -4.9010261E-14
   4.7190638E+02  -6.8803212E-14
   4.7224012E+02  -9.4017716E-14
   4.7257386E+02  -1.2589910E-13
   4.7290760E+02  -1.6594668E-13
   4.7324133E+02  -2.1595985E-13
   4.7357507E+02  -2.7809189E-13
   4.7390881E+02  -3.5491499E-13
   4.7424255E+02  -4.4949266E-13
   4.7457629E+02  -5.6546694E-13
   4.7491003E+02  -7.0715634E-13
   4.7524377E+02  -8.7967242E-13
   4.7557750E+02  -1.0890518E-12
   4.7591124E+02  -1.3424128E-12
   4.7624498E+02  -1.6481291E-12
   4.7657872E+02  -2.0160362E-12
   4.7691246E+02  -2.4576645E-12
   4.7724620E+02  -2.9865038E-12
   4.7757994E+02  -3.6183122E-12
   4.7791367E+02  -4.3714624E-12
   4.7824741E+02  -5.2673434E-12
   4.7858115E+02  -6.3307987E-12
   4.7891489E+02  -7.5906486E-12
   4.7924863E+02  -9.0802695E-12
   4.7958237E+02  -1.0838227E-11
   4.7991611E+02  -1.2909061E-11
   4.8024984E+02  -1.5344056E-11
   4.8058358E+02  -1.8202224E-11
   4.8091732E+02  -2.1551346E-11
   4.8125106E+02  -2.5469135E-11
   4.8158480E+02  -3.0044574E-11
   4.8191854E+02  -3.5379335E-11
   4.8225228E+02  -4.1589485E-11
   4.8258601E+02  -4.8807281E-11
   4.8291975E+02  -5.7183099E-11
   4.8325349E+02  -6.6887773E-11
   4.8358723E+02  -7.8114952E-11
   4.8392097E+02  -9.1083883E-11
   4.8425471E+02  -1.0604239E-10
   4.8458845E+02  -1.2327005E-10
   4.8492218E+02  -1.4308182E-10
   4.8525592E+02  -1.6583206E-10
   4.8558966E+02  -1.9191840E-10
   4.8592340E+02  -2.2178691E-10
   4.8625714E+02  -2.5593661E-10
   4.8659088E+02  -2.9492506E-10
   4.8692462E+02  -3.3937417E-10
   4.8725835E+02  -3.8997641E-10
   4.8759209E+02  -4.4750170E-10
   4.8792583E+02  -5.1280347E-10
   4.8825957E+02  -5.8682803E-10
   4.8859331E+02  -6.7062134E-10
   4.8892705E+02  -7.6533757E-10
   4.8926079E+02  -8.7224844E-10
   4.8959452E+02  -9.9275310E-10
   4.8992826E+02  -1.1283853E-09
   4.9026200E+02  -1.2808272E-09
   4.9059574E+02  -1.4519184E-09
   4.9092948E+02  -1.6436640E-09
   4.9126322E+02  -1.8582498E-09
   4.9159696E+02  -2.0980515E-09
   4.9193069E+02  -2.3656455E-09
   4.9226443E+02  -2.6638196E-09
   4.9259817E+02  -2.9955842E-09
   4.9293191E+02  -3.3641860E-09
   4.9326565E+02  -3.7731152E-09
   4.9359939E+02  -4.2261150E-09
   4.9393313E+02  -4.7271915E-09
   4.9426687E+02  -5.2806226E-09
   4.9460060E+02  -5.8909673E-09
   4.9493434E+02  -6.5630603E-09
   4.9526808E+02  -7.3020296E-09
   4.9560182E+02  -8.1132940E-09
   4.9593556E+02  -9.0025587E-09
   4.9626930E+02  -9.9758175E-09
   4.9660304E+02  -1.1039342E-08
   4.9693677E+02  -1.2199691E-08
   4.9727051E+02  -1.3463670E-08
   4.9760425E+02  -1.4838340E-08
   4.9793799E+02  -1.6330983E-08
   4.9827173E+02  -1.7949104E-08
   4.9860547E+02  -1.9700360E-08
   4.9893921E+02  -2.1592584E-08
   4.9927294E+02  -2.3633675E-08
   4.9960668E+02  -2.5831618E-08
   4.9994042E+02  -2.8194419E-08
   5.0027416E+02  -3.0730039E-08
   5.0060790E+02  -3.3446298E-08
   5.0094164E+02  -3.6350890E-08
   5.0127538E+02  -3.9451255E-08
   5.0160911E+02  -4.2754468E-08
   5.0194285E+02  -4.6267278E-08
   5.0227659E+02  -4.9995819E-08
   5.0261033E+02  -5.3945691E-08
   5.0294407E+02  -5.8121753E-08
   5.0327781E+02  -6.2528045E-08
   5.0361155E+02  -6.7167647E-08
   5.0394528E+02  -7.2042667E-08
   5.0427902E+02  -7.7153871E-08
   5.0461276E+02  -8.2500826E-08
   5.0494650E+02  -8.8081642E-08
   5.0528024E+02  -9.3892744E-08
   5.0561398E+02  -9.9928940E-08
   5.0594772E+02  -1.0618315E-07
   5.0628145E+02  -1.1264626E-07
   5.0661519E+02  -1.1930703E-07
   5.0694893E+02  -1.2615212E-07
   5.0728267E+02  -1.3316564E-07
   5.0761641E+02  -1.4032929E-07
   5.0795015E+02  -1.4762212E-07
   5.0828389E+02  -1.5502049E-07
   5.0861762E+02  -1.6249805E-07
   5.0895136E+02  -1.7002557E-07
   5.0928510E+02  -1.7757095E-07
   5.0961884E+02  -1.8509900E-07
   5.0995258E+02  -1.9257175E-07
   5.1028632E+02  -1.9994802E-07
   5.1062006E+02  -2.0718399E-07
   5.1095379E+02  -2.1423266E-07
   5.1128753E+02  -2.2104437E-07
   5.1162127E+02  -2.2756660E-07
   5.1195501E+02  -2.3374450E-07
   5.1228875E+02  -2.3952032E-07
   5.1262249E+02  -2.4483455E-07
   5.1295623E+02  -2.4962509E-07
   5.1328997E+02  -2.5382818E-07
   5.1362370E+02  -2.5737899E-07
   5.1395744E+02  -2.6021056E-07
   5.1429118E+02  -2.6225587E-07
   5.1462492E+02  -2.6344662E-07
   5.1495866E+02  -2.6371481E-07
   5.1529240E+02  -2.6299247E-07
   5.1562614E+02  -2.6121259E-07
   5.1595987E+02  -2.5830883E-07
   5.1629361E+02  -2.5421673E-07
   5.1662735E+02  -2.4887410E-07
   5.1696109E+02  -2.4222118E-07
   5.1729483E+02  -2.3420122E-07
   5.1762857E+02  -2.2476176E-07
   5.1796231E+02  -2.1385422E-07
   5.1829604E+02  -2.0143452E-07
   5.1862978E+02  -1.8746444E-07
   5.1896352E+02  -1.7191148E-07
   5.1929726E+02  -1.5474917E-07
   5.1963100E+02  -1.3595843E-07
   5.1996474E+02  -1.1552714E-07
   5.2029848E+02  -9.3451135E-08
   5.2063221E+02  -6.9734526E-08
   5.2096595E+02  -4.4389964E-08
   5.2129969E+02  -1.7439035E-08
   5.2163343E+02   1.1087423E-08
   5.2196717E+02   4.1148979E-08
   5.2230091E+02   7.2695499E-08
   5.2263465E+02   1.0566717E-07
   5.2296838E+02   1.3999414E-07
   5.2330212E+02   1.7559663E-07
   5.2363586E+02   2.1238506E-07
   5.2396960E+02   2.5026000E-07
   5.2430334E+02   2.8911248E-07
   5.2463708E+02   3.2882423E-07
   5.2497082E+02   3.6926812E-07
   5.2530455E+02   4.1030805E-07
   5.2563829E+02   4.5180036E-07
   5.2597203E+02   4.9359318E-07
   5.2630577E+02   5.3552827E-07
   5.2663951E+02   5.7744114E-07
   5.2697325E+02   6.1916097E-07
   5.2730699E+02   6.6051331E-07
   5.2764072E+02   7.0131864E-07
   5.2797446E+02   7.4139547E-07
   5.2830820E+02   7.8056001E-07
   5.2864194E+02   8.1862709E-07
   5.2897568E+02   8.5541149E-07
   5.2930942E+02   8.9072978E-07
   5.2964316E+02   9.2439956E-07
   5.2997689E+02   9.5624227E-07
   5.3031063E+02   9.8608405E-07
   5.3064437E+02   1.0137546E-06
   5.3097811E+02   1.0390918E-06
   5.3131185E+02   1.0619402E-06
   5.3164559E+02   1.0821536E-06
   5.3197933E+02   1.0995941E-06
   5.3231306E+02   1.1141358E-06
   5.3264680E+02   1.1256616E-06
   5.3298054E+02   1.1340696E-06
   5.3331428E+02   1.1392690E-06
   5.3364802E+02   1.1411828E-06
   5.3398176E+02   1.1397490E-06
   5.3431550E+02   1.1349201E-06
   5.3464924E+02   1.1266641E-06
   5.3498297E+02   1.1149644E-06
   5.3531671E+02   1.0998206E-06
   5.3565045E+02   1.0812494E-06
   5.3598419E+02   1.0592819E-06
   5.3631793E+02   1.0339675E-06
   5.3665167E+02   1.0053710E-06
   5.3698541E+02   9.7357236E-07
   5.3731914E+02   9.3866925E-07
   5.3765288E+02   9.0077265E-07
   5.3798662E+02   8.6000910E-07
   5.3832036E+02   8.1651939E-07
   5.3865410E+02   7.7045786E-07
   5.3898784E+02   7.2199163E-07
   5.3932158E+02   6.7129884E-07
   5.3965531E+02   6.1856952E-07
   5.3998905E+02   5.6400319E-07
   5.4032279E+02   5.0780824E-07
   5.4065653E+02   4.5020118E-07
   5.4099027E+02   3.9140443E-07
   5.4132401E+02   3.3164622E-07
   5.4165775E+02   2.7115897E-07
   5.4199148E+02   2.1017757E-07
   5.4232522E+02   1.4893887E-07
   5.4265896E+02   8.7679865E-08
   5.4299270E+02   2.6636513E-08
   5.4332644E+02  -3.3957292E-08
   5.4366018E+02  -9.3871392E-08
   5.4399392E+02  -1.5287984E-07
   5.4432765E+02  -2.1076340E-07
   5.4466139E+02  -2.6730910E-07
   5.4499513E+02  -3.2231230E-07
   5.4532887E+02  -3.7557771E-07
   5.4566261E+02  -4.2691968E-07
   5.4599635E+02  -4.7616419E-07
   5.4633009E+02  -5.2314851E-07
   5.4666382E+02  -5.6772251E-07
   5.4699756E+02  -6.0974941E-07
   5.4733130E+02  -6.4910608E-07
   5.4766504E+02  -6.8568363E-07
   5.4799878E+02  -7.1938780E-07
   5.4833252E+02  -7.5013963E-07
   5.4866626E+02  -7.7787507E-07
   5.4899999E+02  -8.0254432E-07
   5.4933373E+02  -8.2411458E-07
   5.4966747E+02  -8.4256646E-07
   5.5000121E+02  -8.5789748E-07
   5.5033495E+02  -8.7011836E-07
   5.5066869E+02  -8.7925412E-07
   5.5100243E+02  -8.8534534E-07
   5.5133616E+02  -8.8844479E-07
   5.5166990E+02  -8.8861816E-07
   5.5200364E+02  -8.8594379E-07
   5.5233738E+02  -8.8051155E-07
   5.5267112E+02  -8.7242267E-07
   5.5300486E+02  -8.6178738E-07
   5.5333860E+02  -8.4872568E-07
   5.5367234E+02  -8.3336613E-07
   5.5400607E+02  -8.1584426E-07
   5.5433981E+02  -7.9630252E-07
   5.5467355E+02  -7.7488880E-07
   5.5500729E+02  -7.5175541E-07
   5.5534103E+02  -7.2705825E-07
   5.5567477E+02  -7.0095689E-07
   5.5600851E+02  -6.7361117E-07
   5.5634224E+02  -6.4518281E-07
   5.5667598E+02  -6.1583330E-07
   5.5700972E+02  -5.8572294E-07
   5.5734346E+02  -5.5501062E-07
   5.5767720E+02  -5.2385201E-07
   5.5801094E+02  -4.9239981E-07
   5.5834468E+02  -4.6080234E-07
   5.5867841E+02  -4.2920317E-07
   5.5901215E+02  -3.9774019E-07
   5.5934589E+02  -3.6654515E-07
   5.5967963E+02  -3.3574341E-07
   5.6001337E+02  -3.0545306E-07
   5.6034711E+02  -2.7578469E-07
   5.6068085E+02  -2.4684087E-07
   5.6101458E+02  -2.1871634E-07
   5.6134832E+02  -1.9149725E-07
   5.6168206E+02  -1.6526076E-07
   5.6201580E+02  -1.4007576E-07
   5.6234954E+02  -1.1600207E-07
   5.6268328E+02  -9.3090684E-08
   5.6301702E+02  -7.1383774E-08
   5.6335075E+02  -5.0915077E-08
   5.6368449E+02  -3.1709369E-08
   5.6401823E+02  -1.3783414E-08
   5.6435197E+02   2.8542928E-09
   5.6468571E+02   1.8202861E-08
   5.6501945E+02   3.2269067E-08
   5.6535319E+02   4.5066699E-08
   5.6568692E+02   5.6616312E-08
   5.6602066E+02   6.6944708E-08
   5.6635440E+02   7.6084540E-08
   5.6668814E+02   8.4073861E-08
   5.6702188E+02   9.0955581E-08
   5.6735562E+02   9.6776979E-08
   5.6768936E+02   1.0158913E-07
   5.6802309E+02   1.0544645E-07
   5.6835683E+02   1.0840614E-07
   5.6869057E+02   1.1052754E-07
   5.6902431E+02   1.1187180E-07
   5.6935805E+02   1.1250121E-07
   5.6969179E+02   1.1247874E-07
   5.7002553E+02   1.1186767E-07
   5.7035926E+02   1.1073092E-07
   5.7069300E+02   1.0913074E-07
   5.7102674E+02   1.0712827E-07
   5.7136048E+02   1.0478308E-07
   5.7169422E+02   1.0215287E-07
   5.7202796E+02   9.9292983E-08
   5.7236170E+02   9.6256144E-08
   5.7269543E+02   9.3092261E-08
   5.7302917E+02   8.9848022E-08
   5.7336291E+02   8.6566807E-08
   5.7369665E+02   8.3288427E-08
   5.7403039E+02   8.0049020E-08
   5.7436413E+02   7.6880980E-08
   5.7469787E+02   7.3812771E-08
   5.7503161E+02   7.0868964E-08
   5.7536534E+02   6.8070335E-08
   5.7569908E+02   6.5433639E-08
   5.7603282E+02   6.2971850E-08
   5.7636656E+02   6.0694170E-08
   5.7670030E+02   5.8606137E-08
   5.7703404E+02   5.6709791E-08
   5.7736778E+02   5.5003778E-08
   5.7770151E+02   5.3483674E-08
   5.7803525E+02   5.2142042E-08
   5.7836899E+02   5.0968744E-08
   5.7870273E+02   4.9951158E-08
   5.7903647E+02   4.9074540E-08
   5.7937021E+02   4.8322132E-08
   5.7970395E+02   4.7675485E-08
   5.8003768E+02   4.7114852E-08
   5.8037142E+02   4.6619252E-08
   5.8070516E+02   4.6166917E-08
   5.8103890E+02   4.5735469E-08
   5.8137264E+02   4.5302237E-08
   5.8170638E+02   4.4844565E-08
   5.8204012E+02   4.4339945E-08
   5.8237385E+02   4.3766430E-08
   5.8270759E+02   4.3102787E-08
   5.8304133E+02   4.2328733E-08
   5.8337507E+02   4.1425171E-08
   5.8370881E+02   4.0374346E-08
   5.8404255E+02   3.9160064E-08
   5.8437629E+02   3.7767759E-08
   5.8471002E+02   3.6184666E-08
   5.8504376E+02   3.4400017E-08
   5.8537750E+02   3.2404941E-08
   5.8571124E+02   3.0192723E-08
   5.8604498E+02   2.7758764E-08
   5.8637872E+02   2.5100643E-08
   5.8671246E+02   2.2218215E-08
   5.8704619E+02   1.9113461E-08
   5.8737993E+02   1.5790627E-08
   5.8771367E+02   1.2256088E-08
   5.8804741E+02   8.5183167E-09
   5.8838115E+02   4.5878146E-09
   5.8871489E+02   4.7697668E-10
   5.8904863E+02  -3.7999328E-09
   5.8938236E+02  -8.2269764E-09
   5.8971610E+02  -1.2786664E-08
   5.9004984E+02  -1.7459989E-08
   5.9038358E+02  -2.2226658E-08
   5.9071732E+02  -2.7065219E-08
   5.9105106E+02  -3.1953078E-08
   5.9138480E+02  -3.6866922E-08
   5.9171853E+02  -4.1782513E-08
   5.9205227E+02  -4.6675225E-08
   5.9238601E+02  -5.1520033E-08
   5.9271975E+02  -5.6291555E-08
   5.9305349E+02  -6.0964581E-08
   5.9338723E+02  -6.5513944E-08
   5.9372097E+02  -6.9914648E-08
   5.9405471E+02  -7.4142548E-08
   5.9438844E+02  -7.8173557E-08
   5.9472218E+02  -8.1984751E-08
   5.9505592E+02  -8.5553850E-08
   5.9538966E+02  -8.8859679E-08
   5.9572340E+02  -9.1882043E-08
   5.9605714E+02  -9.4602058E-08
   5.9639088E+02  -9.7002300E-08
   5.9672461E+02  -9.9066654E-08
   5.9705835E+02  -1.0078054E-07
   5.9739209E+02  -1.0213134E-07
   5.9772583E+02  -1.0310802E-07
   5.9805957E+02  -1.0370118E-07
   5.9839331E+02  -1.0390363E-07
   5.9872705E+02  -1.0370991E-07
   5.9906078E+02  -1.0311652E-07
   5.9939452E+02  -1.0212196E-07
   5.9972826E+02  -1.0072674E-07
   6.0006200E+02  -9.8933299E-08
   6.0039574E+02  -9.6746078E-08
   6.0072948E+02  -9.4171611E-08
   6.0106322E+02  -9.1218368E-08
   6.0139695E+02  -8.7896723E-08
   6.0173069E+02  -8.4219138E-08
   6.0206443E+02  -8.0199882E-08
   6.0239817E+02  -7.5855041E-08
   6.0273191E+02  -7.1202493E-08
   6.0306565E+02  -6.6261876E-08
   6.0339939E+02  -6.1054351E-08
   6.0373312E+02  -5.5602548E-08
   6.0406686E+02  -4.9930598E-08
   6.0440060E+02  -4.4063974E-08
   6.0473434E+02  -3.8029334E-08
   6.0506808E+02  -3.1854412E-08
   6.0540182E+02  -2.5568033E-08
   6.0573556E+02  -1.9199916E-08
   6.0606929E+02  -1.2780538E-08
   6.0640303E+02  -6.3409296E-09
   6.0673677E+02   8.7332808E-11
   6.0707051E+02   6.4723693E-09
   6.0740425E+02   1.2782131E-08
   6.0773799E+02   1.8984437E-08
   6.0807173E+02   2.5047356E-08
   6.0840546E+02   3.0939063E-08
   6.0873920E+02   3.6628279E-08
   6.0907294E+02   4.2084139E-08
   6.0940668E+02   4.7276416E-08
   6.0974042E+02   5.2175693E-08
   6.1007416E+02   5.6753464E-08
   6.1040790E+02   6.0982330E-08
   6.1074163E+02   6.4836030E-08
   6.1107537E+02   6.8289665E-08
   6.1140911E+02   7.1319675E-08
   6.1174285E+02   7.3904175E-08
   6.1207659E+02   7.6023042E-08
   6.1241033E+02   7.7657518E-08
   6.1274407E+02   7.8791203E-08
   6.1307781E+02   7.9409290E-08
   6.1341154E+02   7.9499131E-08
   6.1374528E+02   7.9050039E-08
   6.1407902E+02   7.8053660E-08
   6.1441276E+02   7.6503540E-08
   6.1474650E+02   7.4395587E-08
   6.1508024E+02   7.1727925E-08
   6.1541398E+02   6.8501095E-08
   6.1574771E+02   6.4717767E-08
   6.1608145E+02   6.0382860E-08
   6.1641519E+02   5.5503932E-08
   6.1674893E+02   5.0090335E-08
   6.1708267E+02   4.4154035E-08
   6.1741641E+02   3.7708702E-08
   6.1775015E+02   3.0770565E-08
   6.1808388E+02   2.3357558E-08
   6.1841762E+02   1.5489817E-08
   6.1875136E+02   7.1892288E-09
   6.1908510E+02  -1.5204336E-09
   6.1941884E+02  -1.0613704E-08
   6.1975258E+02  -2.0063496E-08
   6.2008632E+02  -2.9841232E-08
   6.2042005E+02  -3.9916799E-08
   6.2075379E+02  -5.0258986E-08
   6.2108753E+02  -6.0835319E-08
   6.2142127E+02  -7.1612348E-08
   6.2175501E+02  -8.2555744E-08
   6.2208875E+02  -9.3630419E-08
   6.2242249E+02  -1.0480065E-07
   6.2275622E+02  -1.1603026E-07
   6.2308996E+02  -1.2728265E-07
   6.2342370E+02  -1.3852102E-07
   6.2375744E+02  -1.4970834E-07
   6.2409118E+02  -1.6080763E-07
   6.2442492E+02  -1.7178189E-07
   6.2475866E+02  -1.8259442E-07
   6.2509239E+02  -1.9320849E-07
   6.2542613E+02  -2.0358802E-07
   6.2575987E+02  -2.1369709E-07
   6.2609361E+02  -2.2350031E-07
   6.2642735E+02  -2.3296266E-07
   6.2676109E+02  -2.4205008E-07
   6.2709483E+02  -2.5072868E-07
   6.2742856E+02  -2.5896520E-07
   6.2776230E+02  -2.6672743E-07
   6.2809604E+02  -2.7398306E-07
   6.2842978E+02  -2.8070110E-07
   6.2876352E+02  -2.8685051E-07
   6.2909726E+02  -2.9240135E-07
   6.2943100E+02  -2.9732414E-07
   6.2976473E+02  -3.0158975E-07
   6.3009847E+02  -3.0516986E-07
   6.3043221E+02  -3.0803653E-07
   6.3076595E+02  -3.1016270E-07
   6.3109969E+02  -3.1152138E-07
   6.3143343E+02  -3.1208617E-07
   6.3176717E+02  -3.1183151E-07
   6.3210090E+02  -3.1073199E-07
   6.3243464E+02  -3.0876299E-07
   6.3276838E+02  -3.0590041E-07
   6.3310212E+02  -3.0212078E-07
   6.3343586E+02  -2.9740139E-07
   6.3376960E+02  -2.9172014E-07
   6.3410334E+02  -2.8505605E-07
   6.3443708E+02  -2.7738912E-07
   6.3477081E+02  -2.6870049E-07
   6.3510455E+02  -2.5897285E-07
   6.3543829E+02  -2.4818999E-07
   6.3577203E+02  -2.3633800E-07
   6.3610577E+02  -2.2340447E-07
   6.3643951E+02  -2.0937924E-07
   6.3677325E+02  -1.9425431E-07
   6.3710698E+02  -1.7802468E-07
   6.3744072E+02  -1.6068809E-07
   6.3777446E+02  -1.4224538E-07
   6.3810820E+02  -1.2270090E-07
   6.3844194E+02  -1.0206260E-07
   6.3877568E+02  -8.0342559E-08
   6.3910942E+02  -5.7556996E-08
   6.3944315E+02  -3.3726835E-08
   6.3977689E+02  -8.8773717E-09
   6.4011063E+02   1.6960811E-08
   6.4044437E+02   4.3751740E-08
   6.4077811E+02   7.1454465E-08
   6.4111185E+02   1.0002225E-07
   6.4144559E+02   1.2940286E-07
   6.4177932E+02   1.5953800E-07
   6.4211306E+02   1.9036385E-07
   6.4244680E+02   2.2181054E-07
   6.4278054E+02   2.5380240E-07
   6.4311428E+02   2.8625800E-07
   6.4344802E+02   3.1909033E-07
   6.4378176E+02   3.5220688E-07
   6.4411549E+02   3.8550968E-07
   6.4444923E+02   4.1889598E-07
   6.4478297E+02   4.5225832E-07
   6.4511671E+02   4.8548469E-07
   6.4545045E+02   5.1845939E-07
   6.4578419E+02   5.5106324E-07
   6.4611793E+02   5.8317403E-07
   6.4645166E+02   6.1466744E-07
   6.4678540E+02   6.4541678E-07
   6.4711914E+02   6.7529447E-07
   6.4745288E+02   7.0417292E-07
   6.4778662E+02   7.3192348E-07
   6.4812036E+02   7.5841962E-07
   6.4845410E+02   7.8353560E-07
   6.4878783E+02   8.0714887E-07
   6.4912157E+02   8.2913903E-07
   6.4945531E+02   8.4939040E-07
   6.4978905E+02   8.6779141E-07
   6.5012279E+02   8.8423621E-07
   6.5045653E+02   8.9862556E-07
   6.5079027E+02   9.1086588E-07
   6.5112400E+02   9.2087168E-07
   6.5145774E+02   9.2856595E-07
   6.5179148E+02   9.3387990E-07
   6.5212522E+02   9.3675430E-07
   6.5245896E+02   9.3713970E-07
   6.5279270E+02   9.3499671E-07
   6.5312644E+02   9.3029666E-07
   6.5346018E+02   9.2302230E-07
   6.5379391E+02   9.1316747E-07
   6.5412765E+02   9.0073740E-07
   6.5446139E+02   8.8574831E-07
   6.5479513E+02   8.6822922E-07
   6.5512887E+02   8.4821983E-07
   6.5546261E+02   8.2577208E-07
   6.5579635E+02   8.0094861E-07
   6.5613008E+02   7.7382384E-07
   6.5646382E+02   7.4448224E-07
   6.5679756E+02   7.1301952E-07
   6.5713130E+02   6.7954016E-07
   6.5746504E+02   6.4415917E-07
   6.5779878E+02   6.0700012E-07
   6.5813252E+02   5.6819493E-07
   6.5846625E+02   5.2788243E-07
   6.5879999E+02   4.8620859E-07
   6.5913373E+02   4.4332563E-07
   6.5946747E+02   3.9939050E-07
   6.5980121E+02   3.5456475E-07
   6.6013495E+02   3.0901333E-07
