  -7.8094826E+01   0.0000000E+00
  -7.7761087E+01   0.0000000E+00
  -7.7427349E+01   0.0000000E+00
  -7.7093610E+01   0.0000000E+00
  -7.6759871E+01   0.0000000E+00
  -7.6426133E+01   0.0000000E+00
  -7.6092394E+01   0.0000000E+00
  -7.5758656E+01   0.0000000E+00
  -7.5424917E+01   0.0000000E+00
  -7.5091178E+01   0.0000000E+00
  -7.4757440E+01   0.0000000E+00
  -7.4423701E+01   0.0000000E+00
  -7.4089963E+01   0.0000000E+00
  -7.3756224E+01   0.0000000E+00
  -7.3422485E+01   0.0000000E+00
  -7.3088747E+01   0.0000000E+00
  -7.2755008E+01   0.0000000E+00
  -7.2421270E+01   0.0000000E+00
  -7.2087531E+01   0.0000000E+00
  -7.1753792E+01   0.0000000E+00
  -7.1420054E+01   0.0000000E+00
  -7.1086315E+01   0.0000000E+00
  -7.0752577E+01   0.0000000E+00
  -7.0418838E+01   0.0000000E+00
  -7.0085099E+01   0.0000000E+00
  -6.9751361E+01   0.0000000E+00
  -6.9417622E+01   0.0000000E+00
  -6.9083884E+01   0.0000000E+00
  -6.8750145E+01   0.0000000E+00
  -6.8416406E+01   0.0000000E+00
  -6.8082668E+01   0.0000000E+00
  -6.7748929E+01   0.0000000E+00
  -6.7415191E+01   0.0000000E+00
  -6.7081452E+01   0.0000000E+00
  -6.6747714E+01   0.0000000E+00
  -6.6413975E+01   0.0000000E+00
  -6.6080236E+01   0.0000000E+00
  -6.5746498E+01   0.0000000E+00
  -6.5412759E+01   0.0000000E+00
  -6.5079021E+01   0.0000000E+00
  -6.4745282E+01   0.0000000E+00
  -6.4411543E+01   0.0000000E+00
  -6.4077805E+01   0.0000000E+00
  -6.3744066E+01   0.0000000E+00
  -6.3410328E+01   0.0000000E+00
  -6.3076589E+01   0.0000000E+00
  -6.2742850E+01   0.0000000E+00
  -6.2409112E+01   0.0000000E+00
  -6.2075373E+01   0.0000000E+00
  -6.1741635E+01   0.0000000E+00
  -6.1407896E+01   0.0000000E+00
  -6.1074157E+01   0.0000000E+00
  -6.0740419E+01   0.0000000E+00
  -6.0406680E+01   0.0000000E+00
  -6.0072942E+01   0.0000000E+00
  -5.9739203E+01   0.0000000E+00
  -5.9405464E+01   0.0000000E+00
  -5.9071726E+01   0.0000000E+00
  -5.8737987E+01   0.0000000E+00
  -5.8404249E+01   0.0000000E+00
  -5.8070510E+01   0.0000000E+00
  -5.7736771E+01   0.0000000E+00
  -5.7403033E+01   0.0000000E+00
  -5.7069294E+01   0.0000000E+00
  -5.6735556E+01   0.0000000E+00
  -5.6401817E+01   0.0000000E+00
  -5.6068078E+01   0.0000000E+00
  -5.5734340E+01   0.0000000E+00
  -5.5400601E+01   0.0000000E+00
  -5.5066863E+01   0.0000000E+00
  -5.4733124E+01   0.0000000E+00
  -5.4399385E+01   0.0000000E+00
  -5.4065647E+01   0.0000000E+00
  -5.3731908E+01   0.0000000E+00
  -5.3398170E+01   0.0000000E+00
  -5.3064431E+01   0.0000000E+00
  -5.2730693E+01   0.0000000E+00
  -5.2396954E+01   0.0000000E+00
  -5.2063215E+01   0.0000000E+00
  -5.1729477E+01   0.0000000E+00
  -5.1395738E+01   0.0000000E+00
  -5.1062000E+01   0.0000000E+00
  -5.0728261E+01   0.0000000E+00
  -5.0394522E+01   0.0000000E+00
  -5.0060784E+01   0.0000000E+00
  -4.9727045E+01   0.0000000E+00
  -4.9393307E+01   0.0000000E+00
  -4.9059568E+01   0.0000000E+00
  -4.8725829E+01   0.0000000E+00
  -4.8392091E+01   0.0000000E+00
  -4.8058352E+01   0.0000000E+00
  -4.7724614E+01   0.0000000E+00
  -4.7390875E+01   0.0000000E+00
  -4.7057136E+01   0.0000000E+00
  -4.6723398E+01   0.0000000E+00
  -4.6389659E+01   0.0000000E+00
  -4.6055921E+01   0.0000000E+00
  -4.5722182E+01   0.0000000E+00
  -4.5388443E+01   0.0000000E+00
  -4.5054705E+01   0.0000000E+00
  -4.4720966E+01   0.0000000E+00
  -4.4387228E+01   0.0000000E+00
  -4.4053489E+01   0.0000000E+00
  -4.3719750E+01   0.0000000E+00
  -4.3386012E+01   0.0000000E+00
  -4.3052273E+01   0.0000000E+00
  -4.2718535E+01   0.0000000E+00
  -4.2384796E+01   0.0000000E+00
  -4.2051057E+01   0.0000000E+00
  -4.1717319E+01   0.0000000E+00
  -4.1383580E+01   0.0000000E+00
  -4.1049842E+01   0.0000000E+00
  -4.0716103E+01   0.0000000E+00
  -4.0382364E+01   0.0000000E+00
  -4.0048626E+01   0.0000000E+00
  -3.9714887E+01   0.0000000E+00
  -3.9381149E+01   0.0000000E+00
  -3.9047410E+01   0.0000000E+00
  -3.8713672E+01   0.0000000E+00
  -3.8379933E+01   0.0000000E+00
  -3.8046194E+01   0.0000000E+00
  -3.7712456E+01   0.0000000E+00
  -3.7378717E+01   0.0000000E+00
  -3.7044979E+01   0.0000000E+00
  -3.6711240E+01   0.0000000E+00
  -3.6377501E+01   0.0000000E+00
  -3.6043763E+01   0.0000000E+00
  -3.5710024E+01   0.0000000E+00
  -3.5376286E+01   0.0000000E+00
  -3.5042547E+01   0.0000000E+00
  -3.4708808E+01   0.0000000E+00
  -3.4375070E+01   0.0000000E+00
  -3.4041331E+01   0.0000000E+00
  -3.3707593E+01   0.0000000E+00
  -3.3373854E+01   0.0000000E+00
  -3.3040115E+01   0.0000000E+00
  -3.2706377E+01   0.0000000E+00
  -3.2372638E+01   0.0000000E+00
  -3.2038900E+01   0.0000000E+00
  -3.1705161E+01   0.0000000E+00
  -3.1371422E+01   0.0000000E+00
  -3.1037684E+01   0.0000000E+00
  -3.0703945E+01   0.0000000E+00
  -3.0370207E+01   0.0000000E+00
  -3.0036468E+01   0.0000000E+00
  -2.9702729E+01   0.0000000E+00
  -2.9368991E+01   0.0000000E+00
  -2.9035252E+01   0.0000000E+00
  -2.8701514E+01   0.0000000E+00
  -2.8367775E+01   0.0000000E+00
  -2.8034036E+01   0.0000000E+00
  -2.7700298E+01   0.0000000E+00
  -2.7366559E+01   0.0000000E+00
  -2.7032821E+01   0.0000000E+00
  -2.6699082E+01   0.0000000E+00
  -2.6365343E+01   0.0000000E+00
  -2.6031605E+01   0.0000000E+00
  -2.5697866E+01   0.0000000E+00
  -2.5364128E+01   0.0000000E+00
  -2.5030389E+01   0.0000000E+00
  -2.4696651E+01   0.0000000E+00
  -2.4362912E+01   0.0000000E+00
  -2.4029173E+01   0.0000000E+00
  -2.3695435E+01   0.0000000E+00
  -2.3361696E+01   0.0000000E+00
  -2.3027958E+01   0.0000000E+00
  -2.2694219E+01   0.0000000E+00
  -2.2360480E+01   0.0000000E+00
  -2.2026742E+01   0.0000000E+00
  -2.1693003E+01   0.0000000E+00
  -2.1359265E+01   0.0000000E+00
  -2.1025526E+01   0.0000000E+00
  -2.0691787E+01   0.0000000E+00
  -2.0358049E+01   0.0000000E+00
  -2.0024310E+01   0.0000000E+00
  -1.9690572E+01   0.0000000E+00
  -1.9356833E+01   0.0000000E+00
  -1.9023094E+01   0.0000000E+00
  -1.8689356E+01   0.0000000E+00
  -1.8355617E+01   0.0000000E+00
  -1.8021879E+01   0.0000000E+00
  -1.7688140E+01   0.0000000E+00
  -1.7354401E+01   0.0000000E+00
  -1.7020663E+01   0.0000000E+00
  -1.6686924E+01   0.0000000E+00
  -1.6353186E+01   0.0000000E+00
  -1.6019447E+01   0.0000000E+00
  -1.5685708E+01   0.0000000E+00
  -1.5351970E+01   0.0000000E+00
  -1.5018231E+01   0.0000000E+00
  -1.4684493E+01   0.0000000E+00
  -1.4350754E+01   0.0000000E+00
  -1.4017015E+01   0.0000000E+00
  -1.3683277E+01   0.0000000E+00
  -1.3349538E+01   0.0000000E+00
  -1.3015800E+01   0.0000000E+00
  -1.2682061E+01   0.0000000E+00
  -1.2348322E+01   0.0000000E+00
  -1.2014584E+01   0.0000000E+00
  -1.1680845E+01   0.0000000E+00
  -1.1347107E+01   0.0000000E+00
  -1.1013368E+01   0.0000000E+00
  -1.0679630E+01   0.0000000E+00
  -1.0345891E+01   0.0000000E+00
  -1.0012152E+01   0.0000000E+00
  -9.6784137E+00   0.0000000E+00
  -9.3446751E+00   0.0000000E+00
  -9.0109365E+00   0.0000000E+00
  -8.6771979E+00   0.0000000E+00
  -8.3434593E+00   0.0000000E+00
  -8.0097207E+00   0.0000000E+00
  -7.6759821E+00   0.0000000E+00
  -7.3422436E+00   0.0000000E+00
  -7.0085050E+00   0.0000000E+00
  -6.6747664E+00   0.0000000E+00
  -6.3410278E+00   0.0000000E+00
  -6.0072892E+00   0.0000000E+00
  -5.6735506E+00   0.0000000E+00
  -5.3398120E+00   0.0000000E+00
  -5.0060734E+00   0.0000000E+00
  -4.6723348E+00   0.0000000E+00
  -4.3385962E+00   0.0000000E+00
  -4.0048576E+00   0.0000000E+00
  -3.6711190E+00   0.0000000E+00
  -3.3373804E+00   0.0000000E+00
  -3.0036418E+00   0.0000000E+00
  -2.6699032E+00   0.0000000E+00
  -2.3361646E+00   0.0000000E+00
  -2.0024260E+00   0.0000000E+00
  -1.6686874E+00   0.0000000E+00
  -1.3349488E+00   0.0000000E+00
  -1.0012102E+00   0.0000000E+00
  -6.6747165E-01   0.0000000E+00
  -3.3373305E-01   0.0000000E+00
   5.5432320E-06   0.0000000E+00
   3.3374414E-01   0.0000000E+00
   6.6748273E-01   0.0000000E+00
   1.0012213E+00   0.0000000E+00
   1.3349599E+00   0.0000000E+00
   1.6686985E+00   0.0000000E+00
   2.0024371E+00   0.0000000E+00
   2.3361757E+00   0.0000000E+00
   2.6699143E+00   0.0000000E+00
   3.0036529E+00   0.0000000E+00
   3.3373915E+00   0.0000000E+00
   3.6711301E+00   0.0000000E+00
   4.0048687E+00   0.0000000E+00
   4.3386073E+00   0.0000000E+00
   4.6723459E+00   0.0000000E+00
   5.0060845E+00   0.0000000E+00
   5.3398231E+00   0.0000000E+00
   5.6735617E+00   0.0000000E+00
   6.0073003E+00   0.0000000E+00
   6.3410389E+00   0.0000000E+00
   6.6747774E+00   0.0000000E+00
   7.0085160E+00   0.0000000E+00
   7.3422546E+00   0.0000000E+00
   7.6759932E+00   0.0000000E+00
   8.0097318E+00   0.0000000E+00
   8.3434704E+00   0.0000000E+00
   8.6772090E+00   0.0000000E+00
   9.0109476E+00   0.0000000E+00
   9.3446862E+00   0.0000000E+00
   9.6784248E+00   0.0000000E+00
   1.0012163E+01   0.0000000E+00
   1.0345902E+01   0.0000000E+00
   1.0679641E+01   0.0000000E+00
   1.1013379E+01   0.0000000E+00
   1.1347118E+01   0.0000000E+00
   1.1680856E+01   0.0000000E+00
   1.2014595E+01   0.0000000E+00
   1.2348334E+01   0.0000000E+00
   1.2682072E+01   0.0000000E+00
   1.3015811E+01   0.0000000E+00
   1.3349549E+01   0.0000000E+00
   1.3683288E+01   0.0000000E+00
   1.4017027E+01   0.0000000E+00
   1.4350765E+01   0.0000000E+00
   1.4684504E+01   0.0000000E+00
   1.5018242E+01   0.0000000E+00
   1.5351981E+01   0.0000000E+00
   1.5685720E+01   0.0000000E+00
   1.6019458E+01   0.0000000E+00
   1.6353197E+01   0.0000000E+00
   1.6686935E+01   0.0000000E+00
   1.7020674E+01   0.0000000E+00
   1.7354412E+01   0.0000000E+00
   1.7688151E+01   0.0000000E+00
   1.8021890E+01   0.0000000E+00
   1.8355628E+01   0.0000000E+00
   1.8689367E+01   0.0000000E+00
   1.9023105E+01   0.0000000E+00
   1.9356844E+01   0.0000000E+00
   1.9690583E+01   0.0000000E+00
   2.0024321E+01   0.0000000E+00
   2.0358060E+01   0.0000000E+00
   2.0691798E+01   0.0000000E+00
   2.1025537E+01   0.0000000E+00
   2.1359276E+01   0.0000000E+00
   2.1693014E+01   0.0000000E+00
   2.2026753E+01   0.0000000E+00
   2.2360491E+01   0.0000000E+00
   2.2694230E+01   0.0000000E+00
   2.3027969E+01   0.0000000E+00
   2.3361707E+01   0.0000000E+00
   2.3695446E+01   0.0000000E+00
   2.4029184E+01   0.0000000E+00
   2.4362923E+01   0.0000000E+00
   2.4696662E+01   0.0000000E+00
   2.5030400E+01   0.0000000E+00
   2.5364139E+01   0.0000000E+00
   2.5697877E+01   0.0000000E+00
   2.6031616E+01   0.0000000E+00
   2.6365355E+01   0.0000000E+00
   2.6699093E+01   0.0000000E+00
   2.7032832E+01   0.0000000E+00
   2.7366570E+01   0.0000000E+00
   2.7700309E+01   0.0000000E+00
   2.8034048E+01   0.0000000E+00
   2.8367786E+01   0.0000000E+00
   2.8701525E+01   0.0000000E+00
   2.9035263E+01   0.0000000E+00
   2.9369002E+01   0.0000000E+00
   2.9702741E+01   0.0000000E+00
   3.0036479E+01   0.0000000E+00
   3.0370218E+01   0.0000000E+00
   3.0703956E+01   0.0000000E+00
   3.1037695E+01   0.0000000E+00
   3.1371433E+01   0.0000000E+00
   3.1705172E+01   0.0000000E+00
   3.2038911E+01   0.0000000E+00
   3.2372649E+01   0.0000000E+00
   3.2706388E+01   0.0000000E+00
   3.3040126E+01   0.0000000E+00
   3.3373865E+01   0.0000000E+00
   3.3707604E+01   0.0000000E+00
   3.4041342E+01   0.0000000E+00
   3.4375081E+01   0.0000000E+00
   3.4708819E+01   0.0000000E+00
   3.5042558E+01   0.0000000E+00
   3.5376297E+01   0.0000000E+00
   3.5710035E+01   0.0000000E+00
   3.6043774E+01   0.0000000E+00
   3.6377512E+01   0.0000000E+00
   3.6711251E+01   0.0000000E+00
   3.7044990E+01   0.0000000E+00
   3.7378728E+01   0.0000000E+00
   3.7712467E+01   0.0000000E+00
   3.8046205E+01   0.0000000E+00
   3.8379944E+01   0.0000000E+00
   3.8713683E+01   0.0000000E+00
   3.9047421E+01   0.0000000E+00
   3.9381160E+01   0.0000000E+00
   3.9714898E+01   0.0000000E+00
   4.0048637E+01   0.0000000E+00
   4.0382376E+01   0.0000000E+00
   4.0716114E+01   0.0000000E+00
   4.1049853E+01   0.0000000E+00
   4.1383591E+01   0.0000000E+00
   4.1717330E+01   0.0000000E+00
   4.2051069E+01   0.0000000E+00
   4.2384807E+01   0.0000000E+00
   4.2718546E+01   0.0000000E+00
   4.3052284E+01   0.0000000E+00
   4.3386023E+01   0.0000000E+00
   4.3719762E+01   0.0000000E+00
   4.4053500E+01   0.0000000E+00
   4.4387239E+01   0.0000000E+00
   4.4720977E+01   0.0000000E+00
   4.5054716E+01   0.0000000E+00
   4.5388454E+01   0.0000000E+00
   4.5722193E+01   0.0000000E+00
   4.6055932E+01   0.0000000E+00
   4.6389670E+01   0.0000000E+00
   4.6723409E+01   0.0000000E+00
   4.7057147E+01   0.0000000E+00
   4.7390886E+01   0.0000000E+00
   4.7724625E+01   0.0000000E+00
   4.8058363E+01   0.0000000E+00
   4.8392102E+01   0.0000000E+00
   4.8725840E+01   0.0000000E+00
   4.9059579E+01   0.0000000E+00
   4.9393318E+01   0.0000000E+00
   4.9727056E+01   0.0000000E+00
   5.0060795E+01   0.0000000E+00
   5.0394533E+01   0.0000000E+00
   5.0728272E+01   0.0000000E+00
   5.1062011E+01   0.0000000E+00
   5.1395749E+01   0.0000000E+00
   5.1729488E+01   0.0000000E+00
   5.2063226E+01   0.0000000E+00
   5.2396965E+01   0.0000000E+00
   5.2730704E+01   0.0000000E+00
   5.3064442E+01   0.0000000E+00
   5.3398181E+01   0.0000000E+00
   5.3731919E+01   0.0000000E+00
   5.4065658E+01   0.0000000E+00
   5.4399397E+01   0.0000000E+00
   5.4733135E+01   0.0000000E+00
   5.5066874E+01   0.0000000E+00
   5.5400612E+01   0.0000000E+00
   5.5734351E+01   0.0000000E+00
   5.6068090E+01   0.0000000E+00
   5.6401828E+01   0.0000000E+00
   5.6735567E+01   0.0000000E+00
   5.7069305E+01   0.0000000E+00
   5.7403044E+01   0.0000000E+00
   5.7736783E+01   0.0000000E+00
   5.8070521E+01   0.0000000E+00
   5.8404260E+01   0.0000000E+00
   5.8737998E+01   0.0000000E+00
   5.9071737E+01   0.0000000E+00
   5.9405475E+01   0.0000000E+00
   5.9739214E+01   0.0000000E+00
   6.0072953E+01   0.0000000E+00
   6.0406691E+01   0.0000000E+00
   6.0740430E+01   0.0000000E+00
   6.1074168E+01   0.0000000E+00
   6.1407907E+01   0.0000000E+00
   6.1741646E+01   0.0000000E+00
   6.2075384E+01   0.0000000E+00
   6.2409123E+01   0.0000000E+00
   6.2742861E+01   0.0000000E+00
   6.3076600E+01   0.0000000E+00
   6.3410339E+01   0.0000000E+00
   6.3744077E+01   0.0000000E+00
   6.4077816E+01   0.0000000E+00
   6.4411554E+01   0.0000000E+00
   6.4745293E+01   0.0000000E+00
   6.5079032E+01   0.0000000E+00
   6.5412770E+01   0.0000000E+00
   6.5746509E+01   0.0000000E+00
   6.6080247E+01   0.0000000E+00
   6.6413986E+01   0.0000000E+00
   6.6747725E+01   0.0000000E+00
   6.7081463E+01   0.0000000E+00
   6.7415202E+01   0.0000000E+00
   6.7748940E+01   0.0000000E+00
   6.8082679E+01   0.0000000E+00
   6.8416418E+01   0.0000000E+00
   6.8750156E+01   0.0000000E+00
   6.9083895E+01   0.0000000E+00
   6.9417633E+01   0.0000000E+00
   6.9751372E+01   0.0000000E+00
   7.0085111E+01   0.0000000E+00
   7.0418849E+01   0.0000000E+00
   7.0752588E+01   0.0000000E+00
   7.1086326E+01   0.0000000E+00
   7.1420065E+01   0.0000000E+00
   7.1753804E+01   0.0000000E+00
   7.2087542E+01   0.0000000E+00
   7.2421281E+01   0.0000000E+00
   7.2755019E+01   0.0000000E+00
   7.3088758E+01   0.0000000E+00
   7.3422496E+01   0.0000000E+00
   7.3756235E+01   0.0000000E+00
   7.4089974E+01   0.0000000E+00
   7.4423712E+01   0.0000000E+00
   7.4757451E+01   0.0000000E+00
   7.5091189E+01   0.0000000E+00
   7.5424928E+01   0.0000000E+00
   7.5758667E+01   0.0000000E+00
   7.6092405E+01   0.0000000E+00
   7.6426144E+01   0.0000000E+00
   7.6759882E+01   0.0000000E+00
   7.7093621E+01   0.0000000E+00
   7.7427360E+01   0.0000000E+00
   7.7761098E+01   0.0000000E+00
   7.8094837E+01   0.0000000E+00
   7.8428575E+01   0.0000000E+00
   7.8762314E+01   0.0000000E+00
   7.9096053E+01   0.0000000E+00
   7.9429791E+01   0.0000000E+00
   7.9763530E+01   0.0000000E+00
   8.0097268E+01   0.0000000E+00
   8.0431007E+01   0.0000000E+00
   8.0764746E+01   0.0000000E+00
   8.1098484E+01   0.0000000E+00
   8.1432223E+01   0.0000000E+00
   8.1765961E+01   0.0000000E+00
   8.2099700E+01   0.0000000E+00
   8.2433439E+01   0.0000000E+00
   8.2767177E+01   0.0000000E+00
   8.3100916E+01   0.0000000E+00
   8.3434654E+01   0.0000000E+00
   8.3768393E+01   0.0000000E+00
   8.4102132E+01   0.0000000E+00
   8.4435870E+01   0.0000000E+00
   8.4769609E+01   0.0000000E+00
   8.5103347E+01   0.0000000E+00
   8.5437086E+01   0.0000000E+00
   8.5770825E+01   0.0000000E+00
   8.6104563E+01   0.0000000E+00
   8.6438302E+01   0.0000000E+00
   8.6772040E+01   0.0000000E+00
   8.7105779E+01   0.0000000E+00
   8.7439517E+01   0.0000000E+00
   8.7773256E+01   0.0000000E+00
   8.8106995E+01   0.0000000E+00
   8.8440733E+01   0.0000000E+00
   8.8774472E+01   0.0000000E+00
   8.9108210E+01   0.0000000E+00
   8.9441949E+01   0.0000000E+00
   8.9775688E+01   0.0000000E+00
   9.0109426E+01   0.0000000E+00
   9.0443165E+01   0.0000000E+00
   9.0776903E+01   0.0000000E+00
   9.1110642E+01   0.0000000E+00
   9.1444381E+01   0.0000000E+00
   9.1778119E+01   0.0000000E+00
   9.2111858E+01   0.0000000E+00
   9.2445596E+01   0.0000000E+00
   9.2779335E+01   0.0000000E+00
   9.3113074E+01   0.0000000E+00
   9.3446812E+01   0.0000000E+00
   9.3780551E+01   0.0000000E+00
   9.4114289E+01   0.0000000E+00
   9.4448028E+01   0.0000000E+00
   9.4781767E+01   0.0000000E+00
   9.5115505E+01   0.0000000E+00
   9.5449244E+01   0.0000000E+00
   9.5782982E+01   0.0000000E+00
   9.6116721E+01   0.0000000E+00
   9.6450460E+01   0.0000000E+00
   9.6784198E+01   0.0000000E+00
   9.7117937E+01   0.0000000E+00
   9.7451675E+01   0.0000000E+00
   9.7785414E+01   0.0000000E+00
   9.8119153E+01   0.0000000E+00
   9.8452891E+01   0.0000000E+00
   9.8786630E+01   0.0000000E+00
   9.9120368E+01   0.0000000E+00
   9.9454107E+01   0.0000000E+00
   9.9787846E+01   0.0000000E+00
   1.0012158E+02   0.0000000E+00
   1.0045532E+02   0.0000000E+00
   1.0078906E+02   0.0000000E+00
   1.0112280E+02   0.0000000E+00
   1.0145654E+02   0.0000000E+00
   1.0179028E+02   0.0000000E+00
   1.0212402E+02   0.0000000E+00
   1.0245775E+02   0.0000000E+00
   1.0279149E+02   0.0000000E+00
   1.0312523E+02   0.0000000E+00
   1.0345897E+02   0.0000000E+00
   1.0379271E+02   0.0000000E+00
   1.0412645E+02   0.0000000E+00
   1.0446019E+02   0.0000000E+00
   1.0479392E+02   0.0000000E+00
   1.0512766E+02   0.0000000E+00
   1.0546140E+02   0.0000000E+00
   1.0579514E+02   0.0000000E+00
   1.0612888E+02   0.0000000E+00
   1.0646262E+02   0.0000000E+00
   1.0679636E+02   0.0000000E+00
   1.0713009E+02   0.0000000E+00
   1.0746383E+02   0.0000000E+00
   1.0779757E+02   0.0000000E+00
   1.0813131E+02   0.0000000E+00
   1.0846505E+02   0.0000000E+00
   1.0879879E+02   0.0000000E+00
   1.0913253E+02   0.0000000E+00
   1.0946626E+02   0.0000000E+00
   1.0980000E+02   0.0000000E+00
   1.1013374E+02   0.0000000E+00
   1.1046748E+02   0.0000000E+00
   1.1080122E+02   0.0000000E+00
   1.1113496E+02   0.0000000E+00
   1.1146870E+02   0.0000000E+00
   1.1180243E+02   0.0000000E+00
   1.1213617E+02   0.0000000E+00
   1.1246991E+02   0.0000000E+00
   1.1280365E+02   0.0000000E+00
   1.1313739E+02   0.0000000E+00
   1.1347113E+02   0.0000000E+00
   1.1380487E+02   0.0000000E+00
   1.1413861E+02   0.0000000E+00
   1.1447234E+02   0.0000000E+00
   1.1480608E+02   0.0000000E+00
   1.1513982E+02   0.0000000E+00
   1.1547356E+02   0.0000000E+00
   1.1580730E+02   0.0000000E+00
   1.1614104E+02   0.0000000E+00
   1.1647478E+02   0.0000000E+00
   1.1680851E+02   0.0000000E+00
   1.1714225E+02   0.0000000E+00
   1.1747599E+02   0.0000000E+00
   1.1780973E+02   0.0000000E+00
   1.1814347E+02   0.0000000E+00
   1.1847721E+02   0.0000000E+00
   1.1881095E+02   0.0000000E+00
   1.1914468E+02   0.0000000E+00
   1.1947842E+02   0.0000000E+00
   1.1981216E+02   0.0000000E+00
   1.2014590E+02   0.0000000E+00
   1.2047964E+02   0.0000000E+00
   1.2081338E+02   0.0000000E+00
   1.2114712E+02   0.0000000E+00
   1.2148085E+02   0.0000000E+00
   1.2181459E+02   0.0000000E+00
   1.2214833E+02   0.0000000E+00
   1.2248207E+02   0.0000000E+00
   1.2281581E+02   0.0000000E+00
   1.2314955E+02   0.0000000E+00
   1.2348329E+02   0.0000000E+00
   1.2381702E+02   0.0000000E+00
   1.2415076E+02   0.0000000E+00
   1.2448450E+02   0.0000000E+00
   1.2481824E+02   0.0000000E+00
   1.2515198E+02   0.0000000E+00
   1.2548572E+02   0.0000000E+00
   1.2581946E+02   0.0000000E+00
   1.2615319E+02   0.0000000E+00
   1.2648693E+02   0.0000000E+00
   1.2682067E+02   0.0000000E+00
   1.2715441E+02   0.0000000E+00
   1.2748815E+02   0.0000000E+00
   1.2782189E+02   0.0000000E+00
   1.2815563E+02   0.0000000E+00
   1.2848936E+02   0.0000000E+00
   1.2882310E+02   0.0000000E+00
   1.2915684E+02   0.0000000E+00
   1.2949058E+02   0.0000000E+00
   1.2982432E+02   0.0000000E+00
   1.3015806E+02   0.0000000E+00
   1.3049180E+02   0.0000000E+00
   1.3082553E+02   0.0000000E+00
   1.3115927E+02   0.0000000E+00
   1.3149301E+02   0.0000000E+00
   1.3182675E+02   0.0000000E+00
   1.3216049E+02   0.0000000E+00
   1.3249423E+02   0.0000000E+00
   1.3282797E+02   0.0000000E+00
   1.3316171E+02   0.0000000E+00
   1.3349544E+02   0.0000000E+00
   1.3382918E+02   0.0000000E+00
   1.3416292E+02   0.0000000E+00
   1.3449666E+02   0.0000000E+00
   1.3483040E+02   0.0000000E+00
   1.3516414E+02   0.0000000E+00
   1.3549788E+02   0.0000000E+00
   1.3583161E+02   0.0000000E+00
   1.3616535E+02   0.0000000E+00
   1.3649909E+02   0.0000000E+00
   1.3683283E+02   0.0000000E+00
   1.3716657E+02   0.0000000E+00
   1.3750031E+02   0.0000000E+00
   1.3783405E+02   0.0000000E+00
   1.3816778E+02   0.0000000E+00
   1.3850152E+02   0.0000000E+00
   1.3883526E+02   0.0000000E+00
   1.3916900E+02   0.0000000E+00
   1.3950274E+02   0.0000000E+00
   1.3983648E+02   0.0000000E+00
   1.4017022E+02   0.0000000E+00
   1.4050395E+02   0.0000000E+00
   1.4083769E+02   0.0000000E+00
   1.4117143E+02   0.0000000E+00
   1.4150517E+02   0.0000000E+00
   1.4183891E+02   0.0000000E+00
   1.4217265E+02   0.0000000E+00
   1.4250639E+02   0.0000000E+00
   1.4284012E+02   0.0000000E+00
   1.4317386E+02   0.0000000E+00
   1.4350760E+02   0.0000000E+00
   1.4384134E+02   0.0000000E+00
   1.4417508E+02   0.0000000E+00
   1.4450882E+02   0.0000000E+00
   1.4484256E+02   0.0000000E+00
   1.4517629E+02   0.0000000E+00
   1.4551003E+02   0.0000000E+00
   1.4584377E+02   0.0000000E+00
   1.4617751E+02   0.0000000E+00
   1.4651125E+02   1.4012985E-45
   1.4684499E+02   2.8025969E-45
   1.4717873E+02   4.2038954E-45
   1.4751246E+02   9.8090893E-45
   1.4784620E+02   5.6051939E-45
   1.4817994E+02   8.4077908E-45
   1.4851368E+02   4.2038954E-45
   1.4884742E+02  -4.2038954E-45
   1.4918116E+02  -1.2611686E-44
   1.4951490E+02  -1.9618179E-44
   1.4984863E+02  -2.5223372E-44
   1.5018237E+02  -3.2229865E-44
   1.5051611E+02  -3.5032462E-44
   1.5084985E+02  -3.6433760E-44
   1.5118359E+02  -3.3631163E-44
   1.5151733E+02  -2.3822074E-44
   1.5185107E+02  -8.4077908E-45
   1.5218480E+02   8.4077908E-45
   1.5251854E+02   2.8025969E-44
   1.5285228E+02   5.0446745E-44
   1.5318602E+02   6.4459729E-44
   1.5351976E+02   7.5670117E-44
   1.5385350E+02   7.7071416E-44
   1.5418724E+02   6.4459729E-44
   1.5452098E+02   4.3440252E-44
   1.5485471E+02   8.4077908E-45
   1.5518845E+02  -3.0828566E-44
   1.5552219E+02  -7.4268819E-44
   1.5585593E+02  -1.0930128E-43
   1.5618967E+02  -1.3872855E-43
   1.5652341E+02  -1.4713634E-43
   1.5685715E+02  -1.2891946E-43
   1.5719088E+02  -8.6880505E-44
   1.5752462E+02  -1.6815582E-44
   1.5785836E+02   7.5670117E-44
   1.5819210E+02   1.8497140E-43
   1.5852584E+02   2.8446359E-43
   1.5885958E+02   3.6994279E-43
   1.5919332E+02   4.2179084E-43
   1.5952705E+02   4.2038954E-43
   1.5986079E+02   3.6153500E-43
   1.6019453E+02   2.4242463E-43
   1.6052827E+02   6.8663625E-44
   1.6086201E+02  -1.4853764E-43
   1.6119575E+02  -3.7694929E-43
   1.6152949E+02  -5.8714406E-43
   1.6186322E+02  -7.4268819E-43
   1.6219696E+02  -8.0995051E-43
   1.6253070E+02  -7.6230636E-43
   1.6286444E+02  -5.7873627E-43
   1.6319818E+02  -2.6764801E-43
   1.6353192E+02   1.4993894E-43
   1.6386566E+02   6.3058431E-43
   1.6419939E+02   1.1126310E-42
   1.6453313E+02   1.5190075E-42
   1.6486687E+02   1.7796490E-42
   1.6520061E+02   1.8230893E-42
   1.6553435E+02   1.5988815E-42
   1.6586809E+02   1.0944141E-42
   1.6620183E+02   3.2790384E-43
   1.6653556E+02  -6.3058431E-43
   1.6686930E+02  -1.6703478E-42
   1.6720304E+02  -2.6526580E-42
   1.6753678E+02  -3.4149644E-42
   1.6787052E+02  -3.8045253E-42
   1.6820426E+02  -3.6854150E-42
   1.6853800E+02  -2.9889696E-42
   1.6887173E+02  -1.7137880E-42
   1.6920547E+02   5.7453237E-44
   1.6953921E+02   2.1495918E-42
   1.6987295E+02   4.3061902E-42
   1.7020669E+02   6.2147587E-42
   1.7054043E+02   7.5501961E-42
   1.7087417E+02   8.0028155E-42
   1.7120790E+02   7.3526130E-42
   1.7154164E+02   5.5000965E-42
   1.7187538E+02   2.4999165E-42
   1.7220912E+02  -1.4012985E-42
   1.7254286E+02  -5.7817575E-42
   1.7287660E+02  -1.0079540E-41
   1.7321034E+02  -1.3650048E-41
   1.7354408E+02  -1.5824864E-41
   1.7387781E+02  -1.6047670E-41
   1.7421155E+02  -1.3938716E-41
   1.7454529E+02  -9.4013114E-42
   1.7487903E+02  -2.6876905E-42
   1.7521277E+02   5.6023913E-42
   1.7554651E+02   1.4521656E-41
   1.7588025E+02   2.2870592E-41
   1.7621398E+02   2.9329177E-41
   1.7654772E+02   3.2626432E-41
   1.7688146E+02   3.1726799E-41
   1.7721520E+02   2.6054342E-41
   1.7754894E+02   1.5602057E-41
   1.7788268E+02   1.0818024E-42
   1.7821642E+02  -1.6096715E-41
   1.7855015E+02  -3.3887601E-41
   1.7888389E+02  -4.9811957E-41
   1.7921763E+02  -6.1243749E-41
   1.7955137E+02  -6.5760134E-41
   1.7988511E+02  -6.1533818E-41
   1.8021885E+02  -4.7693193E-41
   1.8055259E+02  -2.4598393E-41
   1.8088632E+02   5.9835444E-42
   1.8122006E+02   4.0919316E-41
   1.8155380E+02   7.5916746E-41
   1.8188754E+02   1.0595078E-40
   1.8222128E+02   1.2587163E-40
   1.8255502E+02   1.3112090E-40
   1.8288876E+02   1.1846857E-40
   1.8322249E+02   8.6706744E-41
   1.8355623E+02   3.7166639E-41
   1.8388997E+02  -2.6061349E-41
   1.8422371E+02  -9.6245382E-41
   1.8455745E+02  -1.6452225E-40
   1.8489119E+02  -2.2083062E-40
   1.8522493E+02  -2.5512040E-40
   1.8555866E+02  -2.5879881E-40
   1.8589240E+02  -2.2616537E-40
   1.8622614E+02  -1.5575853E-40
   1.8655988E+02  -5.1225867E-41
   1.8689362E+02   7.8319972E-41
   1.8722736E+02   2.1866982E-40
   1.8756110E+02   3.5170490E-40
   1.8789483E+02   4.5727171E-40
   1.8822857E+02   5.1571847E-40
   1.8856231E+02   5.1076488E-40
   1.8889605E+02   4.3236223E-40
   1.8922979E+02   2.7918910E-40
   1.8956353E+02   6.0278255E-41
   1.8989727E+02  -2.0446626E-40
   1.9023100E+02  -4.8526405E-40
   1.9056474E+02  -7.4500033E-40
   1.9089848E+02  -9.4321540E-40
   1.9123222E+02  -1.0412727E-39
   1.9156596E+02  -1.0081263E-39
   1.9189970E+02  -8.2602200E-40
   1.9223344E+02  -4.9528334E-40
   1.9256718E+02  -3.7381038E-41
   1.9290091E+02   5.0449687E-40
   1.9323465E+02   1.0678133E-39
   1.9356839E+02   1.5762226E-39
   1.9390213E+02   1.9479842E-39
   1.9423587E+02   2.1066617E-39
   1.9456961E+02   1.9928566E-39
   1.9490335E+02   1.5756214E-39
   1.9523708E+02   8.6177473E-40
   1.9557082E+02  -9.8467842E-41
   1.9590456E+02  -1.2111100E-39
   1.9623830E+02  -2.3440823E-39
   1.9657204E+02  -3.3394063E-39
   1.9690578E+02  -4.0311587E-39
   1.9723952E+02  -4.2677315E-39
   1.9757325E+02  -3.9359629E-39
   1.9790699E+02  -2.9840272E-39
   1.9824073E+02  -1.4396100E-39
   1.9857447E+02   5.8007170E-40
   1.9890821E+02   2.8692693E-39
   1.9924195E+02   5.1475704E-39
   1.9957569E+02   7.0868652E-39
   1.9990942E+02   8.3499494E-39
   2.0024316E+02   8.6372464E-39
   2.0057690E+02   7.7364161E-39
   2.0091064E+02   5.5682458E-39
   2.0124438E+02   2.2214967E-39
   2.0157812E+02  -2.0301382E-39
   2.0191186E+02  -6.7347273E-39
   2.0224559E+02  -1.1295620E-38
   2.0257933E+02  -1.5031750E-38
   2.0291307E+02  -1.7260798E-38
   2.0324681E+02  -1.7397293E-38
   2.0358055E+02  -1.5054121E-38
   2.0391429E+02  -1.0133403E-38
   2.0424803E+02  -2.8916873E-39
   2.0458176E+02   6.0345097E-39
   2.0491550E+02   1.5653609E-38
   2.0524924E+02   2.4699623E-38
   2.0558298E+02   3.1766789E-38
   2.0591672E+02   3.5488220E-38
   2.0625046E+02   3.4740521E-38
   2.0658420E+02   2.8849151E-38
   2.0691793E+02   1.7765066E-38
   2.0725167E+02   2.1816409E-39
   2.0758541E+02  -1.6435353E-38
   2.0791915E+02  -3.5924668E-38
   2.0825289E+02  -5.3620865E-38
   2.0858663E+02  -6.6652380E-38
   2.0892037E+02  -7.2321731E-38
   2.0925410E+02  -6.8527077E-38
   2.0958784E+02  -5.4170914E-38
   2.0992158E+02  -2.9494421E-38
   2.1025532E+02   3.7244621E-39
   2.1058906E+02   4.2161545E-38
   2.1092280E+02   8.1160006E-38
   2.1125654E+02   1.1517462E-37
   2.1159027E+02   1.3842226E-37
   2.1192401E+02   1.4567963E-37
   2.1225775E+02   1.3313770E-37
   2.1259149E+02   9.9198288E-38
   2.1292523E+02   4.5087039E-38
   2.1325897E+02  -2.4838394E-38
   2.1359271E+02  -1.0318166E-37
   2.1392645E+02  -1.8005876E-37
   2.1426018E+02  -2.4410467E-37
   2.1459392E+02  -2.8386684E-37
   2.1492766E+02  -2.8945033E-37
   2.1526140E+02  -2.5421711E-37
   2.1559514E+02  -1.7630244E-37
   2.1592888E+02  -5.9696845E-38
   2.1626262E+02   8.5337630E-38
   2.1659635E+02   2.4268915E-37
   2.1693009E+02   3.9173790E-37
   2.1726383E+02   5.0957710E-37
   2.1759757E+02   5.7394037E-37
   2.1793131E+02   5.6652860E-37
   2.1826505E+02   4.7632220E-37
   2.1859879E+02   3.0239539E-37
   2.1893252E+02   5.5741366E-38
   2.1926626E+02  -2.4032024E-37
   2.1960000E+02  -5.5145014E-37
   2.1993374E+02  -8.3540563E-37
   2.2026748E+02  -1.0468169E-36
   2.2060122E+02  -1.1432078E-36
   2.2093496E+02  -1.0915967E-36
   2.2126869E+02  -8.7481848E-37
   2.2160243E+02  -4.9661152E-37
   2.2193617E+02   1.5468138E-38
   2.2226991E+02   6.1008858E-37
   2.2260365E+02   1.2156089E-36
   2.2293739E+02   1.7470401E-36
   2.2327113E+02   2.1160656E-36
   2.2360486E+02   2.2431745E-36
   2.2393860E+02   2.0705136E-36
   2.2427234E+02   1.5737155E-36
   2.2460608E+02   7.7084725E-37
   2.2493982E+02  -2.7328132E-37
   2.2527356E+02  -1.4488124E-36
   2.2560730E+02  -2.6092672E-36
   2.2594103E+02  -3.5865804E-36
   2.2627477E+02  -4.2116465E-36
   2.2660851E+02  -4.3383253E-36
   2.2694225E+02  -3.8680117E-36
   2.2727599E+02  -2.7713580E-36
   2.2760973E+02  -1.1035741E-36
   2.2794347E+02   9.8990127E-37
   2.2827720E+02   3.2797010E-36
   2.2861094E+02   5.4718057E-36
   2.2894468E+02   7.2391066E-36
   2.2927842E+02   8.2626907E-36
   2.2961216E+02   8.2785208E-36
   2.2994590E+02   7.1236737E-36
   2.3027964E+02   4.7755294E-36
   2.3061337E+02   1.3771839E-36
   2.3094711E+02  -2.7566786E-36
   2.3128085E+02  -7.1573529E-36
   2.3161459E+02  -1.1244302E-35
   2.3194833E+02  -1.4389850E-35
   2.3228207E+02  -1.6000676E-35
   2.3261581E+02  -1.5607217E-35
   2.3294955E+02  -1.2949492E-35
   2.3328328E+02  -8.0466929E-36
   2.3361702E+02  -1.2380799E-36
   2.3395076E+02   6.8149809E-36
   2.3428450E+02   1.5172197E-35
   2.3461824E+02   2.2703649E-35
   2.3495198E+02   2.8219693E-35
   2.3528572E+02   3.0629422E-35
   2.3561945E+02   2.9109711E-35
   2.3595319E+02   2.3262674E-35
   2.3628693E+02   1.3237470E-35
   2.3662067E+02  -2.0612692E-37
   2.3695441E+02  -1.5710291E-35
   2.3728815E+02  -3.1417801E-35
   2.3762189E+02  -4.5156064E-35
   2.3795562E+02  -5.4693697E-35
   2.3828936E+02  -5.8044786E-35
   2.3862310E+02  -5.3785220E-35
   2.3895684E+02  -4.1338652E-35
   2.3929058E+02  -2.1187313E-35
   2.3962432E+02   5.0334591E-36
   2.3995806E+02   3.4587765E-35
   2.4029179E+02   6.3853944E-35
   2.4062553E+02   8.8696031E-35
   2.4095927E+02   1.0496390E-34
   2.4129301E+02   1.0907133E-34
   2.4162675E+02   9.8583270E-35
   2.4196049E+02   7.2731406E-35
   2.4229423E+02   3.2775136E-35
   2.4262796E+02  -1.7865771E-35
   2.4296170E+02  -7.3759992E-35
   2.4329544E+02  -1.2791655E-34
   2.4362918E+02  -1.7252279E-34
   2.4396292E+02  -1.9990859E-34
   2.4429666E+02  -2.0363651E-34
   2.4463040E+02  -1.7958501E-34
   2.4496413E+02  -1.2687342E-34
   2.4529787E+02  -4.8474919E-35
   2.4563161E+02   4.8613275E-35
   2.4596535E+02   1.5373415E-34
   2.4629909E+02   2.5349807E-34
   2.4663283E+02   3.3323001E-34
   2.4696657E+02   3.7881270E-34
   2.4730030E+02   3.7873069E-34
   2.4763404E+02   3.2606055E-34
   2.4796778E+02   2.2012436E-34
   2.4830152E+02   6.7526353E-35
   2.4863526E+02  -1.1766375E-34
   2.4896900E+02  -3.1473345E-34
   2.4930274E+02  -4.9819260E-34
   2.4963647E+02  -6.4058050E-34
   2.4997021E+02  -7.1596578E-34
   2.5030395E+02  -7.0376144E-34
   2.5063769E+02  -5.9237206E-34
   2.5097143E+02  -3.8214830E-34
   2.5130517E+02  -8.7134460E-35
   2.5163891E+02   2.6480963E-34
   2.5197264E+02   6.3377301E-34
   2.5230638E+02   9.7148180E-34
   2.5264012E+02   1.2266892E-33
   2.5297386E+02   1.3517814E-33
   2.5330760E+02   1.3098669E-33
   2.5364134E+02   1.0814514E-33
   2.5397508E+02   6.6972216E-34
   2.5430882E+02   1.0349771E-34
   2.5464255E+02  -5.6288956E-34
   2.5497629E+02  -1.2532303E-33
   2.5531003E+02  -1.8766108E-33
   2.5564377E+02  -2.3376612E-33
   2.5597751E+02  -2.5489328E-33
   2.5631125E+02  -2.4440217E-33
   2.5664499E+02  -1.9897644E-33
   2.5697872E+02  -1.1956926E-33
   2.5731246E+02  -1.1905324E-34
   2.5764620E+02   1.1359186E-33
   2.5797994E+02   2.4252511E-33
   2.5831368E+02   3.5789498E-33
   2.5864742E+02   4.4202621E-33
   2.5898116E+02   4.7886833E-33
   2.5931489E+02   4.5641118E-33
   2.5964863E+02   3.6890561E-33
   2.5998237E+02   2.1855717E-33
   2.6031611E+02   1.6389697E-34
   2.6064985E+02  -2.1796046E-33
   2.6098359E+02  -4.5764486E-33
   2.6131733E+02  -6.7118009E-33
   2.6165106E+02  -8.2602348E-33
   2.6198480E+02  -8.9280412E-33
   2.6231854E+02  -8.4973636E-33
   2.6265228E+02  -6.8663946E-33
   2.6298602E+02  -4.0797221E-33
   2.6331976E+02  -3.4326804E-34
   2.6365350E+02   3.9803010E-33
   2.6398723E+02   8.3979146E-33
   2.6432097E+02   1.2333638E-32
   2.6465471E+02   1.5194058E-32
   2.6498845E+02   1.6445178E-32
   2.6532219E+02   1.5692162E-32
   2.6565593E+02   1.2751605E-32
   2.6598967E+02   7.7055602E-33
   2.6632340E+02   9.2763659E-34
   2.6665714E+02  -6.9262640E-33
   2.6699088E+02  -1.4966150E-32
   2.6732462E+02  -2.2154037E-32
   2.6765836E+02  -2.7421571E-32
   2.6799210E+02  -2.9807810E-32
   2.6832584E+02  -2.8601476E-32
   2.6865957E+02  -2.3469382E-32
   2.6899331E+02  -1.4551888E-32
   2.6932705E+02  -2.5084267E-33
   2.6966079E+02   1.1499894E-32
   2.6999453E+02   2.5896528E-32
   2.7032827E+02   3.8842421E-32
   2.7066201E+02   4.8444050E-32
   2.7099574E+02   5.2996363E-32
   2.7132948E+02   5.1232681E-32
   2.7166322E+02   4.2549730E-32
   2.7199696E+02   2.7174085E-32
   2.7233070E+02   6.2408935E-33
   2.7266444E+02  -1.8237492E-32
   2.7299818E+02  -4.3522711E-32
   2.7333192E+02  -6.6417088E-32
   2.7366565E+02  -8.3625215E-32
   2.7399939E+02  -9.2174797E-32
   2.7433313E+02  -8.9848493E-32
   2.7466687E+02  -7.5571074E-32
   2.7500061E+02  -4.9694905E-32
   2.7533435E+02  -1.4133314E-32
   2.7566809E+02   2.7695079E-32
   2.7600182E+02   7.1127324E-32
   2.7633556E+02   1.1071348E-31
   2.7666930E+02   1.4083420E-31
   2.7700304E+02   1.5641693E-31
   2.7733678E+02   1.5366802E-31
   2.7767052E+02   1.3072604E-31
   2.7800426E+02   8.8140253E-32
   2.7833799E+02   2.9089812E-32
   2.7867173E+02  -4.0716726E-32
   2.7900547E+02  -1.1348721E-31
   2.7933921E+02  -1.8011924E-31
   2.7967295E+02  -2.3123848E-31
   2.8000669E+02  -2.5839618E-31
   2.8034043E+02  -2.5528629E-31
   2.8067416E+02  -2.1882401E-31
   2.8100790E+02  -1.4992629E-31
   2.8134164E+02  -5.3856038E-32
   2.8167538E+02   5.9966927E-32
   2.8200912E+02   1.7872491E-31
   2.8234286E+02   2.8749818E-31
   2.8267660E+02   3.7098750E-31
   2.8301033E+02   4.1548534E-31
   2.8334407E+02   4.1086170E-31
   2.8367781E+02   3.5230431E-31
   2.8401155E+02   2.4155278E-31
   2.8434529E+02   8.7405463E-32
   2.8467903E+02  -9.4651328E-32
   2.8501277E+02  -2.8374426E-31
   2.8534650E+02  -4.5577410E-31
   2.8568024E+02  -5.8624889E-31
   2.8601398E+02  -6.5348853E-31
   2.8634772E+02  -6.4181310E-31
   2.8668146E+02  -5.4429122E-31
   2.8701520E+02  -3.6462930E-31
   2.8734894E+02  -1.1785372E-31
   2.8768267E+02   1.7044083E-31
   2.8801641E+02   4.6633850E-31
   2.8835015E+02   7.3121146E-31
   2.8868389E+02   9.2636252E-31
   2.8901763E+02   1.0181934E-30
   2.8935137E+02   9.8326679E-31
   2.8968511E+02   8.1257185E-31
   2.9001884E+02   5.1432890E-31
   2.9035258E+02   1.1479723E-31
   2.9068632E+02  -3.4325079E-31
   2.9102006E+02  -8.0444204E-31
   2.9135380E+02  -1.2068483E-30
   2.9168754E+02  -1.4895867E-30
   2.9202128E+02  -1.6011362E-30
   2.9235501E+02  -1.5073192E-30
   2.9268875E+02  -1.1978543E-30
   2.9302249E+02  -6.9042463E-31
   2.9335623E+02  -3.1442734E-32
   2.9368997E+02   7.0696628E-31
   2.9402371E+02   1.4337788E-30
   2.9435745E+02   2.0491972E-30
   2.9469119E+02   2.4570952E-30
   2.9502492E+02   2.5783752E-30
   2.9535866E+02   2.3635387E-30
   2.9569240E+02   1.8027035E-30
   2.9602614E+02   9.3142223E-31
   2.9635988E+02  -1.6893349E-31
   2.9669362E+02  -1.3768945E-30
   2.9702736E+02  -2.5426370E-30
   2.9736109E+02  -3.5048367E-30
   2.9769483E+02  -4.1109603E-30
   2.9802857E+02  -4.2386506E-30
   2.9836231E+02  -3.8154666E-30
   2.9869605E+02  -2.8341650E-30
   2.9902979E+02  -1.3609765E-30
   2.9936353E+02   4.6499684E-31
   2.9969726E+02   2.4421604E-30
   3.0003100E+02   4.3262751E-30
   3.0036474E+02   5.8581613E-30
   3.0069848E+02   6.7964187E-30
   3.0103222E+02   6.9513695E-30
   3.0136596E+02   6.2158050E-30
   3.0169970E+02   4.5881316E-30
   3.0203343E+02   2.1839886E-30
   3.0236717E+02  -7.6642768E-31
   3.0270091E+02  -3.9365068E-30
   3.0303465E+02  -6.9360787E-30
   3.0336839E+02  -9.3561767E-30
   3.0370213E+02  -1.0820980E-29
   3.0403587E+02  -1.1040846E-29
   3.0436960E+02  -9.8594342E-30
   3.0470334E+02  -7.2880883E-30
   3.0503708E+02  -3.5215475E-30
   3.0537082E+02   1.0690465E-30
   3.0570456E+02   5.9672299E-30
   3.0603830E+02   1.0564767E-29
   3.0637204E+02   1.4232815E-29
   3.0670577E+02   1.6403058E-29
   3.0703951E+02   1.6648945E-29
   3.0737325E+02   1.4756298E-29
   3.0770699E+02   1.0772652E-29
   3.0804073E+02   5.0267001E-30
   3.0837447E+02  -1.8878962E-30
   3.0870821E+02  -9.1656849E-30
   3.0904194E+02  -1.5876271E-29
   3.0937568E+02  -2.1076503E-29
   3.0970942E+02  -2.3935569E-29
   3.1004316E+02  -2.3857394E-29
   3.1037690E+02  -2.0583650E-29
   3.1071064E+02  -1.4261555E-29
   3.1104438E+02  -5.4635578E-30
   3.1137811E+02   4.8482555E-30
   3.1171185E+02   1.5414222E-29
   3.1204559E+02   2.4818695E-29
   3.1237933E+02   3.1667001E-29
   3.1271307E+02   3.4777450E-29
   3.1304681E+02   3.3363865E-29
   3.1338055E+02   2.7182723E-29
   3.1371429E+02   1.6621353E-29
   3.1404802E+02   2.7090522E-30
   3.1438176E+02  -1.2958436E-29
   3.1471550E+02  -2.8379793E-29
   3.1504924E+02  -4.1381259E-29
   3.1538298E+02  -4.9897781E-29
   3.1571672E+02  -5.2268932E-29
   3.1605046E+02  -4.7510366E-29
   3.1638419E+02  -3.5521653E-29
   3.1671793E+02  -1.7194563E-29
   3.1705167E+02   5.6030553E-30
   3.1738541E+02   3.0179455E-29
   3.1771915E+02   5.3300569E-29
   3.1805289E+02   7.1576873E-29
   3.1838663E+02   8.1913857E-29
   3.1872036E+02   8.1971250E-29
   3.1905410E+02   7.0569179E-29
   3.1938784E+02   4.7980040E-29
   3.1972158E+02   1.6053270E-29
   3.2005532E+02  -2.1862331E-29
   3.2038906E+02  -6.1210381E-29
   3.2072280E+02  -9.6716916E-29
   3.2105653E+02  -1.2303356E-28
   3.2139027E+02  -1.3546317E-28
   3.2172401E+02  -1.3067840E-28
   3.2205775E+02  -1.0733369E-28
   3.2239149E+02  -6.6476409E-29
   3.2272523E+02  -1.1677593E-29
   3.2305897E+02   5.1166783E-29
   3.2339270E+02   1.1437378E-28
   3.2372644E+02   1.6931657E-28
   3.2406018E+02   2.0749237E-28
   3.2439392E+02   2.2169587E-28
   3.2472766E+02   2.0715136E-28
   3.2506140E+02   1.6244492E-28
   3.2539514E+02   9.0108436E-29
   3.2572887E+02  -3.2631693E-30
   3.2606261E+02  -1.0743086E-28
   3.2639635E+02  -2.0947158E-28
   3.2673009E+02  -2.9521138E-28
   3.2706383E+02  -3.5099298E-28
   3.2739757E+02  -3.6557889E-28
   3.2773131E+02  -3.3195090E-28
   3.2806504E+02  -2.4875126E-28
   3.2839878E+02  -1.2113445E-28
   3.2873252E+02   3.9154023E-29
   3.2906626E+02   2.1456752E-28
   3.2940000E+02   3.8341358E-28
   3.2973374E+02   5.2225038E-28
   3.3006748E+02   6.0879204E-28
   3.3040121E+02   6.2499537E-28
   3.3073495E+02   5.5994073E-28
   3.3106869E+02   4.1210423E-28
   3.3140243E+02   1.9065363E-28
   3.3173617E+02  -8.4510293E-29
   3.3206991E+02  -3.8411151E-28
   3.3240365E+02  -6.7223294E-28
   3.3273739E+02  -9.1021963E-28
   3.3307112E+02  -1.0613723E-27
   3.3340486E+02  -1.0959014E-27
   3.3373860E+02  -9.9553360E-28
   3.3407234E+02  -7.5712885E-28
   3.3440608E+02  -3.9474130E-28
   3.3473982E+02   6.0308534E-29
   3.3507356E+02   5.6156814E-28
   3.3540729E+02   1.0517413E-27
   3.3574103E+02   1.4688070E-27
   3.3607477E+02   1.7533622E-27
   3.3640851E+02   1.8563704E-27
   3.3674225E+02   1.7463682E-27
   3.3707599E+02   1.4151466E-27
   3.3740973E+02   8.8103861E-28
   3.3774346E+02   1.8916043E-28
   3.3807720E+02  -5.9171439E-28
   3.3841094E+02  -1.3755571E-27
   3.3874468E+02  -2.0682585E-27
   3.3907842E+02  -2.5786449E-27
   3.3941216E+02  -2.8301044E-27
   3.3974590E+02  -2.7713808E-27
   3.4007963E+02  -2.3850878E-27
   3.4041337E+02  -1.6926521E-27
   3.4074711E+02  -7.5473694E-28
   3.4108085E+02   3.3328158E-28
   3.4141459E+02   1.4506295E-27
   3.4174833E+02   2.4644388E-27
   3.4208207E+02   3.2456403E-27
   3.4241580E+02   3.6856140E-27
   3.4274954E+02   3.7114789E-27
   3.4308328E+02   3.2979316E-27
   3.4341702E+02   2.4737969E-27
   3.4375076E+02   1.3220132E-27
   3.4408450E+02  -2.7470309E-29
   3.4441824E+02  -1.4115298E-27
   3.4475197E+02  -2.6531262E-27
   3.4508571E+02  -3.5838729E-27
   3.4541945E+02  -4.0671615E-27
   3.4575319E+02  -4.0187980E-27
   3.4608693E+02  -3.4221541E-27
   3.4642067E+02  -2.3353491E-27
   3.4675441E+02  -8.8879298E-28
   3.4708814E+02   7.2737001E-28
   3.4742188E+02   2.2851105E-27
   3.4775562E+02   3.5474709E-27
   3.4808936E+02   4.3013130E-27
   3.4842310E+02   4.3897036E-27
   3.4875684E+02   3.7394665E-27
   3.4909058E+02   2.3796590E-27
   3.4942431E+02   4.4757875E-28
   3.4975805E+02  -1.8197519E-27
   3.5009179E+02  -4.1088483E-27
   3.5042553E+02  -6.0660823E-27
   3.5075927E+02  -7.3433690E-27
   3.5109301E+02  -7.6479880E-27
   3.5142675E+02  -6.7901002E-27
   3.5176048E+02  -4.7213949E-27
   3.5209422E+02  -1.5585993E-27
   3.5242796E+02   2.4127869E-27
   3.5276170E+02   6.7571653E-27
   3.5309544E+02   1.0929711E-26
   3.5342918E+02   1.4336374E-26
   3.5376292E+02   1.6407019E-26
   3.5409666E+02   1.6673481E-26
   3.5443039E+02   1.4842760E-26
   3.5476413E+02   1.0855410E-26
   3.5509787E+02   4.9199706E-27
   3.5543161E+02  -2.4833634E-27
   3.5576535E+02  -1.0633333E-26
   3.5609909E+02  -1.8631933E-26
   3.5643283E+02  -2.5497513E-26
   3.5676656E+02  -3.0277579E-26
   3.5710030E+02  -3.2168996E-26
   3.5743404E+02  -3.0630991E-26
   3.5776778E+02  -2.5476432E-26
   3.5810152E+02  -1.6927803E-26
   3.5843526E+02  -5.6280727E-27
   3.5876900E+02   7.3988243E-27
   3.5910273E+02   2.0837203E-26
   3.5943647E+02   3.3211565E-26
   3.5977021E+02   4.3048398E-26
   3.6010395E+02   4.9050407E-26
   3.6043769E+02   5.0262664E-26
   3.6077143E+02   4.6209842E-26
   3.6110517E+02   3.6985676E-26
   3.6143890E+02   2.3280271E-26
   3.6177264E+02   6.3377624E-27
   3.6210638E+02  -1.2155307E-26
   3.6244012E+02  -3.0241494E-26
   3.6277386E+02  -4.5907258E-26
   3.6310760E+02  -5.7316895E-26
   3.6344134E+02  -6.3038528E-26
   3.6377507E+02  -6.2233878E-26
   3.6410881E+02  -5.4786279E-26
   3.6444255E+02  -4.1347719E-26
   3.6477629E+02  -2.3294680E-26
   3.6511003E+02  -2.5928903E-27
   3.6544377E+02   1.8416936E-26
   3.6577751E+02   3.7289899E-26
   3.6611124E+02   5.1773927E-26
   3.6644498E+02   6.0096496E-26
   3.6677872E+02   6.1204821E-26
   3.6711246E+02   5.4926918E-26
   3.6744620E+02   4.2028087E-26
   3.6777994E+02   2.4150890E-26
   3.6811368E+02   3.6391355E-27
   3.6844741E+02  -1.6737690E-26
   3.6878115E+02  -3.4130098E-26
   3.6911489E+02  -4.5983553E-26
   3.6944863E+02  -5.0397128E-26
   3.6978237E+02  -4.6417639E-26
   3.7011611E+02  -3.4227424E-26
   3.7044985E+02  -1.5195641E-26
   3.7078358E+02   8.2237270E-27
   3.7111732E+02   3.2743324E-26
   3.7145106E+02   5.4622399E-26
   3.7178480E+02   7.0134468E-26
   3.7211854E+02   7.6071127E-26
   3.7245228E+02   7.0219239E-26
   3.7278602E+02   5.1751106E-26
   3.7311976E+02   2.1470775E-26
   3.7345349E+02  -1.8123056E-26
   3.7378723E+02  -6.2981570E-26
   3.7412097E+02  -1.0785372E-25
   3.7445471E+02  -1.4681362E-25
   3.7478845E+02  -1.7391637E-25
   3.7512219E+02  -1.8391730E-25
   3.7545593E+02  -1.7297368E-25
   3.7578966E+02  -1.3924911E-25
   3.7612340E+02  -8.3343851E-26
   3.7645714E+02  -8.4895886E-27
   3.7679088E+02   7.9528914E-26
   3.7712462E+02   1.7273877E-25
   3.7745836E+02   2.6161068E-25
   3.7779210E+02   3.3591438E-25
   3.7812583E+02   3.8572076E-25
   3.7845957E+02   4.0246305E-25
   3.7879331E+02   3.7995831E-25
   3.7912705E+02   3.1527980E-25
   3.7946079E+02   2.0939065E-25
   3.7979453E+02   6.7461844E-26
   3.8012827E+02  -1.0118422E-25
   3.8046200E+02  -2.8352147E-25
   3.8079574E+02  -4.6365398E-25
   3.8112948E+02  -6.2399060E-25
   3.8146322E+02  -7.4668889E-25
   3.8179696E+02  -8.1526216E-25
   3.8213070E+02  -8.1623014E-25
   3.8246444E+02  -7.4067378E-25
   3.8279817E+02  -5.8555291E-25
   3.8313191E+02  -3.5465416E-25
   3.8346565E+02  -5.9049148E-26
   3.8379939E+02   2.8302781E-25
   3.8413313E+02   6.4693467E-25
   3.8446687E+02   1.0030069E-24
   3.8480061E+02   1.3185392E-24
   3.8513434E+02   1.5602425E-24
   3.8546808E+02   1.6970374E-24
   3.8580182E+02   1.7029681E-24
   3.8613556E+02   1.5600205E-24
   3.8646930E+02   1.2605734E-24
   3.8680304E+02   8.0927312E-25
   3.8713678E+02   2.2409098E-25
   3.8747051E+02  -4.6359078E-25
   3.8780425E+02  -1.2099430E-24
   3.8813799E+02  -1.9607455E-24
   3.8847173E+02  -2.6544509E-24
   3.8880547E+02  -3.2261248E-24
   3.8913921E+02  -3.6120395E-24
   3.8947295E+02  -3.7546635E-24
   3.8980668E+02  -3.6077544E-24
   3.9014042E+02  -3.1412445E-24
   3.9047416E+02  -2.3455966E-24
   3.9080790E+02  -1.2353462E-24
   3.9114164E+02   1.4848265E-25
   3.9147538E+02   1.7373859E-24
   3.9180912E+02   3.4360580E-24
   3.9214285E+02   5.1250487E-24
   3.9247659E+02   6.6656222E-24
   3.9281033E+02   7.9069745E-24
   3.9314407E+02   8.6958930E-24
   3.9347781E+02   8.8886883E-24
   3.9381155E+02   8.3650495E-24
   3.9414529E+02   7.0430511E-24
   3.9447903E+02   4.8942591E-24
   3.9481276E+02   1.9574467E-24
   3.9514650E+02  -1.6508484E-24
   3.9548024E+02  -5.7308796E-24
   3.9581398E+02  -1.0001279E-23
   3.9614772E+02  -1.4109331E-23
   3.9648146E+02  -1.7650939E-23
   3.9681520E+02  -2.0200396E-23
   3.9714893E+02  -2.1348900E-23
   3.9748267E+02  -2.0749456E-23
   3.9781641E+02  -1.8164308E-23
   3.9815015E+02  -1.3510145E-23
   3.9848389E+02  -6.8951713E-24
   3.9881763E+02   1.3577290E-24
   3.9915137E+02   1.0707340E-23
   3.9948510E+02   2.0414043E-23
   3.9981884E+02   2.9585477E-23
   4.0015258E+02   3.7247166E-23
   4.0048632E+02   4.2434340E-23
   4.0082006E+02   4.4297777E-23
   4.0115380E+02   4.2213623E-23
   4.0148754E+02   3.5884797E-23
   4.0182127E+02   2.5420738E-23
   4.0215501E+02   1.1382610E-23
   4.0248875E+02  -5.2169513E-24
   4.0282249E+02  -2.2966513E-23
   4.0315623E+02  -4.0162423E-23
   4.0348997E+02  -5.4965139E-23
   4.0382371E+02  -6.5593273E-23
   4.0415744E+02  -7.0537998E-23
   4.0449118E+02  -6.8774194E-23
   4.0482492E+02  -5.9942044E-23
   4.0515866E+02  -4.4471914E-23
   4.0549240E+02  -2.3628249E-23
   4.0582614E+02   5.4523739E-25
   4.0615988E+02   2.5387756E-23
   4.0649361E+02   4.7886463E-23
   4.0682735E+02   6.5026505E-23
   4.0716109E+02   7.4193201E-23
   4.0749483E+02   7.3582099E-23
   4.0782857E+02   6.2562514E-23
   4.0816231E+02   4.1937575E-23
   4.0849605E+02   1.4047582E-23
   4.0882978E+02  -1.7326208E-23
   4.0916352E+02  -4.7278207E-23
   4.0949726E+02  -7.0312914E-23
   4.0983100E+02  -8.1061296E-23
   4.1016474E+02  -7.5112085E-23
   4.1049848E+02  -4.9862743E-23
   4.1083222E+02  -5.2716861E-24
   4.1116595E+02   5.5612927E-23
   4.1149969E+02   1.2646733E-22
   4.1183343E+02   1.9794169E-22
   4.1216717E+02   2.5839567E-22
   4.1250091E+02   2.9511032E-22
   4.1283465E+02   2.9589973E-22
   4.1316839E+02   2.5097389E-22
   4.1350213E+02   1.5484269E-22
   4.1383586E+02   8.0049061E-24
   4.1416960E+02  -1.8185003E-22
   4.1450334E+02  -3.9938495E-22
   4.1483708E+02  -6.2210495E-22
   4.1517082E+02  -8.2190138E-22
   4.1550456E+02  -9.6764147E-22
   4.1583830E+02  -1.0286470E-21
   4.1617203E+02  -9.7876631E-22
   4.1650577E+02  -8.0061087E-22
   4.1683951E+02  -4.8943728E-22
   4.1717325E+02  -5.6110149E-23
   4.1750699E+02   4.7139036E-22
   4.1784073E+02   1.0483607E-21
   4.1817447E+02   1.6159374E-21
   4.1850820E+02   2.1058782E-21
   4.1884194E+02   2.4473277E-21
   4.1917568E+02   2.5750609E-21
   4.1950942E+02   2.4384099E-21
   4.1984316E+02   2.0098793E-21
   4.2017690E+02   1.2923220E-21
   4.2051064E+02   3.2353667E-22
   4.2084437E+02  -8.2272063E-22
   4.2117811E+02  -2.0400301E-21
   4.2151185E+02  -3.1972263E-21
   4.2184559E+02  -4.1507083E-21
   4.2217933E+02  -4.7603311E-21
   4.2251307E+02  -4.9074542E-21
   4.2284681E+02  -4.5132004E-21
   4.2318054E+02  -3.5546128E-21
   4.2351428E+02  -2.0762383E-21
   4.2384802E+02  -1.9485829E-22
   4.2418176E+02   1.9044571E-21
   4.2451550E+02   3.9819360E-21
   4.2484924E+02   5.7662042E-21
   4.2518298E+02   6.9854458E-21
   4.2551671E+02   7.4038368E-21
   4.2585045E+02   6.8592434E-21
   4.2618419E+02   5.2972485E-21
   4.2651793E+02   2.7962552E-21
   4.2685167E+02  -4.2136249E-22
   4.2718541E+02  -3.9960215E-21
   4.2751915E+02  -7.4577812E-21
   4.2785288E+02  -1.0273108E-20
   4.2818662E+02  -1.1908536E-20
   4.2852036E+02  -1.1905384E-20
   4.2885410E+02  -9.9571478E-21
   4.2918784E+02  -5.9793607E-21
   4.2952158E+02  -1.6109948E-22
   4.2985532E+02   7.0120957E-21
   4.3018905E+02   1.4771785E-20
   4.3052279E+02   2.2120979E-20
   4.3085653E+02   2.7928706E-20
   4.3119027E+02   3.1058739E-20
   4.3152401E+02   3.0520793E-20
   4.3185775E+02   2.5627841E-20
   4.3219149E+02   1.6139696E-20
   4.3252522E+02   2.3719275E-21
   4.3285896E+02  -1.4749461E-20
   4.3319270E+02  -3.3702938E-20
   4.3352644E+02  -5.2464509E-20
   4.3386018E+02  -6.8678732E-20
   4.3419392E+02  -7.9897446E-20
   4.3452766E+02  -8.3866046E-20
   4.3486140E+02  -7.8828542E-20
   4.3519513E+02  -6.3816164E-20
   4.3552887E+02  -3.8882064E-20
   4.3586261E+02  -5.2462581E-21
   4.3619635E+02   3.4678801E-20
   4.3653009E+02   7.7400880E-20
   4.3686383E+02   1.1860356E-19
   4.3719757E+02   1.5353319E-19
   4.3753130E+02   1.7748892E-19
   4.3786504E+02   1.8637214E-19
   4.3819878E+02   1.7723962E-19
   4.3853252E+02   1.4879780E-19
   4.3886626E+02   1.0177514E-19
   4.3920000E+02   3.9115684E-20
   4.3953374E+02  -3.4049400E-20
   4.3986747E+02  -1.1067640E-19
   4.4020121E+02  -1.8232953E-19
   4.4053495E+02  -2.3992074E-19
   4.4086869E+02  -2.7461525E-19
   4.4120243E+02  -2.7882638E-19
   4.4153617E+02  -2.4720334E-19
   4.4186991E+02  -1.7750606E-19
   4.4220364E+02  -7.1260143E-20
   4.4253738E+02   6.5908226E-20
   4.4287112E+02   2.2433252E-19
   4.4320486E+02   3.9081151E-19
   4.4353860E+02   5.4956618E-19
   4.4387234E+02   6.8361344E-19
   4.4420608E+02   7.7647237E-19
   4.4453981E+02   8.1407347E-19
   4.4487355E+02   7.8670186E-19
   4.4520729E+02   6.9077067E-19
   4.4554103E+02   5.3021161E-19
   4.4587477E+02   3.1726350E-19
   4.4620851E+02   7.2472822E-20
   4.4654225E+02  -1.7623503E-19
   4.4687598E+02  -3.9547249E-19
   4.4720972E+02  -5.4925739E-19
   4.4754346E+02  -6.0267371E-19
   4.4787720E+02  -5.2604996E-19
   4.4821094E+02  -2.9927508E-19
   4.4854468E+02   8.4218722E-20
   4.4887842E+02   6.1429276E-19
   4.4921215E+02   1.2622397E-18
   4.4954589E+02   1.9805913E-18
   4.4987963E+02   2.7048351E-18
   4.5021337E+02   3.3570437E-18
   4.5054711E+02   3.8511751E-18
   4.5088085E+02   4.0995344E-18
   4.5121459E+02   4.0196370E-18
   4.5154832E+02   3.5405315E-18
   4.5188206E+02   2.6075756E-18
   4.5221580E+02   1.1846773E-18
   4.5254954E+02  -7.4675736E-19
   4.5288328E+02  -3.1926665E-18
   4.5321702E+02  -6.1549633E-18
   4.5355076E+02  -9.6436008E-18
   4.5388450E+02  -1.3691162E-17
   4.5421823E+02  -1.8368826E-17
   4.5455197E+02  -2.3802398E-17
   4.5488571E+02  -3.0187040E-17
   4.5521945E+02  -3.7799603E-17
   4.5555319E+02  -4.7007850E-17
   4.5588693E+02  -5.8276158E-17
   4.5622067E+02  -7.2167710E-17
   4.5655440E+02  -8.9344056E-17
   4.5688814E+02  -1.1056244E-16
   4.5722188E+02  -1.3667233E-16
   4.5755562E+02  -1.6861157E-16
   4.5788936E+02  -2.0740450E-16
   4.5822310E+02  -2.5416169E-16
   4.5855684E+02  -3.1008182E-16
   4.5889057E+02  -3.7645622E-16
   4.5922431E+02  -4.5467320E-16
   4.5955805E+02  -5.4622132E-16
   4.5989179E+02  -6.5268431E-16
   4.6022553E+02  -7.7572611E-16
   4.6055927E+02  -9.1705663E-16
   4.6089301E+02  -1.0783676E-15
   4.6122674E+02  -1.2612357E-15
   4.6156048E+02  -1.4669719E-15
   4.6189422E+02  -1.6964223E-15
   4.6222796E+02  -1.9496973E-15
   4.6256170E+02  -2.2258264E-15
   4.6289544E+02  -2.5223277E-15
   4.6322918E+02  -2.8346623E-15
   4.6356291E+02  -3.1555715E-15
   4.6389665E+02  -3.4742321E-15
   4.6423039E+02  -3.7752432E-15
   4.6456413E+02  -4.0373182E-15
   4.6489787E+02  -4.2317097E-15
   4.6523161E+02  -4.3202052E-15
   4.6556535E+02  -4.2526856E-15
   4.6589908E+02  -3.9640930E-15
   4.6623282E+02  -3.3707333E-15
   4.6656656E+02  -2.3656705E-15
   4.6690030E+02  -8.1322045E-16
   4.6723404E+02   1.4578816E-15
   4.6756778E+02   4.6627656E-15
   4.6790152E+02   9.0703007E-15
   4.6823525E+02   1.5015119E-14
   4.6856899E+02   2.2911943E-14
   4.6890273E+02   3.3272687E-14
   4.6923647E+02   4.6726874E-14
   4.6957021E+02   6.4045720E-14
   4.6990395E+02   8.6170830E-14
   4.7023769E+02   1.1424810E-13
   4.7057142E+02   1.4966804E-13
   4.7090516E+02   1.9411293E-13
   4.7123890E+02   2.4961326E-13
   4.7157264E+02   3.1861346E-13
   4.7190638E+02   4.0405008E-13
   4.7224012E+02   5.0944291E-13
   4.7257386E+02   6.3900122E-13
   4.7290760E+02   7.9774913E-13
   4.7324133E+02   9.9166996E-13
   4.7357507E+02   1.2278751E-12
   4.7390881E+02   1.5148008E-12
   4.7424255E+02   1.8624343E-12
   4.7457629E+02   2.2825786E-12
   4.7491003E+02   2.7891556E-12
   4.7524377E+02   3.3985570E-12
   4.7557750E+02   4.1300496E-12
   4.7591124E+02   5.0062376E-12
   4.7624498E+02   6.0535986E-12
   4.7657872E+02   7.3030948E-12
   4.7691246E+02   8.7908682E-12
   4.7724620E+02   1.0559043E-11
   4.7757994E+02   1.2656626E-11
   4.7791367E+02   1.5140547E-11
   4.7824741E+02   1.8076835E-11
   4.7858115E+02   2.1541942E-11
   4.7891489E+02   2.5624239E-11
   4.7924863E+02   3.0425738E-11
   4.7958237E+02   3.6063950E-11
   4.7991611E+02   4.2674128E-11
   4.8024984E+02   5.0411578E-11
   4.8058358E+02   5.9454414E-11
   4.8091732E+02   7.0006612E-11
   4.8125106E+02   8.2301291E-11
   4.8158480E+02   9.6604585E-11
   4.8191854E+02   1.1321968E-10
   4.8225228E+02   1.3249161E-10
   4.8258601E+02   1.5481227E-10
   4.8291975E+02   1.8062610E-10
   4.8325349E+02   2.1043625E-10
   4.8358723E+02   2.4481159E-10
   4.8392097E+02   2.8439404E-10
   4.8425471E+02   3.2990699E-10
   4.8458845E+02   3.8216386E-10
   4.8492218E+02   4.4207818E-10
   4.8525592E+02   5.1067439E-10
   4.8558966E+02   5.8909849E-10
   4.8592340E+02   6.7863126E-10
   4.8625714E+02   7.8070095E-10
   4.8659088E+02   8.9689789E-10
   4.8692462E+02   1.0289896E-09
   4.8725835E+02   1.1789375E-09
   4.8759209E+02   1.3489134E-09
   4.8792583E+02   1.5413180E-09
   4.8825957E+02   1.7588009E-09
   4.8859331E+02   2.0042814E-09
   4.8892705E+02   2.2809674E-09
   4.8926079E+02   2.5923799E-09
   4.8959452E+02   2.9423748E-09
   4.8992826E+02   3.3351650E-09
   4.9026200E+02   3.7753485E-09
   4.9059574E+02   4.2679309E-09
   4.9092948E+02   4.8183457E-09
   4.9126322E+02   5.4324891E-09
   4.9159696E+02   6.1167365E-09
   4.9193069E+02   6.8779702E-09
   4.9226443E+02   7.7236013E-09
   4.9259817E+02   8.6615941E-09
   4.9293191E+02   9.7004857E-09
   4.9326565E+02   1.0849406E-08
   4.9359939E+02   1.2118099E-08
   4.9393313E+02   1.3516919E-08
   4.9426687E+02   1.5056873E-08
   4.9460060E+02   1.6749595E-08
   4.9493434E+02   1.8607363E-08
   4.9526808E+02   2.0643096E-08
   4.9560182E+02   2.2870353E-08
   4.9593556E+02   2.5303301E-08
   4.9626930E+02   2.7956702E-08
   4.9660304E+02   3.0845879E-08
   4.9693677E+02   3.3986701E-08
   4.9727051E+02   3.7395484E-08
   4.9760425E+02   4.1088988E-08
   4.9793799E+02   4.5084306E-08
   4.9827173E+02   4.9398814E-08
   4.9860547E+02   5.4050048E-08
   4.9893921E+02   5.9055637E-08
   4.9927294E+02   6.4433124E-08
   4.9960668E+02   7.0199889E-08
   4.9994042E+02   7.6372977E-08
   5.0027416E+02   8.2968960E-08
   5.0060790E+02   9.0003660E-08
   5.0094164E+02   9.7492119E-08
   5.0127538E+02   1.0544824E-07
   5.0160911E+02   1.1388467E-07
   5.0194285E+02   1.2281254E-07
   5.0227659E+02   1.3224110E-07
   5.0261033E+02   1.4217758E-07
   5.0294407E+02   1.5262700E-07
   5.0327781E+02   1.6359154E-07
   5.0361155E+02   1.7507058E-07
   5.0394528E+02   1.8706031E-07
   5.0427902E+02   1.9955331E-07
   5.0461276E+02   2.1253831E-07
   5.0494650E+02   2.2599987E-07
   5.0528024E+02   2.3991799E-07
   5.0561398E+02   2.5426806E-07
   5.0594772E+02   2.6902006E-07
   5.0628145E+02   2.8413876E-07
   5.0661519E+02   2.9958318E-07
   5.0694893E+02   3.1530632E-07
   5.0728267E+02   3.3125514E-07
   5.0761641E+02   3.4737002E-07
   5.0795015E+02   3.6358460E-07
   5.0828389E+02   3.7982593E-07
   5.0861762E+02   3.9601420E-07
   5.0895136E+02   4.1206249E-07
   5.0928510E+02   4.2787698E-07
   5.0961884E+02   4.4335673E-07
   5.0995258E+02   4.5839408E-07
   5.1028632E+02   4.7287438E-07
   5.1062006E+02   4.8667687E-07
   5.1095379E+02   4.9967377E-07
   5.1128753E+02   5.1173208E-07
   5.1162127E+02   5.2271264E-07
   5.1195501E+02   5.3247174E-07
   5.1228875E+02   5.4086053E-07
   5.1262249E+02   5.4772687E-07
   5.1295623E+02   5.5291474E-07
   5.1328997E+02   5.5626595E-07
   5.1362370E+02   5.5762138E-07
   5.1395744E+02   5.5682011E-07
   5.1429118E+02   5.5370231E-07
   5.1462492E+02   5.4810914E-07
   5.1495866E+02   5.3988458E-07
   5.1529240E+02   5.2887583E-07
   5.1562614E+02   5.1493578E-07
   5.1595987E+02   4.9792266E-07
   5.1629361E+02   4.7770232E-07
   5.1662735E+02   4.5414995E-07
   5.1696109E+02   4.2715016E-07
   5.1729483E+02   3.9659949E-07
   5.1762857E+02   3.6240766E-07
   5.1796231E+02   3.2449788E-07
   5.1829604E+02   2.8280931E-07
   5.1862978E+02   2.3729790E-07
   5.1896352E+02   1.8793754E-07
   5.1929726E+02   1.3472112E-07
   5.1963100E+02   7.7662229E-08
   5.1996474E+02   1.6795362E-08
   5.2029848E+02  -4.7822731E-08
   5.2063221E+02  -1.1611218E-07
   5.2096595E+02  -1.8796965E-07
   5.2129969E+02  -2.6326768E-07
   5.2163343E+02  -3.4185422E-07
   5.2196717E+02  -4.2355245E-07
   5.2230091E+02  -5.0816089E-07
   5.2263465E+02  -5.9545340E-07
   5.2296838E+02  -6.8517920E-07
   5.2330212E+02  -7.7706397E-07
   5.2363586E+02  -8.7081003E-07
   5.2396960E+02  -9.6609710E-07
   5.2430334E+02  -1.0625843E-06
   5.2463708E+02  -1.1599100E-06
   5.2497082E+02  -1.2576945E-06
   5.2530455E+02  -1.3555407E-06
   5.2563829E+02  -1.4530366E-06
   5.2597203E+02  -1.5497574E-06
   5.2630577E+02  -1.6452666E-06
   5.2663951E+02  -1.7391196E-06
   5.2697325E+02  -1.8308649E-06
   5.2730699E+02  -1.9200481E-06
   5.2764072E+02  -2.0062123E-06
   5.2797446E+02  -2.0889047E-06
   5.2830820E+02  -2.1676744E-06
   5.2864194E+02  -2.2420793E-06
   5.2897568E+02  -2.3116870E-06
   5.2930942E+02  -2.3760795E-06
   5.2964316E+02  -2.4348524E-06
   5.2997689E+02  -2.4876224E-06
   5.3031063E+02  -2.5340278E-06
   5.3064437E+02  -2.5737290E-06
   5.3097811E+02  -2.6064158E-06
   5.3131185E+02  -2.6318071E-06
   5.3164559E+02  -2.6496527E-06
   5.3197933E+02  -2.6597363E-06
   5.3231306E+02  -2.6618795E-06
   5.3264680E+02  -2.6559383E-06
   5.3298054E+02  -2.6418106E-06
   5.3331428E+02  -2.6194325E-06
   5.3364802E+02  -2.5887825E-06
   5.3398176E+02  -2.5498812E-06
   5.3431550E+02  -2.5027912E-06
   5.3464924E+02  -2.4476185E-06
   5.3498297E+02  -2.3845100E-06
   5.3531671E+02  -2.3136563E-06
   5.3565045E+02  -2.2352890E-06
   5.3598419E+02  -2.1496787E-06
   5.3631793E+02  -2.0571370E-06
   5.3665167E+02  -1.9580114E-06
   5.3698541E+02  -1.8526841E-06
   5.3731914E+02  -1.7415740E-06
   5.3765288E+02  -1.6251274E-06
   5.3798662E+02  -1.5038202E-06
   5.3832036E+02  -1.3781540E-06
   5.3865410E+02  -1.2486535E-06
   5.3898784E+02  -1.1158618E-06
   5.3932158E+02  -9.8033820E-07
   5.3965531E+02  -8.4265497E-07
   5.3998905E+02  -7.0339331E-07
   5.4032279E+02  -5.6314002E-07
   5.4065653E+02  -4.2248411E-07
   5.4099027E+02  -2.8201214E-07
   5.4132401E+02  -1.4230649E-07
   5.4165775E+02  -3.9400874E-09
   5.4199148E+02   1.3252632E-07
   5.4232522E+02   2.6654718E-07
   5.4265896E+02   3.9759630E-07
   5.4299270E+02   5.2516884E-07
   5.4332644E+02   6.4878481E-07
   5.4366018E+02   7.6799176E-07
   5.4399392E+02   8.8236675E-07
   5.4432765E+02   9.9151953E-07
   5.4466139E+02   1.0950928E-06
   5.4499513E+02   1.1927659E-06
   5.4532887E+02   1.2842552E-06
   5.4566261E+02   1.3693145E-06
   5.4599635E+02   1.4477382E-06
   5.4633009E+02   1.5193589E-06
   5.4666382E+02   1.5840501E-06
   5.4699756E+02   1.6417246E-06
   5.4733130E+02   1.6923349E-06
   5.4766504E+02   1.7358732E-06
   5.4799878E+02   1.7723681E-06
   5.4833252E+02   1.8018870E-06
   5.4866626E+02   1.8245324E-06
   5.4899999E+02   1.8404393E-06
   5.4933373E+02   1.8497772E-06
   5.4966747E+02   1.8527442E-06
   5.5000121E+02   1.8495672E-06
   5.5033495E+02   1.8404990E-06
   5.5066869E+02   1.8258148E-06
   5.5100243E+02   1.8058120E-06
   5.5133616E+02   1.7808051E-06
   5.5166990E+02   1.7511247E-06
   5.5200364E+02   1.7171139E-06
   5.5233738E+02   1.6791262E-06
   5.5267112E+02   1.6375228E-06
   5.5300486E+02   1.5926694E-06
   5.5333860E+02   1.5449332E-06
   5.5367234E+02   1.4946837E-06
   5.5400607E+02   1.4422849E-06
   5.5433981E+02   1.3880979E-06
   5.5467355E+02   1.3324754E-06
   5.5500729E+02   1.2757616E-06
   5.5534103E+02   1.2182898E-06
   5.5567477E+02   1.1603810E-06
   5.5600851E+02   1.1023402E-06
   5.5634224E+02   1.0444587E-06
   5.5667598E+02   9.8701003E-07
   5.5700972E+02   9.3025017E-07
   5.5734346E+02   8.7441691E-07
   5.5767720E+02   8.1972797E-07
   5.5801094E+02   7.6638162E-07
   5.5834468E+02   7.1455685E-07
   5.5867841E+02   6.6441186E-07
   5.5901215E+02   6.1608523E-07
   5.5934589E+02   5.6969503E-07
   5.5967963E+02   5.2534097E-07
   5.6001337E+02   4.8310284E-07
   5.6034711E+02   4.4304241E-07
   5.6068085E+02   4.0520345E-07
   5.6101458E+02   3.6961325E-07
   5.6134832E+02   3.3628282E-07
   5.6168206E+02   3.0520778E-07
   5.6201580E+02   2.7637014E-07
   5.6234954E+02   2.4973860E-07
   5.6268328E+02   2.2526986E-07
   5.6301702E+02   2.0290960E-07
   5.6335075E+02   1.8259408E-07
   5.6368449E+02   1.6425039E-07
   5.6401823E+02   1.4779813E-07
   5.6435197E+02   1.3315048E-07
   5.6468571E+02   1.2021506E-07
   5.6501945E+02   1.0889498E-07
   5.6535319E+02   9.9089704E-08
   5.6568692E+02   9.0696261E-08
   5.6602066E+02   8.3609891E-08
   5.6635440E+02   7.7724877E-08
   5.6668814E+02   7.2935393E-08
   5.6702188E+02   6.9136156E-08
   5.6735562E+02   6.6223087E-08
   5.6768936E+02   6.4093825E-08
   5.6802309E+02   6.2648397E-08
   5.6835683E+02   6.1789585E-08
   5.6869057E+02   6.1423307E-08
   5.6902431E+02   6.1459168E-08
   5.6935805E+02   6.1810681E-08
   5.6969179E+02   6.2395515E-08
   5.7002553E+02   6.3135751E-08
   5.7035926E+02   6.3958147E-08
   5.7069300E+02   6.4794506E-08
   5.7102674E+02   6.5581339E-08
   5.7136048E+02   6.6260405E-08
   5.7169422E+02   6.6778725E-08
   5.7202796E+02   6.7088592E-08
   5.7236170E+02   6.7147511E-08
   5.7269543E+02   6.6918638E-08
   5.7302917E+02   6.6370305E-08
   5.7336291E+02   6.5476407E-08
   5.7369665E+02   6.4216216E-08
   5.7403039E+02   6.2574529E-08
   5.7436413E+02   6.0541439E-08
   5.7469787E+02   5.8112470E-08
   5.7503161E+02   5.5288503E-08
   5.7536534E+02   5.2075709E-08
   5.7569908E+02   4.8485447E-08
   5.7603282E+02   4.4534190E-08
   5.7636656E+02   4.0243581E-08
   5.7670030E+02   3.5640046E-08
   5.7703404E+02   3.0754958E-08
   5.7736778E+02   2.5624328E-08
   5.7770151E+02   2.0288621E-08
   5.7803525E+02   1.4792676E-08
   5.7836899E+02   9.1852819E-09
   5.7870273E+02   3.5191512E-09
   5.7903647E+02  -2.1495250E-09
   5.7937021E+02  -7.7613524E-09
   5.7970395E+02  -1.3254027E-08
   5.8003768E+02  -1.8562780E-08
   5.8037142E+02  -2.3620748E-08
   5.8070516E+02  -2.8359393E-08
   5.8103890E+02  -3.2708961E-08
   5.8137264E+02  -3.6598969E-08
   5.8170638E+02  -3.9958735E-08
   5.8204012E+02  -4.2717875E-08
   5.8237385E+02  -4.4806846E-08
   5.8270759E+02  -4.6157510E-08
   5.8304133E+02  -4.6703768E-08
   5.8337507E+02  -4.6382041E-08
   5.8370881E+02  -4.5131905E-08
   5.8404255E+02  -4.2896851E-08
   5.8437629E+02  -3.9624553E-08
   5.8471002E+02  -3.5267746E-08
   5.8504376E+02  -2.9784664E-08
   5.8537750E+02  -2.3139552E-08
   5.8571124E+02  -1.5303335E-08
   5.8604498E+02  -6.2539236E-09
   5.8637872E+02   4.0231676E-09
   5.8671246E+02   1.5534427E-08
   5.8704619E+02   2.8278105E-08
   5.8737993E+02   4.2243773E-08
   5.8771367E+02   5.7412059E-08
   5.8804741E+02   7.3754464E-08
   5.8838115E+02   9.1233204E-08
   5.8871489E+02   1.0980111E-07
   5.8904863E+02   1.2940157E-07
   5.8938236E+02   1.4996860E-07
   5.8971610E+02   1.7142698E-07
   5.9004984E+02   1.9369236E-07
   5.9038358E+02   2.1667165E-07
   5.9071732E+02   2.4026315E-07
   5.9105106E+02   2.6435714E-07
   5.9138480E+02   2.8883630E-07
   5.9171853E+02   3.1357609E-07
   5.9205227E+02   3.3844555E-07
   5.9238601E+02   3.6330795E-07
   5.9271975E+02   3.8802131E-07
   5.9305349E+02   4.1243942E-07
   5.9338723E+02   4.3641265E-07
   5.9372097E+02   4.5978859E-07
   5.9405471E+02   4.8241338E-07
   5.9438844E+02   5.0413206E-07
   5.9472218E+02   5.2479015E-07
   5.9505592E+02   5.4423458E-07
   5.9538966E+02   5.6231409E-07
   5.9572340E+02   5.7888116E-07
   5.9605714E+02   5.9379227E-07
   5.9639088E+02   6.0690962E-07
   5.9672461E+02   6.1810158E-07
   5.9705835E+02   6.2724394E-07
   5.9739209E+02   6.3422090E-07
   5.9772583E+02   6.3892611E-07
   5.9805957E+02   6.4126323E-07
   5.9839331E+02   6.4114704E-07
   5.9872705E+02   6.3850422E-07
   5.9906078E+02   6.3327400E-07
   5.9939452E+02   6.2540903E-07
   5.9972826E+02   6.1487572E-07
   6.0006200E+02   6.0165479E-07
   6.0039574E+02   5.8574182E-07
   6.0072948E+02   5.6714731E-07
   6.0106322E+02   5.4589759E-07
   6.0139695E+02   5.2203393E-07
   6.0173069E+02   4.9561356E-07
   6.0206443E+02   4.6670914E-07
   6.0239817E+02   4.3540882E-07
   6.0273191E+02   4.0181570E-07
   6.0306565E+02   3.6604783E-07
   6.0339939E+02   3.2823746E-07
   6.0373312E+02   2.8853077E-07
   6.0406686E+02   2.4708697E-07
   6.0440060E+02   2.0407772E-07
   6.0473434E+02   1.5968621E-07
   6.0506808E+02   1.1410634E-07
   6.0540182E+02   6.7541649E-08
   6.0573556E+02   2.0204290E-08
   6.0606929E+02  -2.7686179E-08
   6.0640303E+02  -7.5903969E-08
   6.0673677E+02  -1.2421819E-07
   6.0707051E+02  -1.7239452E-07
   6.0740425E+02  -2.2019609E-07
   6.0773799E+02  -2.6738516E-07
   6.0807173E+02  -3.1372451E-07
   6.0840546E+02  -3.5897855E-07
   6.0873920E+02  -4.0291530E-07
   6.0907294E+02  -4.4530702E-07
   6.0940668E+02  -4.8593245E-07
   6.0974042E+02  -5.2457733E-07
   6.1007416E+02  -5.6103613E-07
   6.1040790E+02  -5.9511376E-07
   6.1074163E+02  -6.2662582E-07
   6.1107537E+02  -6.5540030E-07
   6.1140911E+02  -6.8127838E-07
   6.1174285E+02  -7.0411608E-07
   6.1207659E+02  -7.2378441E-07
   6.1241033E+02  -7.4017032E-07
   6.1274407E+02  -7.5317814E-07
   6.1307781E+02  -7.6272920E-07
   6.1341154E+02  -7.6876279E-07
   6.1374528E+02  -7.7123724E-07
   6.1407902E+02  -7.7012891E-07
   6.1441276E+02  -7.6543336E-07
   6.1474650E+02  -7.5716468E-07
   6.1508024E+02  -7.4535615E-07
   6.1541398E+02  -7.3005941E-07
   6.1574771E+02  -7.1134468E-07
   6.1608145E+02  -6.8929955E-07
   6.1641519E+02  -6.6402947E-07
   6.1674893E+02  -6.3565614E-07
   6.1708267E+02  -6.0431739E-07
   6.1741641E+02  -5.7016581E-07
   6.1775015E+02  -5.3336839E-07
   6.1808388E+02  -4.9410517E-07
   6.1841762E+02  -4.5256823E-07
   6.1875136E+02  -4.0896043E-07
   6.1908510E+02  -3.6349428E-07
   6.1941884E+02  -3.1639064E-07
   6.1975258E+02  -2.6787734E-07
   6.2008632E+02  -2.1818785E-07
   6.2042005E+02  -1.6755996E-07
   6.2075379E+02  -1.1623426E-07
   6.2108753E+02  -6.4452912E-08
   6.2142127E+02  -1.2458077E-08
   6.2175501E+02   3.9509352E-08
   6.2208875E+02   9.1211092E-08
   6.2242249E+02   1.4241279E-07
   6.2275622E+02   1.9288530E-07
   6.2308996E+02   2.4240589E-07
   6.2342370E+02   2.9075929E-07
   6.2375744E+02   3.3773907E-07
   6.2409118E+02   3.8314818E-07
   6.2442492E+02   4.2680028E-07
   6.2475866E+02   4.6852051E-07
   6.2509239E+02   5.0814572E-07
   6.2542613E+02   5.4552578E-07
   6.2575987E+02   5.8052365E-07
   6.2609361E+02   6.1301597E-07
   6.2642735E+02   6.4289304E-07
   6.2676109E+02   6.7005999E-07
   6.2709483E+02   6.9443530E-07
   6.2742856E+02   7.1595230E-07
   6.2776230E+02   7.3455840E-07
   6.2809604E+02   7.5021444E-07
   6.2842978E+02   7.6289558E-07
   6.2876352E+02   7.7258960E-07
   6.2909726E+02   7.7929724E-07
   6.2943100E+02   7.8303208E-07
   6.2976473E+02   7.8381822E-07
   6.3009847E+02   7.8169171E-07
   6.3043221E+02   7.7669824E-07
   6.3076595E+02   7.6889336E-07
   6.3109969E+02   7.5834100E-07
   6.3143343E+02   7.4511280E-07
   6.3176717E+02   7.2928754E-07
   6.3210090E+02   7.1094979E-07
   6.3243464E+02   6.9018961E-07
   6.3276838E+02   6.6710123E-07
   6.3310212E+02   6.4178238E-07
   6.3343586E+02   6.1433354E-07
   6.3376960E+02   5.8485682E-07
   6.3410334E+02   5.5345629E-07
   6.3443708E+02   5.2023563E-07
   6.3477081E+02   4.8529904E-07
   6.3510455E+02   4.4875000E-07
   6.3543829E+02   4.1069057E-07
   6.3577203E+02   3.7122217E-07
   6.3610577E+02   3.3044381E-07
   6.3643951E+02   2.8845290E-07
   6.3677325E+02   2.4534401E-07
   6.3710698E+02   2.0121036E-07
   6.3744072E+02   1.5614258E-07
   6.3777446E+02   1.1022890E-07
   6.3810820E+02   6.3555596E-08
   6.3844194E+02   1.6207132E-08
   6.3877568E+02  -3.1733428E-08
   6.3910942E+02  -8.0184670E-08
   6.3944315E+02  -1.2906565E-07
   6.3977689E+02  -1.7829620E-07
   6.4011063E+02  -2.2779636E-07
   6.4044437E+02  -2.7748484E-07
   6.4077811E+02  -3.2728047E-07
   6.4111185E+02  -3.7710004E-07
   6.4144559E+02  -4.2685878E-07
   6.4177932E+02  -4.7646898E-07
   6.4211306E+02  -5.2584062E-07
   6.4244680E+02  -5.7488029E-07
   6.4278054E+02  -6.2349039E-07
   6.4311428E+02  -6.7157021E-07
   6.4344802E+02  -7.1901422E-07
   6.4378176E+02  -7.6571291E-07
   6.4411549E+02  -8.1155190E-07
   6.4444923E+02  -8.5641256E-07
   6.4478297E+02  -9.0017164E-07
   6.4511671E+02  -9.4270177E-07
   6.4545045E+02  -9.8387136E-07
   6.4578419E+02  -1.0235453E-06
   6.4611793E+02  -1.0615854E-06
   6.4645166E+02  -1.0978504E-06
   6.4678540E+02  -1.1321977E-06
   6.4711914E+02  -1.1644823E-06
   6.4745288E+02  -1.1945605E-06
   6.4778662E+02  -1.2222868E-06
   6.4812036E+02  -1.2475188E-06
   6.4845410E+02  -1.2701150E-06
   6.4878783E+02  -1.2899393E-06
   6.4912157E+02  -1.3068584E-06
   6.4945531E+02  -1.3207455E-06
   6.4978905E+02  -1.3314800E-06
   6.5012279E+02  -1.3389501E-06
   6.5045653E+02  -1.3430546E-06
   6.5079027E+02  -1.3436991E-06
   6.5112400E+02  -1.3408041E-06
   6.5145774E+02  -1.3343013E-06
   6.5179148E+02  -1.3241369E-06
   6.5212522E+02  -1.3102712E-06
   6.5245896E+02  -1.2926798E-06
   6.5279270E+02  -1.2713552E-06
   6.5312644E+02  -1.2463067E-06
   6.5346018E+02  -1.2175610E-06
   6.5379391E+02  -1.1851633E-06
   6.5412765E+02  -1.1491767E-06
   6.5446139E+02  -1.1096821E-06
   6.5479513E+02  -1.0667799E-06
   6.5512887E+02  -1.0205887E-06
   6.5546261E+02  -9.7124439E-07
   6.5579635E+02  -9.1890115E-07
   6.5613008E+02  -8.6372972E-07
   6.5646382E+02  -8.0591769E-07
   6.5679756E+02  -7.4566753E-07
   6.5713130E+02  -6.8319628E-07
   6.5746504E+02  -6.1873391E-07
   6.5779878E+02  -5.5252332E-07
   6.5813252E+02  -4.8481689E-07
   6.5846625E+02  -4.1587680E-07
   6.5879999E+02  -3.4597286E-07
   6.5913373E+02  -2.7538087E-07
   6.5946747E+02  -2.0438026E-07
   6.5980121E+02  -1.3325372E-07
   6.6013495E+02  -6.2284144E-08
