  -7.8094826E+01   0.0000000E+00
  -7.7761087E+01   0.0000000E+00
  -7.7427349E+01   0.0000000E+00
  -7.7093610E+01   0.0000000E+00
  -7.6759871E+01   0.0000000E+00
  -7.6426133E+01   0.0000000E+00
  -7.6092394E+01   0.0000000E+00
  -7.5758656E+01   0.0000000E+00
  -7.5424917E+01   0.0000000E+00
  -7.5091178E+01   0.0000000E+00
  -7.4757440E+01   0.0000000E+00
  -7.4423701E+01   0.0000000E+00
  -7.4089963E+01   0.0000000E+00
  -7.3756224E+01   0.0000000E+00
  -7.3422485E+01   0.0000000E+00
  -7.3088747E+01   0.0000000E+00
  -7.2755008E+01   0.0000000E+00
  -7.2421270E+01   0.0000000E+00
  -7.2087531E+01   0.0000000E+00
  -7.1753792E+01   0.0000000E+00
  -7.1420054E+01   0.0000000E+00
  -7.1086315E+01   0.0000000E+00
  -7.0752577E+01   0.0000000E+00
  -7.0418838E+01   0.0000000E+00
  -7.0085099E+01   0.0000000E+00
  -6.9751361E+01   0.0000000E+00
  -6.9417622E+01   0.0000000E+00
  -6.9083884E+01   0.0000000E+00
  -6.8750145E+01   0.0000000E+00
  -6.8416406E+01   0.0000000E+00
  -6.8082668E+01   0.0000000E+00
  -6.7748929E+01   0.0000000E+00
  -6.7415191E+01   0.0000000E+00
  -6.7081452E+01   0.0000000E+00
  -6.6747714E+01   0.0000000E+00
  -6.6413975E+01   0.0000000E+00
  -6.6080236E+01   0.0000000E+00
  -6.5746498E+01   0.0000000E+00
  -6.5412759E+01   0.0000000E+00
  -6.5079021E+01   0.0000000E+00
  -6.4745282E+01   0.0000000E+00
  -6.4411543E+01   0.0000000E+00
  -6.4077805E+01   0.0000000E+00
  -6.3744066E+01   0.0000000E+00
  -6.3410328E+01   0.0000000E+00
  -6.3076589E+01   0.0000000E+00
  -6.2742850E+01   0.0000000E+00
  -6.2409112E+01   0.0000000E+00
  -6.2075373E+01   0.0000000E+00
  -6.1741635E+01   0.0000000E+00
  -6.1407896E+01   0.0000000E+00
  -6.1074157E+01   0.0000000E+00
  -6.0740419E+01   0.0000000E+00
  -6.0406680E+01   0.0000000E+00
  -6.0072942E+01   0.0000000E+00
  -5.9739203E+01   0.0000000E+00
  -5.9405464E+01   0.0000000E+00
  -5.9071726E+01   0.0000000E+00
  -5.8737987E+01   0.0000000E+00
  -5.8404249E+01   0.0000000E+00
  -5.8070510E+01   0.0000000E+00
  -5.7736771E+01   0.0000000E+00
  -5.7403033E+01   0.0000000E+00
  -5.7069294E+01   0.0000000E+00
  -5.6735556E+01   0.0000000E+00
  -5.6401817E+01   0.0000000E+00
  -5.6068078E+01   0.0000000E+00
  -5.5734340E+01   0.0000000E+00
  -5.5400601E+01   0.0000000E+00
  -5.5066863E+01   0.0000000E+00
  -5.4733124E+01   0.0000000E+00
  -5.4399385E+01   0.0000000E+00
  -5.4065647E+01   0.0000000E+00
  -5.3731908E+01   0.0000000E+00
  -5.3398170E+01   0.0000000E+00
  -5.3064431E+01   0.0000000E+00
  -5.2730693E+01   0.0000000E+00
  -5.2396954E+01   0.0000000E+00
  -5.2063215E+01   0.0000000E+00
  -5.1729477E+01   0.0000000E+00
  -5.1395738E+01   0.0000000E+00
  -5.1062000E+01   0.0000000E+00
  -5.0728261E+01   0.0000000E+00
  -5.0394522E+01   0.0000000E+00
  -5.0060784E+01   0.0000000E+00
  -4.9727045E+01   0.0000000E+00
  -4.9393307E+01   0.0000000E+00
  -4.9059568E+01   0.0000000E+00
  -4.8725829E+01   0.0000000E+00
  -4.8392091E+01   0.0000000E+00
  -4.8058352E+01   0.0000000E+00
  -4.7724614E+01   0.0000000E+00
  -4.7390875E+01   0.0000000E+00
  -4.7057136E+01   0.0000000E+00
  -4.6723398E+01   0.0000000E+00
  -4.6389659E+01   0.0000000E+00
  -4.6055921E+01   0.0000000E+00
  -4.5722182E+01   0.0000000E+00
  -4.5388443E+01   0.0000000E+00
  -4.5054705E+01   0.0000000E+00
  -4.4720966E+01   0.0000000E+00
  -4.4387228E+01   0.0000000E+00
  -4.4053489E+01   0.0000000E+00
  -4.3719750E+01   0.0000000E+00
  -4.3386012E+01   0.0000000E+00
  -4.3052273E+01   0.0000000E+00
  -4.2718535E+01   0.0000000E+00
  -4.2384796E+01   0.0000000E+00
  -4.2051057E+01   0.0000000E+00
  -4.1717319E+01   0.0000000E+00
  -4.1383580E+01   0.0000000E+00
  -4.1049842E+01   0.0000000E+00
  -4.0716103E+01   0.0000000E+00
  -4.0382364E+01   0.0000000E+00
  -4.0048626E+01   0.0000000E+00
  -3.9714887E+01   0.0000000E+00
  -3.9381149E+01   0.0000000E+00
  -3.9047410E+01   0.0000000E+00
  -3.8713672E+01   0.0000000E+00
  -3.8379933E+01   0.0000000E+00
  -3.8046194E+01   0.0000000E+00
  -3.7712456E+01   0.0000000E+00
  -3.7378717E+01   0.0000000E+00
  -3.7044979E+01   0.0000000E+00
  -3.6711240E+01   0.0000000E+00
  -3.6377501E+01   0.0000000E+00
  -3.6043763E+01   0.0000000E+00
  -3.5710024E+01   0.0000000E+00
  -3.5376286E+01   0.0000000E+00
  -3.5042547E+01   0.0000000E+00
  -3.4708808E+01   0.0000000E+00
  -3.4375070E+01   0.0000000E+00
  -3.4041331E+01   0.0000000E+00
  -3.3707593E+01   0.0000000E+00
  -3.3373854E+01   0.0000000E+00
  -3.3040115E+01   0.0000000E+00
  -3.2706377E+01   0.0000000E+00
  -3.2372638E+01   0.0000000E+00
  -3.2038900E+01   0.0000000E+00
  -3.1705161E+01   0.0000000E+00
  -3.1371422E+01   0.0000000E+00
  -3.1037684E+01   0.0000000E+00
  -3.0703945E+01   0.0000000E+00
  -3.0370207E+01   0.0000000E+00
  -3.0036468E+01   0.0000000E+00
  -2.9702729E+01   0.0000000E+00
  -2.9368991E+01   0.0000000E+00
  -2.9035252E+01   0.0000000E+00
  -2.8701514E+01   0.0000000E+00
  -2.8367775E+01   0.0000000E+00
  -2.8034036E+01   0.0000000E+00
  -2.7700298E+01   0.0000000E+00
  -2.7366559E+01   0.0000000E+00
  -2.7032821E+01   0.0000000E+00
  -2.6699082E+01   0.0000000E+00
  -2.6365343E+01   0.0000000E+00
  -2.6031605E+01   0.0000000E+00
  -2.5697866E+01   0.0000000E+00
  -2.5364128E+01   0.0000000E+00
  -2.5030389E+01   0.0000000E+00
  -2.4696651E+01   0.0000000E+00
  -2.4362912E+01   0.0000000E+00
  -2.4029173E+01   0.0000000E+00
  -2.3695435E+01   0.0000000E+00
  -2.3361696E+01   0.0000000E+00
  -2.3027958E+01   0.0000000E+00
  -2.2694219E+01   0.0000000E+00
  -2.2360480E+01   0.0000000E+00
  -2.2026742E+01   0.0000000E+00
  -2.1693003E+01   0.0000000E+00
  -2.1359265E+01   0.0000000E+00
  -2.1025526E+01   0.0000000E+00
  -2.0691787E+01   0.0000000E+00
  -2.0358049E+01   0.0000000E+00
  -2.0024310E+01   0.0000000E+00
  -1.9690572E+01   0.0000000E+00
  -1.9356833E+01   0.0000000E+00
  -1.9023094E+01   0.0000000E+00
  -1.8689356E+01   0.0000000E+00
  -1.8355617E+01   0.0000000E+00
  -1.8021879E+01   0.0000000E+00
  -1.7688140E+01   0.0000000E+00
  -1.7354401E+01   0.0000000E+00
  -1.7020663E+01   0.0000000E+00
  -1.6686924E+01   0.0000000E+00
  -1.6353186E+01   0.0000000E+00
  -1.6019447E+01   0.0000000E+00
  -1.5685708E+01   0.0000000E+00
  -1.5351970E+01   0.0000000E+00
  -1.5018231E+01   0.0000000E+00
  -1.4684493E+01   0.0000000E+00
  -1.4350754E+01   0.0000000E+00
  -1.4017015E+01   0.0000000E+00
  -1.3683277E+01   0.0000000E+00
  -1.3349538E+01   0.0000000E+00
  -1.3015800E+01   0.0000000E+00
  -1.2682061E+01   0.0000000E+00
  -1.2348322E+01   0.0000000E+00
  -1.2014584E+01   0.0000000E+00
  -1.1680845E+01   0.0000000E+00
  -1.1347107E+01   0.0000000E+00
  -1.1013368E+01   0.0000000E+00
  -1.0679630E+01   0.0000000E+00
  -1.0345891E+01   0.0000000E+00
  -1.0012152E+01   0.0000000E+00
  -9.6784137E+00   0.0000000E+00
  -9.3446751E+00   0.0000000E+00
  -9.0109365E+00   0.0000000E+00
  -8.6771979E+00   0.0000000E+00
  -8.3434593E+00   0.0000000E+00
  -8.0097207E+00   0.0000000E+00
  -7.6759821E+00   0.0000000E+00
  -7.3422436E+00   0.0000000E+00
  -7.0085050E+00   0.0000000E+00
  -6.6747664E+00   0.0000000E+00
  -6.3410278E+00   0.0000000E+00
  -6.0072892E+00   0.0000000E+00
  -5.6735506E+00   0.0000000E+00
  -5.3398120E+00   0.0000000E+00
  -5.0060734E+00   0.0000000E+00
  -4.6723348E+00   0.0000000E+00
  -4.3385962E+00   0.0000000E+00
  -4.0048576E+00   0.0000000E+00
  -3.6711190E+00   0.0000000E+00
  -3.3373804E+00   0.0000000E+00
  -3.0036418E+00   0.0000000E+00
  -2.6699032E+00   0.0000000E+00
  -2.3361646E+00   0.0000000E+00
  -2.0024260E+00   0.0000000E+00
  -1.6686874E+00   0.0000000E+00
  -1.3349488E+00   0.0000000E+00
  -1.0012102E+00   0.0000000E+00
  -6.6747165E-01   0.0000000E+00
  -3.3373305E-01   0.0000000E+00
   5.5432320E-06   0.0000000E+00
   3.3374414E-01   0.0000000E+00
   6.6748273E-01   0.0000000E+00
   1.0012213E+00   0.0000000E+00
   1.3349599E+00   0.0000000E+00
   1.6686985E+00   0.0000000E+00
   2.0024371E+00   0.0000000E+00
   2.3361757E+00   0.0000000E+00
   2.6699143E+00   0.0000000E+00
   3.0036529E+00   0.0000000E+00
   3.3373915E+00   0.0000000E+00
   3.6711301E+00   0.0000000E+00
   4.0048687E+00   0.0000000E+00
   4.3386073E+00   0.0000000E+00
   4.6723459E+00   0.0000000E+00
   5.0060845E+00   0.0000000E+00
   5.3398231E+00   0.0000000E+00
   5.6735617E+00   0.0000000E+00
   6.0073003E+00   0.0000000E+00
   6.3410389E+00   0.0000000E+00
   6.6747774E+00   0.0000000E+00
   7.0085160E+00   0.0000000E+00
   7.3422546E+00   0.0000000E+00
   7.6759932E+00   0.0000000E+00
   8.0097318E+00   0.0000000E+00
   8.3434704E+00   0.0000000E+00
   8.6772090E+00   0.0000000E+00
   9.0109476E+00   0.0000000E+00
   9.3446862E+00   0.0000000E+00
   9.6784248E+00   0.0000000E+00
   1.0012163E+01   0.0000000E+00
   1.0345902E+01   0.0000000E+00
   1.0679641E+01   0.0000000E+00
   1.1013379E+01   0.0000000E+00
   1.1347118E+01   0.0000000E+00
   1.1680856E+01   0.0000000E+00
   1.2014595E+01   0.0000000E+00
   1.2348334E+01   0.0000000E+00
   1.2682072E+01   0.0000000E+00
   1.3015811E+01   0.0000000E+00
   1.3349549E+01   0.0000000E+00
   1.3683288E+01   0.0000000E+00
   1.4017027E+01   0.0000000E+00
   1.4350765E+01   0.0000000E+00
   1.4684504E+01   0.0000000E+00
   1.5018242E+01   0.0000000E+00
   1.5351981E+01   0.0000000E+00
   1.5685720E+01   0.0000000E+00
   1.6019458E+01   0.0000000E+00
   1.6353197E+01   0.0000000E+00
   1.6686935E+01   0.0000000E+00
   1.7020674E+01   0.0000000E+00
   1.7354412E+01   0.0000000E+00
   1.7688151E+01   0.0000000E+00
   1.8021890E+01   0.0000000E+00
   1.8355628E+01   0.0000000E+00
   1.8689367E+01   0.0000000E+00
   1.9023105E+01   0.0000000E+00
   1.9356844E+01   0.0000000E+00
   1.9690583E+01   0.0000000E+00
   2.0024321E+01   0.0000000E+00
   2.0358060E+01   0.0000000E+00
   2.0691798E+01   0.0000000E+00
   2.1025537E+01   0.0000000E+00
   2.1359276E+01   0.0000000E+00
   2.1693014E+01   0.0000000E+00
   2.2026753E+01   0.0000000E+00
   2.2360491E+01   0.0000000E+00
   2.2694230E+01   0.0000000E+00
   2.3027969E+01   0.0000000E+00
   2.3361707E+01   0.0000000E+00
   2.3695446E+01   0.0000000E+00
   2.4029184E+01   0.0000000E+00
   2.4362923E+01   0.0000000E+00
   2.4696662E+01   0.0000000E+00
   2.5030400E+01   0.0000000E+00
   2.5364139E+01   0.0000000E+00
   2.5697877E+01   0.0000000E+00
   2.6031616E+01   0.0000000E+00
   2.6365355E+01   0.0000000E+00
   2.6699093E+01   0.0000000E+00
   2.7032832E+01   0.0000000E+00
   2.7366570E+01   0.0000000E+00
   2.7700309E+01   0.0000000E+00
   2.8034048E+01   0.0000000E+00
   2.8367786E+01   0.0000000E+00
   2.8701525E+01   0.0000000E+00
   2.9035263E+01   0.0000000E+00
   2.9369002E+01   0.0000000E+00
   2.9702741E+01   0.0000000E+00
   3.0036479E+01   0.0000000E+00
   3.0370218E+01   0.0000000E+00
   3.0703956E+01   0.0000000E+00
   3.1037695E+01   0.0000000E+00
   3.1371433E+01   0.0000000E+00
   3.1705172E+01   0.0000000E+00
   3.2038911E+01   0.0000000E+00
   3.2372649E+01   0.0000000E+00
   3.2706388E+01   0.0000000E+00
   3.3040126E+01   0.0000000E+00
   3.3373865E+01   0.0000000E+00
   3.3707604E+01   0.0000000E+00
   3.4041342E+01   0.0000000E+00
   3.4375081E+01   0.0000000E+00
   3.4708819E+01   0.0000000E+00
   3.5042558E+01   0.0000000E+00
   3.5376297E+01   0.0000000E+00
   3.5710035E+01   0.0000000E+00
   3.6043774E+01   0.0000000E+00
   3.6377512E+01   0.0000000E+00
   3.6711251E+01   0.0000000E+00
   3.7044990E+01   0.0000000E+00
   3.7378728E+01   0.0000000E+00
   3.7712467E+01   0.0000000E+00
   3.8046205E+01   0.0000000E+00
   3.8379944E+01   0.0000000E+00
   3.8713683E+01   0.0000000E+00
   3.9047421E+01   0.0000000E+00
   3.9381160E+01   0.0000000E+00
   3.9714898E+01   0.0000000E+00
   4.0048637E+01   0.0000000E+00
   4.0382376E+01   0.0000000E+00
   4.0716114E+01   0.0000000E+00
   4.1049853E+01   0.0000000E+00
   4.1383591E+01   0.0000000E+00
   4.1717330E+01   0.0000000E+00
   4.2051069E+01   0.0000000E+00
   4.2384807E+01   0.0000000E+00
   4.2718546E+01   0.0000000E+00
   4.3052284E+01   0.0000000E+00
   4.3386023E+01   0.0000000E+00
   4.3719762E+01   0.0000000E+00
   4.4053500E+01   0.0000000E+00
   4.4387239E+01   0.0000000E+00
   4.4720977E+01   0.0000000E+00
   4.5054716E+01   0.0000000E+00
   4.5388454E+01   0.0000000E+00
   4.5722193E+01   0.0000000E+00
   4.6055932E+01   0.0000000E+00
   4.6389670E+01   0.0000000E+00
   4.6723409E+01   0.0000000E+00
   4.7057147E+01   0.0000000E+00
   4.7390886E+01   0.0000000E+00
   4.7724625E+01   0.0000000E+00
   4.8058363E+01   0.0000000E+00
   4.8392102E+01   0.0000000E+00
   4.8725840E+01   0.0000000E+00
   4.9059579E+01   0.0000000E+00
   4.9393318E+01   0.0000000E+00
   4.9727056E+01   0.0000000E+00
   5.0060795E+01   0.0000000E+00
   5.0394533E+01   0.0000000E+00
   5.0728272E+01   0.0000000E+00
   5.1062011E+01   0.0000000E+00
   5.1395749E+01   0.0000000E+00
   5.1729488E+01   0.0000000E+00
   5.2063226E+01   0.0000000E+00
   5.2396965E+01   0.0000000E+00
   5.2730704E+01   0.0000000E+00
   5.3064442E+01   0.0000000E+00
   5.3398181E+01   0.0000000E+00
   5.3731919E+01   0.0000000E+00
   5.4065658E+01   0.0000000E+00
   5.4399397E+01   0.0000000E+00
   5.4733135E+01   0.0000000E+00
   5.5066874E+01   0.0000000E+00
   5.5400612E+01   0.0000000E+00
   5.5734351E+01   0.0000000E+00
   5.6068090E+01   0.0000000E+00
   5.6401828E+01   0.0000000E+00
   5.6735567E+01   0.0000000E+00
   5.7069305E+01   0.0000000E+00
   5.7403044E+01   0.0000000E+00
   5.7736783E+01   0.0000000E+00
   5.8070521E+01   0.0000000E+00
   5.8404260E+01   0.0000000E+00
   5.8737998E+01   0.0000000E+00
   5.9071737E+01   0.0000000E+00
   5.9405475E+01   0.0000000E+00
   5.9739214E+01   0.0000000E+00
   6.0072953E+01   0.0000000E+00
   6.0406691E+01   0.0000000E+00
   6.0740430E+01   0.0000000E+00
   6.1074168E+01   0.0000000E+00
   6.1407907E+01   0.0000000E+00
   6.1741646E+01   0.0000000E+00
   6.2075384E+01   0.0000000E+00
   6.2409123E+01   0.0000000E+00
   6.2742861E+01   0.0000000E+00
   6.3076600E+01   0.0000000E+00
   6.3410339E+01   0.0000000E+00
   6.3744077E+01   0.0000000E+00
   6.4077816E+01   0.0000000E+00
   6.4411554E+01   0.0000000E+00
   6.4745293E+01   0.0000000E+00
   6.5079032E+01   0.0000000E+00
   6.5412770E+01   0.0000000E+00
   6.5746509E+01   0.0000000E+00
   6.6080247E+01   0.0000000E+00
   6.6413986E+01   0.0000000E+00
   6.6747725E+01   0.0000000E+00
   6.7081463E+01   0.0000000E+00
   6.7415202E+01   0.0000000E+00
   6.7748940E+01   0.0000000E+00
   6.8082679E+01   0.0000000E+00
   6.8416418E+01   0.0000000E+00
   6.8750156E+01   0.0000000E+00
   6.9083895E+01   0.0000000E+00
   6.9417633E+01   0.0000000E+00
   6.9751372E+01   0.0000000E+00
   7.0085111E+01   0.0000000E+00
   7.0418849E+01   0.0000000E+00
   7.0752588E+01   0.0000000E+00
   7.1086326E+01   0.0000000E+00
   7.1420065E+01   0.0000000E+00
   7.1753804E+01   0.0000000E+00
   7.2087542E+01   0.0000000E+00
   7.2421281E+01   0.0000000E+00
   7.2755019E+01   0.0000000E+00
   7.3088758E+01   0.0000000E+00
   7.3422496E+01   0.0000000E+00
   7.3756235E+01   0.0000000E+00
   7.4089974E+01   0.0000000E+00
   7.4423712E+01   0.0000000E+00
   7.4757451E+01   0.0000000E+00
   7.5091189E+01   0.0000000E+00
   7.5424928E+01   0.0000000E+00
   7.5758667E+01   0.0000000E+00
   7.6092405E+01   0.0000000E+00
   7.6426144E+01   0.0000000E+00
   7.6759882E+01   0.0000000E+00
   7.7093621E+01   0.0000000E+00
   7.7427360E+01   0.0000000E+00
   7.7761098E+01   0.0000000E+00
   7.8094837E+01   0.0000000E+00
   7.8428575E+01   0.0000000E+00
   7.8762314E+01   0.0000000E+00
   7.9096053E+01   0.0000000E+00
   7.9429791E+01   0.0000000E+00
   7.9763530E+01   0.0000000E+00
   8.0097268E+01   0.0000000E+00
   8.0431007E+01   0.0000000E+00
   8.0764746E+01   0.0000000E+00
   8.1098484E+01   0.0000000E+00
   8.1432223E+01   0.0000000E+00
   8.1765961E+01   0.0000000E+00
   8.2099700E+01   0.0000000E+00
   8.2433439E+01   0.0000000E+00
   8.2767177E+01   0.0000000E+00
   8.3100916E+01   0.0000000E+00
   8.3434654E+01   0.0000000E+00
   8.3768393E+01   0.0000000E+00
   8.4102132E+01   0.0000000E+00
   8.4435870E+01   0.0000000E+00
   8.4769609E+01   0.0000000E+00
   8.5103347E+01   0.0000000E+00
   8.5437086E+01   0.0000000E+00
   8.5770825E+01   0.0000000E+00
   8.6104563E+01   0.0000000E+00
   8.6438302E+01   0.0000000E+00
   8.6772040E+01   0.0000000E+00
   8.7105779E+01   0.0000000E+00
   8.7439517E+01   0.0000000E+00
   8.7773256E+01   0.0000000E+00
   8.8106995E+01   0.0000000E+00
   8.8440733E+01   0.0000000E+00
   8.8774472E+01   0.0000000E+00
   8.9108210E+01   0.0000000E+00
   8.9441949E+01   0.0000000E+00
   8.9775688E+01   0.0000000E+00
   9.0109426E+01   0.0000000E+00
   9.0443165E+01   0.0000000E+00
   9.0776903E+01   0.0000000E+00
   9.1110642E+01   0.0000000E+00
   9.1444381E+01   0.0000000E+00
   9.1778119E+01   0.0000000E+00
   9.2111858E+01   0.0000000E+00
   9.2445596E+01   0.0000000E+00
   9.2779335E+01   0.0000000E+00
   9.3113074E+01   0.0000000E+00
   9.3446812E+01   0.0000000E+00
   9.3780551E+01   0.0000000E+00
   9.4114289E+01   0.0000000E+00
   9.4448028E+01   0.0000000E+00
   9.4781767E+01   0.0000000E+00
   9.5115505E+01   0.0000000E+00
   9.5449244E+01   0.0000000E+00
   9.5782982E+01   0.0000000E+00
   9.6116721E+01   0.0000000E+00
   9.6450460E+01   0.0000000E+00
   9.6784198E+01   0.0000000E+00
   9.7117937E+01   0.0000000E+00
   9.7451675E+01   0.0000000E+00
   9.7785414E+01   0.0000000E+00
   9.8119153E+01   0.0000000E+00
   9.8452891E+01   0.0000000E+00
   9.8786630E+01   0.0000000E+00
   9.9120368E+01   0.0000000E+00
   9.9454107E+01   0.0000000E+00
   9.9787846E+01   0.0000000E+00
   1.0012158E+02   0.0000000E+00
   1.0045532E+02   0.0000000E+00
   1.0078906E+02   0.0000000E+00
   1.0112280E+02   0.0000000E+00
   1.0145654E+02   0.0000000E+00
   1.0179028E+02   0.0000000E+00
   1.0212402E+02   0.0000000E+00
   1.0245775E+02   0.0000000E+00
   1.0279149E+02   0.0000000E+00
   1.0312523E+02   0.0000000E+00
   1.0345897E+02   0.0000000E+00
   1.0379271E+02   0.0000000E+00
   1.0412645E+02   0.0000000E+00
   1.0446019E+02   0.0000000E+00
   1.0479392E+02   0.0000000E+00
   1.0512766E+02   0.0000000E+00
   1.0546140E+02   0.0000000E+00
   1.0579514E+02   0.0000000E+00
   1.0612888E+02   0.0000000E+00
   1.0646262E+02   0.0000000E+00
   1.0679636E+02   0.0000000E+00
   1.0713009E+02   0.0000000E+00
   1.0746383E+02   0.0000000E+00
   1.0779757E+02   0.0000000E+00
   1.0813131E+02   0.0000000E+00
   1.0846505E+02   0.0000000E+00
   1.0879879E+02   0.0000000E+00
   1.0913253E+02   0.0000000E+00
   1.0946626E+02   0.0000000E+00
   1.0980000E+02   0.0000000E+00
   1.1013374E+02   0.0000000E+00
   1.1046748E+02   0.0000000E+00
   1.1080122E+02   0.0000000E+00
   1.1113496E+02   0.0000000E+00
   1.1146870E+02   0.0000000E+00
   1.1180243E+02   0.0000000E+00
   1.1213617E+02   0.0000000E+00
   1.1246991E+02   0.0000000E+00
   1.1280365E+02   0.0000000E+00
   1.1313739E+02   0.0000000E+00
   1.1347113E+02   0.0000000E+00
   1.1380487E+02   0.0000000E+00
   1.1413861E+02   0.0000000E+00
   1.1447234E+02   0.0000000E+00
   1.1480608E+02   0.0000000E+00
   1.1513982E+02   0.0000000E+00
   1.1547356E+02   0.0000000E+00
   1.1580730E+02   0.0000000E+00
   1.1614104E+02   0.0000000E+00
   1.1647478E+02   0.0000000E+00
   1.1680851E+02   0.0000000E+00
   1.1714225E+02   0.0000000E+00
   1.1747599E+02   0.0000000E+00
   1.1780973E+02   0.0000000E+00
   1.1814347E+02   0.0000000E+00
   1.1847721E+02   0.0000000E+00
   1.1881095E+02   0.0000000E+00
   1.1914468E+02   0.0000000E+00
   1.1947842E+02   0.0000000E+00
   1.1981216E+02   0.0000000E+00
   1.2014590E+02   0.0000000E+00
   1.2047964E+02   0.0000000E+00
   1.2081338E+02   0.0000000E+00
   1.2114712E+02   0.0000000E+00
   1.2148085E+02   0.0000000E+00
   1.2181459E+02   0.0000000E+00
   1.2214833E+02   0.0000000E+00
   1.2248207E+02   0.0000000E+00
   1.2281581E+02   0.0000000E+00
   1.2314955E+02   0.0000000E+00
   1.2348329E+02   0.0000000E+00
   1.2381702E+02   0.0000000E+00
   1.2415076E+02   0.0000000E+00
   1.2448450E+02   0.0000000E+00
   1.2481824E+02   0.0000000E+00
   1.2515198E+02   0.0000000E+00
   1.2548572E+02   0.0000000E+00
   1.2581946E+02   0.0000000E+00
   1.2615319E+02   0.0000000E+00
   1.2648693E+02   0.0000000E+00
   1.2682067E+02   0.0000000E+00
   1.2715441E+02   0.0000000E+00
   1.2748815E+02   0.0000000E+00
   1.2782189E+02   0.0000000E+00
   1.2815563E+02   0.0000000E+00
   1.2848936E+02   0.0000000E+00
   1.2882310E+02   0.0000000E+00
   1.2915684E+02   0.0000000E+00
   1.2949058E+02   0.0000000E+00
   1.2982432E+02   0.0000000E+00
   1.3015806E+02   0.0000000E+00
   1.3049180E+02   0.0000000E+00
   1.3082553E+02   0.0000000E+00
   1.3115927E+02   0.0000000E+00
   1.3149301E+02   0.0000000E+00
   1.3182675E+02   0.0000000E+00
   1.3216049E+02   0.0000000E+00
   1.3249423E+02   0.0000000E+00
   1.3282797E+02   0.0000000E+00
   1.3316171E+02   0.0000000E+00
   1.3349544E+02   0.0000000E+00
   1.3382918E+02   0.0000000E+00
   1.3416292E+02   0.0000000E+00
   1.3449666E+02   0.0000000E+00
   1.3483040E+02   0.0000000E+00
   1.3516414E+02   0.0000000E+00
   1.3549788E+02   0.0000000E+00
   1.3583161E+02   0.0000000E+00
   1.3616535E+02   0.0000000E+00
   1.3649909E+02   0.0000000E+00
   1.3683283E+02   0.0000000E+00
   1.3716657E+02   0.0000000E+00
   1.3750031E+02   0.0000000E+00
   1.3783405E+02   0.0000000E+00
   1.3816778E+02   0.0000000E+00
   1.3850152E+02   0.0000000E+00
   1.3883526E+02   0.0000000E+00
   1.3916900E+02   0.0000000E+00
   1.3950274E+02   0.0000000E+00
   1.3983648E+02   0.0000000E+00
   1.4017022E+02   0.0000000E+00
   1.4050395E+02   0.0000000E+00
   1.4083769E+02   0.0000000E+00
   1.4117143E+02   0.0000000E+00
   1.4150517E+02   0.0000000E+00
   1.4183891E+02   0.0000000E+00
   1.4217265E+02   0.0000000E+00
   1.4250639E+02   0.0000000E+00
   1.4284012E+02   0.0000000E+00
   1.4317386E+02   0.0000000E+00
   1.4350760E+02   0.0000000E+00
   1.4384134E+02   0.0000000E+00
   1.4417508E+02   0.0000000E+00
   1.4450882E+02   0.0000000E+00
   1.4484256E+02   0.0000000E+00
   1.4517629E+02   0.0000000E+00
   1.4551003E+02   0.0000000E+00
   1.4584377E+02   0.0000000E+00
   1.4617751E+02   0.0000000E+00
   1.4651125E+02  -1.4012985E-45
   1.4684499E+02  -4.2038954E-45
   1.4717873E+02  -4.2038954E-45
   1.4751246E+02  -8.4077908E-45
   1.4784620E+02  -1.4012985E-44
   1.4817994E+02  -1.6815582E-44
   1.4851368E+02  -1.9618179E-44
   1.4884742E+02  -2.2420775E-44
   1.4918116E+02  -2.1019477E-44
   1.4951490E+02  -1.6815582E-44
   1.4984863E+02  -8.4077908E-45
   1.5018237E+02   0.0000000E+00
   1.5051611E+02   1.2611686E-44
   1.5084985E+02   2.5223372E-44
   1.5118359E+02   3.2229865E-44
   1.5151733E+02   3.6433760E-44
   1.5185107E+02   3.7835059E-44
   1.5218480E+02   2.6624671E-44
   1.5251854E+02   5.6051939E-45
   1.5285228E+02  -1.5414283E-44
   1.5318602E+02  -4.6242849E-44
   1.5351976E+02  -7.1466222E-44
   1.5385350E+02  -9.3886997E-44
   1.5418724E+02  -1.0930128E-43
   1.5452098E+02  -1.1490647E-43
   1.5485471E+02  -1.0509738E-43
   1.5518845E+02  -7.7071416E-44
   1.5552219E+02  -3.0828566E-44
   1.5585593E+02   2.5223372E-44
   1.5618967E+02   9.1084400E-44
   1.5652341E+02   1.5274153E-43
   1.5685715E+02   2.0879347E-43
   1.5719088E+02   2.3681944E-43
   1.5752462E+02   2.3541814E-43
   1.5785836E+02   1.9618179E-43
   1.5819210E+02   1.2051167E-43
   1.5852584E+02   2.8025969E-45
   1.5885958E+02  -1.3312335E-43
   1.5919332E+02  -2.8025969E-43
   1.5952705E+02  -4.1338305E-43
   1.5986079E+02  -5.0446745E-43
   1.6019453E+02  -5.3249342E-43
   1.6052827E+02  -4.8204667E-43
   1.6086201E+02  -3.3771293E-43
   1.6119575E+02  -1.1210388E-43
   1.6152949E+02   1.8076750E-43
   1.6186322E+02   5.1147394E-43
   1.6219696E+02   8.3237129E-43
   1.6253070E+02   1.0916115E-42
   1.6286444E+02   1.2331426E-42
   1.6319818E+02   1.2051167E-42
   1.6353192E+02   9.8791542E-43
   1.6386566E+02   5.7313107E-43
   1.6419939E+02  -2.1019477E-44
   1.6453313E+02  -7.3428040E-43
   1.6486687E+02  -1.4811725E-42
   1.6520061E+02  -2.1467892E-42
   1.6553435E+02  -2.6232307E-42
   1.6586809E+02  -2.7927878E-42
   1.6620183E+02  -2.5699814E-42
   1.6653556E+02  -1.9141737E-42
   1.6686930E+02  -8.4358168E-43
   1.6720304E+02   5.5771679E-43
   1.6753678E+02   2.1425854E-42
   1.6787052E+02   3.7008292E-42
   1.6820426E+02   4.9858199E-42
   1.6853800E+02   5.7495276E-42
   1.6887173E+02   5.7747510E-42
   1.6920547E+02   4.9087485E-42
   1.6953921E+02   3.1234943E-42
   1.6987295E+02   5.1567783E-43
   1.7020669E+02  -2.6736775E-42
   1.7054043E+02  -6.0634185E-42
   1.7087417E+02  -9.1743010E-42
   1.7120790E+02  -1.1478036E-41
   1.7154164E+02  -1.2468754E-41
   1.7187538E+02  -1.1751289E-41
   1.7220912E+02  -9.1056374E-42
   1.7254286E+02  -4.5878512E-42
   1.7287660E+02   1.4685608E-42
   1.7321034E+02   8.4288103E-42
   1.7354408E+02   1.5394665E-41
   1.7387781E+02   2.1313750E-41
   1.7421155E+02   2.5084644E-41
   1.7454529E+02   2.5751662E-41
   1.7487903E+02   2.2629569E-41
   1.7521277E+02   1.5510973E-41
   1.7554651E+02   4.7307836E-42
   1.7588025E+02  -8.7497076E-42
   1.7621398E+02  -2.3390474E-41
   1.7654772E+02  -3.7201672E-41
   1.7688146E+02  -4.7956637E-41
   1.7721520E+02  -5.3488964E-41
   1.7754894E+02  -5.2026008E-41
   1.7788268E+02  -4.2543421E-41
   1.7821642E+02  -2.5028592E-41
   1.7855015E+02  -6.6281417E-43
   1.7888389E+02   2.8121258E-41
   1.7921763E+02   5.7814772E-41
   1.7955137E+02   8.4152177E-41
   1.7988511E+02   1.0261989E-40
   1.8021885E+02   1.0908688E-40
   1.8055259E+02   1.0048711E-40
   1.8088632E+02   7.5472534E-41
   1.8122006E+02   3.4879720E-41
   1.8155380E+02  -1.7980061E-41
   1.8188754E+02  -7.7411931E-41
   1.8222128E+02  -1.3576901E-40
   1.8255502E+02  -1.8423011E-40
   1.8288876E+02  -2.1394745E-40
   1.8322249E+02  -2.1729935E-40
   1.8355623E+02  -1.8926638E-40
   1.8388997E+02  -1.2859856E-40
   1.8422371E+02  -3.8623990E-41
   1.8455745E+02   7.2428914E-41
   1.8489119E+02   1.9186018E-40
   1.8522493E+02   3.0357730E-40
   1.8555866E+02   3.8989869E-40
   1.8589240E+02   4.3387564E-40
   1.8622614E+02   4.2191695E-40
   1.8655988E+02   3.4631130E-40
   1.8689362E+02   2.0735574E-40
   1.8722736E+02   1.4653378E-41
   1.8756110E+02  -2.1275494E-40
   1.8789483E+02  -4.4757333E-40
   1.8822857E+02  -6.5687687E-40
   1.8856231E+02  -8.0594700E-40
   1.8889605E+02  -8.6304431E-40
   1.8922979E+02  -8.0448965E-40
   1.8956353E+02  -6.1944399E-40
   1.8989727E+02  -3.1361060E-40
   1.9023100E+02   8.8867546E-41
   1.9056474E+02   5.4585059E-40
   1.9089848E+02   1.0003337E-39
   1.9123222E+02   1.3862191E-39
   1.9156596E+02   1.6363607E-39
   1.9189970E+02   1.6920763E-39
   1.9223344E+02   1.5129932E-39
   1.9256718E+02   1.0858872E-39
   1.9290091E+02   4.3103520E-40
   1.9323465E+02  -3.9516757E-40
   1.9356839E+02  -1.3023612E-39
   1.9390213E+02  -2.1736087E-39
   1.9423587E+02  -2.8777794E-39
   1.9456961E+02  -3.2860155E-39
   1.9490335E+02  -3.2905473E-39
   1.9523708E+02  -2.8236052E-39
   1.9557082E+02  -1.8737056E-39
   1.9590456E+02  -4.9657253E-40
   1.9623830E+02   1.1817192E-39
   1.9657204E+02   2.9711311E-39
   1.9690578E+02   4.6341991E-39
   1.9723952E+02   5.9120712E-39
   1.9757325E+02   6.5578624E-39
   1.9790699E+02   6.3738047E-39
   1.9824073E+02   5.2475923E-39
   1.9857447E+02   3.1825282E-39
   1.9890821E+02   3.1629548E-40
   1.9924195E+02  -3.0762719E-39
   1.9957569E+02  -6.5994473E-39
   1.9990942E+02  -9.7727143E-39
   2.0024316E+02  -1.2084899E-38
   2.0057690E+02  -1.3061733E-38
   2.0091064E+02  -1.2339394E-38
   2.0124438E+02  -9.7347434E-39
   2.0157812E+02  -5.3016474E-39
   2.0191186E+02   6.3679767E-40
   2.0224559E+02   7.4888851E-39
   2.0257933E+02   1.4433050E-38
   2.0291307E+02   2.0495774E-38
   2.0324681E+02   2.4664198E-38
   2.0358055E+02   2.6023360E-38
   2.0391429E+02   2.3902724E-38
   2.0424803E+02   1.8013019E-38
   2.0458176E+02   8.5520503E-39
   2.0491550E+02  -3.7404972E-39
   2.0524924E+02  -1.7595890E-38
   2.0558298E+02  -3.1306499E-38
   2.0591672E+02  -4.2893718E-38
   2.0625046E+02  -5.0343049E-38
   2.0658420E+02  -5.1884611E-38
   2.0691793E+02  -4.6286968E-38
   2.0725167E+02  -3.3124835E-38
   2.0758541E+02  -1.2978079E-38
   2.0791915E+02   1.2478068E-38
   2.0825289E+02   4.0523281E-38
   2.0858663E+02   6.7599938E-38
   2.0892037E+02   8.9676168E-38
   2.0925410E+02   1.0273915E-37
   2.0958784E+02   1.0337119E-37
   2.0992158E+02   8.9340333E-38
   2.1025532E+02   6.0124218E-38
   2.1058906E+02   1.7280179E-38
   2.1092280E+02  -3.5417365E-38
   2.1125654E+02  -9.2132874E-38
   2.1159027E+02  -1.4544752E-37
   2.1192401E+02  -1.8714646E-37
   2.1225775E+02  -2.0925684E-37
   2.1259149E+02  -2.0523146E-37
   2.1292523E+02  -1.7113365E-37
   2.1325897E+02  -1.0665382E-37
   2.1359271E+02  -1.5782373E-38
   2.1392645E+02   9.3017413E-38
   2.1426018E+02   2.0724852E-37
   2.1459392E+02   3.1147461E-37
   2.1492766E+02   3.8902691E-37
   2.1526140E+02   4.2418439E-37
   2.1559514E+02   4.0459531E-37
   2.1592888E+02   3.2363499E-37
   2.1626262E+02   1.8234794E-37
   2.1659635E+02  -9.3773044E-39
   2.1693009E+02  -2.3270274E-37
   2.1726383E+02  -4.6100563E-37
   2.1759757E+02  -6.6236598E-37
   2.1793131E+02  -8.0324625E-37
   2.1826505E+02  -8.5303948E-37
   2.1859879E+02  -7.8897920E-37
   2.1893252E+02  -6.0076333E-37
   2.1926626E+02  -2.9417965E-37
   2.1960000E+02   1.0696992E-37
   2.1993374E+02   5.6120950E-37
   2.2026748E+02   1.0123394E-36
   2.2060122E+02   1.3950140E-36
   2.2093496E+02   1.6425966E-36
   2.2126869E+02   1.6965392E-36
   2.2160243E+02   1.5161972E-36
   2.2193617E+02   1.0877335E-36
   2.2226991E+02   4.3066565E-37
   2.2260365E+02  -3.9928634E-37
   2.2293739E+02  -1.3120964E-36
   2.2327113E+02  -2.1906041E-36
   2.2360486E+02  -2.9028128E-36
   2.2393860E+02  -3.3184122E-36
   2.2427234E+02  -3.3278418E-36
   2.2460608E+02  -2.8615693E-36
   2.2493982E+02  -1.9068324E-36
   2.2527356E+02  -5.1899898E-37
   2.2560730E+02   1.1750074E-36
   2.2594103E+02   2.9830305E-36
   2.2627477E+02   4.6644791E-36
   2.2660851E+02   5.9569130E-36
   2.2694225E+02   6.6102057E-36
   2.2727599E+02   6.4246133E-36
   2.2760973E+02   5.2878818E-36
   2.2794347E+02   3.2058918E-36
   2.2827720E+02   3.2132747E-37
   2.2861094E+02  -3.0843041E-36
   2.2894468E+02  -6.6083166E-36
   2.2927842E+02  -9.7648733E-36
   2.2961216E+02  -1.2041229E-35
   2.2994590E+02  -1.2967063E-35
   2.3027964E+02  -1.2189040E-35
   2.3061337E+02  -9.5406993E-36
   2.3094711E+02  -5.0968159E-36
   2.3128085E+02   7.9811754E-37
   2.3161459E+02   7.5356004E-36
   2.3194833E+02   1.4287744E-35
   2.3228207E+02   2.0090662E-35
   2.3261581E+02   2.3960883E-35
   2.3294955E+02   2.5033326E-35
   2.3328328E+02   2.2704462E-35
   2.3361702E+02   1.6760871E-35
   2.3395076E+02   7.4723645E-36
   2.3428450E+02  -4.3693787E-36
   2.3461824E+02  -1.7480911E-35
   2.3495198E+02  -3.0192521E-35
   2.3528572E+02  -4.0625860E-35
   2.3561945E+02  -4.6929741E-35
   2.3595319E+02  -4.7549389E-35
   2.3628693E+02  -4.1495820E-35
   2.3662067E+02  -2.8576635E-35
   2.3695441E+02  -9.5492020E-36
   2.3728815E+02   1.3838088E-35
   2.3762189E+02   3.8939903E-35
   2.3795562E+02   6.2451053E-35
   2.3828936E+02   8.0775093E-35
   2.3862310E+02   9.0492075E-35
   2.3895684E+02   8.8874008E-35
   2.3929058E+02   7.4381787E-35
   2.3962432E+02   4.7069460E-35
   2.3995806E+02   8.8239778E-36
   2.4029179E+02  -3.6619505E-35
   2.4062553E+02  -8.3923466E-35
   2.4095927E+02  -1.2666018E-34
   2.4129301E+02  -1.5805814E-34
   2.4162675E+02  -1.7191210E-34
   2.4196049E+02  -1.6355244E-34
   2.4229423E+02  -1.3074463E-34
   2.4262796E+02  -7.4379704E-35
   2.4296170E+02   1.1736132E-36
   2.4329544E+02   8.8157496E-35
   2.4362918E+02   1.7600831E-34
   2.4396292E+02   2.5242683E-34
   2.4429666E+02   3.0485762E-34
   2.4463040E+02   3.2222839E-34
   2.4496413E+02   2.9674326E-34
   2.4529787E+02   2.2548227E-34
   2.4563161E+02   1.1155271E-34
   2.4596535E+02  -3.5439748E-35
   2.4629909E+02  -1.9976732E-34
   2.4663283E+02  -3.6087890E-34
   2.4696657E+02  -4.9557501E-34
   2.4730030E+02  -5.8088270E-34
   2.4763404E+02  -5.9732902E-34
   2.4796778E+02  -5.3220984E-34
   2.4830152E+02  -3.8239350E-34
   2.4863526E+02  -1.5619310E-34
   2.4896900E+02   1.2609241E-34
   2.4930274E+02   4.3324323E-34
   2.4963647E+02   7.2587658E-34
   2.4997021E+02   9.6076037E-34
   2.5030395E+02   1.0963063E-33
   2.5063769E+02   1.0986433E-33
   2.5097143E+02   9.4750851E-34
   2.5130517E+02   6.4109901E-34
   2.5163891E+02   1.9905592E-34
   2.5197264E+02  -3.3711171E-34
   2.5230638E+02  -9.0659607E-34
   2.5264012E+02  -1.4349310E-33
   2.5297386E+02  -1.8423633E-33
   2.5330760E+02  -2.0541848E-33
   2.5364134E+02  -2.0118707E-33
   2.5397508E+02  -1.6835906E-33
   2.5430882E+02  -1.0725383E-33
   2.5464255E+02  -2.2160929E-34
   2.5497629E+02   7.8675185E-34
   2.5531003E+02   1.8362078E-33
   2.5564377E+02   2.7876948E-33
   2.5597751E+02   3.4953449E-33
   2.5631125E+02   3.8256467E-33
   2.5664499E+02   3.6776476E-33
   2.5697872E+02   3.0015789E-33
   2.5731246E+02   1.8130845E-33
   2.5764620E+02   2.0049741E-34
   2.5797994E+02  -1.6768526E-33
   2.5831368E+02  -3.6003125E-33
   2.5864742E+02  -5.3133799E-33
   2.5898116E+02  -6.5514113E-33
   2.5931489E+02  -7.0766486E-33
   2.5964863E+02  -6.7145200E-33
   2.5998237E+02  -5.3864160E-33
   2.6031611E+02  -3.1339947E-33
   2.6064985E+02  -1.3049672E-34
   2.6098359E+02   3.3242694E-33
   2.6131733E+02   6.8268443E-33
   2.6165106E+02   9.9103100E-33
   2.6198480E+02   1.2098671E-32
   2.6231854E+02   1.2969992E-32
   2.6265228E+02   1.2220940E-32
   2.6298602E+02   9.7241859E-33
   2.6331976E+02   5.5698978E-33
   2.6365350E+02   8.3596199E-35
   2.6398723E+02  -6.1852911E-33
   2.6432097E+02  -1.2506562E-32
   2.6465471E+02  -1.8042553E-32
   2.6498845E+02  -2.1945786E-32
   2.6532219E+02  -2.3471134E-32
   2.6565593E+02  -2.2089337E-32
   2.6598967E+02  -1.7586838E-32
   2.6632340E+02  -1.0136712E-32
   2.6665714E+02  -3.2741963E-34
   2.6699088E+02   1.0860119E-32
   2.6732462E+02   2.2130800E-32
   2.6765836E+02   3.2005793E-32
   2.6799210E+02   3.8994609E-32
   2.6832584E+02   4.1791228E-32
   2.6865957E+02   3.9471378E-32
   2.6899331E+02   3.1664738E-32
   2.6932705E+02   1.8676056E-32
   2.6966079E+02   1.5324299E-33
   2.6999453E+02  -1.8058907E-32
   2.7032827E+02  -3.7848185E-32
   2.7066201E+02  -5.5269952E-32
   2.7099574E+02  -6.7740519E-32
   2.7132948E+02  -7.2995454E-32
   2.7166322E+02  -6.9427682E-32
   2.7199696E+02  -5.6381446E-32
   2.7233070E+02  -3.4358001E-32
   2.7266444E+02  -5.0946866E-33
   2.7299818E+02   2.8508603E-32
   2.7333192E+02   6.2624767E-32
   2.7366565E+02   9.2885653E-32
   2.7399939E+02   1.1488669E-31
   2.7433313E+02   1.2475799E-31
   2.7466687E+02   1.1973507E-31
   2.7500061E+02   9.8654186E-32
   2.7533435E+02   6.2297839E-32
   2.7566809E+02   1.3527421E-32
   2.7600182E+02  -4.2840413E-32
   2.7633556E+02  -1.0042756E-31
   2.7666930E+02  -1.5193956E-31
   2.7700304E+02  -1.9000662E-31
   2.7733678E+02  -2.0813423E-31
   2.7767052E+02  -2.0165074E-31
   2.7800426E+02  -1.6852870E-31
   2.7833799E+02  -1.0995605E-31
   2.7867173E+02  -3.0554548E-32
   2.7900547E+02   6.1824902E-32
   2.7933921E+02   1.5675210E-31
   2.7967295E+02   2.4227884E-31
   2.8000669E+02   3.0631944E-31
   2.8034043E+02   3.3820764E-31
   2.8067416E+02   3.3024428E-31
   2.8100790E+02   2.7903354E-31
   2.8134164E+02   1.8640785E-31
   2.8167538E+02   5.9773435E-32
   2.8200912E+02  -8.8233335E-32
   2.8234286E+02  -2.4081217E-31
   2.8267660E+02  -3.7872881E-31
   2.8301033E+02  -4.8255567E-31
   2.8334407E+02  -5.3518669E-31
   2.8367781E+02  -5.2432606E-31
   2.8401155E+02  -4.4462195E-31
   2.8434529E+02  -2.9912349E-31
   2.8467903E+02  -9.9796332E-32
   2.8501277E+02   1.3307687E-31
   2.8534650E+02   3.7265517E-31
   2.8568024E+02   5.8835317E-31
   2.8601398E+02   7.4945589E-31
   2.8634772E+02   8.2914604E-31
   2.8668146E+02   8.0845724E-31
   2.8701520E+02   6.7962344E-31
   2.8734894E+02   4.4831342E-31
   2.8768267E+02   1.3433439E-31
   2.8801641E+02  -2.2945991E-31
   2.8835015E+02  -6.0010740E-31
   2.8868389E+02  -9.2914008E-31
   2.8901763E+02  -1.1684188E-30
   2.8935137E+02  -1.2765686E-30
   2.8968511E+02  -1.2252208E-30
   2.9001884E+02  -1.0042132E-30
   2.9035258E+02  -6.2494475E-31
   2.9068632E+02  -1.2122584E-31
   2.9102006E+02   4.5275952E-31
   2.9135380E+02   1.0274380E-30
   2.9168754E+02   1.5254370E-30
   2.9202128E+02   1.8710658E-30
   2.9235501E+02   2.0006357E-30
   2.9268875E+02   1.8723364E-30
   2.9302249E+02   1.4743081E-30
   2.9335623E+02   8.2962526E-31
   2.9368997E+02  -2.8182242E-33
   2.9402371E+02  -9.3210326E-31
   2.9435745E+02  -1.8437862E-30
   2.9469119E+02  -2.6125074E-30
   2.9502492E+02  -3.1175002E-30
   2.9535866E+02  -3.2592584E-30
   2.9569240E+02  -2.9752977E-30
   2.9602614E+02  -2.2527905E-30
   2.9635988E+02  -1.1360611E-30
   2.9669362E+02   2.7264724E-31
   2.9702736E+02   1.8200089E-30
   2.9736109E+02   3.3160019E-30
   2.9769483E+02   4.5548202E-30
   2.9802857E+02   5.3402784E-30
   2.9836231E+02   5.5128688E-30
   2.9869605E+02   4.9751029E-30
   2.9902979E+02   3.7115815E-30
   2.9936353E+02   1.8005844E-30
   2.9969726E+02  -5.8533769E-31
   3.0003100E+02  -3.1910515E-30
   3.0036474E+02  -5.7026921E-30
   3.0069848E+02  -7.7818900E-30
   3.0103222E+02  -9.1070802E-30
   3.0136596E+02  -9.4172746E-30
   3.0169970E+02  -8.5528548E-30
   3.0203343E+02  -6.4877448E-30
   3.0236717E+02  -3.3478211E-30
   3.0270091E+02   5.8835364E-31
   3.0303465E+02   4.9084905E-30
   3.0336839E+02   9.1049241E-30
   3.0370213E+02   1.2629460E-29
   3.0403587E+02   1.4959396E-29
   3.0436960E+02   1.5667401E-29
   3.0470334E+02   1.4486549E-29
   3.0503708E+02   1.1361666E-29
   3.0537082E+02   6.4788705E-30
   3.0570456E+02   2.6720435E-31
   3.0603830E+02  -6.6307549E-30
   3.0637204E+02  -1.3418709E-29
   3.0670577E+02  -1.9232385E-29
   3.0703951E+02  -2.3242712E-29
   3.0737325E+02  -2.4765037E-29
   3.0770699E+02  -2.3360856E-29
   3.0804073E+02  -1.8918223E-29
   3.0837447E+02  -1.1698395E-29
   3.0870821E+02  -2.3393054E-30
   3.0904194E+02   8.1888412E-30
   3.0937568E+02   1.8674831E-29
   3.0970942E+02   2.7797458E-29
   3.1004316E+02   3.4283274E-29
   3.1037690E+02   3.7073372E-29
   3.1071064E+02   3.5478639E-29
   3.1104438E+02   2.9302320E-29
   3.1137811E+02   1.8911147E-29
   3.1171185E+02   5.2408345E-30
   3.1204559E+02  -1.0270903E-29
   3.1237933E+02  -2.5821930E-29
   3.1271307E+02  -3.9442799E-29
   3.1304681E+02  -4.9233546E-29
   3.1338055E+02  -5.3613231E-29
   3.1371429E+02  -5.1551331E-29
   3.1404802E+02  -4.2749367E-29
   3.1438176E+02  -2.7744787E-29
   3.1471550E+02  -7.9166434E-30
   3.1504924E+02   1.4616538E-29
   3.1538298E+02   3.7203321E-29
   3.1571672E+02   5.6953047E-29
   3.1605046E+02   7.1086363E-29
   3.1638419E+02   7.7302519E-29
   3.1671793E+02   7.4117235E-29
   3.1705167E+02   6.1124996E-29
   3.1738541E+02   3.9144975E-29
   3.1771915E+02   1.0221702E-29
   3.1805289E+02  -2.2532435E-29
   3.1838663E+02  -5.5246167E-29
   3.1872036E+02  -8.3722877E-29
   3.1905410E+02  -1.0395314E-28
   3.1938784E+02  -1.1264682E-28
   3.1972158E+02  -1.0771711E-28
   3.2005532E+02  -8.8649881E-29
   3.2038906E+02  -5.6700509E-29
   3.2072280E+02  -1.4878408E-29
   3.2105653E+02   3.2296879E-29
   3.2139027E+02   7.9254906E-29
   3.2172401E+02   1.2000734E-28
   3.2205775E+02   1.4888648E-28
   3.2239149E+02   1.6130175E-28
   3.2272523E+02   1.5441748E-28
   3.2305897E+02   1.2765616E-28
   3.2339270E+02   8.2948599E-29
   3.2372644E+02   2.4676907E-29
   3.2406018E+02  -4.0706813E-29
   3.2439392E+02  -1.0536144E-28
   3.2472766E+02  -1.6097309E-28
   3.2506140E+02  -1.9980416E-28
   3.2539514E+02  -2.1574850E-28
   3.2572887E+02  -2.0525343E-28
   3.2606261E+02  -1.6797719E-28
   3.2639635E+02  -1.0707257E-28
   3.2673009E+02  -2.9030433E-29
   3.2706383E+02   5.6932265E-29
   3.2739757E+02   1.3989518E-28
   3.2773131E+02   2.0856550E-28
   3.2806504E+02   2.5276432E-28
   3.2839878E+02   2.6488427E-28
   3.2873252E+02   2.4111925E-28
   3.2906626E+02   1.8228584E-28
   3.2940000E+02   9.4088828E-29
   3.2973374E+02  -1.3248978E-29
   3.3006748E+02  -1.2599955E-28
   3.3040121E+02  -2.2850379E-28
   3.3073495E+02  -3.0514603E-28
   3.3106869E+02  -3.4249968E-28
   3.3140243E+02  -3.3137151E-28
   3.3173617E+02  -2.6846423E-28
   3.3206991E+02  -1.5739902E-28
   3.3240365E+02  -8.9042482E-30
   3.3273739E+02   1.5993007E-28
   3.3307112E+02   3.2732296E-28
   3.3340486E+02   4.6925895E-28
   3.3373860E+02   5.6248498E-28
   3.3407234E+02   5.8770075E-28
   3.3440608E+02   5.3254587E-28
   3.3473982E+02   3.9397526E-28
   3.3507356E+02   1.7965703E-28
   3.3540729E+02  -9.1878366E-29
   3.3574103E+02  -3.9247205E-28
   3.3607477E+02  -6.8692476E-28
   3.3640851E+02  -9.3673294E-28
   3.3674225E+02  -1.1046017E-27
   3.3707599E+02  -1.1592399E-27
   3.3740973E+02  -1.0798554E-27
   3.3774346E+02  -8.5976960E-28
   3.3807720E+02  -5.0861706E-28
   3.3841094E+02  -5.2752184E-29
   3.3874468E+02   4.6635118E-28
   3.3907842E+02   9.9566120E-28
   3.3941216E+02   1.4758423E-27
   3.3974590E+02   1.8476890E-27
   3.4007963E+02   2.0590523E-27
   3.4041337E+02   2.0714609E-27
   3.4074711E+02   1.8656206E-27
   3.4108085E+02   1.4450524E-27
   3.4141459E+02   8.3730892E-28
   3.4174833E+02   9.2475308E-29
   3.4208207E+02  -7.2104670E-28
   3.4241580E+02  -1.5231258E-27
   3.4274954E+02  -2.2302167E-27
   3.4308328E+02  -2.7645137E-27
   3.4341702E+02  -3.0628900E-27
   3.4375076E+02  -3.0845632E-27
   3.4408450E+02  -2.8165004E-27
   3.4441824E+02  -2.2758208E-27
   3.4475197E+02  -1.5087800E-27
   3.4508571E+02  -5.8632183E-28
   3.4541945E+02   4.0340066E-28
   3.4575319E+02   1.3647259E-27
   3.4608693E+02   2.2052930E-27
   3.4642067E+02   2.8466595E-27
   3.4675441E+02   3.2333833E-27
   3.4708814E+02   3.3393792E-27
   3.4742188E+02   3.1706427E-27
   3.4775562E+02   2.7638836E-27
   3.4808936E+02   2.1811047E-27
   3.4842310E+02   1.5007276E-27
   3.4875684E+02   8.0634122E-28
   3.4909058E+02   1.7453909E-28
   3.4942431E+02  -3.3648148E-28
   3.4975805E+02  -6.9589078E-28
   3.5009179E+02  -9.0530716E-28
   3.5042553E+02  -9.9899585E-28
   3.5075927E+02  -1.0387771E-27
   3.5109301E+02  -1.1039590E-27
   3.5142675E+02  -1.2773544E-27
   3.5176048E+02  -1.6290607E-27
   3.5209422E+02  -2.2002301E-27
   3.5242796E+02  -2.9892108E-27
   3.5276170E+02  -3.9424803E-27
   3.5309544E+02  -4.9522758E-27
   3.5342918E+02  -5.8622657E-27
   3.5376292E+02  -6.4815493E-27
   3.5409666E+02  -6.6062910E-27
   3.5443039E+02  -6.0470803E-27
   3.5476413E+02  -4.6592155E-27
   3.5509787E+02  -2.3722582E-27
   3.5543161E+02   7.8508743E-28
   3.5576535E+02   4.6686880E-27
   3.5609909E+02   9.0145793E-27
   3.5643283E+02   1.3448775E-26
   3.5676656E+02   1.7512034E-26
   3.5710030E+02   2.0698793E-26
   3.5743404E+02   2.2507443E-26
   3.5776778E+02   2.2497644E-26
   3.5810152E+02   2.0348992E-26
   3.5843526E+02   1.5914320E-26
   3.5876900E+02   9.2611030E-27
   3.5910273E+02   6.9472723E-28
   3.5943647E+02  -9.2411465E-27
   3.5977021E+02  -1.9789688E-26
   3.6010395E+02  -3.0031756E-26
   3.6043769E+02  -3.8959825E-26
   3.6077143E+02  -4.5569404E-26
   3.6110517E+02  -4.8960199E-26
   3.6143890E+02  -4.8437113E-26
   3.6177264E+02  -4.3600644E-26
   3.6210638E+02  -3.4416060E-26
   3.6244012E+02  -2.1252595E-26
   3.6277386E+02  -4.8855173E-27
   3.6310760E+02   1.3541708E-26
   3.6344134E+02   3.2594719E-26
   3.6377507E+02   5.0660324E-26
   3.6410881E+02   6.6084203E-26
   3.6444255E+02   7.7322346E-26
   3.6477629E+02   8.3092013E-26
   3.6511003E+02   8.2506851E-26
   3.6544377E+02   7.5182043E-26
   3.6577751E+02   6.1297500E-26
   3.6611124E+02   4.1610493E-26
   3.6644498E+02   1.7414527E-26
   3.6677872E+02  -9.5536186E-27
   3.6711246E+02  -3.7251922E-26
   3.6744620E+02  -6.3503118E-26
   3.6777994E+02  -8.6181858E-26
   3.6811368E+02  -1.0340037E-25
   3.6844741E+02  -1.1367454E-25
   3.6878115E+02  -1.1605428E-25
   3.6911489E+02  -1.1020520E-25
   3.6944863E+02  -9.6433106E-26
   3.6978237E+02  -7.5650522E-26
   3.7011611E+02  -4.9288775E-26
   3.7044985E+02  -1.9165990E-26
   3.7078358E+02   1.2674409E-26
   3.7111732E+02   4.4137168E-26
   3.7145106E+02   7.3241988E-26
   3.7178480E+02   9.8267084E-26
   3.7211854E+02   1.1785561E-25
   3.7245228E+02   1.3107618E-25
   3.7278602E+02   1.3743535E-25
   3.7311976E+02   1.3684496E-25
   3.7345349E+02   1.2955408E-25
   3.7378723E+02   1.1605941E-25
   3.7412097E+02   9.7008672E-26
   3.7445471E+02   7.3115610E-26
   3.7478845E+02   4.5097751E-26
   3.7512219E+02   1.3650344E-26
   3.7545593E+02  -2.0542092E-26
   3.7578966E+02  -5.6756299E-26
   3.7612340E+02  -9.4151893E-26
   3.7645714E+02  -1.3167895E-25
   3.7679088E+02  -1.6798714E-25
   3.7712462E+02  -2.0135800E-25
   3.7745836E+02  -2.2967764E-25
   3.7779210E+02  -2.5046723E-25
   3.7812583E+02  -2.6098149E-25
   3.7845957E+02  -2.5837827E-25
   3.7879331E+02  -2.3995815E-25
   3.7912705E+02  -2.0346043E-25
   3.7946079E+02  -1.4739587E-25
   3.7979453E+02  -7.1392984E-26
   3.8012827E+02   2.3475941E-26
   3.8046200E+02   1.3442408E-25
   3.8079574E+02   2.5676528E-25
   3.8112948E+02   3.8385750E-25
   3.8146322E+02   5.0720132E-25
   3.8179696E+02   6.1671972E-25
   3.8213070E+02   7.0123616E-25
   3.8246444E+02   7.4915586E-25
   3.8279817E+02   7.4933582E-25
   3.8313191E+02   6.9211791E-25
   3.8346565E+02   5.7047255E-25
   3.8379939E+02   3.8117655E-25
   3.8413313E+02   1.2593061E-25
   3.8446687E+02  -1.8768879E-25
   3.8480061E+02  -5.4559173E-25
   3.8513434E+02  -9.2696156E-25
   3.8546808E+02  -1.3046041E-24
   3.8580182E+02  -1.6459594E-24
   3.8613556E+02  -1.9148305E-24
   3.8646930E+02  -2.0738445E-24
   3.8680304E+02  -2.0875768E-24
   3.8713678E+02  -1.9261865E-24
   3.8747051E+02  -1.5693372E-24
   3.8780425E+02  -1.0100782E-24
   3.8813799E+02  -2.5830807E-25
   3.8847173E+02   6.5661400E-25
   3.8880547E+02   1.6845683E-24
   3.8913921E+02   2.7550659E-24
   3.8947295E+02   3.7796973E-24
   3.8980668E+02   4.6568163E-24
   3.9014042E+02   5.2784853E-24
   3.9047416E+02   5.5394657E-24
   3.9080790E+02   5.3478242E-24
   3.9114164E+02   4.6363943E-24
   3.9147538E+02   3.3741683E-24
   3.9180912E+02   1.5764492E-24
   3.9214285E+02  -6.8751476E-25
   3.9247659E+02  -3.2907246E-24
   3.9281033E+02  -6.0496134E-24
   3.9314407E+02  -8.7311535E-24
   3.9347781E+02  -1.1066375E-23
   3.9381155E+02  -1.2770227E-23
   3.9414529E+02  -1.3567010E-23
   3.9447903E+02  -1.3219894E-23
   3.9481276E+02  -1.1562211E-23
   3.9514650E+02  -8.5275548E-24
   3.9548024E+02  -4.1752964E-24
   3.9581398E+02   1.2922648E-24
   3.9614772E+02   7.5245284E-24
   3.9648146E+02   1.4032035E-23
   3.9681520E+02   2.0212544E-23
   3.9714893E+02   2.5394199E-23
   3.9748267E+02   2.8894236E-23
   3.9781641E+02   3.0089720E-23
   3.9815015E+02   2.8494669E-23
   3.9848389E+02   2.3836025E-23
   3.9881763E+02   1.6119600E-23
   3.9915137E+02   5.6766289E-24
   3.9948510E+02  -6.8179331E-24
   3.9981884E+02  -2.0362824E-23
   4.0015258E+02  -3.3687762E-23
   4.0048632E+02  -4.5351329E-23
   4.0082006E+02  -5.3874902E-23
   4.0115380E+02  -5.7903489E-23
   4.0148754E+02  -5.6378930E-23
   4.0182127E+02  -4.8707150E-23
   4.0215501E+02  -3.4898525E-23
   4.0248875E+02  -1.5660075E-23
   4.0282249E+02   7.5798694E-24
   4.0315623E+02   3.2728630E-23
   4.0348997E+02   5.7174575E-23
   4.0382371E+02   7.8017946E-23
   4.0415744E+02   9.2373025E-23
   4.0449118E+02   9.7716566E-23
   4.0482492E+02   9.2247211E-23
   4.0515866E+02   7.5213520E-23
   4.0549240E+02   4.7164895E-23
   4.0582614E+02   1.0081762E-23
   4.0615988E+02  -3.2650915E-23
   4.0649361E+02  -7.6449173E-23
   4.0682735E+02  -1.1591829E-22
   4.0716109E+02  -1.4540486E-22
   4.0749483E+02  -1.5967047E-22
   4.0782857E+02  -1.5462211E-22
   4.0816231E+02  -1.2801610E-22
   4.0849605E+02  -8.0042662E-23
   4.0882978E+02  -1.3696301E-23
   4.0916352E+02   6.5150034E-23
   4.0949726E+02   1.4802647E-22
   4.0983100E+02   2.2452718E-22
   4.1016474E+02   2.8333011E-22
   4.1049848E+02   3.1350597E-22
   4.1083222E+02   3.0599750E-22
   4.1116595E+02   2.5510964E-22
   4.1149969E+02   1.5981963E-22
   4.1183343E+02   2.4711617E-23
   4.1216717E+02  -1.3965085E-22
   4.1250091E+02  -3.1705494E-22
   4.1283465E+02  -4.8674954E-22
   4.1316839E+02  -6.2532724E-22
   4.1350213E+02  -7.0926542E-22
   4.1383586E+02  -7.1791452E-22
   4.1416960E+02  -6.3662468E-22
   4.1450334E+02  -4.5963555E-22
   4.1483708E+02  -1.9231897E-22
   4.1517082E+02   1.4761897E-22
   4.1550456E+02   5.3030375E-22
   4.1583830E+02   9.1543226E-22
   4.1617203E+02   1.2556234E-21
   4.1650577E+02   1.5012199E-21
   4.1683951E+02   1.6061642E-21
   4.1717325E+02   1.5343782E-21
   4.1750699E+02   1.2659131E-21
   4.1784073E+02   8.0205212E-22
   4.1817447E+02   1.6854557E-22
   4.1850820E+02  -5.8373193E-22
   4.1884194E+02  -1.3812011E-21
   4.1917568E+02  -2.1332515E-21
   4.1950942E+02  -2.7409686E-21
   4.1984316E+02  -3.1082810E-21
   4.2017690E+02  -3.1544872E-21
   4.2051064E+02  -2.8267825E-21
   4.2084437E+02  -2.1111834E-21
   4.2117811E+02  -1.0401922E-21
   4.2151185E+02   3.0427907E-22
   4.2184559E+02   1.7938549E-21
   4.2217933E+02   3.2630470E-21
   4.2251307E+02   4.5248036E-21
   4.2284681E+02   5.3912260E-21
   4.2318054E+02   5.6975708E-21
   4.2351428E+02   5.3269414E-21
   4.2384802E+02   4.2325592E-21
   4.2418176E+02   2.4543329E-21
   4.2451550E+02   1.2664466E-22
   4.2484924E+02  -2.5250407E-21
   4.2518298E+02  -5.2000786E-21
   4.2551671E+02  -7.5509433E-21
   4.2585045E+02  -9.2221405E-21
   4.2618419E+02  -9.8962580E-21
   4.2651793E+02  -9.3421552E-21
   4.2685167E+02  -7.4591529E-21
   4.2718541E+02  -4.3106845E-21
   4.2751915E+02  -1.4110457E-22
   4.2785288E+02   4.6293280E-21
   4.2818662E+02   9.4342073E-21
   4.2852036E+02   1.3615490E-20
   4.2885410E+02   1.6499384E-20
   4.2918784E+02   1.7486786E-20
   4.2952158E+02   1.6148268E-20
   4.2985532E+02   1.2311272E-20
   4.3018905E+02   6.1262240E-21
   4.3052279E+02  -1.9011405E-21
   4.3085653E+02  -1.0921388E-20
   4.3119027E+02  -1.9802765E-20
   4.3152401E+02  -2.7242234E-20
   4.3185775E+02  -3.1919200E-20
   4.3219149E+02  -3.2677864E-20
   4.3252522E+02  -2.8717801E-20
   4.3285896E+02  -1.9767747E-20
   4.3319270E+02  -6.2158002E-21
   4.3352644E+02   1.0829365E-20
   4.3386018E+02   2.9566304E-20
   4.3419392E+02   4.7628785E-20
   4.3452766E+02   6.2313280E-20
   4.3486140E+02   7.0891556E-20
   4.3519513E+02   7.0979994E-20
   4.3552887E+02   6.0925245E-20
   4.3586261E+02   4.0156821E-20
   4.3619635E+02   9.4540726E-21
   4.3653009E+02  -2.8921630E-20
   4.3686383E+02  -7.1268835E-20
   4.3719757E+02  -1.1268366E-19
   4.3753130E+02  -1.4749271E-19
   4.3786504E+02  -1.6985475E-19
   4.3819878E+02  -1.7447827E-19
   4.3853252E+02  -1.5738034E-19
   4.3886626E+02  -1.1659447E-19
   4.3920000E+02  -5.2730331E-20
   4.3953374E+02   3.0707649E-20
   4.3986747E+02   1.2731667E-19
   4.4020121E+02   2.2815133E-19
   4.4053495E+02   3.2244356E-19
   4.4086869E+02   3.9864610E-19
   4.4120243E+02   4.4571340E-19
   4.4153617E+02   4.5449423E-19
   4.4186991E+02   4.1908033E-19
   4.4220364E+02   3.3794283E-19
   4.4253738E+02   2.1469493E-19
   4.4287112E+02   5.8345365E-20
   4.4320486E+02  -1.1704411E-19
   4.4353860E+02  -2.9332528E-19
   4.4387234E+02  -4.4980650E-19
   4.4420608E+02  -5.6525630E-19
   4.4453981E+02  -6.2018275E-19
   4.4487355E+02  -5.9915577E-19
   4.4520729E+02  -4.9291186E-19
   4.4554103E+02  -2.9998359E-19
   4.4587477E+02  -2.7622824E-20
   4.4620851E+02   3.0814763E-19
   4.4654225E+02   6.8343896E-19
   4.4687598E+02   1.0683387E-18
   4.4720972E+02   1.4295645E-18
   4.4754346E+02   1.7336970E-18
   4.4787720E+02   1.9506735E-18
   4.4821094E+02   2.0571688E-18
   4.4854468E+02   2.0394643E-18
   4.4887842E+02   1.8954339E-18
   4.4921215E+02   1.6353355E-18
   4.4954589E+02   1.2811930E-18
   4.4987963E+02   8.6469506E-19
   4.5021337E+02   4.2366867E-19
   4.5054711E+02  -2.6616604E-21
   4.5088085E+02  -3.7927865E-19
   4.5121459E+02  -6.8139458E-19
   4.5154832E+02  -9.0036304E-19
   4.5188206E+02  -1.0489735E-18
   4.5221580E+02  -1.1656541E-18
   4.5254954E+02  -1.3172306E-18
   4.5288328E+02  -1.6000572E-18
   4.5321702E+02  -2.1395271E-18
   4.5355076E+02  -3.0882104E-18
   4.5388450E+02  -4.6230438E-18
   4.5421823E+02  -6.9421695E-18
   4.5455197E+02  -1.0262171E-17
   4.5488571E+02  -1.4816418E-17
   4.5521945E+02  -2.0855275E-17
   4.5555319E+02  -2.8648775E-17
   4.5588693E+02  -3.8492218E-17
   4.5622067E+02  -5.0714900E-17
   4.5655440E+02  -6.5692137E-17
   4.5688814E+02  -8.3860219E-17
   4.5722188E+02  -1.0573394E-16
   4.5755562E+02  -1.3192610E-16
   4.5788936E+02  -1.6316814E-16
   4.5822310E+02  -2.0033158E-16
   4.5855684E+02  -2.4444831E-16
   4.5889057E+02  -2.9673062E-16
   4.5922431E+02  -3.5858907E-16
   4.5955805E+02  -4.3164897E-16
   4.5989179E+02  -5.1776292E-16
   4.6022553E+02  -6.1902285E-16
   4.6055927E+02  -7.3776744E-16
   4.6089301E+02  -8.7658508E-16
   4.6122674E+02  -1.0383119E-15
   4.6156048E+02  -1.2260174E-15
   4.6189422E+02  -1.4429794E-15
   4.6222796E+02  -1.6926377E-15
   4.6256170E+02  -1.9785218E-15
   4.6289544E+02  -2.3041448E-15
   4.6322918E+02  -2.6728540E-15
   4.6356291E+02  -3.0876350E-15
   4.6389665E+02  -3.5508453E-15
   4.6423039E+02  -4.0638968E-15
   4.6456413E+02  -4.6268285E-15
   4.6489787E+02  -5.2377866E-15
   4.6523161E+02  -5.8923635E-15
   4.6556535E+02  -6.5827801E-15
   4.6589908E+02  -7.2968297E-15
   4.6623282E+02  -8.0166087E-15
   4.6656656E+02  -8.7169025E-15
   4.6690030E+02  -9.3632276E-15
   4.6723404E+02  -9.9094046E-15
   4.6756778E+02  -1.0294602E-14
   4.6790152E+02  -1.0439727E-14
   4.6823525E+02  -1.0243004E-14
   4.6856899E+02  -9.5745945E-15
   4.6890273E+02  -8.2700756E-15
   4.6923647E+02  -6.1225354E-15
   4.6957021E+02  -2.8730714E-15
   4.6990395E+02   1.8006226E-15
   4.7023769E+02   8.2979447E-15
   4.7057142E+02   1.7111644E-14
   4.7090516E+02   2.8846998E-14
   4.7123890E+02   4.4244807E-14
   4.7157264E+02   6.4207855E-14
   4.7190638E+02   8.9832682E-14
   4.7224012E+02   1.2244676E-13
   4.7257386E+02   1.6365152E-13
   4.7290760E+02   2.1537351E-13
   4.7324133E+02   2.7992452E-13
   4.7357507E+02   3.6007029E-13
   4.7390881E+02   4.5911295E-13
   4.7424255E+02   5.8098480E-13
   4.7457629E+02   7.3035707E-13
   4.7491003E+02   9.1276986E-13
   4.7524377E+02   1.1347761E-12
   4.7557750E+02   1.4041135E-12
   4.7591124E+02   1.7299020E-12
   4.7624498E+02   2.1228670E-12
   4.7657872E+02   2.5956013E-12
   4.7691246E+02   3.1628632E-12
   4.7724620E+02   3.8419190E-12
   4.7757994E+02   4.6529252E-12
   4.7791367E+02   5.6193735E-12
   4.7824741E+02   6.7686104E-12
   4.7858115E+02   8.1323854E-12
   4.7891489E+02   9.7475205E-12
   4.7924863E+02   1.1656628E-11
   4.7958237E+02   1.3908964E-11
   4.7991611E+02   1.6561351E-11
   4.8024984E+02   1.9679230E-11
   4.8058358E+02   2.3337868E-11
   4.8091732E+02   2.7623664E-11
   4.8125106E+02   3.2635672E-11
   4.8158480E+02   3.8487248E-11
   4.8191854E+02   4.5307876E-11
   4.8225228E+02   5.3245311E-11
   4.8258601E+02   6.2467809E-11
   4.8291975E+02   7.3166743E-11
   4.8325349E+02   8.5559226E-11
   4.8358723E+02   9.9891449E-11
   4.8392097E+02   1.1644194E-10
   4.8425471E+02   1.3552548E-10
   4.8458845E+02   1.5749675E-10
   4.8492218E+02   1.8275548E-10
   4.8525592E+02   2.1175096E-10
   4.8558966E+02   2.4498736E-10
   4.8592340E+02   2.8302960E-10
   4.8625714E+02   3.2650974E-10
   4.8659088E+02   3.7613315E-10
   4.8692462E+02   4.3268672E-10
   4.8725835E+02   4.9704579E-10
   4.8759209E+02   5.7018268E-10
   4.8792583E+02   6.5317551E-10
   4.8825957E+02   7.4721795E-10
   4.8859331E+02   8.5362917E-10
   4.8892705E+02   9.7386388E-10
   4.8926079E+02   1.1095227E-09
   4.8959452E+02   1.2623668E-09
   4.8992826E+02   1.4343253E-09
   4.9026200E+02   1.6275108E-09
   4.9059574E+02   1.8442328E-09
   4.9092948E+02   2.0870059E-09
   4.9126322E+02   2.3585705E-09
   4.9159696E+02   2.6618989E-09
   4.9193069E+02   3.0002147E-09
   4.9226443E+02   3.3769996E-09
   4.9259817E+02   3.7960142E-09
   4.9293191E+02   4.2613006E-09
   4.9326565E+02   4.7772062E-09
   4.9359939E+02   5.3483857E-09
   4.9393313E+02   5.9798113E-09
   4.9426687E+02   6.6767916E-09
   4.9460060E+02   7.4449629E-09
   4.9493434E+02   8.2903089E-09
   4.9526808E+02   9.2191472E-09
   4.9560182E+02   1.0238156E-08
   4.9593556E+02   1.1354343E-08
   4.9626930E+02   1.2575059E-08
   4.9660304E+02   1.3907973E-08
   4.9693677E+02   1.5361081E-08
   4.9727051E+02   1.6942675E-08
   4.9760425E+02   1.8661307E-08
   4.9793799E+02   2.0525789E-08
   4.9827173E+02   2.2545160E-08
   4.9860547E+02   2.4728594E-08
   4.9893921E+02   2.7085434E-08
   4.9927294E+02   2.9625076E-08
   4.9960668E+02   3.2356947E-08
   4.9994042E+02   3.5290405E-08
   5.0027416E+02   3.8434710E-08
   5.0060790E+02   4.1798884E-08
   5.0094164E+02   4.5391694E-08
   5.0127538E+02   4.9221477E-08
   5.0160911E+02   5.3296080E-08
   5.0194285E+02   5.7622742E-08
   5.0227659E+02   6.2207953E-08
   5.0261033E+02   6.7057343E-08
   5.0294407E+02   7.2175538E-08
   5.0327781E+02   7.7565971E-08
   5.0361155E+02   8.3230816E-08
   5.0394528E+02   8.9170783E-08
   5.0427902E+02   9.5384955E-08
   5.0461276E+02   1.0187060E-07
   5.0494650E+02   1.0862306E-07
   5.0528024E+02   1.1563546E-07
   5.0561398E+02   1.2289880E-07
   5.0594772E+02   1.3040140E-07
   5.0628145E+02   1.3812912E-07
   5.0661519E+02   1.4606485E-07
   5.0694893E+02   1.5418865E-07
   5.0728267E+02   1.6247736E-07
   5.0761641E+02   1.7090467E-07
   5.0795015E+02   1.7944075E-07
   5.0828389E+02   1.8805237E-07
   5.0861762E+02   1.9670267E-07
   5.0895136E+02   2.0535120E-07
   5.0928510E+02   2.1395360E-07
   5.0961884E+02   2.2246175E-07
   5.0995258E+02   2.3082400E-07
   5.1028632E+02   2.3898460E-07
   5.1062006E+02   2.4688433E-07
   5.1095379E+02   2.5446016E-07
   5.1128753E+02   2.6164565E-07
   5.1162127E+02   2.6837085E-07
   5.1195501E+02   2.7456281E-07
   5.1228875E+02   2.8014512E-07
   5.1262249E+02   2.8503936E-07
   5.1295623E+02   2.8916386E-07
   5.1328997E+02   2.9243535E-07
   5.1362370E+02   2.9476885E-07
   5.1395744E+02   2.9607781E-07
   5.1429118E+02   2.9627495E-07
   5.1462492E+02   2.9527251E-07
   5.1495866E+02   2.9298295E-07
   5.1529240E+02   2.8931919E-07
   5.1562614E+02   2.8419592E-07
   5.1595987E+02   2.7752927E-07
   5.1629361E+02   2.6923789E-07
   5.1662735E+02   2.5924405E-07
   5.1696109E+02   2.4747328E-07
   5.1729483E+02   2.3385617E-07
   5.1762857E+02   2.1832862E-07
   5.1796231E+02   2.0083201E-07
   5.1829604E+02   1.8131482E-07
   5.1862978E+02   1.5973285E-07
   5.1896352E+02   1.3604975E-07
   5.1929726E+02   1.1023812E-07
   5.1963100E+02   8.2279847E-08
   5.1996474E+02   5.2166808E-08
   5.2029848E+02   1.9901336E-08
   5.2063221E+02  -1.4502957E-08
   5.2096595E+02  -5.1021047E-08
   5.2129969E+02  -8.9616009E-08
   5.2163343E+02  -1.3023839E-07
   5.2196717E+02  -1.7282626E-07
   5.2230091E+02  -2.1730474E-07
   5.2263465E+02  -2.6358603E-07
   5.2296838E+02  -3.1156927E-07
   5.2330212E+02  -3.6114051E-07
   5.2363586E+02  -4.1217285E-07
   5.2396960E+02  -4.6452664E-07
   5.2430334E+02  -5.1805000E-07
   5.2463708E+02  -5.7257847E-07
   5.2497082E+02  -6.2793686E-07
   5.2530455E+02  -6.8393797E-07
   5.2563829E+02  -7.4038496E-07
   5.2597203E+02  -7.9707115E-07
   5.2630577E+02  -8.5378110E-07
   5.2663951E+02  -9.1029176E-07
   5.2697325E+02  -9.6637268E-07
   5.2730699E+02  -1.0217884E-06
   5.2764072E+02  -1.0762984E-06
   5.2797446E+02  -1.1296589E-06
   5.2830820E+02  -1.1816248E-06
   5.2864194E+02  -1.2319485E-06
   5.2897568E+02  -1.2803850E-06
   5.2930942E+02  -1.3266900E-06
   5.2964316E+02  -1.3706227E-06
   5.2997689E+02  -1.4119482E-06
   5.3031063E+02  -1.4504371E-06
   5.3064437E+02  -1.4858676E-06
   5.3097811E+02  -1.5180267E-06
   5.3131185E+02  -1.5467136E-06
   5.3164559E+02  -1.5717377E-06
   5.3197933E+02  -1.5929226E-06
   5.3231306E+02  -1.6101060E-06
   5.3264680E+02  -1.6231405E-06
   5.3298054E+02  -1.6318969E-06
   5.3331428E+02  -1.6362623E-06
   5.3364802E+02  -1.6361429E-06
   5.3398176E+02  -1.6314649E-06
   5.3431550E+02  -1.6221738E-06
   5.3464924E+02  -1.6082364E-06
   5.3498297E+02  -1.5896406E-06
   5.3531671E+02  -1.5663956E-06
   5.3565045E+02  -1.5385325E-06
   5.3598419E+02  -1.5061046E-06
   5.3631793E+02  -1.4691866E-06
   5.3665167E+02  -1.4278748E-06
   5.3698541E+02  -1.3822864E-06
   5.3731914E+02  -1.3325613E-06
   5.3765288E+02  -1.2788562E-06
   5.3798662E+02  -1.2213509E-06
   5.3832036E+02  -1.1602419E-06
   5.3865410E+02  -1.0957439E-06
   5.3898784E+02  -1.0280886E-06
   5.3932158E+02  -9.5752239E-07
   5.3965531E+02  -8.8430659E-07
   5.3998905E+02  -8.0871536E-07
   5.4032279E+02  -7.3103365E-07
   5.4065653E+02  -6.5155677E-07
   5.4099027E+02  -5.7058804E-07
   5.4132401E+02  -4.8843805E-07
   5.4165775E+02  -4.0542164E-07
   5.4199148E+02  -3.2185744E-07
   5.4232522E+02  -2.3806567E-07
   5.4265896E+02  -1.5436609E-07
   5.4299270E+02  -7.1077238E-08
   5.4332644E+02   1.1486478E-08
   5.4366018E+02   9.3015274E-08
   5.4399392E+02   1.7320640E-07
   5.4432765E+02   2.5176564E-07
   5.4466139E+02   3.2840848E-07
   5.4499513E+02   4.0286153E-07
   5.4532887E+02   4.7486424E-07
   5.4566261E+02   5.4417006E-07
   5.4599635E+02   6.1054749E-07
   5.4633009E+02   6.7378107E-07
   5.4666382E+02   7.3367261E-07
   5.4699756E+02   7.9004190E-07
   5.4733130E+02   8.4272756E-07
   5.4766504E+02   8.9158755E-07
   5.4799878E+02   9.3649925E-07
   5.4833252E+02   9.7736097E-07
   5.4866626E+02   1.0140908E-06
   5.4899999E+02   1.0466277E-06
   5.4933373E+02   1.0749311E-06
   5.4966747E+02   1.0989812E-06
   5.5000121E+02   1.1187776E-06
   5.5033495E+02   1.1343410E-06
   5.5066869E+02   1.1457096E-06
   5.5100243E+02   1.1529414E-06
   5.5133616E+02   1.1561127E-06
   5.5166990E+02   1.1553167E-06
   5.5200364E+02   1.1506628E-06
   5.5233738E+02   1.1422763E-06
   5.5267112E+02   1.1302968E-06
   5.5300486E+02   1.1148768E-06
   5.5333860E+02   1.0961814E-06
   5.5367234E+02   1.0743876E-06
   5.5400607E+02   1.0496806E-06
   5.5433981E+02   1.0222551E-06
   5.5467355E+02   9.9231340E-07
   5.5500729E+02   9.6006249E-07
   5.5534103E+02   9.2571577E-07
   5.5567477E+02   8.8948917E-07
   5.5600851E+02   8.5160048E-07
   5.5634224E+02   8.1226915E-07
   5.5667598E+02   7.7171393E-07
   5.5700972E+02   7.3015195E-07
   5.5734346E+02   6.8779872E-07
   5.5767720E+02   6.4486477E-07
   5.5801094E+02   6.0155634E-07
   5.5834468E+02   5.5807379E-07
   5.5867841E+02   5.1461109E-07
   5.5901215E+02   4.7135444E-07
   5.5934589E+02   4.2848154E-07
   5.5967963E+02   3.8616139E-07
   5.6001337E+02   3.4455292E-07
   5.6034711E+02   3.0380528E-07
   5.6068085E+02   2.6405650E-07
   5.6101458E+02   2.2543361E-07
   5.6134832E+02   1.8805262E-07
   5.6168206E+02   1.5201719E-07
   5.6201580E+02   1.1741970E-07
   5.6234954E+02   8.4340265E-08
   5.6268328E+02   5.2847177E-08
   5.6301702E+02   2.2996801E-08
   5.6335075E+02  -5.1660294E-09
   5.6368449E+02  -3.1608241E-08
   5.6401823E+02  -5.6308011E-08
   5.6435197E+02  -7.9254193E-08
   5.6468571E+02  -1.0044627E-07
   5.6501945E+02  -1.1989373E-07
   5.6535319E+02  -1.3761563E-07
   5.6568692E+02  -1.5364006E-07
   5.6602066E+02  -1.6800352E-07
   5.6635440E+02  -1.8075036E-07
   5.6668814E+02  -1.9193224E-07
   5.6702188E+02  -2.0160724E-07
   5.6735562E+02  -2.0983938E-07
   5.6768936E+02  -2.1669774E-07
   5.6802309E+02  -2.2225603E-07
   5.6835683E+02  -2.2659148E-07
   5.6869057E+02  -2.2978440E-07
   5.6902431E+02  -2.3191754E-07
   5.6935805E+02  -2.3307508E-07
   5.6969179E+02  -2.3334226E-07
   5.7002553E+02  -2.3280469E-07
   5.7035926E+02  -2.3154757E-07
   5.7069300E+02  -2.2965523E-07
   5.7102674E+02  -2.2721053E-07
   5.7136048E+02  -2.2429415E-07
   5.7169422E+02  -2.2098448E-07
   5.7202796E+02  -2.1735659E-07
   5.7236170E+02  -2.1348222E-07
   5.7269543E+02  -2.0942937E-07
   5.7302917E+02  -2.0526159E-07
   5.7336291E+02  -2.0103813E-07
   5.7369665E+02  -1.9681362E-07
   5.7403039E+02  -1.9263749E-07
   5.7436413E+02  -1.8855451E-07
   5.7469787E+02  -1.8460400E-07
   5.7503161E+02  -1.8082027E-07
   5.7536534E+02  -1.7723242E-07
   5.7569908E+02  -1.7386415E-07
   5.7603282E+02  -1.7073434E-07
   5.7636656E+02  -1.6785657E-07
   5.7670030E+02  -1.6523974E-07
   5.7703404E+02  -1.6288786E-07
   5.7736778E+02  -1.6080048E-07
   5.7770151E+02  -1.5897298E-07
   5.7803525E+02  -1.5739673E-07
   5.7836899E+02  -1.5605930E-07
   5.7870273E+02  -1.5494507E-07
   5.7903647E+02  -1.5403538E-07
   5.7937021E+02  -1.5330882E-07
   5.7970395E+02  -1.5274175E-07
   5.8003768E+02  -1.5230859E-07
   5.8037142E+02  -1.5198214E-07
   5.8070516E+02  -1.5173393E-07
   5.8103890E+02  -1.5153472E-07
   5.8137264E+02  -1.5135470E-07
   5.8170638E+02  -1.5116393E-07
   5.8204012E+02  -1.5093264E-07
   5.8237385E+02  -1.5063162E-07
   5.8270759E+02  -1.5023255E-07
   5.8304133E+02  -1.4970823E-07
   5.8337507E+02  -1.4903290E-07
   5.8370881E+02  -1.4818241E-07
   5.8404255E+02  -1.4713463E-07
   5.8437629E+02  -1.4586939E-07
   5.8471002E+02  -1.4436893E-07
   5.8504376E+02  -1.4261778E-07
   5.8537750E+02  -1.4060308E-07
   5.8571124E+02  -1.3831458E-07
   5.8604498E+02  -1.3574476E-07
   5.8637872E+02  -1.3288896E-07
   5.8671246E+02  -1.2974530E-07
   5.8704619E+02  -1.2631470E-07
   5.8737993E+02  -1.2260107E-07
   5.8771367E+02  -1.1861091E-07
   5.8804741E+02  -1.1435355E-07
   5.8838115E+02  -1.0984091E-07
   5.8871489E+02  -1.0508737E-07
   5.8904863E+02  -1.0010969E-07
   5.8938236E+02  -9.4926904E-08
   5.8971610E+02  -8.9560032E-08
   5.9004984E+02  -8.4032052E-08
   5.9038358E+02  -7.8367663E-08
   5.9071732E+02  -7.2593217E-08
   5.9105106E+02  -6.6736312E-08
   5.9138480E+02  -6.0825890E-08
   5.9171853E+02  -5.4891764E-08
   5.9205227E+02  -4.8964623E-08
   5.9238601E+02  -4.3075616E-08
   5.9271975E+02  -3.7256356E-08
   5.9305349E+02  -3.1538391E-08
   5.9338723E+02  -2.5953312E-08
   5.9372097E+02  -2.0532326E-08
   5.9405471E+02  -1.5306142E-08
   5.9438844E+02  -1.0304774E-08
   5.9472218E+02  -5.5574105E-09
   5.9505592E+02  -1.0921468E-09
   5.9538966E+02   3.0640592E-09
   5.9572340E+02   6.8855712E-09
   5.9605714E+02   1.0348415E-08
   5.9639088E+02   1.3430139E-08
   5.9672461E+02   1.6110192E-08
   5.9705835E+02   1.8369917E-08
   5.9739209E+02   2.0192857E-08
   5.9772583E+02   2.1564460E-08
   5.9805957E+02   2.2472875E-08
   5.9839331E+02   2.2907997E-08
   5.9872705E+02   2.2862807E-08
   5.9906078E+02   2.2332145E-08
   5.9939452E+02   2.1313625E-08
   5.9972826E+02   1.9807274E-08
   6.0006200E+02   1.7815623E-08
   6.0039574E+02   1.5343701E-08
   6.0072948E+02   1.2399141E-08
   6.0106322E+02   8.9921031E-09
   6.0139695E+02   5.1351776E-09
   6.0173069E+02   8.4352791E-10
   6.0206443E+02  -3.8652672E-09
   6.0239817E+02  -8.9713126E-09
   6.0273191E+02  -1.4452453E-08
   6.0306565E+02  -2.0284332E-08
   6.0339939E+02  -2.6440532E-08
   6.0373312E+02  -3.2892672E-08
   6.0406686E+02  -3.9610605E-08
   6.0440060E+02  -4.6562405E-08
   6.0473434E+02  -5.3714590E-08
   6.0506808E+02  -6.1032154E-08
   6.0540182E+02  -6.8478890E-08
   6.0573556E+02  -7.6017287E-08
   6.0606929E+02  -8.3608938E-08
   6.0640303E+02  -9.1214567E-08
   6.0673677E+02  -9.8794224E-08
   6.0707051E+02  -1.0630747E-07
   6.0740425E+02  -1.1371368E-07
   6.0773799E+02  -1.2097206E-07
   6.0807173E+02  -1.2804192E-07
   6.0840546E+02  -1.3488284E-07
   6.0873920E+02  -1.4145492E-07
   6.0907294E+02  -1.4771874E-07
   6.0940668E+02  -1.5363578E-07
   6.0974042E+02  -1.5916845E-07
   6.1007416E+02  -1.6428027E-07
   6.1040790E+02  -1.6893620E-07
   6.1074163E+02  -1.7310261E-07
   6.1107537E+02  -1.7674756E-07
   6.1140911E+02  -1.7984104E-07
   6.1174285E+02  -1.8235494E-07
   6.1207659E+02  -1.8426334E-07
   6.1241033E+02  -1.8554273E-07
   6.1274407E+02  -1.8617175E-07
   6.1307781E+02  -1.8613169E-07
   6.1341154E+02  -1.8540644E-07
   6.1374528E+02  -1.8398264E-07
   6.1407902E+02  -1.8184936E-07
   6.1441276E+02  -1.7899909E-07
   6.1474650E+02  -1.7542673E-07
   6.1508024E+02  -1.7113017E-07
   6.1541398E+02  -1.6611072E-07
   6.1574771E+02  -1.6037228E-07
   6.1608145E+02  -1.5392197E-07
   6.1641519E+02  -1.4677012E-07
   6.1674893E+02  -1.3892971E-07
   6.1708267E+02  -1.3041702E-07
   6.1741641E+02  -1.2125096E-07
   6.1775015E+02  -1.1145354E-07
   6.1808388E+02  -1.0104930E-07
   6.1841762E+02  -9.0065654E-08
   6.1875136E+02  -7.8532565E-08
   6.1908510E+02  -6.6482457E-08
   6.1941884E+02  -5.3950181E-08
   6.1975258E+02  -4.0972747E-08
   6.2008632E+02  -2.7589362E-08
   6.2042005E+02  -1.3841245E-08
   6.2075379E+02   2.2870061E-10
   6.2108753E+02   1.4575825E-08
   6.2142127E+02   2.9154117E-08
   6.2175501E+02   4.3916152E-08
   6.2208875E+02   5.8813498E-08
   6.2242249E+02   7.3796642E-08
   6.2275622E+02   8.8815369E-08
   6.2308996E+02   1.0381882E-07
   6.2342370E+02   1.1875555E-07
   6.2375744E+02   1.3357396E-07
   6.2409118E+02   1.4822211E-07
   6.2442492E+02   1.6264821E-07
   6.2475866E+02   1.7680028E-07
   6.2509239E+02   1.9062689E-07
   6.2542613E+02   2.0407674E-07
   6.2575987E+02   2.1709909E-07
   6.2609361E+02   2.2964369E-07
   6.2642735E+02   2.4166090E-07
   6.2676109E+02   2.5310209E-07
   6.2709483E+02   2.6391899E-07
   6.2742856E+02   2.7406458E-07
   6.2776230E+02   2.8349231E-07
   6.2809604E+02   2.9215664E-07
   6.2842978E+02   3.0001320E-07
   6.2876352E+02   3.0701818E-07
   6.2909726E+02   3.1312874E-07
   6.2943100E+02   3.1830342E-07
   6.2976473E+02   3.2250102E-07
   6.3009847E+02   3.2568198E-07
   6.3043221E+02   3.2780713E-07
   6.3076595E+02   3.2883881E-07
   6.3109969E+02   3.2873993E-07
   6.3143343E+02   3.2747482E-07
   6.3176717E+02   3.2500839E-07
   6.3210090E+02   3.2130691E-07
   6.3243464E+02   3.1633775E-07
   6.3276838E+02   3.1006962E-07
   6.3310212E+02   3.0247236E-07
   6.3343586E+02   2.9351736E-07
   6.3376960E+02   2.8317712E-07
   6.3410334E+02   2.7142679E-07
   6.3443708E+02   2.5824255E-07
   6.3477081E+02   2.4360293E-07
   6.3510455E+02   2.2748877E-07
   6.3543829E+02   2.0988341E-07
   6.3577203E+02   1.9077319E-07
   6.3610577E+02   1.7014732E-07
   6.3643951E+02   1.4799828E-07
   6.3677325E+02   1.2432217E-07
   6.3710698E+02   9.9119305E-08
   6.3744072E+02   7.2394187E-08
   6.3777446E+02   4.4155886E-08
   6.3810820E+02   1.4418180E-08
   6.3844194E+02  -1.6799426E-08
   6.3877568E+02  -4.9471865E-08
   6.3910942E+02  -8.3568480E-08
   6.3944315E+02  -1.1905186E-07
   6.3977689E+02  -1.5587831E-07
   6.4011063E+02  -1.9399761E-07
   6.4044437E+02  -2.3335170E-07
   6.4077811E+02  -2.7387620E-07
   6.4111185E+02  -3.1549865E-07
   6.4144559E+02  -3.5813963E-07
   6.4177932E+02  -4.0171193E-07
   6.4211306E+02  -4.4612057E-07
   6.4244680E+02  -4.9126317E-07
   6.4278054E+02  -5.3702968E-07
   6.4311428E+02  -5.8330301E-07
   6.4344802E+02  -6.2995855E-07
   6.4378176E+02  -6.7686500E-07
   6.4411549E+02  -7.2388457E-07
   6.4444923E+02  -7.7087299E-07
   6.4478297E+02  -8.1768076E-07
   6.4511671E+02  -8.6415275E-07
   6.4545045E+02  -9.1012959E-07
   6.4578419E+02  -9.5544783E-07
   6.4611793E+02  -9.9994099E-07
   6.4645166E+02  -1.0434399E-06
   6.4678540E+02  -1.0857738E-06
   6.4711914E+02  -1.1267707E-06
   6.4745288E+02  -1.1662597E-06
   6.4778662E+02  -1.2040698E-06
   6.4812036E+02  -1.2400327E-06
   6.4845410E+02  -1.2739825E-06
   6.4878783E+02  -1.3057580E-06
   6.4912157E+02  -1.3352022E-06
   6.4945531E+02  -1.3621642E-06
   6.4978905E+02  -1.3865002E-06
   6.5012279E+02  -1.4080739E-06
   6.5045653E+02  -1.4267588E-06
   6.5079027E+02  -1.4424365E-06
   6.5112400E+02  -1.4550001E-06
   6.5145774E+02  -1.4643541E-06
   6.5179148E+02  -1.4704151E-06
   6.5212522E+02  -1.4731122E-06
   6.5245896E+02  -1.4723881E-06
   6.5279270E+02  -1.4681993E-06
   6.5312644E+02  -1.4605175E-06
   6.5346018E+02  -1.4493280E-06
   6.5379391E+02  -1.4346328E-06
   6.5412765E+02  -1.4164482E-06
   6.5446139E+02  -1.3948058E-06
   6.5479513E+02  -1.3697542E-06
   6.5512887E+02  -1.3413555E-06
   6.5546261E+02  -1.3096878E-06
   6.5579635E+02  -1.2748447E-06
   6.5613008E+02  -1.2369334E-06
   6.5646382E+02  -1.1960756E-06
   6.5679756E+02  -1.1524064E-06
   6.5713130E+02  -1.1060744E-06
   6.5746504E+02  -1.0572389E-06
   6.5779878E+02  -1.0060719E-06
   6.5813252E+02  -9.5275516E-07
   6.5846625E+02  -8.9747982E-07
   6.5879999E+02  -8.4044598E-07
   6.5913373E+02  -7.8186065E-07
   6.5946747E+02  -7.2193751E-07
   6.5980121E+02  -6.6089513E-07
   6.6013495E+02  -5.9895603E-07
