  -7.8094826E+01   0.0000000E+00
  -7.7761087E+01   0.0000000E+00
  -7.7427349E+01   0.0000000E+00
  -7.7093610E+01   0.0000000E+00
  -7.6759871E+01   0.0000000E+00
  -7.6426133E+01   0.0000000E+00
  -7.6092394E+01   0.0000000E+00
  -7.5758656E+01   0.0000000E+00
  -7.5424917E+01   0.0000000E+00
  -7.5091178E+01   0.0000000E+00
  -7.4757440E+01   0.0000000E+00
  -7.4423701E+01   0.0000000E+00
  -7.4089963E+01   0.0000000E+00
  -7.3756224E+01   0.0000000E+00
  -7.3422485E+01   0.0000000E+00
  -7.3088747E+01   0.0000000E+00
  -7.2755008E+01   0.0000000E+00
  -7.2421270E+01   0.0000000E+00
  -7.2087531E+01   0.0000000E+00
  -7.1753792E+01   0.0000000E+00
  -7.1420054E+01   0.0000000E+00
  -7.1086315E+01   0.0000000E+00
  -7.0752577E+01   0.0000000E+00
  -7.0418838E+01   0.0000000E+00
  -7.0085099E+01   0.0000000E+00
  -6.9751361E+01   0.0000000E+00
  -6.9417622E+01   0.0000000E+00
  -6.9083884E+01   0.0000000E+00
  -6.8750145E+01   0.0000000E+00
  -6.8416406E+01   0.0000000E+00
  -6.8082668E+01   0.0000000E+00
  -6.7748929E+01   0.0000000E+00
  -6.7415191E+01   0.0000000E+00
  -6.7081452E+01   0.0000000E+00
  -6.6747714E+01   0.0000000E+00
  -6.6413975E+01   0.0000000E+00
  -6.6080236E+01   0.0000000E+00
  -6.5746498E+01   0.0000000E+00
  -6.5412759E+01   0.0000000E+00
  -6.5079021E+01   0.0000000E+00
  -6.4745282E+01   0.0000000E+00
  -6.4411543E+01   0.0000000E+00
  -6.4077805E+01   0.0000000E+00
  -6.3744066E+01   0.0000000E+00
  -6.3410328E+01   0.0000000E+00
  -6.3076589E+01   0.0000000E+00
  -6.2742850E+01   0.0000000E+00
  -6.2409112E+01   0.0000000E+00
  -6.2075373E+01   0.0000000E+00
  -6.1741635E+01   0.0000000E+00
  -6.1407896E+01   0.0000000E+00
  -6.1074157E+01   0.0000000E+00
  -6.0740419E+01   0.0000000E+00
  -6.0406680E+01   0.0000000E+00
  -6.0072942E+01   0.0000000E+00
  -5.9739203E+01   0.0000000E+00
  -5.9405464E+01   0.0000000E+00
  -5.9071726E+01   0.0000000E+00
  -5.8737987E+01   0.0000000E+00
  -5.8404249E+01   0.0000000E+00
  -5.8070510E+01   0.0000000E+00
  -5.7736771E+01   0.0000000E+00
  -5.7403033E+01   0.0000000E+00
  -5.7069294E+01   0.0000000E+00
  -5.6735556E+01   0.0000000E+00
  -5.6401817E+01   0.0000000E+00
  -5.6068078E+01   0.0000000E+00
  -5.5734340E+01   0.0000000E+00
  -5.5400601E+01   0.0000000E+00
  -5.5066863E+01   0.0000000E+00
  -5.4733124E+01   0.0000000E+00
  -5.4399385E+01   0.0000000E+00
  -5.4065647E+01   0.0000000E+00
  -5.3731908E+01   0.0000000E+00
  -5.3398170E+01   0.0000000E+00
  -5.3064431E+01   0.0000000E+00
  -5.2730693E+01   0.0000000E+00
  -5.2396954E+01   0.0000000E+00
  -5.2063215E+01   0.0000000E+00
  -5.1729477E+01   0.0000000E+00
  -5.1395738E+01   0.0000000E+00
  -5.1062000E+01   0.0000000E+00
  -5.0728261E+01   0.0000000E+00
  -5.0394522E+01   0.0000000E+00
  -5.0060784E+01   0.0000000E+00
  -4.9727045E+01   0.0000000E+00
  -4.9393307E+01   0.0000000E+00
  -4.9059568E+01   0.0000000E+00
  -4.8725829E+01   0.0000000E+00
  -4.8392091E+01   0.0000000E+00
  -4.8058352E+01   0.0000000E+00
  -4.7724614E+01   0.0000000E+00
  -4.7390875E+01   0.0000000E+00
  -4.7057136E+01   0.0000000E+00
  -4.6723398E+01   0.0000000E+00
  -4.6389659E+01   0.0000000E+00
  -4.6055921E+01   0.0000000E+00
  -4.5722182E+01   0.0000000E+00
  -4.5388443E+01   0.0000000E+00
  -4.5054705E+01   0.0000000E+00
  -4.4720966E+01   0.0000000E+00
  -4.4387228E+01   0.0000000E+00
  -4.4053489E+01   0.0000000E+00
  -4.3719750E+01   0.0000000E+00
  -4.3386012E+01   0.0000000E+00
  -4.3052273E+01   0.0000000E+00
  -4.2718535E+01   0.0000000E+00
  -4.2384796E+01   0.0000000E+00
  -4.2051057E+01   0.0000000E+00
  -4.1717319E+01   0.0000000E+00
  -4.1383580E+01   0.0000000E+00
  -4.1049842E+01   0.0000000E+00
  -4.0716103E+01   0.0000000E+00
  -4.0382364E+01   0.0000000E+00
  -4.0048626E+01   0.0000000E+00
  -3.9714887E+01   0.0000000E+00
  -3.9381149E+01   0.0000000E+00
  -3.9047410E+01   0.0000000E+00
  -3.8713672E+01   0.0000000E+00
  -3.8379933E+01   0.0000000E+00
  -3.8046194E+01   0.0000000E+00
  -3.7712456E+01   0.0000000E+00
  -3.7378717E+01   0.0000000E+00
  -3.7044979E+01   0.0000000E+00
  -3.6711240E+01   0.0000000E+00
  -3.6377501E+01   0.0000000E+00
  -3.6043763E+01   0.0000000E+00
  -3.5710024E+01   0.0000000E+00
  -3.5376286E+01   0.0000000E+00
  -3.5042547E+01   0.0000000E+00
  -3.4708808E+01   0.0000000E+00
  -3.4375070E+01   0.0000000E+00
  -3.4041331E+01   0.0000000E+00
  -3.3707593E+01   0.0000000E+00
  -3.3373854E+01   0.0000000E+00
  -3.3040115E+01   0.0000000E+00
  -3.2706377E+01   0.0000000E+00
  -3.2372638E+01   0.0000000E+00
  -3.2038900E+01   0.0000000E+00
  -3.1705161E+01   0.0000000E+00
  -3.1371422E+01   0.0000000E+00
  -3.1037684E+01   0.0000000E+00
  -3.0703945E+01   0.0000000E+00
  -3.0370207E+01   0.0000000E+00
  -3.0036468E+01   0.0000000E+00
  -2.9702729E+01   0.0000000E+00
  -2.9368991E+01   0.0000000E+00
  -2.9035252E+01   0.0000000E+00
  -2.8701514E+01   0.0000000E+00
  -2.8367775E+01   0.0000000E+00
  -2.8034036E+01   0.0000000E+00
  -2.7700298E+01   0.0000000E+00
  -2.7366559E+01   0.0000000E+00
  -2.7032821E+01   0.0000000E+00
  -2.6699082E+01   0.0000000E+00
  -2.6365343E+01   0.0000000E+00
  -2.6031605E+01   0.0000000E+00
  -2.5697866E+01   0.0000000E+00
  -2.5364128E+01   0.0000000E+00
  -2.5030389E+01   0.0000000E+00
  -2.4696651E+01   0.0000000E+00
  -2.4362912E+01   0.0000000E+00
  -2.4029173E+01   0.0000000E+00
  -2.3695435E+01   0.0000000E+00
  -2.3361696E+01   0.0000000E+00
  -2.3027958E+01   0.0000000E+00
  -2.2694219E+01   0.0000000E+00
  -2.2360480E+01   0.0000000E+00
  -2.2026742E+01   0.0000000E+00
  -2.1693003E+01   0.0000000E+00
  -2.1359265E+01   0.0000000E+00
  -2.1025526E+01   0.0000000E+00
  -2.0691787E+01   0.0000000E+00
  -2.0358049E+01   0.0000000E+00
  -2.0024310E+01   0.0000000E+00
  -1.9690572E+01   0.0000000E+00
  -1.9356833E+01   0.0000000E+00
  -1.9023094E+01   0.0000000E+00
  -1.8689356E+01   0.0000000E+00
  -1.8355617E+01   0.0000000E+00
  -1.8021879E+01   0.0000000E+00
  -1.7688140E+01   0.0000000E+00
  -1.7354401E+01   0.0000000E+00
  -1.7020663E+01   0.0000000E+00
  -1.6686924E+01   0.0000000E+00
  -1.6353186E+01   0.0000000E+00
  -1.6019447E+01   0.0000000E+00
  -1.5685708E+01   0.0000000E+00
  -1.5351970E+01   0.0000000E+00
  -1.5018231E+01   0.0000000E+00
  -1.4684493E+01   0.0000000E+00
  -1.4350754E+01   0.0000000E+00
  -1.4017015E+01   0.0000000E+00
  -1.3683277E+01   0.0000000E+00
  -1.3349538E+01   0.0000000E+00
  -1.3015800E+01   0.0000000E+00
  -1.2682061E+01   0.0000000E+00
  -1.2348322E+01   0.0000000E+00
  -1.2014584E+01   0.0000000E+00
  -1.1680845E+01   0.0000000E+00
  -1.1347107E+01   0.0000000E+00
  -1.1013368E+01   0.0000000E+00
  -1.0679630E+01   0.0000000E+00
  -1.0345891E+01   0.0000000E+00
  -1.0012152E+01   0.0000000E+00
  -9.6784137E+00   0.0000000E+00
  -9.3446751E+00   0.0000000E+00
  -9.0109365E+00   0.0000000E+00
  -8.6771979E+00   0.0000000E+00
  -8.3434593E+00   0.0000000E+00
  -8.0097207E+00   0.0000000E+00
  -7.6759821E+00   0.0000000E+00
  -7.3422436E+00   0.0000000E+00
  -7.0085050E+00   0.0000000E+00
  -6.6747664E+00   0.0000000E+00
  -6.3410278E+00   0.0000000E+00
  -6.0072892E+00   0.0000000E+00
  -5.6735506E+00   0.0000000E+00
  -5.3398120E+00   0.0000000E+00
  -5.0060734E+00   0.0000000E+00
  -4.6723348E+00   0.0000000E+00
  -4.3385962E+00   0.0000000E+00
  -4.0048576E+00   0.0000000E+00
  -3.6711190E+00   0.0000000E+00
  -3.3373804E+00   0.0000000E+00
  -3.0036418E+00   0.0000000E+00
  -2.6699032E+00   0.0000000E+00
  -2.3361646E+00   0.0000000E+00
  -2.0024260E+00   0.0000000E+00
  -1.6686874E+00   0.0000000E+00
  -1.3349488E+00   0.0000000E+00
  -1.0012102E+00   0.0000000E+00
  -6.6747165E-01   0.0000000E+00
  -3.3373305E-01   0.0000000E+00
   5.5432320E-06   0.0000000E+00
   3.3374414E-01   0.0000000E+00
   6.6748273E-01   0.0000000E+00
   1.0012213E+00   0.0000000E+00
   1.3349599E+00   0.0000000E+00
   1.6686985E+00   0.0000000E+00
   2.0024371E+00   0.0000000E+00
   2.3361757E+00   0.0000000E+00
   2.6699143E+00   0.0000000E+00
   3.0036529E+00   0.0000000E+00
   3.3373915E+00   0.0000000E+00
   3.6711301E+00   0.0000000E+00
   4.0048687E+00   0.0000000E+00
   4.3386073E+00   0.0000000E+00
   4.6723459E+00   0.0000000E+00
   5.0060845E+00   0.0000000E+00
   5.3398231E+00   0.0000000E+00
   5.6735617E+00   0.0000000E+00
   6.0073003E+00   0.0000000E+00
   6.3410389E+00   0.0000000E+00
   6.6747774E+00   0.0000000E+00
   7.0085160E+00   0.0000000E+00
   7.3422546E+00   0.0000000E+00
   7.6759932E+00   0.0000000E+00
   8.0097318E+00   0.0000000E+00
   8.3434704E+00   0.0000000E+00
   8.6772090E+00   0.0000000E+00
   9.0109476E+00   0.0000000E+00
   9.3446862E+00   0.0000000E+00
   9.6784248E+00   0.0000000E+00
   1.0012163E+01   0.0000000E+00
   1.0345902E+01   0.0000000E+00
   1.0679641E+01   0.0000000E+00
   1.1013379E+01   0.0000000E+00
   1.1347118E+01   0.0000000E+00
   1.1680856E+01   0.0000000E+00
   1.2014595E+01   0.0000000E+00
   1.2348334E+01   0.0000000E+00
   1.2682072E+01   0.0000000E+00
   1.3015811E+01   0.0000000E+00
   1.3349549E+01   0.0000000E+00
   1.3683288E+01   0.0000000E+00
   1.4017027E+01   0.0000000E+00
   1.4350765E+01   0.0000000E+00
   1.4684504E+01   0.0000000E+00
   1.5018242E+01   0.0000000E+00
   1.5351981E+01   0.0000000E+00
   1.5685720E+01   0.0000000E+00
   1.6019458E+01   0.0000000E+00
   1.6353197E+01   0.0000000E+00
   1.6686935E+01   0.0000000E+00
   1.7020674E+01   0.0000000E+00
   1.7354412E+01   0.0000000E+00
   1.7688151E+01   0.0000000E+00
   1.8021890E+01   0.0000000E+00
   1.8355628E+01   0.0000000E+00
   1.8689367E+01   0.0000000E+00
   1.9023105E+01   0.0000000E+00
   1.9356844E+01   0.0000000E+00
   1.9690583E+01   0.0000000E+00
   2.0024321E+01   0.0000000E+00
   2.0358060E+01   0.0000000E+00
   2.0691798E+01   0.0000000E+00
   2.1025537E+01   0.0000000E+00
   2.1359276E+01   0.0000000E+00
   2.1693014E+01   0.0000000E+00
   2.2026753E+01   0.0000000E+00
   2.2360491E+01   0.0000000E+00
   2.2694230E+01   0.0000000E+00
   2.3027969E+01   0.0000000E+00
   2.3361707E+01   0.0000000E+00
   2.3695446E+01   0.0000000E+00
   2.4029184E+01   0.0000000E+00
   2.4362923E+01   0.0000000E+00
   2.4696662E+01   0.0000000E+00
   2.5030400E+01   0.0000000E+00
   2.5364139E+01   0.0000000E+00
   2.5697877E+01   0.0000000E+00
   2.6031616E+01   0.0000000E+00
   2.6365355E+01   0.0000000E+00
   2.6699093E+01   0.0000000E+00
   2.7032832E+01   0.0000000E+00
   2.7366570E+01   0.0000000E+00
   2.7700309E+01   0.0000000E+00
   2.8034048E+01   0.0000000E+00
   2.8367786E+01   0.0000000E+00
   2.8701525E+01   0.0000000E+00
   2.9035263E+01   0.0000000E+00
   2.9369002E+01   0.0000000E+00
   2.9702741E+01   0.0000000E+00
   3.0036479E+01   0.0000000E+00
   3.0370218E+01   0.0000000E+00
   3.0703956E+01   0.0000000E+00
   3.1037695E+01   0.0000000E+00
   3.1371433E+01   0.0000000E+00
   3.1705172E+01   0.0000000E+00
   3.2038911E+01   0.0000000E+00
   3.2372649E+01   0.0000000E+00
   3.2706388E+01   0.0000000E+00
   3.3040126E+01   0.0000000E+00
   3.3373865E+01   0.0000000E+00
   3.3707604E+01   0.0000000E+00
   3.4041342E+01   0.0000000E+00
   3.4375081E+01   0.0000000E+00
   3.4708819E+01   0.0000000E+00
   3.5042558E+01   0.0000000E+00
   3.5376297E+01   0.0000000E+00
   3.5710035E+01   0.0000000E+00
   3.6043774E+01   0.0000000E+00
   3.6377512E+01   0.0000000E+00
   3.6711251E+01   0.0000000E+00
   3.7044990E+01   0.0000000E+00
   3.7378728E+01   0.0000000E+00
   3.7712467E+01   0.0000000E+00
   3.8046205E+01   0.0000000E+00
   3.8379944E+01   0.0000000E+00
   3.8713683E+01   0.0000000E+00
   3.9047421E+01   0.0000000E+00
   3.9381160E+01   0.0000000E+00
   3.9714898E+01   0.0000000E+00
   4.0048637E+01   0.0000000E+00
   4.0382376E+01   0.0000000E+00
   4.0716114E+01   0.0000000E+00
   4.1049853E+01   0.0000000E+00
   4.1383591E+01   0.0000000E+00
   4.1717330E+01   0.0000000E+00
   4.2051069E+01   0.0000000E+00
   4.2384807E+01   0.0000000E+00
   4.2718546E+01   0.0000000E+00
   4.3052284E+01   0.0000000E+00
   4.3386023E+01   0.0000000E+00
   4.3719762E+01   0.0000000E+00
   4.4053500E+01   0.0000000E+00
   4.4387239E+01   0.0000000E+00
   4.4720977E+01   0.0000000E+00
   4.5054716E+01   0.0000000E+00
   4.5388454E+01   0.0000000E+00
   4.5722193E+01   0.0000000E+00
   4.6055932E+01   0.0000000E+00
   4.6389670E+01   0.0000000E+00
   4.6723409E+01   0.0000000E+00
   4.7057147E+01   0.0000000E+00
   4.7390886E+01   0.0000000E+00
   4.7724625E+01   0.0000000E+00
   4.8058363E+01   0.0000000E+00
   4.8392102E+01   0.0000000E+00
   4.8725840E+01   0.0000000E+00
   4.9059579E+01   0.0000000E+00
   4.9393318E+01   0.0000000E+00
   4.9727056E+01   0.0000000E+00
   5.0060795E+01   0.0000000E+00
   5.0394533E+01   0.0000000E+00
   5.0728272E+01   0.0000000E+00
   5.1062011E+01   0.0000000E+00
   5.1395749E+01   0.0000000E+00
   5.1729488E+01   0.0000000E+00
   5.2063226E+01   0.0000000E+00
   5.2396965E+01   0.0000000E+00
   5.2730704E+01   0.0000000E+00
   5.3064442E+01   0.0000000E+00
   5.3398181E+01   0.0000000E+00
   5.3731919E+01   0.0000000E+00
   5.4065658E+01   0.0000000E+00
   5.4399397E+01   0.0000000E+00
   5.4733135E+01   0.0000000E+00
   5.5066874E+01   0.0000000E+00
   5.5400612E+01   0.0000000E+00
   5.5734351E+01   0.0000000E+00
   5.6068090E+01   0.0000000E+00
   5.6401828E+01   0.0000000E+00
   5.6735567E+01   0.0000000E+00
   5.7069305E+01   0.0000000E+00
   5.7403044E+01   0.0000000E+00
   5.7736783E+01   0.0000000E+00
   5.8070521E+01   0.0000000E+00
   5.8404260E+01   0.0000000E+00
   5.8737998E+01   0.0000000E+00
   5.9071737E+01   0.0000000E+00
   5.9405475E+01   0.0000000E+00
   5.9739214E+01   0.0000000E+00
   6.0072953E+01   0.0000000E+00
   6.0406691E+01   0.0000000E+00
   6.0740430E+01   0.0000000E+00
   6.1074168E+01   0.0000000E+00
   6.1407907E+01   0.0000000E+00
   6.1741646E+01   0.0000000E+00
   6.2075384E+01   0.0000000E+00
   6.2409123E+01   0.0000000E+00
   6.2742861E+01   0.0000000E+00
   6.3076600E+01   0.0000000E+00
   6.3410339E+01   0.0000000E+00
   6.3744077E+01   0.0000000E+00
   6.4077816E+01   0.0000000E+00
   6.4411554E+01   0.0000000E+00
   6.4745293E+01   0.0000000E+00
   6.5079032E+01   0.0000000E+00
   6.5412770E+01   0.0000000E+00
   6.5746509E+01   0.0000000E+00
   6.6080247E+01   0.0000000E+00
   6.6413986E+01   0.0000000E+00
   6.6747725E+01   0.0000000E+00
   6.7081463E+01   0.0000000E+00
   6.7415202E+01   0.0000000E+00
   6.7748940E+01   0.0000000E+00
   6.8082679E+01   0.0000000E+00
   6.8416418E+01   0.0000000E+00
   6.8750156E+01   0.0000000E+00
   6.9083895E+01   0.0000000E+00
   6.9417633E+01   0.0000000E+00
   6.9751372E+01   0.0000000E+00
   7.0085111E+01   0.0000000E+00
   7.0418849E+01   0.0000000E+00
   7.0752588E+01   0.0000000E+00
   7.1086326E+01   0.0000000E+00
   7.1420065E+01   0.0000000E+00
   7.1753804E+01   0.0000000E+00
   7.2087542E+01   0.0000000E+00
   7.2421281E+01   0.0000000E+00
   7.2755019E+01   0.0000000E+00
   7.3088758E+01   0.0000000E+00
   7.3422496E+01   0.0000000E+00
   7.3756235E+01   0.0000000E+00
   7.4089974E+01   0.0000000E+00
   7.4423712E+01   0.0000000E+00
   7.4757451E+01   0.0000000E+00
   7.5091189E+01   0.0000000E+00
   7.5424928E+01   0.0000000E+00
   7.5758667E+01   0.0000000E+00
   7.6092405E+01   0.0000000E+00
   7.6426144E+01   0.0000000E+00
   7.6759882E+01   0.0000000E+00
   7.7093621E+01   0.0000000E+00
   7.7427360E+01   0.0000000E+00
   7.7761098E+01   0.0000000E+00
   7.8094837E+01   0.0000000E+00
   7.8428575E+01   0.0000000E+00
   7.8762314E+01   0.0000000E+00
   7.9096053E+01   0.0000000E+00
   7.9429791E+01   0.0000000E+00
   7.9763530E+01   0.0000000E+00
   8.0097268E+01   0.0000000E+00
   8.0431007E+01   0.0000000E+00
   8.0764746E+01   0.0000000E+00
   8.1098484E+01   0.0000000E+00
   8.1432223E+01   0.0000000E+00
   8.1765961E+01   0.0000000E+00
   8.2099700E+01   0.0000000E+00
   8.2433439E+01   0.0000000E+00
   8.2767177E+01   0.0000000E+00
   8.3100916E+01   0.0000000E+00
   8.3434654E+01   0.0000000E+00
   8.3768393E+01   0.0000000E+00
   8.4102132E+01   0.0000000E+00
   8.4435870E+01   0.0000000E+00
   8.4769609E+01   0.0000000E+00
   8.5103347E+01   0.0000000E+00
   8.5437086E+01   0.0000000E+00
   8.5770825E+01   0.0000000E+00
   8.6104563E+01   0.0000000E+00
   8.6438302E+01   0.0000000E+00
   8.6772040E+01   0.0000000E+00
   8.7105779E+01   0.0000000E+00
   8.7439517E+01   0.0000000E+00
   8.7773256E+01   0.0000000E+00
   8.8106995E+01   0.0000000E+00
   8.8440733E+01   0.0000000E+00
   8.8774472E+01   0.0000000E+00
   8.9108210E+01   0.0000000E+00
   8.9441949E+01   0.0000000E+00
   8.9775688E+01   0.0000000E+00
   9.0109426E+01   0.0000000E+00
   9.0443165E+01   0.0000000E+00
   9.0776903E+01   0.0000000E+00
   9.1110642E+01   0.0000000E+00
   9.1444381E+01   0.0000000E+00
   9.1778119E+01   0.0000000E+00
   9.2111858E+01   0.0000000E+00
   9.2445596E+01   0.0000000E+00
   9.2779335E+01   0.0000000E+00
   9.3113074E+01   0.0000000E+00
   9.3446812E+01   0.0000000E+00
   9.3780551E+01   0.0000000E+00
   9.4114289E+01   0.0000000E+00
   9.4448028E+01   0.0000000E+00
   9.4781767E+01   0.0000000E+00
   9.5115505E+01   0.0000000E+00
   9.5449244E+01   0.0000000E+00
   9.5782982E+01   0.0000000E+00
   9.6116721E+01   0.0000000E+00
   9.6450460E+01   0.0000000E+00
   9.6784198E+01   0.0000000E+00
   9.7117937E+01   0.0000000E+00
   9.7451675E+01   0.0000000E+00
   9.7785414E+01   0.0000000E+00
   9.8119153E+01   0.0000000E+00
   9.8452891E+01   0.0000000E+00
   9.8786630E+01   0.0000000E+00
   9.9120368E+01   0.0000000E+00
   9.9454107E+01   0.0000000E+00
   9.9787846E+01   0.0000000E+00
   1.0012158E+02   0.0000000E+00
   1.0045532E+02   0.0000000E+00
   1.0078906E+02   0.0000000E+00
   1.0112280E+02   0.0000000E+00
   1.0145654E+02   0.0000000E+00
   1.0179028E+02   0.0000000E+00
   1.0212402E+02   0.0000000E+00
   1.0245775E+02   0.0000000E+00
   1.0279149E+02   0.0000000E+00
   1.0312523E+02   0.0000000E+00
   1.0345897E+02   0.0000000E+00
   1.0379271E+02   0.0000000E+00
   1.0412645E+02   0.0000000E+00
   1.0446019E+02   0.0000000E+00
   1.0479392E+02   0.0000000E+00
   1.0512766E+02   0.0000000E+00
   1.0546140E+02   0.0000000E+00
   1.0579514E+02   0.0000000E+00
   1.0612888E+02   0.0000000E+00
   1.0646262E+02   0.0000000E+00
   1.0679636E+02   0.0000000E+00
   1.0713009E+02   0.0000000E+00
   1.0746383E+02   0.0000000E+00
   1.0779757E+02   0.0000000E+00
   1.0813131E+02   0.0000000E+00
   1.0846505E+02   0.0000000E+00
   1.0879879E+02   0.0000000E+00
   1.0913253E+02   0.0000000E+00
   1.0946626E+02   0.0000000E+00
   1.0980000E+02   0.0000000E+00
   1.1013374E+02   0.0000000E+00
   1.1046748E+02   0.0000000E+00
   1.1080122E+02   0.0000000E+00
   1.1113496E+02   0.0000000E+00
   1.1146870E+02   0.0000000E+00
   1.1180243E+02   0.0000000E+00
   1.1213617E+02   0.0000000E+00
   1.1246991E+02   0.0000000E+00
   1.1280365E+02   0.0000000E+00
   1.1313739E+02   0.0000000E+00
   1.1347113E+02   0.0000000E+00
   1.1380487E+02   0.0000000E+00
   1.1413861E+02   0.0000000E+00
   1.1447234E+02   0.0000000E+00
   1.1480608E+02   0.0000000E+00
   1.1513982E+02   0.0000000E+00
   1.1547356E+02   0.0000000E+00
   1.1580730E+02   0.0000000E+00
   1.1614104E+02   0.0000000E+00
   1.1647478E+02   0.0000000E+00
   1.1680851E+02   0.0000000E+00
   1.1714225E+02   0.0000000E+00
   1.1747599E+02   0.0000000E+00
   1.1780973E+02   0.0000000E+00
   1.1814347E+02   0.0000000E+00
   1.1847721E+02   0.0000000E+00
   1.1881095E+02   0.0000000E+00
   1.1914468E+02   0.0000000E+00
   1.1947842E+02   0.0000000E+00
   1.1981216E+02   0.0000000E+00
   1.2014590E+02   0.0000000E+00
   1.2047964E+02   0.0000000E+00
   1.2081338E+02   0.0000000E+00
   1.2114712E+02   0.0000000E+00
   1.2148085E+02   0.0000000E+00
   1.2181459E+02   0.0000000E+00
   1.2214833E+02   0.0000000E+00
   1.2248207E+02   0.0000000E+00
   1.2281581E+02   0.0000000E+00
   1.2314955E+02   0.0000000E+00
   1.2348329E+02   0.0000000E+00
   1.2381702E+02   0.0000000E+00
   1.2415076E+02   0.0000000E+00
   1.2448450E+02   0.0000000E+00
   1.2481824E+02   0.0000000E+00
   1.2515198E+02   0.0000000E+00
   1.2548572E+02   0.0000000E+00
   1.2581946E+02   0.0000000E+00
   1.2615319E+02   0.0000000E+00
   1.2648693E+02   0.0000000E+00
   1.2682067E+02   0.0000000E+00
   1.2715441E+02   0.0000000E+00
   1.2748815E+02   0.0000000E+00
   1.2782189E+02   0.0000000E+00
   1.2815563E+02   0.0000000E+00
   1.2848936E+02   0.0000000E+00
   1.2882310E+02   0.0000000E+00
   1.2915684E+02   0.0000000E+00
   1.2949058E+02   0.0000000E+00
   1.2982432E+02   0.0000000E+00
   1.3015806E+02   0.0000000E+00
   1.3049180E+02   0.0000000E+00
   1.3082553E+02   0.0000000E+00
   1.3115927E+02   0.0000000E+00
   1.3149301E+02   0.0000000E+00
   1.3182675E+02   0.0000000E+00
   1.3216049E+02   0.0000000E+00
   1.3249423E+02   0.0000000E+00
   1.3282797E+02   0.0000000E+00
   1.3316171E+02   0.0000000E+00
   1.3349544E+02   0.0000000E+00
   1.3382918E+02   0.0000000E+00
   1.3416292E+02   0.0000000E+00
   1.3449666E+02   0.0000000E+00
   1.3483040E+02   0.0000000E+00
   1.3516414E+02   0.0000000E+00
   1.3549788E+02   0.0000000E+00
   1.3583161E+02   0.0000000E+00
   1.3616535E+02   0.0000000E+00
   1.3649909E+02   0.0000000E+00
   1.3683283E+02   0.0000000E+00
   1.3716657E+02   0.0000000E+00
   1.3750031E+02   0.0000000E+00
   1.3783405E+02   0.0000000E+00
   1.3816778E+02   0.0000000E+00
   1.3850152E+02   0.0000000E+00
   1.3883526E+02   0.0000000E+00
   1.3916900E+02   0.0000000E+00
   1.3950274E+02   0.0000000E+00
   1.3983648E+02   0.0000000E+00
   1.4017022E+02   0.0000000E+00
   1.4050395E+02   0.0000000E+00
   1.4083769E+02   0.0000000E+00
   1.4117143E+02   0.0000000E+00
   1.4150517E+02   0.0000000E+00
   1.4183891E+02   0.0000000E+00
   1.4217265E+02   0.0000000E+00
   1.4250639E+02   0.0000000E+00
   1.4284012E+02   0.0000000E+00
   1.4317386E+02   0.0000000E+00
   1.4350760E+02   0.0000000E+00
   1.4384134E+02   0.0000000E+00
   1.4417508E+02   0.0000000E+00
   1.4450882E+02   0.0000000E+00
   1.4484256E+02   0.0000000E+00
   1.4517629E+02   0.0000000E+00
   1.4551003E+02   0.0000000E+00
   1.4584377E+02   0.0000000E+00
   1.4617751E+02   0.0000000E+00
   1.4651125E+02   1.4012985E-45
   1.4684499E+02   2.8025969E-45
   1.4717873E+02   5.6051939E-45
   1.4751246E+02   7.0064923E-45
   1.4784620E+02   1.1210388E-44
   1.4817994E+02   1.4012985E-44
   1.4851368E+02   1.6815582E-44
   1.4884742E+02   1.6815582E-44
   1.4918116E+02   1.5414283E-44
   1.4951490E+02   1.4012985E-44
   1.4984863E+02   7.0064923E-45
   1.5018237E+02   0.0000000E+00
   1.5051611E+02  -9.8090893E-45
   1.5084985E+02  -1.6815582E-44
   1.5118359E+02  -2.3822074E-44
   1.5151733E+02  -2.8025969E-44
   1.5185107E+02  -2.8025969E-44
   1.5218480E+02  -1.8216880E-44
   1.5251854E+02  -5.6051939E-45
   1.5285228E+02   1.2611686E-44
   1.5318602E+02   3.5032462E-44
   1.5351976E+02   5.3249342E-44
   1.5385350E+02   7.2867520E-44
   1.5418724E+02   8.4077908E-44
   1.5452098E+02   8.6880505E-44
   1.5485471E+02   7.8472714E-44
   1.5518845E+02   5.8854536E-44
   1.5552219E+02   2.3822074E-44
   1.5585593E+02  -1.8216880E-44
   1.5618967E+02  -6.7262326E-44
   1.5652341E+02  -1.1630777E-43
   1.5685715E+02  -1.5974802E-43
   1.5719088E+02  -1.7936620E-43
   1.5752462E+02  -1.7936620E-43
   1.5785836E+02  -1.4713634E-43
   1.5819210E+02  -9.1084400E-44
   1.5852584E+02  -2.8025969E-45
   1.5885958E+02   1.0229479E-43
   1.5919332E+02   2.1299737E-43
   1.5952705E+02   3.1529215E-43
   1.5986079E+02   3.8395578E-43
   1.6019453E+02   4.0497526E-43
   1.6052827E+02   3.6573890E-43
   1.6086201E+02   2.5783892E-43
   1.6119575E+02   8.5479206E-44
   1.6152949E+02  -1.3592595E-43
   1.6186322E+02  -3.8956097E-43
   1.6219696E+02  -6.3618950E-43
   1.6253070E+02  -8.3096999E-43
   1.6286444E+02  -9.3746867E-43
   1.6319818E+02  -9.1785049E-43
   1.6353192E+02  -7.5109598E-43
   1.6386566E+02  -4.3159993E-43
   1.6419939E+02   2.1019477E-44
   1.6453313E+02   5.6332198E-43
   1.6486687E+02   1.1308479E-42
   1.6520061E+02   1.6381179E-42
   1.6553435E+02   2.0010542E-42
   1.6586809E+02   2.1285724E-42
   1.6620183E+02   1.9618179E-42
   1.6653556E+02   1.4657582E-42
   1.6686930E+02   6.5300508E-43
   1.6720304E+02  -4.1618564E-43
   1.6753678E+02  -1.6241049E-42
   1.6787052E+02  -2.8053995E-42
   1.6820426E+02  -3.7849072E-42
   1.6853800E+02  -4.3608408E-42
   1.6887173E+02  -4.3762551E-42
   1.6920547E+02  -3.7190461E-42
   1.6953921E+02  -2.3625892E-42
   1.6987295E+02  -3.7835059E-43
   1.7020669E+02   2.0458958E-42
   1.7054043E+02   4.6242849E-42
   1.7087417E+02   6.9840715E-42
   1.7120790E+02   8.7300894E-42
   1.7154164E+02   9.4755802E-42
   1.7187538E+02   8.9192647E-42
   1.7220912E+02   6.8985923E-42
   1.7254286E+02   3.4527994E-42
   1.7287660E+02  -1.1602751E-42
   1.7321034E+02  -6.4557820E-42
   1.7354408E+02  -1.1751289E-41
   1.7387781E+02  -1.6246654E-41
   1.7421155E+02  -1.9108106E-41
   1.7454529E+02  -1.9605567E-41
   1.7487903E+02  -1.7220557E-41
   1.7521277E+02  -1.1794729E-41
   1.7554651E+02  -3.5873241E-42
   1.7588025E+02   6.6687794E-42
   1.7621398E+02   1.7802096E-41
   1.7654772E+02   2.8292216E-41
   1.7688146E+02   3.6451977E-41
   1.7721520E+02   4.0632050E-41
   1.7754894E+02   3.9489992E-41
   1.7788268E+02   3.2241075E-41
   1.7821642E+02   1.8881096E-41
   1.7855015E+02   3.2510124E-43
   1.7888389E+02  -2.1585602E-41
   1.7921763E+02  -4.4174533E-41
   1.7955137E+02  -6.4194884E-41
   1.7988511E+02  -7.8212072E-41
   1.8021885E+02  -8.3087190E-41
   1.8055259E+02  -7.6494081E-41
   1.8088632E+02  -5.7404192E-41
   1.8122006E+02  -2.6469127E-41
   1.8155380E+02   1.3787376E-41
   1.8188754E+02   5.9018487E-41
   1.8222128E+02   1.0340742E-40
   1.8255502E+02   1.4024615E-40
   1.8288876E+02   1.6279725E-40
   1.8322249E+02   1.6526774E-40
   1.8355623E+02   1.4385029E-40
   1.8388997E+02   9.7601839E-41
   1.8422371E+02   2.9075542E-41
   1.8455745E+02  -5.5470400E-41
   1.8489119E+02  -1.4634461E-40
   1.8522493E+02  -2.3130673E-40
   1.8555866E+02  -2.9689871E-40
   1.8589240E+02  -3.3022859E-40
   1.8622614E+02  -3.2096461E-40
   1.8655988E+02  -2.6326334E-40
   1.8689362E+02  -1.5737002E-40
   1.8722736E+02  -1.0613435E-41
   1.8756110E+02   1.6248896E-40
   1.8789483E+02   3.4115592E-40
   1.8822857E+02   5.0031540E-40
   1.8856231E+02   6.1355993E-40
   1.8889605E+02   6.5673814E-40
   1.8922979E+02   6.1186156E-40
   1.8956353E+02   4.7071857E-40
   1.8989727E+02   2.3769105E-40
   1.9023100E+02  -6.8812162E-41
   1.9056474E+02  -4.1667470E-40
   1.9089848E+02  -7.6248853E-40
   1.9123222E+02  -1.0559443E-39
   1.9156596E+02  -1.2459295E-39
   1.9189970E+02  -1.2878311E-39
   1.9223344E+02  -1.1509663E-39
   1.9256718E+02  -8.2533116E-40
   1.9290091E+02  -3.2643808E-40
   1.9323465E+02   3.0271410E-40
   1.9356839E+02   9.9328519E-40
   1.9390213E+02   1.6562297E-39
   1.9423587E+02   2.1917219E-39
   1.9456961E+02   2.5017045E-39
   1.9490335E+02   2.5042002E-39
   1.9523708E+02   2.1477309E-39
   1.9557082E+02   1.4236716E-39
   1.9590456E+02   3.7457969E-40
   1.9623830E+02  -9.0344655E-40
   1.9657204E+02  -2.2656306E-39
   1.9690578E+02  -3.5311488E-39
   1.9723952E+02  -4.5029283E-39
   1.9757325E+02  -4.9930843E-39
   1.9790699E+02  -4.8511832E-39
   1.9824073E+02  -3.9919140E-39
   1.9857447E+02  -2.4180232E-39
   1.9890821E+02  -2.3456615E-40
   1.9924195E+02   2.3489798E-39
   1.9957569E+02   5.0311505E-39
   1.9990942E+02   7.4459984E-39
   2.0024316E+02   9.2043393E-39
   2.0057690E+02   9.9451946E-39
   2.0091064E+02   9.3918176E-39
   2.0124438E+02   7.4051141E-39
   2.0157812E+02   4.0265401E-39
   2.0191186E+02  -4.9744134E-40
   2.0224559E+02  -5.7158558E-39
   2.0257933E+02  -1.1002792E-38
   2.0291307E+02  -1.5616795E-38
   2.0324681E+02  -1.8786637E-38
   2.0358055E+02  -1.9815867E-38
   2.0391429E+02  -1.8194388E-38
   2.0424803E+02  -1.3702618E-38
   2.0458176E+02  -6.4920420E-39
   2.0491550E+02   2.8731607E-39
   2.0524924E+02   1.3425999E-38
   2.0558298E+02   2.3865436E-38
   2.0591672E+02   3.2684339E-38
   2.0625046E+02   3.8348657E-38
   2.0658420E+02   3.9511073E-38
   2.0691793E+02   3.5234787E-38
   2.0725167E+02   2.5197345E-38
   2.0758541E+02   9.8420772E-39
   2.0791915E+02  -9.5533719E-39
   2.0825289E+02  -3.0915531E-38
   2.0858663E+02  -5.1533603E-38
   2.0892037E+02  -6.8336203E-38
   2.0925410E+02  -7.8267306E-38
   2.0958784E+02  -7.8725004E-38
   2.0992158E+02  -6.8011483E-38
   2.1025532E+02  -4.5731863E-38
   2.1058906E+02  -1.3075840E-38
   2.1092280E+02   2.7078036E-38
   2.1125654E+02   7.0281609E-38
   2.1159027E+02   1.1088153E-37
   2.1192401E+02   1.4261951E-37
   2.1225775E+02   1.5942319E-37
   2.1259149E+02   1.5630812E-37
   2.1292523E+02   1.3028027E-37
   2.1325897E+02   8.1110059E-38
   2.1359271E+02   1.1844416E-38
   2.1392645E+02  -7.1062283E-38
   2.1426018E+02  -1.5808373E-37
   2.1459392E+02  -2.3745641E-37
   2.1492766E+02  -2.9648083E-37
   2.1526140E+02  -3.2318303E-37
   2.1559514E+02  -3.0815966E-37
   2.1592888E+02  -2.4637408E-37
   2.1626262E+02  -1.3863521E-37
   2.1659635E+02   7.5088298E-39
   2.1693009E+02   1.7769192E-37
   2.1726383E+02   3.5161942E-37
   2.1759757E+02   5.0496541E-37
   2.1793131E+02   6.1217761E-37
   2.1826505E+02   6.4994402E-37
   2.1859879E+02   6.0093391E-37
   2.1893252E+02   4.5732032E-37
   2.1926626E+02   2.2354000E-37
   2.1960000E+02  -8.2242610E-38
   2.1993374E+02  -4.2839855E-37
   2.2026748E+02  -7.7208631E-37
   2.2060122E+02  -1.0635060E-36
   2.2093496E+02  -1.2518861E-36
   2.2126869E+02  -1.2926348E-36
   2.2160243E+02  -1.1548158E-36
   2.2193617E+02  -8.2793269E-37
   2.2226991E+02  -3.2691275E-37
   2.2260365E+02   3.0572925E-37
   2.2293739E+02   1.0013438E-36
   2.2327113E+02   1.6706190E-36
   2.2360486E+02   2.2129592E-36
   2.2393860E+02   2.5290828E-36
   2.2427234E+02   2.5355472E-36
   2.2460608E+02   2.1794425E-36
   2.2493982E+02   1.4511408E-36
   2.2527356E+02   3.9294436E-37
   2.2560730E+02  -8.9831725E-37
   2.2594103E+02  -2.2761220E-36
   2.2627477E+02  -3.5570686E-36
   2.2660851E+02  -4.5411541E-36
   2.2694225E+02  -5.0378141E-36
   2.2727599E+02  -4.8949345E-36
   2.2760973E+02  -4.0271314E-36
   2.2794347E+02  -2.4390826E-36
   2.2827720E+02  -2.3973961E-37
   2.2861094E+02   2.3561629E-36
   2.2894468E+02   5.0415822E-36
   2.2927842E+02   7.4461820E-36
   2.2961216E+02   9.1792090E-36
   2.2994590E+02   9.8823546E-36
   2.3027964E+02   9.2865733E-36
   2.3061337E+02   7.2653357E-36
   2.3094711E+02   3.8760179E-36
   2.3128085E+02  -6.1842561E-37
   2.3161459E+02  -5.7538752E-36
   2.3194833E+02  -1.0899106E-35
   2.3228207E+02  -1.5319399E-35
   2.3261581E+02  -1.8265292E-35
   2.3294955E+02  -1.9077777E-35
   2.3328328E+02  -1.7297366E-35
   2.3361702E+02  -1.2762075E-35
   2.3395076E+02  -5.6782928E-36
   2.3428450E+02   3.3498389E-36
   2.3461824E+02   1.3343484E-35
   2.3495198E+02   2.3029620E-35
   2.3528572E+02   3.0976520E-35
   2.3561945E+02   3.5773530E-35
   2.3595319E+02   3.6236312E-35
   2.3628693E+02   3.1612105E-35
   2.3662067E+02   2.1755568E-35
   2.3695441E+02   7.2453794E-36
   2.3728815E+02  -1.0584490E-35
   2.3762189E+02  -2.9716689E-35
   2.3795562E+02  -4.7631375E-35
   2.3828936E+02  -6.1587340E-35
   2.3862310E+02  -6.8978571E-35
   2.3895684E+02  -6.7727209E-35
   2.3929058E+02  -5.6662180E-35
   2.3962432E+02  -3.5827162E-35
   2.3995806E+02  -6.6630268E-36
   2.4029179E+02   2.7980824E-35
   2.4062553E+02   6.4034217E-35
   2.4095927E+02   9.6596903E-35
   2.4129301E+02   1.2050778E-34
   2.4162675E+02   1.3103865E-34
   2.4196049E+02   1.2463310E-34
   2.4229423E+02   9.9591842E-35
   2.4262796E+02   5.6598693E-35
   2.4296170E+02  -1.0116598E-36
   2.4329544E+02  -6.7321744E-35
   2.4362918E+02  -1.3427660E-34
   2.4396292E+02  -1.9250013E-34
   2.4429666E+02  -2.3242311E-34
   2.4463040E+02  -2.4560921E-34
   2.4496413E+02  -2.2612177E-34
   2.4529787E+02  -1.7174259E-34
   2.4563161E+02  -8.4848629E-35
   2.4596535E+02   2.7229804E-35
   2.4629909E+02   1.5249702E-34
   2.4663283E+02   2.7528314E-34
   2.4696657E+02   3.7790300E-34
   2.4730030E+02   4.4284817E-34
   2.4763404E+02   4.5528232E-34
   2.4796778E+02   4.0553274E-34
   2.4830152E+02   2.9122620E-34
   2.4863526E+02   1.1871488E-34
   2.4896900E+02  -9.6513137E-35
   2.4930274E+02  -3.3064787E-34
   2.4963647E+02  -5.5366179E-34
   2.4997021E+02  -7.3259930E-34
   2.5030395E+02  -8.3576546E-34
   2.5063769E+02  -8.3735578E-34
   2.5097143E+02  -7.2194551E-34
   2.5130517E+02  -4.8818606E-34
   2.5163891E+02  -1.5107778E-34
   2.5197264E+02   2.5771152E-34
   2.5230638E+02   6.9180823E-34
   2.5264012E+02   1.0944363E-33
   2.5297386E+02   1.4048013E-33
   2.5330760E+02   1.5659684E-33
   2.5364134E+02   1.5333529E-33
   2.5397508E+02   1.2827307E-33
   2.5430882E+02   8.1658479E-34
   2.5464255E+02   1.6766567E-34
   2.5497629E+02  -6.0113174E-34
   2.5531003E+02  -1.4010869E-33
   2.5564377E+02  -2.1261714E-33
   2.5597751E+02  -2.6651928E-33
   2.5631125E+02  -2.9164022E-33
   2.5664499E+02  -2.8028969E-33
   2.5697872E+02  -2.2868126E-33
   2.5731246E+02  -1.3801652E-33
   2.5764620E+02  -1.5038728E-34
   2.5797994E+02   1.2809731E-33
   2.5831368E+02   2.7471645E-33
   2.5864742E+02   4.0526123E-33
   2.5898116E+02   4.9955784E-33
   2.5931489E+02   5.3948656E-33
   2.5964863E+02   5.1174911E-33
   2.5998237E+02   4.1036680E-33
   2.6031611E+02   2.3853225E-33
   2.6064985E+02   9.4701315E-35
   2.6098359E+02  -2.5394710E-33
   2.6131733E+02  -5.2094864E-33
   2.6165106E+02  -7.5593147E-33
   2.6198480E+02  -9.2260834E-33
   2.6231854E+02  -9.8882115E-33
   2.6265228E+02  -9.3146305E-33
   2.6298602E+02  -7.4085252E-33
   2.6331976E+02  -4.2389524E-33
   2.6365350E+02  -5.4417858E-35
   2.6398723E+02   4.7258792E-33
   2.6432097E+02   9.5449803E-33
   2.6465471E+02   1.3764093E-32
   2.6498845E+02   1.6737078E-32
   2.6532219E+02   1.7895990E-32
   2.6565593E+02   1.6837625E-32
   2.6598967E+02   1.3399620E-32
   2.6632340E+02   7.7145182E-33
   2.6665714E+02   2.3161977E-34
   2.6699088E+02  -8.3005528E-33
   2.6732462E+02  -1.6894015E-32
   2.6765836E+02  -2.4420866E-32
   2.6799210E+02  -2.9744553E-32
   2.6832584E+02  -3.1869465E-32
   2.6865957E+02  -3.0091362E-32
   2.6899331E+02  -2.4128700E-32
   2.6932705E+02  -1.4214889E-32
   2.6966079E+02  -1.1343102E-33
   2.6999453E+02   1.3810018E-32
   2.7032827E+02   2.8901492E-32
   2.7066201E+02   4.2183056E-32
   2.7099574E+02   5.1684141E-32
   2.7132948E+02   5.5678148E-32
   2.7166322E+02   5.2940328E-32
   2.7199696E+02   4.2971933E-32
   2.7233070E+02   2.6157106E-32
   2.7266444E+02   3.8229346E-33
   2.7299818E+02  -2.1816726E-32
   2.7333192E+02  -4.7841010E-32
   2.7366565E+02  -7.0916798E-32
   2.7399939E+02  -8.7683838E-32
   2.7433313E+02  -9.5190533E-32
   2.7466687E+02  -9.1329387E-32
   2.7500061E+02  -7.5214876E-32
   2.7533435E+02  -4.7446913E-32
   2.7566809E+02  -1.0211827E-32
   2.7600182E+02   3.2812197E-32
   2.7633556E+02   7.6755902E-32
   2.7666930E+02   1.1605150E-31
   2.7700304E+02   1.4507469E-31
   2.7733678E+02   1.5887022E-31
   2.7767052E+02   1.5387517E-31
   2.7800426E+02   1.2854564E-31
   2.7833799E+02   8.3792564E-32
   2.7867173E+02   2.3148182E-32
   2.7900547E+02  -4.7390569E-32
   2.7933921E+02  -1.1985841E-31
   2.7967295E+02  -1.8513223E-31
   2.8000669E+02  -2.3398518E-31
   2.8034043E+02  -2.5827548E-31
   2.8067416E+02  -2.5212809E-31
   2.8100790E+02  -2.1295472E-31
   2.8134164E+02  -1.4215998E-31
   2.8167538E+02  -4.5404762E-32
   2.8200912E+02   6.7656224E-32
   2.8234286E+02   1.8418915E-31
   2.8267660E+02   2.8950251E-31
   2.8301033E+02   3.6875827E-31
   2.8334407E+02   4.0889275E-31
   2.8367781E+02   4.0051768E-31
   2.8401155E+02   3.3954954E-31
   2.8434529E+02   2.2832259E-31
   2.8467903E+02   7.5982580E-32
   2.8501277E+02  -1.0197143E-31
   2.8534650E+02  -2.8503056E-31
   2.8568024E+02  -4.4982553E-31
   2.8601398E+02  -5.7288883E-31
   2.8634772E+02  -6.3373092E-31
   2.8668146E+02  -6.1786118E-31
   2.8701520E+02  -5.1934723E-31
   2.8734894E+02  -3.4252222E-31
   2.8768267E+02  -1.0252310E-31
   2.8801641E+02   1.7554302E-31
   2.8835015E+02   4.5884388E-31
   2.8868389E+02   7.1033812E-31
   2.8901763E+02   8.9323399E-31
   2.8935137E+02   9.7590764E-31
   2.8968511E+02   9.3667330E-31
   2.9001884E+02   7.6775824E-31
   2.9035258E+02   4.7786845E-31
   2.9068632E+02   9.2839004E-32
   2.9102006E+02  -3.4592086E-31
   2.9135380E+02  -7.8523643E-31
   2.9168754E+02  -1.1659673E-30
   2.9202128E+02  -1.4302538E-30
   2.9235501E+02  -1.5294054E-30
   2.9268875E+02  -1.4314502E-30
   2.9302249E+02  -1.1273081E-30
   2.9335623E+02  -6.3460191E-31
   2.9368997E+02   1.6632070E-33
   2.9402371E+02   7.1199712E-31
   2.9435745E+02   1.4089212E-30
   2.9469119E+02   1.9966044E-30
   2.9502492E+02   2.3827203E-30
   2.9535866E+02   2.4911893E-30
   2.9569240E+02   2.2742299E-30
   2.9602614E+02   1.7220210E-30
   2.9635988E+02   8.6843661E-31
   2.9669362E+02  -2.0836587E-31
   2.9702736E+02  -1.3911688E-30
   2.9736109E+02  -2.5346923E-30
   2.9769483E+02  -3.4815826E-30
   2.9802857E+02  -4.0818408E-30
   2.9836231E+02  -4.2135100E-30
   2.9869605E+02  -3.8020584E-30
   2.9902979E+02  -2.8357295E-30
   2.9936353E+02  -1.3744075E-30
   2.9969726E+02   4.4992846E-31
   3.0003100E+02   2.4421439E-30
   3.0036474E+02   4.3621907E-30
   3.0069848E+02   5.9512898E-30
   3.0103222E+02   6.9635277E-30
   3.0136596E+02   7.1993443E-30
   3.0169970E+02   6.5367341E-30
   3.0203343E+02   4.9558639E-30
   3.0236717E+02   2.5531508E-30
   3.0270091E+02  -4.5818155E-31
   3.0303465E+02  -3.7626164E-30
   3.0336839E+02  -6.9716934E-30
   3.0370213E+02  -9.6659821E-30
   3.0403587E+02  -1.1445617E-29
   3.0436960E+02  -1.1983764E-29
   3.0470334E+02  -1.1076396E-29
   3.0503708E+02  -8.6815821E-30
   3.0537082E+02  -4.9420792E-30
   3.0570456E+02  -1.8656562E-31
   3.0603830E+02   5.0928738E-30
   3.0637204E+02   1.0286561E-29
   3.0670577E+02   1.4732883E-29
   3.0703951E+02   1.7797293E-29
   3.0737325E+02   1.8955940E-29
   3.0770699E+02   1.7873549E-29
   3.0804073E+02   1.4464972E-29
   3.0837447E+02   8.9308757E-30
   3.0870821E+02   1.7603673E-30
   3.0904194E+02  -6.3030620E-30
   3.0937568E+02  -1.4331477E-29
   3.0970942E+02  -2.1312885E-29
   3.1004316E+02  -2.6272086E-29
   3.1037690E+02  -2.8398457E-29
   3.1071064E+02  -2.7164857E-29
   3.1104438E+02  -2.2421493E-29
   3.1137811E+02  -1.4450383E-29
   3.1171185E+02  -3.9694673E-30
   3.1204559E+02   7.9187747E-30
   3.1237933E+02   1.9832826E-29
   3.1271307E+02   3.0263263E-29
   3.1304681E+02   3.7754257E-29
   3.1338055E+02   4.1094864E-29
   3.1371429E+02   3.9496375E-29
   3.1404802E+02   3.2731444E-29
   3.1438176E+02   2.1213697E-29
   3.1471550E+02   6.0019538E-30
   3.1504924E+02  -1.1278198E-29
   3.1538298E+02  -2.8592880E-29
   3.1571672E+02  -4.3725224E-29
   3.1605046E+02  -5.4544250E-29
   3.1638419E+02  -5.9286564E-29
   3.1671793E+02  -5.6815463E-29
   3.1705167E+02  -4.6822086E-29
   3.1738541E+02  -2.9937200E-29
   3.1771915E+02  -7.7316172E-30
   3.1805289E+02   1.7404800E-29
   3.1838663E+02   4.2500309E-29
   3.1872036E+02   6.4334113E-29
   3.1905410E+02   7.9829682E-29
   3.1938784E+02   8.6463192E-29
   3.1972158E+02   8.2635021E-29
   3.2005532E+02   6.7953206E-29
   3.2038906E+02   4.3384485E-29
   3.2072280E+02   1.1242309E-29
   3.2105653E+02  -2.5000439E-29
   3.2139027E+02  -6.1064113E-29
   3.2172401E+02  -9.2348545E-29
   3.2205775E+02  -1.1450004E-28
   3.2239149E+02  -1.2399272E-28
   3.2272523E+02  -1.1864891E-28
   3.2305897E+02  -9.8026157E-29
   3.2339270E+02  -6.3609379E-29
   3.2372644E+02  -1.8767459E-29
   3.2406018E+02   3.1539474E-29
   3.2439392E+02   8.1282862E-29
   3.2472766E+02   1.2406980E-28
   3.2506140E+02   1.5394875E-28
   3.2539514E+02   1.6622083E-28
   3.2572887E+02   1.5814866E-28
   3.2606261E+02   1.2946259E-28
   3.2639635E+02   8.2579338E-29
   3.2673009E+02   2.2483186E-29
   3.2706383E+02  -4.3743069E-29
   3.2739757E+02  -1.0770318E-28
   3.2773131E+02  -1.6070940E-28
   3.2806504E+02  -1.9492457E-28
   3.2839878E+02  -2.0448251E-28
   3.2873252E+02  -1.8643445E-28
   3.2906626E+02  -1.4138179E-28
   3.2940000E+02  -7.3682505E-29
   3.2973374E+02   8.8305573E-30
   3.3006748E+02   9.5625022E-29
   3.3040121E+02   1.7467641E-28
   3.3073495E+02   2.3398289E-28
   3.3106869E+02   2.6321292E-28
   3.3140243E+02   2.5527573E-28
   3.3173617E+02   2.0759962E-28
   3.3206991E+02   1.2291957E-28
   3.3240365E+02   9.4249474E-30
   3.3273739E+02  -1.1980931E-28
   3.3307112E+02  -2.4810239E-28
   3.3340486E+02  -3.5705068E-28
   3.3373860E+02  -4.2882631E-28
   3.3407234E+02  -4.4862400E-28
   3.3440608E+02  -4.0695396E-28
   3.3473982E+02  -3.0146408E-28
   3.3507356E+02  -1.3801310E-28
   3.3540729E+02   6.9214889E-29
   3.3574103E+02   2.9865781E-28
   3.3607477E+02   5.2336174E-28
   3.3640851E+02   7.1384786E-28
   3.3674225E+02   8.4157630E-28
   3.3707599E+02   8.8262403E-28
   3.3740973E+02   8.2113256E-28
   3.3774346E+02   6.5207578E-28
   3.3807720E+02   3.8294368E-28
   3.3841094E+02   3.4042641E-29
   3.3874468E+02  -3.6274197E-28
   3.3907842E+02  -7.6669230E-28
   3.3941216E+02  -1.1323027E-27
   3.3974590E+02  -1.4142279E-27
   3.4007963E+02  -1.5726055E-27
   3.4041337E+02  -1.5781409E-27
   3.4074711E+02  -1.4163233E-27
   3.4108085E+02  -1.0902031E-27
   3.4141459E+02  -6.2130702E-28
   3.4174833E+02  -4.8456109E-29
   3.4208207E+02   5.7550581E-28
   3.4241580E+02   1.1888065E-27
   3.4274954E+02   1.7271697E-27
   3.4308328E+02   2.1308768E-27
   3.4341702E+02   2.3516558E-27
   3.4375076E+02   2.3585816E-27
   3.4408450E+02   2.1422230E-27
   3.4441824E+02   1.7164689E-27
   3.4475197E+02   1.1177054E-27
   3.4508571E+02   4.0134493E-28
   3.4541945E+02  -3.6398901E-28
   3.4575319E+02  -1.1039950E-27
   3.4608693E+02  -1.7470788E-27
   3.4642067E+02  -2.2325904E-27
   3.4675441E+02  -2.5178657E-27
   3.4708814E+02  -2.5831580E-27
   3.4742188E+02  -2.4337563E-27
   3.4775562E+02  -2.0989226E-27
   3.4808936E+02  -1.6276885E-27
   3.4842310E+02  -1.0819665E-27
   3.4875684E+02  -5.2780023E-28
   3.4909058E+02  -2.5898173E-29
   3.4942431E+02   3.7726782E-28
   3.4975805E+02   6.5649761E-28
   3.5009179E+02   8.1190697E-28
   3.5042553E+02   8.6920050E-28
   3.5075927E+02   8.7585574E-28
   3.5109301E+02   8.9344660E-28
   3.5142675E+02   9.8691796E-28
   3.5176048E+02   1.2120961E-27
   3.5209422E+02   1.6031456E-27
   3.5242796E+02   2.1618059E-27
   3.5276170E+02   2.8502671E-27
   3.5309544E+02   3.5891684E-27
   3.5342918E+02   4.2617402E-27
   3.5376292E+02   4.7243466E-27
   3.5409666E+02   4.8228779E-27
   3.5443039E+02   4.4135631E-27
   3.5476413E+02   3.3860375E-27
   3.5509787E+02   1.6858982E-27
   3.5543161E+02  -6.6630329E-28
   3.5576535E+02  -3.5626033E-27
   3.5609909E+02  -6.8042388E-27
   3.5643283E+02  -1.0109102E-26
   3.5676656E+02  -1.3130593E-26
   3.5710030E+02  -1.5487281E-26
   3.5743404E+02  -1.6801181E-26
   3.5776778E+02  -1.6741353E-26
   3.5810152E+02  -1.5068487E-26
   3.5843526E+02  -1.1675289E-26
   3.5876900E+02  -6.6177380E-27
   3.5910273E+02  -1.3240152E-28
   3.5943647E+02   7.3637469E-27
   3.5977021E+02   1.5292984E-26
   3.6010395E+02   2.2956128E-26
   3.6043769E+02   2.9589291E-26
   3.6077143E+02   3.4433914E-26
   3.6110517E+02   3.6813889E-26
   3.6143890E+02   3.6212438E-26
   3.6177264E+02   3.2340465E-26
   3.6210638E+02   2.5188529E-26
   3.6244012E+02   1.5055500E-26
   3.6277386E+02   2.5488034E-27
   3.6310760E+02  -1.1446033E-26
   3.6344134E+02  -2.5825963E-26
   3.6377507E+02  -3.9357346E-26
   3.6410881E+02  -5.0782249E-26
   3.6444255E+02  -5.8934744E-26
   3.6477629E+02  -6.2856369E-26
   3.6511003E+02  -6.1898717E-26
   3.6544377E+02  -5.5802603E-26
   3.6577751E+02  -4.4744403E-26
   3.6611124E+02  -2.9343234E-26
   3.6644498E+02  -1.0626577E-26
   3.6677872E+02   1.0043943E-26
   3.6711246E+02   3.1081274E-26
   3.6744620E+02   5.0805850E-26
   3.6777994E+02   6.7591131E-26
   3.6811368E+02   8.0007302E-26
   3.6844741E+02   8.6948989E-26
   3.6878115E+02   8.7734762E-26
   3.6911489E+02   8.2167937E-26
   3.6944863E+02   7.0552817E-26
   3.6978237E+02   5.3665301E-26
   3.7011611E+02   3.2680960E-26
   3.7044985E+02   9.0687088E-27
   3.7078358E+02  -1.5538363E-26
   3.7111732E+02  -3.9481490E-26
   3.7145106E+02  -6.1209172E-26
   3.7178480E+02  -7.9391627E-26
   3.7211854E+02  -9.3005801E-26
   3.7245228E+02  -1.0138360E-25
   3.7278602E+02  -1.0422200E-25
   3.7311976E+02  -1.0155630E-25
   3.7345349E+02  -9.3704547E-26
   3.7378723E+02  -8.1193533E-26
   3.7412097E+02  -6.4677239E-26
   3.7445471E+02  -4.4862837E-26
   3.7478845E+02  -2.2452880E-26
   3.7512219E+02   1.8857597E-27
   3.7545593E+02   2.7524121E-26
   3.7578966E+02   5.3843960E-26
   3.7612340E+02   8.0186916E-26
   3.7645714E+02   1.0579124E-25
   3.7679088E+02   1.2972654E-25
   3.7712462E+02   1.5084334E-25
   3.7745836E+02   1.6774877E-25
   3.7779210E+02   1.7882343E-25
   3.7812583E+02   1.8228465E-25
   3.7845957E+02   1.7630035E-25
   3.7879331E+02   1.5915279E-25
   3.7912705E+02   1.2944236E-25
   3.7946079E+02   8.6317290E-26
   3.7979453E+02   2.9713278E-26
   3.8012827E+02  -3.9421157E-26
   3.8046200E+02  -1.1893899E-25
   3.8079574E+02  -2.0536955E-25
   3.8112948E+02  -2.9388584E-25
   3.8146322E+02  -3.7837999E-25
   3.8179696E+02  -4.5167104E-25
   3.8213070E+02  -5.0585094E-25
   3.8246444E+02  -5.3277708E-25
   3.8279817E+02  -5.2469870E-25
   3.8313191E+02  -4.7499884E-25
   3.8346565E+02  -3.7901414E-25
   3.8379939E+02  -2.3487872E-25
   3.8413313E+02  -4.4320153E-26
   3.8446687E+02   1.8666569E-25
   3.8480061E+02   4.4737175E-25
   3.8513434E+02   7.2224781E-25
   3.8546808E+02   9.9118263E-25
   3.8580182E+02   1.2302693E-24
   3.8613556E+02   1.4130980E-24
   3.8646930E+02   1.5125842E-24
   3.8680304E+02   1.5032798E-24
   3.8713678E+02   1.3640547E-24
   3.8747051E+02   1.0809805E-24
   3.8780425E+02   6.5017452E-25
   3.8813799E+02   8.0319944E-26
   3.8847173E+02  -6.0545834E-25
   3.8880547E+02  -1.3687021E-24
   3.8913921E+02  -2.1560002E-24
   3.8947295E+02  -2.9009038E-24
   3.8980668E+02  -3.5275087E-24
   3.9014042E+02  -3.9557170E-24
   3.9047416E+02  -4.1080168E-24
   3.9080790E+02  -3.9174414E-24
   3.9114164E+02  -3.3361409E-24
   3.9147538E+02  -2.3438584E-24
   3.9180912E+02  -9.5544032E-25
   3.9214285E+02   7.7359645E-25
   3.9247659E+02   2.7444065E-24
   3.9281033E+02   4.8159532E-24
   3.9314407E+02   6.8106125E-24
   3.9347781E+02   8.5246179E-24
   3.9381155E+02   9.7432652E-24
   3.9414529E+02   1.0260278E-23
   3.9447903E+02   9.9001917E-24
   3.9481276E+02   8.5419886E-24
   3.9514650E+02   6.1417298E-24
   3.9548024E+02   2.7516099E-24
   3.9581398E+02  -1.4674371E-24
   3.9614772E+02  -6.2421435E-24
   3.9648146E+02  -1.1194619E-23
   3.9681520E+02  -1.5862704E-23
   3.9714893E+02  -1.9733289E-23
   3.9748267E+02  -2.2287365E-23
   3.9781641E+02  -2.3054116E-23
   3.9815015E+02  -2.1669671E-23
   3.9848389E+02  -1.7934847E-23
   3.9881763E+02  -1.1865017E-23
   3.9915137E+02  -3.7250237E-24
   3.9948510E+02   5.9575841E-24
   3.9981884E+02   1.6406682E-23
   4.0015258E+02   2.6642117E-23
   4.0048632E+02   3.5555248E-23
   4.0082006E+02   4.2011873E-23
   4.0115380E+02   4.4975563E-23
   4.0148754E+02   4.3640205E-23
   4.0182127E+02   3.7557788E-23
   4.0215501E+02   2.6745499E-23
   4.0248875E+02   1.1755681E-23
   4.0282249E+02  -6.3058448E-24
   4.0315623E+02  -2.5823994E-23
   4.0348997E+02  -4.4786259E-23
   4.0382371E+02  -6.0959864E-23
   4.0415744E+02  -7.2123281E-23
   4.0449118E+02  -7.6333261E-23
   4.0482492E+02  -7.2200034E-23
   4.0515866E+02  -5.9138529E-23
   4.0549240E+02  -3.7560747E-23
   4.0582614E+02  -8.9757682E-24
   4.0615988E+02   2.4029817E-23
   4.0649361E+02   5.7948321E-23
   4.0682735E+02   8.8646850E-23
   4.0716109E+02   1.1178853E-22
   4.0749483E+02   1.2334670E-22
   4.0782857E+02   1.2016273E-22
   4.0816231E+02   1.0048409E-22
   4.0849605E+02   6.4411843E-23
   4.0882978E+02   1.4185022E-23
   4.0916352E+02  -4.5760136E-23
   4.0949726E+02  -1.0900205E-22
   4.0983100E+02  -1.6763458E-22
   4.1016474E+02  -2.1304147E-22
   4.1049848E+02  -2.3689122E-22
   4.1083222E+02  -2.3226236E-22
   4.1116595E+02  -1.9477773E-22
   4.1149969E+02  -1.2360231E-22
   4.1183343E+02  -2.2156276E-23
   4.1216717E+02   1.0159915E-22
   4.1250091E+02   2.3540955E-22
   4.1283465E+02   3.6356913E-22
   4.1316839E+02   4.6834821E-22
   4.1350213E+02   5.3192257E-22
   4.1383586E+02   5.3864200E-22
   4.1416960E+02   4.7740463E-22
   4.1450334E+02   3.4385129E-22
   4.1483708E+02   1.4206731E-22
   4.1517082E+02  -1.1450585E-22
   4.1550456E+02  -4.0319994E-22
   4.1583830E+02  -6.9344413E-22
   4.1617203E+02  -9.4931456E-22
   4.1650577E+02  -1.1331855E-21
   4.1683951E+02  -1.2101944E-21
   4.1717325E+02  -1.1530904E-21
   4.1750699E+02  -9.4690259E-22
   4.1784073E+02  -5.9281163E-22
   4.1817447E+02  -1.1059623E-22
   4.1850820E+02   4.6088102E-22
   4.1884194E+02   1.0655313E-21
   4.1917568E+02   1.6343724E-21
   4.1950942E+02   2.0921805E-21
   4.1984316E+02   2.3659833E-21
   4.2017690E+02   2.3945968E-21
   4.2051064E+02   2.1381569E-21
   4.2084437E+02   1.5864214E-21
   4.2117811E+02   7.6458964E-22
   4.2151185E+02  -2.6449756E-22
   4.2184559E+02  -1.4026299E-21
   4.2217933E+02  -2.5233781E-21
   4.2251307E+02  -3.4839660E-21
   4.2284681E+02  -4.1410729E-21
   4.2318054E+02  -4.3691405E-21
   4.2351428E+02  -4.0791879E-21
   4.2384802E+02  -3.2357864E-21
   4.2418176E+02  -1.8696794E-21
   4.2451550E+02  -8.3704781E-23
   4.2484924E+02   1.9498053E-21
   4.2518298E+02   4.0011534E-21
   4.2551671E+02   5.8048627E-21
   4.2585045E+02   7.0893474E-21
   4.2618419E+02   7.6120230E-21
   4.2651793E+02   7.1960416E-21
   4.2685167E+02   5.7640033E-21
   4.2718541E+02   3.3636219E-21
   4.2751915E+02   1.8057094E-22
   4.2785288E+02  -3.4652959E-21
   4.2818662E+02  -7.1425640E-21
   4.2852036E+02  -1.0349739E-20
   4.2885410E+02  -1.2573018E-20
   4.2918784E+02  -1.3355148E-20
   4.2952158E+02  -1.2367772E-20
   4.2985532E+02  -9.4778508E-21
   4.3018905E+02  -4.7980640E-21
   4.3052279E+02   1.2885042E-21
   4.3085653E+02   8.1371041E-21
   4.3119027E+02   1.4887949E-20
   4.3152401E+02   2.0550617E-20
   4.3185775E+02   2.4120968E-20
   4.3219149E+02   2.4719869E-20
   4.3252522E+02   2.1738145E-20
   4.3285896E+02   1.4968811E-20
   4.3319270E+02   4.7061472E-21
   4.3352644E+02  -8.2077352E-21
   4.3386018E+02  -2.2404051E-20
   4.3419392E+02  -3.6084694E-20
   4.3452766E+02  -4.7195329E-20
   4.3486140E+02  -5.3663190E-20
   4.3519513E+02  -5.3678057E-20
   4.3552887E+02  -4.5985594E-20
   4.3586261E+02  -3.0155548E-20
   4.3619635E+02  -6.7846921E-21
   4.3653009E+02   2.2402814E-20
   4.3686383E+02   5.4587574E-20
   4.3719757E+02   8.6036122E-20
   4.3753130E+02   1.1243062E-19
   4.3786504E+02   1.2932700E-19
   4.3819878E+02   1.3270130E-19
   4.3853252E+02   1.1952721E-19
   4.3886626E+02   8.8314830E-20
   4.3920000E+02   3.9536377E-20
   4.3953374E+02  -2.4131537E-20
   4.3986747E+02  -9.7805745E-20
   4.4020121E+02  -1.7466790E-19
   4.4053495E+02  -2.4651321E-19
   4.4086869E+02  -3.0454557E-19
   4.4120243E+02  -3.4035326E-19
   4.4153617E+02  -3.4696990E-19
   4.4186991E+02  -3.1990158E-19
   4.4220364E+02  -2.5799249E-19
   4.4253738E+02  -1.6400573E-19
   4.4287112E+02  -4.4816174E-20
   4.4320486E+02   8.8850727E-20
   4.4353860E+02   2.2315554E-19
   4.4387234E+02   3.4232094E-19
   4.4420608E+02   4.3015827E-19
   4.4453981E+02   4.7180516E-19
   4.4487355E+02   4.5549548E-19
   4.4520729E+02   3.7416440E-19
   4.4554103E+02   2.2669063E-19
   4.4587477E+02   1.8602491E-20
   4.4620851E+02  -2.3788184E-19
   4.4654225E+02  -5.2454164E-19
   4.4687598E+02  -8.1855612E-19
   4.4720972E+02  -1.0945252E-18
   4.4754346E+02  -1.3269332E-18
   4.4787720E+02  -1.4928102E-18
   4.4821094E+02  -1.5743100E-18
   4.4854468E+02  -1.5608981E-18
   4.4887842E+02  -1.4508657E-18
   4.4921215E+02  -1.2519366E-18
   4.4954589E+02  -9.8079694E-19
   4.4987963E+02  -6.6149127E-19
   4.5021337E+02  -3.2273424E-19
   4.5054711E+02   5.7123025E-21
   4.5088085E+02   2.9732159E-19
   4.5121459E+02   5.3340928E-19
   4.5154832E+02   7.0766397E-19
   4.5188206E+02   8.3021481E-19
   4.5221580E+02   9.3087205E-19
   4.5254954E+02   1.0612710E-18
   4.5288328E+02   1.2957870E-18
   4.5321702E+02   1.7312173E-18
   4.5355076E+02   2.4854122E-18
   4.5388450E+02   3.6952040E-18
   4.5421823E+02   5.5140571E-18
   4.5455197E+02   8.1100237E-18
   4.5488571E+02   1.1664570E-17
   4.5521945E+02   1.6372791E-17
   4.5555319E+02   2.2445579E-17
   4.5588693E+02   3.0113993E-17
   4.5622067E+02   3.9636007E-17
   4.5655440E+02   5.1305914E-17
   4.5688814E+02   6.5465866E-17
   4.5722188E+02   8.2519505E-17
   4.5755562E+02   1.0294717E-16
   4.5788936E+02   1.2732192E-16
   4.5822310E+02   1.5632620E-16
   4.5855684E+02   1.9076794E-16
   4.5889057E+02   2.3159625E-16
   4.5922431E+02   2.7991527E-16
   4.5955805E+02   3.3699804E-16
   4.5989179E+02   4.0429592E-16
   4.6022553E+02   4.8344866E-16
   4.6055927E+02   5.7629072E-16
   4.6089301E+02   6.8485441E-16
   4.6122674E+02   8.1136820E-16
   4.6156048E+02   9.5824679E-16
   4.6189422E+02   1.1280732E-15
   4.6222796E+02   1.3235613E-15
   4.6256170E+02   1.5475034E-15
   4.6289544E+02   1.8026871E-15
   4.6322918E+02   2.0917834E-15
   4.6356291E+02   2.4171923E-15
   4.6389665E+02   2.7808420E-15
   4.6423039E+02   3.1839401E-15
   4.6456413E+02   3.6266448E-15
   4.6489787E+02   4.1076668E-15
   4.6523161E+02   4.6237500E-15
   4.6556535E+02   5.1690419E-15
   4.6589908E+02   5.7342813E-15
   4.6623282E+02   6.3058020E-15
   4.6656656E+02   6.8642754E-15
   4.6690030E+02   7.3832084E-15
   4.6723404E+02   7.8270376E-15
   4.6756778E+02   8.1488237E-15
   4.6790152E+02   8.2874788E-15
   4.6823525E+02   8.1643041E-15
   4.6856899E+02   7.6787721E-15
   4.6890273E+02   6.7034772E-15
   4.6923647E+02   5.0779744E-15
   4.6957021E+02   2.6013466E-15
   4.6990395E+02  -9.7662899E-16
   4.7023769E+02  -5.9662663E-15
   4.7057142E+02  -1.2750590E-14
   4.7090516E+02  -2.1800290E-14
   4.7123890E+02  -3.3691684E-14
   4.7157264E+02  -4.9127477E-14
   4.7190638E+02  -6.8961519E-14
   4.7224012E+02  -9.4227848E-14
   4.7257386E+02  -1.2617427E-13
   4.7290760E+02  -1.6630295E-13
   4.7324133E+02  -2.1641648E-13
   4.7357507E+02  -2.7867259E-13
   4.7390881E+02  -3.5564802E-13
   4.7424255E+02  -4.5041287E-13
   4.7457629E+02  -5.6661522E-13
   4.7491003E+02  -7.0858261E-13
   4.7524377E+02  -8.8143544E-13
   4.7557750E+02  -1.0912230E-12
   4.7591124E+02  -1.3450768E-12
   4.7624498E+02  -1.6513861E-12
   4.7657872E+02  -2.0200046E-12
   4.7691246E+02  -2.4624849E-12
   4.7724620E+02  -2.9923442E-12
   4.7757994E+02  -3.6253691E-12
   4.7791367E+02  -4.3799664E-12
   4.7824741E+02  -5.2775683E-12
   4.7858115E+02  -6.3430606E-12
   4.7891489E+02  -7.6053261E-12
   4.7924863E+02  -9.0977954E-12
   4.7958237E+02  -1.0859120E-11
   4.7991611E+02  -1.2933909E-11
   4.8024984E+02  -1.5373558E-11
   4.8058358E+02  -1.8237183E-11
   4.8091732E+02  -2.1592698E-11
   4.8125106E+02  -2.5517964E-11
   4.8158480E+02  -3.0102133E-11
   4.8191854E+02  -3.5447072E-11
   4.8225228E+02  -4.1669071E-11
   4.8258601E+02  -4.8900651E-11
   4.8291975E+02  -5.7292449E-11
   4.8325349E+02  -6.7015629E-11
   4.8358723E+02  -7.8264235E-11
   4.8392097E+02  -9.1257918E-11
   4.8425471E+02  -1.0624501E-10
   4.8458845E+02  -1.2350559E-10
   4.8492218E+02  -1.4335522E-10
   4.8525592E+02  -1.6614893E-10
   4.8558966E+02  -1.9228520E-10
   4.8592340E+02  -2.2221086E-10
   4.8625714E+02  -2.5642607E-10
   4.8659088E+02  -2.9548927E-10
   4.8692462E+02  -3.4002368E-10
   4.8725835E+02  -3.9072315E-10
   4.8759209E+02  -4.4835891E-10
   4.8792583E+02  -5.1378612E-10
   4.8825957E+02  -5.8795346E-10
   4.8859331E+02  -6.7190842E-10
   4.8892705E+02  -7.6680767E-10
   4.8926079E+02  -8.7392504E-10
   4.8959452E+02  -9.9466291E-10
   4.8992826E+02  -1.1305579E-09
   4.9026200E+02  -1.2832964E-09
   4.9059574E+02  -1.4547200E-09
   4.9092948E+02  -1.6468388E-09
   4.9126322E+02  -1.8618432E-09
   4.9159696E+02  -2.1021136E-09
   4.9193069E+02  -2.3702325E-09
   4.9226443E+02  -2.6689901E-09
   4.9259817E+02  -3.0014078E-09
   4.9293191E+02  -3.3707361E-09
   4.9326565E+02  -3.7804737E-09
   4.9359939E+02  -4.2343715E-09
   4.9393313E+02  -4.7364419E-09
   4.9426687E+02  -5.2909752E-09
   4.9460060E+02  -5.9025371E-09
   4.9493434E+02  -6.5759762E-09
   4.9526808E+02  -7.3164292E-09
   4.9560182E+02  -8.1293283E-09
   4.9593556E+02  -9.0203880E-09
   4.9626930E+02  -9.9956230E-09
   4.9660304E+02  -1.1061311E-08
   4.9693677E+02  -1.2224029E-08
   4.9727051E+02  -1.3490599E-08
   4.9760425E+02  -1.4868102E-08
   4.9793799E+02  -1.6363828E-08
   4.9827173E+02  -1.7985306E-08
   4.9860547E+02  -1.9740222E-08
   4.9893921E+02  -2.1636410E-08
   4.9927294E+02  -2.3681791E-08
   4.9960668E+02  -2.5884408E-08
   4.9994042E+02  -2.8252240E-08
   5.0027416E+02  -3.0793281E-08
   5.0060790E+02  -3.3515391E-08
   5.0094164E+02  -3.6426286E-08
   5.0127538E+02  -3.9533422E-08
   5.0160911E+02  -4.2843922E-08
   5.0194285E+02  -4.6364494E-08
   5.0227659E+02  -5.0101338E-08
   5.0261033E+02  -5.4060102E-08
   5.0294407E+02  -5.8245639E-08
   5.0327781E+02  -6.2661996E-08
   5.0361155E+02  -6.7312328E-08
   5.0394528E+02  -7.2198702E-08
   5.0427902E+02  -7.7321957E-08
   5.0461276E+02  -8.2681645E-08
   5.0494650E+02  -8.8275897E-08
   5.0528024E+02  -9.4101154E-08
   5.0561398E+02  -1.0015226E-07
   5.0594772E+02  -1.0642212E-07
   5.0628145E+02  -1.1290165E-07
   5.0661519E+02  -1.1957962E-07
   5.0694893E+02  -1.2644270E-07
   5.0728267E+02  -1.3347491E-07
   5.0761641E+02  -1.4065805E-07
   5.0795015E+02  -1.4797115E-07
   5.0828389E+02  -1.5539044E-07
   5.0861762E+02  -1.6288975E-07
   5.0895136E+02  -1.7043975E-07
   5.0928510E+02  -1.7800822E-07
   5.0961884E+02  -1.8555998E-07
   5.0995258E+02  -1.9305712E-07
   5.1028632E+02  -2.0045836E-07
   5.1062006E+02  -2.0771982E-07
   5.1095379E+02  -2.1479448E-07
   5.1128753E+02  -2.2163260E-07
   5.1162127E+02  -2.2818166E-07
   5.1195501E+02  -2.3438666E-07
   5.1228875E+02  -2.4018976E-07
   5.1262249E+02  -2.4553140E-07
   5.1295623E+02  -2.5034939E-07
   5.1328997E+02  -2.5458002E-07
   5.1362370E+02  -2.5815808E-07
   5.1395744E+02  -2.6101682E-07
   5.1429118E+02  -2.6308896E-07
   5.1462492E+02  -2.6430615E-07
   5.1495866E+02  -2.6460020E-07
   5.1529240E+02  -2.6390293E-07
   5.1562614E+02  -2.6214747E-07
   5.1595987E+02  -2.5926721E-07
   5.1629361E+02  -2.5519759E-07
   5.1662735E+02  -2.4987631E-07
   5.1696109E+02  -2.4324339E-07
   5.1729483E+02  -2.3524217E-07
   5.1762857E+02  -2.2581986E-07
   5.1796231E+02  -2.1492782E-07
   5.1829604E+02  -2.0252190E-07
   5.1862978E+02  -1.8856375E-07
   5.1896352E+02  -1.7302068E-07
   5.1929726E+02  -1.5586620E-07
   5.1963100E+02  -1.3708103E-07
   5.1996474E+02  -1.1665306E-07
   5.2029848E+02  -9.4577935E-08
   5.2063221E+02  -7.0859741E-08
   5.2096595E+02  -4.5511058E-08
   5.2129969E+02  -1.8553337E-08
   5.2163343E+02   9.9825854E-09
   5.2196717E+02   4.0056335E-08
   5.2230091E+02   7.1617862E-08
   5.2263465E+02   1.0460735E-07
   5.2296838E+02   1.3895499E-07
   5.2330212E+02   1.7458098E-07
   5.2363586E+02   2.1139576E-07
   5.2396960E+02   2.4929986E-07
   5.2430334E+02   2.8818431E-07
   5.2463708E+02   3.2793071E-07
   5.2497082E+02   3.6841200E-07
   5.2530455E+02   4.0949178E-07
   5.2563829E+02   4.5102661E-07
   5.2597203E+02   4.9286444E-07
   5.2630577E+02   5.3484689E-07
   5.2663951E+02   5.7680927E-07
   5.2697325E+02   6.1858100E-07
   5.2730699E+02   6.5998671E-07
   5.2764072E+02   7.0084781E-07
   5.2797446E+02   7.4098170E-07
   5.2830820E+02   7.8020486E-07
   5.2864194E+02   8.1833201E-07
   5.2897568E+02   8.5517740E-07
   5.2930942E+02   8.9055771E-07
   5.2964316E+02   9.2428996E-07
   5.2997689E+02   9.5619612E-07
   5.3031063E+02   9.8610144E-07
   5.3064437E+02   1.0138359E-06
   5.3097811E+02   1.0392366E-06
   5.3131185E+02   1.0621486E-06
   5.3164559E+02   1.0824248E-06
   5.3197933E+02   1.0999275E-06
   5.3231306E+02   1.1145301E-06
   5.3264680E+02   1.1261162E-06
   5.3298054E+02   1.1345828E-06
   5.3331428E+02   1.1398392E-06
   5.3364802E+02   1.1418081E-06
   5.3398176E+02   1.1404279E-06
   5.3431550E+02   1.1356501E-06
   5.3464924E+02   1.1274431E-06
   5.3498297E+02   1.1157902E-06
   5.3531671E+02   1.1006902E-06
   5.3565045E+02   1.0821598E-06
   5.3598419E+02   1.0602305E-06
   5.3631793E+02   1.0349515E-06
   5.3665167E+02   1.0063872E-06
   5.3698541E+02   9.7461725E-07
   5.3731914E+02   9.3973983E-07
   5.3765288E+02   9.0186495E-07
   5.3798662E+02   8.6112050E-07
   5.3832036E+02   8.1764608E-07
   5.3865410E+02   7.7159626E-07
   5.3898784E+02   7.2313833E-07
   5.3932158E+02   6.7245026E-07
   5.3965531E+02   6.1972213E-07
   5.3998905E+02   5.6515353E-07
   5.4032279E+02   5.0895284E-07
   5.4065653E+02   4.5133680E-07
   5.4099027E+02   3.9252765E-07
   5.4132401E+02   3.3275390E-07
   5.4165775E+02   2.7224789E-07
   5.4199148E+02   2.1124481E-07
   5.4232522E+02   1.4998142E-07
   5.4265896E+02   8.8694989E-08
   5.4299270E+02   2.7621610E-08
   5.4332644E+02  -3.3004909E-08
   5.4366018E+02  -9.2953968E-08
   5.4399392E+02  -1.5199970E-07
   5.4432765E+02  -2.0992243E-07
   5.4466139E+02  -2.6650918E-07
   5.4499513E+02  -3.2155521E-07
   5.4532887E+02  -3.7486484E-07
   5.4566261E+02  -4.2625265E-07
   5.4599635E+02  -4.7554386E-07
   5.4633009E+02  -5.2257593E-07
   5.4666382E+02  -5.6719841E-07
   5.4699756E+02  -6.0927437E-07
   5.4733130E+02  -6.4868055E-07
   5.4766504E+02  -6.8530801E-07
   5.4799878E+02  -7.1906186E-07
   5.4833252E+02  -7.4986326E-07
   5.4866626E+02  -7.7764781E-07
   5.4899999E+02  -8.0236629E-07
   5.4933373E+02  -8.2398424E-07
   5.4966747E+02  -8.4248381E-07
   5.5000121E+02  -8.5786098E-07
   5.5033495E+02  -8.7012734E-07
   5.5066869E+02  -8.7930761E-07
   5.5100243E+02  -8.8544141E-07
   5.5133616E+02  -8.8858201E-07
   5.5166990E+02  -8.8879511E-07
   5.5200364E+02  -8.8615889E-07
   5.5233738E+02  -8.8076314E-07
   5.5267112E+02  -8.7270871E-07
   5.5300486E+02  -8.6210599E-07
   5.5333860E+02  -8.4907469E-07
   5.5367234E+02  -8.3374397E-07
   5.5400607E+02  -8.1624876E-07
   5.5433981E+02  -7.9673157E-07
   5.5467355E+02  -7.7534020E-07
   5.5500729E+02  -7.5222692E-07
   5.5534103E+02  -7.2754835E-07
   5.5567477E+02  -7.0146291E-07
   5.5600851E+02  -6.7413123E-07
   5.5634224E+02  -6.4571503E-07
   5.5667598E+02  -6.1637559E-07
   5.5700972E+02  -5.8627319E-07
   5.5734346E+02  -5.5556677E-07
   5.5767720E+02  -5.2441260E-07
   5.5801094E+02  -4.9296284E-07
   5.5834468E+02  -4.6136614E-07
   5.5867841E+02  -4.2976592E-07
   5.5901215E+02  -3.9830030E-07
   5.5934589E+02  -3.6710122E-07
   5.5967963E+02  -3.3629399E-07
   5.6001337E+02  -3.0599671E-07
   5.6034711E+02  -2.7632021E-07
   5.6068085E+02  -2.4736718E-07
   5.6101458E+02  -2.1923236E-07
   5.6134832E+02  -1.9200189E-07
   5.6168206E+02  -1.6575322E-07
   5.6201580E+02  -1.4055520E-07
   5.6234954E+02  -1.1646785E-07
   5.6268328E+02  -9.3542113E-08
   5.6301702E+02  -7.1820423E-08
   5.6335075E+02  -5.1336428E-08
   5.6368449E+02  -3.2115167E-08
   5.6401823E+02  -1.4173345E-08
   5.6435197E+02   2.4803626E-09
   5.6468571E+02   1.7845057E-08
   5.6501945E+02   3.1927382E-08
   5.6535319E+02   4.4741078E-08
   5.6568692E+02   5.6306661E-08
   5.6602066E+02   6.6650813E-08
   5.6635440E+02   7.5806142E-08
   5.6668814E+02   8.3810647E-08
   5.6702188E+02   9.0707175E-08
   5.6735562E+02   9.6542962E-08
   5.6768936E+02   1.0136903E-07
   5.6802309E+02   1.0523979E-07
   5.6835683E+02   1.0821233E-07
   5.6869057E+02   1.1034599E-07
   5.6902431E+02   1.1170192E-07
   5.6935805E+02   1.1234232E-07
   5.6969179E+02   1.1233018E-07
   5.7002553E+02   1.1172877E-07
   5.7035926E+02   1.1060094E-07
   5.7069300E+02   1.0900895E-07
   5.7102674E+02   1.0701396E-07
   5.7136048E+02   1.0467549E-07
   5.7169422E+02   1.0205127E-07
   5.7202796E+02   9.9196590E-08
   5.7236170E+02   9.6164243E-08
   5.7269543E+02   9.3004104E-08
   5.7302917E+02   8.9762892E-08
   5.7336291E+02   8.6483951E-08
   5.7369665E+02   8.3207176E-08
   5.7403039E+02   7.9968636E-08
   5.7436413E+02   7.6800823E-08
   5.7469787E+02   7.3732167E-08
   5.7503161E+02   7.0787287E-08
   5.7536534E+02   6.7987003E-08
   5.7569908E+02   6.5348004E-08
   5.7603282E+02   6.2883416E-08
   5.7636656E+02   6.0602389E-08
   5.7670030E+02   5.8510533E-08
   5.7703404E+02   5.6609888E-08
   5.7736778E+02   5.4899157E-08
   5.7770151E+02   5.3373931E-08
   5.7803525E+02   5.2026870E-08
   5.7836899E+02   5.0847778E-08
   5.7870273E+02   4.9824166E-08
   5.7903647E+02   4.8941288E-08
   5.7937021E+02   4.8182393E-08
   5.7970395E+02   4.7529149E-08
   5.8003768E+02   4.6961791E-08
   5.8037142E+02   4.6459419E-08
   5.8070516E+02   4.6000284E-08
   5.8103890E+02   4.5562075E-08
   5.8137264E+02   4.5122153E-08
   5.8170638E+02   4.4657881E-08
   5.8204012E+02   4.4146855E-08
   5.8237385E+02   4.3567113E-08
   5.8270759E+02   4.2897486E-08
   5.8304133E+02   4.2117723E-08
   5.8337507E+02   4.1208796E-08
   5.8370881E+02   4.0152948E-08
   5.8404255E+02   3.8934061E-08
   5.8437629E+02   3.7537571E-08
   5.8471002E+02   3.5950809E-08
   5.8504376E+02   3.4162952E-08
   5.8537750E+02   3.2165236E-08
   5.8571124E+02   2.9950932E-08
   5.8604498E+02   2.7515480E-08
   5.8637872E+02   2.4856494E-08
   5.8671246E+02   2.1973829E-08
   5.8704619E+02   1.8869494E-08
   5.8737993E+02   1.5547773E-08
   5.8771367E+02   1.2015022E-08
   5.8804741E+02   8.2797413E-09
   5.8838115E+02   4.3524331E-09
   5.8871489E+02   2.4549962E-10
   5.8904863E+02  -4.0267878E-09
   5.8938236E+02  -8.4485166E-09
   5.8971610E+02  -1.3002150E-08
   5.9004984E+02  -1.7668768E-08
   5.9038358E+02  -2.2428040E-08
   5.9071732E+02  -2.7258501E-08
   5.9105106E+02  -3.2137677E-08
   5.9138480E+02  -3.7042156E-08
   5.9171853E+02  -4.1947828E-08
   5.9205227E+02  -4.6830010E-08
   5.9238601E+02  -5.1663747E-08
   5.9271975E+02  -5.6423701E-08
   5.9305349E+02  -6.1084648E-08
   5.9338723E+02  -6.5621506E-08
   5.9372097E+02  -7.0009420E-08
   5.9405471E+02  -7.4223962E-08
   5.9438844E+02  -7.8241442E-08
   5.9472218E+02  -8.2038824E-08
   5.9505592E+02  -8.5593911E-08
   5.9538966E+02  -8.8885471E-08
   5.9572340E+02  -9.1893497E-08
   5.9605714E+02  -9.4599102E-08
   5.9639088E+02  -9.6984877E-08
   5.9672461E+02  -9.9034764E-08
   5.9705835E+02  -1.0073433E-07
   5.9739209E+02  -1.0207091E-07
   5.9772583E+02  -1.0303339E-07
   5.9805957E+02  -1.0361276E-07
   5.9839331E+02  -1.0380154E-07
   5.9872705E+02  -1.0359452E-07
   5.9906078E+02  -1.0298820E-07
   5.9939452E+02  -1.0198102E-07
   5.9972826E+02  -1.0057363E-07
   6.0006200E+02  -9.8768453E-08
   6.0039574E+02  -9.6570091E-08
   6.0072948E+02  -9.3984966E-08
   6.0106322E+02  -9.1021562E-08
   6.0139695E+02  -8.7690353E-08
   6.0173069E+02  -8.4003773E-08
   6.0206443E+02  -7.9976189E-08
   6.0239817E+02  -7.5623589E-08
   6.0273191E+02  -7.0964035E-08
   6.0306565E+02  -6.6016938E-08
   6.0339939E+02  -6.0803586E-08
   6.0373312E+02  -5.5346675E-08
   6.0406686E+02  -4.9670277E-08
   6.0440060E+02  -4.3799822E-08
   6.0473434E+02  -3.7761978E-08
   6.0506808E+02  -3.1584523E-08
   6.0540182E+02  -2.5296208E-08
   6.0573556E+02  -1.8926757E-08
   6.0606929E+02  -1.2506613E-08
   6.0640303E+02  -6.0667880E-09
   6.0673677E+02   3.6113335E-10
   6.0707051E+02   6.7453456E-09
   6.0740425E+02   1.3053807E-08
   6.0773799E+02   1.9254387E-08
   6.0807173E+02   2.5315146E-08
   6.0840546E+02   3.1204351E-08
   6.0873920E+02   3.6890725E-08
   6.0907294E+02   4.2343416E-08
   6.0940668E+02   4.7532254E-08
   6.0974042E+02   5.2427879E-08
   6.1007416E+02   5.7001756E-08
   6.1040790E+02   6.1226643E-08
   6.1074163E+02   6.5076165E-08
   6.1107537E+02   6.8525537E-08
   6.1140911E+02   7.1551142E-08
   6.1174285E+02   7.4131350E-08
   6.1207659E+02   7.6245698E-08
   6.1241033E+02   7.7875825E-08
   6.1274407E+02   7.9005162E-08
   6.1307781E+02   7.9618928E-08
   6.1341154E+02   7.9704506E-08
   6.1374528E+02   7.9251322E-08
   6.1407902E+02   7.8250736E-08
   6.1441276E+02   7.6696580E-08
   6.1474650E+02   7.4584790E-08
   6.1508024E+02   7.1913291E-08
   6.1541398E+02   6.8682709E-08
   6.1574771E+02   6.4895630E-08
   6.1608145E+02   6.0557056E-08
   6.1641519E+02   5.5674491E-08
   6.1674893E+02   5.0257199E-08
   6.1708267E+02   4.4317204E-08
   6.1741641E+02   3.7868176E-08
   6.1775015E+02   3.0926145E-08
   6.1808388E+02   2.3509116E-08
   6.1841762E+02   1.5637113E-08
   6.1875136E+02   7.3320763E-09
   6.1908510E+02  -1.3824319E-09
   6.1941884E+02  -1.0480889E-08
   6.1975258E+02  -1.9936309E-08
   6.2008632E+02  -2.9720162E-08
   6.2042005E+02  -3.9802458E-08
   6.2075379E+02  -5.0151975E-08
   6.2108753E+02  -6.0736369E-08
   6.2142127E+02  -7.1522265E-08
   6.2175501E+02  -8.2475367E-08
   6.2208875E+02  -9.3560722E-08
   6.2242249E+02  -1.0474264E-07
   6.2275622E+02  -1.1598501E-07
   6.2308996E+02  -1.2725135E-07
   6.2342370E+02  -1.3850487E-07
   6.2375744E+02  -1.4970868E-07
   6.2409118E+02  -1.6082581E-07
   6.2442492E+02  -1.7181942E-07
   6.2475866E+02  -1.8265263E-07
   6.2509239E+02  -1.9328908E-07
   6.2542613E+02  -2.0369251E-07
   6.2575987E+02  -2.1382711E-07
   6.2609361E+02  -2.2365752E-07
   6.2642735E+02  -2.3314885E-07
   6.2676109E+02  -2.4226688E-07
   6.2709483E+02  -2.5097773E-07
   6.2742856E+02  -2.5924845E-07
   6.2776230E+02  -2.6704629E-07
   6.2809604E+02  -2.7433941E-07
   6.2842978E+02  -2.8109656E-07
   6.2876352E+02  -2.8728670E-07
   6.2909726E+02  -2.9287978E-07
   6.2943100E+02  -2.9784624E-07
   6.2976473E+02  -3.0215708E-07
   6.3009847E+02  -3.0578360E-07
   6.3043221E+02  -3.0869805E-07
   6.3076595E+02  -3.1087296E-07
   6.3109969E+02  -3.1228137E-07
   6.3143343E+02  -3.1289684E-07
   6.3176717E+02  -3.1269349E-07
   6.3210090E+02  -3.1164581E-07
   6.3243464E+02  -3.0972905E-07
   6.3276838E+02  -3.0691882E-07
   6.3310212E+02  -3.0319160E-07
   6.3343586E+02  -2.9852441E-07
   6.3376960E+02  -2.9289487E-07
   6.3410334E+02  -2.8628190E-07
   6.3443708E+02  -2.7866537E-07
   6.3477081E+02  -2.7002591E-07
   6.3510455E+02  -2.6034616E-07
   6.3543829E+02  -2.4960980E-07
   6.3577203E+02  -2.3780251E-07
   6.3610577E+02  -2.2491174E-07
   6.3643951E+02  -2.1092703E-07
   6.3677325E+02  -1.9584024E-07
   6.3710698E+02  -1.7964614E-07
   6.3744072E+02  -1.6234219E-07
   6.3777446E+02  -1.4392913E-07
   6.3810820E+02  -1.2441106E-07
   6.3844194E+02  -1.0379576E-07
   6.3877568E+02  -8.2095127E-08
   6.3910942E+02  -5.9325252E-08
   6.3944315E+02  -3.5506893E-08
   6.3977689E+02  -1.0665197E-08
   6.4011063E+02   1.5169284E-08
   6.4044437E+02   4.1960760E-08
   6.4077811E+02   6.9668332E-08
   6.4111185E+02   9.8245295E-08
   6.4144559E+02   1.2763931E-07
   6.4177932E+02   1.5779241E-07
   6.4211306E+02   1.8864046E-07
   6.4244680E+02   2.2011375E-07
   6.4278054E+02   2.5213643E-07
   6.4311428E+02   2.8462713E-07
   6.4344802E+02   3.1749875E-07
   6.4378176E+02   3.5065841E-07
   6.4411549E+02   3.8400830E-07
   6.4444923E+02   4.1744534E-07
   6.4478297E+02   4.5086188E-07
   6.4511671E+02   4.8414586E-07
   6.4545045E+02   5.1718132E-07
   6.4578419E+02   5.4984878E-07
   6.4611793E+02   5.8202585E-07
   6.4645166E+02   6.1358776E-07
   6.4678540E+02   6.4440798E-07
   6.4711914E+02   6.7435832E-07
   6.4745288E+02   7.0331066E-07
   6.4778662E+02   7.3113682E-07
   6.4812036E+02   7.5770942E-07
   6.4845410E+02   7.8290225E-07
   6.4878783E+02   8.0659271E-07
   6.4912157E+02   8.2866006E-07
   6.4945531E+02   8.4898841E-07
   6.4978905E+02   8.6746621E-07
   6.5012279E+02   8.8398684E-07
   6.5045653E+02   8.9845071E-07
   6.5079027E+02   9.1076407E-07
   6.5112400E+02   9.2084122E-07
   6.5145774E+02   9.2860512E-07
   6.5179148E+02   9.3398631E-07
   6.5212522E+02   9.3692552E-07
   6.5245896E+02   9.3737293E-07
   6.5279270E+02   9.3528911E-07
   6.5312644E+02   9.3064608E-07
   6.5346018E+02   9.2342498E-07
   6.5379391E+02   9.1362028E-07
   6.5412765E+02   9.0123666E-07
   6.5446139E+02   8.8629082E-07
   6.5479513E+02   8.6881153E-07
   6.5512887E+02   8.4883828E-07
   6.5546261E+02   8.2642276E-07
   6.5579635E+02   8.0162818E-07
   6.5613008E+02   7.7452870E-07
   6.5646382E+02   7.4520869E-07
   6.5679756E+02   7.1376411E-07
   6.5713130E+02   6.8029931E-07
   6.5746504E+02   6.4492974E-07
   6.5779878E+02   6.0777887E-07
   6.5813252E+02   5.6897852E-07
   6.5846625E+02   5.2866790E-07
   6.5879999E+02   4.8699326E-07
   6.5913373E+02   4.4410655E-07
   6.5946747E+02   4.0016528E-07
   6.5980121E+02   3.5533103E-07
   6.6013495E+02   3.0976901E-07
