  -7.8094826E+01   0.0000000E+00
  -7.7761087E+01   0.0000000E+00
  -7.7427349E+01   0.0000000E+00
  -7.7093610E+01   0.0000000E+00
  -7.6759871E+01   0.0000000E+00
  -7.6426133E+01   0.0000000E+00
  -7.6092394E+01   0.0000000E+00
  -7.5758656E+01   0.0000000E+00
  -7.5424917E+01   0.0000000E+00
  -7.5091178E+01   0.0000000E+00
  -7.4757440E+01   0.0000000E+00
  -7.4423701E+01   0.0000000E+00
  -7.4089963E+01   0.0000000E+00
  -7.3756224E+01   0.0000000E+00
  -7.3422485E+01   0.0000000E+00
  -7.3088747E+01   0.0000000E+00
  -7.2755008E+01   0.0000000E+00
  -7.2421270E+01   0.0000000E+00
  -7.2087531E+01   0.0000000E+00
  -7.1753792E+01   0.0000000E+00
  -7.1420054E+01   0.0000000E+00
  -7.1086315E+01   0.0000000E+00
  -7.0752577E+01   0.0000000E+00
  -7.0418838E+01   0.0000000E+00
  -7.0085099E+01   0.0000000E+00
  -6.9751361E+01   0.0000000E+00
  -6.9417622E+01   0.0000000E+00
  -6.9083884E+01   0.0000000E+00
  -6.8750145E+01   0.0000000E+00
  -6.8416406E+01   0.0000000E+00
  -6.8082668E+01   0.0000000E+00
  -6.7748929E+01   0.0000000E+00
  -6.7415191E+01   0.0000000E+00
  -6.7081452E+01   0.0000000E+00
  -6.6747714E+01   0.0000000E+00
  -6.6413975E+01   0.0000000E+00
  -6.6080236E+01   0.0000000E+00
  -6.5746498E+01   0.0000000E+00
  -6.5412759E+01   0.0000000E+00
  -6.5079021E+01   0.0000000E+00
  -6.4745282E+01   0.0000000E+00
  -6.4411543E+01   0.0000000E+00
  -6.4077805E+01   0.0000000E+00
  -6.3744066E+01   0.0000000E+00
  -6.3410328E+01   0.0000000E+00
  -6.3076589E+01   0.0000000E+00
  -6.2742850E+01   0.0000000E+00
  -6.2409112E+01   0.0000000E+00
  -6.2075373E+01   0.0000000E+00
  -6.1741635E+01   0.0000000E+00
  -6.1407896E+01   0.0000000E+00
  -6.1074157E+01   0.0000000E+00
  -6.0740419E+01   0.0000000E+00
  -6.0406680E+01   0.0000000E+00
  -6.0072942E+01   0.0000000E+00
  -5.9739203E+01   0.0000000E+00
  -5.9405464E+01   0.0000000E+00
  -5.9071726E+01   0.0000000E+00
  -5.8737987E+01   0.0000000E+00
  -5.8404249E+01   0.0000000E+00
  -5.8070510E+01   0.0000000E+00
  -5.7736771E+01   0.0000000E+00
  -5.7403033E+01   0.0000000E+00
  -5.7069294E+01   0.0000000E+00
  -5.6735556E+01   0.0000000E+00
  -5.6401817E+01   0.0000000E+00
  -5.6068078E+01   0.0000000E+00
  -5.5734340E+01   0.0000000E+00
  -5.5400601E+01   0.0000000E+00
  -5.5066863E+01   0.0000000E+00
  -5.4733124E+01   0.0000000E+00
  -5.4399385E+01   0.0000000E+00
  -5.4065647E+01   0.0000000E+00
  -5.3731908E+01   0.0000000E+00
  -5.3398170E+01   0.0000000E+00
  -5.3064431E+01   0.0000000E+00
  -5.2730693E+01   0.0000000E+00
  -5.2396954E+01   0.0000000E+00
  -5.2063215E+01   0.0000000E+00
  -5.1729477E+01   0.0000000E+00
  -5.1395738E+01   0.0000000E+00
  -5.1062000E+01   0.0000000E+00
  -5.0728261E+01   0.0000000E+00
  -5.0394522E+01   0.0000000E+00
  -5.0060784E+01   0.0000000E+00
  -4.9727045E+01   0.0000000E+00
  -4.9393307E+01   0.0000000E+00
  -4.9059568E+01   0.0000000E+00
  -4.8725829E+01   0.0000000E+00
  -4.8392091E+01   0.0000000E+00
  -4.8058352E+01   0.0000000E+00
  -4.7724614E+01   0.0000000E+00
  -4.7390875E+01   0.0000000E+00
  -4.7057136E+01   0.0000000E+00
  -4.6723398E+01   0.0000000E+00
  -4.6389659E+01   0.0000000E+00
  -4.6055921E+01   0.0000000E+00
  -4.5722182E+01   0.0000000E+00
  -4.5388443E+01   0.0000000E+00
  -4.5054705E+01   0.0000000E+00
  -4.4720966E+01   0.0000000E+00
  -4.4387228E+01   0.0000000E+00
  -4.4053489E+01   0.0000000E+00
  -4.3719750E+01   0.0000000E+00
  -4.3386012E+01   0.0000000E+00
  -4.3052273E+01   0.0000000E+00
  -4.2718535E+01   0.0000000E+00
  -4.2384796E+01   0.0000000E+00
  -4.2051057E+01   0.0000000E+00
  -4.1717319E+01   0.0000000E+00
  -4.1383580E+01   0.0000000E+00
  -4.1049842E+01   0.0000000E+00
  -4.0716103E+01   0.0000000E+00
  -4.0382364E+01   0.0000000E+00
  -4.0048626E+01   0.0000000E+00
  -3.9714887E+01   0.0000000E+00
  -3.9381149E+01   0.0000000E+00
  -3.9047410E+01   0.0000000E+00
  -3.8713672E+01   0.0000000E+00
  -3.8379933E+01   0.0000000E+00
  -3.8046194E+01   0.0000000E+00
  -3.7712456E+01   0.0000000E+00
  -3.7378717E+01   0.0000000E+00
  -3.7044979E+01   0.0000000E+00
  -3.6711240E+01   0.0000000E+00
  -3.6377501E+01   0.0000000E+00
  -3.6043763E+01   0.0000000E+00
  -3.5710024E+01   0.0000000E+00
  -3.5376286E+01   0.0000000E+00
  -3.5042547E+01   0.0000000E+00
  -3.4708808E+01   0.0000000E+00
  -3.4375070E+01   0.0000000E+00
  -3.4041331E+01   0.0000000E+00
  -3.3707593E+01   0.0000000E+00
  -3.3373854E+01   0.0000000E+00
  -3.3040115E+01   0.0000000E+00
  -3.2706377E+01   0.0000000E+00
  -3.2372638E+01   0.0000000E+00
  -3.2038900E+01   0.0000000E+00
  -3.1705161E+01   0.0000000E+00
  -3.1371422E+01   0.0000000E+00
  -3.1037684E+01   0.0000000E+00
  -3.0703945E+01   0.0000000E+00
  -3.0370207E+01   0.0000000E+00
  -3.0036468E+01   0.0000000E+00
  -2.9702729E+01   0.0000000E+00
  -2.9368991E+01   0.0000000E+00
  -2.9035252E+01   0.0000000E+00
  -2.8701514E+01   0.0000000E+00
  -2.8367775E+01   0.0000000E+00
  -2.8034036E+01   0.0000000E+00
  -2.7700298E+01   0.0000000E+00
  -2.7366559E+01   0.0000000E+00
  -2.7032821E+01   0.0000000E+00
  -2.6699082E+01   0.0000000E+00
  -2.6365343E+01   0.0000000E+00
  -2.6031605E+01   0.0000000E+00
  -2.5697866E+01   0.0000000E+00
  -2.5364128E+01   0.0000000E+00
  -2.5030389E+01   0.0000000E+00
  -2.4696651E+01   0.0000000E+00
  -2.4362912E+01   0.0000000E+00
  -2.4029173E+01   0.0000000E+00
  -2.3695435E+01   0.0000000E+00
  -2.3361696E+01   0.0000000E+00
  -2.3027958E+01   0.0000000E+00
  -2.2694219E+01   0.0000000E+00
  -2.2360480E+01   0.0000000E+00
  -2.2026742E+01   0.0000000E+00
  -2.1693003E+01   0.0000000E+00
  -2.1359265E+01   0.0000000E+00
  -2.1025526E+01   0.0000000E+00
  -2.0691787E+01   0.0000000E+00
  -2.0358049E+01   0.0000000E+00
  -2.0024310E+01   0.0000000E+00
  -1.9690572E+01   0.0000000E+00
  -1.9356833E+01   0.0000000E+00
  -1.9023094E+01   0.0000000E+00
  -1.8689356E+01   0.0000000E+00
  -1.8355617E+01   0.0000000E+00
  -1.8021879E+01   0.0000000E+00
  -1.7688140E+01   0.0000000E+00
  -1.7354401E+01   0.0000000E+00
  -1.7020663E+01   0.0000000E+00
  -1.6686924E+01   0.0000000E+00
  -1.6353186E+01   0.0000000E+00
  -1.6019447E+01   0.0000000E+00
  -1.5685708E+01   0.0000000E+00
  -1.5351970E+01   0.0000000E+00
  -1.5018231E+01   0.0000000E+00
  -1.4684493E+01   0.0000000E+00
  -1.4350754E+01   0.0000000E+00
  -1.4017015E+01   0.0000000E+00
  -1.3683277E+01   0.0000000E+00
  -1.3349538E+01   0.0000000E+00
  -1.3015800E+01   0.0000000E+00
  -1.2682061E+01   0.0000000E+00
  -1.2348322E+01   0.0000000E+00
  -1.2014584E+01   0.0000000E+00
  -1.1680845E+01   0.0000000E+00
  -1.1347107E+01   0.0000000E+00
  -1.1013368E+01   0.0000000E+00
  -1.0679630E+01   0.0000000E+00
  -1.0345891E+01   0.0000000E+00
  -1.0012152E+01   0.0000000E+00
  -9.6784137E+00   0.0000000E+00
  -9.3446751E+00   0.0000000E+00
  -9.0109365E+00   0.0000000E+00
  -8.6771979E+00   0.0000000E+00
  -8.3434593E+00   0.0000000E+00
  -8.0097207E+00   0.0000000E+00
  -7.6759821E+00   0.0000000E+00
  -7.3422436E+00   0.0000000E+00
  -7.0085050E+00   0.0000000E+00
  -6.6747664E+00   0.0000000E+00
  -6.3410278E+00   0.0000000E+00
  -6.0072892E+00   0.0000000E+00
  -5.6735506E+00   0.0000000E+00
  -5.3398120E+00   0.0000000E+00
  -5.0060734E+00   0.0000000E+00
  -4.6723348E+00   0.0000000E+00
  -4.3385962E+00   0.0000000E+00
  -4.0048576E+00   0.0000000E+00
  -3.6711190E+00   0.0000000E+00
  -3.3373804E+00   0.0000000E+00
  -3.0036418E+00   0.0000000E+00
  -2.6699032E+00   0.0000000E+00
  -2.3361646E+00   0.0000000E+00
  -2.0024260E+00   0.0000000E+00
  -1.6686874E+00   0.0000000E+00
  -1.3349488E+00   0.0000000E+00
  -1.0012102E+00   0.0000000E+00
  -6.6747165E-01   0.0000000E+00
  -3.3373305E-01   0.0000000E+00
   5.5432320E-06   0.0000000E+00
   3.3374414E-01   0.0000000E+00
   6.6748273E-01   0.0000000E+00
   1.0012213E+00   0.0000000E+00
   1.3349599E+00   0.0000000E+00
   1.6686985E+00   0.0000000E+00
   2.0024371E+00   0.0000000E+00
   2.3361757E+00   0.0000000E+00
   2.6699143E+00   0.0000000E+00
   3.0036529E+00   0.0000000E+00
   3.3373915E+00   0.0000000E+00
   3.6711301E+00   0.0000000E+00
   4.0048687E+00   0.0000000E+00
   4.3386073E+00   0.0000000E+00
   4.6723459E+00   0.0000000E+00
   5.0060845E+00   0.0000000E+00
   5.3398231E+00   0.0000000E+00
   5.6735617E+00   0.0000000E+00
   6.0073003E+00   0.0000000E+00
   6.3410389E+00   0.0000000E+00
   6.6747774E+00   0.0000000E+00
   7.0085160E+00   0.0000000E+00
   7.3422546E+00   0.0000000E+00
   7.6759932E+00   0.0000000E+00
   8.0097318E+00   0.0000000E+00
   8.3434704E+00   0.0000000E+00
   8.6772090E+00   0.0000000E+00
   9.0109476E+00   0.0000000E+00
   9.3446862E+00   0.0000000E+00
   9.6784248E+00   0.0000000E+00
   1.0012163E+01   0.0000000E+00
   1.0345902E+01   0.0000000E+00
   1.0679641E+01   0.0000000E+00
   1.1013379E+01   0.0000000E+00
   1.1347118E+01   0.0000000E+00
   1.1680856E+01   0.0000000E+00
   1.2014595E+01   0.0000000E+00
   1.2348334E+01   0.0000000E+00
   1.2682072E+01   0.0000000E+00
   1.3015811E+01   0.0000000E+00
   1.3349549E+01   0.0000000E+00
   1.3683288E+01   0.0000000E+00
   1.4017027E+01   0.0000000E+00
   1.4350765E+01   0.0000000E+00
   1.4684504E+01   0.0000000E+00
   1.5018242E+01   0.0000000E+00
   1.5351981E+01   0.0000000E+00
   1.5685720E+01   0.0000000E+00
   1.6019458E+01   0.0000000E+00
   1.6353197E+01   0.0000000E+00
   1.6686935E+01   0.0000000E+00
   1.7020674E+01   0.0000000E+00
   1.7354412E+01   0.0000000E+00
   1.7688151E+01   0.0000000E+00
   1.8021890E+01   0.0000000E+00
   1.8355628E+01   0.0000000E+00
   1.8689367E+01   0.0000000E+00
   1.9023105E+01   0.0000000E+00
   1.9356844E+01   0.0000000E+00
   1.9690583E+01   0.0000000E+00
   2.0024321E+01   0.0000000E+00
   2.0358060E+01   0.0000000E+00
   2.0691798E+01   0.0000000E+00
   2.1025537E+01   0.0000000E+00
   2.1359276E+01   0.0000000E+00
   2.1693014E+01   0.0000000E+00
   2.2026753E+01   0.0000000E+00
   2.2360491E+01   0.0000000E+00
   2.2694230E+01   0.0000000E+00
   2.3027969E+01   0.0000000E+00
   2.3361707E+01   0.0000000E+00
   2.3695446E+01   0.0000000E+00
   2.4029184E+01   0.0000000E+00
   2.4362923E+01   0.0000000E+00
   2.4696662E+01   0.0000000E+00
   2.5030400E+01   0.0000000E+00
   2.5364139E+01   0.0000000E+00
   2.5697877E+01   0.0000000E+00
   2.6031616E+01   0.0000000E+00
   2.6365355E+01   0.0000000E+00
   2.6699093E+01   0.0000000E+00
   2.7032832E+01   0.0000000E+00
   2.7366570E+01   0.0000000E+00
   2.7700309E+01   0.0000000E+00
   2.8034048E+01   0.0000000E+00
   2.8367786E+01   0.0000000E+00
   2.8701525E+01   0.0000000E+00
   2.9035263E+01   0.0000000E+00
   2.9369002E+01   0.0000000E+00
   2.9702741E+01   0.0000000E+00
   3.0036479E+01   0.0000000E+00
   3.0370218E+01   0.0000000E+00
   3.0703956E+01   0.0000000E+00
   3.1037695E+01   0.0000000E+00
   3.1371433E+01   0.0000000E+00
   3.1705172E+01   0.0000000E+00
   3.2038911E+01   0.0000000E+00
   3.2372649E+01   0.0000000E+00
   3.2706388E+01   0.0000000E+00
   3.3040126E+01   0.0000000E+00
   3.3373865E+01   0.0000000E+00
   3.3707604E+01   0.0000000E+00
   3.4041342E+01   0.0000000E+00
   3.4375081E+01   0.0000000E+00
   3.4708819E+01   0.0000000E+00
   3.5042558E+01   0.0000000E+00
   3.5376297E+01   0.0000000E+00
   3.5710035E+01   0.0000000E+00
   3.6043774E+01   0.0000000E+00
   3.6377512E+01   0.0000000E+00
   3.6711251E+01   0.0000000E+00
   3.7044990E+01   0.0000000E+00
   3.7378728E+01   0.0000000E+00
   3.7712467E+01   0.0000000E+00
   3.8046205E+01   0.0000000E+00
   3.8379944E+01   0.0000000E+00
   3.8713683E+01   0.0000000E+00
   3.9047421E+01   0.0000000E+00
   3.9381160E+01   0.0000000E+00
   3.9714898E+01   0.0000000E+00
   4.0048637E+01   0.0000000E+00
   4.0382376E+01   0.0000000E+00
   4.0716114E+01   0.0000000E+00
   4.1049853E+01   0.0000000E+00
   4.1383591E+01   0.0000000E+00
   4.1717330E+01   0.0000000E+00
   4.2051069E+01   0.0000000E+00
   4.2384807E+01   0.0000000E+00
   4.2718546E+01   0.0000000E+00
   4.3052284E+01   0.0000000E+00
   4.3386023E+01   0.0000000E+00
   4.3719762E+01   0.0000000E+00
   4.4053500E+01   0.0000000E+00
   4.4387239E+01   0.0000000E+00
   4.4720977E+01   0.0000000E+00
   4.5054716E+01   0.0000000E+00
   4.5388454E+01   0.0000000E+00
   4.5722193E+01   0.0000000E+00
   4.6055932E+01   0.0000000E+00
   4.6389670E+01   0.0000000E+00
   4.6723409E+01   0.0000000E+00
   4.7057147E+01   0.0000000E+00
   4.7390886E+01   0.0000000E+00
   4.7724625E+01   0.0000000E+00
   4.8058363E+01   0.0000000E+00
   4.8392102E+01   0.0000000E+00
   4.8725840E+01   0.0000000E+00
   4.9059579E+01   0.0000000E+00
   4.9393318E+01   0.0000000E+00
   4.9727056E+01   0.0000000E+00
   5.0060795E+01   0.0000000E+00
   5.0394533E+01   0.0000000E+00
   5.0728272E+01   0.0000000E+00
   5.1062011E+01   0.0000000E+00
   5.1395749E+01   0.0000000E+00
   5.1729488E+01   0.0000000E+00
   5.2063226E+01   0.0000000E+00
   5.2396965E+01   0.0000000E+00
   5.2730704E+01   0.0000000E+00
   5.3064442E+01   0.0000000E+00
   5.3398181E+01   0.0000000E+00
   5.3731919E+01   0.0000000E+00
   5.4065658E+01   0.0000000E+00
   5.4399397E+01   0.0000000E+00
   5.4733135E+01   0.0000000E+00
   5.5066874E+01   0.0000000E+00
   5.5400612E+01   0.0000000E+00
   5.5734351E+01   0.0000000E+00
   5.6068090E+01   0.0000000E+00
   5.6401828E+01   0.0000000E+00
   5.6735567E+01   0.0000000E+00
   5.7069305E+01   0.0000000E+00
   5.7403044E+01   0.0000000E+00
   5.7736783E+01   0.0000000E+00
   5.8070521E+01   0.0000000E+00
   5.8404260E+01   0.0000000E+00
   5.8737998E+01   0.0000000E+00
   5.9071737E+01   0.0000000E+00
   5.9405475E+01   0.0000000E+00
   5.9739214E+01   0.0000000E+00
   6.0072953E+01   0.0000000E+00
   6.0406691E+01   0.0000000E+00
   6.0740430E+01   0.0000000E+00
   6.1074168E+01   0.0000000E+00
   6.1407907E+01   0.0000000E+00
   6.1741646E+01   0.0000000E+00
   6.2075384E+01   0.0000000E+00
   6.2409123E+01   0.0000000E+00
   6.2742861E+01   0.0000000E+00
   6.3076600E+01   0.0000000E+00
   6.3410339E+01   0.0000000E+00
   6.3744077E+01   0.0000000E+00
   6.4077816E+01   0.0000000E+00
   6.4411554E+01   0.0000000E+00
   6.4745293E+01   0.0000000E+00
   6.5079032E+01   0.0000000E+00
   6.5412770E+01   0.0000000E+00
   6.5746509E+01   0.0000000E+00
   6.6080247E+01   0.0000000E+00
   6.6413986E+01   0.0000000E+00
   6.6747725E+01   0.0000000E+00
   6.7081463E+01   0.0000000E+00
   6.7415202E+01   0.0000000E+00
   6.7748940E+01   0.0000000E+00
   6.8082679E+01   0.0000000E+00
   6.8416418E+01   0.0000000E+00
   6.8750156E+01   0.0000000E+00
   6.9083895E+01   0.0000000E+00
   6.9417633E+01   0.0000000E+00
   6.9751372E+01   0.0000000E+00
   7.0085111E+01   0.0000000E+00
   7.0418849E+01   0.0000000E+00
   7.0752588E+01   0.0000000E+00
   7.1086326E+01   0.0000000E+00
   7.1420065E+01   0.0000000E+00
   7.1753804E+01   0.0000000E+00
   7.2087542E+01   0.0000000E+00
   7.2421281E+01   0.0000000E+00
   7.2755019E+01   0.0000000E+00
   7.3088758E+01   0.0000000E+00
   7.3422496E+01   0.0000000E+00
   7.3756235E+01   0.0000000E+00
   7.4089974E+01   0.0000000E+00
   7.4423712E+01   0.0000000E+00
   7.4757451E+01   0.0000000E+00
   7.5091189E+01   0.0000000E+00
   7.5424928E+01   0.0000000E+00
   7.5758667E+01   0.0000000E+00
   7.6092405E+01   0.0000000E+00
   7.6426144E+01   0.0000000E+00
   7.6759882E+01   0.0000000E+00
   7.7093621E+01   0.0000000E+00
   7.7427360E+01   0.0000000E+00
   7.7761098E+01   0.0000000E+00
   7.8094837E+01   0.0000000E+00
   7.8428575E+01   0.0000000E+00
   7.8762314E+01   0.0000000E+00
   7.9096053E+01   0.0000000E+00
   7.9429791E+01   0.0000000E+00
   7.9763530E+01   0.0000000E+00
   8.0097268E+01   0.0000000E+00
   8.0431007E+01   0.0000000E+00
   8.0764746E+01   0.0000000E+00
   8.1098484E+01   0.0000000E+00
   8.1432223E+01   0.0000000E+00
   8.1765961E+01   0.0000000E+00
   8.2099700E+01   0.0000000E+00
   8.2433439E+01   0.0000000E+00
   8.2767177E+01   0.0000000E+00
   8.3100916E+01   0.0000000E+00
   8.3434654E+01   0.0000000E+00
   8.3768393E+01   0.0000000E+00
   8.4102132E+01   0.0000000E+00
   8.4435870E+01   0.0000000E+00
   8.4769609E+01   0.0000000E+00
   8.5103347E+01   0.0000000E+00
   8.5437086E+01   0.0000000E+00
   8.5770825E+01   0.0000000E+00
   8.6104563E+01   0.0000000E+00
   8.6438302E+01   0.0000000E+00
   8.6772040E+01   0.0000000E+00
   8.7105779E+01   0.0000000E+00
   8.7439517E+01   0.0000000E+00
   8.7773256E+01   0.0000000E+00
   8.8106995E+01   0.0000000E+00
   8.8440733E+01   0.0000000E+00
   8.8774472E+01   0.0000000E+00
   8.9108210E+01   0.0000000E+00
   8.9441949E+01   0.0000000E+00
   8.9775688E+01   0.0000000E+00
   9.0109426E+01   0.0000000E+00
   9.0443165E+01   0.0000000E+00
   9.0776903E+01   0.0000000E+00
   9.1110642E+01   0.0000000E+00
   9.1444381E+01   0.0000000E+00
   9.1778119E+01   0.0000000E+00
   9.2111858E+01   0.0000000E+00
   9.2445596E+01   0.0000000E+00
   9.2779335E+01   0.0000000E+00
   9.3113074E+01   0.0000000E+00
   9.3446812E+01   0.0000000E+00
   9.3780551E+01   0.0000000E+00
   9.4114289E+01   0.0000000E+00
   9.4448028E+01   0.0000000E+00
   9.4781767E+01   0.0000000E+00
   9.5115505E+01   0.0000000E+00
   9.5449244E+01   0.0000000E+00
   9.5782982E+01   0.0000000E+00
   9.6116721E+01   0.0000000E+00
   9.6450460E+01   0.0000000E+00
   9.6784198E+01   0.0000000E+00
   9.7117937E+01   0.0000000E+00
   9.7451675E+01   0.0000000E+00
   9.7785414E+01   0.0000000E+00
   9.8119153E+01   0.0000000E+00
   9.8452891E+01   0.0000000E+00
   9.8786630E+01   0.0000000E+00
   9.9120368E+01   0.0000000E+00
   9.9454107E+01   0.0000000E+00
   9.9787846E+01   0.0000000E+00
   1.0012158E+02   0.0000000E+00
   1.0045532E+02   0.0000000E+00
   1.0078906E+02   0.0000000E+00
   1.0112280E+02   0.0000000E+00
   1.0145654E+02   0.0000000E+00
   1.0179028E+02   0.0000000E+00
   1.0212402E+02   0.0000000E+00
   1.0245775E+02   0.0000000E+00
   1.0279149E+02   0.0000000E+00
   1.0312523E+02   0.0000000E+00
   1.0345897E+02   0.0000000E+00
   1.0379271E+02   0.0000000E+00
   1.0412645E+02   0.0000000E+00
   1.0446019E+02   0.0000000E+00
   1.0479392E+02   0.0000000E+00
   1.0512766E+02   0.0000000E+00
   1.0546140E+02   0.0000000E+00
   1.0579514E+02   0.0000000E+00
   1.0612888E+02   0.0000000E+00
   1.0646262E+02   0.0000000E+00
   1.0679636E+02   0.0000000E+00
   1.0713009E+02   0.0000000E+00
   1.0746383E+02   0.0000000E+00
   1.0779757E+02   0.0000000E+00
   1.0813131E+02   0.0000000E+00
   1.0846505E+02   0.0000000E+00
   1.0879879E+02   0.0000000E+00
   1.0913253E+02   0.0000000E+00
   1.0946626E+02   0.0000000E+00
   1.0980000E+02   0.0000000E+00
   1.1013374E+02   0.0000000E+00
   1.1046748E+02   0.0000000E+00
   1.1080122E+02   0.0000000E+00
   1.1113496E+02   0.0000000E+00
   1.1146870E+02   0.0000000E+00
   1.1180243E+02   0.0000000E+00
   1.1213617E+02   0.0000000E+00
   1.1246991E+02   0.0000000E+00
   1.1280365E+02   0.0000000E+00
   1.1313739E+02   0.0000000E+00
   1.1347113E+02   0.0000000E+00
   1.1380487E+02   0.0000000E+00
   1.1413861E+02   0.0000000E+00
   1.1447234E+02   0.0000000E+00
   1.1480608E+02   0.0000000E+00
   1.1513982E+02   0.0000000E+00
   1.1547356E+02   0.0000000E+00
   1.1580730E+02   0.0000000E+00
   1.1614104E+02   0.0000000E+00
   1.1647478E+02   0.0000000E+00
   1.1680851E+02   0.0000000E+00
   1.1714225E+02   0.0000000E+00
   1.1747599E+02   0.0000000E+00
   1.1780973E+02   0.0000000E+00
   1.1814347E+02   0.0000000E+00
   1.1847721E+02   0.0000000E+00
   1.1881095E+02   0.0000000E+00
   1.1914468E+02   0.0000000E+00
   1.1947842E+02   0.0000000E+00
   1.1981216E+02   0.0000000E+00
   1.2014590E+02   0.0000000E+00
   1.2047964E+02   0.0000000E+00
   1.2081338E+02   0.0000000E+00
   1.2114712E+02   0.0000000E+00
   1.2148085E+02   0.0000000E+00
   1.2181459E+02   0.0000000E+00
   1.2214833E+02   0.0000000E+00
   1.2248207E+02   0.0000000E+00
   1.2281581E+02   0.0000000E+00
   1.2314955E+02   0.0000000E+00
   1.2348329E+02   0.0000000E+00
   1.2381702E+02   0.0000000E+00
   1.2415076E+02   0.0000000E+00
   1.2448450E+02   0.0000000E+00
   1.2481824E+02   0.0000000E+00
   1.2515198E+02   0.0000000E+00
   1.2548572E+02   0.0000000E+00
   1.2581946E+02   0.0000000E+00
   1.2615319E+02   0.0000000E+00
   1.2648693E+02   0.0000000E+00
   1.2682067E+02   0.0000000E+00
   1.2715441E+02   0.0000000E+00
   1.2748815E+02   0.0000000E+00
   1.2782189E+02   0.0000000E+00
   1.2815563E+02   0.0000000E+00
   1.2848936E+02   0.0000000E+00
   1.2882310E+02   0.0000000E+00
   1.2915684E+02   0.0000000E+00
   1.2949058E+02   0.0000000E+00
   1.2982432E+02   0.0000000E+00
   1.3015806E+02   0.0000000E+00
   1.3049180E+02   0.0000000E+00
   1.3082553E+02   0.0000000E+00
   1.3115927E+02   0.0000000E+00
   1.3149301E+02   0.0000000E+00
   1.3182675E+02   0.0000000E+00
   1.3216049E+02   0.0000000E+00
   1.3249423E+02   0.0000000E+00
   1.3282797E+02   0.0000000E+00
   1.3316171E+02   0.0000000E+00
   1.3349544E+02   0.0000000E+00
   1.3382918E+02   0.0000000E+00
   1.3416292E+02   0.0000000E+00
   1.3449666E+02   0.0000000E+00
   1.3483040E+02   0.0000000E+00
   1.3516414E+02   0.0000000E+00
   1.3549788E+02   0.0000000E+00
   1.3583161E+02   0.0000000E+00
   1.3616535E+02   0.0000000E+00
   1.3649909E+02   0.0000000E+00
   1.3683283E+02   0.0000000E+00
   1.3716657E+02   0.0000000E+00
   1.3750031E+02   0.0000000E+00
   1.3783405E+02   0.0000000E+00
   1.3816778E+02   0.0000000E+00
   1.3850152E+02   0.0000000E+00
   1.3883526E+02   0.0000000E+00
   1.3916900E+02   0.0000000E+00
   1.3950274E+02   0.0000000E+00
   1.3983648E+02   0.0000000E+00
   1.4017022E+02   0.0000000E+00
   1.4050395E+02   0.0000000E+00
   1.4083769E+02   0.0000000E+00
   1.4117143E+02   0.0000000E+00
   1.4150517E+02   0.0000000E+00
   1.4183891E+02   0.0000000E+00
   1.4217265E+02   0.0000000E+00
   1.4250639E+02   0.0000000E+00
   1.4284012E+02   0.0000000E+00
   1.4317386E+02   0.0000000E+00
   1.4350760E+02  -1.4012985E-45
   1.4384134E+02  -5.6051939E-45
   1.4417508E+02  -7.0064923E-45
   1.4450882E+02  -7.0064923E-45
   1.4484256E+02  -4.2038954E-45
   1.4517629E+02  -2.8025969E-45
   1.4551003E+02   2.8025969E-45
   1.4584377E+02   7.0064923E-45
   1.4617751E+02   9.8090893E-45
   1.4651125E+02   1.4012985E-44
   1.4684499E+02   1.2611686E-44
   1.4717873E+02   8.4077908E-45
   1.4751246E+02   0.0000000E+00
   1.4784620E+02  -4.2038954E-45
   1.4817994E+02  -9.8090893E-45
   1.4851368E+02  -1.6815582E-44
   1.4884742E+02  -2.1019477E-44
   1.4918116E+02  -2.6624671E-44
   1.4951490E+02  -2.9427268E-44
   1.4984863E+02  -3.3631163E-44
   1.5018237E+02  -2.9427268E-44
   1.5051611E+02  -2.2420775E-44
   1.5084985E+02  -1.4012985E-44
   1.5118359E+02   1.4012985E-45
   1.5151733E+02   1.9618179E-44
   1.5185107E+02   3.5032462E-44
   1.5218480E+02   5.0446745E-44
   1.5251854E+02   5.8854536E-44
   1.5285228E+02   5.6051939E-44
   1.5318602E+02   3.9236357E-44
   1.5351976E+02   1.4012985E-44
   1.5385350E+02  -2.6624671E-44
   1.5418724E+02  -7.7071416E-44
   1.5452098E+02  -1.2051167E-43
   1.5485471E+02  -1.5974802E-43
   1.5518845E+02  -1.8216880E-43
   1.5552219E+02  -1.8076750E-43
   1.5585593E+02  -1.5414283E-43
   1.5618967E+02  -1.0509738E-43
   1.5652341E+02  -2.9427268E-44
   1.5685715E+02   6.3058431E-44
   1.5719088E+02   1.6255062E-43
   1.5752462E+02   2.5083243E-43
   1.5785836E+02   3.0968696E-43
   1.5819210E+02   3.3631163E-43
   1.5852584E+02   3.1669345E-43
   1.5885958E+02   2.4382593E-43
   1.5919332E+02   1.2191297E-43
   1.5952705E+02  -3.9236357E-44
   1.5986079E+02  -2.2280646E-43
   1.6019453E+02  -4.0777785E-43
   1.6052827E+02  -5.6051939E-43
   1.6086201E+02  -6.5160379E-43
   1.6119575E+02  -6.6001158E-43
   1.6152949E+02  -5.5771679E-43
   1.6186322E+02  -3.4892332E-43
   1.6219696E+02  -3.9236357E-44
   1.6253070E+02   3.4612072E-43
   1.6286444E+02   7.4969468E-43
   1.6319818E+02   1.1252427E-42
   1.6353192E+02   1.3984959E-42
   1.6386566E+02   1.5063958E-42
   1.6419939E+02   1.3942920E-42
   1.6453313E+02   1.0411648E-42
   1.6486687E+02   4.4701421E-43
   1.6520061E+02  -3.3911423E-43
   1.6553435E+02  -1.2331426E-42
   1.6586809E+02  -2.1173620E-42
   1.6620183E+02  -2.8516424E-42
   1.6653556E+02  -3.2944527E-42
   1.6686930E+02  -3.3224787E-42
   1.6720304E+02  -2.8432346E-42
   1.6753678E+02  -1.8441088E-42
   1.6787052E+02  -3.7694929E-43
   1.6820426E+02   1.4237192E-42
   1.6853800E+02   3.3392942E-42
   1.6887173E+02   5.1035290E-42
   1.6920547E+02   6.4193483E-42
   1.6953921E+02   6.9952819E-42
   1.6987295E+02   6.6225365E-42
   1.7020669E+02   5.1665874E-42
   1.7054043E+02   2.6638684E-42
   1.7087417E+02  -7.0905702E-43
   1.7120790E+02  -4.5976603E-42
   1.7154164E+02  -8.5114869E-42
   1.7187538E+02  -1.1867597E-41
   1.7220912E+02  -1.4046616E-41
   1.7254286E+02  -1.4523057E-41
   1.7287660E+02  -1.2908761E-41
   1.7321034E+02  -9.0692037E-42
   1.7354408E+02  -3.1823488E-42
   1.7387781E+02   4.2361253E-42
   1.7421155E+02   1.2353847E-41
   1.7454529E+02   2.0067995E-41
   1.7487903E+02   2.6163644E-41
   1.7521277E+02   2.9424465E-41
   1.7554651E+02   2.8868150E-41
   1.7588025E+02   2.3899145E-41
   1.7621398E+02   1.4462801E-41
   1.7654772E+02   1.1883011E-42
   1.7688146E+02  -1.4632359E-41
   1.7721520E+02  -3.1108826E-41
   1.7754894E+02  -4.5905136E-41
   1.7788268E+02  -5.6543794E-41
   1.7821642E+02  -6.0716861E-41
   1.7855015E+02  -5.6686727E-41
   1.7888389E+02  -4.3625224E-41
   1.7921763E+02  -2.1891085E-41
   1.7955137E+02   6.8201196E-42
   1.7988511E+02   3.9482986E-41
   1.8021885E+02   7.1983301E-41
   1.8055259E+02   9.9518816E-41
   1.8088632E+02   1.1720320E-40
   1.8122006E+02   1.2076250E-40
   1.8155380E+02   1.0726659E-40
   1.8188754E+02   7.5782221E-41
   1.8222128E+02   2.7845202E-41
   1.8255502E+02  -3.2346172E-41
   1.8288876E+02  -9.8093695E-41
   1.8322249E+02  -1.6076957E-40
   1.8355623E+02  -2.1073427E-40
   1.8388997E+02  -2.3857947E-40
   1.8422371E+02  -2.3653358E-40
   1.8455745E+02  -1.9985179E-40
   1.8489119E+02  -1.2802823E-40
   1.8522493E+02  -2.5544270E-41
   1.8555866E+02   9.7917131E-41
   1.8589240E+02   2.2803190E-40
   1.8622614E+02   3.4712125E-40
   1.8655988E+02   4.3614854E-40
   1.8689362E+02   4.7725003E-40
   1.8722736E+02   4.5647438E-40
   1.8756110E+02   3.6646898E-40
   1.8789483E+02   2.0861691E-40
   1.8822857E+02  -5.7257055E-42
   1.8856231E+02  -2.5518486E-40
   1.8889605E+02  -5.0980780E-40
   1.8922979E+02  -7.3391045E-40
   1.8956353E+02  -8.9025753E-40
   1.8989727E+02  -9.4511556E-40
   1.9023100E+02  -8.7369278E-40
   1.9056474E+02  -6.6512491E-40
   1.9089848E+02  -3.2636662E-40
   1.9123222E+02   1.1587617E-40
   1.9156596E+02   6.1565347E-40
   1.9189970E+02   1.1111596E-39
   1.9223344E+02   1.5308849E-39
   1.9256718E+02   1.8022001E-39
   1.9290091E+02   1.8615143E-39
   1.9323465E+02   1.6648477E-39
   1.9356839E+02   1.1973311E-39
   1.9390213E+02   4.8019135E-40
   1.9423587E+02  -4.2622735E-40
   1.9456961E+02  -1.4245138E-39
   1.9490335E+02  -2.3878364E-39
   1.9523708E+02  -3.1730092E-39
   1.9557082E+02  -3.6381225E-39
   1.9590456E+02  -3.6629129E-39
   1.9623830E+02  -3.1694793E-39
   1.9657204E+02  -2.1405002E-39
   1.9690578E+02  -6.3191274E-40
   1.9723952E+02   1.2226371E-39
   1.9757325E+02   3.2176489E-39
   1.9790699E+02   5.0927810E-39
   1.9824073E+02   6.5605165E-39
   1.9857447E+02   7.3424480E-39
   1.9890821E+02   7.2103350E-39
   1.9924195E+02   6.0271458E-39
   1.9957569E+02   3.7821004E-39
   1.9990942E+02   6.1376312E-40
   2.0024316E+02  -3.1841032E-39
   2.0057690E+02  -7.1777436E-39
   2.0091064E+02  -1.0831129E-38
   2.0124438E+02  -1.3564730E-38
   2.0157812E+02  -1.4830546E-38
   2.0191186E+02  -1.4195631E-38
   2.0224559E+02  -1.1423618E-38
   2.0257933E+02  -6.5423570E-39
   2.0291307E+02   1.1444124E-40
   2.0324681E+02   7.9019164E-39
   2.0358055E+02   1.5902274E-38
   2.0391429E+02   2.3008594E-38
   2.0424803E+02   2.8050150E-38
   2.0458176E+02   2.9948719E-38
   2.0491550E+02   2.7888765E-38
   2.0524924E+02   2.1479787E-38
   2.0558298E+02   1.0886049E-38
   2.0591672E+02  -3.1004331E-39
   2.0625046E+02  -1.9064111E-38
   2.0658420E+02  -3.5060207E-38
   2.0691793E+02  -4.8801351E-38
   2.0725167E+02  -5.7925962E-38
   2.0758541E+02  -6.0324116E-38
   2.0791915E+02  -5.4484284E-38
   2.0825289E+02  -3.9814524E-38
   2.0858663E+02  -1.6887960E-38
   2.0892037E+02   1.2436728E-38
   2.0925410E+02   4.5058393E-38
   2.0958784E+02   7.6862863E-38
   2.0992158E+02   1.0313830E-37
   2.1025532E+02   1.1914916E-37
   2.1058906E+02   1.2081356E-37
   2.1092280E+02   1.0540480E-37
   2.1125654E+02   7.2179768E-38
   2.1159027E+02   2.2830800E-38
   2.1192401E+02  -3.8334874E-38
   2.1225775E+02  -1.0456186E-37
   2.1259149E+02  -1.6719561E-37
   2.1292523E+02  -2.1660088E-37
   2.1325897E+02  -2.4338119E-37
   2.1359271E+02  -2.3977573E-37
   2.1392645E+02  -2.0106185E-37
   2.1426018E+02  -1.2676150E-37
   2.1459392E+02  -2.1443423E-38
   2.1492766E+02   1.0506546E-37
   2.1526140E+02   2.3819222E-37
   2.1559514E+02   3.5990425E-37
   2.1592888E+02   4.5071709E-37
   2.1626262E+02   4.9225786E-37
   2.1659635E+02   4.7010837E-37
   2.1693009E+02   3.7656450E-37
   2.1726383E+02   2.1289717E-37
   2.1759757E+02  -9.2966428E-39
   2.1793131E+02  -2.6800495E-37
   2.1826505E+02  -5.3220320E-37
   2.1859879E+02  -7.6479740E-37
   2.1893252E+02  -9.2694678E-37
   2.1926626E+02  -9.8337243E-37
   2.1960000E+02  -9.0805297E-37
   2.1993374E+02  -6.8954557E-37
   2.2026748E+02  -3.3510169E-37
   2.2060122E+02   1.2722481E-37
   2.2093496E+02   6.4911835E-37
   2.2126869E+02   1.1655610E-36
   2.2160243E+02   1.6014026E-36
   2.2193617E+02   1.8804957E-36
   2.2226991E+02   1.9365035E-36
   2.2260365E+02   1.7241026E-36
   2.2293739E+02   1.2290158E-36
   2.2327113E+02   4.7524398E-37
   2.2360486E+02  -4.7202526E-37
   2.2393860E+02  -1.5089664E-36
   2.2427234E+02  -2.5016577E-36
   2.2460608E+02  -3.3003740E-36
   2.2493982E+02  -3.7585201E-36
   2.2527356E+02  -3.7542322E-36
   2.2560730E+02  -3.2119705E-36
   2.2594103E+02  -2.1209939E-36
   2.2627477E+02  -5.4752969E-37
   2.2660851E+02   1.3621407E-36
   2.2694225E+02   3.3896066E-36
   2.2727599E+02   5.2639228E-36
   2.2760973E+02   6.6919428E-36
   2.2794347E+02   7.3967803E-36
   2.2827720E+02   7.1601546E-36
   2.2861094E+02   5.8632032E-36
   2.2894468E+02   3.5195757E-36
   2.2927842E+02   2.9488571E-37
   2.2961216E+02  -3.4925376E-36
   2.2994590E+02  -7.3926699E-36
   2.3027964E+02  -1.0867064E-35
   2.3061337E+02  -1.3351725E-35
   2.3094711E+02  -1.4333697E-35
   2.3128085E+02  -1.3432579E-35
   2.3161459E+02  -1.0475989E-35
   2.3194833E+02  -5.5573472E-36
   2.3228207E+02   9.3527888E-37
   2.3261581E+02   8.3278193E-36
   2.3294955E+02   1.5711129E-35
   2.3328328E+02   2.2033517E-35
   2.3361702E+02   2.6228238E-35
   2.3395076E+02   2.7363135E-35
   2.3428450E+02   2.4794668E-35
   2.3461824E+02   1.8304803E-35
   2.3495198E+02   8.1987897E-36
   2.3528572E+02  -4.6564259E-36
   2.3561945E+02  -1.8867779E-35
   2.3595319E+02  -3.2632105E-35
   2.3628693E+02  -4.3928534E-35
   2.3662067E+02  -5.0771782E-35
   2.3695441E+02  -5.1499441E-35
   2.3728815E+02  -4.5058119E-35
   2.3762189E+02  -3.1246973E-35
   2.3795562E+02  -1.0877902E-35
   2.3828936E+02   1.4183342E-35
   2.3862310E+02   4.1119211E-35
   2.3895684E+02   6.6413037E-35
   2.3929058E+02   8.6239477E-35
   2.3962432E+02   9.6958447E-35
   2.3995806E+02   9.5658292E-35
   2.4029179E+02   8.0678562E-35
   2.4062553E+02   5.2035875E-35
   2.4095927E+02   1.1676988E-35
   2.4129301E+02  -3.6502156E-35
   2.4162675E+02  -8.6909733E-35
   2.4196049E+02  -1.3278924E-34
   2.4229423E+02  -1.6699537E-34
   2.4262796E+02  -1.8294174E-34
   2.4296170E+02  -1.7561306E-34
   2.4329544E+02  -1.4250837E-34
   2.4362918E+02  -8.4372301E-35
   2.4396292E+02  -5.5792446E-36
   2.4429666E+02   8.5934911E-35
   2.4463040E+02   1.7925224E-34
   2.4496413E+02   2.6155789E-34
   2.4529787E+02   3.1965381E-34
   2.4563161E+02   3.4175257E-34
   2.4596535E+02   3.1934088E-34
   2.4629909E+02   2.4886203E-34
   2.4663283E+02   1.3295477E-34
   2.4696657E+02  -1.8991810E-35
   2.4730030E+02  -1.9114459E-34
   2.4763404E+02  -3.6248014E-34
   2.4796778E+02  -5.0894920E-34
   2.4830152E+02  -6.0638510E-34
   2.4863526E+02  -6.3385870E-34
   2.4896900E+02  -5.7707686E-34
   2.4930274E+02  -4.3136014E-34
   2.4963647E+02  -2.0371758E-34
   2.4997021E+02   8.6397423E-35
   2.5030395E+02   4.0795270E-34
   2.5063769E+02   7.2093909E-34
   2.5097143E+02   9.8060216E-34
   2.5130517E+02   1.1429545E-33
   2.5163891E+02   1.1709886E-33
   2.5197264E+02   1.0408352E-33
   2.5230638E+02   7.4700067E-34
   2.5264012E+02   3.0583062E-34
   2.5297386E+02  -2.4354386E-34
   2.5330760E+02  -8.4126779E-34
   2.5364134E+02  -1.4119862E-33
   2.5397508E+02  -1.8729666E-33
   2.5430882E+02  -2.1444202E-33
   2.5464255E+02  -2.1609164E-33
   2.5497629E+02  -1.8824811E-33
   2.5531003E+02  -1.3038008E-33
   2.5564377E+02  -4.6000175E-34
   2.5597751E+02   5.7228272E-34
   2.5631125E+02   1.6793814E-33
   2.5664499E+02   2.7207722E-33
   2.5697872E+02   3.5444053E-33
   2.5731246E+02   4.0058122E-33
   2.5764620E+02   3.9889137E-33
   2.5797994E+02   3.4259500E-33
   2.5831368E+02   2.3136708E-33
   2.5864742E+02   7.2305760E-34
   2.5898116E+02  -1.1996541E-33
   2.5931489E+02  -3.2420388E-33
   2.5964863E+02  -5.1448122E-33
   2.5998237E+02  -6.6302635E-33
   2.6031611E+02  -7.4372058E-33
   2.6064985E+02  -7.3586343E-33
   2.6098359E+02  -6.2773757E-33
   2.6131733E+02  -4.1946381E-33
   2.6165106E+02  -1.2465894E-33
   2.6198480E+02   2.2949033E-33
   2.6231854E+02   6.0397069E-33
   2.6265228E+02   9.5151808E-33
   2.6298602E+02   1.2218011E-32
   2.6331976E+02   1.3677350E-32
   2.6365350E+02   1.3522361E-32
   2.6398723E+02   1.1545734E-32
   2.6432097E+02   7.7540544E-33
   2.6465471E+02   2.3965634E-33
   2.6498845E+02  -4.0345442E-33
   2.6532219E+02  -1.0836180E-32
   2.6565593E+02  -1.7158889E-32
   2.6598967E+02  -2.2099630E-32
   2.6632340E+02  -2.4814307E-32
   2.6665714E+02  -2.4637681E-32
   2.6699088E+02  -2.1195715E-32
   2.6732462E+02  -1.4494521E-32
   2.6765836E+02  -4.9707876E-33
   2.6799210E+02   6.5079555E-33
   2.6832584E+02   1.8700011E-32
   2.6865957E+02   3.0103155E-32
   2.6899331E+02   3.9117731E-32
   2.6932705E+02   4.4244073E-32
   2.6966079E+02   4.4292903E-32
   2.6999453E+02   3.8582290E-32
   2.7032827E+02   2.7093781E-32
   2.7066201E+02   1.0561702E-32
   2.7099574E+02  -9.5248985E-33
   2.7132948E+02  -3.1018992E-32
   2.7166322E+02  -5.1311157E-32
   2.7199696E+02  -6.7610803E-32
   2.7233070E+02  -7.7287196E-32
   2.7266444E+02  -7.8233175E-32
   2.7299818E+02  -6.9206572E-32
   2.7333192E+02  -5.0101820E-32
   2.7366565E+02  -2.2107624E-32
   2.7399939E+02   1.2284711E-32
   2.7433313E+02   4.9441610E-32
   2.7466687E+02   8.4916636E-32
   2.7500061E+02   1.1392673E-31
   2.7533435E+02   1.3193133E-31
   2.7566809E+02   1.3525123E-31
   2.7600182E+02   1.2165182E-31
   2.7633556E+02   9.0809178E-32
   2.7666930E+02   4.4585355E-32
   2.7700304E+02  -1.2947647E-32
   2.7733678E+02  -7.5767793E-32
   2.7767052E+02  -1.3644773E-31
   2.7800426E+02  -1.8694724E-31
   2.7833799E+02  -2.1958013E-31
   2.7867173E+02  -2.2805030E-31
   2.7900547E+02  -2.0843005E-31
   2.7933921E+02  -1.5994682E-31
   2.7967295E+02  -8.5453185E-32
   2.8000669E+02   8.5191661E-33
   2.8034043E+02   1.1217576E-31
   2.8067416E+02   2.1334795E-31
   2.8100790E+02   2.9879263E-31
   2.8134164E+02   3.5578102E-31
   2.8167538E+02   3.7380417E-31
   2.8200912E+02   3.4618410E-31
   2.8234286E+02   2.7137296E-31
   2.8267660E+02   1.5373190E-31
   2.8301033E+02   3.6309375E-33
   2.8334407E+02  -1.6322153E-31
   2.8367781E+02  -3.2721891E-31
   2.8401155E+02  -4.6696617E-31
   2.8434529E+02  -5.6185804E-31
   2.8467903E+02  -5.9484237E-31
   2.8501277E+02  -5.5502800E-31
   2.8534650E+02  -4.3977717E-31
   2.8568024E+02  -2.5595388E-31
   2.8601398E+02  -2.0067170E-32
   2.8634772E+02   2.4283019E-31
   2.8668146E+02   5.0148254E-31
   2.8701520E+02   7.2184306E-31
   2.8734894E+02   8.7122366E-31
   2.8768267E+02   9.2272442E-31
   2.8801641E+02   8.5938709E-31
   2.8835015E+02   6.7749603E-31
   2.8868389E+02   3.8850058E-31
   2.8901763E+02   1.9147910E-32
   2.8935137E+02  -3.9038426E-31
   2.8968511E+02  -7.9033234E-31
   2.9001884E+02  -1.1268783E-30
   2.9035258E+02  -1.3488248E-30
   2.9068632E+02  -1.4146559E-30
   2.9102006E+02  -1.2990928E-30
   2.9135380E+02  -9.9822115E-31
   2.9168754E+02  -5.3234838E-31
   2.9202128E+02   5.4034936E-32
   2.9235501E+02   6.9551043E-31
   2.9268875E+02   1.3121285E-30
   2.9302249E+02   1.8184489E-30
   2.9335623E+02   2.1343186E-30
   2.9368997E+02   2.1961494E-30
   2.9402371E+02   1.9672598E-30
   2.9435745E+02   1.4457896E-30
   2.9469119E+02   6.6887928E-31
   2.9502492E+02  -2.8787725E-31
   2.9535866E+02  -1.3161556E-30
   2.9569240E+02  -2.2856258E-30
   2.9602614E+02  -3.0588253E-30
   2.9635988E+02  -3.5086697E-30
   2.9669362E+02  -3.5365803E-30
   2.9702736E+02  -3.0888939E-30
   2.9736109E+02  -2.1691888E-30
   2.9769483E+02  -8.4441985E-31
   2.9802857E+02   7.5662358E-31
   2.9836231E+02   2.4532407E-30
   2.9869605E+02   4.0307291E-30
   2.9902979E+02   5.2648496E-30
   2.9936353E+02   5.9503321E-30
   2.9969726E+02   5.9301557E-30
   3.0003100E+02   5.1218143E-30
   3.0036474E+02   3.5367973E-30
   3.0069848E+02   1.2899222E-30
   3.0103222E+02  -1.4037853E-30
   3.0136596E+02  -4.2457050E-30
   3.0169970E+02  -6.8830299E-30
   3.0203343E+02  -8.9485754E-30
   3.0236717E+02  -1.0106915E-29
   3.0270091E+02  -1.0101562E-29
   3.0303465E+02  -8.7971409E-30
   3.0336839E+02  -6.2105275E-30
   3.0370213E+02  -2.5256882E-30
   3.0403587E+02   1.9114787E-30
   3.0436960E+02   6.6198079E-30
   3.0470334E+02   1.1029901E-29
   3.0503708E+02   1.4547631E-29
   3.0537082E+02   1.6627691E-29
   3.0570456E+02   1.6848717E-29
   3.0603830E+02   1.4980506E-29
   3.0637204E+02   1.1033761E-29
   3.0670577E+02   5.2841875E-30
   3.0703951E+02  -1.7348871E-30
   3.0737325E+02  -9.2736596E-30
   3.0770699E+02  -1.6438974E-29
   3.0804073E+02  -2.2293268E-29
   3.0837447E+02  -2.5969324E-29
   3.0870821E+02  -2.6787621E-29
   3.0904194E+02  -2.4361529E-29
   3.0937568E+02  -1.8675607E-29
   3.0970942E+02  -1.0124347E-29
   3.1004316E+02   4.9768964E-31
   3.1037690E+02   1.2057691E-29
   3.1071064E+02   2.3195644E-29
   3.1104438E+02   3.2475169E-29
   3.1137811E+02   3.8558634E-29
   3.1171185E+02   4.0386510E-29
   3.1204559E+02   3.7338257E-29
   3.1237933E+02   2.9352560E-29
   3.1271307E+02   1.6987382E-29
   3.1304681E+02   1.4065977E-30
   3.1338055E+02  -1.5711950E-29
   3.1371429E+02  -3.2342795E-29
   3.1404802E+02  -4.6338907E-29
   3.1438176E+02  -5.5694259E-29
   3.1471550E+02  -5.8812424E-29
   3.1504924E+02  -5.4747387E-29
   3.1538298E+02  -4.3383101E-29
   3.1571672E+02  -2.5523016E-29
   3.1605046E+02  -2.8700599E-30
   3.1638419E+02   2.2110439E-29
   3.1671793E+02   4.6437875E-29
   3.1705167E+02   6.6951500E-29
   3.1738541E+02   8.0698752E-29
   3.1771915E+02   8.5331089E-29
   3.1805289E+02   7.9457875E-29
   3.1838663E+02   6.2908245E-29
   3.1872036E+02   3.6859804E-29
   3.1905410E+02   3.8056406E-30
   3.1938784E+02  -3.2650387E-29
   3.1972158E+02  -6.8158420E-29
   3.2005532E+02  -9.8114732E-29
   3.2038906E+02  -1.1822867E-28
   3.2072280E+02  -1.2509792E-28
   3.2105653E+02  -1.1671888E-28
   3.2139027E+02  -9.2860608E-29
   3.2172401E+02  -5.5242977E-29
   3.2205775E+02  -7.4788975E-30
   3.2239149E+02   4.5230922E-29
   3.2272523E+02   9.6632999E-29
   3.2305897E+02   1.4013514E-28
   3.2339270E+02   1.6962262E-28
   3.2372644E+02   1.8027942E-28
   3.2406018E+02   1.6930839E-28
   3.2439392E+02   1.3644946E-28
   3.2472766E+02   8.4210896E-29
   3.2506140E+02   1.7762304E-29
   3.2539514E+02  -5.5526366E-29
   3.2572887E+02  -1.2686672E-28
   3.2606261E+02  -1.8708000E-28
   3.2639635E+02  -2.2775643E-28
   3.2673009E+02  -2.4240496E-28
   3.2706383E+02  -2.2744253E-28
   3.2739757E+02  -1.8287957E-28
   3.2773131E+02  -1.1258757E-28
   3.2806504E+02  -2.4079746E-29
   3.2839878E+02   7.2206905E-29
   3.2873252E+02   1.6407250E-28
   3.2906626E+02   2.3904204E-28
   3.2940000E+02   2.8601008E-28
   3.2973374E+02   2.9683549E-28
   3.3006748E+02   2.6767133E-28
   3.3040121E+02   1.9982954E-28
   3.3073495E+02   1.0002562E-28
   3.3106869E+02  -2.0083597E-29
   3.3140243E+02  -1.4506875E-28
   3.3173617E+02  -2.5750824E-28
   3.3206991E+02  -3.4019918E-28
   3.3240365E+02  -3.7853787E-28
   3.3273739E+02  -3.6277079E-28
   3.3307112E+02  -2.8979945E-28
   3.3340486E+02  -1.6425852E-28
   3.3373860E+02   1.3457917E-30
   3.3407234E+02   1.8754525E-28
   3.3440608E+02   3.6984548E-28
   3.3473982E+02   5.2152979E-28
   3.3507356E+02   6.1704422E-28
   3.3540729E+02   6.3557277E-28
   3.3574103E+02   5.6434986E-28
   3.3607477E+02   4.0124950E-28
   3.3640851E+02   1.5624362E-28
   3.3674225E+02  -1.4857490E-28
   3.3707599E+02  -4.8054403E-28
   3.3740973E+02  -7.9951544E-28
   3.3774346E+02  -1.0622142E-27
   3.3807720E+02  -1.2274443E-27
   3.3841094E+02  -1.2615515E-27
   3.3874468E+02  -1.1434741E-27
   3.3907842E+02  -8.6870582E-28
   3.3941216E+02  -4.5156100E-28
   3.3974590E+02   7.4684626E-29
   3.4007963E+02   6.5999448E-28
   3.4041337E+02   1.2420455E-27
   3.4074711E+02   1.7526092E-27
   3.4108085E+02   2.1252175E-27
   3.4141459E+02   2.3032685E-27
   3.4174833E+02   2.2476103E-27
   3.4208207E+02   1.9426274E-27
   3.4241580E+02   1.3999637E-27
   3.4274954E+02   6.5925381E-28
   3.4308328E+02  -2.1444931E-28
   3.4341702E+02  -1.1364760E-27
   3.4375076E+02  -2.0110672E-27
   3.4408450E+02  -2.7417878E-27
   3.4441824E+02  -3.2426490E-27
   3.4475197E+02  -3.4486322E-27
   3.4508571E+02  -3.3242845E-27
   3.4541945E+02  -2.8691973E-27
   3.4575319E+02  -2.1195344E-27
   3.4608693E+02  -1.1451933E-27
   3.4642067E+02  -4.2724926E-29
   3.4675441E+02   1.0753104E-27
   3.4708814E+02   2.0933714E-27
   3.4742188E+02   2.9068122E-27
   3.4775562E+02   3.4348425E-27
   3.4808936E+02   3.6308502E-27
   3.4842310E+02   3.4885937E-27
   3.4875684E+02   3.0432380E-27
   3.4909058E+02   2.3668471E-27
   3.4942431E+02   1.5586488E-27
   3.4975805E+02   7.3115956E-28
   3.5009179E+02  -6.1598703E-30
   3.5042553E+02  -5.6352123E-28
   3.5075927E+02  -8.8534894E-28
   3.5109301E+02  -9.6048774E-28
   3.5142675E+02  -8.2623512E-28
   3.5176048E+02  -5.6510945E-28
   3.5209422E+02  -2.9414131E-28
   3.5242796E+02  -1.4757506E-28
   3.5276170E+02  -2.5482061E-28
   3.5309544E+02  -7.1645340E-28
   3.5342918E+02  -1.5814940E-27
   3.5376292E+02  -2.8295516E-27
   3.5409666E+02  -4.3609356E-27
   3.5443039E+02  -5.9972796E-27
   3.5476413E+02  -7.4939575E-27
   3.5509787E+02  -8.5641644E-27
   3.5543161E+02  -8.9129442E-27
   3.5576535E+02  -8.2778472E-27
   3.5609909E+02  -6.4717679E-27
   3.5643283E+02  -3.4224977E-27
   3.5676656E+02   7.9659313E-28
   3.5710030E+02   5.9498736E-27
   3.5743404E+02   1.1640798E-26
   3.5776778E+02   1.7333505E-26
   3.5810152E+02   2.2394619E-26
   3.5843526E+02   2.6152764E-26
   3.5876900E+02   2.7970848E-26
   3.5910273E+02   2.7324071E-26
   3.5943647E+02   2.3875177E-26
   3.5977021E+02   1.7537922E-26
   3.6010395E+02   8.5200398E-27
   3.6043769E+02  -2.6613702E-27
   3.6077143E+02  -1.5196851E-26
   3.6110517E+02  -2.8035374E-26
   3.6143890E+02  -3.9966667E-26
   3.6177264E+02  -4.9729323E-26
   3.6210638E+02  -5.6135046E-26
   3.6244012E+02  -5.8197461E-26
   3.6277386E+02  -5.5251565E-26
   3.6310760E+02  -4.7050730E-26
   3.6344134E+02  -3.3828892E-26
   3.6377507E+02  -1.6318783E-26
   3.6410881E+02   4.2790758E-27
   3.6444255E+02   2.6376757E-26
   3.6477629E+02   4.8123806E-26
   3.6511003E+02   6.7566473E-26
   3.6544377E+02   8.2827067E-26
   3.6577751E+02   9.2286274E-26
   3.6611124E+02   9.4749985E-26
   3.6644498E+02   8.9582933E-26
   3.6677872E+02   7.6794278E-26
   3.6711246E+02   5.7064472E-26
   3.6744620E+02   3.1708581E-26
   3.6777994E+02   2.5775683E-27
   3.6811368E+02  -2.8094002E-26
   3.6844741E+02  -5.7880259E-26
   3.6878115E+02  -8.4377647E-26
   3.6911489E+02  -1.0541896E-25
   3.6944863E+02  -1.1926633E-25
   3.6978237E+02  -1.2476387E-25
   3.7011611E+02  -1.2143468E-25
   3.7044985E+02  -1.0951246E-25
   3.7078358E+02  -8.9905861E-26
   3.7111732E+02  -6.4099645E-26
   3.7145106E+02  -3.4004564E-26
   3.7178480E+02  -1.7728247E-27
   3.7211854E+02   3.0400561E-26
   3.7245228E+02   6.0468549E-26
   3.7278602E+02   8.6694612E-26
   3.7311976E+02   1.0777082E-25
   3.7345349E+02   1.2287929E-25
   3.7378723E+02   1.3169328E-25
   3.7412097E+02   1.3432158E-25
   3.7445471E+02   1.3120517E-25
   3.7478845E+02   1.2298229E-25
   3.7512219E+02   1.1034367E-25
   3.7545593E+02   9.3896154E-26
   3.7578966E+02   7.4060370E-26
   3.7612340E+02   5.1014790E-26
   3.7645714E+02   2.4702452E-26
   3.7679088E+02  -5.0974774E-27
   3.7712462E+02  -3.8636592E-26
   3.7745836E+02  -7.6012480E-26
   3.7779210E+02  -1.1695691E-25
   3.7812583E+02  -1.6061798E-25
   3.7845957E+02  -2.0537229E-25
   3.7879331E+02  -2.4869661E-25
   3.7912705E+02  -2.8713319E-25
   3.7946079E+02  -3.1637373E-25
   3.7979453E+02  -3.3148078E-25
   3.8012827E+02  -3.2725535E-25
   3.8046200E+02  -2.9874002E-25
   3.8079574E+02  -2.4183384E-25
   3.8112948E+02  -1.5397481E-25
   3.8146322E+02  -3.4835367E-26
   3.8179696E+02   1.1305158E-25
   3.8213070E+02   2.8381583E-25
   3.8246444E+02   4.6800440E-25
   3.8279817E+02   6.5266057E-25
   3.8313191E+02   8.2177534E-25
   3.8346565E+02   9.5716329E-25
   3.8379939E+02   1.0397492E-24
   3.8413313E+02   1.0512277E-24
   3.8446687E+02   9.7599883E-25
   3.8480061E+02   8.0323543E-25
   3.8513434E+02   5.2889623E-25
   3.8546808E+02   1.5747476E-25
   3.8580182E+02  -2.9674946E-25
   3.8613556E+02  -8.0916688E-25
   3.8646930E+02  -1.3451920E-24
   3.8680304E+02  -1.8616263E-24
   3.8713678E+02  -2.3090854E-24
   3.8747051E+02  -2.6354305E-24
   3.8780425E+02  -2.7900586E-24
   3.8813799E+02  -2.7287809E-24
   3.8847173E+02  -2.4189489E-24
   3.8880547E+02  -1.8444020E-24
   3.8913921E+02  -1.0097690E-24
   3.8947295E+02   5.6354325E-26
   3.8980668E+02   1.2998185E-24
   3.9014042E+02   2.6413079E-24
   3.9047416E+02   3.9790120E-24
   3.9080790E+02   5.1937198E-24
   3.9114164E+02   6.1563569E-24
   3.9147538E+02   6.7377249E-24
   3.9180912E+02   6.8200338E-24
   3.9214285E+02   6.3095675E-24
   3.9247659E+02   5.1495586E-24
   3.9281033E+02   3.3322096E-24
   3.9314407E+02   9.0853722E-25
   3.9347781E+02  -2.0053108E-24
   3.9381155E+02  -5.2266255E-24
   3.9414529E+02  -8.5107915E-24
   3.9447903E+02  -1.1562913E-23
   3.9481276E+02  -1.4056752E-23
   3.9514650E+02  -1.5660691E-23
   3.9548024E+02  -1.6069501E-23
   3.9581398E+02  -1.5039898E-23
   3.9614772E+02  -1.2426866E-23
   3.9648146E+02  -8.2169487E-24
   3.9681520E+02  -2.5542697E-24
   3.9714893E+02   4.2451840E-24
   3.9748267E+02   1.1695039E-23
   3.9781641E+02   1.9158846E-23
   3.9815015E+02   2.5890700E-23
   3.9848389E+02   3.1095644E-23
   3.9881763E+02   3.4006702E-23
   3.9915137E+02   3.3972945E-23
   3.9948510E+02   3.0550462E-23
   3.9981884E+02   2.3586152E-23
   4.0015258E+02   1.3283304E-23
   4.0048632E+02   2.3788061E-25
   4.0082006E+02  -1.4563974E-23
   4.0115380E+02  -2.9793787E-23
   4.0148754E+02  -4.3876380E-23
   4.0182127E+02  -5.5129992E-23
   4.0215501E+02  -6.1942311E-23
   4.0248875E+02  -6.2967073E-23
   4.0282249E+02  -5.7321675E-23
   4.0315623E+02  -4.4761811E-23
   4.0348997E+02  -2.5808651E-23
   4.0382371E+02  -1.8048542E-24
   4.0415744E+02   2.5119081E-23
   4.0449118E+02   5.2179407E-23
   4.0482492E+02   7.6174839E-23
   4.0515866E+02   9.3811995E-23
   4.0549240E+02   1.0209536E-22
   4.0582614E+02   9.8744433E-23
   4.0615988E+02   8.2591320E-23
   4.0649361E+02   5.3905138E-23
   4.0682735E+02   1.4590260E-23
   4.0716109E+02  -3.1788766E-23
   4.0749483E+02  -8.0188935E-23
   4.0782857E+02  -1.2449081E-22
   4.0816231E+02  -1.5810792E-22
   4.0849605E+02  -1.7476298E-22
   4.0882978E+02  -1.6935999E-22
   4.0916352E+02  -1.3885738E-22
   4.0949726E+02  -8.3028759E-23
   4.0983100E+02  -4.9920254E-24
   4.1016474E+02   8.8603929E-23
   4.1049848E+02   1.8782107E-22
   4.1083222E+02   2.8014904E-22
   4.1116595E+02   3.5168813E-22
   4.1149969E+02   3.8872793E-22
   4.1183343E+02   3.7958515E-22
   4.1216717E+02   3.1650667E-22
   4.1250091E+02   1.9739998E-22
   4.1283465E+02   2.7133010E-23
   4.1316839E+02  -1.8184052E-22
   4.1350213E+02  -4.0973269E-22
   4.1383586E+02  -6.3066635E-22
   4.1416960E+02  -8.1492684E-22
   4.1450334E+02  -9.3209866E-22
   4.1483708E+02  -9.5483472E-22
   4.1517082E+02  -8.6287822E-22
   4.1550456E+02  -6.4686362E-22
   4.1583830E+02  -3.1137304E-22
   4.1617203E+02   1.2326324E-22
   4.1650577E+02   6.2086307E-22
   4.1683951E+02   1.1312715E-21
   4.1717325E+02   1.5943111E-21
   4.1750699E+02   1.9456435E-21
   4.1784073E+02   2.1241061E-21
   4.1817447E+02   2.0798491E-21
   4.1850820E+02   1.7823703E-21
   4.1884194E+02   1.2274263E-21
   4.1917568E+02   4.4176827E-22
   4.1950942E+02  -5.1524466E-22
   4.1984316E+02  -1.5538659E-21
   4.2017690E+02  -2.5603556E-21
   4.2051064E+02  -3.4074251E-21
   4.2084437E+02  -3.9680682E-21
   4.2117811E+02  -4.1315761E-21
   4.2151185E+02  -3.8200566E-21
   4.2184559E+02  -3.0034189E-21
   4.2217933E+02  -1.7106564E-21
   4.2251307E+02  -3.5336677E-23
   4.2284681E+02   1.8663563E-21
   4.2318054E+02   3.7860154E-21
   4.2351428E+02   5.4818960E-21
   4.2384802E+02   6.7051798E-21
   4.2418176E+02   7.2314237E-21
   4.2451550E+02   6.8938145E-21
   4.2484924E+02   5.6141249E-21
   4.2518298E+02   3.4268178E-21
   4.2551671E+02   4.9191786E-22
   4.2585045E+02  -2.9069338E-21
   4.2618419E+02  -6.3814226E-21
   4.2651793E+02  -9.4746931E-21
   4.2685167E+02  -1.1712527E-20
   4.2718541E+02  -1.2665022E-20
   4.2751915E+02  -1.2011970E-20
   4.2785288E+02  -9.6035661E-21
   4.2818662E+02  -5.5072877E-21
   4.2852036E+02  -3.2367329E-23
   4.2885410E+02   6.2751888E-21
   4.2918784E+02   1.2670908E-20
   4.2952158E+02   1.8283503E-20
   4.2985532E+02   2.2215155E-20
   4.3018905E+02   2.3661075E-20
   4.3052279E+02   2.2034864E-20
   4.3085653E+02   1.7083222E-20
   4.3119027E+02   8.9726397E-21
   4.3152401E+02  -1.6682480E-21
   4.3185775E+02  -1.3763221E-20
   4.3219149E+02  -2.5866671E-20
   4.3252522E+02  -3.6304424E-20
   4.3285896E+02  -4.3367441E-20
   4.3319270E+02  -4.5539944E-20
   4.3352644E+02  -4.1736202E-20
   4.3386018E+02  -3.1515013E-20
   4.3419392E+02  -1.5239707E-20
   4.3452766E+02   5.8461168E-21
   4.3486140E+02   2.9649585E-20
   4.3519513E+02   5.3377778E-20
   4.3552887E+02   7.3802515E-20
   4.3586261E+02   8.7622118E-20
   4.3619635E+02   9.1886583E-20
   4.3653009E+02   8.4439101E-20
   4.3686383E+02   6.4319064E-20
   4.3719757E+02   3.2068804E-20
   4.3753130E+02  -1.0108179E-20
   4.3786504E+02  -5.8378013E-20
   4.3819878E+02  -1.0751718E-19
   4.3853252E+02  -1.5136047E-19
   4.3886626E+02  -1.8342671E-19
   4.3920000E+02  -1.9766711E-19
   4.3953374E+02  -1.8925954E-19
   4.3986747E+02  -1.5535715E-19
   4.4020121E+02  -9.5694903E-20
   4.4053495E+02  -1.2965547E-20
   4.4086869E+02   8.7107909E-20
   4.4120243E+02   1.9604465E-19
   4.4153617E+02   3.0323107E-19
   4.4186991E+02   3.9686435E-19
   4.4220364E+02   4.6514165E-19
   4.4253738E+02   4.9758595E-19
   4.4287112E+02   4.8637594E-19
   4.4320486E+02   4.2753399E-19
   4.4353860E+02   3.2182850E-19
   4.4387234E+02   1.7526795E-19
   4.4420608E+02  -9.0595664E-22
   4.4453981E+02  -1.9077129E-19
   4.4487355E+02  -3.7482082E-19
   4.4520729E+02  -5.3153902E-19
   4.4554103E+02  -6.3935219E-19
   4.4587477E+02  -6.7879578E-19
   4.4620851E+02  -6.3470933E-19
   4.4654225E+02  -4.9824945E-19
   4.4687598E+02  -2.6850254E-19
   4.4720972E+02   4.6510505E-20
   4.4754346E+02   4.2961000E-19
   4.4787720E+02   8.5513632E-19
   4.4821094E+02   1.2905737E-18
   4.4854468E+02   1.6990695E-18
   4.4887842E+02   2.0426805E-18
   4.4921215E+02   2.2860848E-18
   4.4954589E+02   2.4003857E-18
   4.4987963E+02   2.3665857E-18
   4.5021337E+02   2.1782536E-18
   4.5054711E+02   1.8429557E-18
   4.5088085E+02   1.3820643E-18
   4.5121459E+02   8.2870557E-19
   4.5154832E+02   2.2377914E-19
   4.5188206E+02  -3.8980545E-19
   4.5221580E+02  -9.7427204E-19
   4.5254954E+02  -1.5049178E-18
   4.5288328E+02  -1.9780829E-18
   4.5321702E+02  -2.4183498E-18
   4.5355076E+02  -2.8842005E-18
   4.5388450E+02  -3.4715740E-18
   4.5421823E+02  -4.3150571E-18
   4.5455197E+02  -5.5868101E-18
   4.5488571E+02  -7.4937013E-18
   4.5521945E+02  -1.0273379E-17
   4.5555319E+02  -1.4190247E-17
   4.5588693E+02  -1.9532208E-17
   4.5622067E+02  -2.6609098E-17
   4.5655440E+02  -3.5753535E-17
   4.5688814E+02  -4.7324786E-17
   4.5722188E+02  -6.1716144E-17
   4.5755562E+02  -7.9366107E-17
   4.5788936E+02  -1.0077363E-16
   4.5822310E+02  -1.2651783E-16
   4.5855684E+02  -1.5728130E-16
   4.5889057E+02  -1.9387700E-16
   4.5922431E+02  -2.3727722E-16
   4.5955805E+02  -2.8864241E-16
   4.5989179E+02  -3.4934887E-16
   4.6022553E+02  -4.2101024E-16
   4.6055927E+02  -5.0549264E-16
   4.6089301E+02  -6.0491980E-16
   4.6122674E+02  -7.2166879E-16
   4.6156048E+02  -8.5835799E-16
   4.6189422E+02  -1.0178235E-15
   4.6222796E+02  -1.2030938E-15
   4.6256170E+02  -1.4173527E-15
   4.6289544E+02  -1.6638973E-15
   4.6322918E+02  -1.9460779E-15
   4.6356291E+02  -2.2672080E-15
   4.6389665E+02  -2.6304371E-15
   4.6423039E+02  -3.0385626E-15
   4.6456413E+02  -3.4937727E-15
   4.6489787E+02  -3.9973039E-15
   4.6523161E+02  -4.5490061E-15
   4.6556535E+02  -5.1467882E-15
   4.6589908E+02  -5.7859431E-15
   4.6623282E+02  -6.4582806E-15
   4.6656656E+02  -7.1510740E-15
   4.6690030E+02  -7.8457054E-15
   4.6723404E+02  -8.5159939E-15
   4.6756778E+02  -9.1261176E-15
   4.6790152E+02  -9.6280931E-15
   4.6823525E+02  -9.9586697E-15
   4.6856899E+02  -1.0035591E-14
   4.6890273E+02  -9.7530855E-15
   4.6923647E+02  -8.9763800E-15
   4.6957021E+02  -7.5351018E-15
   4.6990395E+02  -5.2152386E-15
   4.7023769E+02  -1.7494686E-15
   4.7057142E+02   3.1944323E-15
   4.7090516E+02   1.0027549E-14
   4.7123890E+02   1.9256579E-14
   4.7157264E+02   3.1503598E-14
   4.7190638E+02   4.7529689E-14
   4.7224012E+02   6.8262338E-14
   4.7257386E+02   9.4827893E-14
   4.7290760E+02   1.2858956E-13
   4.7324133E+02   1.7119158E-13
   4.7357507E+02   2.2461072E-13
   4.7390881E+02   2.9121741E-13
   4.7424255E+02   3.7384709E-13
   4.7457629E+02   4.7588246E-13
   4.7491003E+02   6.0135133E-13
   4.7524377E+02   7.5503894E-13
   4.7557750E+02   9.4261751E-13
   4.7591124E+02   1.1707981E-12
   4.7624498E+02   1.4475029E-12
   4.7657872E+02   1.7820671E-12
   4.7691246E+02   2.1854667E-12
   4.7724620E+02   2.6705847E-12
   4.7757994E+02   3.2525150E-12
   4.7791367E+02   3.9489080E-12
   4.7824741E+02   4.7803614E-12
   4.7858115E+02   5.7708872E-12
   4.7891489E+02   6.9484037E-12
   4.7924863E+02   8.3453505E-12
   4.7958237E+02   9.9993165E-12
   4.7991611E+02   1.1953818E-11
   4.8024984E+02   1.4259137E-11
   4.8058358E+02   1.6973268E-11
   4.8091732E+02   2.0162996E-11
   4.8125106E+02   2.3905100E-11
   4.8158480E+02   2.8287712E-11
   4.8191854E+02   3.3411822E-11
   4.8225228E+02   3.9393003E-11
   4.8258601E+02   4.6363233E-11
   4.8291975E+02   5.4473044E-11
   4.8325349E+02   6.3893911E-11
   4.8358723E+02   7.4820761E-11
   4.8392097E+02   8.7474798E-11
   4.8425471E+02   1.0210666E-10
   4.8458845E+02   1.1899992E-10
   4.8492218E+02   1.3847495E-10
   4.8525592E+02   1.6089291E-10
   4.8558966E+02   1.8666033E-10
   4.8592340E+02   2.1623422E-10
   4.8625714E+02   2.5012731E-10
   4.8659088E+02   2.8891398E-10
   4.8692462E+02   3.3323672E-10
   4.8725835E+02   3.8381248E-10
   4.8759209E+02   4.4144055E-10
   4.8792583E+02   5.0701010E-10
   4.8825957E+02   5.8150934E-10
   4.8859331E+02   6.6603251E-10
   4.8892705E+02   7.6179230E-10
   4.8926079E+02   8.7012686E-10
   4.8959452E+02   9.9251207E-10
   4.8992826E+02   1.1305723E-09
   4.9026200E+02   1.2860923E-09
   4.9059574E+02   1.4610295E-09
   4.9092948E+02   1.6575245E-09
   4.9126322E+02   1.8779169E-09
   4.9159696E+02   2.1247561E-09
   4.9193069E+02   2.4008169E-09
   4.9226443E+02   2.7091089E-09
   4.9259817E+02   3.0528948E-09
   4.9293191E+02   3.4357008E-09
   4.9326565E+02   3.8613290E-09
   4.9359939E+02   4.3338702E-09
   4.9393313E+02   4.8577196E-09
   4.9426687E+02   5.4375824E-09
   4.9460060E+02   6.0784839E-09
   4.9493434E+02   6.7857808E-09
   4.9526808E+02   7.5651698E-09
   4.9560182E+02   8.4226848E-09
   4.9593556E+02   9.3647134E-09
   4.9626930E+02   1.0397978E-08
   4.9660304E+02   1.1529552E-08
   4.9693677E+02   1.2766844E-08
   4.9727051E+02   1.4117587E-08
   4.9760425E+02   1.5589826E-08
   4.9793799E+02   1.7191901E-08
   4.9827173E+02   1.8932433E-08
   4.9860547E+02   2.0820266E-08
   4.9893921E+02   2.2864473E-08
   4.9927294E+02   2.5074302E-08
   4.9960668E+02   2.7459095E-08
   4.9994042E+02   3.0028303E-08
   5.0027416E+02   3.2791355E-08
   5.0060790E+02   3.5757630E-08
   5.0094164E+02   3.8936371E-08
   5.0127538E+02   4.2336630E-08
   5.0160911E+02   4.5967106E-08
   5.0194285E+02   4.9836146E-08
   5.0227659E+02   5.3951510E-08
   5.0261033E+02   5.8320396E-08
   5.0294407E+02   6.2949198E-08
   5.0327781E+02   6.7843445E-08
   5.0361155E+02   7.3007641E-08
   5.0394528E+02   7.8445126E-08
   5.0427902E+02   8.4157875E-08
   5.0461276E+02   9.0146429E-08
   5.0494650E+02   9.6409657E-08
   5.0528024E+02   1.0294463E-07
   5.0561398E+02   1.0974640E-07
   5.0594772E+02   1.1680785E-07
   5.0628145E+02   1.2411965E-07
   5.0661519E+02   1.3166985E-07
   5.0694893E+02   1.3944400E-07
   5.0728267E+02   1.4742459E-07
   5.0761641E+02   1.5559127E-07
   5.0795015E+02   1.6392048E-07
   5.0828389E+02   1.7238554E-07
   5.0861762E+02   1.8095611E-07
   5.0895136E+02   1.8959852E-07
   5.0928510E+02   1.9827552E-07
   5.0961884E+02   2.0694594E-07
   5.0995258E+02   2.1556517E-07
   5.1028632E+02   2.2408452E-07
   5.1062006E+02   2.3245184E-07
   5.1095379E+02   2.4061069E-07
   5.1128753E+02   2.4850164E-07
   5.1162127E+02   2.5606104E-07
   5.1195501E+02   2.6322195E-07
   5.1228875E+02   2.6991421E-07
   5.1262249E+02   2.7606399E-07
   5.1295623E+02   2.8159494E-07
   5.1328997E+02   2.8642802E-07
   5.1362370E+02   2.9048144E-07
   5.1395744E+02   2.9367146E-07
   5.1429118E+02   2.9591286E-07
   5.1462492E+02   2.9711904E-07
   5.1495866E+02   2.9720232E-07
   5.1529240E+02   2.9607517E-07
   5.1562614E+02   2.9364998E-07
   5.1595987E+02   2.8983982E-07
   5.1629361E+02   2.8455929E-07
   5.1662735E+02   2.7772489E-07
   5.1696109E+02   2.6925551E-07
   5.1729483E+02   2.5907400E-07
   5.1762857E+02   2.4710633E-07
   5.1796231E+02   2.3328369E-07
   5.1829604E+02   2.1754266E-07
   5.1862978E+02   1.9982534E-07
   5.1896352E+02   1.8008112E-07
   5.1929726E+02   1.5826649E-07
   5.1963100E+02   1.3434644E-07
   5.1996474E+02   1.0829450E-07
   5.2029848E+02   8.0093862E-08
   5.2063221E+02   4.9737462E-08
   5.2096595E+02   1.7229317E-08
   5.2129969E+02  -1.7415763E-08
   5.2163343E+02  -5.4171309E-08
   5.2196717E+02  -9.2998832E-08
   5.2230091E+02  -1.3384729E-07
   5.2263465E+02  -1.7665329E-07
   5.2296838E+02  -2.2134029E-07
   5.2330212E+02  -2.6781893E-07
   5.2363586E+02  -3.1598654E-07
   5.2396960E+02  -3.6572774E-07
   5.2430334E+02  -4.1691396E-07
   5.2463708E+02  -4.6940400E-07
   5.2497082E+02  -5.2304449E-07
   5.2530455E+02  -5.7766977E-07
   5.2563829E+02  -6.3310256E-07
   5.2597203E+02  -6.8915494E-07
   5.2630577E+02  -7.4562877E-07
   5.2663951E+02  -8.0231621E-07
   5.2697325E+02  -8.5900058E-07
   5.2730699E+02  -9.1545752E-07
   5.2764072E+02  -9.7145721E-07
   5.2797446E+02  -1.0267623E-06
   5.2830820E+02  -1.0811323E-06
   5.2864194E+02  -1.1343232E-06
   5.2897568E+02  -1.1860891E-06
   5.2930942E+02  -1.2361835E-06
   5.2964316E+02  -1.2843610E-06
   5.2997689E+02  -1.3303775E-06
   5.3031063E+02  -1.3739933E-06
   5.3064437E+02  -1.4149736E-06
   5.3097811E+02  -1.4530901E-06
   5.3131185E+02  -1.4881224E-06
   5.3164559E+02  -1.5198596E-06
   5.3197933E+02  -1.5481004E-06
   5.3231306E+02  -1.5726573E-06
   5.3264680E+02  -1.5933549E-06
   5.3298054E+02  -1.6100335E-06
   5.3331428E+02  -1.6225471E-06
   5.3364802E+02  -1.6307687E-06
   5.3398176E+02  -1.6345882E-06
   5.3431550E+02  -1.6339139E-06
   5.3464924E+02  -1.6286747E-06
   5.3498297E+02  -1.6188181E-06
   5.3531671E+02  -1.6043145E-06
   5.3565045E+02  -1.5851538E-06
   5.3598419E+02  -1.5613483E-06
   5.3631793E+02  -1.5329312E-06
   5.3665167E+02  -1.4999587E-06
   5.3698541E+02  -1.4625086E-06
   5.3731914E+02  -1.4206795E-06
   5.3765288E+02  -1.3745921E-06
   5.3798662E+02  -1.3243874E-06
   5.3832036E+02  -1.2702264E-06
   5.3865410E+02  -1.2122898E-06
   5.3898784E+02  -1.1507771E-06
   5.3932158E+02  -1.0859043E-06
   5.3965531E+02  -1.0179054E-06
   5.3998905E+02  -9.4702870E-07
   5.4032279E+02  -8.7353681E-07
   5.4065653E+02  -7.9770541E-07
   5.4099027E+02  -7.1982060E-07
   5.4132401E+02  -6.4017939E-07
   5.4165775E+02  -5.5908566E-07
   5.4199148E+02  -4.7685035E-07
   5.4232522E+02  -3.9378921E-07
   5.4265896E+02  -3.1022094E-07
   5.4299270E+02  -2.2646566E-07
   5.4332644E+02  -1.4284299E-07
   5.4366018E+02  -5.9670867E-08
   5.4399392E+02   2.2736884E-08
   5.4432765E+02   1.0407153E-07
   5.4466139E+02   1.8403142E-07
   5.4499513E+02   2.6232334E-07
   5.4532887E+02   3.3866399E-07
   5.4566261E+02   4.1278196E-07
   5.4599635E+02   4.8441814E-07
   5.4633009E+02   5.5332794E-07
   5.4666382E+02   6.1928193E-07
   5.4699756E+02   6.8206680E-07
   5.4733130E+02   7.4148682E-07
   5.4766504E+02   7.9736395E-07
   5.4799878E+02   8.4953922E-07
   5.4833252E+02   8.9787301E-07
   5.4866626E+02   9.4224561E-07
   5.4899999E+02   9.8255668E-07
   5.4933373E+02   1.0187281E-06
   5.4966747E+02   1.0507003E-06
   5.5000121E+02   1.0784361E-06
   5.5033495E+02   1.1019173E-06
   5.5066869E+02   1.1211464E-06
   5.5100243E+02   1.1361458E-06
   5.5133616E+02   1.1469576E-06
   5.5166990E+02   1.1536414E-06
   5.5200364E+02   1.1562755E-06
   5.5233738E+02   1.1549557E-06
   5.5267112E+02   1.1497933E-06
   5.5300486E+02   1.1409147E-06
   5.5333860E+02   1.1284611E-06
   5.5367234E+02   1.1125870E-06
   5.5400607E+02   1.0934589E-06
   5.5433981E+02   1.0712536E-06
   5.5467355E+02   1.0461586E-06
   5.5500729E+02   1.0183689E-06
   5.5534103E+02   9.8808789E-07
   5.5567477E+02   9.5552377E-07
   5.5600851E+02   9.2088953E-07
   5.5634224E+02   8.8440208E-07
   5.5667598E+02   8.4627970E-07
   5.5700972E+02   8.0674164E-07
   5.5734346E+02   7.6600634E-07
   5.5767720E+02   7.2429094E-07
   5.5801094E+02   6.8181021E-07
   5.5834468E+02   6.3877445E-07
   5.5867841E+02   5.9538922E-07
   5.5901215E+02   5.5185484E-07
   5.5934589E+02   5.0836445E-07
   5.5967963E+02   4.6510345E-07
   5.6001337E+02   4.2224920E-07
   5.6034711E+02   3.7996924E-07
   5.6068085E+02   3.3842184E-07
   5.6101458E+02   2.9775478E-07
   5.6134832E+02   2.5810476E-07
   5.6168206E+02   2.1959789E-07
   5.6201580E+02   1.8234824E-07
   5.6234954E+02   1.4645869E-07
   5.6268328E+02   1.1202010E-07
   5.6301702E+02   7.9111672E-08
   5.6335075E+02   4.7800533E-08
   5.6368449E+02   1.8142202E-08
   5.6401823E+02  -9.8197006E-09
   5.6435197E+02  -3.6053024E-08
   5.6468571E+02  -6.0536976E-08
   5.6501945E+02  -8.3261668E-08
   5.6535319E+02  -1.0422779E-07
   5.6568692E+02  -1.2344616E-07
   5.6602066E+02  -1.4093702E-07
   5.6635440E+02  -1.5672953E-07
   5.6668814E+02  -1.7086126E-07
   5.6702188E+02  -1.8337745E-07
   5.6735562E+02  -1.9433041E-07
   5.6768936E+02  -2.0377897E-07
   5.6802309E+02  -2.1178775E-07
   5.6835683E+02  -2.1842655E-07
   5.6869057E+02  -2.2376958E-07
   5.6902431E+02  -2.2789490E-07
   5.6935805E+02  -2.3088347E-07
   5.6969179E+02  -2.3281861E-07
   5.7002553E+02  -2.3378519E-07
   5.7035926E+02  -2.3386889E-07
   5.7069300E+02  -2.3315553E-07
   5.7102674E+02  -2.3173047E-07
   5.7136048E+02  -2.2967802E-07
   5.7169422E+02  -2.2708099E-07
   5.7202796E+02  -2.2401991E-07
   5.7236170E+02  -2.2057301E-07
   5.7269543E+02  -2.1681537E-07
   5.7302917E+02  -2.1281869E-07
   5.7336291E+02  -2.0865092E-07
   5.7369665E+02  -2.0437575E-07
   5.7403039E+02  -2.0005251E-07
   5.7436413E+02  -1.9573561E-07
   5.7469787E+02  -1.9147444E-07
   5.7503161E+02  -1.8731322E-07
   5.7536534E+02  -1.8329095E-07
   5.7569908E+02  -1.7944122E-07
   5.7603282E+02  -1.7579242E-07
   5.7636656E+02  -1.7236771E-07
   5.7670030E+02  -1.6918528E-07
   5.7703404E+02  -1.6625827E-07
   5.7736778E+02  -1.6359510E-07
   5.7770151E+02  -1.6119945E-07
   5.7803525E+02  -1.5907071E-07
   5.7836899E+02  -1.5720387E-07
   5.7870273E+02  -1.5558999E-07
   5.7903647E+02  -1.5421644E-07
   5.7937021E+02  -1.5306705E-07
   5.7970395E+02  -1.5212269E-07
   5.8003768E+02  -1.5136159E-07
   5.8037142E+02  -1.5075963E-07
   5.8070516E+02  -1.5029096E-07
   5.8103890E+02  -1.4992813E-07
   5.8137264E+02  -1.4964269E-07
   5.8170638E+02  -1.4940542E-07
   5.8204012E+02  -1.4918672E-07
   5.8237385E+02  -1.4895680E-07
   5.8270759E+02  -1.4868610E-07
   5.8304133E+02  -1.4834561E-07
   5.8337507E+02  -1.4790707E-07
   5.8370881E+02  -1.4734331E-07
   5.8404255E+02  -1.4662868E-07
   5.8437629E+02  -1.4573916E-07
   5.8471002E+02  -1.4465277E-07
   5.8504376E+02  -1.4334971E-07
   5.8537750E+02  -1.4181262E-07
   5.8571124E+02  -1.4002664E-07
   5.8604498E+02  -1.3797961E-07
   5.8637872E+02  -1.3566198E-07
   5.8671246E+02  -1.3306692E-07
   5.8704619E+02  -1.3019041E-07
   5.8737993E+02  -1.2703106E-07
   5.8771367E+02  -1.2359020E-07
   5.8804741E+02  -1.1987194E-07
   5.8838115E+02  -1.1588309E-07
   5.8871489E+02  -1.1163319E-07
   5.8904863E+02  -1.0713441E-07
   5.8938236E+02  -1.0240156E-07
   5.8971610E+02  -9.7451867E-08
   5.9004984E+02  -9.2304816E-08
   5.9038358E+02  -8.6982084E-08
   5.9071732E+02  -8.1507096E-08
   5.9105106E+02  -7.5904929E-08
   5.9138480E+02  -7.0202162E-08
   5.9171853E+02  -6.4426509E-08
   5.9205227E+02  -5.8606837E-08
   5.9238601E+02  -5.2772776E-08
   5.9271975E+02  -4.6954909E-08
   5.9305349E+02  -4.1184194E-08
   5.9338723E+02  -3.5492079E-08
   5.9372097E+02  -2.9910268E-08
   5.9405471E+02  -2.4470324E-08
   5.9438844E+02  -1.9203668E-08
   5.9472218E+02  -1.4141037E-08
   5.9505592E+02  -9.3125436E-09
   5.9538966E+02  -4.7472923E-09
   5.9572340E+02  -4.7319304E-10
   5.9605714E+02   3.4831089E-09
   5.9639088E+02   7.0964461E-09
   5.9672461E+02   1.0343044E-08
   5.9705835E+02   1.3200960E-08
   5.9739209E+02   1.5649832E-08
   5.9772583E+02   1.7671198E-08
   5.9805957E+02   1.9248546E-08
   5.9839331E+02   2.0367452E-08
   5.9872705E+02   2.1015921E-08
   5.9906078E+02   2.1184164E-08
   5.9939452E+02   2.0865130E-08
   5.9972826E+02   2.0054060E-08
   6.0006200E+02   1.8749134E-08
   6.0039574E+02   1.6950978E-08
   6.0072948E+02   1.4662817E-08
   6.0106322E+02   1.1890492E-08
   6.0139695E+02   8.6423171E-09
   6.0173069E+02   4.9291344E-09
   6.0206443E+02   7.6407503E-10
   6.0239817E+02  -3.8370302E-09
   6.0273191E+02  -8.8561336E-09
   6.0306565E+02  -1.4272544E-08
   6.0339939E+02  -2.0063212E-08
   6.0373312E+02  -2.6202642E-08
   6.0406686E+02  -3.2663067E-08
   6.0440060E+02  -3.9414552E-08
   6.0473434E+02  -4.6425185E-08
   6.0506808E+02  -5.3661182E-08
   6.0540182E+02  -6.1087142E-08
   6.0573556E+02  -6.8666260E-08
   6.0606929E+02  -7.6360330E-08
   6.0640303E+02  -8.4130036E-08
   6.0673677E+02  -9.1934979E-08
   6.0707051E+02  -9.9733839E-08
   6.0740425E+02  -1.0748447E-07
   6.0773799E+02  -1.1514423E-07
   6.0807173E+02  -1.2267004E-07
   6.0840546E+02  -1.3001862E-07
   6.0873920E+02  -1.3714690E-07
   6.0907294E+02  -1.4401203E-07
   6.0940668E+02  -1.5057194E-07
   6.0974042E+02  -1.5678506E-07
   6.1007416E+02  -1.6261120E-07
   6.1040790E+02  -1.6801111E-07
   6.1074163E+02  -1.7294707E-07
   6.1107537E+02  -1.7738284E-07
   6.1140911E+02  -1.8128381E-07
   6.1174285E+02  -1.8461721E-07
   6.1207659E+02  -1.8735230E-07
   6.1241033E+02  -1.8946064E-07
   6.1274407E+02  -1.9091623E-07
   6.1307781E+02  -1.9169538E-07
   6.1341154E+02  -1.9177766E-07
   6.1374528E+02  -1.9114528E-07
   6.1407902E+02  -1.8978380E-07
   6.1441276E+02  -1.8768201E-07
   6.1474650E+02  -1.8483163E-07
   6.1508024E+02  -1.8122786E-07
   6.1541398E+02  -1.7686919E-07
   6.1574771E+02  -1.7175746E-07
   6.1608145E+02  -1.6589759E-07
   6.1641519E+02  -1.5929801E-07
   6.1674893E+02  -1.5197026E-07
   6.1708267E+02  -1.4392941E-07
   6.1741641E+02  -1.3519373E-07
   6.1775015E+02  -1.2578474E-07
   6.1808388E+02  -1.1572696E-07
   6.1841762E+02  -1.0504822E-07
   6.1875136E+02  -9.3779192E-08
   6.1908510E+02  -8.1953047E-08
   6.1941884E+02  -6.9605917E-08
   6.1975258E+02  -5.6775868E-08
   6.2008632E+02  -4.3503608E-08
   6.2042005E+02  -2.9831568E-08
   6.2075379E+02  -1.5804112E-08
   6.2108753E+02  -1.4672707E-09
   6.2142127E+02   1.3131367E-08
   6.2175501E+02   2.7942995E-08
   6.2208875E+02   4.2917641E-08
   6.2242249E+02   5.8004538E-08
   6.2275622E+02   7.3152272E-08
   6.2308996E+02   8.8308852E-08
   6.2342370E+02   1.0342234E-07
   6.2375744E+02   1.1844058E-07
   6.2409118E+02   1.3331194E-07
   6.2442492E+02   1.4798505E-07
   6.2475866E+02   1.6240907E-07
   6.2509239E+02   1.7653390E-07
   6.2542613E+02   1.9031029E-07
   6.2575987E+02   2.0368972E-07
   6.2609361E+02   2.1662491E-07
   6.2642735E+02   2.2906926E-07
   6.2676109E+02   2.4097750E-07
   6.2709483E+02   2.5230548E-07
   6.2742856E+02   2.6301029E-07
   6.2776230E+02   2.7304986E-07
   6.2809604E+02   2.8238409E-07
   6.2842978E+02   2.9097367E-07
   6.2876352E+02   2.9878044E-07
   6.2909726E+02   3.0576768E-07
   6.2943100E+02   3.1189975E-07
   6.2976473E+02   3.1714188E-07
   6.3009847E+02   3.2146045E-07
   6.3043221E+02   3.2482254E-07
   6.3076595E+02   3.2719623E-07
   6.3109969E+02   3.2855002E-07
   6.3143343E+02   3.2885336E-07
   6.3176717E+02   3.2807623E-07
   6.3210090E+02   3.2618931E-07
   6.3243464E+02   3.2316382E-07
   6.3276838E+02   3.1897162E-07
   6.3310212E+02   3.1358522E-07
   6.3343586E+02   3.0697771E-07
   6.3376960E+02   2.9912277E-07
   6.3410334E+02   2.8999489E-07
   6.3443708E+02   2.7956955E-07
   6.3477081E+02   2.6782288E-07
   6.3510455E+02   2.5473253E-07
   6.3543829E+02   2.4027699E-07
   6.3577203E+02   2.2443645E-07
   6.3610577E+02   2.0719320E-07
   6.3643951E+02   1.8853113E-07
   6.3677325E+02   1.6843694E-07
   6.3710698E+02   1.4689951E-07
   6.3744072E+02   1.2391149E-07
   6.3777446E+02   9.9468032E-08
   6.3810820E+02   7.3568827E-08
   6.3844194E+02   4.6217242E-08
   6.3877568E+02   1.7421151E-08
   6.3910942E+02  -1.2806662E-08
   6.3944315E+02  -4.4448555E-08
   6.3977689E+02  -7.7480919E-08
   6.4011063E+02  -1.1187416E-07
   6.4044437E+02  -1.4759253E-07
   6.4077811E+02  -1.8459322E-07
   6.4111185E+02  -2.2282688E-07
   6.4144559E+02  -2.6223643E-07
   6.4177932E+02  -3.0275771E-07
   6.4211306E+02  -3.4431872E-07
   6.4244680E+02  -3.8683953E-07
   6.4278054E+02  -4.3023292E-07
   6.4311428E+02  -4.7440338E-07
   6.4344802E+02  -5.1924832E-07
   6.4378176E+02  -5.6465660E-07
   6.4411549E+02  -6.1051026E-07
   6.4444923E+02  -6.5668382E-07
   6.4478297E+02  -7.0304480E-07
   6.4511671E+02  -7.4945387E-07
   6.4545045E+02  -7.9576586E-07
   6.4578419E+02  -8.4182949E-07
   6.4611793E+02  -8.8748857E-07
   6.4645166E+02  -9.3258251E-07
   6.4678540E+02  -9.7694658E-07
   6.4711914E+02  -1.0204135E-06
   6.4745288E+02  -1.0628137E-06
   6.4778662E+02  -1.1039762E-06
   6.4812036E+02  -1.1437295E-06
   6.4845410E+02  -1.1819031E-06
   6.4878783E+02  -1.2183274E-06
   6.4912157E+02  -1.2528347E-06
   6.4945531E+02  -1.2852624E-06
   6.4978905E+02  -1.3154503E-06
   6.5012279E+02  -1.3432447E-06
   6.5045653E+02  -1.3684984E-06
   6.5079027E+02  -1.3910715E-06
   6.5112400E+02  -1.4108331E-06
   6.5145774E+02  -1.4276603E-06
   6.5179148E+02  -1.4414417E-06
   6.5212522E+02  -1.4520767E-06
   6.5245896E+02  -1.4594766E-06
   6.5279270E+02  -1.4635650E-06
   6.5312644E+02  -1.4642786E-06
   6.5346018E+02  -1.4615681E-06
   6.5379391E+02  -1.4553987E-06
   6.5412765E+02  -1.4457497E-06
   6.5446139E+02  -1.4326159E-06
   6.5479513E+02  -1.4160070E-06
   6.5512887E+02  -1.3959485E-06
   6.5546261E+02  -1.3724814E-06
   6.5579635E+02  -1.3456620E-06
   6.5613008E+02  -1.3155616E-06
   6.5646382E+02  -1.2822675E-06
   6.5679756E+02  -1.2458803E-06
   6.5713130E+02  -1.2065155E-06
   6.5746504E+02  -1.1643023E-06
   6.5779878E+02  -1.1193828E-06
   6.5813252E+02  -1.0719114E-06
   6.5846625E+02  -1.0220540E-06
   6.5879999E+02  -9.6998781E-07
   6.5913373E+02  -9.1589925E-07
   6.5946747E+02  -8.5998317E-07
   6.5980121E+02  -8.0244354E-07
   6.6013495E+02  -7.4348930E-07
