  -7.8094826E+01   0.0000000E+00
  -7.7761087E+01   0.0000000E+00
  -7.7427349E+01   0.0000000E+00
  -7.7093610E+01   0.0000000E+00
  -7.6759871E+01   0.0000000E+00
  -7.6426133E+01   0.0000000E+00
  -7.6092394E+01   0.0000000E+00
  -7.5758656E+01   0.0000000E+00
  -7.5424917E+01   0.0000000E+00
  -7.5091178E+01   0.0000000E+00
  -7.4757440E+01   0.0000000E+00
  -7.4423701E+01   0.0000000E+00
  -7.4089963E+01   0.0000000E+00
  -7.3756224E+01   0.0000000E+00
  -7.3422485E+01   0.0000000E+00
  -7.3088747E+01   0.0000000E+00
  -7.2755008E+01   0.0000000E+00
  -7.2421270E+01   0.0000000E+00
  -7.2087531E+01   0.0000000E+00
  -7.1753792E+01   0.0000000E+00
  -7.1420054E+01   0.0000000E+00
  -7.1086315E+01   0.0000000E+00
  -7.0752577E+01   0.0000000E+00
  -7.0418838E+01   0.0000000E+00
  -7.0085099E+01   0.0000000E+00
  -6.9751361E+01   0.0000000E+00
  -6.9417622E+01   0.0000000E+00
  -6.9083884E+01   0.0000000E+00
  -6.8750145E+01   0.0000000E+00
  -6.8416406E+01   0.0000000E+00
  -6.8082668E+01   0.0000000E+00
  -6.7748929E+01   0.0000000E+00
  -6.7415191E+01   0.0000000E+00
  -6.7081452E+01   0.0000000E+00
  -6.6747714E+01   0.0000000E+00
  -6.6413975E+01   0.0000000E+00
  -6.6080236E+01   0.0000000E+00
  -6.5746498E+01   0.0000000E+00
  -6.5412759E+01   0.0000000E+00
  -6.5079021E+01   0.0000000E+00
  -6.4745282E+01   0.0000000E+00
  -6.4411543E+01   0.0000000E+00
  -6.4077805E+01   0.0000000E+00
  -6.3744066E+01   0.0000000E+00
  -6.3410328E+01   0.0000000E+00
  -6.3076589E+01   0.0000000E+00
  -6.2742850E+01   0.0000000E+00
  -6.2409112E+01   0.0000000E+00
  -6.2075373E+01   0.0000000E+00
  -6.1741635E+01   0.0000000E+00
  -6.1407896E+01   0.0000000E+00
  -6.1074157E+01   0.0000000E+00
  -6.0740419E+01   0.0000000E+00
  -6.0406680E+01   0.0000000E+00
  -6.0072942E+01   0.0000000E+00
  -5.9739203E+01   0.0000000E+00
  -5.9405464E+01   0.0000000E+00
  -5.9071726E+01   0.0000000E+00
  -5.8737987E+01   0.0000000E+00
  -5.8404249E+01   0.0000000E+00
  -5.8070510E+01   0.0000000E+00
  -5.7736771E+01   0.0000000E+00
  -5.7403033E+01   0.0000000E+00
  -5.7069294E+01   0.0000000E+00
  -5.6735556E+01   0.0000000E+00
  -5.6401817E+01   0.0000000E+00
  -5.6068078E+01   0.0000000E+00
  -5.5734340E+01   0.0000000E+00
  -5.5400601E+01   0.0000000E+00
  -5.5066863E+01   0.0000000E+00
  -5.4733124E+01   0.0000000E+00
  -5.4399385E+01   0.0000000E+00
  -5.4065647E+01   0.0000000E+00
  -5.3731908E+01   0.0000000E+00
  -5.3398170E+01   0.0000000E+00
  -5.3064431E+01   0.0000000E+00
  -5.2730693E+01   0.0000000E+00
  -5.2396954E+01   0.0000000E+00
  -5.2063215E+01   0.0000000E+00
  -5.1729477E+01   0.0000000E+00
  -5.1395738E+01   0.0000000E+00
  -5.1062000E+01   0.0000000E+00
  -5.0728261E+01   0.0000000E+00
  -5.0394522E+01   0.0000000E+00
  -5.0060784E+01   0.0000000E+00
  -4.9727045E+01   0.0000000E+00
  -4.9393307E+01   0.0000000E+00
  -4.9059568E+01   0.0000000E+00
  -4.8725829E+01   0.0000000E+00
  -4.8392091E+01   0.0000000E+00
  -4.8058352E+01   0.0000000E+00
  -4.7724614E+01   0.0000000E+00
  -4.7390875E+01   0.0000000E+00
  -4.7057136E+01   0.0000000E+00
  -4.6723398E+01   0.0000000E+00
  -4.6389659E+01   0.0000000E+00
  -4.6055921E+01   0.0000000E+00
  -4.5722182E+01   0.0000000E+00
  -4.5388443E+01   0.0000000E+00
  -4.5054705E+01   0.0000000E+00
  -4.4720966E+01   0.0000000E+00
  -4.4387228E+01   0.0000000E+00
  -4.4053489E+01   0.0000000E+00
  -4.3719750E+01   0.0000000E+00
  -4.3386012E+01   0.0000000E+00
  -4.3052273E+01   0.0000000E+00
  -4.2718535E+01   0.0000000E+00
  -4.2384796E+01   0.0000000E+00
  -4.2051057E+01   0.0000000E+00
  -4.1717319E+01   0.0000000E+00
  -4.1383580E+01   0.0000000E+00
  -4.1049842E+01   0.0000000E+00
  -4.0716103E+01   0.0000000E+00
  -4.0382364E+01   0.0000000E+00
  -4.0048626E+01   0.0000000E+00
  -3.9714887E+01   0.0000000E+00
  -3.9381149E+01   0.0000000E+00
  -3.9047410E+01   0.0000000E+00
  -3.8713672E+01   0.0000000E+00
  -3.8379933E+01   0.0000000E+00
  -3.8046194E+01   0.0000000E+00
  -3.7712456E+01   0.0000000E+00
  -3.7378717E+01   0.0000000E+00
  -3.7044979E+01   0.0000000E+00
  -3.6711240E+01   0.0000000E+00
  -3.6377501E+01   0.0000000E+00
  -3.6043763E+01   0.0000000E+00
  -3.5710024E+01   0.0000000E+00
  -3.5376286E+01   0.0000000E+00
  -3.5042547E+01   0.0000000E+00
  -3.4708808E+01   0.0000000E+00
  -3.4375070E+01   0.0000000E+00
  -3.4041331E+01   0.0000000E+00
  -3.3707593E+01   0.0000000E+00
  -3.3373854E+01   0.0000000E+00
  -3.3040115E+01   0.0000000E+00
  -3.2706377E+01   0.0000000E+00
  -3.2372638E+01   0.0000000E+00
  -3.2038900E+01   0.0000000E+00
  -3.1705161E+01   0.0000000E+00
  -3.1371422E+01   0.0000000E+00
  -3.1037684E+01   0.0000000E+00
  -3.0703945E+01   0.0000000E+00
  -3.0370207E+01   0.0000000E+00
  -3.0036468E+01   0.0000000E+00
  -2.9702729E+01   0.0000000E+00
  -2.9368991E+01   0.0000000E+00
  -2.9035252E+01   0.0000000E+00
  -2.8701514E+01   0.0000000E+00
  -2.8367775E+01   0.0000000E+00
  -2.8034036E+01   0.0000000E+00
  -2.7700298E+01   0.0000000E+00
  -2.7366559E+01   0.0000000E+00
  -2.7032821E+01   0.0000000E+00
  -2.6699082E+01   0.0000000E+00
  -2.6365343E+01   0.0000000E+00
  -2.6031605E+01   0.0000000E+00
  -2.5697866E+01   0.0000000E+00
  -2.5364128E+01   0.0000000E+00
  -2.5030389E+01   0.0000000E+00
  -2.4696651E+01   0.0000000E+00
  -2.4362912E+01   0.0000000E+00
  -2.4029173E+01   0.0000000E+00
  -2.3695435E+01   0.0000000E+00
  -2.3361696E+01   0.0000000E+00
  -2.3027958E+01   0.0000000E+00
  -2.2694219E+01   0.0000000E+00
  -2.2360480E+01   0.0000000E+00
  -2.2026742E+01   0.0000000E+00
  -2.1693003E+01   0.0000000E+00
  -2.1359265E+01   0.0000000E+00
  -2.1025526E+01   0.0000000E+00
  -2.0691787E+01   0.0000000E+00
  -2.0358049E+01   0.0000000E+00
  -2.0024310E+01   0.0000000E+00
  -1.9690572E+01   0.0000000E+00
  -1.9356833E+01   0.0000000E+00
  -1.9023094E+01   0.0000000E+00
  -1.8689356E+01   0.0000000E+00
  -1.8355617E+01   0.0000000E+00
  -1.8021879E+01   0.0000000E+00
  -1.7688140E+01   0.0000000E+00
  -1.7354401E+01   0.0000000E+00
  -1.7020663E+01   0.0000000E+00
  -1.6686924E+01   0.0000000E+00
  -1.6353186E+01   0.0000000E+00
  -1.6019447E+01   0.0000000E+00
  -1.5685708E+01   0.0000000E+00
  -1.5351970E+01   0.0000000E+00
  -1.5018231E+01   0.0000000E+00
  -1.4684493E+01   0.0000000E+00
  -1.4350754E+01   0.0000000E+00
  -1.4017015E+01   0.0000000E+00
  -1.3683277E+01   0.0000000E+00
  -1.3349538E+01   0.0000000E+00
  -1.3015800E+01   0.0000000E+00
  -1.2682061E+01   0.0000000E+00
  -1.2348322E+01   0.0000000E+00
  -1.2014584E+01   0.0000000E+00
  -1.1680845E+01   0.0000000E+00
  -1.1347107E+01   0.0000000E+00
  -1.1013368E+01   0.0000000E+00
  -1.0679630E+01   0.0000000E+00
  -1.0345891E+01   0.0000000E+00
  -1.0012152E+01   0.0000000E+00
  -9.6784137E+00   0.0000000E+00
  -9.3446751E+00   0.0000000E+00
  -9.0109365E+00   0.0000000E+00
  -8.6771979E+00   0.0000000E+00
  -8.3434593E+00   0.0000000E+00
  -8.0097207E+00   0.0000000E+00
  -7.6759821E+00   0.0000000E+00
  -7.3422436E+00   0.0000000E+00
  -7.0085050E+00   0.0000000E+00
  -6.6747664E+00   0.0000000E+00
  -6.3410278E+00   0.0000000E+00
  -6.0072892E+00   0.0000000E+00
  -5.6735506E+00   0.0000000E+00
  -5.3398120E+00   0.0000000E+00
  -5.0060734E+00   0.0000000E+00
  -4.6723348E+00   0.0000000E+00
  -4.3385962E+00   0.0000000E+00
  -4.0048576E+00   0.0000000E+00
  -3.6711190E+00   0.0000000E+00
  -3.3373804E+00   0.0000000E+00
  -3.0036418E+00   0.0000000E+00
  -2.6699032E+00   0.0000000E+00
  -2.3361646E+00   0.0000000E+00
  -2.0024260E+00   0.0000000E+00
  -1.6686874E+00   0.0000000E+00
  -1.3349488E+00   0.0000000E+00
  -1.0012102E+00   0.0000000E+00
  -6.6747165E-01   0.0000000E+00
  -3.3373305E-01   0.0000000E+00
   5.5432320E-06   0.0000000E+00
   3.3374414E-01   0.0000000E+00
   6.6748273E-01   0.0000000E+00
   1.0012213E+00   0.0000000E+00
   1.3349599E+00   0.0000000E+00
   1.6686985E+00   0.0000000E+00
   2.0024371E+00   0.0000000E+00
   2.3361757E+00   0.0000000E+00
   2.6699143E+00   0.0000000E+00
   3.0036529E+00   0.0000000E+00
   3.3373915E+00   0.0000000E+00
   3.6711301E+00   0.0000000E+00
   4.0048687E+00   0.0000000E+00
   4.3386073E+00   0.0000000E+00
   4.6723459E+00   0.0000000E+00
   5.0060845E+00   0.0000000E+00
   5.3398231E+00   0.0000000E+00
   5.6735617E+00   0.0000000E+00
   6.0073003E+00   0.0000000E+00
   6.3410389E+00   0.0000000E+00
   6.6747774E+00   0.0000000E+00
   7.0085160E+00   0.0000000E+00
   7.3422546E+00   0.0000000E+00
   7.6759932E+00   0.0000000E+00
   8.0097318E+00   0.0000000E+00
   8.3434704E+00   0.0000000E+00
   8.6772090E+00   0.0000000E+00
   9.0109476E+00   0.0000000E+00
   9.3446862E+00   0.0000000E+00
   9.6784248E+00   0.0000000E+00
   1.0012163E+01   0.0000000E+00
   1.0345902E+01   0.0000000E+00
   1.0679641E+01   0.0000000E+00
   1.1013379E+01   0.0000000E+00
   1.1347118E+01   0.0000000E+00
   1.1680856E+01   0.0000000E+00
   1.2014595E+01   0.0000000E+00
   1.2348334E+01   0.0000000E+00
   1.2682072E+01   0.0000000E+00
   1.3015811E+01   0.0000000E+00
   1.3349549E+01   0.0000000E+00
   1.3683288E+01   0.0000000E+00
   1.4017027E+01   0.0000000E+00
   1.4350765E+01   0.0000000E+00
   1.4684504E+01   0.0000000E+00
   1.5018242E+01   0.0000000E+00
   1.5351981E+01   0.0000000E+00
   1.5685720E+01   0.0000000E+00
   1.6019458E+01   0.0000000E+00
   1.6353197E+01   0.0000000E+00
   1.6686935E+01   0.0000000E+00
   1.7020674E+01   0.0000000E+00
   1.7354412E+01   0.0000000E+00
   1.7688151E+01   0.0000000E+00
   1.8021890E+01   0.0000000E+00
   1.8355628E+01   0.0000000E+00
   1.8689367E+01   0.0000000E+00
   1.9023105E+01   0.0000000E+00
   1.9356844E+01   0.0000000E+00
   1.9690583E+01   0.0000000E+00
   2.0024321E+01   0.0000000E+00
   2.0358060E+01   0.0000000E+00
   2.0691798E+01   0.0000000E+00
   2.1025537E+01   0.0000000E+00
   2.1359276E+01   0.0000000E+00
   2.1693014E+01   0.0000000E+00
   2.2026753E+01   0.0000000E+00
   2.2360491E+01   0.0000000E+00
   2.2694230E+01   0.0000000E+00
   2.3027969E+01   0.0000000E+00
   2.3361707E+01   0.0000000E+00
   2.3695446E+01   0.0000000E+00
   2.4029184E+01   0.0000000E+00
   2.4362923E+01   0.0000000E+00
   2.4696662E+01   0.0000000E+00
   2.5030400E+01   0.0000000E+00
   2.5364139E+01   0.0000000E+00
   2.5697877E+01   0.0000000E+00
   2.6031616E+01   0.0000000E+00
   2.6365355E+01   0.0000000E+00
   2.6699093E+01   0.0000000E+00
   2.7032832E+01   0.0000000E+00
   2.7366570E+01   0.0000000E+00
   2.7700309E+01   0.0000000E+00
   2.8034048E+01   0.0000000E+00
   2.8367786E+01   0.0000000E+00
   2.8701525E+01   0.0000000E+00
   2.9035263E+01   0.0000000E+00
   2.9369002E+01   0.0000000E+00
   2.9702741E+01   0.0000000E+00
   3.0036479E+01   0.0000000E+00
   3.0370218E+01   0.0000000E+00
   3.0703956E+01   0.0000000E+00
   3.1037695E+01   0.0000000E+00
   3.1371433E+01   0.0000000E+00
   3.1705172E+01   0.0000000E+00
   3.2038911E+01   0.0000000E+00
   3.2372649E+01   0.0000000E+00
   3.2706388E+01   0.0000000E+00
   3.3040126E+01   0.0000000E+00
   3.3373865E+01   0.0000000E+00
   3.3707604E+01   0.0000000E+00
   3.4041342E+01   0.0000000E+00
   3.4375081E+01   0.0000000E+00
   3.4708819E+01   0.0000000E+00
   3.5042558E+01   0.0000000E+00
   3.5376297E+01   0.0000000E+00
   3.5710035E+01   0.0000000E+00
   3.6043774E+01   0.0000000E+00
   3.6377512E+01   0.0000000E+00
   3.6711251E+01   0.0000000E+00
   3.7044990E+01   0.0000000E+00
   3.7378728E+01   0.0000000E+00
   3.7712467E+01   0.0000000E+00
   3.8046205E+01   0.0000000E+00
   3.8379944E+01   0.0000000E+00
   3.8713683E+01   0.0000000E+00
   3.9047421E+01   0.0000000E+00
   3.9381160E+01   0.0000000E+00
   3.9714898E+01   0.0000000E+00
   4.0048637E+01   0.0000000E+00
   4.0382376E+01   0.0000000E+00
   4.0716114E+01   0.0000000E+00
   4.1049853E+01   0.0000000E+00
   4.1383591E+01   0.0000000E+00
   4.1717330E+01   0.0000000E+00
   4.2051069E+01   0.0000000E+00
   4.2384807E+01   0.0000000E+00
   4.2718546E+01   0.0000000E+00
   4.3052284E+01   0.0000000E+00
   4.3386023E+01   0.0000000E+00
   4.3719762E+01   0.0000000E+00
   4.4053500E+01   0.0000000E+00
   4.4387239E+01   0.0000000E+00
   4.4720977E+01   0.0000000E+00
   4.5054716E+01   0.0000000E+00
   4.5388454E+01   0.0000000E+00
   4.5722193E+01   0.0000000E+00
   4.6055932E+01   0.0000000E+00
   4.6389670E+01   0.0000000E+00
   4.6723409E+01   0.0000000E+00
   4.7057147E+01   0.0000000E+00
   4.7390886E+01   0.0000000E+00
   4.7724625E+01   0.0000000E+00
   4.8058363E+01   0.0000000E+00
   4.8392102E+01   0.0000000E+00
   4.8725840E+01   0.0000000E+00
   4.9059579E+01   0.0000000E+00
   4.9393318E+01   0.0000000E+00
   4.9727056E+01   0.0000000E+00
   5.0060795E+01   0.0000000E+00
   5.0394533E+01   0.0000000E+00
   5.0728272E+01   0.0000000E+00
   5.1062011E+01   0.0000000E+00
   5.1395749E+01   0.0000000E+00
   5.1729488E+01   0.0000000E+00
   5.2063226E+01   0.0000000E+00
   5.2396965E+01   0.0000000E+00
   5.2730704E+01   0.0000000E+00
   5.3064442E+01   0.0000000E+00
   5.3398181E+01   0.0000000E+00
   5.3731919E+01   0.0000000E+00
   5.4065658E+01   0.0000000E+00
   5.4399397E+01   0.0000000E+00
   5.4733135E+01   0.0000000E+00
   5.5066874E+01   0.0000000E+00
   5.5400612E+01   0.0000000E+00
   5.5734351E+01   0.0000000E+00
   5.6068090E+01   0.0000000E+00
   5.6401828E+01   0.0000000E+00
   5.6735567E+01   0.0000000E+00
   5.7069305E+01   0.0000000E+00
   5.7403044E+01   0.0000000E+00
   5.7736783E+01   0.0000000E+00
   5.8070521E+01   0.0000000E+00
   5.8404260E+01   0.0000000E+00
   5.8737998E+01   0.0000000E+00
   5.9071737E+01   0.0000000E+00
   5.9405475E+01   0.0000000E+00
   5.9739214E+01   0.0000000E+00
   6.0072953E+01   0.0000000E+00
   6.0406691E+01   0.0000000E+00
   6.0740430E+01   0.0000000E+00
   6.1074168E+01   0.0000000E+00
   6.1407907E+01   0.0000000E+00
   6.1741646E+01   0.0000000E+00
   6.2075384E+01   0.0000000E+00
   6.2409123E+01   0.0000000E+00
   6.2742861E+01   0.0000000E+00
   6.3076600E+01   0.0000000E+00
   6.3410339E+01   0.0000000E+00
   6.3744077E+01   0.0000000E+00
   6.4077816E+01   0.0000000E+00
   6.4411554E+01   0.0000000E+00
   6.4745293E+01   0.0000000E+00
   6.5079032E+01   0.0000000E+00
   6.5412770E+01   0.0000000E+00
   6.5746509E+01   0.0000000E+00
   6.6080247E+01   0.0000000E+00
   6.6413986E+01   0.0000000E+00
   6.6747725E+01   0.0000000E+00
   6.7081463E+01   0.0000000E+00
   6.7415202E+01   0.0000000E+00
   6.7748940E+01   0.0000000E+00
   6.8082679E+01   0.0000000E+00
   6.8416418E+01   0.0000000E+00
   6.8750156E+01   0.0000000E+00
   6.9083895E+01   0.0000000E+00
   6.9417633E+01   0.0000000E+00
   6.9751372E+01   0.0000000E+00
   7.0085111E+01   0.0000000E+00
   7.0418849E+01   0.0000000E+00
   7.0752588E+01   0.0000000E+00
   7.1086326E+01   0.0000000E+00
   7.1420065E+01   0.0000000E+00
   7.1753804E+01   0.0000000E+00
   7.2087542E+01   0.0000000E+00
   7.2421281E+01   0.0000000E+00
   7.2755019E+01   0.0000000E+00
   7.3088758E+01   0.0000000E+00
   7.3422496E+01   0.0000000E+00
   7.3756235E+01   0.0000000E+00
   7.4089974E+01   0.0000000E+00
   7.4423712E+01   0.0000000E+00
   7.4757451E+01   0.0000000E+00
   7.5091189E+01   0.0000000E+00
   7.5424928E+01   0.0000000E+00
   7.5758667E+01   0.0000000E+00
   7.6092405E+01   0.0000000E+00
   7.6426144E+01   0.0000000E+00
   7.6759882E+01   0.0000000E+00
   7.7093621E+01   0.0000000E+00
   7.7427360E+01   0.0000000E+00
   7.7761098E+01   0.0000000E+00
   7.8094837E+01   0.0000000E+00
   7.8428575E+01   0.0000000E+00
   7.8762314E+01   0.0000000E+00
   7.9096053E+01   0.0000000E+00
   7.9429791E+01   0.0000000E+00
   7.9763530E+01   0.0000000E+00
   8.0097268E+01   0.0000000E+00
   8.0431007E+01   0.0000000E+00
   8.0764746E+01   0.0000000E+00
   8.1098484E+01   0.0000000E+00
   8.1432223E+01   0.0000000E+00
   8.1765961E+01   0.0000000E+00
   8.2099700E+01   0.0000000E+00
   8.2433439E+01   0.0000000E+00
   8.2767177E+01   0.0000000E+00
   8.3100916E+01   0.0000000E+00
   8.3434654E+01   0.0000000E+00
   8.3768393E+01   0.0000000E+00
   8.4102132E+01   0.0000000E+00
   8.4435870E+01   0.0000000E+00
   8.4769609E+01   0.0000000E+00
   8.5103347E+01   0.0000000E+00
   8.5437086E+01   0.0000000E+00
   8.5770825E+01   0.0000000E+00
   8.6104563E+01   0.0000000E+00
   8.6438302E+01   0.0000000E+00
   8.6772040E+01   0.0000000E+00
   8.7105779E+01   0.0000000E+00
   8.7439517E+01   0.0000000E+00
   8.7773256E+01   0.0000000E+00
   8.8106995E+01   0.0000000E+00
   8.8440733E+01   0.0000000E+00
   8.8774472E+01   0.0000000E+00
   8.9108210E+01   0.0000000E+00
   8.9441949E+01   0.0000000E+00
   8.9775688E+01   0.0000000E+00
   9.0109426E+01   0.0000000E+00
   9.0443165E+01   0.0000000E+00
   9.0776903E+01   0.0000000E+00
   9.1110642E+01   0.0000000E+00
   9.1444381E+01   0.0000000E+00
   9.1778119E+01   0.0000000E+00
   9.2111858E+01   0.0000000E+00
   9.2445596E+01   0.0000000E+00
   9.2779335E+01   0.0000000E+00
   9.3113074E+01   0.0000000E+00
   9.3446812E+01   0.0000000E+00
   9.3780551E+01   0.0000000E+00
   9.4114289E+01   0.0000000E+00
   9.4448028E+01   0.0000000E+00
   9.4781767E+01   0.0000000E+00
   9.5115505E+01   0.0000000E+00
   9.5449244E+01   0.0000000E+00
   9.5782982E+01   0.0000000E+00
   9.6116721E+01   0.0000000E+00
   9.6450460E+01   0.0000000E+00
   9.6784198E+01   0.0000000E+00
   9.7117937E+01   0.0000000E+00
   9.7451675E+01   0.0000000E+00
   9.7785414E+01   0.0000000E+00
   9.8119153E+01   0.0000000E+00
   9.8452891E+01   0.0000000E+00
   9.8786630E+01   0.0000000E+00
   9.9120368E+01   0.0000000E+00
   9.9454107E+01   0.0000000E+00
   9.9787846E+01   0.0000000E+00
   1.0012158E+02   0.0000000E+00
   1.0045532E+02   0.0000000E+00
   1.0078906E+02   0.0000000E+00
   1.0112280E+02   0.0000000E+00
   1.0145654E+02   0.0000000E+00
   1.0179028E+02   0.0000000E+00
   1.0212402E+02   0.0000000E+00
   1.0245775E+02   0.0000000E+00
   1.0279149E+02   0.0000000E+00
   1.0312523E+02   0.0000000E+00
   1.0345897E+02   0.0000000E+00
   1.0379271E+02   0.0000000E+00
   1.0412645E+02   0.0000000E+00
   1.0446019E+02   0.0000000E+00
   1.0479392E+02   0.0000000E+00
   1.0512766E+02   0.0000000E+00
   1.0546140E+02   0.0000000E+00
   1.0579514E+02   0.0000000E+00
   1.0612888E+02   0.0000000E+00
   1.0646262E+02   0.0000000E+00
   1.0679636E+02   0.0000000E+00
   1.0713009E+02   0.0000000E+00
   1.0746383E+02   0.0000000E+00
   1.0779757E+02   0.0000000E+00
   1.0813131E+02   0.0000000E+00
   1.0846505E+02   0.0000000E+00
   1.0879879E+02   0.0000000E+00
   1.0913253E+02   0.0000000E+00
   1.0946626E+02   0.0000000E+00
   1.0980000E+02   0.0000000E+00
   1.1013374E+02   0.0000000E+00
   1.1046748E+02   0.0000000E+00
   1.1080122E+02   0.0000000E+00
   1.1113496E+02   0.0000000E+00
   1.1146870E+02   0.0000000E+00
   1.1180243E+02   0.0000000E+00
   1.1213617E+02   0.0000000E+00
   1.1246991E+02   0.0000000E+00
   1.1280365E+02   0.0000000E+00
   1.1313739E+02   0.0000000E+00
   1.1347113E+02   0.0000000E+00
   1.1380487E+02   0.0000000E+00
   1.1413861E+02   0.0000000E+00
   1.1447234E+02   0.0000000E+00
   1.1480608E+02   0.0000000E+00
   1.1513982E+02   0.0000000E+00
   1.1547356E+02   0.0000000E+00
   1.1580730E+02   0.0000000E+00
   1.1614104E+02   0.0000000E+00
   1.1647478E+02   0.0000000E+00
   1.1680851E+02   0.0000000E+00
   1.1714225E+02   0.0000000E+00
   1.1747599E+02   0.0000000E+00
   1.1780973E+02   0.0000000E+00
   1.1814347E+02   0.0000000E+00
   1.1847721E+02   0.0000000E+00
   1.1881095E+02   0.0000000E+00
   1.1914468E+02   0.0000000E+00
   1.1947842E+02   0.0000000E+00
   1.1981216E+02   0.0000000E+00
   1.2014590E+02   0.0000000E+00
   1.2047964E+02   0.0000000E+00
   1.2081338E+02   0.0000000E+00
   1.2114712E+02   0.0000000E+00
   1.2148085E+02   0.0000000E+00
   1.2181459E+02   0.0000000E+00
   1.2214833E+02   0.0000000E+00
   1.2248207E+02   0.0000000E+00
   1.2281581E+02   0.0000000E+00
   1.2314955E+02   0.0000000E+00
   1.2348329E+02   0.0000000E+00
   1.2381702E+02   0.0000000E+00
   1.2415076E+02   0.0000000E+00
   1.2448450E+02   0.0000000E+00
   1.2481824E+02   0.0000000E+00
   1.2515198E+02   0.0000000E+00
   1.2548572E+02   0.0000000E+00
   1.2581946E+02   0.0000000E+00
   1.2615319E+02   0.0000000E+00
   1.2648693E+02   0.0000000E+00
   1.2682067E+02   0.0000000E+00
   1.2715441E+02   0.0000000E+00
   1.2748815E+02   0.0000000E+00
   1.2782189E+02   0.0000000E+00
   1.2815563E+02   0.0000000E+00
   1.2848936E+02   0.0000000E+00
   1.2882310E+02   0.0000000E+00
   1.2915684E+02   0.0000000E+00
   1.2949058E+02   0.0000000E+00
   1.2982432E+02   0.0000000E+00
   1.3015806E+02   0.0000000E+00
   1.3049180E+02   0.0000000E+00
   1.3082553E+02   0.0000000E+00
   1.3115927E+02   0.0000000E+00
   1.3149301E+02   0.0000000E+00
   1.3182675E+02   0.0000000E+00
   1.3216049E+02   0.0000000E+00
   1.3249423E+02   0.0000000E+00
   1.3282797E+02   0.0000000E+00
   1.3316171E+02   0.0000000E+00
   1.3349544E+02   0.0000000E+00
   1.3382918E+02   0.0000000E+00
   1.3416292E+02   0.0000000E+00
   1.3449666E+02   0.0000000E+00
   1.3483040E+02   0.0000000E+00
   1.3516414E+02   0.0000000E+00
   1.3549788E+02   0.0000000E+00
   1.3583161E+02   0.0000000E+00
   1.3616535E+02   0.0000000E+00
   1.3649909E+02   0.0000000E+00
   1.3683283E+02   0.0000000E+00
   1.3716657E+02   0.0000000E+00
   1.3750031E+02   0.0000000E+00
   1.3783405E+02   0.0000000E+00
   1.3816778E+02   0.0000000E+00
   1.3850152E+02   0.0000000E+00
   1.3883526E+02   0.0000000E+00
   1.3916900E+02   0.0000000E+00
   1.3950274E+02   0.0000000E+00
   1.3983648E+02   0.0000000E+00
   1.4017022E+02   0.0000000E+00
   1.4050395E+02   0.0000000E+00
   1.4083769E+02   0.0000000E+00
   1.4117143E+02   0.0000000E+00
   1.4150517E+02   0.0000000E+00
   1.4183891E+02   0.0000000E+00
   1.4217265E+02   0.0000000E+00
   1.4250639E+02   0.0000000E+00
   1.4284012E+02   0.0000000E+00
   1.4317386E+02   0.0000000E+00
   1.4350760E+02   1.4012985E-45
   1.4384134E+02   4.2038954E-45
   1.4417508E+02   7.0064923E-45
   1.4450882E+02   7.0064923E-45
   1.4484256E+02   8.4077908E-45
   1.4517629E+02   7.0064923E-45
   1.4551003E+02   7.0064923E-45
   1.4584377E+02   4.2038954E-45
   1.4617751E+02  -8.4077908E-45
   1.4651125E+02  -1.4012985E-44
   1.4684499E+02  -2.3822074E-44
   1.4717873E+02  -2.2420775E-44
   1.4751246E+02  -2.1019477E-44
   1.4784620E+02  -1.2611686E-44
   1.4817994E+02  -4.2038954E-45
   1.4851368E+02   1.1210388E-44
   1.4884742E+02   2.6624671E-44
   1.4918116E+02   3.7835059E-44
   1.4951490E+02   4.4841551E-44
   1.4984863E+02   5.1848043E-44
   1.5018237E+02   4.4841551E-44
   1.5051611E+02   3.2229865E-44
   1.5084985E+02   1.4012985E-44
   1.5118359E+02  -1.5414283E-44
   1.5151733E+02  -4.7644148E-44
   1.5185107E+02  -7.8472714E-44
   1.5218480E+02  -1.0369609E-43
   1.5251854E+02  -1.2611686E-43
   1.5285228E+02  -1.2471556E-43
   1.5318602E+02  -1.1350518E-43
   1.5351976E+02  -7.4268819E-44
   1.5385350E+02  -1.9618179E-44
   1.5418724E+02   4.9045446E-44
   1.5452098E+02   1.2331426E-43
   1.5485471E+02   1.9478049E-43
   1.5518845E+02   2.4802983E-43
   1.5552219E+02   2.7885839E-43
   1.5585593E+02   2.6624671E-43
   1.5618967E+02   2.0739217E-43
   1.5652341E+02   1.0789998E-43
   1.5685715E+02  -3.5032462E-44
   1.5719088E+02  -2.0318828E-43
   1.5752462E+02  -3.6994279E-43
   1.5785836E+02  -5.1287524E-43
   1.5819210E+02  -5.9695315E-43
   1.5852584E+02  -5.9695315E-43
   1.5885958E+02  -4.9886225E-43
   1.5919332E+02  -2.8726619E-43
   1.5952705E+02   1.9618179E-44
   1.5986079E+02   4.0357396E-43
   1.6019453E+02   8.0995051E-43
   1.6052827E+02   1.1840972E-42
   1.6086201E+02   1.4559491E-42
   1.6119575E+02   1.5540400E-42
   1.6152949E+02   1.4293244E-42
   1.6186322E+02   1.0621842E-42
   1.6219696E+02   4.4421161E-43
   1.6253070E+02  -3.6293630E-43
   1.6286444E+02  -1.2751816E-42
   1.6319818E+02  -2.1664074E-42
   1.6353192E+02  -2.8908787E-42
   1.6386566E+02  -3.2972553E-42
   1.6419939E+02  -3.2650254E-42
   1.6453313E+02  -2.7017034E-42
   1.6486687E+02  -1.5946777E-42
   1.6520061E+02  -8.4077908E-45
   1.6553435E+02   1.8987594E-42
   1.6586809E+02   3.8858006E-42
   1.6620183E+02   5.6570419E-42
   1.6653556E+02   6.8901845E-42
   1.6686930E+02   7.2853507E-42
   1.6720304E+02   6.6253391E-42
   1.6753678E+02   4.8022498E-42
   1.6787052E+02   1.8777399E-42
   1.6820426E+02  -1.8959568E-42
   1.6853800E+02  -6.0970496E-42
   1.6887173E+02  -1.0146802E-41
   1.6920547E+02  -1.3383802E-41
   1.6953921E+02  -1.5156444E-41
   1.6987295E+02  -1.4911217E-41
   1.7020669E+02  -1.2306203E-41
   1.7054043E+02  -7.3035676E-42
   1.7087417E+02  -2.3261555E-43
   1.7120790E+02   8.1989973E-42
   1.7154164E+02   1.6941698E-41
   1.7187538E+02   2.4703491E-41
   1.7220912E+02   3.0108299E-41
   1.7254286E+02   3.1889349E-41
   1.7287660E+02   2.9110574E-41
   1.7321034E+02   2.1372604E-41
   1.7354408E+02   8.9585011E-42
   1.7387781E+02  -7.0765572E-42
   1.7421155E+02  -2.4929100E-41
   1.7454529E+02  -4.2205708E-41
   1.7487903E+02  -5.6164042E-41
   1.7521277E+02  -6.4079977E-41
   1.7554651E+02  -6.3676404E-41
   1.7588025E+02  -5.3542213E-41
   1.7621398E+02  -3.3489632E-41
   1.7654772E+02  -4.8092563E-42
   1.7688146E+02   2.9669692E-41
   1.7721520E+02   6.5740516E-41
   1.7754894E+02   9.8245035E-41
   1.7788268E+02   1.2164672E-40
   1.7821642E+02   1.3083924E-40
   1.7855015E+02   1.2197743E-40
   1.7888389E+02   9.3280235E-41
   1.7921763E+02   4.5634686E-41
   1.7955137E+02  -1.7055204E-41
   1.7988511E+02  -8.7980524E-41
   1.8021885E+02  -1.5792353E-40
   1.8055259E+02  -2.1627220E-40
   1.8088632E+02  -2.5234022E-40
   1.8122006E+02  -2.5697992E-40
   1.8155380E+02  -2.2417973E-40
   1.8188754E+02  -1.5251312E-40
   1.8222128E+02  -4.6084503E-41
   1.8255502E+02   8.5144296E-41
   1.8288876E+02   2.2587390E-40
   1.8322249E+02   3.5687709E-40
   1.8355623E+02   4.5716101E-40
   1.8388997E+02   5.0680902E-40
   1.8422371E+02   4.9010694E-40
   1.8455745E+02   3.9853769E-40
   1.8489119E+02   2.3319989E-40
   1.8522493E+02   6.2273704E-42
   1.8555866E+02  -2.5921639E-40
   1.8589240E+02  -5.3054281E-40
   1.8622614E+02  -7.6899897E-40
   1.8655988E+02  -9.3434518E-40
   1.8689362E+02  -9.9049521E-40
   1.8722736E+02  -9.1144236E-40
   1.8756110E+02  -6.8668810E-40
   1.8789483E+02  -3.2523016E-40
   1.8822857E+02   1.4259473E-40
   1.8856231E+02   6.6614086E-40
   1.8889605E+02   1.1785326E-39
   1.8922979E+02   1.6037595E-39
   1.8956353E+02   1.8662213E-39
   1.8989727E+02   1.9017021E-39
   1.9023100E+02   1.6684350E-39
   1.9056474E+02   1.1566822E-39
   1.9089848E+02   3.9522642E-40
   1.9123222E+02  -5.4665354E-40
   1.9156596E+02  -1.5627140E-39
   1.9189970E+02  -2.5190862E-39
   1.9223344E+02  -3.2690584E-39
   1.9256718E+02  -3.6719835E-39
   1.9290091E+02  -3.6143355E-39
   1.9323465E+02  -3.0301804E-39
   1.9356839E+02  -1.9180973E-39
   1.9390213E+02  -3.5163763E-40
   1.9423587E+02   1.5192135E-39
   1.9456961E+02   3.4771848E-39
   1.9490335E+02   5.2577839E-39
   1.9523708E+02   6.5792560E-39
   1.9557082E+02   7.1796410E-39
   1.9590456E+02   6.8569906E-39
   1.9623830E+02   5.5074715E-39
   1.9657204E+02   3.1556975E-39
   1.9690578E+02  -2.8086225E-41
   1.9723952E+02  -3.7286044E-39
   1.9757325E+02  -7.5065611E-39
   1.9790699E+02  -1.0840413E-38
   1.9824073E+02  -1.3186397E-38
   1.9857447E+02  -1.4051334E-38
   1.9890821E+02  -1.3070110E-38
   1.9924195E+02  -1.0077804E-38
   1.9957569E+02  -5.1655239E-39
   1.9990942E+02   1.2904487E-39
   2.0024316E+02   8.6346428E-39
   2.0057690E+02   1.5978376E-38
   2.0091064E+02   2.2285899E-38
   2.0124438E+02   2.6495331E-38
   2.0157812E+02   2.7663257E-38
   2.0191186E+02   2.5116806E-38
   2.0224559E+02   1.8593217E-38
   2.0257933E+02   8.3453559E-39
   2.0291307E+02  -4.8072034E-39
   2.0324681E+02  -1.9497867E-38
   2.0358055E+02  -3.3912695E-38
   2.0391429E+02  -4.5969630E-38
   2.0424803E+02  -5.3565783E-38
   2.0458176E+02  -5.4869820E-38
   2.0491550E+02  -4.8626082E-38
   2.0524924E+02  -3.4430063E-38
   2.0558298E+02  -1.2931276E-38
   2.0591672E+02   1.4077160E-38
   2.0625046E+02   4.3714750E-38
   2.0658420E+02   7.2232917E-38
   2.0691793E+02   9.5395007E-38
   2.0725167E+02   1.0899132E-37
   2.0758541E+02   1.0944022E-37
   2.0791915E+02   9.4405130E-38
   2.0825289E+02   6.3343169E-38
   2.0858663E+02   1.7895300E-38
   2.0892037E+02  -3.7965290E-38
   2.0925410E+02  -9.8090444E-38
   2.0958784E+02  -1.5465155E-37
   2.0992158E+02  -1.9896084E-37
   2.1025532E+02  -2.2256019E-37
   2.1058906E+02  -2.1846931E-37
   2.1092280E+02  -1.8244357E-37
   2.1125654E+02  -1.1406258E-37
   2.1159027E+02  -1.7463691E-38
   2.1192401E+02   9.8447966E-38
   2.1225775E+02   2.2043680E-37
   2.1259149E+02   3.3207357E-37
   2.1292523E+02   4.1553266E-37
   2.1325897E+02   4.5390900E-37
   2.1359271E+02   4.3381241E-37
   2.1392645E+02   3.4791546E-37
   2.1426018E+02   1.9707642E-37
   2.1459392E+02  -8.3423712E-39
   2.1492766E+02  -2.4829749E-37
   2.1526140E+02  -4.9425532E-37
   2.1559514E+02  -7.1182159E-37
   2.1592888E+02  -8.6468375E-37
   2.1626262E+02  -9.1952631E-37
   2.1659635E+02  -8.5137702E-37
   2.1693009E+02  -6.4868438E-37
   2.1726383E+02  -3.1733957E-37
   2.1759757E+02   1.1712812E-37
   2.1793131E+02   6.0982276E-37
   2.1826505E+02   1.0996163E-36
   2.1859879E+02   1.5151892E-36
   2.1893252E+02   1.7836098E-36
   2.1926626E+02   1.8406422E-36
   2.1960000E+02   1.6415846E-36
   2.1993374E+02   1.1711453E-36
   2.2026748E+02   4.5075202E-37
   2.2060122E+02  -4.5822258E-37
   2.2093496E+02  -1.4564960E-36
   2.2126869E+02  -2.4147864E-36
   2.2160243E+02  -3.1874587E-36
   2.2193617E+02  -3.6308986E-36
   2.2226991E+02  -3.6247485E-36
   2.2260365E+02  -3.0933912E-36
   2.2293739E+02  -2.0245795E-36
   2.2327113E+02  -4.8201017E-37
   2.2360486E+02   1.3910360E-36
   2.2393860E+02   3.3790419E-36
   2.2427234E+02   5.2133770E-36
   2.2460608E+02   6.6024068E-36
   2.2493982E+02   7.2700351E-36
   2.2527356E+02   6.9984883E-36
   2.2560730E+02   5.6697772E-36
   2.2594103E+02   3.2995888E-36
   2.2627477E+02   5.7360763E-38
   2.2660851E+02  -3.7326918E-36
   2.2694225E+02  -7.6129316E-36
   2.2727599E+02  -1.1036646E-35
   2.2760973E+02  -1.3432725E-35
   2.2794347E+02  -1.4284613E-35
   2.2827720E+02  -1.3214359E-35
   2.2861094E+02  -1.0060358E-35
   2.2894468E+02  -4.9363868E-36
   2.2927842E+02   1.7397171E-36
   2.2961216E+02   9.2569219E-36
   2.2994590E+02   1.6666274E-35
   2.3027964E+02   2.2879758E-35
   2.3061337E+02   2.6805470E-35
   2.3094711E+02   2.7505265E-35
   2.3128085E+02   2.4355655E-35
   2.3161459E+02   1.7188939E-35
   2.3194833E+02   6.3910295E-36
   2.3228207E+02  -7.0653883E-36
   2.3261581E+02  -2.1667423E-35
   2.3294955E+02  -3.5494336E-35
   2.3328328E+02  -4.6430144E-35
   2.3361702E+02  -5.2438390E-35
   2.3395076E+02  -5.1869079E-35
   2.3428450E+02  -4.3758380E-35
   2.3461824E+02  -2.8076536E-35
   2.3495198E+02  -5.8797777E-36
   2.3528572E+02   2.0670755E-35
   2.3561945E+02   4.8446766E-35
   2.3595319E+02   7.3651838E-35
   2.3628693E+02   9.2263760E-35
   2.3662067E+02   1.0057844E-34
   2.3695441E+02   9.5792705E-35
   2.3728815E+02   7.6547974E-35
   2.3762189E+02   4.3349973E-35
   2.3795562E+02  -1.2149237E-36
   2.3828936E+02  -5.2529399E-35
   2.3862310E+02  -1.0429470E-34
   2.3895684E+02  -1.4917571E-34
   2.3929058E+02  -1.7969370E-34
   2.3962432E+02  -1.8927668E-34
   2.3995806E+02  -1.7333987E-34
   2.4029179E+02  -1.3024578E-34
   2.4062553E+02  -6.1988082E-35
   2.4095927E+02   2.5541455E-35
   2.4129301E+02   1.2280345E-34
   2.4162675E+02   2.1742146E-34
   2.4196049E+02   2.9552066E-34
   2.4229423E+02   3.4348193E-34
   2.4262796E+02   3.4992332E-34
   2.4296170E+02   3.0765874E-34
   2.4329544E+02   2.1535107E-34
   2.4362918E+02   7.8578342E-35
   2.4396292E+02  -8.9927246E-35
   2.4429666E+02  -2.7102290E-34
   2.4463040E+02  -4.4092187E-34
   2.4496413E+02  -5.7388181E-34
   2.4529787E+02  -6.4556869E-34
   2.4563161E+02  -6.3671620E-34
   2.4596535E+02  -5.3660504E-34
   2.4629909E+02  -3.4584100E-34
   2.4663283E+02  -7.7935574E-35
   2.4696657E+02   2.4071062E-34
   2.4730030E+02   5.7264956E-34
   2.4763404E+02   8.7305912E-34
   2.4796778E+02   1.0949913E-33
   2.4830152E+02   1.1956840E-33
   2.4863526E+02   1.1431952E-33
   2.4896900E+02   9.2247121E-34
   2.4930274E+02   5.3991342E-34
   2.4963647E+02   2.5580049E-35
   2.4997021E+02  -5.6761886E-34
   2.5030395E+02  -1.1680548E-33
   2.5063769E+02  -1.6927328E-33
   2.5097143E+02  -2.0572892E-33
   2.5130517E+02  -2.1876042E-33
   2.5163891E+02  -2.0316350E-33
   2.5197264E+02  -1.5698404E-33
   2.5230638E+02  -8.2253684E-34
   2.5264012E+02   1.4726531E-34
   2.5297386E+02   1.2365872E-33
   2.5330760E+02   2.3111580E-33
   2.5364134E+02   3.2196698E-33
   2.5397508E+02   3.8124026E-33
   2.5430882E+02   3.9622300E-33
   2.5464255E+02   3.5854271E-33
   2.5497629E+02   2.6593565E-33
   2.5531003E+02   1.2341387E-33
   2.5564377E+02  -5.6411942E-34
   2.5597751E+02  -2.5401636E-33
   2.5631125E+02  -4.4469311E-33
   2.5664499E+02  -6.0124222E-33
   2.5697872E+02  -6.9737099E-33
   2.5731246E+02  -7.1143556E-33
   2.5764620E+02  -6.3005498E-33
   2.5797994E+02  -4.5108259E-33
   2.5831368E+02  -1.8543936E-33
   2.5864742E+02   1.4259697E-33
   2.5898116E+02   4.9689219E-33
   2.5931489E+02   8.3278235E-33
   2.5964863E+02   1.1020149E-32
   2.5998237E+02   1.2588428E-32
   2.6031611E+02   1.2665937E-32
   2.6064985E+02   1.1038808E-32
   2.6098359E+02   7.6955824E-33
   2.6131733E+02   2.8558595E-33
   2.6165106E+02  -3.0287016E-33
   2.6198480E+02  -9.3046836E-33
   2.6231854E+02  -1.5178594E-32
   2.6265228E+02  -1.9805602E-32
   2.6298602E+02  -2.2396835E-32
   2.6331976E+02  -2.2333133E-32
   2.6365350E+02  -1.9270687E-32
   2.6398723E+02  -1.3223246E-32
   2.6432097E+02  -4.6068046E-33
   2.6465471E+02   5.7641023E-33
   2.6498845E+02   1.6734152E-32
   2.6532219E+02   2.6918151E-32
   2.6565593E+02   3.4856990E-32
   2.6598967E+02   3.9203283E-32
   2.6632340E+02   3.8915681E-32
   2.6665714E+02   3.3436716E-32
   2.6699088E+02   2.2828416E-32
   2.6732462E+02   7.8422356E-33
   2.6765836E+02  -1.0094308E-32
   2.6799210E+02  -2.8982733E-32
   2.6832584E+02  -4.6447808E-32
   2.6865957E+02  -6.0005942E-32
   2.6899331E+02  -6.7381094E-32
   2.6932705E+02  -6.6831908E-32
   2.6966079E+02  -5.7447990E-32
   2.6999453E+02  -3.9372084E-32
   2.7032827E+02  -1.3909695E-32
   2.7066201E+02   1.6501959E-32
   2.7099574E+02   4.8478521E-32
   2.7132948E+02   7.8020558E-32
   2.7166322E+02   1.0096655E-31
   2.7199696E+02   1.1352153E-31
   2.7233070E+02   1.1279996E-31
   2.7266444E+02   9.7313159E-32
   2.7299818E+02   6.7330106E-32
   2.7333192E+02   2.5048929E-32
   2.7366565E+02  -2.5465319E-32
   2.7399939E+02  -7.8595950E-32
   2.7433313E+02  -1.2773058E-31
   2.7466687E+02  -1.6601239E-31
   2.7500061E+02  -1.8721010E-31
   2.7533435E+02  -1.8660590E-31
   2.7566809E+02  -1.6178581E-31
   2.7600182E+02  -1.1321847E-31
   2.7633556E+02  -4.4520508E-32
   2.7666930E+02   3.7660156E-32
   2.7700304E+02   1.2417248E-31
   2.7733678E+02   2.0427760E-31
   2.7767052E+02   2.6687493E-31
   2.7800426E+02   3.0191225E-31
   2.7833799E+02   3.0181544E-31
   2.7867173E+02   2.6275108E-31
   2.7900547E+02   1.8553858E-31
   2.7933921E+02   7.6052451E-32
   2.7967295E+02  -5.4993470E-32
   2.8000669E+02  -1.9292053E-31
   2.8034043E+02  -3.2057395E-31
   2.8067416E+02  -4.2029791E-31
   2.8100790E+02  -4.7619041E-31
   2.8134164E+02  -4.7637064E-31
   2.8167538E+02  -4.1496295E-31
   2.8200912E+02  -2.9350491E-31
   2.8234286E+02  -1.2153309E-31
   2.8267660E+02   8.3819565E-32
   2.8301033E+02   2.9926760E-31
   2.8334407E+02   4.9777836E-31
   2.8367781E+02   6.5172548E-31
   2.8401155E+02   7.3645337E-31
   2.8434529E+02   7.3382708E-31
   2.8467903E+02   6.3529620E-31
   2.8501277E+02   4.4401816E-31
   2.8534650E+02   1.7565988E-31
   2.8568024E+02  -1.4236742E-31
   2.8601398E+02  -4.7330462E-31
   2.8634772E+02  -7.7492692E-31
   2.8668146E+02  -1.0045553E-30
   2.8701520E+02  -1.1246517E-30
   2.8734894E+02  -1.1083167E-30
   2.8768267E+02  -9.4395318E-31
   2.8801641E+02  -6.3838644E-31
   2.8835015E+02  -2.1786624E-31
   2.8868389E+02   2.7340659E-31
   2.8901763E+02   7.7729178E-31
   2.8935137E+02   1.2279949E-30
   2.8968511E+02   1.5600288E-30
   2.9001884E+02   1.7169649E-30
   2.9035258E+02   1.6599000E-30
   2.9068632E+02   1.3744689E-30
   2.9102006E+02   8.7532735E-31
   2.9135380E+02   2.0723439E-31
   2.9168754E+02  -5.5777226E-31
   2.9202128E+02  -1.3271339E-30
   2.9235501E+02  -1.9979851E-30
   2.9268875E+02  -2.4698193E-30
   2.9302249E+02  -2.6581807E-30
   2.9335623E+02  -2.5076565E-30
   2.9368997E+02  -2.0023664E-30
   2.9402371E+02  -1.1722855E-30
   2.9435745E+02  -9.4104717E-32
   2.9469119E+02   1.1140502E-30
   2.9502492E+02   2.3039951E-30
   2.9535866E+02   3.3140857E-30
   2.9569240E+02   3.9893690E-30
   2.9602614E+02   4.2029851E-30
   2.9635988E+02   3.8760818E-30
   2.9669362E+02   2.9934509E-30
   2.9702736E+02   1.6123257E-30
   2.9736109E+02  -1.3752508E-31
   2.9769483E+02  -2.0633669E-30
   2.9802857E+02  -3.9284307E-30
   2.9836231E+02  -5.4787065E-30
   2.9869605E+02  -6.4748215E-30
   2.9902979E+02  -6.7253255E-30
   2.9936353E+02  -6.1170586E-30
   2.9969726E+02  -4.6383134E-30
   3.0003100E+02  -2.3909318E-30
   3.0036474E+02   4.1138447E-31
   3.0069848E+02   3.4597571E-30
   3.0103222E+02   6.3811047E-30
   3.0136596E+02   8.7807577E-30
   3.0169970E+02   1.0292243E-29
   3.0203343E+02   1.0628345E-29
   3.0236717E+02   9.6267939E-30
   3.0270091E+02   7.2840160E-30
   3.0303465E+02   3.7712259E-30
   3.0336839E+02  -5.7094287E-31
   3.0370213E+02  -5.2607333E-30
   3.0403587E+02  -9.7249216E-30
   3.0436960E+02  -1.3365343E-29
   3.0470334E+02  -1.5635075E-29
   3.0503708E+02  -1.6115068E-29
   3.0537082E+02  -1.4581107E-29
   3.0570456E+02  -1.1051242E-29
   3.0603830E+02  -5.8055845E-30
   3.0637204E+02   6.2685634E-31
   3.0670577E+02   7.5155113E-30
   3.0703951E+02   1.4006684E-29
   3.0737325E+02   1.9225472E-29
   3.0770699E+02   2.2389661E-29
   3.0804073E+02   2.2921425E-29
   3.0837447E+02   2.0541674E-29
   3.0870821E+02   1.5332765E-29
   3.0904194E+02   7.7582281E-30
   3.0937568E+02  -1.3669408E-30
   3.0970942E+02  -1.0955932E-29
   3.1004316E+02  -1.9773363E-29
   3.1037690E+02  -2.6589332E-29
   3.1071064E+02  -3.0346054E-29
   3.1104438E+02  -3.0315464E-29
   3.1137811E+02  -2.6225584E-29
   3.1171185E+02  -1.8335360E-29
   3.1204559E+02  -7.4432400E-30
   3.1237933E+02   5.1776347E-30
   3.1271307E+02   1.7915399E-29
   3.1304681E+02   2.9014123E-29
   3.1338055E+02   3.6805508E-29
   3.1371429E+02   3.9948807E-29
   3.1404802E+02   3.7646408E-29
   3.1438176E+02   2.9802664E-29
   3.1471550E+02   1.7098538E-29
   3.1504924E+02   9.6391740E-31
   3.1538298E+02  -1.6558369E-29
   3.1571672E+02  -3.3047534E-29
   3.1605046E+02  -4.6015477E-29
   3.1638419E+02  -5.3256236E-29
   3.1671793E+02  -5.3188516E-29
   3.1705167E+02  -4.5142465E-29
   3.1738541E+02  -2.9544175E-29
   3.1771915E+02  -7.9616891E-30
   3.1805289E+02   1.7007544E-29
   3.1838663E+02   4.2008276E-29
   3.1872036E+02   6.3335001E-29
   3.1905410E+02   7.7431869E-29
   3.1938784E+02   8.1422889E-29
   3.1972158E+02   7.3600328E-29
   3.2005532E+02   5.3797073E-29
   3.2038906E+02   2.3578023E-29
   3.2072280E+02  -1.3796297E-29
   3.2105653E+02  -5.3652918E-29
   3.2139027E+02  -9.0422555E-29
   3.2172401E+02  -1.1834106E-28
   3.2205775E+02  -1.3225627E-28
   3.2239149E+02  -1.2843769E-28
   3.2272523E+02  -1.0527460E-28
   3.2305897E+02  -6.3751639E-29
   3.2339270E+02  -7.6099932E-30
   3.2372644E+02   5.6863346E-29
   3.2406018E+02   1.2143022E-28
   3.2439392E+02   1.7683888E-28
   3.2472766E+02   2.1401210E-28
   3.2506140E+02   2.2534719E-28
   3.2539514E+02   2.0595904E-28
   3.2572887E+02   1.5468768E-28
   3.2606261E+02   7.4702814E-29
   3.2639635E+02  -2.6422242E-29
   3.2673009E+02  -1.3723837E-28
   3.2706383E+02  -2.4354304E-28
   3.2739757E+02  -3.3001094E-28
   3.2773131E+02  -3.8216488E-28
   3.2806504E+02  -3.8845648E-28
   3.2839878E+02  -3.4218450E-28
   3.2873252E+02  -2.4297296E-28
   3.2906626E+02  -9.7560666E-29
   3.2940000E+02   8.0279206E-29
   3.2973374E+02   2.7077333E-28
   3.3006748E+02   4.5009984E-28
   3.3040121E+02   5.9309475E-28
   3.3073495E+02   6.7643195E-28
   3.3106869E+02   6.8190525E-28
   3.3140243E+02   5.9938686E-28
   3.3173617E+02   4.2904028E-28
   3.3206991E+02   1.8241858E-28
   3.3240365E+02  -1.1780858E-28
   3.3273739E+02  -4.3960020E-28
   3.3307112E+02  -7.4468055E-28
   3.3340486E+02  -9.9279397E-28
   3.3373860E+02  -1.1466357E-27
   3.3407234E+02  -1.1768858E-27
   3.3440608E+02  -1.0667025E-27
   3.3473982E+02  -8.1505490E-28
   3.3507356E+02  -4.3835379E-28
   3.3540729E+02   2.9977124E-29
   3.3574103E+02   5.4211529E-28
   3.3607477E+02   1.0405006E-27
   3.3640851E+02   1.4641170E-27
   3.3674225E+02   1.7557436E-27
   3.3707599E+02   1.8693249E-27
   3.3740973E+02   1.7765444E-27
   3.3774346E+02   1.4717023E-27
   3.3807720E+02   9.7415308E-28
   3.3841094E+02   3.2780734E-28
   3.3874468E+02  -4.0245999E-28
   3.3907842E+02  -1.1372627E-27
   3.3941216E+02  -1.7914159E-27
   3.3974590E+02  -2.2839624E-27
   3.4007963E+02  -2.5483389E-27
   3.4041337E+02  -2.5414071E-27
   3.4074711E+02  -2.2501337E-27
   3.4108085E+02  -1.6949156E-27
   3.4141459E+02  -9.2891944E-28
   3.4174833E+02  -3.3260329E-29
   3.4208207E+02   8.9161639E-28
   3.4241580E+02   1.7374912E-27
   3.4274954E+02   2.4015532E-27
   3.4308328E+02   2.7996250E-27
   3.4341702E+02   2.8777132E-27
   3.4375076E+02   2.6202974E-27
   3.4408450E+02   2.0540861E-27
   3.4441824E+02   1.2464630E-27
   3.4475197E+02   2.9851866E-28
   3.4508571E+02  -6.6676696E-28
   3.4541945E+02  -1.5199243E-27
   3.4575319E+02  -2.1421780E-27
   3.4608693E+02  -2.4422390E-27
   3.4642067E+02  -2.3704454E-27
   3.4675441E+02  -1.9281808E-27
   3.4708814E+02  -1.1709677E-27
   3.4742188E+02  -2.0436081E-28
   3.4775562E+02   8.2734763E-28
   3.4808936E+02   1.7586545E-27
   3.4842310E+02   2.4247448E-27
   3.4875684E+02   2.6851864E-27
   3.4909058E+02   2.4463869E-27
   3.4942431E+02   1.6797160E-27
   3.4975805E+02   4.3247277E-28
   3.5009179E+02  -1.1703896E-27
   3.5042553E+02  -2.9348815E-27
   3.5075927E+02  -4.6167861E-27
   3.5109301E+02  -5.9491552E-27
   3.5142675E+02  -6.6757940E-27
   3.5176048E+02  -6.5869647E-27
   3.5209422E+02  -5.5529807E-27
   3.5242796E+02  -3.5511799E-27
   3.5276170E+02  -6.8223478E-28
   3.5309544E+02   2.8273437E-27
   3.5342918E+02   6.6381590E-27
   3.5376292E+02   1.0326327E-26
   3.5409666E+02   1.3425325E-26
   3.5443039E+02   1.5477550E-26
   3.5476413E+02   1.6090322E-26
   3.5509787E+02   1.4990046E-26
   3.5543161E+02   1.2067920E-26
   3.5576535E+02   7.4109414E-27
   3.5609909E+02   1.3132812E-27
   3.5643283E+02  -5.7351944E-27
   3.5676656E+02  -1.3083995E-26
   3.5710030E+02  -1.9978728E-26
   3.5743404E+02  -2.5634895E-26
   3.5776778E+02  -2.9321895E-26
   3.5810152E+02  -3.0448447E-26
   3.5843526E+02  -2.8640067E-26
   3.5876900E+02  -2.3799080E-26
   3.5910273E+02  -1.6139090E-26
   3.5943647E+02  -6.1880252E-27
   3.5977021E+02   5.2430581E-27
   3.6010395E+02   1.7124499E-26
   3.6043769E+02   2.8301291E-26
   3.6077143E+02   3.7606787E-26
   3.6110517E+02   4.3985688E-26
   3.6143890E+02   4.6613396E-26
   3.6177264E+02   4.4998182E-26
   3.6210638E+02   3.9053782E-26
   3.6244012E+02   2.9132396E-26
   3.6277386E+02   1.6011784E-26
   3.6310760E+02   8.3514177E-28
   3.6344134E+02  -1.4992394E-26
   3.6377507E+02  -2.9941619E-26
   3.6410881E+02  -4.2517994E-26
   3.6444255E+02  -5.1424268E-26
   3.6477629E+02  -5.5708981E-26
   3.6511003E+02  -5.4882594E-26
   3.6544377E+02  -4.8986358E-26
   3.6577751E+02  -3.8603405E-26
   3.6611124E+02  -2.4807443E-26
   3.6644498E+02  -9.0521173E-27
   3.6677872E+02   6.9890026E-27
   3.6711246E+02   2.1614570E-26
   3.6744620E+02   3.3298811E-26
   3.6777994E+02   4.0880482E-26
   3.6811368E+02   4.3713837E-26
   3.6844741E+02   4.1759705E-26
   3.6878115E+02   3.5602322E-26
   3.6911489E+02   2.6384495E-26
   3.6944863E+02   1.5665138E-26
   3.6978237E+02   5.2128206E-27
   3.7011611E+02  -3.2415527E-27
   3.7044985E+02  -8.2623350E-27
   3.7078358E+02  -8.9423824E-27
   3.7111732E+02  -5.0789500E-27
   3.7145106E+02   2.7379852E-27
   3.7178480E+02   1.3144122E-26
   3.7211854E+02   2.4133008E-26
   3.7245228E+02   3.3295218E-26
   3.7278602E+02   3.8141440E-26
   3.7311976E+02   3.6473015E-26
   3.7345349E+02   2.6755003E-26
   3.7378723E+02   8.4399550E-27
   3.7412097E+02  -1.7806674E-26
   3.7445471E+02  -5.0019572E-26
   3.7478845E+02  -8.5012088E-26
   3.7512219E+02  -1.1862846E-25
   3.7545593E+02  -1.4615263E-25
   3.7578966E+02  -1.6284118E-25
   3.7612340E+02  -1.6452044E-25
   3.7645714E+02  -1.4818289E-25
   3.7679088E+02  -1.1250617E-25
   3.7712462E+02  -5.8224338E-26
   3.7745836E+02   1.1705180E-26
   3.7779210E+02   9.2179913E-26
   3.7812583E+02   1.7628130E-25
   3.7845957E+02   2.5583989E-25
   3.7879331E+02   3.2218445E-25
   3.7912705E+02   3.6700588E-25
   3.7946079E+02   3.8324463E-25
   3.7979453E+02   3.6590859E-25
   3.8012827E+02   3.1273005E-25
   3.8046200E+02   2.2459001E-25
   3.8079574E+02   1.0565710E-25
   3.8112948E+02  -3.6776341E-26
   3.8146322E+02  -1.9274585E-25
   3.8179696E+02  -3.5031829E-25
   3.8213070E+02  -4.9647740E-25
   3.8246444E+02  -6.1810950E-25
   3.8279817E+02  -7.0301568E-25
   3.8313191E+02  -7.4085606E-25
   3.8346565E+02  -7.2397936E-25
   3.8379939E+02  -6.4807300E-25
   3.8413313E+02  -5.1262119E-25
   3.8446687E+02  -3.2115484E-25
   3.8480061E+02  -8.1298008E-26
   3.8513434E+02   1.9537407E-25
   3.8546808E+02   4.9365752E-25
   3.8580182E+02   7.9521419E-25
   3.8613556E+02   1.0792408E-24
   3.8646930E+02   1.3233159E-24
   3.8680304E+02   1.5044372E-24
   3.8713678E+02   1.6002550E-24
   3.8747051E+02   1.5904996E-24
   3.8780425E+02   1.4585859E-24
   3.8813799E+02   1.1933392E-24
   3.8847173E+02   7.9078484E-25
   3.8880547E+02   2.5588345E-25
   3.8913921E+02  -3.9590930E-25
   3.8947295E+02  -1.1374229E-24
   3.8980668E+02  -1.9290878E-24
   3.9014042E+02  -2.7189771E-24
   3.9047416E+02  -3.4438204E-24
   3.9080790E+02  -4.0311770E-24
   3.9114164E+02  -4.4029916E-24
   3.9147538E+02  -4.4806743E-24
   3.9180912E+02  -4.1917189E-24
   3.9214285E+02  -3.4778108E-24
   3.9247659E+02  -2.3040351E-24
   3.9281033E+02  -6.6867854E-25
   3.9314407E+02   1.3873403E-24
   3.9347781E+02   3.7725549E-24
   3.9381155E+02   6.3400566E-24
   3.9414529E+02   8.8872013E-24
   3.9447903E+02   1.1161520E-23
   3.9481276E+02   1.2874114E-23
   3.9514650E+02   1.3721257E-23
   3.9548024E+02   1.3414009E-23
   3.9581398E+02   1.1714507E-23
   3.9614772E+02   8.4762347E-24
   3.9648146E+02   3.6842143E-24
   3.9681520E+02  -2.5100937E-24
   3.9714893E+02  -9.7651206E-24
   3.9748267E+02  -1.7542864E-23
   3.9781641E+02  -2.5125103E-23
   3.9815015E+02  -3.1655758E-23
   3.9848389E+02  -3.6210243E-23
   3.9881763E+02  -3.7889175E-23
   3.9915137E+02  -3.5929995E-23
   3.9948510E+02  -2.9826181E-23
   3.9981884E+02  -1.9440123E-23
   4.0015258E+02  -5.0942397E-24
   4.0048632E+02   1.2376237E-23
   4.0082006E+02   3.1622868E-23
   4.0115380E+02   5.0846550E-23
   4.0148754E+02   6.7927020E-23
   4.0182127E+02   8.0615368E-23
   4.0215501E+02   8.6776990E-23
   4.0248875E+02   8.4663228E-23
   4.0282249E+02   7.3183055E-23
   4.0315623E+02   5.2140645E-23
   4.0348997E+02   2.2403962E-23
   4.0382371E+02  -1.4027921E-23
   4.0415744E+02  -5.4083332E-23
   4.0449118E+02  -9.3815088E-23
   4.0482492E+02  -1.2873362E-22
   4.0515866E+02  -1.5425628E-22
   4.0549240E+02  -1.6623589E-22
   4.0582614E+02  -1.6151579E-22
   4.0615988E+02  -1.3844814E-22
   4.0649361E+02  -9.7306592E-23
   4.0682735E+02  -4.0527126E-23
   4.0716109E+02   2.7277529E-23
   4.0749483E+02   9.9566218E-23
   4.0782857E+02   1.6838972E-22
   4.0816231E+02   2.2516004E-22
   4.0849605E+02   2.6161286E-22
   4.0882978E+02   2.7087358E-22
   4.0916352E+02   2.4851110E-22
   4.0949726E+02   1.9344566E-22
   4.0983100E+02   1.0857394E-22
   4.1016474E+02   9.8705432E-25
   4.1049848E+02  -1.1831230E-22
   4.1083222E+02  -2.3523989E-22
   4.1116595E+02  -3.3399068E-22
   4.1149969E+02  -3.9884356E-22
   4.1183343E+02  -4.1624901E-22
   4.1216717E+02  -3.7697585E-22
   4.1250091E+02  -2.7804345E-22
   4.1283465E+02  -1.2414707E-22
   4.1316839E+02   7.1699820E-23
   4.1350213E+02   2.8852917E-22
   4.1383586E+02   4.9891234E-22
   4.1416960E+02   6.7158271E-22
   4.1450334E+02   7.7503042E-22
   4.1483708E+02   7.8175530E-22
   4.1517082E+02   6.7272225E-22
   4.1550456E+02   4.4145424E-22
   4.1583830E+02   9.7151521E-23
   4.1617203E+02  -3.3374589E-22
   4.1650577E+02  -8.0803333E-22
   4.1683951E+02  -1.2685352E-21
   4.1717325E+02  -1.6492457E-21
   4.1750699E+02  -1.8825350E-21
   4.1784073E+02  -1.9078224E-21
   4.1817447E+02  -1.6808323E-21
   4.1850820E+02  -1.1823198E-21
   4.1884194E+02  -4.2505340E-22
   4.1917568E+02   5.4214374E-22
   4.1950942E+02   1.6343037E-21
   4.1984316E+02   2.7348504E-21
   4.2017690E+02   3.7049597E-21
   4.2051064E+02   4.3973778E-21
   4.2084437E+02   4.6736924E-21
   4.2117811E+02   4.4234808E-21
   4.2151185E+02   3.5832285E-21
   4.2184559E+02   2.1526022E-21
   4.2217933E+02   2.0556811E-22
   4.2251307E+02  -2.1059691E-21
   4.2284681E+02  -4.5577854E-21
   4.2318054E+02  -6.8691606E-21
   4.2351428E+02  -8.7287604E-21
   4.2384802E+02  -9.8290641E-21
   4.2418176E+02  -9.9065315E-21
   4.2451550E+02  -8.7833269E-21
   4.2484924E+02  -6.4054904E-21
   4.2518298E+02  -2.8718299E-21
   4.2551671E+02   1.5520058E-21
   4.2585045E+02   6.4390182E-21
   4.2618419E+02   1.1228912E-20
   4.2651793E+02   1.5279275E-20
   4.2685167E+02   1.7937352E-20
   4.2718541E+02   1.8626631E-20
   4.2751915E+02   1.6939085E-20
   4.2785288E+02   1.2721484E-20
   4.2818662E+02   6.1424805E-21
   4.2852036E+02  -2.2724554E-21
   4.2885410E+02  -1.1649501E-20
   4.2918784E+02  -2.0825388E-20
   4.2952158E+02  -2.8458076E-20
   4.2985532E+02  -3.3183345E-20
   4.3018905E+02  -3.3803786E-20
   4.3052279E+02  -2.9489377E-20
   4.3085653E+02  -1.9963274E-20
   4.3119027E+02  -5.6435561E-21
   4.3152401E+02   1.2287380E-20
   4.3185775E+02   3.1909025E-20
   4.3219149E+02   5.0698291E-20
   4.3252522E+02   6.5774934E-20
   4.3285896E+02   7.4241890E-20
   4.3319270E+02   7.3589225E-20
   4.3352644E+02   6.2116094E-20
   4.3386018E+02   3.9314408E-20
   4.3419392E+02   6.1539010E-21
   4.3452766E+02  -3.4788037E-20
   4.3486140E+02  -7.9396059E-20
   4.3519513E+02  -1.2230954E-19
   4.3552887E+02  -1.5743457E-19
   4.3586261E+02  -1.7864043E-19
   4.3619635E+02  -1.8057465E-19
   4.3653009E+02  -1.5950395E-19
   4.3686383E+02  -1.1407145E-19
   4.3719757E+02  -4.5854363E-20
   4.3753130E+02   4.0382873E-20
   4.3786504E+02   1.3681921E-19
   4.3819878E+02   2.3313026E-19
   4.3853252E+02   3.1745155E-19
   4.3886626E+02   3.7768183E-19
   4.3920000E+02   4.0300294E-19
   4.3953374E+02   3.8544481E-19
   4.3986747E+02   3.2129809E-19
   4.4020121E+02   2.1216937E-19
   4.4053495E+02   6.5497085E-20
   4.4086869E+02  -1.0560833E-19
   4.4120243E+02  -2.8326169E-19
   4.4153617E+02  -4.4641319E-19
   4.4186991E+02  -5.7304984E-19
   4.4220364E+02  -6.4277827E-19
   4.4253738E+02  -6.3950269E-19
   4.4287112E+02  -5.5387471E-19
   4.4320486E+02  -3.8517994E-19
   4.4353860E+02  -1.4236828E-19
   4.4387234E+02   1.5598819E-19
   4.4420608E+02   4.8291032E-19
   4.4453981E+02   8.0536481E-19
   4.4487355E+02   1.0875760E-18
   4.4520729E+02   1.2949856E-18
   4.4554103E+02   1.3984454E-18
   4.4587477E+02   1.3781750E-18
   4.4620851E+02   1.2269991E-18
   4.4654225E+02   9.5243995E-19
   4.4687598E+02   5.7732864E-19
   4.4720972E+02   1.3874723E-19
   4.4754346E+02  -3.1472289E-19
   4.4787720E+02  -7.2729007E-19
   4.4821094E+02  -1.0414510E-18
   4.4854468E+02  -1.2042226E-18
   4.4887842E+02  -1.1735187E-18
   4.4921215E+02  -9.2403436E-19
   4.4954589E+02  -4.5200116E-19
   4.4987963E+02   2.2174468E-19
   4.5021337E+02   1.0508066E-18
   4.5054711E+02   1.9646236E-18
   4.5088085E+02   2.8722341E-18
   4.5121459E+02   3.6681771E-18
   4.5154832E+02   4.2400252E-18
   4.5188206E+02   4.4768032E-18
   4.5221580E+02   4.2773278E-18
   4.5254954E+02   3.5573465E-18
   4.5288328E+02   2.2543346E-18
   4.5321702E+02   3.2890283E-19
   4.5355076E+02  -2.2379928E-18
   4.5388450E+02  -5.4523858E-18
   4.5421823E+02  -9.3190623E-18
   4.5455197E+02  -1.3856976E-17
   4.5488571E+02  -1.9117041E-17
   4.5521945E+02  -2.5200643E-17
   4.5555319E+02  -3.2277001E-17
   4.5588693E+02  -4.0597756E-17
   4.5622067E+02  -5.0507542E-17
   4.5655440E+02  -6.2450171E-17
   4.5688814E+02  -7.6970718E-17
   4.5722188E+02  -9.4714748E-17
   4.5755562E+02  -1.1642612E-16
   4.5788936E+02  -1.4294531E-16
   4.5822310E+02  -1.7520929E-16
   4.5855684E+02  -2.1425385E-16
   4.5889057E+02  -2.6121826E-16
   4.5922431E+02  -3.1735135E-16
   4.5955805E+02  -3.8401636E-16
   4.5989179E+02  -4.6269339E-16
   4.6022553E+02  -5.5497270E-16
   4.6055927E+02  -6.6254033E-16
   4.6089301E+02  -7.8714613E-16
   4.6122674E+02  -9.3055548E-16
   4.6156048E+02  -1.0944747E-15
   4.6189422E+02  -1.2804408E-15
   4.6222796E+02  -1.4896713E-15
   4.6256170E+02  -1.7228537E-15
   4.6289544E+02  -1.9798739E-15
   4.6322918E+02  -2.2594657E-15
   4.6356291E+02  -2.5587612E-15
   4.6389665E+02  -2.8727385E-15
   4.6423039E+02  -3.1935302E-15
   4.6456413E+02  -3.5095749E-15
   4.6489787E+02  -3.8045654E-15
   4.6523161E+02  -4.0561405E-15
   4.6556535E+02  -4.2342410E-15
   4.6589908E+02  -4.2990746E-15
   4.6623282E+02  -4.1985695E-15
   4.6656656E+02  -3.8652468E-15
   4.6690030E+02  -3.2123496E-15
   4.6723404E+02  -2.1291607E-15
   4.6756778E+02  -4.7526150E-16
   4.6790152E+02   1.9264210E-15
   4.6823525E+02   5.2980937E-15
   4.6856899E+02   9.9173277E-15
   4.6890273E+02   1.6129428E-14
   4.6923647E+02   2.4362138E-14
   4.6957021E+02   3.5143482E-14
   4.6990395E+02   4.9122822E-14
   4.7023769E+02   6.7095973E-14
   4.7057142E+02   9.0034805E-14
   4.7090516E+02   1.1912200E-13
   4.7123890E+02   1.5579256E-13
   4.7157264E+02   2.0178222E-13
   4.7190638E+02   2.5918460E-13
   4.7224012E+02   3.3051865E-13
   4.7257386E+02   4.1880773E-13
   4.7290760E+02   5.2767382E-13
   4.7324133E+02   6.6144675E-13
   4.7357507E+02   8.2529187E-13
   4.7390881E+02   1.0253601E-12
   4.7424255E+02   1.2689619E-12
   4.7457629E+02   1.5647681E-12
   4.7491003E+02   1.9230440E-12
   4.7524377E+02   2.3559197E-12
   4.7557750E+02   2.8777002E-12
   4.7591124E+02   3.5052284E-12
   4.7624498E+02   4.2582938E-12
   4.7657872E+02   5.1601132E-12
   4.7691246E+02   6.2378692E-12
   4.7724620E+02   7.5233405E-12
   4.7757994E+02   9.0536155E-12
   4.7791367E+02   1.0871907E-11
   4.7824741E+02   1.3028483E-11
   4.7858115E+02   1.5581725E-11
   4.7891489E+02   1.8599322E-11
   4.7924863E+02   2.2159646E-11
   4.7958237E+02   2.6353265E-11
   4.7991611E+02   3.1284697E-11
   4.8024984E+02   3.7074351E-11
   4.8058358E+02   4.3860734E-11
   4.8091732E+02   5.1802902E-11
   4.8125106E+02   6.1083229E-11
   4.8158480E+02   7.1910478E-11
   4.8191854E+02   8.4523277E-11
   4.8225228E+02   9.9193910E-11
   4.8258601E+02   1.1623256E-10
   4.8291975E+02   1.3599202E-10
   4.8325349E+02   1.5887311E-10
   4.8358723E+02   1.8533013E-10
   4.8392097E+02   2.1587734E-10
   4.8425471E+02   2.5109601E-10
   4.8458845E+02   2.9164185E-10
   4.8492218E+02   3.3825365E-10
   4.8525592E+02   3.9176223E-10
   4.8558966E+02   4.5310039E-10
   4.8592340E+02   5.2331345E-10
   4.8625714E+02   6.0357153E-10
   4.8659088E+02   6.9518113E-10
   4.8692462E+02   7.9959939E-10
   4.8725835E+02   9.1844821E-10
   4.8759209E+02   1.0535295E-09
   4.8792583E+02   1.2068421E-09
   4.8825957E+02   1.3805997E-09
   4.8859331E+02   1.5772481E-09
   4.8892705E+02   1.7994870E-09
   4.8926079E+02   2.0502879E-09
   4.8959452E+02   2.3329176E-09
   4.8992826E+02   2.6509595E-09
   4.9026200E+02   3.0083367E-09
   4.9059574E+02   3.4093377E-09
   4.9092948E+02   3.8586374E-09
   4.9126322E+02   4.3613260E-09
   4.9159696E+02   4.9229287E-09
   4.9193069E+02   5.5494374E-09
   4.9226443E+02   6.2473258E-09
   4.9259817E+02   7.0235870E-09
   4.9293191E+02   7.8857472E-09
   4.9326565E+02   8.8418872E-09
   4.9359939E+02   9.9006741E-09
   4.9393313E+02   1.1071370E-08
   4.9426687E+02   1.2363856E-08
   4.9460060E+02   1.3788640E-08
   4.9493434E+02   1.5356859E-08
   4.9526808E+02   1.7080314E-08
   4.9560182E+02   1.8971436E-08
   4.9593556E+02   2.1043318E-08
   4.9626930E+02   2.3309669E-08
   4.9660304E+02   2.5784820E-08
   4.9693677E+02   2.8483711E-08
   4.9727051E+02   3.1421838E-08
   4.9760425E+02   3.4615208E-08
   4.9793799E+02   3.8080319E-08
   4.9827173E+02   4.1834085E-08
   4.9860547E+02   4.5893742E-08
   4.9893921E+02   5.0276803E-08
   4.9927294E+02   5.5000967E-08
   4.9960668E+02   6.0083934E-08
   4.9994042E+02   6.5543411E-08
   5.0027416E+02   7.1396826E-08
   5.0060790E+02   7.7661319E-08
   5.0094164E+02   8.4353466E-08
   5.0127538E+02   9.1489184E-08
   5.0160911E+02   9.9083451E-08
   5.0194285E+02   1.0715021E-07
   5.0227659E+02   1.1570197E-07
   5.0261033E+02   1.2474973E-07
   5.0294407E+02   1.3430267E-07
   5.0327781E+02   1.4436777E-07
   5.0361155E+02   1.5494982E-07
   5.0394528E+02   1.6605080E-07
   5.0427902E+02   1.7766972E-07
   5.0461276E+02   1.8980236E-07
   5.0494650E+02   2.0244094E-07
   5.0528024E+02   2.1557371E-07
   5.0561398E+02   2.2918465E-07
   5.0594772E+02   2.4325311E-07
   5.0628145E+02   2.5775381E-07
   5.0661519E+02   2.7265614E-07
   5.0694893E+02   2.8792402E-07
   5.0728267E+02   3.0351558E-07
   5.0761641E+02   3.1938302E-07
   5.0795015E+02   3.3547212E-07
   5.0828389E+02   3.5172243E-07
   5.0861762E+02   3.6806662E-07
   5.0895136E+02   3.8443045E-07
   5.0928510E+02   4.0073314E-07
   5.0961884E+02   4.1688645E-07
   5.0995258E+02   4.3279539E-07
   5.1028632E+02   4.4835775E-07
   5.1062006E+02   4.6346480E-07
   5.1095379E+02   4.7800029E-07
   5.1128753E+02   4.9184240E-07
   5.1162127E+02   5.0486221E-07
   5.1195501E+02   5.1692507E-07
   5.1228875E+02   5.2789130E-07
   5.1262249E+02   5.3761522E-07
   5.1295623E+02   5.4594744E-07
   5.1328997E+02   5.5273455E-07
   5.1362370E+02   5.5781970E-07
   5.1395744E+02   5.6104381E-07
   5.1429118E+02   5.6224656E-07
   5.1462492E+02   5.6126686E-07
   5.1495866E+02   5.5794391E-07
   5.1529240E+02   5.5211882E-07
   5.1562614E+02   5.4363500E-07
   5.1595987E+02   5.3233981E-07
   5.1629361E+02   5.1808564E-07
   5.1662735E+02   5.0073129E-07
   5.1696109E+02   4.8014294E-07
   5.1729483E+02   4.5619660E-07
   5.1762857E+02   4.2877747E-07
   5.1796231E+02   3.9778345E-07
   5.1829604E+02   3.6312514E-07
   5.1862978E+02   3.2472718E-07
   5.1896352E+02   2.8253078E-07
   5.1929726E+02   2.3649329E-07
   5.1963100E+02   1.8659078E-07
   5.1996474E+02   1.3281854E-07
   5.2029848E+02   7.5192482E-08
   5.2063221E+02   1.3749688E-08
   5.2096595E+02  -5.1450058E-08
   5.2129969E+02  -1.2032420E-07
   5.2163343E+02  -1.9276627E-07
   5.2196717E+02  -2.6864564E-07
   5.2230091E+02  -3.4780663E-07
   5.2263465E+02  -4.3006932E-07
   5.2296838E+02  -5.1522846E-07
   5.2330212E+02  -6.0305433E-07
   5.2363586E+02  -6.9329246E-07
   5.2396960E+02  -7.8566489E-07
   5.2430334E+02  -8.7987019E-07
   5.2463708E+02  -9.7558484E-07
   5.2497082E+02  -1.0724643E-06
   5.2530455E+02  -1.1701437E-06
   5.2563829E+02  -1.2682399E-06
   5.2597203E+02  -1.3663531E-06
   5.2630577E+02  -1.4640684E-06
   5.2663951E+02  -1.5609583E-06
   5.2697325E+02  -1.6565839E-06
   5.2730699E+02  -1.7504981E-06
   5.2764072E+02  -1.8422488E-06
   5.2797446E+02  -1.9313784E-06
   5.2830820E+02  -2.0174302E-06
   5.2864194E+02  -2.0999491E-06
   5.2897568E+02  -2.1784845E-06
   5.2930942E+02  -2.2525946E-06
   5.2964316E+02  -2.3218470E-06
   5.2997689E+02  -2.3858229E-06
   5.3031063E+02  -2.4441210E-06
   5.3064437E+02  -2.4963585E-06
   5.3097811E+02  -2.5421755E-06
   5.3131185E+02  -2.5812349E-06
   5.3164559E+02  -2.6132302E-06
   5.3197933E+02  -2.6378807E-06
   5.3231306E+02  -2.6549419E-06
   5.3264680E+02  -2.6642001E-06
   5.3298054E+02  -2.6654809E-06
   5.3331428E+02  -2.6586440E-06
   5.3364802E+02  -2.6435923E-06
   5.3398176E+02  -2.6202674E-06
   5.3431550E+02  -2.5886516E-06
   5.3464924E+02  -2.5487716E-06
   5.3498297E+02  -2.5006950E-06
   5.3531671E+02  -2.4445333E-06
   5.3565045E+02  -2.3804391E-06
   5.3598419E+02  -2.3086086E-06
   5.3631793E+02  -2.2292777E-06
   5.3665167E+02  -2.1427236E-06
   5.3698541E+02  -2.0492628E-06
   5.3731914E+02  -1.9492470E-06
   5.3765288E+02  -1.8430652E-06
   5.3798662E+02  -1.7311388E-06
   5.3832036E+02  -1.6139196E-06
   5.3865410E+02  -1.4918883E-06
   5.3898784E+02  -1.3655505E-06
   5.3932158E+02  -1.2354333E-06
   5.3965531E+02  -1.1020843E-06
   5.3998905E+02  -9.6606539E-07
   5.4032279E+02  -8.2795083E-07
   5.4065653E+02  -6.8832497E-07
   5.4099027E+02  -5.4777530E-07
   5.4132401E+02  -4.0689247E-07
   5.4165775E+02  -2.6626378E-07
   5.4199148E+02  -1.2647126E-07
   5.4232522E+02   1.1912064E-08
   5.4265896E+02   1.4832568E-07
   5.4299270E+02   2.8222561E-07
   5.4332644E+02   4.1308658E-07
   5.4366018E+02   5.4040584E-07
   5.4399392E+02   6.6370580E-07
   5.4432765E+02   7.8253635E-07
   5.4466139E+02   8.9647779E-07
   5.4499513E+02   1.0051427E-06
   5.4532887E+02   1.1081781E-06
   5.4566261E+02   1.2052670E-06
   5.4599635E+02   1.2961294E-06
   5.4633009E+02   1.3805241E-06
   5.4666382E+02   1.4582491E-06
   5.4699756E+02   1.5291416E-06
   5.4733130E+02   1.5930802E-06
   5.4766504E+02   1.6499816E-06
   5.4799878E+02   1.6998038E-06
   5.4833252E+02   1.7425424E-06
   5.4866626E+02   1.7782318E-06
   5.4899999E+02   1.8069425E-06
   5.4933373E+02   1.8287822E-06
   5.4966747E+02   1.8438902E-06
   5.5000121E+02   1.8524399E-06
   5.5033495E+02   1.8546334E-06
   5.5066869E+02   1.8507010E-06
   5.5100243E+02   1.8408981E-06
   5.5133616E+02   1.8255049E-06
   5.5166990E+02   1.8048195E-06
   5.5200364E+02   1.7791601E-06
   5.5233738E+02   1.7488594E-06
   5.5267112E+02   1.7142625E-06
   5.5300486E+02   1.6757242E-06
   5.5333860E+02   1.6336070E-06
   5.5367234E+02   1.5882782E-06
   5.5400607E+02   1.5401065E-06
   5.5433981E+02   1.4894598E-06
   5.5467355E+02   1.4367041E-06
   5.5500729E+02   1.3821991E-06
   5.5534103E+02   1.3262980E-06
   5.5567477E+02   1.2693442E-06
   5.5600851E+02   1.2116697E-06
   5.5634224E+02   1.1535942E-06
   5.5667598E+02   1.0954229E-06
   5.5700972E+02   1.0374450E-06
   5.5734346E+02   9.7993234E-07
   5.5767720E+02   9.2313962E-07
   5.5801094E+02   8.6730245E-07
   5.5834468E+02   8.1263715E-07
   5.5867841E+02   7.5934008E-07
   5.5901215E+02   7.0758813E-07
   5.5934589E+02   6.5753773E-07
   5.5967963E+02   6.0932513E-07
   5.6001337E+02   5.6306726E-07
   5.6034711E+02   5.1886087E-07
   5.6068085E+02   4.7678432E-07
   5.6101458E+02   4.3689747E-07
   5.6134832E+02   3.9924231E-07
   5.6168206E+02   3.6384441E-07
   5.6201580E+02   3.3071294E-07
   5.6234954E+02   2.9984230E-07
   5.6268328E+02   2.7121266E-07
   5.6301702E+02   2.4479141E-07
   5.6335075E+02   2.2053375E-07
   5.6368449E+02   1.9838430E-07
   5.6401823E+02   1.7827787E-07
   5.6435197E+02   1.6014076E-07
   5.6468571E+02   1.4389173E-07
   5.6501945E+02   1.2944301E-07
   5.6535319E+02   1.1670159E-07
   5.6568692E+02   1.0556995E-07
   5.6602066E+02   9.5947172E-08
   5.6635440E+02   8.7729958E-08
   5.6668814E+02   8.0813081E-08
   5.6702188E+02   7.5090711E-08
   5.6735562E+02   7.0456800E-08
   5.6768936E+02   6.6805946E-08
   5.6802309E+02   6.4034012E-08
   5.6835683E+02   6.2038652E-08
   5.6869057E+02   6.0719955E-08
   5.6902431E+02   5.9980756E-08
   5.6935805E+02   5.9727270E-08
   5.6969179E+02   5.9869365E-08
   5.7002553E+02   6.0320872E-08
   5.7035926E+02   6.0999874E-08
   5.7069300E+02   6.1829020E-08
   5.7102674E+02   6.2735658E-08
   5.7136048E+02   6.3652053E-08
   5.7169422E+02   6.4515412E-08
   5.7202796E+02   6.5268210E-08
   5.7236170E+02   6.5858167E-08
   5.7269543E+02   6.6238165E-08
   5.7302917E+02   6.6366681E-08
   5.7336291E+02   6.6207456E-08
   5.7369665E+02   6.5729822E-08
   5.7403039E+02   6.4908576E-08
   5.7436413E+02   6.3723910E-08
   5.7469787E+02   6.2161476E-08
   5.7503161E+02   6.0212443E-08
   5.7536534E+02   5.7873333E-08
   5.7569908E+02   5.5145932E-08
   5.7603282E+02   5.2037414E-08
   5.7636656E+02   4.8560086E-08
   5.7670030E+02   4.4731362E-08
   5.7703404E+02   4.0573624E-08
   5.7736778E+02   3.6114230E-08
   5.7770151E+02   3.1385245E-08
   5.7803525E+02   2.6423386E-08
   5.7836899E+02   2.1269756E-08
   5.7870273E+02   1.5969633E-08
   5.7903647E+02   1.0572428E-08
   5.7937021E+02   5.1311773E-09
   5.7970395E+02  -2.9767655E-10
   5.8003768E+02  -5.6545453E-09
   5.8037142E+02  -1.0877086E-08
   5.8070516E+02  -1.5900669E-08
   5.8103890E+02  -2.0658675E-08
   5.8137264E+02  -2.5083063E-08
   5.8170638E+02  -2.9104690E-08
   5.8204012E+02  -3.2653993E-08
   5.8237385E+02  -3.5661319E-08
   5.8270759E+02  -3.8057511E-08
   5.8304133E+02  -3.9774523E-08
   5.8337507E+02  -4.0745807E-08
   5.8370881E+02  -4.0907214E-08
   5.8404255E+02  -4.0197129E-08
   5.8437629E+02  -3.8557495E-08
   5.8471002E+02  -3.5934089E-08
   5.8504376E+02  -3.2277214E-08
   5.8537750E+02  -2.7542358E-08
   5.8571124E+02  -2.1690575E-08
   5.8604498E+02  -1.4689157E-08
   5.8637872E+02  -6.5120913E-09
   5.8671246E+02   2.8594274E-09
   5.8704619E+02   1.3436583E-08
   5.8737993E+02   2.5222510E-08
   5.8771367E+02   3.8211855E-08
   5.8804741E+02   5.2390654E-08
   5.8838115E+02   6.7735876E-08
   5.8871489E+02   8.4215401E-08
   5.8904863E+02   1.0178776E-07
   5.8938236E+02   1.2040221E-07
   5.8971610E+02   1.3999863E-07
   5.9004984E+02   1.6050765E-07
   5.9038358E+02   1.8185079E-07
   5.9071732E+02   2.0394070E-07
   5.9105106E+02   2.2668141E-07
   5.9138480E+02   2.4996865E-07
   5.9171853E+02   2.7369032E-07
   5.9205227E+02   2.9772707E-07
   5.9238601E+02   3.2195268E-07
   5.9271975E+02   3.4623474E-07
   5.9305349E+02   3.7043537E-07
   5.9338723E+02   3.9441193E-07
   5.9372097E+02   4.1801786E-07
   5.9405471E+02   4.4110337E-07
   5.9438844E+02   4.6351670E-07
   5.9472218E+02   4.8510469E-07
   5.9505592E+02   5.0571407E-07
   5.9538966E+02   5.2519226E-07
   5.9572340E+02   5.4338847E-07
   5.9605714E+02   5.6015477E-07
   5.9639088E+02   5.7534692E-07
   5.9672461E+02   5.8882563E-07
   5.9705835E+02   6.0045744E-07
   5.9739209E+02   6.1011588E-07
   5.9772583E+02   6.1768208E-07
   5.9805957E+02   6.2304616E-07
   5.9839331E+02   6.2610798E-07
   5.9872705E+02   6.2677822E-07
   5.9906078E+02   6.2497884E-07
   5.9939452E+02   6.2064436E-07
   5.9972826E+02   6.1372185E-07
   6.0006200E+02   6.0417261E-07
   6.0039574E+02   5.9197157E-07
   6.0072948E+02   5.7710872E-07
   6.0106322E+02   5.5958867E-07
   6.0139695E+02   5.3943171E-07
   6.0173069E+02   5.1667331E-07
   6.0206443E+02   4.9136463E-07
   6.0239817E+02   4.6357212E-07
   6.0273191E+02   4.3337786E-07
   6.0306565E+02   4.0087912E-07
   6.0339939E+02   3.6618815E-07
   6.0373312E+02   3.2943149E-07
   6.0406686E+02   2.9075008E-07
   6.0440060E+02   2.5029817E-07
   6.0473434E+02   2.0824291E-07
   6.0506808E+02   1.6476321E-07
   6.0540182E+02   1.2004919E-07
   6.0573556E+02   7.4300971E-08
   6.0606929E+02   2.7727594E-08
   6.0640303E+02  -1.9453999E-08
   6.0673677E+02  -6.7020338E-08
   6.0707051E+02  -1.1474261E-07
   6.0740425E+02  -1.6238783E-07
   6.0773799E+02  -2.0972048E-07
   6.0807173E+02  -2.5650368E-07
   6.0840546E+02  -3.0250055E-07
   6.0873920E+02  -3.4747558E-07
   6.0907294E+02  -3.9119629E-07
   6.0940668E+02  -4.3343442E-07
   6.0974042E+02  -4.7396719E-07
   6.1007416E+02  -5.1257911E-07
   6.1040790E+02  -5.4906263E-07
   6.1074163E+02  -5.8322064E-07
   6.1107537E+02  -6.1486651E-07
   6.1140911E+02  -6.4382562E-07
   6.1174285E+02  -6.6993704E-07
   6.1207659E+02  -6.9305401E-07
   6.1241033E+02  -7.1304487E-07
   6.1274407E+02  -7.2979429E-07
   6.1307781E+02  -7.4320354E-07
   6.1341154E+02  -7.5319144E-07
   6.1374528E+02  -7.5969467E-07
   6.1407902E+02  -7.6266838E-07
   6.1441276E+02  -7.6208653E-07
   6.1474650E+02  -7.5794139E-07
   6.1508024E+02  -7.5024468E-07
   6.1541398E+02  -7.3902686E-07
   6.1574771E+02  -7.2433733E-07
   6.1608145E+02  -7.0624361E-07
   6.1641519E+02  -6.8483166E-07
   6.1674893E+02  -6.6020459E-07
   6.1708267E+02  -6.3248251E-07
   6.1741641E+02  -6.0180162E-07
   6.1775015E+02  -5.6831300E-07
   6.1808388E+02  -5.3218218E-07
   6.1841762E+02  -4.9358744E-07
   6.1875136E+02  -4.5271946E-07
   6.1908510E+02  -4.0977960E-07
   6.1941884E+02  -3.6497875E-07
   6.1975258E+02  -3.1853602E-07
   6.2008632E+02  -2.7067773E-07
   6.2042005E+02  -2.2163550E-07
   6.2075379E+02  -1.7164541E-07
   6.2108753E+02  -1.2094625E-07
   6.2142127E+02  -6.9778203E-08
   6.2175501E+02  -1.8381497E-08
   6.2208875E+02   3.3005165E-08
   6.2242249E+02   8.4145853E-08
   6.2275622E+02   1.3480883E-07
   6.2308996E+02   1.8476771E-07
   6.2342370E+02   2.3380292E-07
   6.2375744E+02   2.8170243E-07
   6.2409118E+02   3.2826338E-07
   6.2442492E+02   3.7329264E-07
   6.2475866E+02   4.1660758E-07
   6.2509239E+02   4.5803750E-07
   6.2542613E+02   4.9742346E-07
   6.2575987E+02   5.3461963E-07
   6.2609361E+02   5.6949358E-07
   6.2642735E+02   6.0192622E-07
   6.2676109E+02   6.3181278E-07
   6.2709483E+02   6.5906238E-07
   6.2742856E+02   6.8359873E-07
   6.2776230E+02   7.0535901E-07
   6.2809604E+02   7.2429549E-07
   6.2842978E+02   7.4037342E-07
   6.2876352E+02   7.5357178E-07
   6.2909726E+02   7.6388250E-07
   6.2943100E+02   7.7131028E-07
   6.2976473E+02   7.7587129E-07
   6.3009847E+02   7.7759307E-07
   6.3043221E+02   7.7651373E-07
   6.3076595E+02   7.7268118E-07
   6.3109969E+02   7.6615163E-07
   6.3143343E+02   7.5698972E-07
   6.3176717E+02   7.4526736E-07
   6.3210090E+02   7.3106241E-07
   6.3243464E+02   7.1445834E-07
   6.3276838E+02   6.9554284E-07
   6.3310212E+02   6.7440743E-07
   6.3343586E+02   6.5114637E-07
   6.3376960E+02   6.2585542E-07
   6.3410334E+02   5.9863186E-07
   6.3443708E+02   5.6957344E-07
   6.3477081E+02   5.3877710E-07
   6.3510455E+02   5.0633957E-07
   6.3543829E+02   4.7235568E-07
   6.3577203E+02   4.3691833E-07
   6.3610577E+02   4.0011878E-07
   6.3643951E+02   3.6204489E-07
   6.3677325E+02   3.2278285E-07
   6.3710698E+02   2.8241485E-07
   6.3744072E+02   2.4102144E-07
   6.3777446E+02   1.9867907E-07
   6.3810820E+02   1.5546283E-07
   6.3844194E+02   1.1144459E-07
   6.3877568E+02   6.6694142E-08
   6.3910942E+02   2.1279543E-08
   6.3944315E+02  -2.4733101E-08
   6.3977689E+02  -7.1278222E-08
   6.4011063E+02  -1.1829096E-07
   6.4044437E+02  -1.6570675E-07
   6.4077811E+02  -2.1345973E-07
   6.4111185E+02  -2.6148376E-07
   6.4144559E+02  -3.0971020E-07
   6.4177932E+02  -3.5806863E-07
   6.4211306E+02  -4.0648536E-07
   6.4244680E+02  -4.5488304E-07
   6.4278054E+02  -5.0318067E-07
   6.4311428E+02  -5.5129237E-07
   6.4344802E+02  -5.9912793E-07
   6.4378176E+02  -6.4659139E-07
   6.4411549E+02  -6.9358157E-07
   6.4444923E+02  -7.3999172E-07
   6.4478297E+02  -7.8570918E-07
   6.4511671E+02  -8.3061559E-07
   6.4545045E+02  -8.7458727E-07
   6.4578419E+02  -9.1749439E-07
   6.4611793E+02  -9.5920268E-07
   6.4645166E+02  -9.9957253E-07
   6.4678540E+02  -1.0384606E-06
   6.4711914E+02  -1.0757192E-06
   6.4745288E+02  -1.1111982E-06
   6.4778662E+02  -1.1447452E-06
   6.4812036E+02  -1.1762063E-06
   6.4845410E+02  -1.2054279E-06
   6.4878783E+02  -1.2322569E-06
   6.4912157E+02  -1.2565413E-06
   6.4945531E+02  -1.2781339E-06
   6.4978905E+02  -1.2968904E-06
   6.5012279E+02  -1.3126721E-06
   6.5045653E+02  -1.3253480E-06
   6.5079027E+02  -1.3347947E-06
   6.5112400E+02  -1.3408983E-06
   6.5145774E+02  -1.3435545E-06
   6.5179148E+02  -1.3426724E-06
   6.5212522E+02  -1.3381731E-06
   6.5245896E+02  -1.3299924E-06
   6.5279270E+02  -1.3180806E-06
   6.5312644E+02  -1.3024041E-06
   6.5346018E+02  -1.2829464E-06
   6.5379391E+02  -1.2597096E-06
   6.5412765E+02  -1.2327124E-06
   6.5446139E+02  -1.2019926E-06
   6.5479513E+02  -1.1676070E-06
   6.5512887E+02  -1.1296323E-06
   6.5546261E+02  -1.0881627E-06
   6.5579635E+02  -1.0433131E-06
   6.5613008E+02  -9.9521571E-07
   6.5646382E+02  -9.4402259E-07
   6.5679756E+02  -8.8990180E-07
   6.5713130E+02  -8.3303945E-07
   6.5746504E+02  -7.7363688E-07
   6.5779878E+02  -7.1191118E-07
   6.5813252E+02  -6.4809268E-07
   6.5846625E+02  -5.8242472E-07
   6.5879999E+02  -5.1516173E-07
   6.5913373E+02  -4.4656770E-07
   6.5946747E+02  -3.7691419E-07
   6.5980121E+02  -3.0648030E-07
   6.6013495E+02  -2.3554804E-07
