  -7.8094826E+01   0.0000000E+00
  -7.7761087E+01   0.0000000E+00
  -7.7427349E+01   0.0000000E+00
  -7.7093610E+01   0.0000000E+00
  -7.6759871E+01   0.0000000E+00
  -7.6426133E+01   0.0000000E+00
  -7.6092394E+01   0.0000000E+00
  -7.5758656E+01   0.0000000E+00
  -7.5424917E+01   0.0000000E+00
  -7.5091178E+01   0.0000000E+00
  -7.4757440E+01   0.0000000E+00
  -7.4423701E+01   0.0000000E+00
  -7.4089963E+01   0.0000000E+00
  -7.3756224E+01   0.0000000E+00
  -7.3422485E+01   0.0000000E+00
  -7.3088747E+01   0.0000000E+00
  -7.2755008E+01   0.0000000E+00
  -7.2421270E+01   0.0000000E+00
  -7.2087531E+01   0.0000000E+00
  -7.1753792E+01   0.0000000E+00
  -7.1420054E+01   0.0000000E+00
  -7.1086315E+01   0.0000000E+00
  -7.0752577E+01   0.0000000E+00
  -7.0418838E+01   0.0000000E+00
  -7.0085099E+01   0.0000000E+00
  -6.9751361E+01   0.0000000E+00
  -6.9417622E+01   0.0000000E+00
  -6.9083884E+01   0.0000000E+00
  -6.8750145E+01   0.0000000E+00
  -6.8416406E+01   0.0000000E+00
  -6.8082668E+01   0.0000000E+00
  -6.7748929E+01   0.0000000E+00
  -6.7415191E+01   0.0000000E+00
  -6.7081452E+01   0.0000000E+00
  -6.6747714E+01   0.0000000E+00
  -6.6413975E+01   0.0000000E+00
  -6.6080236E+01   0.0000000E+00
  -6.5746498E+01   0.0000000E+00
  -6.5412759E+01   0.0000000E+00
  -6.5079021E+01   0.0000000E+00
  -6.4745282E+01   0.0000000E+00
  -6.4411543E+01   0.0000000E+00
  -6.4077805E+01   0.0000000E+00
  -6.3744066E+01   0.0000000E+00
  -6.3410328E+01   0.0000000E+00
  -6.3076589E+01   0.0000000E+00
  -6.2742850E+01   0.0000000E+00
  -6.2409112E+01   0.0000000E+00
  -6.2075373E+01   0.0000000E+00
  -6.1741635E+01   0.0000000E+00
  -6.1407896E+01   0.0000000E+00
  -6.1074157E+01   0.0000000E+00
  -6.0740419E+01   0.0000000E+00
  -6.0406680E+01   0.0000000E+00
  -6.0072942E+01   0.0000000E+00
  -5.9739203E+01   0.0000000E+00
  -5.9405464E+01   0.0000000E+00
  -5.9071726E+01   0.0000000E+00
  -5.8737987E+01   0.0000000E+00
  -5.8404249E+01   0.0000000E+00
  -5.8070510E+01   0.0000000E+00
  -5.7736771E+01   0.0000000E+00
  -5.7403033E+01   0.0000000E+00
  -5.7069294E+01   0.0000000E+00
  -5.6735556E+01   0.0000000E+00
  -5.6401817E+01   0.0000000E+00
  -5.6068078E+01   0.0000000E+00
  -5.5734340E+01   0.0000000E+00
  -5.5400601E+01   0.0000000E+00
  -5.5066863E+01   0.0000000E+00
  -5.4733124E+01   0.0000000E+00
  -5.4399385E+01   0.0000000E+00
  -5.4065647E+01   0.0000000E+00
  -5.3731908E+01   0.0000000E+00
  -5.3398170E+01   0.0000000E+00
  -5.3064431E+01   0.0000000E+00
  -5.2730693E+01   0.0000000E+00
  -5.2396954E+01   0.0000000E+00
  -5.2063215E+01   0.0000000E+00
  -5.1729477E+01   0.0000000E+00
  -5.1395738E+01   0.0000000E+00
  -5.1062000E+01   0.0000000E+00
  -5.0728261E+01   0.0000000E+00
  -5.0394522E+01   0.0000000E+00
  -5.0060784E+01   0.0000000E+00
  -4.9727045E+01   0.0000000E+00
  -4.9393307E+01   0.0000000E+00
  -4.9059568E+01   0.0000000E+00
  -4.8725829E+01   0.0000000E+00
  -4.8392091E+01   0.0000000E+00
  -4.8058352E+01   0.0000000E+00
  -4.7724614E+01   0.0000000E+00
  -4.7390875E+01   0.0000000E+00
  -4.7057136E+01   0.0000000E+00
  -4.6723398E+01   0.0000000E+00
  -4.6389659E+01   0.0000000E+00
  -4.6055921E+01   0.0000000E+00
  -4.5722182E+01   0.0000000E+00
  -4.5388443E+01   0.0000000E+00
  -4.5054705E+01   0.0000000E+00
  -4.4720966E+01   0.0000000E+00
  -4.4387228E+01   0.0000000E+00
  -4.4053489E+01   0.0000000E+00
  -4.3719750E+01   0.0000000E+00
  -4.3386012E+01   0.0000000E+00
  -4.3052273E+01   0.0000000E+00
  -4.2718535E+01   0.0000000E+00
  -4.2384796E+01   0.0000000E+00
  -4.2051057E+01   0.0000000E+00
  -4.1717319E+01   0.0000000E+00
  -4.1383580E+01   0.0000000E+00
  -4.1049842E+01   0.0000000E+00
  -4.0716103E+01   0.0000000E+00
  -4.0382364E+01   0.0000000E+00
  -4.0048626E+01   0.0000000E+00
  -3.9714887E+01   0.0000000E+00
  -3.9381149E+01   0.0000000E+00
  -3.9047410E+01   0.0000000E+00
  -3.8713672E+01   0.0000000E+00
  -3.8379933E+01   0.0000000E+00
  -3.8046194E+01   0.0000000E+00
  -3.7712456E+01   0.0000000E+00
  -3.7378717E+01   0.0000000E+00
  -3.7044979E+01   0.0000000E+00
  -3.6711240E+01   0.0000000E+00
  -3.6377501E+01   0.0000000E+00
  -3.6043763E+01   0.0000000E+00
  -3.5710024E+01   0.0000000E+00
  -3.5376286E+01   0.0000000E+00
  -3.5042547E+01   0.0000000E+00
  -3.4708808E+01   0.0000000E+00
  -3.4375070E+01   0.0000000E+00
  -3.4041331E+01   0.0000000E+00
  -3.3707593E+01   0.0000000E+00
  -3.3373854E+01   0.0000000E+00
  -3.3040115E+01   0.0000000E+00
  -3.2706377E+01   0.0000000E+00
  -3.2372638E+01   0.0000000E+00
  -3.2038900E+01   0.0000000E+00
  -3.1705161E+01   0.0000000E+00
  -3.1371422E+01   0.0000000E+00
  -3.1037684E+01   0.0000000E+00
  -3.0703945E+01   0.0000000E+00
  -3.0370207E+01   0.0000000E+00
  -3.0036468E+01   0.0000000E+00
  -2.9702729E+01   0.0000000E+00
  -2.9368991E+01   0.0000000E+00
  -2.9035252E+01   0.0000000E+00
  -2.8701514E+01   0.0000000E+00
  -2.8367775E+01   0.0000000E+00
  -2.8034036E+01   0.0000000E+00
  -2.7700298E+01   0.0000000E+00
  -2.7366559E+01   0.0000000E+00
  -2.7032821E+01   0.0000000E+00
  -2.6699082E+01   0.0000000E+00
  -2.6365343E+01   0.0000000E+00
  -2.6031605E+01   0.0000000E+00
  -2.5697866E+01   0.0000000E+00
  -2.5364128E+01   0.0000000E+00
  -2.5030389E+01   0.0000000E+00
  -2.4696651E+01   0.0000000E+00
  -2.4362912E+01   0.0000000E+00
  -2.4029173E+01   0.0000000E+00
  -2.3695435E+01   0.0000000E+00
  -2.3361696E+01   0.0000000E+00
  -2.3027958E+01   0.0000000E+00
  -2.2694219E+01   0.0000000E+00
  -2.2360480E+01   0.0000000E+00
  -2.2026742E+01   0.0000000E+00
  -2.1693003E+01   0.0000000E+00
  -2.1359265E+01   0.0000000E+00
  -2.1025526E+01   0.0000000E+00
  -2.0691787E+01   0.0000000E+00
  -2.0358049E+01   0.0000000E+00
  -2.0024310E+01   0.0000000E+00
  -1.9690572E+01   0.0000000E+00
  -1.9356833E+01   0.0000000E+00
  -1.9023094E+01   0.0000000E+00
  -1.8689356E+01   0.0000000E+00
  -1.8355617E+01   0.0000000E+00
  -1.8021879E+01   0.0000000E+00
  -1.7688140E+01   0.0000000E+00
  -1.7354401E+01   0.0000000E+00
  -1.7020663E+01   0.0000000E+00
  -1.6686924E+01   0.0000000E+00
  -1.6353186E+01   0.0000000E+00
  -1.6019447E+01   0.0000000E+00
  -1.5685708E+01   0.0000000E+00
  -1.5351970E+01   0.0000000E+00
  -1.5018231E+01   0.0000000E+00
  -1.4684493E+01   0.0000000E+00
  -1.4350754E+01   0.0000000E+00
  -1.4017015E+01   0.0000000E+00
  -1.3683277E+01   0.0000000E+00
  -1.3349538E+01   0.0000000E+00
  -1.3015800E+01   0.0000000E+00
  -1.2682061E+01   0.0000000E+00
  -1.2348322E+01   0.0000000E+00
  -1.2014584E+01   0.0000000E+00
  -1.1680845E+01   0.0000000E+00
  -1.1347107E+01   0.0000000E+00
  -1.1013368E+01   0.0000000E+00
  -1.0679630E+01   0.0000000E+00
  -1.0345891E+01   0.0000000E+00
  -1.0012152E+01   0.0000000E+00
  -9.6784137E+00   0.0000000E+00
  -9.3446751E+00   0.0000000E+00
  -9.0109365E+00   0.0000000E+00
  -8.6771979E+00   0.0000000E+00
  -8.3434593E+00   0.0000000E+00
  -8.0097207E+00   0.0000000E+00
  -7.6759821E+00   0.0000000E+00
  -7.3422436E+00   0.0000000E+00
  -7.0085050E+00   0.0000000E+00
  -6.6747664E+00   0.0000000E+00
  -6.3410278E+00   0.0000000E+00
  -6.0072892E+00   0.0000000E+00
  -5.6735506E+00   0.0000000E+00
  -5.3398120E+00   0.0000000E+00
  -5.0060734E+00   0.0000000E+00
  -4.6723348E+00   0.0000000E+00
  -4.3385962E+00   0.0000000E+00
  -4.0048576E+00   0.0000000E+00
  -3.6711190E+00   0.0000000E+00
  -3.3373804E+00   0.0000000E+00
  -3.0036418E+00   0.0000000E+00
  -2.6699032E+00   0.0000000E+00
  -2.3361646E+00   0.0000000E+00
  -2.0024260E+00   0.0000000E+00
  -1.6686874E+00   0.0000000E+00
  -1.3349488E+00   0.0000000E+00
  -1.0012102E+00   0.0000000E+00
  -6.6747165E-01   0.0000000E+00
  -3.3373305E-01   0.0000000E+00
   5.5432320E-06   0.0000000E+00
   3.3374414E-01   0.0000000E+00
   6.6748273E-01   0.0000000E+00
   1.0012213E+00   0.0000000E+00
   1.3349599E+00   0.0000000E+00
   1.6686985E+00   0.0000000E+00
   2.0024371E+00   0.0000000E+00
   2.3361757E+00   0.0000000E+00
   2.6699143E+00   0.0000000E+00
   3.0036529E+00   0.0000000E+00
   3.3373915E+00   0.0000000E+00
   3.6711301E+00   0.0000000E+00
   4.0048687E+00   0.0000000E+00
   4.3386073E+00   0.0000000E+00
   4.6723459E+00   0.0000000E+00
   5.0060845E+00   0.0000000E+00
   5.3398231E+00   0.0000000E+00
   5.6735617E+00   0.0000000E+00
   6.0073003E+00   0.0000000E+00
   6.3410389E+00   0.0000000E+00
   6.6747774E+00   0.0000000E+00
   7.0085160E+00   0.0000000E+00
   7.3422546E+00   0.0000000E+00
   7.6759932E+00   0.0000000E+00
   8.0097318E+00   0.0000000E+00
   8.3434704E+00   0.0000000E+00
   8.6772090E+00   0.0000000E+00
   9.0109476E+00   0.0000000E+00
   9.3446862E+00   0.0000000E+00
   9.6784248E+00   0.0000000E+00
   1.0012163E+01   0.0000000E+00
   1.0345902E+01   0.0000000E+00
   1.0679641E+01   0.0000000E+00
   1.1013379E+01   0.0000000E+00
   1.1347118E+01   0.0000000E+00
   1.1680856E+01   0.0000000E+00
   1.2014595E+01   0.0000000E+00
   1.2348334E+01   0.0000000E+00
   1.2682072E+01   0.0000000E+00
   1.3015811E+01   0.0000000E+00
   1.3349549E+01   0.0000000E+00
   1.3683288E+01   0.0000000E+00
   1.4017027E+01   0.0000000E+00
   1.4350765E+01   0.0000000E+00
   1.4684504E+01   0.0000000E+00
   1.5018242E+01   0.0000000E+00
   1.5351981E+01   0.0000000E+00
   1.5685720E+01   0.0000000E+00
   1.6019458E+01   0.0000000E+00
   1.6353197E+01   0.0000000E+00
   1.6686935E+01   0.0000000E+00
   1.7020674E+01   0.0000000E+00
   1.7354412E+01   0.0000000E+00
   1.7688151E+01   0.0000000E+00
   1.8021890E+01   0.0000000E+00
   1.8355628E+01   0.0000000E+00
   1.8689367E+01   0.0000000E+00
   1.9023105E+01   0.0000000E+00
   1.9356844E+01   0.0000000E+00
   1.9690583E+01   0.0000000E+00
   2.0024321E+01   0.0000000E+00
   2.0358060E+01   0.0000000E+00
   2.0691798E+01   0.0000000E+00
   2.1025537E+01   0.0000000E+00
   2.1359276E+01   0.0000000E+00
   2.1693014E+01   0.0000000E+00
   2.2026753E+01   0.0000000E+00
   2.2360491E+01   0.0000000E+00
   2.2694230E+01   0.0000000E+00
   2.3027969E+01   0.0000000E+00
   2.3361707E+01   0.0000000E+00
   2.3695446E+01   0.0000000E+00
   2.4029184E+01   0.0000000E+00
   2.4362923E+01   0.0000000E+00
   2.4696662E+01   0.0000000E+00
   2.5030400E+01   0.0000000E+00
   2.5364139E+01   0.0000000E+00
   2.5697877E+01   0.0000000E+00
   2.6031616E+01   0.0000000E+00
   2.6365355E+01   0.0000000E+00
   2.6699093E+01   0.0000000E+00
   2.7032832E+01   0.0000000E+00
   2.7366570E+01   0.0000000E+00
   2.7700309E+01   0.0000000E+00
   2.8034048E+01   0.0000000E+00
   2.8367786E+01   0.0000000E+00
   2.8701525E+01   0.0000000E+00
   2.9035263E+01   0.0000000E+00
   2.9369002E+01   0.0000000E+00
   2.9702741E+01   0.0000000E+00
   3.0036479E+01   0.0000000E+00
   3.0370218E+01   0.0000000E+00
   3.0703956E+01   0.0000000E+00
   3.1037695E+01   0.0000000E+00
   3.1371433E+01   0.0000000E+00
   3.1705172E+01   0.0000000E+00
   3.2038911E+01   0.0000000E+00
   3.2372649E+01   0.0000000E+00
   3.2706388E+01   0.0000000E+00
   3.3040126E+01   0.0000000E+00
   3.3373865E+01   0.0000000E+00
   3.3707604E+01   0.0000000E+00
   3.4041342E+01   0.0000000E+00
   3.4375081E+01   0.0000000E+00
   3.4708819E+01   0.0000000E+00
   3.5042558E+01   0.0000000E+00
   3.5376297E+01   0.0000000E+00
   3.5710035E+01   0.0000000E+00
   3.6043774E+01   0.0000000E+00
   3.6377512E+01   0.0000000E+00
   3.6711251E+01   0.0000000E+00
   3.7044990E+01   0.0000000E+00
   3.7378728E+01   0.0000000E+00
   3.7712467E+01   0.0000000E+00
   3.8046205E+01   0.0000000E+00
   3.8379944E+01   0.0000000E+00
   3.8713683E+01   0.0000000E+00
   3.9047421E+01   0.0000000E+00
   3.9381160E+01   0.0000000E+00
   3.9714898E+01   0.0000000E+00
   4.0048637E+01   0.0000000E+00
   4.0382376E+01   0.0000000E+00
   4.0716114E+01   0.0000000E+00
   4.1049853E+01   0.0000000E+00
   4.1383591E+01   0.0000000E+00
   4.1717330E+01   0.0000000E+00
   4.2051069E+01   0.0000000E+00
   4.2384807E+01   0.0000000E+00
   4.2718546E+01   0.0000000E+00
   4.3052284E+01   0.0000000E+00
   4.3386023E+01   0.0000000E+00
   4.3719762E+01   0.0000000E+00
   4.4053500E+01   0.0000000E+00
   4.4387239E+01   0.0000000E+00
   4.4720977E+01   0.0000000E+00
   4.5054716E+01   0.0000000E+00
   4.5388454E+01   0.0000000E+00
   4.5722193E+01   0.0000000E+00
   4.6055932E+01   0.0000000E+00
   4.6389670E+01   0.0000000E+00
   4.6723409E+01   0.0000000E+00
   4.7057147E+01   0.0000000E+00
   4.7390886E+01   0.0000000E+00
   4.7724625E+01   0.0000000E+00
   4.8058363E+01   0.0000000E+00
   4.8392102E+01   0.0000000E+00
   4.8725840E+01   0.0000000E+00
   4.9059579E+01   0.0000000E+00
   4.9393318E+01   0.0000000E+00
   4.9727056E+01   0.0000000E+00
   5.0060795E+01   0.0000000E+00
   5.0394533E+01   0.0000000E+00
   5.0728272E+01   0.0000000E+00
   5.1062011E+01   0.0000000E+00
   5.1395749E+01   0.0000000E+00
   5.1729488E+01   0.0000000E+00
   5.2063226E+01   0.0000000E+00
   5.2396965E+01   0.0000000E+00
   5.2730704E+01   0.0000000E+00
   5.3064442E+01   0.0000000E+00
   5.3398181E+01   0.0000000E+00
   5.3731919E+01   0.0000000E+00
   5.4065658E+01   0.0000000E+00
   5.4399397E+01   0.0000000E+00
   5.4733135E+01   0.0000000E+00
   5.5066874E+01   0.0000000E+00
   5.5400612E+01   0.0000000E+00
   5.5734351E+01   0.0000000E+00
   5.6068090E+01   0.0000000E+00
   5.6401828E+01   0.0000000E+00
   5.6735567E+01   0.0000000E+00
   5.7069305E+01   0.0000000E+00
   5.7403044E+01   0.0000000E+00
   5.7736783E+01   0.0000000E+00
   5.8070521E+01   0.0000000E+00
   5.8404260E+01   0.0000000E+00
   5.8737998E+01   0.0000000E+00
   5.9071737E+01   0.0000000E+00
   5.9405475E+01   0.0000000E+00
   5.9739214E+01   0.0000000E+00
   6.0072953E+01   0.0000000E+00
   6.0406691E+01   0.0000000E+00
   6.0740430E+01   0.0000000E+00
   6.1074168E+01   0.0000000E+00
   6.1407907E+01   0.0000000E+00
   6.1741646E+01   0.0000000E+00
   6.2075384E+01   0.0000000E+00
   6.2409123E+01   0.0000000E+00
   6.2742861E+01   0.0000000E+00
   6.3076600E+01   0.0000000E+00
   6.3410339E+01   0.0000000E+00
   6.3744077E+01   0.0000000E+00
   6.4077816E+01   0.0000000E+00
   6.4411554E+01   0.0000000E+00
   6.4745293E+01   0.0000000E+00
   6.5079032E+01   0.0000000E+00
   6.5412770E+01   0.0000000E+00
   6.5746509E+01   0.0000000E+00
   6.6080247E+01   0.0000000E+00
   6.6413986E+01   0.0000000E+00
   6.6747725E+01   0.0000000E+00
   6.7081463E+01   0.0000000E+00
   6.7415202E+01   0.0000000E+00
   6.7748940E+01   0.0000000E+00
   6.8082679E+01   0.0000000E+00
   6.8416418E+01   0.0000000E+00
   6.8750156E+01   0.0000000E+00
   6.9083895E+01   0.0000000E+00
   6.9417633E+01   0.0000000E+00
   6.9751372E+01   0.0000000E+00
   7.0085111E+01   0.0000000E+00
   7.0418849E+01   0.0000000E+00
   7.0752588E+01   0.0000000E+00
   7.1086326E+01   0.0000000E+00
   7.1420065E+01   0.0000000E+00
   7.1753804E+01   0.0000000E+00
   7.2087542E+01   0.0000000E+00
   7.2421281E+01   0.0000000E+00
   7.2755019E+01   0.0000000E+00
   7.3088758E+01   0.0000000E+00
   7.3422496E+01   0.0000000E+00
   7.3756235E+01   0.0000000E+00
   7.4089974E+01   0.0000000E+00
   7.4423712E+01   0.0000000E+00
   7.4757451E+01   0.0000000E+00
   7.5091189E+01   0.0000000E+00
   7.5424928E+01   0.0000000E+00
   7.5758667E+01   0.0000000E+00
   7.6092405E+01   0.0000000E+00
   7.6426144E+01   0.0000000E+00
   7.6759882E+01   0.0000000E+00
   7.7093621E+01   0.0000000E+00
   7.7427360E+01   0.0000000E+00
   7.7761098E+01   0.0000000E+00
   7.8094837E+01   0.0000000E+00
   7.8428575E+01   0.0000000E+00
   7.8762314E+01   0.0000000E+00
   7.9096053E+01   0.0000000E+00
   7.9429791E+01   0.0000000E+00
   7.9763530E+01   0.0000000E+00
   8.0097268E+01   0.0000000E+00
   8.0431007E+01   0.0000000E+00
   8.0764746E+01   0.0000000E+00
   8.1098484E+01   0.0000000E+00
   8.1432223E+01   0.0000000E+00
   8.1765961E+01   0.0000000E+00
   8.2099700E+01   0.0000000E+00
   8.2433439E+01   0.0000000E+00
   8.2767177E+01   0.0000000E+00
   8.3100916E+01   0.0000000E+00
   8.3434654E+01   0.0000000E+00
   8.3768393E+01   0.0000000E+00
   8.4102132E+01   0.0000000E+00
   8.4435870E+01   0.0000000E+00
   8.4769609E+01   0.0000000E+00
   8.5103347E+01   0.0000000E+00
   8.5437086E+01   0.0000000E+00
   8.5770825E+01   0.0000000E+00
   8.6104563E+01   0.0000000E+00
   8.6438302E+01   0.0000000E+00
   8.6772040E+01   0.0000000E+00
   8.7105779E+01   0.0000000E+00
   8.7439517E+01   0.0000000E+00
   8.7773256E+01   0.0000000E+00
   8.8106995E+01   0.0000000E+00
   8.8440733E+01   0.0000000E+00
   8.8774472E+01   0.0000000E+00
   8.9108210E+01   0.0000000E+00
   8.9441949E+01   0.0000000E+00
   8.9775688E+01   0.0000000E+00
   9.0109426E+01   0.0000000E+00
   9.0443165E+01   0.0000000E+00
   9.0776903E+01   0.0000000E+00
   9.1110642E+01   0.0000000E+00
   9.1444381E+01   0.0000000E+00
   9.1778119E+01   0.0000000E+00
   9.2111858E+01   0.0000000E+00
   9.2445596E+01   0.0000000E+00
   9.2779335E+01   0.0000000E+00
   9.3113074E+01   0.0000000E+00
   9.3446812E+01   0.0000000E+00
   9.3780551E+01   0.0000000E+00
   9.4114289E+01   0.0000000E+00
   9.4448028E+01   0.0000000E+00
   9.4781767E+01   0.0000000E+00
   9.5115505E+01   0.0000000E+00
   9.5449244E+01   0.0000000E+00
   9.5782982E+01   0.0000000E+00
   9.6116721E+01   0.0000000E+00
   9.6450460E+01   0.0000000E+00
   9.6784198E+01   0.0000000E+00
   9.7117937E+01   0.0000000E+00
   9.7451675E+01   0.0000000E+00
   9.7785414E+01   0.0000000E+00
   9.8119153E+01   0.0000000E+00
   9.8452891E+01   0.0000000E+00
   9.8786630E+01   0.0000000E+00
   9.9120368E+01   0.0000000E+00
   9.9454107E+01   0.0000000E+00
   9.9787846E+01   0.0000000E+00
   1.0012158E+02   0.0000000E+00
   1.0045532E+02   0.0000000E+00
   1.0078906E+02   0.0000000E+00
   1.0112280E+02   0.0000000E+00
   1.0145654E+02   0.0000000E+00
   1.0179028E+02   0.0000000E+00
   1.0212402E+02   0.0000000E+00
   1.0245775E+02   0.0000000E+00
   1.0279149E+02   0.0000000E+00
   1.0312523E+02   0.0000000E+00
   1.0345897E+02   0.0000000E+00
   1.0379271E+02   0.0000000E+00
   1.0412645E+02   0.0000000E+00
   1.0446019E+02   0.0000000E+00
   1.0479392E+02   0.0000000E+00
   1.0512766E+02   0.0000000E+00
   1.0546140E+02   0.0000000E+00
   1.0579514E+02   0.0000000E+00
   1.0612888E+02   0.0000000E+00
   1.0646262E+02   0.0000000E+00
   1.0679636E+02   0.0000000E+00
   1.0713009E+02   0.0000000E+00
   1.0746383E+02   0.0000000E+00
   1.0779757E+02   0.0000000E+00
   1.0813131E+02   0.0000000E+00
   1.0846505E+02   0.0000000E+00
   1.0879879E+02   0.0000000E+00
   1.0913253E+02   0.0000000E+00
   1.0946626E+02   0.0000000E+00
   1.0980000E+02   0.0000000E+00
   1.1013374E+02   0.0000000E+00
   1.1046748E+02   0.0000000E+00
   1.1080122E+02   0.0000000E+00
   1.1113496E+02   0.0000000E+00
   1.1146870E+02   0.0000000E+00
   1.1180243E+02   0.0000000E+00
   1.1213617E+02   0.0000000E+00
   1.1246991E+02   0.0000000E+00
   1.1280365E+02   0.0000000E+00
   1.1313739E+02   0.0000000E+00
   1.1347113E+02   0.0000000E+00
   1.1380487E+02   0.0000000E+00
   1.1413861E+02   0.0000000E+00
   1.1447234E+02   0.0000000E+00
   1.1480608E+02   0.0000000E+00
   1.1513982E+02   0.0000000E+00
   1.1547356E+02   0.0000000E+00
   1.1580730E+02   0.0000000E+00
   1.1614104E+02   0.0000000E+00
   1.1647478E+02   0.0000000E+00
   1.1680851E+02   0.0000000E+00
   1.1714225E+02   0.0000000E+00
   1.1747599E+02   0.0000000E+00
   1.1780973E+02   0.0000000E+00
   1.1814347E+02   0.0000000E+00
   1.1847721E+02   0.0000000E+00
   1.1881095E+02   0.0000000E+00
   1.1914468E+02   0.0000000E+00
   1.1947842E+02   0.0000000E+00
   1.1981216E+02   0.0000000E+00
   1.2014590E+02   0.0000000E+00
   1.2047964E+02   0.0000000E+00
   1.2081338E+02   0.0000000E+00
   1.2114712E+02   0.0000000E+00
   1.2148085E+02   0.0000000E+00
   1.2181459E+02   0.0000000E+00
   1.2214833E+02   0.0000000E+00
   1.2248207E+02   0.0000000E+00
   1.2281581E+02   0.0000000E+00
   1.2314955E+02   0.0000000E+00
   1.2348329E+02   0.0000000E+00
   1.2381702E+02   0.0000000E+00
   1.2415076E+02   0.0000000E+00
   1.2448450E+02   0.0000000E+00
   1.2481824E+02   0.0000000E+00
   1.2515198E+02   0.0000000E+00
   1.2548572E+02   0.0000000E+00
   1.2581946E+02   0.0000000E+00
   1.2615319E+02   0.0000000E+00
   1.2648693E+02   0.0000000E+00
   1.2682067E+02   0.0000000E+00
   1.2715441E+02   0.0000000E+00
   1.2748815E+02   0.0000000E+00
   1.2782189E+02   0.0000000E+00
   1.2815563E+02   0.0000000E+00
   1.2848936E+02   0.0000000E+00
   1.2882310E+02   0.0000000E+00
   1.2915684E+02   0.0000000E+00
   1.2949058E+02   0.0000000E+00
   1.2982432E+02   0.0000000E+00
   1.3015806E+02   0.0000000E+00
   1.3049180E+02   0.0000000E+00
   1.3082553E+02   0.0000000E+00
   1.3115927E+02   0.0000000E+00
   1.3149301E+02   0.0000000E+00
   1.3182675E+02   0.0000000E+00
   1.3216049E+02   0.0000000E+00
   1.3249423E+02   0.0000000E+00
   1.3282797E+02   0.0000000E+00
   1.3316171E+02   0.0000000E+00
   1.3349544E+02   0.0000000E+00
   1.3382918E+02   0.0000000E+00
   1.3416292E+02   0.0000000E+00
   1.3449666E+02   0.0000000E+00
   1.3483040E+02   0.0000000E+00
   1.3516414E+02   0.0000000E+00
   1.3549788E+02   0.0000000E+00
   1.3583161E+02   0.0000000E+00
   1.3616535E+02   0.0000000E+00
   1.3649909E+02   0.0000000E+00
   1.3683283E+02   0.0000000E+00
   1.3716657E+02   0.0000000E+00
   1.3750031E+02   0.0000000E+00
   1.3783405E+02   0.0000000E+00
   1.3816778E+02   0.0000000E+00
   1.3850152E+02   0.0000000E+00
   1.3883526E+02   0.0000000E+00
   1.3916900E+02   0.0000000E+00
   1.3950274E+02   0.0000000E+00
   1.3983648E+02   0.0000000E+00
   1.4017022E+02   0.0000000E+00
   1.4050395E+02   0.0000000E+00
   1.4083769E+02   0.0000000E+00
   1.4117143E+02   0.0000000E+00
   1.4150517E+02   0.0000000E+00
   1.4183891E+02   0.0000000E+00
   1.4217265E+02   0.0000000E+00
   1.4250639E+02   0.0000000E+00
   1.4284012E+02   0.0000000E+00
   1.4317386E+02   0.0000000E+00
   1.4350760E+02  -1.4012985E-45
   1.4384134E+02  -5.6051939E-45
   1.4417508E+02  -7.0064923E-45
   1.4450882E+02  -7.0064923E-45
   1.4484256E+02  -4.2038954E-45
   1.4517629E+02  -2.8025969E-45
   1.4551003E+02   2.8025969E-45
   1.4584377E+02   7.0064923E-45
   1.4617751E+02   9.8090893E-45
   1.4651125E+02   1.4012985E-44
   1.4684499E+02   1.2611686E-44
   1.4717873E+02   8.4077908E-45
   1.4751246E+02   0.0000000E+00
   1.4784620E+02  -4.2038954E-45
   1.4817994E+02  -9.8090893E-45
   1.4851368E+02  -1.6815582E-44
   1.4884742E+02  -2.1019477E-44
   1.4918116E+02  -2.6624671E-44
   1.4951490E+02  -2.9427268E-44
   1.4984863E+02  -3.3631163E-44
   1.5018237E+02  -2.9427268E-44
   1.5051611E+02  -2.2420775E-44
   1.5084985E+02  -1.4012985E-44
   1.5118359E+02   1.4012985E-45
   1.5151733E+02   1.9618179E-44
   1.5185107E+02   3.5032462E-44
   1.5218480E+02   5.0446745E-44
   1.5251854E+02   5.8854536E-44
   1.5285228E+02   5.6051939E-44
   1.5318602E+02   3.9236357E-44
   1.5351976E+02   1.4012985E-44
   1.5385350E+02  -2.6624671E-44
   1.5418724E+02  -7.7071416E-44
   1.5452098E+02  -1.2051167E-43
   1.5485471E+02  -1.5974802E-43
   1.5518845E+02  -1.8216880E-43
   1.5552219E+02  -1.8076750E-43
   1.5585593E+02  -1.5414283E-43
   1.5618967E+02  -1.0509738E-43
   1.5652341E+02  -2.9427268E-44
   1.5685715E+02   6.3058431E-44
   1.5719088E+02   1.6255062E-43
   1.5752462E+02   2.4943113E-43
   1.5785836E+02   3.0968696E-43
   1.5819210E+02   3.3771293E-43
   1.5852584E+02   3.1669345E-43
   1.5885958E+02   2.4102334E-43
   1.5919332E+02   1.2191297E-43
   1.5952705E+02  -3.9236357E-44
   1.5986079E+02  -2.2280646E-43
   1.6019453E+02  -4.0637655E-43
   1.6052827E+02  -5.6051939E-43
   1.6086201E+02  -6.5020249E-43
   1.6119575E+02  -6.5861028E-43
   1.6152949E+02  -5.5911809E-43
   1.6186322E+02  -3.4892332E-43
   1.6219696E+02  -3.9236357E-44
   1.6253070E+02   3.4612072E-43
   1.6286444E+02   7.5109598E-43
   1.6319818E+02   1.1238414E-42
   1.6353192E+02   1.4012985E-42
   1.6386566E+02   1.5077971E-42
   1.6419939E+02   1.3956933E-42
   1.6453313E+02   1.0397635E-42
   1.6486687E+02   4.4701421E-43
   1.6520061E+02  -3.3911423E-43
   1.6553435E+02  -1.2331426E-42
   1.6586809E+02  -2.1159607E-42
   1.6620183E+02  -2.8530437E-42
   1.6653556E+02  -3.2930514E-42
   1.6686930E+02  -3.3182748E-42
   1.6720304E+02  -2.8432346E-42
   1.6753678E+02  -1.8441088E-42
   1.6787052E+02  -3.7554799E-43
   1.6820426E+02   1.4251205E-42
   1.6853800E+02   3.3392942E-42
   1.6887173E+02   5.1007264E-42
   1.6920547E+02   6.4151444E-42
   1.6953921E+02   6.9966832E-42
   1.6987295E+02   6.6197339E-42
   1.7020669E+02   5.1637848E-42
   1.7054043E+02   2.6610658E-42
   1.7087417E+02  -7.0765572E-43
   1.7120790E+02  -4.5990616E-42
   1.7154164E+02  -8.5086843E-42
   1.7187538E+02  -1.1863393E-41
   1.7220912E+02  -1.4043813E-41
   1.7254286E+02  -1.4516051E-41
   1.7287660E+02  -1.2903156E-41
   1.7321034E+02  -9.0621972E-42
   1.7354408E+02  -3.1781449E-42
   1.7387781E+02   4.2403292E-42
   1.7421155E+02   1.2353847E-41
   1.7454529E+02   2.0063791E-41
   1.7487903E+02   2.6153835E-41
   1.7521277E+02   2.9413255E-41
   1.7554651E+02   2.8855538E-41
   1.7588025E+02   2.3885132E-41
   1.7621398E+02   1.4452992E-41
   1.7654772E+02   1.1826959E-42
   1.7688146E+02  -1.4633760E-41
   1.7721520E+02  -3.1104622E-41
   1.7754894E+02  -4.5891123E-41
   1.7788268E+02  -5.6522775E-41
   1.7821642E+02  -6.0694440E-41
   1.7855015E+02  -5.6662905E-41
   1.7888389E+02  -4.3604204E-41
   1.7921763E+02  -2.1870065E-41
   1.7955137E+02   6.8313300E-42
   1.7988511E+02   3.9484387E-41
   1.8021885E+02   7.1967887E-41
   1.8055259E+02   9.9492191E-41
   1.8088632E+02   1.1716537E-40
   1.8122006E+02   1.2071626E-40
   1.8155380E+02   1.0721755E-40
   1.8188754E+02   7.5735978E-41
   1.8222128E+02   2.7808768E-41
   1.8255502E+02  -3.2365791E-41
   1.8288876E+02  -9.8086689E-41
   1.8322249E+02  -1.6073594E-40
   1.8355623E+02  -2.1067401E-40
   1.8388997E+02  -2.3849679E-40
   1.8422371E+02  -2.3643689E-40
   1.8455745E+02  -1.9975369E-40
   1.8489119E+02  -1.2793995E-40
   1.8522493E+02  -2.5485415E-41
   1.8555866E+02   9.7940954E-41
   1.8589240E+02   2.2800527E-40
   1.8622614E+02   3.4704558E-40
   1.8655988E+02   4.3602663E-40
   1.8689362E+02   4.7708748E-40
   1.8722736E+02   4.5628940E-40
   1.8756110E+02   3.6628400E-40
   1.8789483E+02   2.0845576E-40
   1.8822857E+02  -5.8308029E-42
   1.8856231E+02  -2.5521709E-40
   1.8889605E+02  -5.0974614E-40
   1.8922979E+02  -7.3374650E-40
   1.8956353E+02  -8.9000389E-40
   1.8989727E+02  -9.4479466E-40
   1.9023100E+02  -8.7333404E-40
   1.9056474E+02  -6.6477459E-40
   1.9089848E+02  -3.2607374E-40
   1.9123222E+02   1.1606395E-40
   1.9156596E+02   6.1568851E-40
   1.9189970E+02   1.1110167E-39
   1.9223344E+02   1.5305556E-39
   1.9256718E+02   1.8016971E-39
   1.9290091E+02   1.8608893E-39
   1.9323465E+02   1.6641582E-39
   1.9356839E+02   1.1966626E-39
   1.9390213E+02   4.7964485E-40
   1.9423587E+02  -4.2656086E-40
   1.9456961E+02  -1.4245586E-39
   1.9490335E+02  -2.3875365E-39
   1.9523708E+02  -3.1723548E-39
   1.9557082E+02  -3.6371472E-39
   1.9590456E+02  -3.6616980E-39
   1.9623830E+02  -3.1681509E-39
   1.9657204E+02  -2.1392194E-39
   1.9690578E+02  -6.3086457E-40
   1.9723952E+02   1.2232733E-39
   1.9757325E+02   3.2177288E-39
   1.9790699E+02   5.0921995E-39
   1.9824073E+02   6.5592497E-39
   1.9857447E+02   7.3405521E-39
   1.9890821E+02   7.2079682E-39
   1.9924195E+02   6.0245478E-39
   1.9957569E+02   3.7795808E-39
   1.9990942E+02   6.1167519E-40
   2.0024316E+02  -3.1854092E-39
   2.0057690E+02  -7.1779622E-39
   2.0091064E+02  -1.0830056E-38
   2.0124438E+02  -1.3562293E-38
   2.0157812E+02  -1.4826838E-38
   2.0191186E+02  -1.4190943E-38
   2.0224559E+02  -1.1418410E-38
   2.0257933E+02  -6.5372339E-39
   2.0291307E+02   1.1877546E-40
   2.0324681E+02   7.9047457E-39
   2.0358055E+02   1.5902966E-38
   2.0391429E+02   2.3006677E-38
   2.0424803E+02   2.8045439E-38
   2.0458176E+02   2.9941348E-38
   2.0491550E+02   2.7879265E-38
   2.0524924E+02   2.1469054E-38
   2.0558298E+02   1.0875309E-38
   2.0591672E+02  -3.1097349E-39
   2.0625046E+02  -1.9070456E-38
   2.0658420E+02  -3.5062220E-38
   2.0691793E+02  -4.8797966E-38
   2.0725167E+02  -5.7916658E-38
   2.0758541E+02  -6.0309095E-38
   2.0791915E+02  -5.4464503E-38
   2.0825289E+02  -3.9791837E-38
   2.0858663E+02  -1.6864903E-38
   2.0892037E+02   1.2457071E-38
   2.0925410E+02   4.5072726E-38
   2.0958784E+02   7.6868121E-38
   2.0992158E+02   1.0313208E-37
   2.1025532E+02   1.1913018E-37
   2.1058906E+02   1.2078202E-37
   2.1092280E+02   1.0536271E-37
   2.1125654E+02   7.2130930E-38
   2.1159027E+02   2.2780726E-38
   2.1192401E+02  -3.8379488E-38
   2.1225775E+02  -1.0459381E-37
   2.1259149E+02  -1.6720806E-37
   2.1292523E+02  -2.1658843E-37
   2.1325897E+02  -2.4334084E-37
   2.1359271E+02  -2.3970786E-37
   2.1392645E+02  -2.0097077E-37
   2.1426018E+02  -1.2665551E-37
   2.1459392E+02  -2.1334588E-38
   2.1492766E+02   1.0516242E-37
   2.1526140E+02   2.3826146E-37
   2.1559514E+02   3.5993075E-37
   2.1592888E+02   4.5068902E-37
   2.1626262E+02   4.9216893E-37
   2.1659635E+02   4.6995972E-37
   2.1693009E+02   3.7636576E-37
   2.1726383E+02   2.1266711E-37
   2.1759757E+02  -9.5313043E-39
   2.1793131E+02  -2.6821187E-37
   2.1826505E+02  -5.3234782E-37
   2.1859879E+02  -7.6484745E-37
   2.1893252E+02  -9.2687746E-37
   2.1926626E+02  -9.8317127E-37
   2.1960000E+02  -9.0772411E-37
   2.1993374E+02  -6.8911217E-37
   2.2026748E+02  -3.3460597E-37
   2.2060122E+02   1.2772362E-37
   2.2093496E+02   6.4954946E-37
   2.2126869E+02   1.1658505E-36
   2.2160243E+02   1.6014824E-36
   2.2193617E+02   1.8803162E-36
   2.2226991E+02   1.9360431E-36
   2.2260365E+02   1.7233747E-36
   2.2293739E+02   1.2280762E-36
   2.2327113E+02   4.7418873E-37
   2.2360486E+02  -4.7306590E-37
   2.2393860E+02  -1.5098405E-36
   2.2427234E+02  -2.5022095E-36
   2.2460608E+02  -3.3004659E-36
   2.2493982E+02  -3.7580549E-36
   2.2527356E+02  -3.7531765E-36
   2.2560730E+02  -3.2103695E-36
   2.2594103E+02  -2.1189800E-36
   2.2627477E+02  -5.4531810E-37
   2.2660851E+02   1.3642666E-36
   2.2694225E+02   3.3913256E-36
   2.2727599E+02   5.2649146E-36
   2.2760973E+02   6.6919357E-36
   2.2794347E+02   7.3955957E-36
   2.2827720E+02   7.1577561E-36
   2.2861094E+02   5.8597184E-36
   2.2894468E+02   3.5153179E-36
   2.2927842E+02   2.9033137E-37
   2.2961216E+02  -3.4967843E-36
   2.2994590E+02  -7.3959437E-36
   2.3027964E+02  -1.0868721E-35
   2.3061337E+02  -1.3351244E-35
   2.3094711E+02  -1.4330776E-35
   2.3128085E+02  -1.3427208E-35
   2.3161459E+02  -1.0468523E-35
   2.3194833E+02  -5.5484944E-36
   2.3228207E+02   9.4448019E-37
   2.3261581E+02   8.3361024E-36
   2.3294955E+02   1.5717140E-35
   2.3328328E+02   2.2036000E-35
   2.3361702E+02   2.6226232E-35
   2.3395076E+02   2.7356158E-35
   2.3428450E+02   2.4782870E-35
   2.3461824E+02   1.8289068E-35
   2.3495198E+02   8.1807082E-36
   2.3528572E+02  -4.6746445E-36
   2.3561945E+02  -1.8883538E-35
   2.3595319E+02  -3.2642709E-35
   2.3628693E+02  -4.3931599E-35
   2.3662067E+02  -5.0765583E-35
   2.3695441E+02  -5.1483324E-35
   2.3728815E+02  -4.5032729E-35
   2.3762189E+02  -3.1214414E-35
   2.3795562E+02  -1.0841661E-35
   2.3828936E+02   1.4218673E-35
   2.3862310E+02   4.1148395E-35
   2.3895684E+02   6.6430865E-35
   2.3929058E+02   8.6241480E-35
   2.3962432E+02   9.6941745E-35
   2.3995806E+02   9.5622161E-35
   2.4029179E+02   8.0625057E-35
   2.4062553E+02   5.1969770E-35
   2.4095927E+02   1.1605715E-35
   2.4129301E+02  -3.6569207E-35
   2.4162675E+02  -8.6962251E-35
   2.4196049E+02  -1.3281734E-34
   2.4229423E+02  -1.6699100E-34
   2.4262796E+02  -1.8290025E-34
   2.4296170E+02  -1.7553444E-34
   2.4329544E+02  -1.4239786E-34
   2.4362918E+02  -8.4240569E-35
   2.4396292E+02  -5.4417439E-36
   2.4429666E+02   8.6059394E-35
   2.4463040E+02   1.7934380E-34
   2.4496413E+02   2.6159814E-34
   2.4529787E+02   3.1962871E-34
   2.4563161E+02   3.4165539E-34
   2.4596535E+02   3.1917385E-34
   2.4629909E+02   2.4863806E-34
   2.4663283E+02   1.3269680E-34
   2.4696657E+02  -1.9252302E-35
   2.4730030E+02  -1.9137078E-34
   2.4763404E+02  -3.6263427E-34
   2.4796778E+02  -5.0899787E-34
   2.4830152E+02  -6.0630470E-34
   2.4863526E+02  -6.3364036E-34
   2.4896900E+02  -5.7673013E-34
   2.4930274E+02  -4.3091419E-34
   2.4963647E+02  -2.0322057E-34
   2.4997021E+02   8.6882659E-35
   2.5030395E+02   4.0835512E-34
   2.5063769E+02   7.2118838E-34
   2.5097143E+02   9.8063899E-34
   2.5130517E+02   1.1427404E-33
   2.5163891E+02   1.1705150E-33
   2.5197264E+02   1.0401291E-33
   2.5230638E+02   7.4612672E-34
   2.5264012E+02   3.0488678E-34
   2.5297386E+02  -2.4443422E-34
   2.5330760E+02  -8.4196987E-34
   2.5364134E+02  -1.4123713E-33
   2.5397508E+02  -1.8729311E-33
   2.5430882E+02  -2.1439044E-33
   2.5464255E+02  -2.1599198E-33
   2.5497629E+02  -1.8810705E-33
   2.5531003E+02  -1.3021126E-33
   2.5564377E+02  -4.5823249E-34
   2.5597751E+02   5.7389526E-34
   2.5631125E+02   1.6805854E-33
   2.5664499E+02   2.7213346E-33
   2.5697872E+02   3.5441507E-33
   2.5731246E+02   4.0046506E-33
   2.5764620E+02   3.9868713E-33
   2.5797994E+02   3.4231813E-33
   2.5831368E+02   2.3104545E-33
   2.5864742E+02   7.1977911E-34
   2.5898116E+02  -1.2025432E-33
   2.5931489E+02  -3.2440735E-33
   2.5964863E+02  -5.1455785E-33
   2.5998237E+02  -6.6294641E-33
   2.6031611E+02  -7.4347160E-33
   2.6064985E+02  -7.3545495E-33
   2.6098359E+02  -6.2720308E-33
   2.6131733E+02  -4.1885898E-33
   2.6165106E+02  -1.2405772E-33
   2.6198480E+02   2.3000345E-33
   2.6231854E+02   6.0431103E-33
   2.6265228E+02   9.5161271E-33
   2.6298602E+02   1.2216003E-32
   2.6331976E+02   1.3672231E-32
   2.6365350E+02   1.3514384E-32
   2.6398723E+02   1.1535582E-32
   2.6432097E+02   7.7428145E-33
   2.6465471E+02   2.3856375E-33
   2.6498845E+02  -4.0435999E-33
   2.6532219E+02  -1.0841840E-32
   2.6565593E+02  -1.7159875E-32
   2.6598967E+02  -2.2095127E-32
   2.6632340E+02  -2.4804139E-32
   2.6665714E+02  -2.4622426E-32
   2.6699088E+02  -2.1176731E-32
   2.6732462E+02  -1.4473881E-32
   2.6765836E+02  -4.9510885E-33
   2.6799210E+02   6.5238790E-33
   2.6832584E+02   1.8709436E-32
   2.6865957E+02   3.0103867E-32
   2.6899331E+02   3.9108391E-32
   2.6932705E+02   4.4224525E-32
   2.6966079E+02   4.4264365E-32
   2.6999453E+02   3.8547369E-32
   2.7032827E+02   2.7056330E-32
   2.7066201E+02   1.0526453E-32
   2.7099574E+02  -9.5528539E-33
   2.7132948E+02  -3.1034846E-32
   2.7166322E+02  -5.1311092E-32
   2.7199696E+02  -6.7592588E-32
   2.7233070E+02  -7.7250814E-32
   2.7266444E+02  -7.8181018E-32
   2.7299818E+02  -6.9143489E-32
   2.7333192E+02  -5.0034805E-32
   2.7366565E+02  -2.2045128E-32
   2.7399939E+02   1.2333679E-32
   2.7433313E+02   4.9468670E-32
   2.7466687E+02   8.4915214E-32
   2.7500061E+02   1.1389319E-31
   2.7533435E+02   1.3186586E-31
   2.7566809E+02   1.3515835E-31
   2.7600182E+02   1.2154024E-31
   2.7633556E+02   9.0691282E-32
   2.7666930E+02   4.4475998E-32
   2.7700304E+02  -1.3032867E-32
   2.7733678E+02  -7.5814431E-32
   2.7767052E+02  -1.3644465E-31
   2.7800426E+02  -1.8688846E-31
   2.7833799E+02  -2.1946635E-31
   2.7867173E+02  -2.2788952E-31
   2.7900547E+02  -2.0823758E-31
   2.7933921E+02  -1.5974406E-31
   2.7967295E+02  -8.5265552E-32
   2.8000669E+02   8.6651155E-33
   2.8034043E+02   1.1225569E-31
   2.8067416E+02   2.1334324E-31
   2.8100790E+02   2.9869354E-31
   2.8134164E+02   3.5558932E-31
   2.8167538E+02   3.7353374E-31
   2.8200912E+02   3.4586102E-31
   2.8234286E+02   2.7103338E-31
   2.8267660E+02   1.5341845E-31
   2.8301033E+02   3.3878159E-33
   2.8334407E+02  -1.6335419E-31
   2.8367781E+02  -3.2721089E-31
   2.8401155E+02  -4.6680225E-31
   2.8434529E+02  -5.6154179E-31
   2.8467903E+02  -5.9439793E-31
   2.8501277E+02  -5.5449931E-31
   2.8534650E+02  -4.3922412E-31
   2.8568024E+02  -2.5544658E-31
   2.8601398E+02  -1.9677552E-32
   2.8634772E+02   2.4303750E-31
   2.8668146E+02   5.0146011E-31
   2.8701520E+02   7.2156809E-31
   2.8734894E+02   8.7070456E-31
   2.8768267E+02   9.2200313E-31
   2.8801641E+02   8.5853697E-31
   2.8835015E+02   6.7661568E-31
   2.8868389E+02   3.8770394E-31
   2.8901763E+02   1.8550218E-32
   2.8935137E+02  -3.9068138E-31
   2.8968511E+02  -7.9025608E-31
   2.9001884E+02  -1.1263977E-30
   2.9035258E+02  -1.3479597E-30
   2.9068632E+02  -1.4134799E-30
   2.9102006E+02  -1.2977294E-30
   2.9135380E+02  -9.9683332E-31
   2.9168754E+02  -5.3112037E-31
   2.9202128E+02   5.4919425E-32
   2.9235501E+02   6.9589322E-31
   2.9268875E+02   1.3119012E-30
   2.9302249E+02   1.8175727E-30
   2.9335623E+02   2.1328384E-30
   2.9368997E+02   2.1941964E-30
   2.9402371E+02   1.9650440E-30
   2.9435745E+02   1.4435817E-30
   2.9469119E+02   6.6698010E-31
   2.9502492E+02  -2.8917410E-31
   2.9535866E+02  -1.3166026E-30
   2.9569240E+02  -2.2850617E-30
   2.9602614E+02  -3.0572054E-30
   2.9635988E+02  -3.5060878E-30
   2.9669362E+02  -3.5332697E-30
   2.9702736E+02  -3.0852141E-30
   2.9736109E+02  -2.1655914E-30
   2.9769483E+02  -8.4140033E-31
   2.9802857E+02   7.5858892E-31
   2.9836231E+02   2.4537594E-30
   2.9869605E+02   4.0295555E-30
   2.9902979E+02   5.2619336E-30
   2.9936353E+02   5.9458483E-30
   2.9969726E+02   5.9245111E-30
   3.0003100E+02   5.1156183E-30
   3.0036474E+02   3.5308013E-30
   3.0069848E+02   1.2849447E-30
   3.0103222E+02  -1.4069656E-30
   3.0136596E+02  -4.2464517E-30
   3.0169970E+02  -6.8809527E-30
   3.0203343E+02  -8.9436079E-30
   3.0236717E+02  -1.0099359E-29
   3.0270091E+02  -1.0092096E-29
   3.0303465E+02  -8.7867695E-30
   3.0336839E+02  -6.2004882E-30
   3.0370213E+02  -2.5173181E-30
   3.0403587E+02   1.9169063E-30
   3.0436960E+02   6.6212546E-30
   3.0470334E+02   1.1026726E-29
   3.0503708E+02   1.4539719E-29
   3.0537082E+02   1.6615521E-29
   3.0570456E+02   1.6833371E-29
   3.0603830E+02   1.4963592E-29
   3.0637204E+02   1.1017264E-29
   3.0670577E+02   5.2702527E-30
   3.0703951E+02  -1.7442106E-30
   3.0737325E+02  -9.2766930E-30
   3.0770699E+02  -1.6434664E-29
   3.0804073E+02  -2.2281387E-29
   3.0837447E+02  -2.5950591E-29
   3.0870821E+02  -2.6763698E-29
   3.0904194E+02  -2.4334910E-29
   3.0937568E+02  -1.8649391E-29
   3.0970942E+02  -1.0101898E-29
   3.1004316E+02   5.1315237E-31
   3.1037690E+02   1.2063509E-29
   3.1071064E+02   2.3190119E-29
   3.1104438E+02   3.2457878E-29
   3.1137811E+02   3.8530618E-29
   3.1171185E+02   4.0350273E-29
   3.1204559E+02   3.7297595E-29
   3.1237933E+02   2.9312211E-29
   3.1271307E+02   1.6952497E-29
   3.1304681E+02   1.3821444E-30
   3.1338055E+02  -1.5721864E-29
   3.1371429E+02  -3.2335512E-29
   3.1404802E+02  -4.6313701E-29
   3.1438176E+02  -5.5652629E-29
   3.1471550E+02  -5.8758100E-29
   3.1504924E+02  -5.4686071E-29
   3.1538298E+02  -4.3321931E-29
   3.1571672E+02  -2.5469810E-29
   3.1605046E+02  -2.8323478E-30
   3.1638419E+02   2.2126380E-29
   3.1671793E+02   4.6427942E-29
   3.1705167E+02   6.6914498E-29
   3.1738541E+02   8.0636779E-29
   3.1771915E+02   8.5249640E-29
   3.1805289E+02   7.9365418E-29
   3.1838663E+02   6.2815391E-29
   3.1872036E+02   3.6778244E-29
   3.1905410E+02   3.7467011E-30
   3.1938784E+02  -3.2677193E-29
   3.1972158E+02  -6.8146750E-29
   3.2005532E+02  -9.8062503E-29
   3.2038906E+02  -1.1813869E-28
   3.2072280E+02  -1.2497795E-28
   3.2105653E+02  -1.1658105E-28
   3.2139027E+02  -9.2720406E-29
   3.2172401E+02  -5.5117431E-29
   3.2205775E+02  -7.3846774E-30
   3.2239149E+02   4.5279684E-29
   3.2272523E+02   9.6626614E-29
   3.2305897E+02   1.4006992E-28
   3.2339270E+02   1.6950189E-28
   3.2372644E+02   1.8011347E-28
   3.2406018E+02   1.6911396E-28
   3.2439392E+02   1.3624782E-28
   3.2472766E+02   8.4025748E-29
   3.2506140E+02   1.7616902E-29
   3.2539514E+02  -5.5612118E-29
   3.2572887E+02  -1.2687901E-28
   3.2606261E+02  -1.8701317E-28
   3.2639635E+02  -2.2761425E-28
   3.2673009E+02  -2.4220071E-28
   3.2706383E+02  -2.2719781E-28
   3.2739757E+02  -1.8262211E-28
   3.2773131E+02  -1.1234799E-28
   3.2806504E+02  -2.3887730E-29
   3.2839878E+02   7.2326475E-29
   3.2873252E+02   1.6410301E-28
   3.2906626E+02   2.3897786E-28
   3.2940000E+02   2.8585774E-28
   3.2973374E+02   2.9661360E-28
   3.3006748E+02   2.6740844E-28
   3.3040121E+02   1.9956090E-28
   3.3073495E+02   9.9788581E-29
   3.3106869E+02  -2.0255053E-29
   3.3140243E+02  -1.4514866E-28
   3.3173617E+02  -2.5748357E-28
   3.3206991E+02  -3.4007204E-28
   3.3240365E+02  -3.7832693E-28
   3.3273739E+02  -3.6250951E-28
   3.3307112E+02  -2.8953232E-28
   3.3340486E+02  -1.6403574E-28
   3.3373860E+02   1.4762012E-30
   3.3407234E+02   1.8754484E-28
   3.3440608E+02   3.6969227E-28
   3.3473982E+02   5.2122415E-28
   3.3507356E+02   6.1661194E-28
   3.3540729E+02   6.3506452E-28
   3.3574103E+02   5.6383742E-28
   3.3607477E+02   4.0081857E-28
   3.3640851E+02   1.5598304E-28
   3.3674225E+02  -1.4858511E-28
   3.3707599E+02  -4.8024594E-28
   3.3740973E+02  -7.9888412E-28
   3.3774346E+02  -1.0612665E-27
   3.3807720E+02  -1.2262435E-27
   3.3841094E+02  -1.2602057E-27
   3.3874468E+02  -1.1421296E-27
   3.3907842E+02  -8.6753322E-28
   3.3941216E+02  -4.5073790E-28
   3.3974590E+02   7.4994364E-29
   3.4007963E+02   6.5966365E-28
   3.4041337E+02   1.2410036E-27
   3.4074711E+02   1.7508581E-27
   3.4108085E+02   2.1228407E-27
   3.4141459E+02   2.3004341E-27
   3.4174833E+02   2.2445591E-27
   3.4208207E+02   1.9396564E-27
   3.4241580E+02   1.3973997E-27
   3.4274954E+02   6.5742018E-28
   3.4308328E+02  -2.1526865E-28
   3.4341702E+02  -1.1360695E-27
   3.4375076E+02  -2.0093275E-27
   3.4408450E+02  -2.7387321E-27
   3.4441824E+02  -3.2384281E-27
   3.4475197E+02  -3.4435292E-27
   3.4508571E+02  -3.3186939E-27
   3.4541945E+02  -2.8635947E-27
   3.4575319E+02  -2.1144390E-27
   3.4608693E+02  -1.1411148E-27
   3.4642067E+02  -4.0117024E-29
   3.4675441E+02   1.0760979E-27
   3.4708814E+02   2.0921308E-27
   3.4742188E+02   2.9035031E-27
   3.4775562E+02   3.4296028E-27
   3.4808936E+02   3.6239908E-27
   3.4842310E+02   3.4805730E-27
   3.4875684E+02   3.0346258E-27
   3.4909058E+02   2.3582781E-27
   3.4942431E+02   1.5507696E-27
   3.4975805E+02   7.2457587E-28
   3.5009179E+02  -1.0930880E-29
   3.5042553E+02  -5.6608748E-28
   3.5075927E+02  -8.8546642E-28
   3.5109301E+02  -9.5807205E-28
   3.5142675E+02  -8.2135481E-28
   3.5176048E+02  -5.5797079E-28
   3.5209422E+02  -2.8506402E-28
   3.5242796E+02  -1.3696443E-28
   3.5276170E+02  -2.4314023E-28
   3.5309544E+02  -7.0420680E-28
   3.5342918E+02  -1.5692099E-27
   3.5376292E+02  -2.8177788E-27
   3.5409666E+02  -4.3502466E-27
   3.5443039E+02  -5.9882747E-27
   3.5476413E+02  -7.4872691E-27
   3.5509787E+02  -8.5604535E-27
   3.5543161E+02  -8.9128779E-27
   3.5576535E+02  -8.2820665E-27
   3.5609909E+02  -6.4808267E-27
   3.5643283E+02  -3.4367873E-27
   3.5676656E+02   7.7693632E-28
   3.5710030E+02   5.9250676E-27
   3.5743404E+02   1.1611506E-26
   3.5776778E+02   1.7300895E-26
   3.5810152E+02   2.2360407E-26
   3.5843526E+02   2.6119200E-26
   3.5876900E+02   2.7940615E-26
   3.5910273E+02   2.7300162E-26
   3.5943647E+02   2.3860682E-26
   3.5977021E+02   1.7535746E-26
   3.6010395E+02   8.5326246E-27
   3.6043769E+02  -2.6323772E-27
   3.6077143E+02  -1.5150900E-26
   3.6110517E+02  -2.7973226E-26
   3.6143890E+02  -3.9890607E-26
   3.6177264E+02  -4.9643159E-26
   3.6210638E+02  -5.6044062E-26
   3.6244012E+02  -5.8108160E-26
   3.6277386E+02  -5.5171305E-26
   3.6310760E+02  -4.6987243E-26
   3.6344134E+02  -3.3789646E-26
   3.6377507E+02  -1.6310345E-26
   3.6410881E+02   4.2516984E-27
   3.6444255E+02   2.6310742E-26
   3.6477629E+02   4.8019017E-26
   3.6511003E+02   6.7425778E-26
   3.6544377E+02   8.2656488E-26
   3.6577751E+02   9.2094888E-26
   3.6611124E+02   9.4549559E-26
   3.6644498E+02   8.9387321E-26
   3.6677872E+02   7.6618608E-26
   3.6711246E+02   5.6924178E-26
   3.6744620E+02   3.1618260E-26
   3.6777994E+02   2.5498473E-27
   3.6811368E+02  -2.8049589E-26
   3.6844741E+02  -5.7758251E-26
   3.6878115E+02  -8.4177517E-26
   3.6911489E+02  -1.0514563E-25
   3.6944863E+02  -1.1893035E-25
   3.6978237E+02  -1.2438145E-25
   3.7011611E+02  -1.2102704E-25
   3.7044985E+02  -1.0910500E-25
   3.7078358E+02  -8.9526943E-26
   3.7111732E+02  -6.3778948E-26
   3.7145106E+02  -3.3771339E-26
   3.7178480E+02  -1.6538376E-27
   3.7211854E+02   3.0383073E-26
   3.7245228E+02   6.0298907E-26
   3.7278602E+02   8.6365607E-26
   3.7311976E+02   1.0728508E-25
   3.7345349E+02   1.2225059E-25
   3.7378723E+02   1.3094689E-25
   3.7412097E+02   1.3349405E-25
   3.7445471E+02   1.3034324E-25
   3.7478845E+02   1.2214128E-25
   3.7512219E+02   1.0958451E-25
   3.7545593E+02   9.3282118E-26
   3.7578966E+02   7.3652861E-26
   3.7612340E+02   5.0868793E-26
   3.7645714E+02   2.4861864E-26
   3.7679088E+02  -4.6046058E-27
   3.7712462E+02  -3.7801946E-26
   3.7745836E+02  -7.4850697E-26
   3.7779210E+02  -1.1550771E-25
   3.7812583E+02  -1.5894652E-25
   3.7845957E+02  -2.0356768E-25
   3.7879331E+02  -2.4686862E-25
   3.7912705E+02  -2.8540692E-25
   3.7946079E+02  -3.1488268E-25
   3.7979453E+02  -3.3035828E-25
   3.8012827E+02  -3.2662500E-25
   3.8046200E+02  -2.9870588E-25
   3.8079574E+02  -2.4247052E-25
   3.8112948E+02  -1.5531895E-25
   3.8146322E+02  -3.6878625E-26
   3.8179696E+02   1.1036687E-25
   3.8213070E+02   2.8059864E-25
   3.8246444E+02   4.6441262E-25
   3.8279817E+02   6.4889588E-25
   3.8313191E+02   8.1807464E-25
   3.8346565E+02   9.5378539E-25
   3.8379939E+02   1.0369606E-24
   3.8413313E+02   1.0492853E-24
   3.8446687E+02   9.7513217E-25
   3.8480061E+02   8.0362799E-25
   3.8513434E+02   5.3066860E-25
   3.8546808E+02   1.6067085E-25
   3.8580182E+02  -2.9217534E-25
   3.8613556E+02  -8.0335603E-25
   3.8646930E+02  -1.3383828E-24
   3.8680304E+02  -1.8541497E-24
   3.8713678E+02  -2.3013569E-24
   3.8747051E+02  -2.6279308E-24
   3.8780425E+02  -2.7833129E-24
   3.8813799E+02  -2.7233283E-24
   3.8847173E+02  -2.4153122E-24
   3.8880547E+02  -1.8430495E-24
   3.8913921E+02  -1.0110796E-24
   3.8947295E+02   5.2129654E-26
   3.8980668E+02   1.2925895E-24
   3.9014042E+02   2.6311730E-24
   3.9047416E+02   3.9662771E-24
   3.9080790E+02   5.1789101E-24
   3.9114164E+02   6.1402077E-24
   3.9147538E+02   6.7211628E-24
   3.9180912E+02   6.8041415E-24
   3.9214285E+02   6.2955281E-24
   3.9247659E+02   5.1385902E-24
   3.9281033E+02   3.3254802E-24
   3.9314407E+02   9.0707566E-25
   3.9347781E+02  -2.0007098E-24
   3.9381155E+02  -5.2154916E-24
   3.9414529E+02  -8.4930611E-24
   3.9447903E+02  -1.1538980E-23
   3.9481276E+02  -1.4027521E-23
   3.9514650E+02  -1.5627562E-23
   3.9548024E+02  -1.6034346E-23
   3.9581398E+02  -1.5004974E-23
   3.9614772E+02  -1.2394699E-23
   3.9648146E+02  -8.1901827E-24
   3.9681520E+02  -2.5354780E-24
   3.9714893E+02   4.2536934E-24
   3.9748267E+02   1.1691435E-23
   3.9781641E+02   1.9141962E-23
   3.9815015E+02   2.5860209E-23
   3.9848389E+02   3.1052172E-23
   3.9881763E+02   3.3951876E-23
   3.9915137E+02   3.3909416E-23
   3.9948510E+02   3.0481778E-23
   3.9981884E+02   2.3516619E-23
   4.0015258E+02   1.3217745E-23
   4.0048632E+02   1.8131258E-25
   4.0082006E+02  -1.4606656E-23
   4.0115380E+02  -2.9818198E-23
   4.0148754E+02  -4.3878971E-23
   4.0182127E+02  -5.5108428E-23
   4.0215501E+02  -6.1895712E-23
   4.0248875E+02  -6.2896208E-23
   4.0282249E+02  -5.7229044E-23
   4.0315623E+02  -4.4651629E-23
   4.0348997E+02  -2.5686674E-23
   4.0382371E+02  -1.6781643E-24
   4.0415744E+02   2.5242508E-23
   4.0449118E+02   5.2291097E-23
   4.0482492E+02   7.6266391E-23
   4.0515866E+02   9.3875609E-23
   4.0549240E+02   1.0212436E-22
   4.0582614E+02   9.8733856E-23
   4.0615988E+02   8.2538277E-23
   4.0649361E+02   5.3809174E-23
   4.0682735E+02   1.4453607E-23
   4.0716109E+02  -3.1961157E-23
   4.0749483E+02  -8.0389470E-23
   4.0782857E+02  -1.2470947E-22
   4.0816231E+02  -1.5833278E-22
   4.0849605E+02  -1.7498063E-22
   4.0882978E+02  -1.6955627E-22
   4.0916352E+02  -1.3901826E-22
   4.0949726E+02  -8.3141030E-23
   4.0983100E+02  -5.0442164E-24
   4.1016474E+02   8.8620710E-23
   4.1049848E+02   1.8791242E-22
   4.1083222E+02   2.8031659E-22
   4.1116595E+02   3.5192920E-22
   4.1149969E+02   3.8903515E-22
   4.1183343E+02   3.7994661E-22
   4.1216717E+02   3.1690618E-22
   4.1250091E+02   1.9781759E-22
   4.1283465E+02   2.7545786E-23
   4.1316839E+02  -1.8145737E-22
   4.1350213E+02  -4.0940465E-22
   4.1383586E+02  -6.3041836E-22
   4.1416960E+02  -8.1478179E-22
   4.1450334E+02  -9.3207604E-22
   4.1483708E+02  -9.5494932E-22
   4.1517082E+02  -8.6313884E-22
   4.1550456E+02  -6.4727216E-22
   4.1583830E+02  -3.1192353E-22
   4.1617203E+02   1.2258502E-22
   4.1650577E+02   6.2008016E-22
   4.1683951E+02   1.1304154E-21
   4.1717325E+02   1.5934221E-21
   4.1750699E+02   1.9447685E-21
   4.1784073E+02   2.1232995E-21
   4.1817447E+02   2.0791692E-21
   4.1850820E+02   1.7818773E-21
   4.1884194E+02   1.2271796E-21
   4.1917568E+02   4.4182244E-22
   4.1950942E+02  -5.1484466E-22
   4.1984316E+02  -1.5530893E-21
   4.2017690E+02  -2.5591914E-21
   4.2051064E+02  -3.4058867E-21
   4.2084437E+02  -3.9661969E-21
   4.2117811E+02  -4.1294468E-21
   4.2151185E+02  -3.8177746E-21
   4.2184559E+02  -3.0011235E-21
   4.2217933E+02  -1.7085107E-21
   4.2251307E+02  -3.3523282E-23
   4.2284681E+02   1.8676482E-21
   4.2318054E+02   3.7866046E-21
   4.2351428E+02   5.4816258E-21
   4.2384802E+02   6.7039374E-21
   4.2418176E+02   7.2291538E-21
   4.2451550E+02   6.8905365E-21
   4.2484924E+02   5.6099442E-21
   4.2518298E+02   3.4219266E-21
   4.2551671E+02   4.8659667E-22
   4.2585045E+02  -2.9123331E-21
   4.2618419E+02  -6.3864931E-21
   4.2651793E+02  -9.4790035E-21
   4.2685167E+02  -1.1715655E-20
   4.2718541E+02  -1.2666592E-20
   4.2751915E+02  -1.2011692E-20
   4.2785288E+02  -9.6012679E-21
   4.2818662E+02  -5.5029458E-21
   4.2852036E+02  -2.6119197E-23
   4.2885410E+02   6.2830406E-21
   4.2918784E+02   1.2679911E-20
   4.2952158E+02   1.8293077E-20
   4.2985532E+02   2.2224642E-20
   4.3018905E+02   2.3669789E-20
   4.3052279E+02   2.2042152E-20
   4.3085653E+02   1.7088524E-20
   4.3119027E+02   8.9755446E-21
   4.3152401E+02  -1.6679719E-21
   4.3185775E+02  -1.3765592E-20
   4.3219149E+02  -2.5871500E-20
   4.3252522E+02  -3.6311339E-20
   4.3285896E+02  -4.3375930E-20
   4.3319270E+02  -4.5549424E-20
   4.3352644E+02  -4.1746090E-20
   4.3386018E+02  -3.1524816E-20
   4.3419392E+02  -1.5249055E-20
   4.3452766E+02   5.8374055E-21
   4.3486140E+02   2.9641494E-20
   4.3519513E+02   5.3370145E-20
   4.3552887E+02   7.3795044E-20
   4.3586261E+02   8.7614531E-20
   4.3619635E+02   9.1878673E-20
   4.3653009E+02   8.4430958E-20
   4.3686383E+02   6.4311076E-20
   4.3719757E+02   3.2061789E-20
   4.3753130E+02  -1.0112943E-20
   4.3786504E+02  -5.8378853E-20
   4.3819878E+02  -1.0751214E-19
   4.3853252E+02  -1.5134754E-19
   4.3886626E+02  -1.8340402E-19
   4.3920000E+02  -1.9763329E-19
   4.3953374E+02  -1.8921404E-19
   4.3986747E+02  -1.5530045E-19
   4.4020121E+02  -9.5628800E-20
   4.4053495E+02  -1.2893200E-20
   4.4086869E+02   8.7181993E-20
   4.4120243E+02   1.9611489E-19
   4.4153617E+02   3.0329120E-19
   4.4186991E+02   3.9690806E-19
   4.4220364E+02   4.6516310E-19
   4.4253738E+02   4.9758073E-19
   4.4287112E+02   4.8634172E-19
   4.4320486E+02   4.2747143E-19
   4.4353860E+02   3.2174157E-19
   4.4387234E+02   1.7516413E-19
   4.4420608E+02  -1.0156356E-21
   4.4453981E+02  -1.9087274E-19
   4.4487355E+02  -3.7489780E-19
   4.4520729E+02  -5.3157444E-19
   4.4554103E+02  -6.3932970E-19
   4.4587477E+02  -6.7870118E-19
   4.4620851E+02  -6.3453268E-19
   4.4654225E+02  -4.9798692E-19
   4.4687598E+02  -2.6815727E-19
   4.4720972E+02   4.6927074E-20
   4.4754346E+02   4.3007803E-19
   4.4787720E+02   8.5562787E-19
   4.4821094E+02   1.2910543E-18
   4.4854468E+02   1.6994994E-18
   4.4887842E+02   2.0430182E-18
   4.4921215E+02   2.2862887E-18
   4.4954589E+02   2.4004178E-18
   4.4987963E+02   2.3664142E-18
   4.5021337E+02   2.1778536E-18
   4.5054711E+02   1.8423109E-18
   4.5088085E+02   1.3811654E-18
   4.5121459E+02   8.2754586E-19
   4.5154832E+02   2.2234925E-19
   4.5188206E+02  -3.9152681E-19
   4.5221580E+02  -9.7632800E-19
   4.5254954E+02  -1.5073867E-18
   4.5288328E+02  -1.9810965E-18
   4.5321702E+02  -2.4221056E-18
   4.5355076E+02  -2.8889812E-18
   4.5388450E+02  -3.4777638E-18
   4.5421823E+02  -4.3231590E-18
   4.5455197E+02  -5.5974601E-18
   4.5488571E+02  -7.5076798E-18
   4.5521945E+02  -1.0291633E-17
   4.5555319E+02  -1.4213898E-17
   4.5588693E+02  -1.9562573E-17
   4.5622067E+02  -2.6647708E-17
   4.5655440E+02  -3.5802164E-17
   4.5688814E+02  -4.7385495E-17
   4.5722188E+02  -6.1791345E-17
   4.5755562E+02  -7.9458573E-17
   4.5788936E+02  -1.0088662E-16
   4.5822310E+02  -1.2665517E-16
   4.5855684E+02  -1.5744748E-16
   4.5889057E+02  -1.9407734E-16
   4.5922431E+02  -2.3751794E-16
   4.5955805E+02  -2.8893085E-16
   4.5989179E+02  -3.4969350E-16
   4.6022553E+02  -4.2142115E-16
   4.6055927E+02  -5.0598127E-16
   4.6089301E+02  -6.0549944E-16
   4.6122674E+02  -7.2235483E-16
   4.6156048E+02  -8.5916733E-16
   4.6189422E+02  -1.0187759E-15
   4.6222796E+02  -1.2042102E-15
   4.6256170E+02  -1.4186574E-15
   4.6289544E+02  -1.6654168E-15
   4.6322918E+02  -1.9478404E-15
   4.6356291E+02  -2.2692447E-15
   4.6389665E+02  -2.6327800E-15
   4.6423039E+02  -3.0412449E-15
   4.6456413E+02  -3.4968298E-15
   4.6489787E+02  -4.0007695E-15
   4.6523161E+02  -4.5529114E-15
   4.6556535E+02  -5.1511618E-15
   4.6589908E+02  -5.7908068E-15
   4.6623282E+02  -6.4636462E-15
   4.6656656E+02  -7.1569371E-15
   4.6690030E+02  -7.8520429E-15
   4.6723404E+02  -8.5227540E-15
   4.6756778E+02  -9.1332124E-15
   4.6790152E+02  -9.6353826E-15
   4.6823525E+02  -9.9659542E-15
   4.6856899E+02  -1.0042585E-14
   4.6890273E+02  -9.7594018E-15
   4.6923647E+02  -8.9814986E-15
   4.6957021E+02  -7.5383349E-15
   4.6990395E+02  -5.2156909E-15
   4.7023769E+02  -1.7459873E-15
   4.7057142E+02   3.2033244E-15
   4.7090516E+02   1.0043727E-14
   4.7123890E+02   1.9282390E-14
   4.7157264E+02   3.1541996E-14
   4.7190638E+02   4.7584319E-14
   4.7224012E+02   6.8337791E-14
   4.7257386E+02   9.4929727E-14
   4.7290760E+02   1.2872475E-13
   4.7324133E+02   1.7136849E-13
   4.7357507E+02   2.2483962E-13
   4.7390881E+02   2.9151096E-13
   4.7424255E+02   3.7422032E-13
   4.7457629E+02   4.7635366E-13
   4.7491003E+02   6.0194281E-13
   4.7524377E+02   7.5577706E-13
   4.7557750E+02   9.4353431E-13
   4.7591124E+02   1.1719316E-12
   4.7624498E+02   1.4488987E-12
   4.7657872E+02   1.7837789E-12
   4.7691246E+02   2.1875600E-12
   4.7724620E+02   2.6731356E-12
   4.7757994E+02   3.2556145E-12
   4.7791367E+02   3.9526611E-12
   4.7824741E+02   4.7848964E-12
   4.7858115E+02   5.7763525E-12
   4.7891489E+02   6.9549757E-12
   4.7924863E+02   8.3532313E-12
   4.7958237E+02   1.0008747E-11
   4.7991611E+02   1.1965078E-11
   4.8024984E+02   1.4272556E-11
   4.8058358E+02   1.6989229E-11
   4.8091732E+02   2.0181945E-11
   4.8125106E+02   2.3927551E-11
   4.8158480E+02   2.8314264E-11
   4.8191854E+02   3.3443165E-11
   4.8225228E+02   3.9429949E-11
   4.8258601E+02   4.6406705E-11
   4.8291975E+02   5.4524121E-11
   4.8325349E+02   6.3953801E-11
   4.8358723E+02   7.4890899E-11
   4.8392097E+02   8.7556802E-11
   4.8425471E+02   1.0220239E-10
   4.8458845E+02   1.1911151E-10
   4.8492218E+02   1.3860482E-10
   4.8525592E+02   1.6104384E-10
   4.8558966E+02   1.8683549E-10
   4.8592340E+02   2.1643722E-10
   4.8625714E+02   2.5036218E-10
   4.8659088E+02   2.8918543E-10
   4.8692462E+02   3.3354991E-10
   4.8725835E+02   3.8417350E-10
   4.8759209E+02   4.4185594E-10
   4.8792583E+02   5.0748777E-10
   4.8825957E+02   5.8205746E-10
   4.8859331E+02   6.6666078E-10
   4.8892705E+02   7.6251139E-10
   4.8926079E+02   8.7094892E-10
   4.8959452E+02   9.9345066E-10
   4.8992826E+02   1.1316426E-09
   4.9026200E+02   1.2873113E-09
   4.9059574E+02   1.4624157E-09
   4.9092948E+02   1.6590987E-09
   4.9126322E+02   1.8797031E-09
   4.9159696E+02   2.1267801E-09
   4.9193069E+02   2.4031064E-09
   4.9226443E+02   2.7116960E-09
   4.9259817E+02   3.0558143E-09
   4.9293191E+02   3.4389920E-09
   4.9326565E+02   3.8650327E-09
   4.9359939E+02   4.3380348E-09
   4.9393313E+02   4.8623949E-09
   4.9426687E+02   5.4428266E-09
   4.9460060E+02   6.0843584E-09
   4.9493434E+02   6.7923498E-09
   4.9526808E+02   7.5725080E-09
   4.9560182E+02   8.4308747E-09
   4.9593556E+02   9.3738350E-09
   4.9626930E+02   1.0408133E-08
   4.9660304E+02   1.1540839E-08
   4.9693677E+02   1.2779370E-08
   4.9727051E+02   1.4131476E-08
   4.9760425E+02   1.5605202E-08
   4.9793799E+02   1.7208908E-08
   4.9827173E+02   1.8951210E-08
   4.9860547E+02   2.0840979E-08
   4.9893921E+02   2.2887296E-08
   4.9927294E+02   2.5099403E-08
   4.9960668E+02   2.7486680E-08
   4.9994042E+02   3.0058573E-08
   5.0027416E+02   3.2824524E-08
   5.0060790E+02   3.5793938E-08
   5.0094164E+02   3.8976061E-08
   5.0127538E+02   4.2379956E-08
   5.0160911E+02   4.6014350E-08
   5.0194285E+02   4.9887575E-08
   5.0227659E+02   5.4007447E-08
   5.0261033E+02   5.8381147E-08
   5.0294407E+02   6.3015079E-08
   5.0327781E+02   6.7914812E-08
   5.0361155E+02   7.3084834E-08
   5.0394528E+02   7.8528529E-08
   5.0427902E+02   8.4247844E-08
   5.0461276E+02   9.0243383E-08
   5.0494650E+02   9.6513965E-08
   5.0528024E+02   1.0305671E-07
   5.0561398E+02   1.0986666E-07
   5.0594772E+02   1.1693677E-07
   5.0628145E+02   1.2425761E-07
   5.0661519E+02   1.3181733E-07
   5.0694893E+02   1.3960138E-07
   5.0728267E+02   1.4759235E-07
   5.0761641E+02   1.5576985E-07
   5.0795015E+02   1.6411033E-07
   5.0828389E+02   1.7258702E-07
   5.0861762E+02   1.8116972E-07
   5.0895136E+02   1.8982460E-07
   5.0928510E+02   1.9851446E-07
   5.0961884E+02   2.0719818E-07
   5.0995258E+02   2.1583101E-07
   5.1028632E+02   2.2436441E-07
   5.1062006E+02   2.3274599E-07
   5.1095379E+02   2.4091943E-07
   5.1128753E+02   2.4882510E-07
   5.1162127E+02   2.5639955E-07
   5.1195501E+02   2.6357566E-07
   5.1228875E+02   2.7028318E-07
   5.1262249E+02   2.7644836E-07
   5.1295623E+02   2.8199477E-07
   5.1328997E+02   2.8684317E-07
   5.1362370E+02   2.9091194E-07
   5.1395744E+02   2.9411711E-07
   5.1429118E+02   2.9637351E-07
   5.1462492E+02   2.9759431E-07
   5.1495866E+02   2.9769208E-07
   5.1529240E+02   2.9657880E-07
   5.1562614E+02   2.9416708E-07
   5.1595987E+02   2.9036985E-07
   5.1629361E+02   2.8510163E-07
   5.1662735E+02   2.7827883E-07
   5.1696109E+02   2.6982028E-07
   5.1729483E+02   2.5964869E-07
   5.1762857E+02   2.4769008E-07
   5.1796231E+02   2.3387543E-07
   5.1829604E+02   2.1814134E-07
   5.1862978E+02   2.0042980E-07
   5.1896352E+02   1.8069008E-07
   5.1929726E+02   1.5887876E-07
   5.1963100E+02   1.3496059E-07
   5.1996474E+02   1.0890911E-07
   5.2029848E+02   8.0707466E-08
   5.2063221E+02   5.0348500E-08
   5.2096595E+02   1.7836243E-08
   5.2129969E+02  -1.6814621E-08
   5.2163343E+02  -5.3577594E-08
   5.2196717E+02  -9.2414211E-08
   5.2230091E+02  -1.3327353E-07
   5.2263465E+02  -1.7609209E-07
   5.2296838E+02  -2.2079342E-07
   5.2330212E+02  -2.6728813E-07
   5.2363586E+02  -3.1547356E-07
   5.2396960E+02  -3.6523426E-07
   5.2430334E+02  -4.1644165E-07
   5.2463708E+02  -4.6895477E-07
   5.2497082E+02  -5.2261976E-07
   5.2530455E+02  -5.7727112E-07
   5.2563829E+02  -6.3273160E-07
   5.2597203E+02  -6.8881320E-07
   5.2630577E+02  -7.4531749E-07
   5.2663951E+02  -8.0203677E-07
   5.2697325E+02  -8.5875433E-07
   5.2730699E+02  -9.1524566E-07
   5.2764072E+02  -9.7128031E-07
   5.2797446E+02  -1.0266217E-06
   5.2830820E+02  -1.0810288E-06
   5.2864194E+02  -1.1342573E-06
   5.2897568E+02  -1.1860617E-06
   5.2930942E+02  -1.2361946E-06
   5.2964316E+02  -1.2844110E-06
   5.2997689E+02  -1.3304666E-06
   5.3031063E+02  -1.3741216E-06
   5.3064437E+02  -1.4151410E-06
   5.3097811E+02  -1.4532966E-06
   5.3131185E+02  -1.4883669E-06
   5.3164559E+02  -1.5201422E-06
   5.3197933E+02  -1.5484202E-06
   5.3231306E+02  -1.5730133E-06
   5.3264680E+02  -1.5937461E-06
   5.3298054E+02  -1.6104589E-06
   5.3331428E+02  -1.6230053E-06
   5.3364802E+02  -1.6312587E-06
   5.3398176E+02  -1.6351083E-06
   5.3431550E+02  -1.6344627E-06
   5.3464924E+02  -1.6292498E-06
   5.3498297E+02  -1.6194185E-06
   5.3531671E+02  -1.6049378E-06
   5.3565045E+02  -1.5857978E-06
   5.3598419E+02  -1.5620112E-06
   5.3631793E+02  -1.5336108E-06
   5.3665167E+02  -1.5006531E-06
   5.3698541E+02  -1.4632152E-06
   5.3731914E+02  -1.4213960E-06
   5.3765288E+02  -1.3753163E-06
   5.3798662E+02  -1.3251170E-06
   5.3832036E+02  -1.2709588E-06
   5.3865410E+02  -1.2130230E-06
   5.3898784E+02  -1.1515081E-06
   5.3932158E+02  -1.0866313E-06
   5.3965531E+02  -1.0186259E-06
   5.3998905E+02  -9.4774043E-07
   5.4032279E+02  -8.7423746E-07
   5.4065653E+02  -7.9839288E-07
   5.4099027E+02  -7.2049301E-07
   5.4132401E+02  -6.4083434E-07
   5.4165775E+02  -5.5972134E-07
   5.4199148E+02  -4.7746488E-07
   5.4232522E+02  -3.9438095E-07
   5.4265896E+02  -3.1078815E-07
   5.4299270E+02  -2.2700669E-07
   5.4332644E+02  -1.4335663E-07
   5.4366018E+02  -6.0155600E-08
   5.4399392E+02   2.2282137E-08
   5.4432765E+02   1.0364779E-07
   5.4466139E+02   1.8363968E-07
   5.4499513E+02   2.6196437E-07
   5.4532887E+02   3.3833842E-07
   5.4566261E+02   4.1249029E-07
   5.4599635E+02   4.8416092E-07
   5.4633009E+02   5.5310539E-07
   5.4666382E+02   6.1909412E-07
   5.4699756E+02   6.8191366E-07
   5.4733130E+02   7.4136818E-07
   5.4766504E+02   7.9727971E-07
   5.4799878E+02   8.4948897E-07
   5.4833252E+02   8.9785613E-07
   5.4866626E+02   9.4226147E-07
   5.4899999E+02   9.8260489E-07
   5.4933373E+02   1.0188076E-06
   5.4966747E+02   1.0508103E-06
   5.5000121E+02   1.0785752E-06
   5.5033495E+02   1.1020845E-06
   5.5066869E+02   1.1213407E-06
   5.5100243E+02   1.1363661E-06
   5.5133616E+02   1.1472023E-06
   5.5166990E+02   1.1539095E-06
   5.5200364E+02   1.1565653E-06
   5.5233738E+02   1.1552656E-06
   5.5267112E+02   1.1501220E-06
   5.5300486E+02   1.1412607E-06
   5.5333860E+02   1.1288230E-06
   5.5367234E+02   1.1129631E-06
   5.5400607E+02   1.0938472E-06
   5.5433981E+02   1.0716533E-06
   5.5467355E+02   1.0465677E-06
   5.5500729E+02   1.0187863E-06
   5.5534103E+02   9.8851183E-07
   5.5567477E+02   9.5595271E-07
   5.5600851E+02   9.2132228E-07
   5.5634224E+02   8.8483722E-07
   5.5667598E+02   8.4671575E-07
   5.5700972E+02   8.0717723E-07
   5.5734346E+02   7.6644028E-07
   5.5767720E+02   7.2472216E-07
   5.5801094E+02   6.8223756E-07
   5.5834468E+02   6.3919674E-07
   5.5867841E+02   5.9580560E-07
   5.5901215E+02   5.5226428E-07
   5.5934589E+02   5.0876611E-07
   5.5967963E+02   4.6549656E-07
   5.6001337E+02   4.2263301E-07
   5.6034711E+02   3.8034318E-07
   5.6068085E+02   3.3878516E-07
   5.6101458E+02   2.9810712E-07
   5.6134832E+02   2.5844565E-07
   5.6168206E+02   2.1992693E-07
   5.6201580E+02   1.8266519E-07
   5.6234954E+02   1.4676334E-07
   5.6268328E+02   1.1231219E-07
   5.6301702E+02   7.9391135E-08
   5.6335075E+02   4.8067335E-08
   5.6368449E+02   1.8396335E-08
   5.6401823E+02  -9.5781516E-09
   5.6435197E+02  -3.5823962E-08
   5.6468571E+02  -6.0320218E-08
   5.6501945E+02  -8.3057039E-08
   5.6535319E+02  -1.0403502E-07
   5.6568692E+02  -1.2326495E-07
   5.6602066E+02  -1.4076706E-07
   5.6635440E+02  -1.5657045E-07
   5.6668814E+02  -1.7071268E-07
   5.6702188E+02  -1.8323895E-07
   5.6735562E+02  -1.9420158E-07
   5.6768936E+02  -2.0365934E-07
   5.6802309E+02  -2.1167685E-07
   5.6835683E+02  -2.1832386E-07
   5.6869057E+02  -2.2367466E-07
   5.6902431E+02  -2.2780719E-07
   5.6935805E+02  -2.3080254E-07
   5.6969179E+02  -2.3274387E-07
   5.7002553E+02  -2.3371619E-07
   5.7035926E+02  -2.3380508E-07
   5.7069300E+02  -2.3309642E-07
   5.7102674E+02  -2.3167556E-07
   5.7136048E+02  -2.2962681E-07
   5.7169422E+02  -2.2703298E-07
   5.7202796E+02  -2.2397465E-07
   5.7236170E+02  -2.2053001E-07
   5.7269543E+02  -2.1677417E-07
   5.7302917E+02  -2.1277890E-07
   5.7336291E+02  -2.0861205E-07
   5.7369665E+02  -2.0433748E-07
   5.7403039E+02  -2.0001438E-07
   5.7436413E+02  -1.9569725E-07
   5.7469787E+02  -1.9143550E-07
   5.7503161E+02  -1.8727337E-07
   5.7536534E+02  -1.8324985E-07
   5.7569908E+02  -1.7939855E-07
   5.7603282E+02  -1.7574793E-07
   5.7636656E+02  -1.7232111E-07
   5.7670030E+02  -1.6913630E-07
   5.7703404E+02  -1.6620669E-07
   5.7736778E+02  -1.6354070E-07
   5.7770151E+02  -1.6114208E-07
   5.7803525E+02  -1.5901011E-07
   5.7836899E+02  -1.5713995E-07
   5.7870273E+02  -1.5552261E-07
   5.7903647E+02  -1.5414545E-07
   5.7937021E+02  -1.5299238E-07
   5.7970395E+02  -1.5204427E-07
   5.8003768E+02  -1.5127932E-07
   5.8037142E+02  -1.5067349E-07
   5.8070516E+02  -1.5020093E-07
   5.8103890E+02  -1.4983419E-07
   5.8137264E+02  -1.4954486E-07
   5.8170638E+02  -1.4930376E-07
   5.8204012E+02  -1.4908125E-07
   5.8237385E+02  -1.4884758E-07
   5.8270759E+02  -1.4857326E-07
   5.8304133E+02  -1.4822922E-07
   5.8337507E+02  -1.4778726E-07
   5.8370881E+02  -1.4722025E-07
   5.8404255E+02  -1.4650252E-07
   5.8437629E+02  -1.4561009E-07
   5.8471002E+02  -1.4452095E-07
   5.8504376E+02  -1.4321537E-07
   5.8537750E+02  -1.4167600E-07
   5.8571124E+02  -1.3988796E-07
   5.8604498E+02  -1.3783911E-07
   5.8637872E+02  -1.3551994E-07
   5.8671246E+02  -1.3292365E-07
   5.8704619E+02  -1.3004617E-07
   5.8737993E+02  -1.2688616E-07
   5.8771367E+02  -1.2344496E-07
   5.8804741E+02  -1.1972668E-07
   5.8838115E+02  -1.1573815E-07
   5.8871489E+02  -1.1148888E-07
   5.8904863E+02  -1.0699110E-07
   5.8938236E+02  -1.0225956E-07
   5.8971610E+02  -9.7311542E-08
   5.9004984E+02  -9.2166530E-08
   5.9038358E+02  -8.6846143E-08
   5.9071732E+02  -8.1373855E-08
   5.9105106E+02  -7.5774750E-08
   5.9138480E+02  -7.0075352E-08
   5.9171853E+02  -6.4303435E-08
   5.9205227E+02  -5.8487771E-08
   5.9238601E+02  -5.2658081E-08
   5.9271975E+02  -4.6844832E-08
   5.9305349E+02  -4.1079062E-08
   5.9338723E+02  -3.5392191E-08
   5.9372097E+02  -2.9815851E-08
   5.9405471E+02  -2.4381634E-08
   5.9438844E+02  -1.9120904E-08
   5.9472218E+02  -1.4064454E-08
   5.9505592E+02  -9.2422852E-09
   5.9538966E+02  -4.6835993E-09
   5.9572340E+02  -4.1617909E-10
   5.9605714E+02   3.5333301E-09
   5.9639088E+02   7.1397466E-09
   5.9672461E+02   1.0379310E-08
   5.9705835E+02   1.3230178E-08
   5.9739209E+02   1.5671887E-08
   5.9772583E+02   1.7686091E-08
   5.9805957E+02   1.9256248E-08
   5.9839331E+02   2.0368077E-08
   5.9872705E+02   2.1009484E-08
   5.9906078E+02   2.1170777E-08
   5.9939452E+02   2.0844794E-08
   5.9972826E+02   2.0026931E-08
   6.0006200E+02   1.8715312E-08
   6.0039574E+02   1.6910647E-08
   6.0072948E+02   1.4616148E-08
   6.0106322E+02   1.1837685E-08
   6.0139695E+02   8.5835410E-09
   6.0173069E+02   4.8646172E-09
   6.0206443E+02   6.9407236E-10
   6.0239817E+02  -3.9122767E-09
   6.0273191E+02  -8.9363823E-09
   6.0306565E+02  -1.4357482E-08
   6.0339939E+02  -2.0152612E-08
   6.0373312E+02  -2.6296235E-08
   6.0406686E+02  -3.2760539E-08
   6.0440060E+02  -3.9515584E-08
   6.0473434E+02  -4.6529500E-08
   6.0506808E+02  -5.3768449E-08
   6.0540182E+02  -6.1197113E-08
   6.0573556E+02  -6.8778583E-08
   6.0606929E+02  -7.6474734E-08
   6.0640303E+02  -8.4246210E-08
   6.0673677E+02  -9.2052630E-08
   6.0707051E+02  -9.9852699E-08
   6.0740425E+02  -1.0760424E-07
   6.0773799E+02  -1.1526464E-07
   6.0807173E+02  -1.2279084E-07
   6.0840546E+02  -1.3013958E-07
   6.0873920E+02  -1.3726770E-07
   6.0907294E+02  -1.4413251E-07
   6.0940668E+02  -1.5069182E-07
   6.0974042E+02  -1.5690419E-07
   6.1007416E+02  -1.6272935E-07
   6.1040790E+02  -1.6812811E-07
   6.1074163E+02  -1.7306277E-07
   6.1107537E+02  -1.7749706E-07
   6.1140911E+02  -1.8139636E-07
   6.1174285E+02  -1.8472798E-07
   6.1207659E+02  -1.8746118E-07
   6.1241033E+02  -1.8956752E-07
   6.1274407E+02  -1.9102094E-07
   6.1307781E+02  -1.9179785E-07
   6.1341154E+02  -1.9187787E-07
   6.1374528E+02  -1.9124310E-07
   6.1407902E+02  -1.8987910E-07
   6.1441276E+02  -1.8777483E-07
   6.1474650E+02  -1.8492187E-07
   6.1508024E+02  -1.8131539E-07
   6.1541398E+02  -1.7695405E-07
   6.1574771E+02  -1.7183945E-07
   6.1608145E+02  -1.6597670E-07
   6.1641519E+02  -1.5937420E-07
   6.1674893E+02  -1.5204344E-07
   6.1708267E+02  -1.4399946E-07
   6.1741641E+02  -1.3526052E-07
   6.1775015E+02  -1.2584822E-07
   6.1808388E+02  -1.1578704E-07
   6.1841762E+02  -1.0510468E-07
   6.1875136E+02  -9.3831886E-08
   6.1908510E+02  -8.2001790E-08
   6.1941884E+02  -6.9650547E-08
   6.1975258E+02  -5.6816170E-08
   6.2008632E+02  -4.3539309E-08
   6.2042005E+02  -2.9862377E-08
   6.2075379E+02  -1.5829766E-08
   6.2108753E+02  -1.4874146E-09
   6.2142127E+02   1.3117082E-08
   6.2175501E+02   2.7934972E-08
   6.2208875E+02   4.2916302E-08
   6.2242249E+02   5.8010315E-08
   6.2275622E+02   7.3165644E-08
   6.2308996E+02   8.8330360E-08
   6.2342370E+02   1.0345252E-07
   6.2375744E+02   1.1848005E-07
   6.2409118E+02   1.3336128E-07
   6.2442492E+02   1.4804488E-07
   6.2475866E+02   1.6248009E-07
   6.2509239E+02   1.7661685E-07
   6.2542613E+02   1.9040581E-07
   6.2575987E+02   2.0379866E-07
   6.2609361E+02   2.1674795E-07
   6.2642735E+02   2.2920716E-07
   6.2676109E+02   2.4113109E-07
   6.2709483E+02   2.5247556E-07
   6.2742856E+02   2.6319768E-07
   6.2776230E+02   2.7325541E-07
   6.2809604E+02   2.8260857E-07
   6.2842978E+02   2.9121776E-07
   6.2876352E+02   2.9904510E-07
   6.2909726E+02   3.0605361E-07
   6.2943100E+02   3.1220762E-07
   6.2976473E+02   3.1747248E-07
   6.3009847E+02   3.2181447E-07
   6.3043221E+02   3.2520052E-07
   6.3076595E+02   3.2759880E-07
   6.3109969E+02   3.2897776E-07
   6.3143343E+02   3.2930660E-07
   6.3176717E+02   3.2855544E-07
   6.3210090E+02   3.2669476E-07
   6.3243464E+02   3.2369582E-07
   6.3276838E+02   3.1953030E-07
   6.3310212E+02   3.1417056E-07
   6.3343586E+02   3.0758980E-07
   6.3376960E+02   2.9976133E-07
   6.3410334E+02   2.9065981E-07
   6.3443708E+02   2.8026031E-07
   6.3477081E+02   2.6853911E-07
   6.3510455E+02   2.5547362E-07
   6.3543829E+02   2.4104219E-07
   6.3577203E+02   2.2522502E-07
   6.3610577E+02   2.0800414E-07
   6.3643951E+02   1.8936336E-07
   6.3677325E+02   1.6928925E-07
   6.3710698E+02   1.4777058E-07
   6.3744072E+02   1.2479991E-07
   6.3777446E+02   1.0037228E-07
   6.3810820E+02   7.4487261E-08
   6.3844194E+02   4.7147996E-08
   6.3877568E+02   1.8362446E-08
   6.3910942E+02  -1.1856859E-08
   6.3944315E+02  -4.3492250E-08
   6.3977689E+02  -7.6520323E-08
   6.4011063E+02  -1.1091144E-07
   6.4044437E+02  -1.4662990E-07
   6.4077811E+02  -1.8363306E-07
   6.4111185E+02  -2.2187155E-07
   6.4144559E+02  -2.6128839E-07
   6.4177932E+02  -3.0181931E-07
   6.4211306E+02  -3.4339243E-07
   6.4244680E+02  -3.8592776E-07
   6.4278054E+02  -4.2933812E-07
   6.4311428E+02  -4.7352802E-07
   6.4344802E+02  -5.1839453E-07
   6.4378176E+02  -5.6382680E-07
   6.4411549E+02  -6.0970666E-07
   6.4444923E+02  -6.5590865E-07
   6.4478297E+02  -7.0230016E-07
   6.4511671E+02  -7.4874168E-07
   6.4545045E+02  -7.9508800E-07
   6.4578419E+02  -8.4118767E-07
   6.4611793E+02  -8.8688427E-07
   6.4645166E+02  -9.3201720E-07
   6.4678540E+02  -9.7642180E-07
   6.4711914E+02  -1.0199303E-06
   6.4745288E+02  -1.0623730E-06
   6.4778662E+02  -1.1035788E-06
   6.4812036E+02  -1.1433763E-06
   6.4845410E+02  -1.1815945E-06
   6.4878783E+02  -1.2180633E-06
   6.4912157E+02  -1.2526159E-06
   6.4945531E+02  -1.2850879E-06
   6.4978905E+02  -1.3153206E-06
   6.5012279E+02  -1.3431588E-06
   6.5045653E+02  -1.3684562E-06
   6.5079027E+02  -1.3910718E-06
   6.5112400E+02  -1.4108748E-06
   6.5145774E+02  -1.4277427E-06
   6.5179148E+02  -1.4415634E-06
   6.5212522E+02  -1.4522361E-06
   6.5245896E+02  -1.4596721E-06
   6.5279270E+02  -1.4637947E-06
   6.5312644E+02  -1.4645409E-06
   6.5346018E+02  -1.4618613E-06
   6.5379391E+02  -1.4557203E-06
   6.5412765E+02  -1.4460978E-06
   6.5446139E+02  -1.4329880E-06
   6.5479513E+02  -1.4164010E-06
   6.5512887E+02  -1.3963622E-06
   6.5546261E+02  -1.3729123E-06
   6.5579635E+02  -1.3461078E-06
   6.5613008E+02  -1.3160198E-06
   6.5646382E+02  -1.2827356E-06
   6.5679756E+02  -1.2463560E-06
   6.5713130E+02  -1.2069968E-06
   6.5746504E+02  -1.1647865E-06
   6.5779878E+02  -1.1198676E-06
   6.5813252E+02  -1.0723949E-06
   6.5846625E+02  -1.0225342E-06
   6.5879999E+02  -9.7046257E-07
   6.5913373E+02  -9.1636639E-07
   6.5946747E+02  -8.6044133E-07
   6.5980121E+02  -8.0289084E-07
   6.6013495E+02  -7.4392426E-07
