  -7.8094826E+01   0.0000000E+00
  -7.7761087E+01   0.0000000E+00
  -7.7427349E+01   0.0000000E+00
  -7.7093610E+01   0.0000000E+00
  -7.6759871E+01   0.0000000E+00
  -7.6426133E+01   0.0000000E+00
  -7.6092394E+01   0.0000000E+00
  -7.5758656E+01   0.0000000E+00
  -7.5424917E+01   0.0000000E+00
  -7.5091178E+01   0.0000000E+00
  -7.4757440E+01   0.0000000E+00
  -7.4423701E+01   0.0000000E+00
  -7.4089963E+01   0.0000000E+00
  -7.3756224E+01   0.0000000E+00
  -7.3422485E+01   0.0000000E+00
  -7.3088747E+01   0.0000000E+00
  -7.2755008E+01   0.0000000E+00
  -7.2421270E+01   0.0000000E+00
  -7.2087531E+01   0.0000000E+00
  -7.1753792E+01   0.0000000E+00
  -7.1420054E+01   0.0000000E+00
  -7.1086315E+01   0.0000000E+00
  -7.0752577E+01   0.0000000E+00
  -7.0418838E+01   0.0000000E+00
  -7.0085099E+01   0.0000000E+00
  -6.9751361E+01   0.0000000E+00
  -6.9417622E+01   0.0000000E+00
  -6.9083884E+01   0.0000000E+00
  -6.8750145E+01   0.0000000E+00
  -6.8416406E+01   0.0000000E+00
  -6.8082668E+01   0.0000000E+00
  -6.7748929E+01   0.0000000E+00
  -6.7415191E+01   0.0000000E+00
  -6.7081452E+01   0.0000000E+00
  -6.6747714E+01   0.0000000E+00
  -6.6413975E+01   0.0000000E+00
  -6.6080236E+01   0.0000000E+00
  -6.5746498E+01   0.0000000E+00
  -6.5412759E+01   0.0000000E+00
  -6.5079021E+01   0.0000000E+00
  -6.4745282E+01   0.0000000E+00
  -6.4411543E+01   0.0000000E+00
  -6.4077805E+01   0.0000000E+00
  -6.3744066E+01   0.0000000E+00
  -6.3410328E+01   0.0000000E+00
  -6.3076589E+01   0.0000000E+00
  -6.2742850E+01   0.0000000E+00
  -6.2409112E+01   0.0000000E+00
  -6.2075373E+01   0.0000000E+00
  -6.1741635E+01   0.0000000E+00
  -6.1407896E+01   0.0000000E+00
  -6.1074157E+01   0.0000000E+00
  -6.0740419E+01   0.0000000E+00
  -6.0406680E+01   0.0000000E+00
  -6.0072942E+01   0.0000000E+00
  -5.9739203E+01   0.0000000E+00
  -5.9405464E+01   0.0000000E+00
  -5.9071726E+01   0.0000000E+00
  -5.8737987E+01   0.0000000E+00
  -5.8404249E+01   0.0000000E+00
  -5.8070510E+01   0.0000000E+00
  -5.7736771E+01   0.0000000E+00
  -5.7403033E+01   0.0000000E+00
  -5.7069294E+01   0.0000000E+00
  -5.6735556E+01   0.0000000E+00
  -5.6401817E+01   0.0000000E+00
  -5.6068078E+01   0.0000000E+00
  -5.5734340E+01   0.0000000E+00
  -5.5400601E+01   0.0000000E+00
  -5.5066863E+01   0.0000000E+00
  -5.4733124E+01   0.0000000E+00
  -5.4399385E+01   0.0000000E+00
  -5.4065647E+01   0.0000000E+00
  -5.3731908E+01   0.0000000E+00
  -5.3398170E+01   0.0000000E+00
  -5.3064431E+01   0.0000000E+00
  -5.2730693E+01   0.0000000E+00
  -5.2396954E+01   0.0000000E+00
  -5.2063215E+01   0.0000000E+00
  -5.1729477E+01   0.0000000E+00
  -5.1395738E+01   0.0000000E+00
  -5.1062000E+01   0.0000000E+00
  -5.0728261E+01   0.0000000E+00
  -5.0394522E+01   0.0000000E+00
  -5.0060784E+01   0.0000000E+00
  -4.9727045E+01   0.0000000E+00
  -4.9393307E+01   0.0000000E+00
  -4.9059568E+01   0.0000000E+00
  -4.8725829E+01   0.0000000E+00
  -4.8392091E+01   0.0000000E+00
  -4.8058352E+01   0.0000000E+00
  -4.7724614E+01   0.0000000E+00
  -4.7390875E+01   0.0000000E+00
  -4.7057136E+01   0.0000000E+00
  -4.6723398E+01   0.0000000E+00
  -4.6389659E+01   0.0000000E+00
  -4.6055921E+01   0.0000000E+00
  -4.5722182E+01   0.0000000E+00
  -4.5388443E+01   0.0000000E+00
  -4.5054705E+01   0.0000000E+00
  -4.4720966E+01   0.0000000E+00
  -4.4387228E+01   0.0000000E+00
  -4.4053489E+01   0.0000000E+00
  -4.3719750E+01   0.0000000E+00
  -4.3386012E+01   0.0000000E+00
  -4.3052273E+01   0.0000000E+00
  -4.2718535E+01   0.0000000E+00
  -4.2384796E+01   0.0000000E+00
  -4.2051057E+01   0.0000000E+00
  -4.1717319E+01   0.0000000E+00
  -4.1383580E+01   0.0000000E+00
  -4.1049842E+01   0.0000000E+00
  -4.0716103E+01   0.0000000E+00
  -4.0382364E+01   0.0000000E+00
  -4.0048626E+01   0.0000000E+00
  -3.9714887E+01   0.0000000E+00
  -3.9381149E+01   0.0000000E+00
  -3.9047410E+01   0.0000000E+00
  -3.8713672E+01   0.0000000E+00
  -3.8379933E+01   0.0000000E+00
  -3.8046194E+01   0.0000000E+00
  -3.7712456E+01   0.0000000E+00
  -3.7378717E+01   0.0000000E+00
  -3.7044979E+01   0.0000000E+00
  -3.6711240E+01   0.0000000E+00
  -3.6377501E+01   0.0000000E+00
  -3.6043763E+01   0.0000000E+00
  -3.5710024E+01   0.0000000E+00
  -3.5376286E+01   0.0000000E+00
  -3.5042547E+01   0.0000000E+00
  -3.4708808E+01   0.0000000E+00
  -3.4375070E+01   0.0000000E+00
  -3.4041331E+01   0.0000000E+00
  -3.3707593E+01   0.0000000E+00
  -3.3373854E+01   0.0000000E+00
  -3.3040115E+01   0.0000000E+00
  -3.2706377E+01   0.0000000E+00
  -3.2372638E+01   0.0000000E+00
  -3.2038900E+01   0.0000000E+00
  -3.1705161E+01   0.0000000E+00
  -3.1371422E+01   0.0000000E+00
  -3.1037684E+01   0.0000000E+00
  -3.0703945E+01   0.0000000E+00
  -3.0370207E+01   0.0000000E+00
  -3.0036468E+01   0.0000000E+00
  -2.9702729E+01   0.0000000E+00
  -2.9368991E+01   0.0000000E+00
  -2.9035252E+01   0.0000000E+00
  -2.8701514E+01   0.0000000E+00
  -2.8367775E+01   0.0000000E+00
  -2.8034036E+01   0.0000000E+00
  -2.7700298E+01   0.0000000E+00
  -2.7366559E+01   0.0000000E+00
  -2.7032821E+01   0.0000000E+00
  -2.6699082E+01   0.0000000E+00
  -2.6365343E+01   0.0000000E+00
  -2.6031605E+01   0.0000000E+00
  -2.5697866E+01   0.0000000E+00
  -2.5364128E+01   0.0000000E+00
  -2.5030389E+01   0.0000000E+00
  -2.4696651E+01   0.0000000E+00
  -2.4362912E+01   0.0000000E+00
  -2.4029173E+01   0.0000000E+00
  -2.3695435E+01   0.0000000E+00
  -2.3361696E+01   0.0000000E+00
  -2.3027958E+01   0.0000000E+00
  -2.2694219E+01   0.0000000E+00
  -2.2360480E+01   0.0000000E+00
  -2.2026742E+01   0.0000000E+00
  -2.1693003E+01   0.0000000E+00
  -2.1359265E+01   0.0000000E+00
  -2.1025526E+01   0.0000000E+00
  -2.0691787E+01   0.0000000E+00
  -2.0358049E+01   0.0000000E+00
  -2.0024310E+01   0.0000000E+00
  -1.9690572E+01   0.0000000E+00
  -1.9356833E+01   0.0000000E+00
  -1.9023094E+01   0.0000000E+00
  -1.8689356E+01   0.0000000E+00
  -1.8355617E+01   0.0000000E+00
  -1.8021879E+01   0.0000000E+00
  -1.7688140E+01   0.0000000E+00
  -1.7354401E+01   0.0000000E+00
  -1.7020663E+01   0.0000000E+00
  -1.6686924E+01   0.0000000E+00
  -1.6353186E+01   0.0000000E+00
  -1.6019447E+01   0.0000000E+00
  -1.5685708E+01   0.0000000E+00
  -1.5351970E+01   0.0000000E+00
  -1.5018231E+01   0.0000000E+00
  -1.4684493E+01   0.0000000E+00
  -1.4350754E+01   0.0000000E+00
  -1.4017015E+01   0.0000000E+00
  -1.3683277E+01   0.0000000E+00
  -1.3349538E+01   0.0000000E+00
  -1.3015800E+01   0.0000000E+00
  -1.2682061E+01   0.0000000E+00
  -1.2348322E+01   0.0000000E+00
  -1.2014584E+01   0.0000000E+00
  -1.1680845E+01   0.0000000E+00
  -1.1347107E+01   0.0000000E+00
  -1.1013368E+01   0.0000000E+00
  -1.0679630E+01   0.0000000E+00
  -1.0345891E+01   0.0000000E+00
  -1.0012152E+01   0.0000000E+00
  -9.6784137E+00   0.0000000E+00
  -9.3446751E+00   0.0000000E+00
  -9.0109365E+00   0.0000000E+00
  -8.6771979E+00   0.0000000E+00
  -8.3434593E+00   0.0000000E+00
  -8.0097207E+00   0.0000000E+00
  -7.6759821E+00   0.0000000E+00
  -7.3422436E+00   0.0000000E+00
  -7.0085050E+00   0.0000000E+00
  -6.6747664E+00   0.0000000E+00
  -6.3410278E+00   0.0000000E+00
  -6.0072892E+00   0.0000000E+00
  -5.6735506E+00   0.0000000E+00
  -5.3398120E+00   0.0000000E+00
  -5.0060734E+00   0.0000000E+00
  -4.6723348E+00   0.0000000E+00
  -4.3385962E+00   0.0000000E+00
  -4.0048576E+00   0.0000000E+00
  -3.6711190E+00   0.0000000E+00
  -3.3373804E+00   0.0000000E+00
  -3.0036418E+00   0.0000000E+00
  -2.6699032E+00   0.0000000E+00
  -2.3361646E+00   0.0000000E+00
  -2.0024260E+00   0.0000000E+00
  -1.6686874E+00   0.0000000E+00
  -1.3349488E+00   0.0000000E+00
  -1.0012102E+00   0.0000000E+00
  -6.6747165E-01   0.0000000E+00
  -3.3373305E-01   0.0000000E+00
   5.5432320E-06   0.0000000E+00
   3.3374414E-01   0.0000000E+00
   6.6748273E-01   0.0000000E+00
   1.0012213E+00   0.0000000E+00
   1.3349599E+00   0.0000000E+00
   1.6686985E+00   0.0000000E+00
   2.0024371E+00   0.0000000E+00
   2.3361757E+00   0.0000000E+00
   2.6699143E+00   0.0000000E+00
   3.0036529E+00   0.0000000E+00
   3.3373915E+00   0.0000000E+00
   3.6711301E+00   0.0000000E+00
   4.0048687E+00   0.0000000E+00
   4.3386073E+00   0.0000000E+00
   4.6723459E+00   0.0000000E+00
   5.0060845E+00   0.0000000E+00
   5.3398231E+00   0.0000000E+00
   5.6735617E+00   0.0000000E+00
   6.0073003E+00   0.0000000E+00
   6.3410389E+00   0.0000000E+00
   6.6747774E+00   0.0000000E+00
   7.0085160E+00   0.0000000E+00
   7.3422546E+00   0.0000000E+00
   7.6759932E+00   0.0000000E+00
   8.0097318E+00   0.0000000E+00
   8.3434704E+00   0.0000000E+00
   8.6772090E+00   0.0000000E+00
   9.0109476E+00   0.0000000E+00
   9.3446862E+00   0.0000000E+00
   9.6784248E+00   0.0000000E+00
   1.0012163E+01   0.0000000E+00
   1.0345902E+01   0.0000000E+00
   1.0679641E+01   0.0000000E+00
   1.1013379E+01   0.0000000E+00
   1.1347118E+01   0.0000000E+00
   1.1680856E+01   0.0000000E+00
   1.2014595E+01   0.0000000E+00
   1.2348334E+01   0.0000000E+00
   1.2682072E+01   0.0000000E+00
   1.3015811E+01   0.0000000E+00
   1.3349549E+01   0.0000000E+00
   1.3683288E+01   0.0000000E+00
   1.4017027E+01   0.0000000E+00
   1.4350765E+01   0.0000000E+00
   1.4684504E+01   0.0000000E+00
   1.5018242E+01   0.0000000E+00
   1.5351981E+01   0.0000000E+00
   1.5685720E+01   0.0000000E+00
   1.6019458E+01   0.0000000E+00
   1.6353197E+01   0.0000000E+00
   1.6686935E+01   0.0000000E+00
   1.7020674E+01   0.0000000E+00
   1.7354412E+01   0.0000000E+00
   1.7688151E+01   0.0000000E+00
   1.8021890E+01   0.0000000E+00
   1.8355628E+01   0.0000000E+00
   1.8689367E+01   0.0000000E+00
   1.9023105E+01   0.0000000E+00
   1.9356844E+01   0.0000000E+00
   1.9690583E+01   0.0000000E+00
   2.0024321E+01   0.0000000E+00
   2.0358060E+01   0.0000000E+00
   2.0691798E+01   0.0000000E+00
   2.1025537E+01   0.0000000E+00
   2.1359276E+01   0.0000000E+00
   2.1693014E+01   0.0000000E+00
   2.2026753E+01   0.0000000E+00
   2.2360491E+01   0.0000000E+00
   2.2694230E+01   0.0000000E+00
   2.3027969E+01   0.0000000E+00
   2.3361707E+01   0.0000000E+00
   2.3695446E+01   0.0000000E+00
   2.4029184E+01   0.0000000E+00
   2.4362923E+01   0.0000000E+00
   2.4696662E+01   0.0000000E+00
   2.5030400E+01   0.0000000E+00
   2.5364139E+01   0.0000000E+00
   2.5697877E+01   0.0000000E+00
   2.6031616E+01   0.0000000E+00
   2.6365355E+01   0.0000000E+00
   2.6699093E+01   0.0000000E+00
   2.7032832E+01   0.0000000E+00
   2.7366570E+01   0.0000000E+00
   2.7700309E+01   0.0000000E+00
   2.8034048E+01   0.0000000E+00
   2.8367786E+01   0.0000000E+00
   2.8701525E+01   0.0000000E+00
   2.9035263E+01   0.0000000E+00
   2.9369002E+01   0.0000000E+00
   2.9702741E+01   0.0000000E+00
   3.0036479E+01   0.0000000E+00
   3.0370218E+01   0.0000000E+00
   3.0703956E+01   0.0000000E+00
   3.1037695E+01   0.0000000E+00
   3.1371433E+01   0.0000000E+00
   3.1705172E+01   0.0000000E+00
   3.2038911E+01   0.0000000E+00
   3.2372649E+01   0.0000000E+00
   3.2706388E+01   0.0000000E+00
   3.3040126E+01   0.0000000E+00
   3.3373865E+01   0.0000000E+00
   3.3707604E+01   0.0000000E+00
   3.4041342E+01   0.0000000E+00
   3.4375081E+01   0.0000000E+00
   3.4708819E+01   0.0000000E+00
   3.5042558E+01   0.0000000E+00
   3.5376297E+01   0.0000000E+00
   3.5710035E+01   0.0000000E+00
   3.6043774E+01   0.0000000E+00
   3.6377512E+01   0.0000000E+00
   3.6711251E+01   0.0000000E+00
   3.7044990E+01   0.0000000E+00
   3.7378728E+01   0.0000000E+00
   3.7712467E+01   0.0000000E+00
   3.8046205E+01   0.0000000E+00
   3.8379944E+01   0.0000000E+00
   3.8713683E+01   0.0000000E+00
   3.9047421E+01   0.0000000E+00
   3.9381160E+01   0.0000000E+00
   3.9714898E+01   0.0000000E+00
   4.0048637E+01   0.0000000E+00
   4.0382376E+01   0.0000000E+00
   4.0716114E+01   0.0000000E+00
   4.1049853E+01   0.0000000E+00
   4.1383591E+01   0.0000000E+00
   4.1717330E+01   0.0000000E+00
   4.2051069E+01   0.0000000E+00
   4.2384807E+01   0.0000000E+00
   4.2718546E+01   0.0000000E+00
   4.3052284E+01   0.0000000E+00
   4.3386023E+01   0.0000000E+00
   4.3719762E+01   0.0000000E+00
   4.4053500E+01   0.0000000E+00
   4.4387239E+01   0.0000000E+00
   4.4720977E+01   0.0000000E+00
   4.5054716E+01   0.0000000E+00
   4.5388454E+01   0.0000000E+00
   4.5722193E+01   0.0000000E+00
   4.6055932E+01   0.0000000E+00
   4.6389670E+01   0.0000000E+00
   4.6723409E+01   0.0000000E+00
   4.7057147E+01   0.0000000E+00
   4.7390886E+01   0.0000000E+00
   4.7724625E+01   0.0000000E+00
   4.8058363E+01   0.0000000E+00
   4.8392102E+01   0.0000000E+00
   4.8725840E+01   0.0000000E+00
   4.9059579E+01   0.0000000E+00
   4.9393318E+01   0.0000000E+00
   4.9727056E+01   0.0000000E+00
   5.0060795E+01   0.0000000E+00
   5.0394533E+01   0.0000000E+00
   5.0728272E+01   0.0000000E+00
   5.1062011E+01   0.0000000E+00
   5.1395749E+01   0.0000000E+00
   5.1729488E+01   0.0000000E+00
   5.2063226E+01   0.0000000E+00
   5.2396965E+01   0.0000000E+00
   5.2730704E+01   0.0000000E+00
   5.3064442E+01   0.0000000E+00
   5.3398181E+01   0.0000000E+00
   5.3731919E+01   0.0000000E+00
   5.4065658E+01   0.0000000E+00
   5.4399397E+01   0.0000000E+00
   5.4733135E+01   0.0000000E+00
   5.5066874E+01   0.0000000E+00
   5.5400612E+01   0.0000000E+00
   5.5734351E+01   0.0000000E+00
   5.6068090E+01   0.0000000E+00
   5.6401828E+01   0.0000000E+00
   5.6735567E+01   0.0000000E+00
   5.7069305E+01   0.0000000E+00
   5.7403044E+01   0.0000000E+00
   5.7736783E+01   0.0000000E+00
   5.8070521E+01   0.0000000E+00
   5.8404260E+01   0.0000000E+00
   5.8737998E+01   0.0000000E+00
   5.9071737E+01   0.0000000E+00
   5.9405475E+01   0.0000000E+00
   5.9739214E+01   0.0000000E+00
   6.0072953E+01   0.0000000E+00
   6.0406691E+01   0.0000000E+00
   6.0740430E+01   0.0000000E+00
   6.1074168E+01   0.0000000E+00
   6.1407907E+01   0.0000000E+00
   6.1741646E+01   0.0000000E+00
   6.2075384E+01   0.0000000E+00
   6.2409123E+01   0.0000000E+00
   6.2742861E+01   0.0000000E+00
   6.3076600E+01   0.0000000E+00
   6.3410339E+01   0.0000000E+00
   6.3744077E+01   0.0000000E+00
   6.4077816E+01   0.0000000E+00
   6.4411554E+01   0.0000000E+00
   6.4745293E+01   0.0000000E+00
   6.5079032E+01   0.0000000E+00
   6.5412770E+01   0.0000000E+00
   6.5746509E+01   0.0000000E+00
   6.6080247E+01   0.0000000E+00
   6.6413986E+01   0.0000000E+00
   6.6747725E+01   0.0000000E+00
   6.7081463E+01   0.0000000E+00
   6.7415202E+01   0.0000000E+00
   6.7748940E+01   0.0000000E+00
   6.8082679E+01   0.0000000E+00
   6.8416418E+01   0.0000000E+00
   6.8750156E+01   0.0000000E+00
   6.9083895E+01   0.0000000E+00
   6.9417633E+01   0.0000000E+00
   6.9751372E+01   0.0000000E+00
   7.0085111E+01   0.0000000E+00
   7.0418849E+01   0.0000000E+00
   7.0752588E+01   0.0000000E+00
   7.1086326E+01   0.0000000E+00
   7.1420065E+01   0.0000000E+00
   7.1753804E+01   0.0000000E+00
   7.2087542E+01   0.0000000E+00
   7.2421281E+01   0.0000000E+00
   7.2755019E+01   0.0000000E+00
   7.3088758E+01   0.0000000E+00
   7.3422496E+01   0.0000000E+00
   7.3756235E+01   0.0000000E+00
   7.4089974E+01   0.0000000E+00
   7.4423712E+01   0.0000000E+00
   7.4757451E+01   0.0000000E+00
   7.5091189E+01   0.0000000E+00
   7.5424928E+01   0.0000000E+00
   7.5758667E+01   0.0000000E+00
   7.6092405E+01   0.0000000E+00
   7.6426144E+01   0.0000000E+00
   7.6759882E+01   0.0000000E+00
   7.7093621E+01   0.0000000E+00
   7.7427360E+01   0.0000000E+00
   7.7761098E+01   0.0000000E+00
   7.8094837E+01   0.0000000E+00
   7.8428575E+01   0.0000000E+00
   7.8762314E+01   0.0000000E+00
   7.9096053E+01   0.0000000E+00
   7.9429791E+01   0.0000000E+00
   7.9763530E+01   0.0000000E+00
   8.0097268E+01   0.0000000E+00
   8.0431007E+01   0.0000000E+00
   8.0764746E+01   0.0000000E+00
   8.1098484E+01   0.0000000E+00
   8.1432223E+01   0.0000000E+00
   8.1765961E+01   0.0000000E+00
   8.2099700E+01   0.0000000E+00
   8.2433439E+01   0.0000000E+00
   8.2767177E+01   0.0000000E+00
   8.3100916E+01   0.0000000E+00
   8.3434654E+01   0.0000000E+00
   8.3768393E+01   0.0000000E+00
   8.4102132E+01   0.0000000E+00
   8.4435870E+01   0.0000000E+00
   8.4769609E+01   0.0000000E+00
   8.5103347E+01   0.0000000E+00
   8.5437086E+01   0.0000000E+00
   8.5770825E+01   0.0000000E+00
   8.6104563E+01   0.0000000E+00
   8.6438302E+01   0.0000000E+00
   8.6772040E+01   0.0000000E+00
   8.7105779E+01   0.0000000E+00
   8.7439517E+01   0.0000000E+00
   8.7773256E+01   0.0000000E+00
   8.8106995E+01   0.0000000E+00
   8.8440733E+01   0.0000000E+00
   8.8774472E+01   0.0000000E+00
   8.9108210E+01   0.0000000E+00
   8.9441949E+01   0.0000000E+00
   8.9775688E+01   0.0000000E+00
   9.0109426E+01   0.0000000E+00
   9.0443165E+01   0.0000000E+00
   9.0776903E+01   0.0000000E+00
   9.1110642E+01   0.0000000E+00
   9.1444381E+01   0.0000000E+00
   9.1778119E+01   0.0000000E+00
   9.2111858E+01   0.0000000E+00
   9.2445596E+01   0.0000000E+00
   9.2779335E+01   0.0000000E+00
   9.3113074E+01   0.0000000E+00
   9.3446812E+01   0.0000000E+00
   9.3780551E+01   0.0000000E+00
   9.4114289E+01   0.0000000E+00
   9.4448028E+01   0.0000000E+00
   9.4781767E+01   0.0000000E+00
   9.5115505E+01   0.0000000E+00
   9.5449244E+01   0.0000000E+00
   9.5782982E+01   0.0000000E+00
   9.6116721E+01   0.0000000E+00
   9.6450460E+01   0.0000000E+00
   9.6784198E+01   0.0000000E+00
   9.7117937E+01   0.0000000E+00
   9.7451675E+01   0.0000000E+00
   9.7785414E+01   0.0000000E+00
   9.8119153E+01   0.0000000E+00
   9.8452891E+01   0.0000000E+00
   9.8786630E+01   0.0000000E+00
   9.9120368E+01   0.0000000E+00
   9.9454107E+01   0.0000000E+00
   9.9787846E+01   0.0000000E+00
   1.0012158E+02   0.0000000E+00
   1.0045532E+02   0.0000000E+00
   1.0078906E+02   0.0000000E+00
   1.0112280E+02   0.0000000E+00
   1.0145654E+02   0.0000000E+00
   1.0179028E+02   0.0000000E+00
   1.0212402E+02   0.0000000E+00
   1.0245775E+02   0.0000000E+00
   1.0279149E+02   0.0000000E+00
   1.0312523E+02   0.0000000E+00
   1.0345897E+02   0.0000000E+00
   1.0379271E+02   0.0000000E+00
   1.0412645E+02   0.0000000E+00
   1.0446019E+02   0.0000000E+00
   1.0479392E+02   0.0000000E+00
   1.0512766E+02   0.0000000E+00
   1.0546140E+02   0.0000000E+00
   1.0579514E+02   0.0000000E+00
   1.0612888E+02   0.0000000E+00
   1.0646262E+02   0.0000000E+00
   1.0679636E+02   0.0000000E+00
   1.0713009E+02   0.0000000E+00
   1.0746383E+02   0.0000000E+00
   1.0779757E+02   0.0000000E+00
   1.0813131E+02   0.0000000E+00
   1.0846505E+02   0.0000000E+00
   1.0879879E+02   0.0000000E+00
   1.0913253E+02   0.0000000E+00
   1.0946626E+02   0.0000000E+00
   1.0980000E+02   0.0000000E+00
   1.1013374E+02   0.0000000E+00
   1.1046748E+02   0.0000000E+00
   1.1080122E+02   0.0000000E+00
   1.1113496E+02   0.0000000E+00
   1.1146870E+02   0.0000000E+00
   1.1180243E+02   0.0000000E+00
   1.1213617E+02   0.0000000E+00
   1.1246991E+02   0.0000000E+00
   1.1280365E+02   0.0000000E+00
   1.1313739E+02   0.0000000E+00
   1.1347113E+02   0.0000000E+00
   1.1380487E+02   0.0000000E+00
   1.1413861E+02   0.0000000E+00
   1.1447234E+02   0.0000000E+00
   1.1480608E+02   0.0000000E+00
   1.1513982E+02   0.0000000E+00
   1.1547356E+02   0.0000000E+00
   1.1580730E+02   0.0000000E+00
   1.1614104E+02   0.0000000E+00
   1.1647478E+02   0.0000000E+00
   1.1680851E+02   0.0000000E+00
   1.1714225E+02   0.0000000E+00
   1.1747599E+02   0.0000000E+00
   1.1780973E+02   0.0000000E+00
   1.1814347E+02   0.0000000E+00
   1.1847721E+02   0.0000000E+00
   1.1881095E+02   0.0000000E+00
   1.1914468E+02   0.0000000E+00
   1.1947842E+02   0.0000000E+00
   1.1981216E+02   0.0000000E+00
   1.2014590E+02   0.0000000E+00
   1.2047964E+02   0.0000000E+00
   1.2081338E+02   0.0000000E+00
   1.2114712E+02   0.0000000E+00
   1.2148085E+02   0.0000000E+00
   1.2181459E+02   0.0000000E+00
   1.2214833E+02   0.0000000E+00
   1.2248207E+02   0.0000000E+00
   1.2281581E+02   0.0000000E+00
   1.2314955E+02   0.0000000E+00
   1.2348329E+02   0.0000000E+00
   1.2381702E+02   0.0000000E+00
   1.2415076E+02   0.0000000E+00
   1.2448450E+02   0.0000000E+00
   1.2481824E+02   0.0000000E+00
   1.2515198E+02   0.0000000E+00
   1.2548572E+02   0.0000000E+00
   1.2581946E+02   0.0000000E+00
   1.2615319E+02   0.0000000E+00
   1.2648693E+02   0.0000000E+00
   1.2682067E+02   0.0000000E+00
   1.2715441E+02   0.0000000E+00
   1.2748815E+02   0.0000000E+00
   1.2782189E+02   0.0000000E+00
   1.2815563E+02   0.0000000E+00
   1.2848936E+02   0.0000000E+00
   1.2882310E+02   0.0000000E+00
   1.2915684E+02   0.0000000E+00
   1.2949058E+02   0.0000000E+00
   1.2982432E+02   0.0000000E+00
   1.3015806E+02   0.0000000E+00
   1.3049180E+02   0.0000000E+00
   1.3082553E+02   0.0000000E+00
   1.3115927E+02   0.0000000E+00
   1.3149301E+02   0.0000000E+00
   1.3182675E+02   0.0000000E+00
   1.3216049E+02   0.0000000E+00
   1.3249423E+02   0.0000000E+00
   1.3282797E+02   0.0000000E+00
   1.3316171E+02   0.0000000E+00
   1.3349544E+02   0.0000000E+00
   1.3382918E+02   0.0000000E+00
   1.3416292E+02   0.0000000E+00
   1.3449666E+02   0.0000000E+00
   1.3483040E+02   0.0000000E+00
   1.3516414E+02   0.0000000E+00
   1.3549788E+02   0.0000000E+00
   1.3583161E+02   0.0000000E+00
   1.3616535E+02   0.0000000E+00
   1.3649909E+02   0.0000000E+00
   1.3683283E+02   0.0000000E+00
   1.3716657E+02   0.0000000E+00
   1.3750031E+02   0.0000000E+00
   1.3783405E+02   0.0000000E+00
   1.3816778E+02   0.0000000E+00
   1.3850152E+02   0.0000000E+00
   1.3883526E+02   0.0000000E+00
   1.3916900E+02   0.0000000E+00
   1.3950274E+02   0.0000000E+00
   1.3983648E+02   0.0000000E+00
   1.4017022E+02   0.0000000E+00
   1.4050395E+02   0.0000000E+00
   1.4083769E+02   0.0000000E+00
   1.4117143E+02   0.0000000E+00
   1.4150517E+02   0.0000000E+00
   1.4183891E+02   0.0000000E+00
   1.4217265E+02   0.0000000E+00
   1.4250639E+02   0.0000000E+00
   1.4284012E+02   0.0000000E+00
   1.4317386E+02   0.0000000E+00
   1.4350760E+02   1.4012985E-45
   1.4384134E+02   4.2038954E-45
   1.4417508E+02   7.0064923E-45
   1.4450882E+02   7.0064923E-45
   1.4484256E+02   8.4077908E-45
   1.4517629E+02   7.0064923E-45
   1.4551003E+02   7.0064923E-45
   1.4584377E+02   4.2038954E-45
   1.4617751E+02  -8.4077908E-45
   1.4651125E+02  -1.4012985E-44
   1.4684499E+02  -2.3822074E-44
   1.4717873E+02  -2.2420775E-44
   1.4751246E+02  -2.1019477E-44
   1.4784620E+02  -1.2611686E-44
   1.4817994E+02  -4.2038954E-45
   1.4851368E+02   1.1210388E-44
   1.4884742E+02   2.6624671E-44
   1.4918116E+02   3.7835059E-44
   1.4951490E+02   4.4841551E-44
   1.4984863E+02   5.1848043E-44
   1.5018237E+02   4.4841551E-44
   1.5051611E+02   3.2229865E-44
   1.5084985E+02   1.4012985E-44
   1.5118359E+02  -1.5414283E-44
   1.5151733E+02  -4.7644148E-44
   1.5185107E+02  -7.8472714E-44
   1.5218480E+02  -1.0369609E-43
   1.5251854E+02  -1.2611686E-43
   1.5285228E+02  -1.2471556E-43
   1.5318602E+02  -1.1350518E-43
   1.5351976E+02  -7.4268819E-44
   1.5385350E+02  -1.9618179E-44
   1.5418724E+02   4.9045446E-44
   1.5452098E+02   1.2331426E-43
   1.5485471E+02   1.9478049E-43
   1.5518845E+02   2.4802983E-43
   1.5552219E+02   2.7885839E-43
   1.5585593E+02   2.6624671E-43
   1.5618967E+02   2.0739217E-43
   1.5652341E+02   1.0789998E-43
   1.5685715E+02  -3.5032462E-44
   1.5719088E+02  -2.0178698E-43
   1.5752462E+02  -3.6994279E-43
   1.5785836E+02  -5.1287524E-43
   1.5819210E+02  -5.9695315E-43
   1.5852584E+02  -5.9695315E-43
   1.5885958E+02  -4.9746095E-43
   1.5919332E+02  -2.8726619E-43
   1.5952705E+02   2.2420775E-44
   1.5986079E+02   4.0357396E-43
   1.6019453E+02   8.0854921E-43
   1.6052827E+02   1.1840972E-42
   1.6086201E+02   1.4531465E-42
   1.6119575E+02   1.5526387E-42
   1.6152949E+02   1.4293244E-42
   1.6186322E+02   1.0621842E-42
   1.6219696E+02   4.4421161E-43
   1.6253070E+02  -3.6293630E-43
   1.6286444E+02  -1.2751816E-42
   1.6319818E+02  -2.1650061E-42
   1.6353192E+02  -2.8922800E-42
   1.6386566E+02  -3.2972553E-42
   1.6419939E+02  -3.2622228E-42
   1.6453313E+02  -2.7003021E-42
   1.6486687E+02  -1.5946777E-42
   1.6520061E+02  -8.4077908E-45
   1.6553435E+02   1.8973581E-42
   1.6586809E+02   3.8872019E-42
   1.6620183E+02   5.6542393E-42
   1.6653556E+02   6.8887833E-42
   1.6686930E+02   7.2825481E-42
   1.6720304E+02   6.6183326E-42
   1.6753678E+02   4.7980459E-42
   1.6787052E+02   1.8749373E-42
   1.6820426E+02  -1.8973581E-42
   1.6853800E+02  -6.0970496E-42
   1.6887173E+02  -1.0145401E-41
   1.6920547E+02  -1.3380999E-41
   1.6953921E+02  -1.5150839E-41
   1.6987295E+02  -1.4905612E-41
   1.7020669E+02  -1.2296394E-41
   1.7054043E+02  -7.2979624E-42
   1.7087417E+02  -2.2841165E-43
   1.7120790E+02   8.1989973E-42
   1.7154164E+02   1.6936093E-41
   1.7187538E+02   2.4695083E-41
   1.7220912E+02   3.0097088E-41
   1.7254286E+02   3.1872534E-41
   1.7287660E+02   2.9093759E-41
   1.7321034E+02   2.1358591E-41
   1.7354408E+02   8.9486920E-42
   1.7387781E+02  -7.0807611E-42
   1.7421155E+02  -2.4927698E-41
   1.7454529E+02  -4.2193097E-41
   1.7487903E+02  -5.6145826E-41
   1.7521277E+02  -6.4053353E-41
   1.7554651E+02  -6.3648378E-41
   1.7588025E+02  -5.3512786E-41
   1.7621398E+02  -3.3465810E-41
   1.7654772E+02  -4.7924407E-42
   1.7688146E+02   2.9673896E-41
   1.7721520E+02   6.5730707E-41
   1.7754894E+02   9.8217009E-41
   1.7788268E+02   1.2160468E-40
   1.7821642E+02   1.3078599E-40
   1.7855015E+02   1.2191577E-40
   1.7888389E+02   9.3221380E-41
   1.7921763E+02   4.5591246E-41
   1.7955137E+02  -1.7077624E-41
   1.7988511E+02  -8.7970715E-41
   1.8021885E+02  -1.5788710E-40
   1.8055259E+02  -2.1620073E-40
   1.8088632E+02  -2.5224073E-40
   1.8122006E+02  -2.5686361E-40
   1.8155380E+02  -2.2406062E-40
   1.8188754E+02  -1.5240662E-40
   1.8222128E+02  -4.6011635E-41
   1.8255502E+02   8.5166717E-41
   1.8288876E+02   2.2584027E-40
   1.8322249E+02   3.5677900E-40
   1.8355623E+02   4.5700126E-40
   1.8388997E+02   5.0660583E-40
   1.8422371E+02   4.8987853E-40
   1.8455745E+02   3.9831348E-40
   1.8489119E+02   2.3301632E-40
   1.8522493E+02   6.1180691E-42
   1.8555866E+02  -2.5922760E-40
   1.8589240E+02  -5.3043351E-40
   1.8622614E+02  -7.6877055E-40
   1.8655988E+02  -9.3401167E-40
   1.8689362E+02  -9.9008323E-40
   1.8722736E+02  -9.1100795E-40
   1.8756110E+02  -6.8628312E-40
   1.8789483E+02  -3.2492328E-40
   1.8822857E+02   1.4275027E-40
   1.8856231E+02   6.6609321E-40
   1.8889605E+02   1.1782622E-39
   1.8922979E+02   1.6032662E-39
   1.8956353E+02   1.8655430E-39
   1.8989727E+02   1.9009104E-39
   1.9023100E+02   1.6676208E-39
   1.9056474E+02   1.1559605E-39
   1.9089848E+02   3.9471915E-40
   1.9123222E+02  -5.4684832E-40
   1.9156596E+02  -1.5625235E-39
   1.9189970E+02  -2.5184767E-39
   1.9223344E+02  -3.2680494E-39
   1.9256718E+02  -3.6706635E-39
   1.9290091E+02  -3.6128445E-39
   1.9323465E+02  -3.0286992E-39
   1.9356839E+02  -1.9168334E-39
   1.9390213E+02  -3.5080246E-40
   1.9423587E+02   1.5194433E-39
   1.9456961E+02   3.4766817E-39
   1.9490335E+02   5.2565200E-39
   1.9523708E+02   6.5772900E-39
   1.9557082E+02   7.1771453E-39
   1.9590456E+02   6.8542314E-39
   1.9623830E+02   5.5047866E-39
   1.9657204E+02   3.1534709E-39
   1.9690578E+02  -2.9487524E-41
   1.9723952E+02  -3.7288706E-39
   1.9757325E+02  -7.5054891E-39
   1.9790699E+02  -1.0837958E-38
   1.9824073E+02  -1.3182691E-38
   1.9857447E+02  -1.4046697E-38
   1.9890821E+02  -1.3065026E-38
   1.9924195E+02  -1.0072898E-38
   1.9957569E+02  -5.1614755E-39
   1.9990942E+02   1.2929809E-39
   2.0024316E+02   8.6350954E-39
   2.0057690E+02   1.5976389E-38
   2.0091064E+02   2.2281383E-38
   2.0124438E+02   2.6488504E-38
   2.0157812E+02   2.7654681E-38
   2.0191186E+02   2.5107356E-38
   2.0224559E+02   1.8583991E-38
   2.0257933E+02   8.3375955E-39
   2.0291307E+02  -4.8122663E-39
   2.0324681E+02  -1.9499170E-38
   2.0358055E+02  -3.3909500E-38
   2.0391429E+02  -4.5961662E-38
   2.0424803E+02  -5.3553345E-38
   2.0458176E+02  -5.4853812E-38
   2.0491550E+02  -4.8608028E-38
   2.0524924E+02  -3.4411950E-38
   2.0558298E+02  -1.2915440E-38
   2.0591672E+02   1.4088321E-38
   2.0625046E+02   4.3719027E-38
   2.0658420E+02   7.2228651E-38
   2.0691793E+02   9.5381319E-38
   2.0725167E+02   1.0896842E-37
   2.0758541E+02   1.0940951E-37
   2.0791915E+02   9.4369212E-38
   2.0825289E+02   6.3305833E-38
   2.0858663E+02   1.7861138E-38
   2.0892037E+02  -3.7991286E-38
   2.0925410E+02  -9.8103426E-38
   2.0958784E+02  -1.5464752E-37
   2.0992158E+02  -1.9893725E-37
   2.1025532E+02  -2.2251660E-37
   2.1058906E+02  -2.1840781E-37
   2.1092280E+02  -1.8236900E-37
   2.1125654E+02  -1.1398236E-37
   2.1159027E+02  -1.7387470E-38
   2.1192401E+02   9.8509275E-38
   2.1225775E+02   2.2047218E-37
   2.1259149E+02   3.3207330E-37
   2.1292523E+02   4.1549011E-37
   2.1325897E+02   4.5382170E-37
   2.1359271E+02   4.3368371E-37
   2.1392645E+02   3.4775479E-37
   2.1426018E+02   1.9689963E-37
   2.1459392E+02  -8.5142040E-39
   2.1492766E+02  -2.4843979E-37
   2.1526140E+02  -4.9434267E-37
   2.1559514E+02  -7.1183132E-37
   2.1592888E+02  -8.6459918E-37
   2.1626262E+02  -9.1934076E-37
   2.1659635E+02  -8.5109676E-37
   2.1693009E+02  -6.4833008E-37
   2.1726383E+02  -3.1694636E-37
   2.1759757E+02   1.1751258E-37
   2.1793131E+02   6.1014266E-37
   2.1826505E+02   1.0998138E-36
   2.1859879E+02   1.5152125E-36
   2.1893252E+02   1.7834217E-36
   2.1926626E+02   1.8402282E-36
   2.1960000E+02   1.6409595E-36
   2.1993374E+02   1.1703573E-36
   2.2026748E+02   4.4988192E-37
   2.2060122E+02  -4.5906627E-37
   2.2093496E+02  -1.4571872E-36
   2.2126869E+02  -2.4151971E-36
   2.2160243E+02  -3.1874752E-36
   2.2193617E+02  -3.6304430E-36
   2.2226991E+02  -3.6237964E-36
   2.2260365E+02  -3.0919842E-36
   2.2293739E+02  -2.0228332E-36
   2.2327113E+02  -4.8011257E-37
   2.2360486E+02   1.3928396E-36
   2.2393860E+02   3.3804725E-36
   2.2427234E+02   5.2141572E-36
   2.2460608E+02   6.6023006E-36
   2.2493982E+02   7.2688914E-36
   2.2527356E+02   6.9962778E-36
   2.2560730E+02   5.6666203E-36
   2.2594103E+02   3.2957672E-36
   2.2627477E+02   5.3306593E-38
   2.2660851E+02  -3.7364323E-36
   2.2694225E+02  -7.6157570E-36
   2.2727599E+02  -1.1037973E-35
   2.2760973E+02  -1.3432086E-35
   2.2794347E+02  -1.4281740E-35
   2.2827720E+02  -1.3209258E-35
   2.2861094E+02  -1.0053362E-35
   2.2894468E+02  -4.9281743E-36
   2.2927842E+02   1.7481719E-36
   2.2961216E+02   9.2644301E-36
   2.2994590E+02   1.6671568E-35
   2.3027964E+02   2.2881663E-35
   2.3061337E+02   2.6803099E-35
   2.3094711E+02   2.7498194E-35
   2.3128085E+02   2.4344072E-35
   2.3161459E+02   1.7173726E-35
   2.3194833E+02   6.3737594E-36
   2.3228207E+02  -7.0825608E-36
   2.3261581E+02  -2.1681970E-35
   2.3294955E+02  -3.5503672E-35
   2.3328328E+02  -4.6431981E-35
   2.3361702E+02  -5.2431146E-35
   2.3395076E+02  -5.1852192E-35
   2.3428450E+02  -4.3732640E-35
   2.3461824E+02  -2.8044153E-35
   2.3495198E+02  -5.8443055E-36
   2.3528572E+02   2.0704668E-35
   2.3561945E+02   4.8473903E-35
   2.3595319E+02   7.3667060E-35
   2.3628693E+02   9.2262801E-35
   2.3662067E+02   1.0055863E-34
   2.3695441E+02   9.5753704E-35
   2.3728815E+02   7.6492167E-35
   2.3762189E+02   4.3282617E-35
   2.3795562E+02  -1.2859760E-36
   2.3828936E+02  -5.2594430E-35
   2.3862310E+02  -1.0434322E-34
   2.3895684E+02  -1.4919783E-34
   2.3929058E+02  -1.7968173E-34
   2.3962432E+02  -1.8922664E-34
   2.3995806E+02  -1.7325258E-34
   2.4029179E+02  -1.3012778E-34
   2.4062553E+02  -6.1851321E-35
   2.4095927E+02   2.5680184E-35
   2.4129301E+02   1.2292429E-34
   2.4162675E+02   2.1750390E-34
   2.4196049E+02   2.9554628E-34
   2.4229423E+02   3.4343766E-34
   2.4262796E+02   3.4980402E-34
   2.4296170E+02   3.0746937E-34
   2.4329544E+02   2.1510761E-34
   2.4362918E+02   7.8307255E-35
   2.4396292E+02  -9.0191159E-35
   2.4429666E+02  -2.7124018E-34
   2.4463040E+02  -4.4105338E-34
   2.4496413E+02  -5.7389453E-34
   2.4529787E+02  -6.4544154E-34
   2.4563161E+02  -6.3644488E-34
   2.4596535E+02  -5.3620561E-34
   2.4629909E+02  -3.4535067E-34
   2.4663283E+02  -7.7410723E-35
   2.4696657E+02   2.4119959E-34
   2.4730030E+02   5.7302622E-34
   2.4763404E+02   8.7325097E-34
   2.4796778E+02   1.0949412E-33
   2.4830152E+02   1.1953604E-33
   2.4863526E+02   1.1426017E-33
   2.4896900E+02   9.2165075E-34
   2.4930274E+02   5.3894809E-34
   2.4963647E+02   2.4586601E-35
   2.4997021E+02  -5.6850162E-34
   2.5030395E+02  -1.1686822E-33
   2.5063769E+02  -1.6929741E-33
   2.5097143E+02  -2.0570494E-33
   2.5130517E+02  -2.1868425E-33
   2.5163891E+02  -2.0303796E-33
   2.5197264E+02  -1.5681947E-33
   2.5230638E+02  -8.2067689E-34
   2.5264012E+02   1.4910540E-34
   2.5297386E+02   1.2381399E-33
   2.5330760E+02   2.3121562E-33
   2.5364134E+02   3.2198847E-33
   2.5397508E+02   3.8116822E-33
   2.5430882E+02   3.9605340E-33
   2.5464255E+02   3.5828495E-33
   2.5497629E+02   2.6561301E-33
   2.5531003E+02   1.2306262E-33
   2.5564377E+02  -5.6745888E-34
   2.5597751E+02  -2.5428266E-33
   2.5631125E+02  -4.4484343E-33
   2.5664499E+02  -6.0123755E-33
   2.5697872E+02  -6.9718849E-33
   2.5731246E+02  -7.1107446E-33
   2.5764620E+02  -6.2953967E-33
   2.5797994E+02  -4.5046343E-33
   2.5831368E+02  -1.8478859E-33
   2.5864742E+02   1.4319150E-33
   2.5898116E+02   4.9733763E-33
   2.5931489E+02   8.3299328E-33
   2.5964863E+02   1.1019266E-32
   2.5998237E+02   1.2584231E-32
   2.6031611E+02   1.2658531E-32
   2.6064985E+02   1.1028767E-32
   2.6098359E+02   7.6839391E-33
   2.6131733E+02   2.8440188E-33
   2.6165106E+02  -3.0390966E-33
   2.6198480E+02  -9.3119562E-33
   2.6231854E+02  -1.5181266E-32
   2.6265228E+02  -1.9802623E-32
   2.6298602E+02  -2.2387810E-32
   2.6331976E+02  -2.2318450E-32
   2.6365350E+02  -1.9251588E-32
   2.6398723E+02  -1.3201779E-32
   2.6432097E+02  -4.5856306E-33
   2.6465471E+02   5.7819746E-33
   2.6498845E+02   1.6745749E-32
   2.6532219E+02   2.6920966E-32
   2.6565593E+02   3.4849378E-32
   2.6598967E+02   3.9184837E-32
   2.6632340E+02   3.8887431E-32
   2.6665714E+02   3.3401225E-32
   2.6699088E+02   2.2789597E-32
   2.6732462E+02   7.8050143E-33
   2.6765836E+02  -1.0124544E-32
   2.6799210E+02  -2.9000821E-32
   2.6832584E+02  -4.6449568E-32
   2.6865957E+02  -5.9988886E-32
   2.6899331E+02  -6.7344988E-32
   2.6932705E+02  -6.6779129E-32
   2.6966079E+02  -5.7383543E-32
   2.6999453E+02  -3.9303265E-32
   2.7032827E+02  -1.3845379E-32
   2.7066201E+02   1.6552321E-32
   2.7099574E+02   4.8506145E-32
   2.7132948E+02   7.8018600E-32
   2.7166322E+02   1.0093138E-31
   2.7199696E+02   1.1345351E-31
   2.7233070E+02   1.1270409E-31
   2.7266444E+02   9.7198895E-32
   2.7299818E+02   6.7210617E-32
   2.7333192E+02   2.4939835E-32
   2.7366565E+02  -2.5547803E-32
   2.7399939E+02  -7.8637169E-32
   2.7433313E+02  -1.2771962E-31
   2.7466687E+02  -1.6594408E-31
   2.7500061E+02  -1.8708643E-31
   2.7533435E+02  -1.8643662E-31
   2.7566809E+02  -1.6158818E-31
   2.7600182E+02  -1.1301562E-31
   2.7633556E+02  -4.4339309E-32
   2.7666930E+02   3.7792549E-32
   2.7700304E+02   1.2423214E-31
   2.7733678E+02   2.0424760E-31
   2.7767052E+02   2.6674830E-31
   2.7800426E+02   3.0169443E-31
   2.7833799E+02   3.0152479E-31
   2.7867173E+02   2.6241799E-31
   2.7900547E+02   1.8520285E-31
   2.7933921E+02   7.5758977E-32
   2.7967295E+02  -5.5200251E-32
   2.8000669E+02  -1.9300262E-31
   2.8034043E+02  -3.2050573E-31
   2.8067416E+02  -4.2007109E-31
   2.8100790E+02  -4.7581721E-31
   2.8134164E+02  -4.7588450E-31
   2.8167538E+02  -4.1441621E-31
   2.8200912E+02  -2.9296411E-31
   2.8234286E+02  -1.2107166E-31
   2.8267660E+02   8.4130695E-32
   2.8301033E+02   2.9936978E-31
   2.8334407E+02   4.9763448E-31
   2.8367781E+02   6.5132769E-31
   2.8401155E+02   7.3582726E-31
   2.8434529E+02   7.3303169E-31
   2.8467903E+02   6.3441999E-31
   2.8501277E+02   4.4317063E-31
   2.8534650E+02   1.7495825E-31
   2.8568024E+02  -1.4281271E-31
   2.8601398E+02  -4.7340571E-31
   2.8634772E+02  -7.7463310E-31
   2.8668146E+02  -1.0038639E-30
   2.8701520E+02  -1.1236133E-30
   2.8734894E+02  -1.1070349E-30
   2.8768267E+02  -9.4257532E-31
   2.8801641E+02  -6.3708921E-31
   2.8835015E+02  -2.1683390E-31
   2.8868389E+02   2.7400534E-31
   2.8901763E+02   7.7732959E-31
   2.8935137E+02   1.2274067E-30
   2.8968511E+02   1.5588278E-30
   2.9001884E+02   1.7152490E-30
   2.9035258E+02   1.6578476E-30
   2.9068632E+02   1.3723234E-30
   2.9102006E+02   8.7337124E-31
   2.9135380E+02   2.0575470E-31
   2.9168754E+02  -5.5852274E-31
   2.9202128E+02  -1.3269746E-30
   2.9235501E+02  -1.9968393E-30
   2.9268875E+02  -2.4677365E-30
   2.9302249E+02  -2.6553432E-30
   2.9335623E+02  -2.5043691E-30
   2.9368997E+02  -1.9990278E-30
   2.9402371E+02  -1.1693440E-30
   2.9435745E+02  -9.2003827E-32
   2.9469119E+02   1.1149333E-30
   2.9502492E+02   2.3034077E-30
   2.9535866E+02   3.3119465E-30
   2.9569240E+02   3.9857982E-30
   2.9602614E+02   4.1983084E-30
   2.9635988E+02   3.8708107E-30
   2.9669362E+02   2.9882310E-30
   2.9702736E+02   1.6078656E-30
   2.9736109E+02  -1.4054394E-31
   2.9769483E+02  -2.0643825E-30
   2.9802857E+02  -3.9270900E-30
   2.9836231E+02  -5.4749336E-30
   2.9869605E+02  -6.4688594E-30
   2.9902979E+02  -6.7177317E-30
   2.9936353E+02  -6.1086661E-30
   2.9969726E+02  -4.6301519E-30
   3.0003100E+02  -2.3841049E-30
   3.0036474E+02   4.1583385E-31
   3.0069848E+02   3.4609954E-30
   3.0103222E+02   6.3786356E-30
   3.0136596E+02   8.7745240E-30
   3.0169970E+02   1.0282677E-29
   3.0203343E+02   1.0616358E-29
   3.0236717E+02   9.6137074E-30
   3.0270091E+02   7.2714260E-30
   3.0303465E+02   3.7608183E-30
   3.0336839E+02  -5.7760351E-31
   3.0370213E+02  -5.2624208E-30
   3.0403587E+02  -9.7209403E-30
   3.0436960E+02  -1.3355673E-29
   3.0470334E+02  -1.5620431E-29
   3.0503708E+02  -1.6096879E-29
   3.0537082E+02  -1.4561392E-29
   3.0570456E+02  -1.1032405E-29
   3.0603830E+02  -5.7901263E-30
   3.0637204E+02   6.3664812E-31
   3.0670577E+02   7.5178856E-30
   3.0703951E+02   1.4000697E-29
   3.0737325E+02   1.9211184E-29
   3.0770699E+02   2.2368211E-29
   3.0804073E+02   2.2894975E-29
   3.0837447E+02   2.0513224E-29
   3.0870821E+02   1.5305815E-29
   3.0904194E+02   7.7363681E-30
   3.0937568E+02  -1.3804968E-30
   3.0970942E+02  -1.0958784E-29
   3.1004316E+02  -1.9764319E-29
   3.1037690E+02  -2.6568655E-29
   3.1071064E+02  -3.0315546E-29
   3.1104438E+02  -3.0278354E-29
   3.1137811E+02  -2.6186201E-29
   3.1171185E+02  -1.8298673E-29
   3.1204559E+02  -7.4142412E-30
   3.1237933E+02   5.1946017E-30
   3.1271307E+02   1.7917254E-29
   3.1304681E+02   2.8999552E-29
   3.1338055E+02   3.6775259E-29
   3.1371429E+02   3.9905774E-29
   3.1404802E+02   3.7595395E-29
   3.1438176E+02   2.9749879E-29
   3.1471550E+02   1.7050890E-29
   3.1504924E+02   9.2811015E-31
   3.1538298E+02  -1.6576726E-29
   3.1571672E+02  -3.3044763E-29
   3.1605046E+02  -4.5990485E-29
   3.1638419E+02  -5.3210844E-29
   3.1671793E+02  -5.3127452E-29
   3.1705167E+02  -4.5072912E-29
   3.1738541E+02  -2.9474983E-29
   3.1771915E+02  -7.9023072E-30
   3.1805289E+02   1.7048326E-29
   3.1838663E+02   4.2023572E-29
   3.1872036E+02   6.3320929E-29
   3.1905410E+02   7.7388319E-29
   3.1938784E+02   8.1353821E-29
   3.1972158E+02   7.3513492E-29
   3.2005532E+02   5.3703287E-29
   3.2038906E+02   2.3489881E-29
   3.2072280E+02  -1.3866070E-29
   3.2105653E+02  -5.3693181E-29
   3.2139027E+02  -9.0425535E-29
   3.2172401E+02  -1.1830364E-28
   3.2205775E+02  -1.3218089E-28
   3.2239149E+02  -1.2833232E-28
   3.2272523E+02  -1.0515222E-28
   3.2305897E+02  -6.3628699E-29
   3.2339270E+02  -7.5044161E-30
   3.2372644E+02   5.6934630E-29
   3.2406018E+02   1.2145388E-28
   3.2439392E+02   1.7680734E-28
   3.2472766E+02   2.1392536E-28
   3.2506140E+02   2.2521329E-28
   3.2539514E+02   2.0579390E-28
   3.2572887E+02   1.5451351E-28
   3.2606261E+02   7.4545508E-29
   3.2639635E+02  -2.6536540E-29
   3.2673009E+02  -1.3728704E-28
   3.2706383E+02  -2.4351078E-28
   3.2739757E+02  -3.2989268E-28
   3.2773131E+02  -3.8196800E-28
   3.2806504E+02  -3.8820094E-28
   3.2839878E+02  -3.4190168E-28
   3.2873252E+02  -2.4270237E-28
   3.2906626E+02  -9.7345353E-29
   3.2940000E+02   8.0398397E-29
   3.2973374E+02   2.7076382E-28
   3.3006748E+02   4.4994317E-28
   3.3040121E+02   5.9279093E-28
   3.3073495E+02   6.7600208E-28
   3.3106869E+02   6.8139084E-28
   3.3140243E+02   5.9884741E-28
   3.3173617E+02   4.2854753E-28
   3.3206991E+02   1.8204788E-28
   3.3240365E+02  -1.1798764E-28
   3.3273739E+02  -4.3953376E-28
   3.3307112E+02  -7.4433962E-28
   3.3340486E+02  -9.9218191E-28
   3.3373860E+02  -1.1457914E-27
   3.3407234E+02  -1.1758831E-27
   3.3440608E+02  -1.0656453E-27
   3.3473982E+02  -8.1406825E-28
   3.3507356E+02  -4.3756912E-28
   3.3540729E+02   3.0436121E-29
   3.3574103E+02   5.4214957E-28
   3.3607477E+02   1.0400508E-27
   3.3640851E+02   1.4631748E-27
   3.3674225E+02   1.7543589E-27
   3.3707599E+02   1.8676047E-27
   3.3740973E+02   1.7746478E-27
   3.3774346E+02   1.4698245E-27
   3.3807720E+02   9.7250853E-28
   3.3841094E+02   3.2660375E-28
   3.3874468E+02  -4.0304410E-28
   3.3907842E+02  -1.1371031E-27
   3.3941216E+02  -1.7904602E-27
   3.3974590E+02  -2.2822428E-27
   3.4007963E+02  -2.5459738E-27
   3.4041337E+02  -2.5385948E-27
   3.4074711E+02  -2.2471348E-27
   3.4108085E+02  -1.6920283E-27
   3.4141459E+02  -9.2644828E-28
   3.4174833E+02  -3.1481732E-29
   3.4208207E+02   8.9248585E-28
   3.4241580E+02   1.7373211E-27
   3.4274954E+02   2.4003181E-27
   3.4308328E+02   2.7974090E-27
   3.4341702E+02   2.8747052E-27
   3.4375076E+02   2.6167716E-27
   3.4408450E+02   2.0503708E-27
   3.4441824E+02   1.2429064E-27
   3.4475197E+02   2.9544719E-28
   3.4508571E+02  -6.6908453E-28
   3.4541945E+02  -1.5213080E-27
   3.4575319E+02  -2.1425555E-27
   3.4608693E+02  -2.4416480E-27
   3.4642067E+02  -2.3690256E-27
   3.4675441E+02  -1.9261476E-27
   3.4708814E+02  -1.1685767E-27
   3.4742188E+02  -2.0186644E-28
   3.4775562E+02   8.2973424E-28
   3.4808936E+02   1.7607969E-27
   3.4842310E+02   2.4266068E-27
   3.4875684E+02   2.6868350E-27
   3.4909058E+02   2.4479737E-27
   3.4942431E+02   1.6814495E-27
   3.4975805E+02   4.3456308E-28
   3.5009179E+02  -1.1677874E-27
   3.5042553E+02  -2.9317266E-27
   3.5075927E+02  -4.6131996E-27
   3.5109301E+02  -5.9454513E-27
   3.5142675E+02  -6.6724798E-27
   3.5176048E+02  -6.5847121E-27
   3.5209422E+02  -5.5525585E-27
   3.5242796E+02  -3.5533542E-27
   3.5276170E+02  -6.8765940E-28
   3.5309544E+02   2.8182626E-27
   3.5342918E+02   6.6253793E-27
   3.5376292E+02   1.0310267E-26
   3.5409666E+02   1.3406910E-26
   3.5443039E+02   1.5458216E-26
   3.5476413E+02   1.6071939E-26
   3.5509787E+02   1.4974783E-26
   3.5543161E+02   1.2058041E-26
   3.5576535E+02   7.4085625E-27
   3.5609909E+02   1.3201038E-27
   3.5643283E+02  -5.7181469E-27
   3.5676656E+02  -1.3056608E-26
   3.5710030E+02  -1.9941941E-26
   3.5743404E+02  -2.5590777E-26
   3.5776778E+02  -2.9273571E-26
   3.5810152E+02  -3.0399935E-26
   3.5843526E+02  -2.8595974E-26
   3.5876900E+02  -2.3764184E-26
   3.5910273E+02  -1.6117914E-26
   3.5943647E+02  -6.1843244E-27
   3.5977021E+02   5.2267505E-27
   3.6010395E+02   1.7087256E-26
   3.6043769E+02   2.8244043E-26
   3.6077143E+02   3.7532430E-26
   3.6110517E+02   4.3898957E-26
   3.6143890E+02   4.6520610E-26
   3.6177264E+02   4.4906754E-26
   3.6210638E+02   3.8971639E-26
   3.6244012E+02   2.9067272E-26
   3.6277386E+02   1.5970498E-26
   3.6310760E+02   8.2295295E-28
   3.6344134E+02  -1.4972337E-26
   3.6377507E+02  -2.9888649E-26
   3.6410881E+02  -4.2434082E-26
   3.6444255E+02  -5.1313969E-26
   3.6477629E+02  -5.5579084E-26
   3.6511003E+02  -5.4741616E-26
   3.6544377E+02  -4.8843898E-26
   3.6577751E+02  -3.8469397E-26
   3.6611124E+02  -2.4691397E-26
   3.6644498E+02  -8.9623936E-27
   3.6677872E+02   7.0456526E-27
   3.6711246E+02   2.1633481E-26
   3.6744620E+02   3.3277533E-26
   3.6777994E+02   4.0818794E-26
   3.6811368E+02   4.3613623E-26
   3.6844741E+02   4.1624643E-26
   3.6878115E+02   3.5437592E-26
   3.6911489E+02   2.6196505E-26
   3.6944863E+02   1.5461221E-26
   3.6978237E+02   5.0011809E-27
   3.7011611E+02  -3.4518489E-27
   3.7044985E+02  -8.4614669E-27
   3.7078358E+02  -9.1196296E-27
   3.7111732E+02  -5.2227122E-27
   3.7145106E+02   2.6399631E-27
   3.7178480E+02   1.3104357E-26
   3.7211854E+02   2.4163561E-26
   3.7245228E+02   3.3406663E-26
   3.7278602E+02   3.8341472E-26
   3.7311976E+02   3.6765195E-26
   3.7345349E+02   2.7136843E-26
   3.7378723E+02   8.9017129E-27
   3.7412097E+02  -1.7282929E-26
   3.7445471E+02  -4.9460454E-26
   3.7478845E+02  -8.4452638E-26
   3.7512219E+02  -1.1811056E-25
   3.7545593E+02  -1.4572275E-25
   3.7578966E+02  -1.6254709E-25
   3.7612340E+02  -1.6440717E-25
   3.7645714E+02  -1.4828816E-25
   3.7679088E+02  -1.1285566E-25
   3.7712462E+02  -5.8827706E-26
   3.7745836E+02   1.0857626E-26
   3.7779210E+02   9.1119431E-26
   3.7812583E+02   1.7506091E-25
   3.7845957E+02   2.5453248E-25
   3.7879331E+02   3.2087916E-25
   3.7912705E+02   3.6580244E-25
   3.7946079E+02   3.8224650E-25
   3.7979453E+02   3.6521452E-25
   3.8012827E+02   3.1242580E-25
   3.8046200E+02   2.2474033E-25
   3.8079574E+02   1.0629859E-25
   3.8112948E+02  -3.5640067E-26
   3.8146322E+02  -1.9114728E-25
   3.8179696E+02  -3.4832545E-25
   3.8213070E+02  -4.9419192E-25
   3.8246444E+02  -6.1566107E-25
   3.8279817E+02  -7.0055424E-25
   3.8313191E+02  -7.3854361E-25
   3.8346565E+02  -7.2197901E-25
   3.8379939E+02  -6.4653935E-25
   3.8413313E+02  -5.1169063E-25
   3.8446687E+02  -3.2093682E-25
   3.8480061E+02  -8.1868182E-26
   3.8513434E+02   1.9397959E-25
   3.8546808E+02   4.9144462E-25
   3.8580182E+02   7.9223447E-25
   3.8613556E+02   1.0755907E-24
   3.8646930E+02   1.3191361E-24
   3.8680304E+02   1.4999091E-24
   3.8713678E+02   1.5956002E-24
   3.8747051E+02   1.5859715E-24
   3.8780425E+02   1.4544647E-24
   3.8813799E+02   1.1899211E-24
   3.8847173E+02   7.8837117E-25
   3.8880547E+02   2.5476105E-25
   3.8913921E+02  -3.9548269E-25
   3.8947295E+02  -1.1352440E-24
   3.8980668E+02  -1.9250306E-24
   3.9014042E+02  -2.7130177E-24
   3.9047416E+02  -3.4360596E-24
   3.9080790E+02  -4.0218582E-24
   3.9114164E+02  -4.3925144E-24
   3.9147538E+02  -4.4695865E-24
   3.9180912E+02  -4.1807119E-24
   3.9214285E+02  -3.4676850E-24
   3.9247659E+02  -2.2956598E-24
   3.9281033E+02  -6.6293011E-25
   3.9314407E+02   1.3896442E-24
   3.9347781E+02   3.7707370E-24
   3.9381155E+02   6.3336585E-24
   3.9414529E+02   8.8760546E-24
   3.9447903E+02   1.1145801E-23
   3.9481276E+02   1.2854387E-23
   3.9514650E+02   1.3698477E-23
   3.9548024E+02   1.3389503E-23
   3.9581398E+02   1.1689903E-23
   3.9614772E+02   8.4533759E-24
   3.9648146E+02   3.6650233E-24
   3.9681520E+02  -2.5237554E-24
   3.9714893E+02  -9.7716153E-24
   3.9748267E+02  -1.7540933E-23
   3.9781641E+02  -2.5114009E-23
   3.9815015E+02  -3.1635395E-23
   3.9848389E+02  -3.6181200E-23
   3.9881763E+02  -3.7852733E-23
   3.9915137E+02  -3.5888126E-23
   3.9948510E+02  -2.9781392E-23
   3.9981884E+02  -1.9395346E-23
   4.0015258E+02  -5.0526048E-24
   4.0048632E+02   1.2411610E-23
   4.0082006E+02   3.1649093E-23
   4.0115380E+02   5.0861214E-23
   4.0148754E+02   6.7928352E-23
   4.0182127E+02   8.0602412E-23
   4.0215501E+02   8.6749664E-23
   4.0248875E+02   8.4622409E-23
   4.0282249E+02   7.3130479E-23
   4.0315623E+02   5.2078861E-23
   4.0348997E+02   2.2336164E-23
   4.0382371E+02  -1.4098047E-23
   4.0415744E+02  -5.4151849E-23
   4.0449118E+02  -9.3877982E-23
   4.0482492E+02  -1.2878706E-22
   4.0515866E+02  -1.5429675E-22
   4.0549240E+02  -1.6626043E-22
   4.0582614E+02  -1.6152210E-22
   4.0615988E+02  -1.3843474E-22
   4.0649361E+02  -9.7272835E-23
   4.0682735E+02  -4.0473361E-23
   4.0716109E+02   2.7349997E-23
   4.0749483E+02   9.9655107E-23
   4.0782857E+02   1.6849174E-22
   4.0816231E+02   2.2527111E-22
   4.0849605E+02   2.6172807E-22
   4.0882978E+02   2.7098745E-22
   4.0916352E+02   2.4861776E-22
   4.0949726E+02   1.9353900E-22
   4.0983100E+02   1.0864801E-22
   4.1016474E+02   1.0362950E-24
   4.1049848E+02  -1.1829273E-22
   4.1083222E+02  -2.3525385E-22
   4.1116595E+02  -3.3404084E-22
   4.1149969E+02  -3.9893097E-22
   4.1183343E+02  -4.1637326E-22
   4.1216717E+02  -3.7713461E-22
   4.1250091E+02  -2.7823260E-22
   4.1283465E+02  -1.2436074E-22
   4.1316839E+02   7.1469290E-23
   4.1350213E+02   2.8829112E-22
   4.1383586E+02   4.9867768E-22
   4.1416960E+02   6.7136380E-22
   4.1450334E+02   7.7484034E-22
   4.1483708E+02   7.8160803E-22
   4.1517082E+02   6.7263213E-22
   4.1550456E+02   4.4143455E-22
   4.1583830E+02   9.7214516E-23
   4.1617203E+02  -3.3359060E-22
   4.1650577E+02  -8.0777983E-22
   4.1683951E+02  -1.2681824E-21
   4.1717325E+02  -1.6487985E-21
   4.1750699E+02  -1.8820057E-21
   4.1784073E+02  -1.9072319E-21
   4.1817447E+02  -1.6802086E-21
   4.1850820E+02  -1.1816993E-21
   4.1884194E+02  -4.2447891E-22
   4.1917568E+02   5.4262528E-22
   4.1950942E+02   1.6346450E-21
   4.1984316E+02   2.7350061E-21
   4.2017690E+02   3.7048927E-21
   4.2051064E+02   4.3970627E-21
   4.2084437E+02   4.6731197E-21
   4.2117811E+02   4.4226617E-21
   4.2151185E+02   3.5821957E-21
   4.2184559E+02   2.1514111E-21
   4.2217933E+02   2.0429342E-22
   4.2251307E+02  -2.1072384E-21
   4.2284681E+02  -4.5589510E-21
   4.2318054E+02  -6.8701276E-21
   4.2351428E+02  -8.7294430E-21
   4.2384802E+02  -9.8294001E-21
   4.2418176E+02  -9.9064863E-21
   4.2451550E+02  -8.7829068E-21
   4.2484924E+02  -6.4047383E-21
   4.2518298E+02  -2.8708252E-21
   4.2551671E+02   1.5531530E-21
   4.2585045E+02   6.4401823E-21
   4.2618419E+02   1.1229969E-20
   4.2651793E+02   1.5280118E-20
   4.2685167E+02   1.7937917E-20
   4.2718541E+02   1.8626904E-20
   4.2751915E+02   1.6939124E-20
   4.2785288E+02   1.2721409E-20
   4.2818662E+02   6.1424784E-21
   4.2852036E+02  -2.2721617E-21
   4.2885410E+02  -1.1648676E-20
   4.2918784E+02  -2.0823826E-20
   4.2952158E+02  -2.8455633E-20
   4.2985532E+02  -3.3179998E-20
   4.3018905E+02  -3.3799653E-20
   4.3052279E+02  -2.9484759E-20
   4.3085653E+02  -1.9958639E-20
   4.3119027E+02  -5.6395478E-21
   4.3152401E+02   1.2290004E-20
   4.3185775E+02   3.1909452E-20
   4.3219149E+02   5.0695741E-20
   4.3252522E+02   6.5768788E-20
   4.3285896E+02   7.4231770E-20
   4.3319270E+02   7.3575143E-20
   4.3352644E+02   6.2098510E-20
   4.3386018E+02   3.9294307E-20
   4.3419392E+02   6.1327744E-21
   4.3452766E+02  -3.4808238E-20
   4.3486140E+02  -7.9413022E-20
   4.3519513E+02  -1.2232082E-19
   4.3552887E+02  -1.5743783E-19
   4.3586261E+02  -1.7863372E-19
   4.3619635E+02  -1.8055666E-19
   4.3653009E+02  -1.5947439E-19
   4.3686383E+02  -1.1403116E-19
   4.3719757E+02  -4.5805498E-20
   4.3753130E+02   4.0436834E-20
   4.3786504E+02   1.3687367E-19
   4.3819878E+02   2.3317978E-19
   4.3853252E+02   3.1749043E-19
   4.3886626E+02   3.7770460E-19
   4.3920000E+02   4.0300498E-19
   4.3953374E+02   3.8542326E-19
   4.3986747E+02   3.2125219E-19
   4.4020121E+02   2.1210110E-19
   4.4053495E+02   6.5411233E-20
   4.4086869E+02  -1.0570412E-19
   4.4120243E+02  -2.8335749E-19
   4.4153617E+02  -4.4649741E-19
   4.4186991E+02  -5.7311064E-19
   4.4220364E+02  -6.4280407E-19
   4.4253738E+02  -6.3948454E-19
   4.4287112E+02  -5.5380683E-19
   4.4320486E+02  -3.8506134E-19
   4.4353860E+02  -1.4220327E-19
   4.4387234E+02   1.5618957E-19
   4.4420608E+02   4.8313272E-19
   4.4453981E+02   8.0558820E-19
   4.4487355E+02   1.0877772E-18
   4.4520729E+02   1.2951405E-18
   4.4554103E+02   1.3985308E-18
   4.4587477E+02   1.3781708E-18
   4.4620851E+02   1.2268905E-18
   4.4654225E+02   9.5221951E-19
   4.4687598E+02   5.7699642E-19
   4.4720972E+02   1.3831168E-19
   4.4754346E+02  -3.1524623E-19
   4.4787720E+02  -7.2788037E-19
   4.4821094E+02  -1.0420850E-18
   4.4854468E+02  -1.2048781E-18
   4.4887842E+02  -1.1741793E-18
   4.4921215E+02  -9.2469301E-19
   4.4954589E+02  -4.5266616E-19
   4.4987963E+02   2.2104629E-19
   4.5021337E+02   1.0500241E-18
   4.5054711E+02   1.9636798E-18
   4.5088085E+02   2.8710223E-18
   4.5121459E+02   3.6665562E-18
   4.5154832E+02   4.2378216E-18
   4.5188206E+02   4.4738026E-18
   4.5221580E+02   4.2732787E-18
   4.5254954E+02   3.5519508E-18
   4.5288328E+02   2.2472487E-18
   4.5321702E+02   3.1972268E-19
   4.5355076E+02  -2.2497334E-18
   4.5388450E+02  -5.4672354E-18
   4.5421823E+02  -9.3376631E-18
   4.5455197E+02  -1.3880087E-17
   4.5488571E+02  -1.9145568E-17
   4.5521945E+02  -2.5235659E-17
   4.5555319E+02  -3.2319796E-17
   4.5588693E+02  -4.0649859E-17
   4.5622067E+02  -5.0570792E-17
   4.5655440E+02  -6.2526741E-17
   4.5688814E+02  -7.7063203E-17
   4.5722188E+02  -9.4826199E-17
   4.5755562E+02  -1.1656011E-16
   4.5788936E+02  -1.4310599E-16
   4.5822310E+02  -1.7540149E-16
   4.5855684E+02  -2.1448312E-16
   4.5889057E+02  -2.6149098E-16
   4.5922431E+02  -3.1767473E-16
   4.5955805E+02  -3.8439861E-16
   4.5989179E+02  -4.6314353E-16
   4.6022553E+02  -5.5550099E-16
   4.6055927E+02  -6.6315787E-16
   4.6089301E+02  -7.8786510E-16
   4.6122674E+02  -9.3138896E-16
   4.6156048E+02  -1.0954363E-15
   4.6189422E+02  -1.2815449E-15
   4.6222796E+02  -1.4909311E-15
   4.6256170E+02  -1.7242831E-15
   4.6289544E+02  -1.9814845E-15
   4.6322918E+02  -2.2612667E-15
   4.6356291E+02  -2.5607570E-15
   4.6389665E+02  -2.8749264E-15
   4.6423039E+02  -3.1958981E-15
   4.6456413E+02  -3.5121006E-15
   4.6489787E+02  -3.8072056E-15
   4.6523161E+02  -4.0588303E-15
   4.6556535E+02  -4.2368859E-15
   4.6589908E+02  -4.3015408E-15
   4.6623282E+02  -4.2006719E-15
   4.6656656E+02  -3.8667359E-15
   4.6690030E+02  -3.2128904E-15
   4.6723404E+02  -2.1283166E-15
   4.6756778E+02  -4.7246460E-16
   4.6790152E+02   1.9319039E-15
   4.6823525E+02   5.3071997E-15
   4.6856899E+02   9.9312462E-15
   4.6890273E+02   1.6149666E-14
   4.6923647E+02   2.4390588E-14
   4.6957021E+02   3.5182503E-14
   4.6990395E+02   4.9175372E-14
   4.7023769E+02   6.7165688E-14
   4.7057142E+02   9.0126203E-14
   4.7090516E+02   1.1924064E-13
   4.7123890E+02   1.5594524E-13
   4.7157264E+02   2.0197730E-13
   4.7190638E+02   2.5943223E-13
   4.7224012E+02   3.3083123E-13
   4.7257386E+02   4.1920018E-13
   4.7290760E+02   5.2816443E-13
   4.7324133E+02   6.6205732E-13
   4.7357507E+02   8.2604876E-13
   4.7390881E+02   1.0262952E-12
   4.7424255E+02   1.2701132E-12
   4.7457629E+02   1.5661810E-12
   4.7491003E+02   1.9247733E-12
   4.7524377E+02   2.3580300E-12
   4.7557750E+02   2.8802694E-12
   4.7591124E+02   3.5083477E-12
   4.7624498E+02   4.2620725E-12
   4.7657872E+02   5.1646794E-12
   4.7691246E+02   6.2433769E-12
   4.7724620E+02   7.5299680E-12
   4.7757994E+02   9.0615753E-12
   4.7791367E+02   1.0881447E-11
   4.7824741E+02   1.3039896E-11
   4.7858115E+02   1.5595355E-11
   4.7891489E+02   1.8615569E-11
   4.7924863E+02   2.2178977E-11
   4.7958237E+02   2.6376229E-11
   4.7991611E+02   3.1311922E-11
   4.8024984E+02   3.7106589E-11
   4.8058358E+02   4.3898836E-11
   4.8091732E+02   5.1847870E-11
   4.8125106E+02   6.1136214E-11
   4.8158480E+02   7.1972830E-11
   4.8191854E+02   8.4596510E-11
   4.8225228E+02   9.9279820E-11
   4.8258601E+02   1.1633319E-10
   4.8291975E+02   1.3610973E-10
   4.8325349E+02   1.5901058E-10
   4.8358723E+02   1.8549047E-10
   4.8392097E+02   2.1606408E-10
   4.8425471E+02   2.5131319E-10
   4.8458845E+02   2.9189412E-10
   4.8492218E+02   3.3854622E-10
   4.8525592E+02   3.9210113E-10
   4.8558966E+02   4.5349241E-10
   4.8592340E+02   5.2376636E-10
   4.8625714E+02   6.0409400E-10
   4.8659088E+02   6.9578304E-10
   4.8692462E+02   8.0029194E-10
   4.8725835E+02   9.1924407E-10
   4.8759209E+02   1.0544428E-09
   4.8792583E+02   1.2078889E-09
   4.8825957E+02   1.3817980E-09
   4.8859331E+02   1.5786179E-09
   4.8892705E+02   1.8010508E-09
   4.8926079E+02   2.0520710E-09
   4.8959452E+02   2.3349478E-09
   4.8992826E+02   2.6532683E-09
   4.9026200E+02   3.0109595E-09
   4.9059574E+02   3.4123131E-09
   4.9092948E+02   3.8620085E-09
   4.9126322E+02   4.3651402E-09
   4.9159696E+02   4.9272391E-09
   4.9193069E+02   5.5543019E-09
   4.9226443E+02   6.2528089E-09
   4.9259817E+02   7.0297594E-09
   4.9293191E+02   7.8926874E-09
   4.9326565E+02   8.8496810E-09
   4.9359939E+02   9.9094137E-09
   4.9393313E+02   1.1081161E-08
   4.9426687E+02   1.2374809E-08
   4.9460060E+02   1.3800874E-08
   4.9493434E+02   1.5370510E-08
   4.9526808E+02   1.7095523E-08
   4.9560182E+02   1.8988368E-08
   4.9593556E+02   2.1062135E-08
   4.9626930E+02   2.3330561E-08
   4.9660304E+02   2.5807982E-08
   4.9693677E+02   2.8509362E-08
   4.9727051E+02   3.1450199E-08
   4.9760425E+02   3.4646529E-08
   4.9793799E+02   3.8114877E-08
   4.9827173E+02   4.1872148E-08
   4.9860547E+02   4.5935622E-08
   4.9893921E+02   5.0322825E-08
   4.9927294E+02   5.5051466E-08
   4.9960668E+02   6.0139286E-08
   4.9994042E+02   6.5603992E-08
   5.0027416E+02   7.1463049E-08
   5.0060790E+02   7.7733617E-08
   5.0094164E+02   8.4432287E-08
   5.0127538E+02   9.1575011E-08
   5.0160911E+02   9.9176788E-08
   5.0194285E+02   1.0725157E-07
   5.0227659E+02   1.1581190E-07
   5.0261033E+02   1.2486881E-07
   5.0294407E+02   1.3443145E-07
   5.0327781E+02   1.4450693E-07
   5.0361155E+02   1.5509994E-07
   5.0394528E+02   1.6621254E-07
   5.0427902E+02   1.7784373E-07
   5.0461276E+02   1.8998939E-07
   5.0494650E+02   2.0264162E-07
   5.0528024E+02   2.1578873E-07
   5.0561398E+02   2.2941475E-07
   5.0594772E+02   2.4349907E-07
   5.0628145E+02   2.5801626E-07
   5.0661519E+02   2.7293589E-07
   5.0694893E+02   2.8822171E-07
   5.0728267E+02   3.0383200E-07
   5.0761641E+02   3.1971885E-07
   5.0795015E+02   3.3582810E-07
   5.0828389E+02   3.5209916E-07
   5.0861762E+02   3.6846478E-07
   5.0895136E+02   3.8485064E-07
   5.0928510E+02   4.0117595E-07
   5.0961884E+02   4.1735240E-07
   5.0995258E+02   4.3328498E-07
   5.1028632E+02   4.4887145E-07
   5.1062006E+02   4.6400299E-07
   5.1095379E+02   4.7856332E-07
   5.1128753E+02   4.9243033E-07
   5.1162127E+02   5.0547538E-07
   5.1195501E+02   5.1756371E-07
   5.1228875E+02   5.2855518E-07
   5.1262249E+02   5.3830433E-07
   5.1295623E+02   5.4666162E-07
   5.1328997E+02   5.5347340E-07
   5.1362370E+02   5.5858294E-07
   5.1395744E+02   5.6183097E-07
   5.1429118E+02   5.6305686E-07
   5.1462492E+02   5.6209961E-07
   5.1495866E+02   5.5879849E-07
   5.1529240E+02   5.5299392E-07
   5.1562614E+02   5.4452966E-07
   5.1595987E+02   5.3325266E-07
   5.1629361E+02   5.1901537E-07
   5.1662735E+02   5.0167642E-07
   5.1696109E+02   4.8110184E-07
   5.1729483E+02   4.5716740E-07
   5.1762857E+02   4.2975833E-07
   5.1796231E+02   3.9877227E-07
   5.1829604E+02   3.6411984E-07
   5.1862978E+02   3.2572552E-07
   5.1896352E+02   2.8353034E-07
   5.1929726E+02   2.3749170E-07
   5.1963100E+02   1.8758539E-07
   5.1996474E+02   1.3380674E-07
   5.2029848E+02   7.6171574E-08
   5.2063221E+02   1.4716832E-08
   5.2096595E+02  -5.0497668E-08
   5.2129969E+02  -1.1938950E-07
   5.2163343E+02  -1.9185212E-07
   5.2196717E+02  -2.6775496E-07
   5.2230091E+02  -3.4694241E-07
   5.2263465E+02  -4.2923449E-07
   5.2296838E+02  -5.1442595E-07
   5.2330212E+02  -6.0228695E-07
   5.2363586E+02  -6.9256311E-07
   5.2396960E+02  -7.8497618E-07
   5.2430334E+02  -8.7922490E-07
   5.2463708E+02  -9.7498571E-07
   5.2497082E+02  -1.0719136E-06
   5.2530455E+02  -1.1696437E-06
   5.2563829E+02  -1.2677929E-06
   5.2597203E+02  -1.3659610E-06
   5.2630577E+02  -1.4637335E-06
   5.2663951E+02  -1.5606820E-06
   5.2697325E+02  -1.6563679E-06
   5.2730699E+02  -1.7503437E-06
   5.2764072E+02  -1.8421564E-06
   5.2797446E+02  -1.9313497E-06
   5.2830820E+02  -2.0174657E-06
   5.2864194E+02  -2.1000492E-06
   5.2897568E+02  -2.1786498E-06
   5.2930942E+02  -2.2528241E-06
   5.2964316E+02  -2.3221410E-06
   5.2997689E+02  -2.3861810E-06
   5.3031063E+02  -2.4445419E-06
   5.3064437E+02  -2.4968417E-06
   5.3097811E+02  -2.5427198E-06
   5.3131185E+02  -2.5818385E-06
   5.3164559E+02  -2.6138916E-06
   5.3197933E+02  -2.6385978E-06
   5.3231306E+02  -2.6557123E-06
   5.3264680E+02  -2.6650218E-06
   5.3298054E+02  -2.6663513E-06
   5.3331428E+02  -2.6595608E-06
   5.3364802E+02  -2.6445518E-06
   5.3398176E+02  -2.6212667E-06
   5.3431550E+02  -2.5896882E-06
   5.3464924E+02  -2.5498412E-06
   5.3498297E+02  -2.5017948E-06
   5.3531671E+02  -2.4456597E-06
   5.3565045E+02  -2.3815880E-06
   5.3598419E+02  -2.3097768E-06
   5.3631793E+02  -2.2304614E-06
   5.3665167E+02  -2.1439196E-06
   5.3698541E+02  -2.0504665E-06
   5.3731914E+02  -1.9504553E-06
   5.3765288E+02  -1.8442744E-06
   5.3798662E+02  -1.7323453E-06
   5.3832036E+02  -1.6151198E-06
   5.3865410E+02  -1.4930786E-06
   5.3898784E+02  -1.3667270E-06
   5.3932158E+02  -1.2365933E-06
   5.3965531E+02  -1.1032247E-06
   5.3998905E+02  -9.6718270E-07
   5.4032279E+02  -8.2904251E-07
   5.4065653E+02  -6.8938812E-07
   5.4099027E+02  -5.4880758E-07
   5.4132401E+02  -4.0789109E-07
   5.4165775E+02  -2.6722662E-07
   5.4199148E+02  -1.2739638E-07
   5.4232522E+02   1.1026543E-08
   5.4265896E+02   1.4748147E-07
   5.4299270E+02   2.8142424E-07
   5.4332644E+02   4.1232917E-07
   5.4366018E+02   5.3969353E-07
   5.4399392E+02   6.6303943E-07
   5.4432765E+02   7.8191658E-07
   5.4466139E+02   8.9590515E-07
   5.4499513E+02   1.0046175E-06
   5.4532887E+02   1.1077002E-06
   5.4566261E+02   1.2048366E-06
   5.4599635E+02   1.2957461E-06
   5.4633009E+02   1.3801873E-06
   5.4666382E+02   1.4579582E-06
   5.4699756E+02   1.5288963E-06
   5.4733130E+02   1.5928790E-06
   5.4766504E+02   1.6498241E-06
   5.4799878E+02   1.6996881E-06
   5.4833252E+02   1.7424675E-06
   5.4866626E+02   1.7781963E-06
   5.4899999E+02   1.8069453E-06
   5.4933373E+02   1.8288213E-06
   5.4966747E+02   1.8439642E-06
   5.5000121E+02   1.8525473E-06
   5.5033495E+02   1.8547717E-06
   5.5066869E+02   1.8508684E-06
   5.5100243E+02   1.8410933E-06
   5.5133616E+02   1.8257256E-06
   5.5166990E+02   1.8050642E-06
   5.5200364E+02   1.7794266E-06
   5.5233738E+02   1.7491454E-06
   5.5267112E+02   1.7145663E-06
   5.5300486E+02   1.6760441E-06
   5.5333860E+02   1.6339413E-06
   5.5367234E+02   1.5886247E-06
   5.5400607E+02   1.5404629E-06
   5.5433981E+02   1.4898251E-06
   5.5467355E+02   1.4370762E-06
   5.5500729E+02   1.3825766E-06
   5.5534103E+02   1.3266789E-06
   5.5567477E+02   1.2697270E-06
   5.5600851E+02   1.2120531E-06
   5.5634224E+02   1.1539770E-06
   5.5667598E+02   1.0958033E-06
   5.5700972E+02   1.0378218E-06
   5.5734346E+02   9.8030432E-07
   5.5767720E+02   9.2350581E-07
   5.5801094E+02   8.6766181E-07
   5.5834468E+02   8.1298845E-07
   5.5867841E+02   7.5968273E-07
   5.5901215E+02   7.0792123E-07
   5.5934589E+02   6.5786048E-07
   5.5967963E+02   6.0963697E-07
   5.6001337E+02   5.6336762E-07
   5.6034711E+02   5.1914935E-07
   5.6068085E+02   4.7706027E-07
   5.6101458E+02   4.3716079E-07
   5.6134832E+02   3.9949268E-07
   5.6168206E+02   3.6408170E-07
   5.6201580E+02   3.3093698E-07
   5.6234954E+02   3.0005313E-07
   5.6268328E+02   2.7141022E-07
   5.6301702E+02   2.4497581E-07
   5.6335075E+02   2.2070512E-07
   5.6368449E+02   1.9854279E-07
   5.6401823E+02   1.7842373E-07
   5.6435197E+02   1.6027434E-07
   5.6468571E+02   1.4401328E-07
   5.6501945E+02   1.2955293E-07
   5.6535319E+02   1.1680029E-07
   5.6568692E+02   1.0565786E-07
   5.6602066E+02   9.6024777E-08
   5.6635440E+02   8.7797709E-08
   5.6668814E+02   8.0871544E-08
   5.6702188E+02   7.5140385E-08
   5.6735562E+02   7.0498245E-08
   5.6768936E+02   6.6839732E-08
   5.6802309E+02   6.4060714E-08
   5.6835683E+02   6.2058831E-08
   5.6869057E+02   6.0734180E-08
   5.6902431E+02   5.9989638E-08
   5.6935805E+02   5.9731391E-08
   5.6969179E+02   5.9869265E-08
   5.7002553E+02   6.0317134E-08
   5.7035926E+02   6.0993059E-08
   5.7069300E+02   6.1819684E-08
   5.7102674E+02   6.2724318E-08
   5.7136048E+02   6.3639213E-08
   5.7169422E+02   6.4501592E-08
   5.7202796E+02   6.5253886E-08
   5.7236170E+02   6.5843778E-08
   5.7269543E+02   6.6224111E-08
   5.7302917E+02   6.6353437E-08
   5.7336291E+02   6.6195376E-08
   5.7369665E+02   6.5719263E-08
   5.7403039E+02   6.4899886E-08
   5.7436413E+02   6.3717387E-08
   5.7469787E+02   6.2157419E-08
   5.7503161E+02   6.0211086E-08
   5.7536534E+02   5.7874914E-08
   5.7569908E+02   5.5150633E-08
   5.7603282E+02   5.2045394E-08
   5.7636656E+02   4.8571490E-08
   5.7670030E+02   4.4746308E-08
   5.7703404E+02   4.0592191E-08
   5.7736778E+02   3.6136477E-08
   5.7770151E+02   3.1411240E-08
   5.7803525E+02   2.6453051E-08
   5.7836899E+02   2.1303077E-08
   5.7870273E+02   1.6006613E-08
   5.7903647E+02   1.0612975E-08
   5.7937021E+02   5.1751474E-09
   5.7970395E+02  -2.5037572E-10
   5.8003768E+02  -5.6040665E-09
   5.8037142E+02  -1.0823621E-08
   5.8070516E+02  -1.5844366E-08
   5.8103890E+02  -2.0599799E-08
   5.8137264E+02  -2.5021809E-08
   5.8170638E+02  -2.9041336E-08
   5.8204012E+02  -3.2588787E-08
   5.8237385E+02  -3.5594539E-08
   5.8270759E+02  -3.7989459E-08
   5.8304133E+02  -3.9705487E-08
   5.8337507E+02  -4.0676156E-08
   5.8370881E+02  -4.0837214E-08
   5.8404255E+02  -4.0127169E-08
   5.8437629E+02  -3.8487880E-08
   5.8471002E+02  -3.5865174E-08
   5.8504376E+02  -3.2209350E-08
   5.8537750E+02  -2.7475870E-08
   5.8571124E+02  -2.1625830E-08
   5.8604498E+02  -1.4626496E-08
   5.8637872E+02  -6.4518577E-09
   5.8671246E+02   2.9169183E-09
   5.8704619E+02   1.3491004E-08
   5.8737993E+02   2.5273557E-08
   5.8771367E+02   3.8259223E-08
   5.8804741E+02   5.2434068E-08
   5.8838115E+02   6.7775062E-08
   5.8871489E+02   8.4250090E-08
   5.8904863E+02   1.0181776E-07
   5.8938236E+02   1.2042727E-07
   5.8971610E+02   1.4001856E-07
   5.9004984E+02   1.6052229E-07
   5.9038358E+02   1.8186002E-07
   5.9071732E+02   2.0394437E-07
   5.9105106E+02   2.2667939E-07
   5.9138480E+02   2.4996086E-07
   5.9171853E+02   2.7367673E-07
   5.9205227E+02   2.9770771E-07
   5.9238601E+02   3.2192753E-07
   5.9271975E+02   3.4620382E-07
   5.9305349E+02   3.7039868E-07
   5.9338723E+02   3.9436964E-07
   5.9372097E+02   4.1796991E-07
   5.9405471E+02   4.4104996E-07
   5.9438844E+02   4.6345798E-07
   5.9472218E+02   4.8504080E-07
   5.9505592E+02   5.0564523E-07
   5.9538966E+02   5.2511865E-07
   5.9572340E+02   5.4331025E-07
   5.9605714E+02   5.6007218E-07
   5.9639088E+02   5.7526017E-07
   5.9672461E+02   5.8873496E-07
   5.9705835E+02   6.0036319E-07
   5.9739209E+02   6.1001811E-07
   5.9772583E+02   6.1758107E-07
   5.9805957E+02   6.2294225E-07
   5.9839331E+02   6.2600145E-07
   5.9872705E+02   6.2666925E-07
   5.9906078E+02   6.2486771E-07
   5.9939452E+02   6.2053107E-07
   5.9972826E+02   6.1360686E-07
   6.0006200E+02   6.0405603E-07
   6.0039574E+02   5.9185356E-07
   6.0072948E+02   5.7698941E-07
   6.0106322E+02   5.5946833E-07
   6.0139695E+02   5.3931046E-07
   6.0173069E+02   5.1655132E-07
   6.0206443E+02   4.9124179E-07
   6.0239817E+02   4.6344860E-07
   6.0273191E+02   4.3325377E-07
   6.0306565E+02   4.0075440E-07
   6.0339939E+02   3.6606281E-07
   6.0373312E+02   3.2930552E-07
   6.0406686E+02   2.9062346E-07
   6.0440060E+02   2.5017084E-07
   6.0473434E+02   2.0811473E-07
   6.0506808E+02   1.6463407E-07
   6.0540182E+02   1.1991898E-07
   6.0573556E+02   7.4169520E-08
   6.0606929E+02   2.7594753E-08
   6.0640303E+02  -1.9588430E-08
   6.0673677E+02  -6.7156563E-08
   6.0707051E+02  -1.1488085E-07
   6.0740425E+02  -1.6252831E-07
   6.0773799E+02  -2.0986343E-07
   6.0807173E+02  -2.5664934E-07
   6.0840546E+02  -3.0264920E-07
   6.0873920E+02  -3.4762746E-07
   6.0907294E+02  -3.9135159E-07
   6.0940668E+02  -4.3359347E-07
   6.0974042E+02  -4.7413022E-07
   6.1007416E+02  -5.1274623E-07
   6.1040790E+02  -5.4923436E-07
   6.1074163E+02  -5.8339697E-07
   6.1107537E+02  -6.1504755E-07
   6.1140911E+02  -6.4401178E-07
   6.1174285E+02  -6.7012826E-07
   6.1207659E+02  -6.9325063E-07
   6.1241033E+02  -7.1324689E-07
   6.1274407E+02  -7.3000183E-07
   6.1307781E+02  -7.4341665E-07
   6.1341154E+02  -7.5341018E-07
   6.1374528E+02  -7.5991886E-07
   6.1407902E+02  -7.6289803E-07
   6.1441276E+02  -7.6232152E-07
   6.1474650E+02  -7.5818173E-07
   6.1508024E+02  -7.5049002E-07
   6.1541398E+02  -7.3927703E-07
   6.1574771E+02  -7.2459210E-07
   6.1608145E+02  -7.0650259E-07
   6.1641519E+02  -6.8509462E-07
   6.1674893E+02  -6.6047102E-07
   6.1708267E+02  -6.3275195E-07
   6.1741641E+02  -6.0207338E-07
   6.1775015E+02  -5.6858670E-07
   6.1808388E+02  -5.3245708E-07
   6.1841762E+02  -4.9386296E-07
   6.1875136E+02  -4.5299487E-07
   6.1908510E+02  -4.1005407E-07
   6.1941884E+02  -3.6525142E-07
   6.1975258E+02  -3.1880614E-07
   6.2008632E+02  -2.7094430E-07
   6.2042005E+02  -2.2189755E-07
   6.2075379E+02  -1.7190195E-07
   6.2108753E+02  -1.2119618E-07
   6.2142127E+02  -7.0020462E-08
   6.2175501E+02  -1.8614953E-08
   6.2208875E+02   3.2781699E-08
   6.2242249E+02   8.3933529E-08
   6.2275622E+02   1.3460888E-07
   6.2308996E+02   1.8458141E-07
   6.2342370E+02   2.3363151E-07
   6.2375744E+02   2.8154719E-07
   6.2409118E+02   3.2812562E-07
   6.2442492E+02   3.7317361E-07
   6.2475866E+02   4.1650867E-07
   6.2509239E+02   4.5795991E-07
   6.2542613E+02   4.9736855E-07
   6.2575987E+02   5.3458871E-07
   6.2609361E+02   5.6948778E-07
   6.2642735E+02   6.0194679E-07
   6.2676109E+02   6.3186081E-07
   6.2709483E+02   6.5913918E-07
   6.2742856E+02   6.8370531E-07
   6.2776230E+02   7.0549652E-07
   6.2809604E+02   7.2446477E-07
   6.2842978E+02   7.4057539E-07
   6.2876352E+02   7.5380734E-07
   6.2909726E+02   7.6415245E-07
   6.2943100E+02   7.7161519E-07
   6.2976473E+02   7.7621178E-07
   6.3009847E+02   7.7796972E-07
   6.3043221E+02   7.7692687E-07
   6.3076595E+02   7.7313098E-07
   6.3109969E+02   7.6663832E-07
   6.3143343E+02   7.5751331E-07
   6.3176717E+02   7.4582761E-07
   6.3210090E+02   7.3165933E-07
   6.3243464E+02   7.1509135E-07
   6.3276838E+02   6.9621154E-07
   6.3310212E+02   6.7511110E-07
   6.3343586E+02   6.5188419E-07
   6.3376960E+02   6.2662627E-07
   6.3410334E+02   5.9943494E-07
   6.3443708E+02   5.7040722E-07
   6.3477081E+02   5.3964021E-07
   6.3510455E+02   5.0723054E-07
   6.3543829E+02   4.7327268E-07
   6.3577203E+02   4.3785965E-07
   6.3610577E+02   4.0108222E-07
   6.3643951E+02   3.6302851E-07
   6.3677325E+02   3.2378423E-07
   6.3710698E+02   2.8343160E-07
   6.3744072E+02   2.4205110E-07
   6.3777446E+02   1.9971905E-07
   6.3810820E+02   1.5651044E-07
   6.3844194E+02   1.1249691E-07
   6.3877568E+02   6.7748381E-08
   6.3910942E+02   2.2332667E-08
   6.3944315E+02  -2.3684020E-08
   6.3977689E+02  -7.0236375E-08
   6.4011063E+02  -1.1725933E-07
   6.4044437E+02  -1.6468832E-07
   6.4077811E+02  -2.1245768E-07
   6.4111185E+02  -2.6050122E-07
   6.4144559E+02  -3.0875015E-07
   6.4177932E+02  -3.5713407E-07
   6.4211306E+02  -4.0557924E-07
   6.4244680E+02  -4.5400805E-07
   6.4278054E+02  -5.0233973E-07
   6.4311428E+02  -5.5048827E-07
   6.4344802E+02  -5.9836282E-07
   6.4378176E+02  -6.4586771E-07
   6.4411549E+02  -6.9290149E-07
   6.4444923E+02  -7.3935752E-07
   6.4478297E+02  -7.8512272E-07
   6.4511671E+02  -8.3007842E-07
   6.4545045E+02  -8.7410086E-07
   6.4578419E+02  -9.1706011E-07
   6.4611793E+02  -9.5882137E-07
   6.4645166E+02  -9.9924512E-07
   6.4678540E+02  -1.0381877E-06
   6.4711914E+02  -1.0755012E-06
   6.4745288E+02  -1.1110352E-06
   6.4778662E+02  -1.1446371E-06
   6.4812036E+02  -1.1761529E-06
   6.4845410E+02  -1.2054284E-06
   6.4878783E+02  -1.2323104E-06
   6.4912157E+02  -1.2566470E-06
   6.4945531E+02  -1.2782901E-06
   6.4978905E+02  -1.2970961E-06
   6.5012279E+02  -1.3129252E-06
   6.5045653E+02  -1.3256470E-06
   6.5079027E+02  -1.3351370E-06
   6.5112400E+02  -1.3412816E-06
   6.5145774E+02  -1.3439773E-06
   6.5179148E+02  -1.3431317E-06
   6.5212522E+02  -1.3386664E-06
   6.5245896E+02  -1.3305164E-06
   6.5279270E+02  -1.3186327E-06
   6.5312644E+02  -1.3029816E-06
   6.5346018E+02  -1.2835468E-06
   6.5379391E+02  -1.2603291E-06
   6.5412765E+02  -1.2333485E-06
   6.5446139E+02  -1.2026420E-06
   6.5479513E+02  -1.1682669E-06
   6.5512887E+02  -1.1302997E-06
   6.5546261E+02  -1.0888347E-06
   6.5579635E+02  -1.0439871E-06
   6.5613008E+02  -9.9588908E-07
   6.5646382E+02  -9.4469226E-07
   6.5679756E+02  -8.9056545E-07
   6.5713130E+02  -8.3369514E-07
   6.5746504E+02  -7.7428211E-07
   6.5779878E+02  -7.1254379E-07
   6.5813252E+02  -6.4871102E-07
   6.5846625E+02  -5.8302703E-07
   6.5879999E+02  -5.1574642E-07
   6.5913373E+02  -4.4713337E-07
   6.5946747E+02  -3.7745983E-07
   6.5980121E+02  -3.0700483E-07
   6.6013495E+02  -2.3605068E-07
