  -7.8094826E+01   0.0000000E+00
  -7.7761087E+01   0.0000000E+00
  -7.7427349E+01   0.0000000E+00
  -7.7093610E+01   0.0000000E+00
  -7.6759871E+01   0.0000000E+00
  -7.6426133E+01   0.0000000E+00
  -7.6092394E+01   0.0000000E+00
  -7.5758656E+01   0.0000000E+00
  -7.5424917E+01   0.0000000E+00
  -7.5091178E+01   0.0000000E+00
  -7.4757440E+01   0.0000000E+00
  -7.4423701E+01   0.0000000E+00
  -7.4089963E+01   0.0000000E+00
  -7.3756224E+01   0.0000000E+00
  -7.3422485E+01   0.0000000E+00
  -7.3088747E+01   0.0000000E+00
  -7.2755008E+01   0.0000000E+00
  -7.2421270E+01   0.0000000E+00
  -7.2087531E+01   0.0000000E+00
  -7.1753792E+01   0.0000000E+00
  -7.1420054E+01   0.0000000E+00
  -7.1086315E+01   0.0000000E+00
  -7.0752577E+01   0.0000000E+00
  -7.0418838E+01   0.0000000E+00
  -7.0085099E+01   0.0000000E+00
  -6.9751361E+01   0.0000000E+00
  -6.9417622E+01   0.0000000E+00
  -6.9083884E+01   0.0000000E+00
  -6.8750145E+01   0.0000000E+00
  -6.8416406E+01   0.0000000E+00
  -6.8082668E+01   0.0000000E+00
  -6.7748929E+01   0.0000000E+00
  -6.7415191E+01   0.0000000E+00
  -6.7081452E+01   0.0000000E+00
  -6.6747714E+01   0.0000000E+00
  -6.6413975E+01   0.0000000E+00
  -6.6080236E+01   0.0000000E+00
  -6.5746498E+01   0.0000000E+00
  -6.5412759E+01   0.0000000E+00
  -6.5079021E+01   0.0000000E+00
  -6.4745282E+01   0.0000000E+00
  -6.4411543E+01   0.0000000E+00
  -6.4077805E+01   0.0000000E+00
  -6.3744066E+01   0.0000000E+00
  -6.3410328E+01   0.0000000E+00
  -6.3076589E+01   0.0000000E+00
  -6.2742850E+01   0.0000000E+00
  -6.2409112E+01   0.0000000E+00
  -6.2075373E+01   0.0000000E+00
  -6.1741635E+01   0.0000000E+00
  -6.1407896E+01   0.0000000E+00
  -6.1074157E+01   0.0000000E+00
  -6.0740419E+01   0.0000000E+00
  -6.0406680E+01   0.0000000E+00
  -6.0072942E+01   0.0000000E+00
  -5.9739203E+01   0.0000000E+00
  -5.9405464E+01   0.0000000E+00
  -5.9071726E+01   0.0000000E+00
  -5.8737987E+01   0.0000000E+00
  -5.8404249E+01   0.0000000E+00
  -5.8070510E+01   0.0000000E+00
  -5.7736771E+01   0.0000000E+00
  -5.7403033E+01   0.0000000E+00
  -5.7069294E+01   0.0000000E+00
  -5.6735556E+01   0.0000000E+00
  -5.6401817E+01   0.0000000E+00
  -5.6068078E+01   0.0000000E+00
  -5.5734340E+01   0.0000000E+00
  -5.5400601E+01   0.0000000E+00
  -5.5066863E+01   0.0000000E+00
  -5.4733124E+01   0.0000000E+00
  -5.4399385E+01   0.0000000E+00
  -5.4065647E+01   0.0000000E+00
  -5.3731908E+01   0.0000000E+00
  -5.3398170E+01   0.0000000E+00
  -5.3064431E+01   0.0000000E+00
  -5.2730693E+01   0.0000000E+00
  -5.2396954E+01   0.0000000E+00
  -5.2063215E+01   0.0000000E+00
  -5.1729477E+01   0.0000000E+00
  -5.1395738E+01   0.0000000E+00
  -5.1062000E+01   0.0000000E+00
  -5.0728261E+01   0.0000000E+00
  -5.0394522E+01   0.0000000E+00
  -5.0060784E+01   0.0000000E+00
  -4.9727045E+01   0.0000000E+00
  -4.9393307E+01   0.0000000E+00
  -4.9059568E+01   0.0000000E+00
  -4.8725829E+01   0.0000000E+00
  -4.8392091E+01   0.0000000E+00
  -4.8058352E+01   0.0000000E+00
  -4.7724614E+01   0.0000000E+00
  -4.7390875E+01   0.0000000E+00
  -4.7057136E+01   0.0000000E+00
  -4.6723398E+01   0.0000000E+00
  -4.6389659E+01   0.0000000E+00
  -4.6055921E+01   0.0000000E+00
  -4.5722182E+01   0.0000000E+00
  -4.5388443E+01   0.0000000E+00
  -4.5054705E+01   0.0000000E+00
  -4.4720966E+01   0.0000000E+00
  -4.4387228E+01   0.0000000E+00
  -4.4053489E+01   0.0000000E+00
  -4.3719750E+01   0.0000000E+00
  -4.3386012E+01   0.0000000E+00
  -4.3052273E+01   0.0000000E+00
  -4.2718535E+01   0.0000000E+00
  -4.2384796E+01   0.0000000E+00
  -4.2051057E+01   0.0000000E+00
  -4.1717319E+01   0.0000000E+00
  -4.1383580E+01   0.0000000E+00
  -4.1049842E+01   0.0000000E+00
  -4.0716103E+01   0.0000000E+00
  -4.0382364E+01   0.0000000E+00
  -4.0048626E+01   0.0000000E+00
  -3.9714887E+01   0.0000000E+00
  -3.9381149E+01   0.0000000E+00
  -3.9047410E+01   0.0000000E+00
  -3.8713672E+01   0.0000000E+00
  -3.8379933E+01   0.0000000E+00
  -3.8046194E+01   0.0000000E+00
  -3.7712456E+01   0.0000000E+00
  -3.7378717E+01   0.0000000E+00
  -3.7044979E+01   0.0000000E+00
  -3.6711240E+01   0.0000000E+00
  -3.6377501E+01   0.0000000E+00
  -3.6043763E+01   0.0000000E+00
  -3.5710024E+01   0.0000000E+00
  -3.5376286E+01   0.0000000E+00
  -3.5042547E+01   0.0000000E+00
  -3.4708808E+01   0.0000000E+00
  -3.4375070E+01   0.0000000E+00
  -3.4041331E+01   0.0000000E+00
  -3.3707593E+01   0.0000000E+00
  -3.3373854E+01   0.0000000E+00
  -3.3040115E+01   0.0000000E+00
  -3.2706377E+01   0.0000000E+00
  -3.2372638E+01   0.0000000E+00
  -3.2038900E+01   0.0000000E+00
  -3.1705161E+01   0.0000000E+00
  -3.1371422E+01   0.0000000E+00
  -3.1037684E+01   0.0000000E+00
  -3.0703945E+01   0.0000000E+00
  -3.0370207E+01   0.0000000E+00
  -3.0036468E+01   0.0000000E+00
  -2.9702729E+01   0.0000000E+00
  -2.9368991E+01   0.0000000E+00
  -2.9035252E+01   0.0000000E+00
  -2.8701514E+01   0.0000000E+00
  -2.8367775E+01   0.0000000E+00
  -2.8034036E+01   0.0000000E+00
  -2.7700298E+01   0.0000000E+00
  -2.7366559E+01   0.0000000E+00
  -2.7032821E+01   0.0000000E+00
  -2.6699082E+01   0.0000000E+00
  -2.6365343E+01   0.0000000E+00
  -2.6031605E+01   0.0000000E+00
  -2.5697866E+01   0.0000000E+00
  -2.5364128E+01   0.0000000E+00
  -2.5030389E+01   0.0000000E+00
  -2.4696651E+01   0.0000000E+00
  -2.4362912E+01   0.0000000E+00
  -2.4029173E+01   0.0000000E+00
  -2.3695435E+01   0.0000000E+00
  -2.3361696E+01   0.0000000E+00
  -2.3027958E+01   0.0000000E+00
  -2.2694219E+01   0.0000000E+00
  -2.2360480E+01   0.0000000E+00
  -2.2026742E+01   0.0000000E+00
  -2.1693003E+01   0.0000000E+00
  -2.1359265E+01   0.0000000E+00
  -2.1025526E+01   0.0000000E+00
  -2.0691787E+01   0.0000000E+00
  -2.0358049E+01   0.0000000E+00
  -2.0024310E+01   0.0000000E+00
  -1.9690572E+01   0.0000000E+00
  -1.9356833E+01   0.0000000E+00
  -1.9023094E+01   0.0000000E+00
  -1.8689356E+01   0.0000000E+00
  -1.8355617E+01   0.0000000E+00
  -1.8021879E+01   0.0000000E+00
  -1.7688140E+01   0.0000000E+00
  -1.7354401E+01   0.0000000E+00
  -1.7020663E+01   0.0000000E+00
  -1.6686924E+01   0.0000000E+00
  -1.6353186E+01   0.0000000E+00
  -1.6019447E+01   0.0000000E+00
  -1.5685708E+01   0.0000000E+00
  -1.5351970E+01   0.0000000E+00
  -1.5018231E+01   0.0000000E+00
  -1.4684493E+01   0.0000000E+00
  -1.4350754E+01   0.0000000E+00
  -1.4017015E+01   0.0000000E+00
  -1.3683277E+01   0.0000000E+00
  -1.3349538E+01   0.0000000E+00
  -1.3015800E+01   0.0000000E+00
  -1.2682061E+01   0.0000000E+00
  -1.2348322E+01   0.0000000E+00
  -1.2014584E+01   0.0000000E+00
  -1.1680845E+01   0.0000000E+00
  -1.1347107E+01   0.0000000E+00
  -1.1013368E+01   0.0000000E+00
  -1.0679630E+01   0.0000000E+00
  -1.0345891E+01   0.0000000E+00
  -1.0012152E+01   0.0000000E+00
  -9.6784137E+00   0.0000000E+00
  -9.3446751E+00   0.0000000E+00
  -9.0109365E+00   0.0000000E+00
  -8.6771979E+00   0.0000000E+00
  -8.3434593E+00   0.0000000E+00
  -8.0097207E+00   0.0000000E+00
  -7.6759821E+00   0.0000000E+00
  -7.3422436E+00   0.0000000E+00
  -7.0085050E+00   0.0000000E+00
  -6.6747664E+00   0.0000000E+00
  -6.3410278E+00   0.0000000E+00
  -6.0072892E+00   0.0000000E+00
  -5.6735506E+00   0.0000000E+00
  -5.3398120E+00   0.0000000E+00
  -5.0060734E+00   0.0000000E+00
  -4.6723348E+00   0.0000000E+00
  -4.3385962E+00   0.0000000E+00
  -4.0048576E+00   0.0000000E+00
  -3.6711190E+00   0.0000000E+00
  -3.3373804E+00   0.0000000E+00
  -3.0036418E+00   0.0000000E+00
  -2.6699032E+00   0.0000000E+00
  -2.3361646E+00   0.0000000E+00
  -2.0024260E+00   0.0000000E+00
  -1.6686874E+00   0.0000000E+00
  -1.3349488E+00   0.0000000E+00
  -1.0012102E+00   0.0000000E+00
  -6.6747165E-01   0.0000000E+00
  -3.3373305E-01   0.0000000E+00
   5.5432320E-06   0.0000000E+00
   3.3374414E-01   0.0000000E+00
   6.6748273E-01   0.0000000E+00
   1.0012213E+00   0.0000000E+00
   1.3349599E+00   0.0000000E+00
   1.6686985E+00   0.0000000E+00
   2.0024371E+00   0.0000000E+00
   2.3361757E+00   0.0000000E+00
   2.6699143E+00   0.0000000E+00
   3.0036529E+00   0.0000000E+00
   3.3373915E+00   0.0000000E+00
   3.6711301E+00   0.0000000E+00
   4.0048687E+00   0.0000000E+00
   4.3386073E+00   0.0000000E+00
   4.6723459E+00   0.0000000E+00
   5.0060845E+00   0.0000000E+00
   5.3398231E+00   0.0000000E+00
   5.6735617E+00   0.0000000E+00
   6.0073003E+00   0.0000000E+00
   6.3410389E+00   0.0000000E+00
   6.6747774E+00   0.0000000E+00
   7.0085160E+00   0.0000000E+00
   7.3422546E+00   0.0000000E+00
   7.6759932E+00   0.0000000E+00
   8.0097318E+00   0.0000000E+00
   8.3434704E+00   0.0000000E+00
   8.6772090E+00   0.0000000E+00
   9.0109476E+00   0.0000000E+00
   9.3446862E+00   0.0000000E+00
   9.6784248E+00   0.0000000E+00
   1.0012163E+01   0.0000000E+00
   1.0345902E+01   0.0000000E+00
   1.0679641E+01   0.0000000E+00
   1.1013379E+01   0.0000000E+00
   1.1347118E+01   0.0000000E+00
   1.1680856E+01   0.0000000E+00
   1.2014595E+01   0.0000000E+00
   1.2348334E+01   0.0000000E+00
   1.2682072E+01   0.0000000E+00
   1.3015811E+01   0.0000000E+00
   1.3349549E+01   0.0000000E+00
   1.3683288E+01   0.0000000E+00
   1.4017027E+01   0.0000000E+00
   1.4350765E+01   0.0000000E+00
   1.4684504E+01   0.0000000E+00
   1.5018242E+01   0.0000000E+00
   1.5351981E+01   0.0000000E+00
   1.5685720E+01   0.0000000E+00
   1.6019458E+01   0.0000000E+00
   1.6353197E+01   0.0000000E+00
   1.6686935E+01   0.0000000E+00
   1.7020674E+01   0.0000000E+00
   1.7354412E+01   0.0000000E+00
   1.7688151E+01   0.0000000E+00
   1.8021890E+01   0.0000000E+00
   1.8355628E+01   0.0000000E+00
   1.8689367E+01   0.0000000E+00
   1.9023105E+01   0.0000000E+00
   1.9356844E+01   0.0000000E+00
   1.9690583E+01   0.0000000E+00
   2.0024321E+01   0.0000000E+00
   2.0358060E+01   0.0000000E+00
   2.0691798E+01   0.0000000E+00
   2.1025537E+01   0.0000000E+00
   2.1359276E+01   0.0000000E+00
   2.1693014E+01   0.0000000E+00
   2.2026753E+01   0.0000000E+00
   2.2360491E+01   0.0000000E+00
   2.2694230E+01   0.0000000E+00
   2.3027969E+01   0.0000000E+00
   2.3361707E+01   0.0000000E+00
   2.3695446E+01   0.0000000E+00
   2.4029184E+01   0.0000000E+00
   2.4362923E+01   0.0000000E+00
   2.4696662E+01   0.0000000E+00
   2.5030400E+01   0.0000000E+00
   2.5364139E+01   0.0000000E+00
   2.5697877E+01   0.0000000E+00
   2.6031616E+01   0.0000000E+00
   2.6365355E+01   0.0000000E+00
   2.6699093E+01   0.0000000E+00
   2.7032832E+01   0.0000000E+00
   2.7366570E+01   0.0000000E+00
   2.7700309E+01   0.0000000E+00
   2.8034048E+01   0.0000000E+00
   2.8367786E+01   0.0000000E+00
   2.8701525E+01   0.0000000E+00
   2.9035263E+01   0.0000000E+00
   2.9369002E+01   0.0000000E+00
   2.9702741E+01   0.0000000E+00
   3.0036479E+01   0.0000000E+00
   3.0370218E+01   0.0000000E+00
   3.0703956E+01   0.0000000E+00
   3.1037695E+01   0.0000000E+00
   3.1371433E+01   0.0000000E+00
   3.1705172E+01   0.0000000E+00
   3.2038911E+01   0.0000000E+00
   3.2372649E+01   0.0000000E+00
   3.2706388E+01   0.0000000E+00
   3.3040126E+01   0.0000000E+00
   3.3373865E+01   0.0000000E+00
   3.3707604E+01   0.0000000E+00
   3.4041342E+01   0.0000000E+00
   3.4375081E+01   0.0000000E+00
   3.4708819E+01   0.0000000E+00
   3.5042558E+01   0.0000000E+00
   3.5376297E+01   0.0000000E+00
   3.5710035E+01   0.0000000E+00
   3.6043774E+01   0.0000000E+00
   3.6377512E+01   0.0000000E+00
   3.6711251E+01   0.0000000E+00
   3.7044990E+01   0.0000000E+00
   3.7378728E+01   0.0000000E+00
   3.7712467E+01   0.0000000E+00
   3.8046205E+01   0.0000000E+00
   3.8379944E+01   0.0000000E+00
   3.8713683E+01   0.0000000E+00
   3.9047421E+01   0.0000000E+00
   3.9381160E+01   0.0000000E+00
   3.9714898E+01   0.0000000E+00
   4.0048637E+01   0.0000000E+00
   4.0382376E+01   0.0000000E+00
   4.0716114E+01   0.0000000E+00
   4.1049853E+01   0.0000000E+00
   4.1383591E+01   0.0000000E+00
   4.1717330E+01   0.0000000E+00
   4.2051069E+01   0.0000000E+00
   4.2384807E+01   0.0000000E+00
   4.2718546E+01   0.0000000E+00
   4.3052284E+01   0.0000000E+00
   4.3386023E+01   0.0000000E+00
   4.3719762E+01   0.0000000E+00
   4.4053500E+01   0.0000000E+00
   4.4387239E+01   0.0000000E+00
   4.4720977E+01   0.0000000E+00
   4.5054716E+01   0.0000000E+00
   4.5388454E+01   0.0000000E+00
   4.5722193E+01   0.0000000E+00
   4.6055932E+01   0.0000000E+00
   4.6389670E+01   0.0000000E+00
   4.6723409E+01   0.0000000E+00
   4.7057147E+01   0.0000000E+00
   4.7390886E+01   0.0000000E+00
   4.7724625E+01   0.0000000E+00
   4.8058363E+01   0.0000000E+00
   4.8392102E+01   0.0000000E+00
   4.8725840E+01   0.0000000E+00
   4.9059579E+01   0.0000000E+00
   4.9393318E+01   0.0000000E+00
   4.9727056E+01   0.0000000E+00
   5.0060795E+01   0.0000000E+00
   5.0394533E+01   0.0000000E+00
   5.0728272E+01   0.0000000E+00
   5.1062011E+01   0.0000000E+00
   5.1395749E+01   0.0000000E+00
   5.1729488E+01   0.0000000E+00
   5.2063226E+01   0.0000000E+00
   5.2396965E+01   0.0000000E+00
   5.2730704E+01   0.0000000E+00
   5.3064442E+01   0.0000000E+00
   5.3398181E+01   0.0000000E+00
   5.3731919E+01   0.0000000E+00
   5.4065658E+01   0.0000000E+00
   5.4399397E+01   0.0000000E+00
   5.4733135E+01   0.0000000E+00
   5.5066874E+01   0.0000000E+00
   5.5400612E+01   0.0000000E+00
   5.5734351E+01   0.0000000E+00
   5.6068090E+01   0.0000000E+00
   5.6401828E+01   0.0000000E+00
   5.6735567E+01   0.0000000E+00
   5.7069305E+01   0.0000000E+00
   5.7403044E+01   0.0000000E+00
   5.7736783E+01   0.0000000E+00
   5.8070521E+01   0.0000000E+00
   5.8404260E+01   0.0000000E+00
   5.8737998E+01   0.0000000E+00
   5.9071737E+01   0.0000000E+00
   5.9405475E+01   0.0000000E+00
   5.9739214E+01   0.0000000E+00
   6.0072953E+01   0.0000000E+00
   6.0406691E+01   0.0000000E+00
   6.0740430E+01   0.0000000E+00
   6.1074168E+01   0.0000000E+00
   6.1407907E+01   0.0000000E+00
   6.1741646E+01   0.0000000E+00
   6.2075384E+01   0.0000000E+00
   6.2409123E+01   0.0000000E+00
   6.2742861E+01   0.0000000E+00
   6.3076600E+01   0.0000000E+00
   6.3410339E+01   0.0000000E+00
   6.3744077E+01   0.0000000E+00
   6.4077816E+01   0.0000000E+00
   6.4411554E+01   0.0000000E+00
   6.4745293E+01   0.0000000E+00
   6.5079032E+01   0.0000000E+00
   6.5412770E+01   0.0000000E+00
   6.5746509E+01   0.0000000E+00
   6.6080247E+01   0.0000000E+00
   6.6413986E+01   0.0000000E+00
   6.6747725E+01   0.0000000E+00
   6.7081463E+01   0.0000000E+00
   6.7415202E+01   0.0000000E+00
   6.7748940E+01   0.0000000E+00
   6.8082679E+01   0.0000000E+00
   6.8416418E+01   0.0000000E+00
   6.8750156E+01   0.0000000E+00
   6.9083895E+01   0.0000000E+00
   6.9417633E+01   0.0000000E+00
   6.9751372E+01   0.0000000E+00
   7.0085111E+01   0.0000000E+00
   7.0418849E+01   0.0000000E+00
   7.0752588E+01   0.0000000E+00
   7.1086326E+01   0.0000000E+00
   7.1420065E+01   0.0000000E+00
   7.1753804E+01   0.0000000E+00
   7.2087542E+01   0.0000000E+00
   7.2421281E+01   0.0000000E+00
   7.2755019E+01   0.0000000E+00
   7.3088758E+01   0.0000000E+00
   7.3422496E+01   0.0000000E+00
   7.3756235E+01   0.0000000E+00
   7.4089974E+01   0.0000000E+00
   7.4423712E+01   0.0000000E+00
   7.4757451E+01   0.0000000E+00
   7.5091189E+01   0.0000000E+00
   7.5424928E+01   0.0000000E+00
   7.5758667E+01   0.0000000E+00
   7.6092405E+01   0.0000000E+00
   7.6426144E+01   0.0000000E+00
   7.6759882E+01   0.0000000E+00
   7.7093621E+01   0.0000000E+00
   7.7427360E+01   0.0000000E+00
   7.7761098E+01   0.0000000E+00
   7.8094837E+01   0.0000000E+00
   7.8428575E+01   0.0000000E+00
   7.8762314E+01   0.0000000E+00
   7.9096053E+01   0.0000000E+00
   7.9429791E+01   0.0000000E+00
   7.9763530E+01   0.0000000E+00
   8.0097268E+01   0.0000000E+00
   8.0431007E+01   0.0000000E+00
   8.0764746E+01   0.0000000E+00
   8.1098484E+01   0.0000000E+00
   8.1432223E+01   0.0000000E+00
   8.1765961E+01   0.0000000E+00
   8.2099700E+01   0.0000000E+00
   8.2433439E+01   0.0000000E+00
   8.2767177E+01   0.0000000E+00
   8.3100916E+01   0.0000000E+00
   8.3434654E+01   0.0000000E+00
   8.3768393E+01   0.0000000E+00
   8.4102132E+01   0.0000000E+00
   8.4435870E+01   0.0000000E+00
   8.4769609E+01   0.0000000E+00
   8.5103347E+01   0.0000000E+00
   8.5437086E+01   0.0000000E+00
   8.5770825E+01   0.0000000E+00
   8.6104563E+01   0.0000000E+00
   8.6438302E+01   0.0000000E+00
   8.6772040E+01   0.0000000E+00
   8.7105779E+01   0.0000000E+00
   8.7439517E+01   0.0000000E+00
   8.7773256E+01   0.0000000E+00
   8.8106995E+01   0.0000000E+00
   8.8440733E+01   0.0000000E+00
   8.8774472E+01   0.0000000E+00
   8.9108210E+01   0.0000000E+00
   8.9441949E+01   0.0000000E+00
   8.9775688E+01   0.0000000E+00
   9.0109426E+01   0.0000000E+00
   9.0443165E+01   0.0000000E+00
   9.0776903E+01   0.0000000E+00
   9.1110642E+01   0.0000000E+00
   9.1444381E+01   0.0000000E+00
   9.1778119E+01   0.0000000E+00
   9.2111858E+01   0.0000000E+00
   9.2445596E+01   0.0000000E+00
   9.2779335E+01   0.0000000E+00
   9.3113074E+01   0.0000000E+00
   9.3446812E+01   0.0000000E+00
   9.3780551E+01   0.0000000E+00
   9.4114289E+01   0.0000000E+00
   9.4448028E+01   0.0000000E+00
   9.4781767E+01   0.0000000E+00
   9.5115505E+01   0.0000000E+00
   9.5449244E+01   0.0000000E+00
   9.5782982E+01   0.0000000E+00
   9.6116721E+01   0.0000000E+00
   9.6450460E+01   0.0000000E+00
   9.6784198E+01   0.0000000E+00
   9.7117937E+01   0.0000000E+00
   9.7451675E+01   0.0000000E+00
   9.7785414E+01   0.0000000E+00
   9.8119153E+01   0.0000000E+00
   9.8452891E+01   0.0000000E+00
   9.8786630E+01   0.0000000E+00
   9.9120368E+01   0.0000000E+00
   9.9454107E+01   0.0000000E+00
   9.9787846E+01   0.0000000E+00
   1.0012158E+02   0.0000000E+00
   1.0045532E+02   0.0000000E+00
   1.0078906E+02   0.0000000E+00
   1.0112280E+02   0.0000000E+00
   1.0145654E+02   0.0000000E+00
   1.0179028E+02   0.0000000E+00
   1.0212402E+02   0.0000000E+00
   1.0245775E+02   0.0000000E+00
   1.0279149E+02   0.0000000E+00
   1.0312523E+02   0.0000000E+00
   1.0345897E+02   0.0000000E+00
   1.0379271E+02   0.0000000E+00
   1.0412645E+02   0.0000000E+00
   1.0446019E+02   0.0000000E+00
   1.0479392E+02   0.0000000E+00
   1.0512766E+02   0.0000000E+00
   1.0546140E+02   0.0000000E+00
   1.0579514E+02   0.0000000E+00
   1.0612888E+02   0.0000000E+00
   1.0646262E+02   0.0000000E+00
   1.0679636E+02   0.0000000E+00
   1.0713009E+02   0.0000000E+00
   1.0746383E+02   0.0000000E+00
   1.0779757E+02   0.0000000E+00
   1.0813131E+02   0.0000000E+00
   1.0846505E+02   0.0000000E+00
   1.0879879E+02   0.0000000E+00
   1.0913253E+02   0.0000000E+00
   1.0946626E+02   0.0000000E+00
   1.0980000E+02   0.0000000E+00
   1.1013374E+02   0.0000000E+00
   1.1046748E+02   0.0000000E+00
   1.1080122E+02   0.0000000E+00
   1.1113496E+02   0.0000000E+00
   1.1146870E+02   0.0000000E+00
   1.1180243E+02   0.0000000E+00
   1.1213617E+02   0.0000000E+00
   1.1246991E+02   0.0000000E+00
   1.1280365E+02   0.0000000E+00
   1.1313739E+02   0.0000000E+00
   1.1347113E+02   0.0000000E+00
   1.1380487E+02   0.0000000E+00
   1.1413861E+02   0.0000000E+00
   1.1447234E+02   0.0000000E+00
   1.1480608E+02   0.0000000E+00
   1.1513982E+02   0.0000000E+00
   1.1547356E+02   0.0000000E+00
   1.1580730E+02   0.0000000E+00
   1.1614104E+02   0.0000000E+00
   1.1647478E+02   0.0000000E+00
   1.1680851E+02   0.0000000E+00
   1.1714225E+02   0.0000000E+00
   1.1747599E+02   0.0000000E+00
   1.1780973E+02   0.0000000E+00
   1.1814347E+02   0.0000000E+00
   1.1847721E+02   0.0000000E+00
   1.1881095E+02   0.0000000E+00
   1.1914468E+02   0.0000000E+00
   1.1947842E+02   0.0000000E+00
   1.1981216E+02   0.0000000E+00
   1.2014590E+02   0.0000000E+00
   1.2047964E+02   0.0000000E+00
   1.2081338E+02   0.0000000E+00
   1.2114712E+02   0.0000000E+00
   1.2148085E+02   0.0000000E+00
   1.2181459E+02   0.0000000E+00
   1.2214833E+02   0.0000000E+00
   1.2248207E+02   0.0000000E+00
   1.2281581E+02   0.0000000E+00
   1.2314955E+02   0.0000000E+00
   1.2348329E+02   0.0000000E+00
   1.2381702E+02   0.0000000E+00
   1.2415076E+02   0.0000000E+00
   1.2448450E+02   0.0000000E+00
   1.2481824E+02   0.0000000E+00
   1.2515198E+02   0.0000000E+00
   1.2548572E+02   0.0000000E+00
   1.2581946E+02   0.0000000E+00
   1.2615319E+02   0.0000000E+00
   1.2648693E+02   0.0000000E+00
   1.2682067E+02   0.0000000E+00
   1.2715441E+02   0.0000000E+00
   1.2748815E+02   0.0000000E+00
   1.2782189E+02   0.0000000E+00
   1.2815563E+02   0.0000000E+00
   1.2848936E+02   0.0000000E+00
   1.2882310E+02   0.0000000E+00
   1.2915684E+02   0.0000000E+00
   1.2949058E+02   0.0000000E+00
   1.2982432E+02   0.0000000E+00
   1.3015806E+02   0.0000000E+00
   1.3049180E+02   0.0000000E+00
   1.3082553E+02   0.0000000E+00
   1.3115927E+02   0.0000000E+00
   1.3149301E+02   0.0000000E+00
   1.3182675E+02   0.0000000E+00
   1.3216049E+02   0.0000000E+00
   1.3249423E+02   0.0000000E+00
   1.3282797E+02   0.0000000E+00
   1.3316171E+02   0.0000000E+00
   1.3349544E+02   0.0000000E+00
   1.3382918E+02   0.0000000E+00
   1.3416292E+02   0.0000000E+00
   1.3449666E+02   0.0000000E+00
   1.3483040E+02   0.0000000E+00
   1.3516414E+02   0.0000000E+00
   1.3549788E+02   0.0000000E+00
   1.3583161E+02   0.0000000E+00
   1.3616535E+02   0.0000000E+00
   1.3649909E+02   0.0000000E+00
   1.3683283E+02   0.0000000E+00
   1.3716657E+02   0.0000000E+00
   1.3750031E+02   0.0000000E+00
   1.3783405E+02   0.0000000E+00
   1.3816778E+02   0.0000000E+00
   1.3850152E+02   0.0000000E+00
   1.3883526E+02   0.0000000E+00
   1.3916900E+02   0.0000000E+00
   1.3950274E+02   0.0000000E+00
   1.3983648E+02   0.0000000E+00
   1.4017022E+02   0.0000000E+00
   1.4050395E+02   0.0000000E+00
   1.4083769E+02   0.0000000E+00
   1.4117143E+02   0.0000000E+00
   1.4150517E+02   0.0000000E+00
   1.4183891E+02   0.0000000E+00
   1.4217265E+02   0.0000000E+00
   1.4250639E+02   0.0000000E+00
   1.4284012E+02   0.0000000E+00
   1.4317386E+02   0.0000000E+00
   1.4350760E+02   1.4012985E-45
   1.4384134E+02   4.2038954E-45
   1.4417508E+02   4.2038954E-45
   1.4450882E+02   4.2038954E-45
   1.4484256E+02   2.8025969E-45
   1.4517629E+02   2.8025969E-45
   1.4551003E+02  -4.2038954E-45
   1.4584377E+02  -7.0064923E-45
   1.4617751E+02  -8.4077908E-45
   1.4651125E+02  -1.1210388E-44
   1.4684499E+02  -7.0064923E-45
   1.4717873E+02  -7.0064923E-45
   1.4751246E+02  -2.8025969E-45
   1.4784620E+02   2.8025969E-45
   1.4817994E+02   7.0064923E-45
   1.4851368E+02   1.2611686E-44
   1.4884742E+02   1.5414283E-44
   1.4918116E+02   1.8216880E-44
   1.4951490E+02   2.3822074E-44
   1.4984863E+02   2.5223372E-44
   1.5018237E+02   2.3822074E-44
   1.5051611E+02   1.6815582E-44
   1.5084985E+02   1.1210388E-44
   1.5118359E+02   1.4012985E-45
   1.5151733E+02  -1.4012985E-44
   1.5185107E+02  -2.6624671E-44
   1.5218480E+02  -3.7835059E-44
   1.5251854E+02  -4.6242849E-44
   1.5285228E+02  -4.3440252E-44
   1.5318602E+02  -2.9427268E-44
   1.5351976E+02  -1.1210388E-44
   1.5385350E+02   2.1019477E-44
   1.5418724E+02   5.7453237E-44
   1.5452098E+02   9.2485699E-44
   1.5485471E+02   1.2191297E-43
   1.5518845E+02   1.3872855E-43
   1.5552219E+02   1.3872855E-43
   1.5585593E+02   1.1770907E-43
   1.5618967E+02   7.9874012E-44
   1.5652341E+02   2.1019477E-44
   1.5685715E+02  -5.0446745E-44
   1.5719088E+02  -1.2191297E-43
   1.5752462E+02  -1.9057659E-43
   1.5785836E+02  -2.3681944E-43
   1.5819210E+02  -2.5503632E-43
   1.5852584E+02  -2.4102334E-43
   1.5885958E+02  -1.8497140E-43
   1.5919332E+02  -9.3886997E-44
   1.5952705E+02   3.0828566E-44
   1.5986079E+02   1.6955711E-43
   1.6019453E+02   3.0968696E-43
   1.6052827E+02   4.2599473E-43
   1.6086201E+02   4.9605966E-43
   1.6119575E+02   5.0306615E-43
   1.6152949E+02   4.2739603E-43
   1.6186322E+02   2.6764801E-43
   1.6219696E+02   2.8025969E-44
   1.6253070E+02  -2.6484541E-43
   1.6286444E+02  -5.7453237E-43
   1.6319818E+02  -8.6179856E-43
   1.6353192E+02  -1.0705920E-42
   1.6386566E+02  -1.1532686E-42
   1.6419939E+02  -1.0635855E-42
   1.6453313E+02  -7.8893104E-43
   1.6486687E+02  -3.3070644E-43
   1.6520061E+02   2.7465450E-43
   1.6553435E+02   9.6129075E-43
   1.6586809E+02   1.6395192E-42
   1.6620183E+02   2.2000386E-42
   1.6653556E+02   2.5349489E-42
   1.6686930E+02   2.5503632E-42
   1.6720304E+02   2.1790191E-42
   1.6753678E+02   1.4069037E-42
   1.6787052E+02   2.7465450E-43
   1.6820426E+02  -1.1014206E-42
   1.6853800E+02  -2.5643762E-42
   1.6887173E+02  -3.9054188E-42
   1.6920547E+02  -4.9017420E-42
   1.6953921E+02  -5.3319407E-42
   1.6987295E+02  -5.0306615E-42
   1.7020669E+02  -3.9096227E-42
   1.7054043E+02  -1.9842386E-42
   1.7087417E+02   5.9555185E-43
   1.7120790E+02   3.5663046E-42
   1.7154164E+02   6.5440638E-42
   1.7187538E+02   9.0888218E-42
   1.7220912E+02   1.0728341E-41
   1.7254286E+02   1.1056245E-41
   1.7287660E+02   9.7824646E-42
   1.7321034E+02   6.8159157E-42
   1.7354408E+02   2.2897217E-42
   1.7387781E+02  -3.3925436E-42
   1.7421155E+02  -9.5918880E-42
   1.7454529E+02  -1.5461927E-41
   1.7487903E+02  -2.0070798E-41
   1.7521277E+02  -2.2499248E-41
   1.7554651E+02  -2.2000386E-41
   1.7588025E+02  -1.8128598E-41
   1.7621398E+02  -1.0855859E-41
   1.7654772E+02  -6.7402456E-43
   1.7688146E+02   1.1416379E-41
   1.7721520E+02   2.3963605E-41
   1.7754894E+02   3.5186604E-41
   1.7788268E+02   4.3183815E-41
   1.7821642E+02   4.6217626E-41
   1.7855015E+02   4.2966614E-41
   1.7888389E+02   3.2824015E-41
   1.7921763E+02   1.6091110E-41
   1.7955137E+02  -5.9078743E-42
   1.7988511E+02  -3.0849586E-41
   1.8021885E+02  -5.5575497E-41
   1.8055259E+02  -7.6411404E-41
   1.8088632E+02  -8.9642464E-41
   1.8122006E+02  -9.2034481E-41
   1.8155380E+02  -8.1386014E-41
   1.8188754E+02  -5.7030045E-41
   1.8222128E+02  -2.0196915E-41
   1.8255502E+02   2.5858161E-41
   1.8288876E+02   7.5986811E-41
   1.8322249E+02   1.2358191E-40
   1.8355623E+02   1.6128665E-40
   1.8388997E+02   1.8195720E-40
   1.8422371E+02   1.7972073E-40
   1.8455745E+02   1.5104316E-40
   1.8489119E+02   9.5631614E-41
   1.8522493E+02   1.7022974E-41
   1.8555866E+02  -7.7308235E-41
   1.8589240E+02  -1.7635762E-40
   1.8622614E+02  -2.6661525E-40
   1.8655988E+02  -3.3358050E-40
   1.8689362E+02  -3.6369581E-40
   1.8722736E+02  -3.4646404E-40
   1.8756110E+02  -2.7645236E-40
   1.8789483E+02  -1.5492335E-40
   1.8822857E+02   9.2583790E-42
   1.8856231E+02   1.9962478E-40
   1.8889605E+02   3.9320575E-40
   1.8922979E+02   5.6275446E-40
   1.8956353E+02   6.7996046E-40
   1.8989727E+02   7.1928230E-40
   1.9023100E+02   6.6209951E-40
   1.9056474E+02   5.0049196E-40
   1.9089848E+02   2.4015173E-40
   1.9123222E+02  -9.8159556E-41
   1.9156596E+02  -4.7911796E-40
   1.9189970E+02  -8.5540163E-40
   1.9223344E+02  -1.1724916E-39
   1.9256718E+02  -1.3752161E-39
   1.9290091E+02  -1.4154936E-39
   1.9323465E+02  -1.2603839E-39
   1.9356839E+02  -8.9925386E-40
   1.9390213E+02  -3.4903402E-40
   1.9423587E+02   3.4357596E-40
   1.9456961E+02   1.1038000E-39
   1.9490335E+02   1.8346808E-39
   1.9523708E+02   2.4271624E-39
   1.9557082E+02   2.7735270E-39
   1.9590456E+02   2.7829381E-39
   1.9623830E+02   2.3971564E-39
   1.9657204E+02   1.6043242E-39
   1.9690578E+02   4.4845054E-40
   1.9723952E+02  -9.6736538E-40
   1.9757325E+02  -2.4856218E-39
   1.9790699E+02  -3.9075124E-39
   1.9824073E+02  -5.0141808E-39
   1.9857447E+02  -5.5943969E-39
   1.9890821E+02  -5.4758540E-39
   1.9924195E+02  -4.5562757E-39
   1.9957569E+02  -2.8299251E-39
   1.9990942E+02  -4.0490379E-40
   2.0024316E+02   2.4927488E-39
   2.0057690E+02   5.5309503E-39
   2.0091064E+02   8.3006601E-39
   2.0124438E+02   1.0360859E-38
   2.0157812E+02   1.1295816E-38
   2.0191186E+02   1.0778664E-38
   2.0224559E+02   8.6332737E-39
   2.0257933E+02   4.8853861E-39
   2.0291307E+02  -2.0616744E-40
   2.0324681E+02  -6.1460614E-39
   2.0358055E+02  -1.2232205E-38
   2.0391429E+02  -1.7620112E-38
   2.0424803E+02  -2.1418816E-38
   2.0458176E+02  -2.2810102E-38
   2.0491550E+02  -2.1178068E-38
   2.0524924E+02  -1.6232396E-38
   2.0558298E+02  -8.1065382E-39
   2.0591672E+02   2.5876237E-39
   2.0625046E+02   1.4764067E-38
   2.0658420E+02   2.6935585E-38
   2.0691793E+02   3.7357020E-38
   2.0725167E+02   4.4230419E-38
   2.0758541E+02   4.5953846E-38
   2.0791915E+02   4.1385290E-38
   2.0825289E+02   3.0086982E-38
   2.0858663E+02   1.2511039E-38
   2.0892037E+02  -9.9101691E-39
   2.0925410E+02  -3.4798907E-38
   2.0958784E+02  -5.9008975E-38
   2.0992158E+02  -7.8944161E-38
   2.1025532E+02  -9.0997217E-38
   2.1058906E+02  -9.2066979E-38
   2.1092280E+02  -8.0093080E-38
   2.1125654E+02  -5.4533850E-38
   2.1159027E+02  -1.6708857E-38
   2.1192401E+02   3.0067448E-38
   2.1225775E+02   8.0616437E-38
   2.1259149E+02   1.2831784E-37
   2.1292523E+02   1.6581391E-37
   2.1325897E+02   1.8594235E-37
   2.1359271E+02   1.8280361E-37
   2.1392645E+02   1.5283035E-37
   2.1426018E+02   9.5706286E-38
   2.1459392E+02   1.4973838E-38
   2.1492766E+02  -8.1810226E-38
   2.1526140E+02  -1.8347257E-37
   2.1559514E+02  -2.7621279E-37
   2.1592888E+02  -3.4514279E-37
   2.1626262E+02  -3.7624922E-37
   2.1659635E+02  -3.5856743E-37
   2.1693009E+02  -2.8628716E-37
   2.1726383E+02  -1.6047540E-37
   2.1759757E+02   9.9002185E-39
   2.1793131E+02   2.0791527E-37
   2.1826505E+02   4.0977357E-37
   2.1859879E+02   5.8707070E-37
   2.1893252E+02   7.1010968E-37
   2.1926626E+02   7.5196855E-37
   2.1960000E+02   6.9285707E-37
   2.1993374E+02   5.2418203E-37
   2.2026748E+02   2.5168318E-37
   2.2060122E+02  -1.0297258E-37
   2.2093496E+02  -5.0262935E-37
   2.2126869E+02  -8.9739207E-37
   2.2160243E+02  -1.2296795E-36
   2.2193617E+02  -1.4412387E-36
   2.2226991E+02  -1.4814284E-36
   2.2260365E+02  -1.3157965E-36
   2.2293739E+02  -9.3374871E-37
   2.2327113E+02  -3.5405799E-37
   2.2360486E+02   3.7294951E-37
   2.2393860E+02   1.1673961E-36
   2.2427234E+02   1.9264501E-36
   2.2460608E+02   2.5353251E-36
   2.2493982E+02   2.8818219E-36
   2.2527356E+02   2.8729067E-36
   2.2560730E+02   2.4512442E-36
   2.2594103E+02   1.6093254E-36
   2.2627477E+02   3.9872959E-37
   2.2660851E+02  -1.0676016E-36
   2.2694225E+02  -2.6215472E-36
   2.2727599E+02  -4.0549386E-36
   2.2760973E+02  -5.1429255E-36
   2.2794347E+02  -5.6735338E-36
   2.2827720E+02  -5.4801821E-36
   2.2861094E+02  -4.4729404E-36
   2.2894468E+02  -2.6638475E-36
   2.2927842E+02  -1.8166012E-37
   2.2961216E+02   2.7277578E-36
   2.2994590E+02   5.7178018E-36
   2.3027964E+02   8.3745621E-36
   2.3061337E+02   1.0265281E-35
   2.3094711E+02   1.0997266E-35
   2.3128085E+02   1.0280474E-35
   2.3161459E+02   7.9853848E-36
   2.3194833E+02   4.1870949E-36
   2.3228207E+02  -8.1286037E-37
   2.3261581E+02  -6.4936076E-36
   2.3294955E+02  -1.2154543E-35
   2.3328328E+02  -1.6986871E-35
   2.3361702E+02  -2.0171925E-35
   2.3395076E+02  -2.0996324E-35
   2.3428450E+02  -1.8970318E-35
   2.3461824E+02  -1.3932670E-35
   2.3495198E+02  -6.1251923E-36
   2.3528572E+02   3.7785155E-36
   2.3561945E+02   1.4701425E-35
   2.3595319E+02   2.5253304E-35
   2.3628693E+02   3.3879575E-35
   2.3662067E+02   3.9056721E-35
   2.3695441E+02   3.9513562E-35
   2.3728815E+02   3.4450976E-35
   2.3762189E+02   2.3728411E-35
   2.3795562E+02   7.9857005E-36
   2.3828936E+02  -1.1327197E-35
   2.3862310E+02  -3.2030844E-35
   2.3895684E+02  -5.1412897E-35
   2.3929058E+02  -6.6530369E-35
   2.3962432E+02  -7.4590994E-35
   2.3995806E+02  -7.3371344E-35
   2.4029179E+02  -6.1618524E-35
   2.4062553E+02  -3.9375502E-35
   2.4095927E+02  -8.1729933E-36
   2.4129301E+02   2.8960324E-35
   2.4162675E+02   6.7697282E-35
   2.4196049E+02   1.0282569E-34
   2.4229423E+02   1.2884925E-34
   2.4262796E+02   1.4071938E-34
   2.4296170E+02   1.3461472E-34
   2.4329544E+02   1.0866458E-34
   2.4362918E+02   6.3507357E-35
   2.4396292E+02   2.5786776E-36
   2.4429666E+02  -6.7950140E-35
   2.4463040E+02  -1.3962823E-34
   2.4496413E+02  -2.0256991E-34
   2.4529787E+02  -2.4662762E-34
   2.4563161E+02  -2.6277726E-34
   2.4596535E+02  -2.4455219E-34
   2.4629909E+02  -1.8933280E-34
   2.4663283E+02  -9.9289186E-35
   2.4696657E+02   1.8208362E-35
   2.4730030E+02   1.5084455E-34
   2.4763404E+02   2.8234523E-34
   2.4796778E+02   3.9416341E-34
   2.4830152E+02   4.6773311E-34
   2.4863526E+02   4.8705938E-34
   2.4896900E+02   4.4133155E-34
   2.4930274E+02   3.2720170E-34
   2.4963647E+02   1.5035645E-34
   2.4997021E+02  -7.3937378E-35
   2.5030395E+02  -3.2154018E-34
   2.5063769E+02  -5.6148599E-34
   2.5097143E+02  -7.5927999E-34
   2.5130517E+02  -8.8116792E-34
   2.5163891E+02  -8.9893120E-34
   2.5197264E+02  -7.9461728E-34
   2.5230638E+02  -5.6453621E-34
   2.5264012E+02  -2.2187004E-34
   2.5297386E+02   2.0267479E-34
   2.5330760E+02   6.6254131E-34
   2.5364134E+02   1.0994311E-33
   2.5397508E+02   1.4496315E-33
   2.5430882E+02   1.6520100E-33
   2.5464255E+02   1.6568147E-33
   2.5497629E+02   1.4341835E-33
   2.5531003E+02   9.8115042E-34
   2.5564377E+02   3.2596777E-34
   2.5597751E+02  -4.7123227E-34
   2.5631125E+02  -1.3220539E-33
   2.5664499E+02  -2.1178520E-33
   2.5697872E+02  -2.7416654E-33
   2.5731246E+02  -3.0830098E-33
   2.5764620E+02  -3.0539003E-33
   2.5797994E+02  -2.6041068E-33
   2.5831368E+02  -1.7334269E-33
   2.5864742E+02  -4.9890873E-34
   2.5898116E+02   9.8469545E-34
   2.5931489E+02   2.5522545E-33
   2.5964863E+02   4.0034722E-33
   2.5998237E+02   5.1250154E-33
   2.6031611E+02   5.7175571E-33
   2.6064985E+02   5.6247214E-33
   2.6098359E+02   4.7603172E-33
   2.6131733E+02   3.1298933E-33
   2.6165106E+02   8.4296022E-34
   2.6198480E+02  -1.8871111E-33
   2.6231854E+02  -4.7571889E-33
   2.6265228E+02  -7.4025207E-33
   2.6298602E+02  -9.4370670E-33
   2.6331976E+02  -1.0502294E-32
   2.6365350E+02  -1.0319014E-32
   2.6398723E+02  -8.7357619E-33
   2.6432097E+02  -5.7667174E-33
   2.6465471E+02  -1.6127134E-33
   2.6498845E+02   3.3398432E-33
   2.6532219E+02   8.5449417E-33
   2.6565593E+02   1.3347747E-32
   2.6598967E+02   1.7056790E-32
   2.6632340E+02   1.9030772E-32
   2.6665714E+02   1.8770463E-32
   2.6699088E+02   1.6004031E-32
   2.6732462E+02   1.0753781E-32
   2.6765836E+02   3.3727049E-33
   2.6799210E+02  -5.4578012E-33
   2.6832584E+02  -1.4773966E-32
   2.6865957E+02  -2.3419133E-32
   2.6899331E+02  -3.0170511E-32
   2.6932705E+02  -3.3891318E-32
   2.6966079E+02  -3.3691655E-32
   2.6999453E+02  -2.9077772E-32
   2.7032827E+02  -2.0068727E-32
   2.7066201E+02  -7.2608038E-33
   2.7099574E+02   8.1756543E-33
   2.7132948E+02   2.4575117E-32
   2.7166322E+02   3.9930920E-32
   2.7199696E+02   5.2113632E-32
   2.7233070E+02   5.9133561E-32
   2.7266444E+02   5.9418154E-32
   2.7299818E+02   5.2070121E-32
   2.7333192E+02   3.7069779E-32
   2.7366565E+02   1.5388135E-32
   2.7399939E+02  -1.1015099E-32
   2.7433313E+02  -3.9322872E-32
   2.7466687E+02  -6.6120258E-32
   2.7500061E+02  -8.7763995E-32
   2.7533435E+02  -1.0082739E-31
   2.7566809E+02  -1.0257152E-31
   2.7600182E+02  -9.1384806E-32
   2.7633556E+02  -6.7129232E-32
   2.7666930E+02  -3.1337169E-32
   2.7700304E+02   1.2785482E-32
   2.7733678E+02   6.0572907E-32
   2.7767052E+02   1.0632862E-31
   2.7800426E+02   1.4393979E-31
   2.7833799E+02   1.6761855E-31
   2.7867173E+02   1.7268915E-31
   2.7900547E+02   1.5632361E-31
   2.7933921E+02   1.1812371E-31
   2.7967295E+02   6.0456203E-32
   2.8000669E+02  -1.1532317E-32
   2.8034043E+02  -9.0259241E-32
   2.8067416E+02  -1.6640580E-31
   2.8100790E+02  -2.2992326E-31
   2.8134164E+02  -2.7124908E-31
   2.8167538E+02  -2.8259883E-31
   2.8200912E+02  -2.5917509E-31
   2.8234286E+02  -2.0012497E-31
   2.8267660E+02  -1.0909329E-31
   2.8301033E+02   5.7461103E-33
   2.8334407E+02   1.3224523E-31
   2.8367781E+02   2.5541517E-31
   2.8401155E+02   3.5905672E-31
   2.8434529E+02   4.2772920E-31
   2.8467903E+02   4.4883981E-31
   2.8501277E+02   4.1459286E-31
   2.8534650E+02   3.2352724E-31
   2.8568024E+02   1.8139806E-31
   2.8601398E+02   1.2105006E-33
   2.8634772E+02  -1.9768980E-31
   2.8668146E+02  -3.9145629E-31
   2.8701520E+02  -5.5437183E-31
   2.8734894E+02  -6.6201223E-31
   2.8768267E+02  -6.9458400E-31
   2.8801641E+02  -6.4002066E-31
   2.8835015E+02  -4.9639735E-31
   2.8868389E+02  -2.7327841E-31
   2.8901763E+02   8.3056669E-33
   2.8935137E+02   3.1739203E-31
   2.8968511E+02   6.1609911E-31
   2.9001884E+02   8.6388208E-31
   2.9035258E+02   1.0226054E-30
   2.9068632E+02   1.0618525E-30
   2.9102006E+02   9.6379402E-31
   2.9135380E+02   7.2692317E-31
   2.9168754E+02   3.6803668E-31
   2.9202128E+02  -7.7993721E-32
   2.9235501E+02  -5.6087716E-31
   2.9268875E+02  -1.0198985E-30
   2.9302249E+02  -1.3908554E-30
   2.9335623E+02  -1.6142298E-30
   2.9368997E+02  -1.6436435E-30
   2.9402371E+02  -1.4535146E-30
   2.9435745E+02  -1.0448021E-30
   2.9469119E+02  -4.4786419E-31
   2.9502492E+02   2.7827544E-31
   2.9535866E+02   1.0505540E-30
   2.9569240E+02   1.7702193E-30
   2.9602614E+02   2.3342072E-30
   2.9635988E+02   2.6483903E-30
   2.9669362E+02   2.6411346E-30
   2.9702736E+02   2.2754230E-30
   2.9736109E+02   1.5577660E-30
   2.9769483E+02   5.4235269E-31
   2.9802857E+02  -6.7062254E-31
   2.9836231E+02  -1.9429259E-30
   2.9869605E+02  -3.1121764E-30
   2.9902979E+02  -4.0105178E-30
   2.9936353E+02  -4.4861378E-30
   2.9969726E+02  -4.4251374E-30
   3.0003100E+02  -3.7708948E-30
   3.0036474E+02  -2.5381229E-30
   3.0069848E+02  -8.1915386E-31
   3.0103222E+02   1.2192194E-30
   3.0136596E+02   3.3489996E-30
   3.0169970E+02   5.3037350E-30
   3.0203343E+02   6.8088387E-30
   3.0236717E+02   7.6163503E-30
   3.0270091E+02   7.5401391E-30
   3.0303465E+02   6.4869631E-30
   3.0336839E+02   4.4789494E-30
   3.0370213E+02   1.6635846E-30
   3.0403587E+02  -1.6913927E-30
   3.0436960E+02  -5.2191972E-30
   3.0470334E+02  -8.4902921E-30
   3.0503708E+02  -1.1060656E-29
   3.0537082E+02  -1.2527144E-29
   3.0570456E+02  -1.2583450E-29
   3.0603830E+02  -1.1069631E-29
   3.0637204E+02  -8.0080137E-30
   3.0670577E+02  -3.6195566E-30
   3.0703951E+02   1.6835690E-30
   3.0737325E+02   7.3306070E-30
   3.0770699E+02   1.2648515E-29
   3.0804073E+02   1.6937061E-29
   3.0837447E+02   1.9555062E-29
   3.0870821E+02   2.0007747E-29
   3.0904194E+02   1.8024207E-29
   3.0937568E+02   1.3614008E-29
   3.0970942E+02   7.0936431E-30
   3.1004316E+02  -9.2363161E-31
   3.1037690E+02  -9.5767062E-30
   3.1071064E+02  -1.7841959E-29
   3.1104438E+02  -2.4647541E-29
   3.1137811E+02  -2.9004809E-29
   3.1171185E+02  -3.0141712E-29
   3.1204559E+02  -2.7621188E-29
   3.1237933E+02  -2.1428131E-29
   3.1271307E+02  -1.2010554E-29
   3.1304681E+02  -2.6557972E-31
   3.1338055E+02   1.2533207E-29
   3.1371429E+02   2.4863288E-29
   3.1404802E+02   3.5124250E-29
   3.1438176E+02   4.1834593E-29
   3.1471550E+02   4.3831283E-29
   3.1504924E+02   4.0446816E-29
   3.1538298E+02   3.1639054E-29
   3.1571672E+02   1.8052734E-29
   3.1605046E+02   9.9859016E-31
   3.1638419E+02  -1.7654554E-29
   3.1671793E+02  -3.5668942E-29
   3.1705167E+02  -5.0691078E-29
   3.1738541E+02  -6.0542408E-29
   3.1771915E+02  -6.3513113E-29
   3.1805289E+02  -5.8622130E-29
   3.1838663E+02  -4.5806300E-29
   3.1872036E+02  -2.6008733E-29
   3.1905410E+02  -1.1456876E-30
   3.1938784E+02   2.6054077E-29
   3.1972158E+02   5.2328052E-29
   3.2005532E+02   7.4251232E-29
   3.2038906E+02   8.8660065E-29
   3.2072280E+02   9.3078924E-29
   3.2105653E+02   8.6094870E-29
   3.2139027E+02   6.7627525E-29
   3.2172401E+02   3.9050818E-29
   3.2205775E+02   3.1379959E-30
   3.2239149E+02  -3.6177216E-29
   3.2272523E+02  -7.4208560E-29
   3.2305897E+02  -1.0605530E-28
   3.2339270E+02  -1.2721186E-28
   3.2372644E+02  -1.3417602E-28
   3.2406018E+02  -1.2497725E-28
   3.2439392E+02  -9.9549748E-29
   3.2472766E+02  -5.9889446E-29
   3.2506140E+02  -9.9575152E-30
   3.2539514E+02   4.4678830E-29
   3.2572887E+02   9.7441306E-29
   3.2606261E+02   1.4151394E-28
   3.2639635E+02   1.7070793E-28
   3.2673009E+02   1.8031207E-28
   3.2706383E+02   1.6781704E-28
   3.2739757E+02   1.3340741E-28
   3.2773131E+02   8.0138920E-29
   3.2806504E+02   1.3751621E-29
   3.2839878E+02  -5.7886196E-29
   3.2873252E+02  -1.2565930E-28
   3.2906626E+02  -1.8032294E-28
   3.2940000E+02  -2.1372757E-28
   3.2973374E+02  -2.1999664E-28
   3.3006748E+02  -1.9649729E-28
   3.3040121E+02  -1.4445729E-28
   3.3073495E+02  -6.9114572E-29
   3.3106869E+02   2.0659788E-29
   3.3140243E+02   1.1326201E-28
   3.3173617E+02   1.9570419E-28
   3.3206991E+02   2.5527133E-28
   3.3240365E+02   2.8129271E-28
   3.3273739E+02   2.6680074E-28
   3.3307112E+02   2.0984478E-28
   3.3340486E+02   1.1425324E-28
   3.3373860E+02  -1.0312392E-29
   3.3407234E+02  -1.4908224E-28
   3.3440608E+02  -2.8366382E-28
   3.3473982E+02  -3.9416203E-28
   3.3507356E+02  -4.6171537E-28
   3.3540729E+02  -4.7115343E-28
   3.3574103E+02  -4.1343885E-28
   3.3607477E+02  -2.8754916E-28
   3.3640851E+02  -1.0150108E-28
   3.3674225E+02   1.2770293E-28
   3.3707599E+02   3.7530395E-28
   3.3740973E+02   6.1114548E-28
   3.3774346E+02   8.0297152E-28
   3.3807720E+02   9.2032710E-28
   3.3841094E+02   9.3862295E-28
   3.3874468E+02   8.4286360E-28
   3.3907842E+02   6.3053338E-28
   3.3941216E+02   3.1319863E-28
   3.3974590E+02  -8.3491085E-29
   3.4007963E+02  -5.2154761E-28
   3.4041337E+02  -9.5407209E-28
   3.4074711E+02  -1.3300847E-27
   3.4108085E+02  -1.6002752E-27
   3.4141459E+02  -1.7230481E-27
   3.4174833E+02  -1.6701283E-27
   3.4208207E+02  -1.4310174E-27
   3.4241580E+02  -1.0156524E-27
   3.4274954E+02  -4.5481423E-28
   3.4308328E+02   2.0193453E-28
   3.4341702E+02   8.9070254E-28
   3.4375076E+02   1.5397350E-27
   3.4408450E+02   2.0772364E-27
   3.4441824E+02   2.4396748E-27
   3.4475197E+02   2.5795856E-27
   3.4508571E+02   2.4718775E-27
   3.4541945E+02   2.1177811E-27
   3.4575319E+02   1.5458180E-27
   3.4608693E+02   8.0950196E-28
   3.4642067E+02  -1.8103067E-29
   3.4675441E+02  -8.5245559E-28
   3.4708814E+02  -1.6073318E-27
   3.4742188E+02  -2.2051907E-27
   3.4775562E+02  -2.5867883E-27
   3.4808936E+02  -2.7187594E-27
   3.4842310E+02  -2.5980664E-27
   3.4875684E+02  -2.2525707E-27
   3.4909058E+02  -1.7374621E-27
   3.4942431E+02  -1.1278061E-27
   3.4975805E+02  -5.0805411E-28
   3.5009179E+02   4.0227091E-29
   3.5042553E+02   4.5074272E-28
   3.5075927E+02   6.8322538E-28
   3.5109301E+02   7.3088425E-28
   3.5142675E+02   6.2318413E-28
   3.5176048E+02   4.2318170E-28
   3.5209422E+02   2.1928041E-28
   3.5242796E+02   1.1211743E-28
   3.5276170E+02   1.9797457E-28
   3.5309544E+02   5.5084100E-28
   3.5342918E+02   1.2055364E-27
   3.5376292E+02   2.1445858E-27
   3.5409666E+02   3.2911377E-27
   3.5443039E+02   4.5097918E-27
   3.5476413E+02   5.6162517E-27
   3.5509787E+02   6.3956713E-27
   3.5543161E+02   6.6283175E-27
   3.5576535E+02   6.1200784E-27
   3.5609909E+02   4.7344296E-27
   3.5643283E+02   2.4217589E-27
   3.5676656E+02  -7.5809841E-28
   3.5710030E+02  -4.6239413E-27
   3.5743404E+02  -8.8748316E-27
   3.5776778E+02  -1.3106889E-26
   3.5810152E+02  -1.6845148E-26
   3.5843526E+02  -1.9588489E-26
   3.5876900E+02  -2.0863929E-26
   3.5910273E+02  -2.0284956E-26
   3.5943647E+02  -1.7607474E-26
   3.5977021E+02  -1.2776702E-26
   3.6010395E+02  -5.9584706E-27
   3.6043769E+02   2.4502567E-27
   3.6077143E+02   1.1835209E-26
   3.6110517E+02   2.1403818E-26
   3.6143890E+02   3.0247774E-26
   3.6177264E+02   3.7424504E-26
   3.6210638E+02   4.2050539E-26
   3.6244012E+02   4.3397744E-26
   3.6277386E+02   4.0982341E-26
   3.6310760E+02   3.4636559E-26
   3.6344134E+02   2.4554001E-26
   3.6377507E+02   1.1301855E-26
   3.6410881E+02  -4.2038752E-27
   3.6444255E+02  -2.0760132E-26
   3.6477629E+02  -3.6971680E-26
   3.6511003E+02  -5.1371516E-26
   3.6544377E+02  -6.2555986E-26
   3.6577751E+02  -6.9321676E-26
   3.6611124E+02  -7.0790258E-26
   3.6644498E+02  -6.6508062E-26
   3.6677872E+02  -5.6509151E-26
   3.6711246E+02  -4.1334068E-26
   3.6744620E+02  -2.2000582E-26
   3.6777994E+02   7.2251647E-29
   3.6811368E+02   2.3180373E-26
   3.6844741E+02   4.5481070E-26
   3.6878115E+02   6.5155338E-26
   3.6911489E+02   8.0570352E-26
   3.6944863E+02   9.0425942E-26
   3.6978237E+02   9.3870614E-26
   3.7011611E+02   9.0574938E-26
   3.7044985E+02   8.0755457E-26
   3.7078358E+02   6.5147332E-26
   3.7111732E+02   4.4928112E-26
   3.7145106E+02   2.1602386E-26
   3.7178480E+02  -3.1409213E-27
   3.7211854E+02  -2.7582796E-26
   3.7245228E+02  -5.0123482E-26
   3.7278602E+02  -6.9411150E-26
   3.7311976E+02  -8.4437107E-26
   3.7345349E+02  -9.4588311E-26
   3.7378723E+02  -9.9652798E-26
   3.7412097E+02  -9.9780791E-26
   3.7445471E+02  -9.5407143E-26
   3.7478845E+02  -8.7147085E-26
   3.7512219E+02  -7.5680425E-26
   3.7545593E+02  -6.1639348E-26
   3.7578966E+02  -4.5517989E-26
   3.7612340E+02  -2.7615031E-26
   3.7645714E+02  -8.0221546E-27
   3.7679088E+02   1.3338470E-26
   3.7712462E+02   3.6628118E-26
   3.7745836E+02   6.1963015E-26
   3.7779210E+02   8.9260413E-26
   3.7812583E+02   1.1807315E-25
   3.7845957E+02   1.4743980E-25
   3.7879331E+02   1.7577304E-25
   3.7912705E+02   2.0081137E-25
   3.7946079E+02   2.1965600E-25
   3.7979453E+02   2.2890826E-25
   3.8012827E+02   2.2491726E-25
   3.8046200E+02   2.0413223E-25
   3.8079574E+02   1.6354461E-25
   3.8112948E+02   1.0118964E-25
   3.8146322E+02   1.6666209E-26
   3.8179696E+02  -8.8384370E-26
   3.8213070E+02  -2.0990341E-25
   3.8246444E+02  -3.4120421E-25
   3.8279817E+02  -4.7300100E-25
   3.8313191E+02  -5.9371604E-25
   3.8346565E+02  -6.9010479E-25
   3.8379939E+02  -7.4819631E-25
   3.8413313E+02  -7.5452041E-25
   3.8446687E+02  -6.9755016E-25
   3.8480061E+02  -5.6925140E-25
   3.8513434E+02  -3.6660131E-25
   3.8546808E+02  -9.2912752E-26
   3.8580182E+02   2.4121483E-25
   3.8613556E+02   6.1747303E-25
   3.8646930E+02   1.0101056E-24
   3.8680304E+02   1.3869320E-24
   3.8713678E+02   1.7111797E-24
   3.8747051E+02   1.9440747E-24
   3.8780425E+02   2.0480851E-24
   3.8813799E+02   1.9906021E-24
   3.8847173E+02   1.7478032E-24
   3.8880547E+02   1.3083635E-24
   3.8913921E+02   6.7666926E-25
   3.8947295E+02  -1.2484345E-25
   3.8980668E+02  -1.0545674E-24
   3.9014042E+02  -2.0521084E-24
   3.9047416E+02  -3.0404076E-24
   3.9080790E+02  -3.9296897E-24
   3.9114164E+02  -4.6232432E-24
   3.9147538E+02  -5.0248404E-24
   3.9180912E+02  -5.0474697E-24
   3.9214285E+02  -4.6228661E-24
   3.9247659E+02  -3.7111452E-24
   3.9281033E+02  -2.3097271E-24
   3.9314407E+02  -4.6054385E-25
   3.9347781E+02   1.7454569E-24
   3.9381155E+02   4.1675419E-24
   3.9414529E+02   6.6190305E-24
   3.9447903E+02   8.8763773E-24
   3.9481276E+02   1.0693753E-23
   3.9514650E+02   1.1822810E-23
   3.9548024E+02   1.2036792E-23
   3.9581398E+02   1.1157311E-23
   3.9614772E+02   9.0816097E-24
   3.9648146E+02   5.8073731E-24
   3.9681520E+02   1.4518932E-24
   3.9714893E+02  -3.7377176E-24
   3.9748267E+02  -9.3863341E-24
   3.9781641E+02  -1.5006869E-23
   3.9815015E+02  -2.0031673E-23
   3.9848389E+02  -2.3858798E-23
   3.9881763E+02  -2.5910676E-23
   3.9915137E+02  -2.5700986E-23
   3.9948510E+02  -2.2903437E-23
   3.9981884E+02  -1.7414846E-23
   4.0015258E+02  -9.4042025E-24
   4.0048632E+02   6.6077040E-25
   4.0082006E+02   1.2016561E-23
   4.0115380E+02   2.3641376E-23
   4.0148754E+02   3.4328825E-23
   4.0182127E+02   4.2795401E-23
   4.0215501E+02   4.7814879E-23
   4.0248875E+02   4.8368268E-23
   4.0282249E+02   4.3794004E-23
   4.0315623E+02   3.3920514E-23
   4.0348997E+02   1.9162255E-23
   4.0382371E+02   5.6144019E-25
   4.0415744E+02  -2.0238818E-23
   4.0449118E+02  -4.1098066E-23
   4.0482492E+02  -5.9559364E-23
   4.0515866E+02  -7.3098187E-23
   4.0549240E+02  -7.9420389E-23
   4.0582614E+02  -7.6780848E-23
   4.0615988E+02  -6.4286837E-23
   4.0649361E+02  -4.2145601E-23
   4.0682735E+02  -1.1815549E-23
   4.0716109E+02   2.3974704E-23
   4.0749483E+02   6.1364903E-23
   4.0782857E+02   9.5669807E-23
   4.0816231E+02   1.2184412E-22
   4.0849605E+02   1.3507447E-22
   4.0882978E+02   1.3144507E-22
   4.0916352E+02   1.0860429E-22
   4.0949726E+02   6.6345985E-23
   4.0983100E+02   7.0144817E-24
   4.1016474E+02  -6.4350760E-23
   4.1049848E+02  -1.4019737E-22
   4.1083222E+02  -2.1100363E-22
   4.1116595E+02  -2.6617808E-22
   4.1149969E+02  -2.9526031E-22
   4.1183343E+02  -2.8932066E-22
   4.1216717E+02  -2.4240961E-22
   4.1250091E+02  -1.5287719E-22
   4.1283465E+02  -2.4365174E-23
   4.1316839E+02   1.3371367E-22
   4.1350213E+02   3.0636333E-22
   4.1383586E+02   4.7394910E-22
   4.1416960E+02   6.1390746E-22
   4.1450334E+02   7.0313114E-22
   4.1483708E+02   7.2083595E-22
   4.1517082E+02   6.5162006E-22
   4.1550456E+02   4.8835564E-22
   4.1583830E+02   2.3451542E-22
   4.1617203E+02  -9.4458647E-23
   4.1650577E+02  -4.7107663E-22
   4.1683951E+02  -8.5723174E-22
   4.1717325E+02  -1.2072091E-21
   4.1750699E+02  -1.4721470E-21
   4.1784073E+02  -1.6056235E-21
   4.1817447E+02  -1.5698479E-21
   4.1850820E+02  -1.3417753E-21
   4.1884194E+02  -9.1836092E-22
   4.1917568E+02  -3.2015701E-22
   4.1950942E+02   4.0747329E-22
   4.1984316E+02   1.1960624E-21
   4.2017690E+02   1.9589265E-21
   4.2051064E+02   2.5991380E-21
   4.2084437E+02   3.0200786E-21
   4.2117811E+02   3.1376504E-21
   4.2151185E+02   2.8928614E-21
   4.2184559E+02   2.2632453E-21
   4.2217933E+02   1.2714346E-21
   4.2251307E+02  -1.0677112E-23
   4.2284681E+02  -1.4634671E-21
   4.2318054E+02  -2.9275509E-21
   4.2351428E+02  -4.2182277E-21
   4.2384802E+02  -5.1455521E-21
   4.2418176E+02  -5.5383559E-21
   4.2451550E+02  -5.2696349E-21
   4.2484924E+02  -4.2801750E-21
   4.2518298E+02  -2.5969275E-21
   4.2551671E+02  -3.4280846E-22
   4.2585045E+02   2.2648328E-21
   4.2618419E+02   4.9287177E-21
   4.2651793E+02   7.2992784E-21
   4.2685167E+02   9.0137742E-21
   4.2718541E+02   9.7434243E-21
   4.2751915E+02   9.2433629E-21
   4.2785288E+02   7.3990013E-21
   4.2818662E+02   4.2618482E-21
   4.2852036E+02   6.8177474E-23
   4.2885410E+02  -4.7647667E-21
   4.2918784E+02  -9.6680434E-21
   4.2952158E+02  -1.3975733E-20
   4.2985532E+02  -1.7001534E-20
   4.3018905E+02  -1.8130056E-20
   4.3052279E+02  -1.6912557E-20
   4.3085653E+02  -1.3154547E-20
   4.3119027E+02  -6.9819747E-21
   4.3152401E+02   1.1264055E-21
   4.3185775E+02   1.0350131E-20
   4.3219149E+02   1.9586703E-20
   4.3252522E+02   2.7559060E-20
   4.3285896E+02   3.2963387E-20
   4.3319270E+02   3.4643248E-20
   4.3352644E+02   3.1770211E-20
   4.3386018E+02   2.4007557E-20
   4.3419392E+02   1.1632244E-20
   4.3452766E+02  -4.4073346E-21
   4.3486140E+02  -2.2515113E-20
   4.3519513E+02  -4.0561428E-20
   4.3552887E+02  -5.6085094E-20
   4.3586261E+02  -6.6569699E-20
   4.3619635E+02  -6.9767961E-20
   4.3653009E+02  -6.4038772E-20
   4.3686383E+02  -4.8654450E-20
   4.3719757E+02  -2.4034626E-20
   4.3753130E+02   8.1334957E-21
   4.3786504E+02   4.4919184E-20
   4.3819878E+02   8.2332492E-20
   4.3853252E+02   1.1566689E-19
   4.3886626E+02   1.3997739E-19
   4.3920000E+02   1.5065227E-19
   4.3953374E+02   1.4401954E-19
   4.3986747E+02   1.1791827E-19
   4.4020121E+02   7.2161182E-20
   4.4053495E+02   8.8206986E-21
   4.4086869E+02  -6.7716973E-20
   4.4120243E+02  -1.5096157E-19
   4.4153617E+02  -2.3279768E-19
   4.4186991E+02  -3.0420725E-19
   4.4220364E+02  -3.5617893E-19
   4.4253738E+02  -3.8072234E-19
   4.4287112E+02  -3.7188360E-19
   4.4320486E+02  -3.2665290E-19
   4.4353860E+02  -2.4565201E-19
   4.4387234E+02  -1.3350972E-19
   4.4420608E+02   1.1467308E-21
   4.4453981E+02   1.4611789E-19
   4.4487355E+02   2.8647234E-19
   4.4520729E+02   4.0575629E-19
   4.4554103E+02   4.8748628E-19
   4.4587477E+02   5.1680813E-19
   4.4620851E+02   4.8217475E-19
   4.4654225E+02   3.7688362E-19
   4.4687598E+02   2.0030560E-19
   4.4720972E+02  -4.1351130E-20
   4.4754346E+02  -3.3487663E-19
   4.4787720E+02  -6.6058447E-19
   4.4821094E+02  -9.9356024E-19
   4.4854468E+02  -1.3055917E-18
   4.4887842E+02  -1.5676543E-18
   4.4921215E+02  -1.7527477E-18
   4.4954589E+02  -1.8388014E-18
   4.4987963E+02  -1.8113192E-18
   4.5021337E+02  -1.6654086E-18
   4.5054711E+02  -1.4068577E-18
   4.5088085E+02  -1.0519693E-18
   4.5121459E+02  -6.2597131E-19
   4.5154832E+02  -1.5995233E-19
   4.5188206E+02   3.1356887E-19
   4.5221580E+02   7.6612290E-19
   4.5254954E+02   1.1793863E-18
   4.5288328E+02   1.5512914E-18
   4.5321702E+02   1.9015544E-18
   4.5355076E+02   2.2760294E-18
   4.5388450E+02   2.7494528E-18
   4.5421823E+02   3.4263908E-18
   4.5455197E+02   4.4404759E-18
   4.5488571E+02   5.9522527E-18
   4.5521945E+02   8.1462583E-18
   4.5555319E+02   1.1228028E-17
   4.5588693E+02   1.5421712E-17
   4.5622067E+02   2.0968977E-17
   4.5655440E+02   2.8129842E-17
   4.5688814E+02   3.7185799E-17
   4.5722188E+02   4.8445613E-17
   4.5755562E+02   6.2254089E-17
   4.5788936E+02   7.9004139E-17
   4.5822310E+02   9.9151950E-17
   4.5855684E+02   1.2323526E-16
   4.5889057E+02   1.5189442E-16
   4.5922431E+02   1.8589459E-16
   4.5955805E+02   2.2614859E-16
   4.5989179E+02   2.7373836E-16
   4.6022553E+02   3.2993204E-16
   4.6055927E+02   3.9619585E-16
   4.6089301E+02   4.7419906E-16
   4.6122674E+02   5.6581123E-16
   4.6156048E+02   6.7309309E-16
   4.6189422E+02   7.9827985E-16
   4.6222796E+02   9.4376189E-16
   4.6256170E+02   1.1120575E-15
   4.6289544E+02   1.3057790E-15
   4.6322918E+02   1.5275906E-15
   4.6356291E+02   1.7801352E-15
   4.6389665E+02   2.0659392E-15
   4.6423039E+02   2.3872658E-15
   4.6456413E+02   2.7459184E-15
   4.6489787E+02   3.1429738E-15
   4.6523161E+02   3.5784432E-15
   4.6556535E+02   4.0508487E-15
   4.6589908E+02   4.5566959E-15
   4.6623282E+02   5.0897973E-15
   4.6656656E+02   5.6404530E-15
   4.6690030E+02   6.1944019E-15
   4.6723404E+02   6.7315157E-15
   4.6756778E+02   7.2241805E-15
   4.6790152E+02   7.6353329E-15
   4.6823525E+02   7.9160362E-15
   4.6856899E+02   8.0025615E-15
   4.6890273E+02   7.8128744E-15
   4.6923647E+02   7.2423629E-15
   4.6957021E+02   6.1586224E-15
   4.6990395E+02   4.3952302E-15
   4.7023769E+02   1.7441899E-15
   4.7057142E+02  -2.0532316E-15
   4.7090516E+02  -7.3172635E-15
   4.7123890E+02  -1.4442840E-14
   4.7157264E+02  -2.3915135E-14
   4.7190638E+02  -3.6327888E-14
   4.7224012E+02  -5.2405102E-14
   4.7257386E+02  -7.3026139E-14
   4.7290760E+02  -9.9255917E-14
   4.7324133E+02  -1.3237924E-13
   4.7357507E+02  -1.7394135E-13
   4.7390881E+02  -2.2579594E-13
   4.7424255E+02  -2.9016085E-13
   4.7457629E+02  -3.6968345E-13
   4.7491003E+02  -4.6751649E-13
   4.7524377E+02  -5.8740697E-13
   4.7557750E+02  -7.3379898E-13
   4.7591124E+02  -9.1195064E-13
   4.7624498E+02  -1.1280718E-12
   4.7657872E+02  -1.3894818E-12
   4.7691246E+02  -1.7047904E-12
   4.7724620E+02  -2.0841052E-12
   4.7757994E+02  -2.5392724E-12
   4.7791367E+02  -3.0841471E-12
   4.7824741E+02  -3.7349095E-12
   4.7858115E+02  -4.5104211E-12
   4.7891489E+02  -5.4326261E-12
   4.7924863E+02  -6.5270176E-12
   4.7958237E+02  -7.8231605E-12
   4.7991611E+02  -9.3552830E-12
   4.8024984E+02  -1.1162953E-11
   4.8058358E+02  -1.3291823E-11
   4.8091732E+02  -1.5794479E-11
   4.8125106E+02  -1.8731409E-11
   4.8158480E+02  -2.2172044E-11
   4.8191854E+02  -2.6196002E-11
   4.8225228E+02  -3.0894429E-11
   4.8258601E+02  -3.6371461E-11
   4.8291975E+02  -4.2745842E-11
   4.8325349E+02  -5.0152993E-11
   4.8358723E+02  -5.8746841E-11
   4.8392097E+02  -6.8702120E-11
   4.8425471E+02  -8.0217000E-11
   4.8458845E+02  -9.3515716E-11
   4.8492218E+02  -1.0885170E-10
   4.8525592E+02  -1.2651086E-10
   4.8558966E+02  -1.4681512E-10
   4.8592340E+02  -1.7012641E-10
   4.8625714E+02  -1.9685117E-10
   4.8659088E+02  -2.2744501E-10
   4.8692462E+02  -2.6241745E-10
   4.8725835E+02  -3.0233790E-10
   4.8759209E+02  -3.4784095E-10
   4.8792583E+02  -3.9963377E-10
   4.8825957E+02  -4.5850151E-10
   4.8859331E+02  -5.2531546E-10
   4.8892705E+02  -6.0104077E-10
   4.8926079E+02  -6.8674383E-10
   4.8959452E+02  -7.8360118E-10
   4.8992826E+02  -8.9290908E-10
   4.9026200E+02  -1.0160925E-09
   4.9059574E+02  -1.1547151E-09
   4.9092948E+02  -1.3104887E-09
   4.9126322E+02  -1.4852868E-09
   4.9159696E+02  -1.6811509E-09
   4.9193069E+02  -1.9003061E-09
   4.9226443E+02  -2.1451676E-09
   4.9259817E+02  -2.4183568E-09
   4.9293191E+02  -2.7227105E-09
   4.9326565E+02  -3.0612870E-09
   4.9359939E+02  -3.4373884E-09
   4.9393313E+02  -3.8545593E-09
   4.9426687E+02  -4.3166040E-09
   4.9460060E+02  -4.8275899E-09
   4.9493434E+02  -5.3918550E-09
   4.9526808E+02  -6.0140262E-09
   4.9560182E+02  -6.6990120E-09
   4.9593556E+02  -7.4520115E-09
   4.9626930E+02  -8.2785219E-09
   4.9660304E+02  -9.1843191E-09
   4.9693677E+02  -1.0175478E-08
   4.9727051E+02  -1.1258353E-08
   4.9760425E+02  -1.2439574E-08
   4.9793799E+02  -1.3726043E-08
   4.9827173E+02  -1.5124886E-08
   4.9860547E+02  -1.6643490E-08
   4.9893921E+02  -1.8289398E-08
   4.9927294E+02  -2.0070381E-08
   4.9960668E+02  -2.1994309E-08
   4.9994042E+02  -2.4069186E-08
   5.0027416E+02  -2.6303052E-08
   5.0060790E+02  -2.8703964E-08
   5.0094164E+02  -3.1279914E-08
   5.0127538E+02  -3.4038813E-08
   5.0160911E+02  -3.6988357E-08
   5.0194285E+02  -4.0136015E-08
   5.0227659E+02  -4.3488917E-08
   5.0261033E+02  -4.7053724E-08
   5.0294407E+02  -5.0836622E-08
   5.0327781E+02  -5.4843181E-08
   5.0361155E+02  -5.9078204E-08
   5.0394528E+02  -6.3545670E-08
   5.0427902E+02  -6.8248561E-08
   5.0461276E+02  -7.3188893E-08
   5.0494650E+02  -7.8367322E-08
   5.0528024E+02  -8.3783277E-08
   5.0561398E+02  -8.9434607E-08
   5.0594772E+02  -9.5317674E-08
   5.0628145E+02  -1.0142696E-07
   5.0661519E+02  -1.0775521E-07
   5.0694893E+02  -1.1429304E-07
   5.0728267E+02  -1.2102890E-07
   5.0761641E+02  -1.2794908E-07
   5.0795015E+02  -1.3503731E-07
   5.0828389E+02  -1.4227497E-07
   5.0861762E+02  -1.4964075E-07
   5.0895136E+02  -1.5711049E-07
   5.0928510E+02  -1.6465755E-07
   5.0961884E+02  -1.7225204E-07
   5.0995258E+02  -1.7986136E-07
   5.1028632E+02  -1.8744994E-07
   5.1062006E+02  -1.9497926E-07
   5.1095379E+02  -2.0240752E-07
   5.1128753E+02  -2.0969030E-07
   5.1162127E+02  -2.1678024E-07
   5.1195501E+02  -2.2362701E-07
   5.1228875E+02  -2.3017762E-07
   5.1262249E+02  -2.3637638E-07
   5.1295623E+02  -2.4216536E-07
   5.1328997E+02  -2.4748408E-07
   5.1362370E+02  -2.5227033E-07
   5.1395744E+02  -2.5645966E-07
   5.1429118E+02  -2.5998648E-07
   5.1462492E+02  -2.6278389E-07
   5.1495866E+02  -2.6478415E-07
   5.1529240E+02  -2.6591866E-07
   5.1562614E+02  -2.6611912E-07
   5.1595987E+02  -2.6531728E-07
   5.1629361E+02  -2.6344571E-07
   5.1662735E+02  -2.6043824E-07
   5.1696109E+02  -2.5623018E-07
   5.1729483E+02  -2.5075934E-07
   5.1762857E+02  -2.4396596E-07
   5.1796231E+02  -2.3579375E-07
   5.1829604E+02  -2.2619004E-07
   5.1862978E+02  -2.1510644E-07
   5.1896352E+02  -2.0249988E-07
   5.1929726E+02  -1.8833205E-07
   5.1963100E+02  -1.7257084E-07
   5.1996474E+02  -1.5519082E-07
   5.2029848E+02  -1.3617336E-07
   5.2063221E+02  -1.1550733E-07
   5.2096595E+02  -9.3189414E-08
   5.2129969E+02  -6.9224498E-08
   5.2163343E+02  -4.3626422E-08
   5.2196717E+02  -1.6417857E-08
   5.2230091E+02   1.2369185E-08
   5.2263465E+02   4.2693060E-08
   5.2296838E+02   7.4502410E-08
   5.2330212E+02   1.0773599E-07
   5.2363586E+02   1.4232253E-07
   5.2396960E+02   1.7818095E-07
   5.2430334E+02   2.1522015E-07
   5.2463708E+02   2.5333924E-07
   5.2497082E+02   2.9242779E-07
   5.2530455E+02   3.3236626E-07
   5.2563829E+02   3.7302561E-07
   5.2597203E+02   4.1426875E-07
   5.2630577E+02   4.5595016E-07
   5.2663951E+02   4.9791737E-07
   5.2697325E+02   5.4001038E-07
   5.2730699E+02   5.8206297E-07
   5.2764072E+02   6.2390365E-07
   5.2797446E+02   6.6535694E-07
   5.2830820E+02   7.0624242E-07
   5.2864194E+02   7.4637757E-07
   5.2897568E+02   7.8557741E-07
   5.2930942E+02   8.2365642E-07
   5.2964316E+02   8.6042922E-07
   5.2997689E+02   8.9571103E-07
   5.3031063E+02   9.2931964E-07
   5.3064437E+02   9.6107669E-07
   5.3097811E+02   9.9080785E-07
   5.3131185E+02   1.0183426E-06
   5.3164559E+02   1.0435201E-06
   5.3197933E+02   1.0661847E-06
   5.3231306E+02   1.0861904E-06
   5.3264680E+02   1.1034008E-06
   5.3298054E+02   1.1176903E-06
   5.3331428E+02   1.1289430E-06
   5.3364802E+02   1.1370576E-06
   5.3398176E+02   1.1419454E-06
   5.3431550E+02   1.1435304E-06
   5.3464924E+02   1.1417519E-06
   5.3498297E+02   1.1365644E-06
   5.3531671E+02   1.1279376E-06
   5.3565045E+02   1.1158555E-06
   5.3598419E+02   1.1003215E-06
   5.3631793E+02   1.0813517E-06
   5.3665167E+02   1.0589814E-06
   5.3698541E+02   1.0332609E-06
   5.3731914E+02   1.0042570E-06
   5.3765288E+02   9.7205236E-07
   5.3798662E+02   9.3674589E-07
   5.3832036E+02   8.9845088E-07
   5.3865410E+02   8.5729596E-07
   5.3898784E+02   8.1342375E-07
   5.3932158E+02   7.6699058E-07
   5.3965531E+02   7.1816521E-07
   5.3998905E+02   6.6712767E-07
   5.4032279E+02   6.1406985E-07
   5.4065653E+02   5.5919298E-07
   5.4099027E+02   5.0270705E-07
   5.4132401E+02   4.4482937E-07
   5.4165775E+02   3.8578429E-07
   5.4199148E+02   3.2580078E-07
   5.4232522E+02   2.6511191E-07
   5.4265896E+02   2.0395386E-07
   5.4299270E+02   1.4256381E-07
   5.4332644E+02   8.1179451E-08
   5.4366018E+02   2.0037135E-08
   5.4399392E+02  -4.0629203E-08
   5.4432765E+02  -1.0058895E-07
   5.4466139E+02  -1.5961663E-07
   5.4499513E+02  -2.1749224E-07
   5.4532887E+02  -2.7400367E-07
   5.4566261E+02  -3.2894692E-07
   5.4599635E+02  -3.8212650E-07
   5.4633009E+02  -4.3335834E-07
   5.4666382E+02  -4.8246869E-07
   5.4699756E+02  -5.2929573E-07
   5.4733130E+02  -5.7369095E-07
   5.4766504E+02  -6.1551873E-07
   5.4799878E+02  -6.5465713E-07
   5.4833252E+02  -6.9099889E-07
   5.4866626E+02  -7.2445130E-07
   5.4899999E+02  -7.5493631E-07
   5.4933373E+02  -7.8239151E-07
   5.4966747E+02  -8.0676898E-07
   5.5000121E+02  -8.2803751E-07
   5.5033495E+02  -8.4617886E-07
   5.5066869E+02  -8.6119161E-07
   5.5100243E+02  -8.7308894E-07
   5.5133616E+02  -8.8189779E-07
   5.5166990E+02  -8.8765927E-07
   5.5200364E+02  -8.9042805E-07
   5.5233738E+02  -8.9027162E-07
   5.5267112E+02  -8.8726961E-07
   5.5300486E+02  -8.8151342E-07
   5.5333860E+02  -8.7310514E-07
   5.5367234E+02  -8.6215636E-07
   5.5400607E+02  -8.4878837E-07
   5.5433981E+02  -8.3313125E-07
   5.5467355E+02  -8.1532153E-07
   5.5500729E+02  -7.9550233E-07
   5.5534103E+02  -7.7382276E-07
   5.5567477E+02  -7.5043613E-07
   5.5600851E+02  -7.2549921E-07
   5.5634224E+02  -6.9917172E-07
   5.5667598E+02  -6.7161454E-07
   5.5700972E+02  -6.4298968E-07
   5.5734346E+02  -6.1345833E-07
   5.5767720E+02  -5.8318142E-07
   5.5801094E+02  -5.5231737E-07
   5.5834468E+02  -5.2102189E-07
   5.5867841E+02  -4.8944810E-07
   5.5901215E+02  -4.5774411E-07
   5.5934589E+02  -4.2605336E-07
   5.5967963E+02  -3.9451396E-07
   5.6001337E+02  -3.6325770E-07
   5.6034711E+02  -3.3240943E-07
   5.6068085E+02  -3.0208705E-07
   5.6101458E+02  -2.7240071E-07
   5.6134832E+02  -2.4345263E-07
   5.6168206E+02  -2.1533673E-07
   5.6201580E+02  -1.8813847E-07
   5.6234954E+02  -1.6193465E-07
   5.6268328E+02  -1.3679330E-07
   5.6301702E+02  -1.1277381E-07
   5.6335075E+02  -8.9926452E-08
   5.6368449E+02  -6.8292934E-08
   5.6401823E+02  -4.7906127E-08
   5.6435197E+02  -2.8790453E-08
   5.6468571E+02  -1.0961699E-08
   5.6501945E+02   5.5723746E-09
   5.6535319E+02   2.0811793E-08
   5.6568692E+02   3.4764138E-08
   5.6602066E+02   4.7444018E-08
   5.6635440E+02   5.8872665E-08
   5.6668814E+02   6.9077544E-08
   5.6702188E+02   7.8091858E-08
   5.6735562E+02   8.5954071E-08
   5.6768936E+02   9.2707481E-08
   5.6802309E+02   9.8399795E-08
   5.6835683E+02   1.0308256E-07
   5.6869057E+02   1.0681069E-07
   5.6902431E+02   1.0964189E-07
   5.6935805E+02   1.1163623E-07
   5.6969179E+02   1.1285538E-07
   5.7002553E+02   1.1336224E-07
   5.7035926E+02   1.1322036E-07
   5.7069300E+02   1.1249330E-07
   5.7102674E+02   1.1124430E-07
   5.7136048E+02   1.0953576E-07
   5.7169422E+02   1.0742892E-07
   5.7202796E+02   1.0498331E-07
   5.7236170E+02   1.0225661E-07
   5.7269543E+02   9.9304195E-08
   5.7302917E+02   9.6178859E-08
   5.7336291E+02   9.2930492E-08
   5.7369665E+02   8.9605940E-08
   5.7403039E+02   8.6248562E-08
   5.7436413E+02   8.2898168E-08
   5.7469787E+02   7.9590805E-08
   5.7503161E+02   7.6358575E-08
   5.7536534E+02   7.3229756E-08
   5.7569908E+02   7.0228538E-08
   5.7603282E+02   6.7375282E-08
   5.7636656E+02   6.4686411E-08
   5.7670030E+02   6.2174557E-08
   5.7703404E+02   5.9848730E-08
   5.7736778E+02   5.7714274E-08
   5.7770151E+02   5.5773096E-08
   5.7803525E+02   5.4023719E-08
   5.7836899E+02   5.2461598E-08
   5.7870273E+02   5.1079070E-08
   5.7903647E+02   4.9865793E-08
   5.7937021E+02   4.8808843E-08
   5.7970395E+02   4.7893060E-08
   5.8003768E+02   4.7101338E-08
   5.8037142E+02   4.6414957E-08
   5.8070516E+02   4.5813856E-08
   5.8103890E+02   4.5276952E-08
   5.8137264E+02   4.4782453E-08
   5.8170638E+02   4.4308088E-08
   5.8204012E+02   4.3831363E-08
   5.8237385E+02   4.3329781E-08
   5.8270759E+02   4.2781142E-08
   5.8304133E+02   4.2163609E-08
   5.8337507E+02   4.1456154E-08
   5.8370881E+02   4.0638600E-08
   5.8404255E+02   3.9691976E-08
   5.8437629E+02   3.8598682E-08
   5.8471002E+02   3.7342655E-08
   5.8504376E+02   3.5909697E-08
   5.8537750E+02   3.4287417E-08
   5.8571124E+02   3.2465444E-08
   5.8604498E+02   3.0435526E-08
   5.8637872E+02   2.8191524E-08
   5.8671246E+02   2.5729332E-08
   5.8704619E+02   2.3047114E-08
   5.8737993E+02   2.0145073E-08
   5.8771367E+02   1.7025551E-08
   5.8804741E+02   1.3693048E-08
   5.8838115E+02   1.0154174E-08
   5.8871489E+02   6.4175971E-09
   5.8904863E+02   2.4940690E-09
   5.8938236E+02  -1.6036452E-09
   5.8971610E+02  -5.8609615E-09
   5.9004984E+02  -1.0261502E-08
   5.9038358E+02  -1.4787332E-08
   5.9071732E+02  -1.9419076E-08
   5.9105106E+02  -2.4136178E-08
   5.9138480E+02  -2.8916951E-08
   5.9171853E+02  -3.3738814E-08
   5.9205227E+02  -3.8578406E-08
   5.9238601E+02  -4.3411703E-08
   5.9271975E+02  -4.8214147E-08
   5.9305349E+02  -5.2960758E-08
   5.9338723E+02  -5.7626309E-08
   5.9372097E+02  -6.2185492E-08
   5.9405471E+02  -6.6612998E-08
   5.9438844E+02  -7.0883971E-08
   5.9472218E+02  -7.4973869E-08
   5.9505592E+02  -7.8858875E-08
   5.9538966E+02  -8.2515925E-08
   5.9572340E+02  -8.5923105E-08
   5.9605714E+02  -8.9059384E-08
   5.9639088E+02  -9.1905065E-08
   5.9672461E+02  -9.4441589E-08
   5.9705835E+02  -9.6651945E-08
   5.9739209E+02  -9.8520189E-08
   5.9772583E+02  -1.0003220E-07
   5.9805957E+02  -1.0117526E-07
   5.9839331E+02  -1.0193835E-07
   5.9872705E+02  -1.0231238E-07
   5.9906078E+02  -1.0229004E-07
   5.9939452E+02  -1.0186602E-07
   5.9972826E+02  -1.0103707E-07
   6.0006200E+02  -9.9802094E-08
   6.0039574E+02  -9.8162104E-08
   6.0072948E+02  -9.6119948E-08
   6.0106322E+02  -9.3680768E-08
   6.0139695E+02  -9.0851543E-08
   6.0173069E+02  -8.7641283E-08
   6.0206443E+02  -8.4060815E-08
   6.0239817E+02  -8.0123158E-08
   6.0273191E+02  -7.5843076E-08
   6.0306565E+02  -7.1237395E-08
   6.0339939E+02  -6.6324759E-08
   6.0373312E+02  -6.1125803E-08
   6.0406686E+02  -5.5662746E-08
   6.0440060E+02  -4.9959688E-08
   6.0473434E+02  -4.4042046E-08
   6.0506808E+02  -3.7936765E-08
   6.0540182E+02  -3.1671924E-08
   6.0573556E+02  -2.5276755E-08
   6.0606929E+02  -1.8781458E-08
   6.0640303E+02  -1.2217097E-08
   6.0673677E+02  -5.6155578E-09
   6.0707051E+02   9.9064223E-10
   6.0740425E+02   7.5682323E-09
   6.0773799E+02   1.4083703E-08
   6.0807173E+02   2.0503151E-08
   6.0840546E+02   2.6792534E-08
   6.0873920E+02   3.2917924E-08
   6.0907294E+02   3.8845627E-08
   6.0940668E+02   4.4542560E-08
   6.0974042E+02   4.9976222E-08
   6.1007416E+02   5.5114796E-08
   6.1040790E+02   5.9927601E-08
   6.1074163E+02   6.4385063E-08
   6.1107537E+02   6.8458860E-08
   6.1140911E+02   7.2121708E-08
   6.1174285E+02   7.5348169E-08
   6.1207659E+02   7.8114283E-08
   6.1241033E+02   8.0397797E-08
   6.1274407E+02   8.2178275E-08
   6.1307781E+02   8.3437442E-08
   6.1341154E+02   8.4159240E-08
   6.1374528E+02   8.4329741E-08
   6.1407902E+02   8.3937408E-08
   6.1441276E+02   8.2973372E-08
   6.1474650E+02   8.1430898E-08
   6.1508024E+02   7.9305721E-08
   6.1541398E+02   7.6596336E-08
   6.1574771E+02   7.3303482E-08
   6.1608145E+02   6.9430456E-08
   6.1641519E+02   6.4983197E-08
   6.1674893E+02   5.9969977E-08
   6.1708267E+02   5.4401710E-08
   6.1741641E+02   4.8291668E-08
   6.1775015E+02   4.1655767E-08
   6.1808388E+02   3.4512055E-08
   6.1841762E+02   2.6881239E-08
   6.1875136E+02   1.8785883E-08
   6.1908510E+02   1.0250716E-08
   6.1941884E+02   1.3022969E-09
   6.1975258E+02  -8.0310940E-09
   6.2008632E+02  -1.7719557E-08
   6.2042005E+02  -2.7731758E-08
   6.2075379E+02  -3.8035154E-08
   6.2108753E+02  -4.8596021E-08
   6.2142127E+02  -5.9379566E-08
   6.2175501E+02  -7.0350183E-08
   6.2208875E+02  -8.1471534E-08
   6.2242249E+02  -9.2706685E-08
   6.2275622E+02  -1.0401840E-07
   6.2308996E+02  -1.1536908E-07
   6.2342370E+02  -1.2672120E-07
   6.2375744E+02  -1.3803718E-07
   6.2409118E+02  -1.4927986E-07
   6.2442492E+02  -1.6041236E-07
   6.2475866E+02  -1.7139833E-07
   6.2509239E+02  -1.8220200E-07
   6.2542613E+02  -1.9278821E-07
   6.2575987E+02  -2.0312267E-07
   6.2609361E+02  -2.1317189E-07
   6.2642735E+02  -2.2290301E-07
   6.2676109E+02  -2.3228421E-07
   6.2709483E+02  -2.4128462E-07
   6.2742856E+02  -2.4987435E-07
   6.2776230E+02  -2.5802393E-07
   6.2809604E+02  -2.6570575E-07
   6.2842978E+02  -2.7289229E-07
   6.2876352E+02  -2.7955741E-07
   6.2909726E+02  -2.8567538E-07
   6.2943100E+02  -2.9122174E-07
   6.2976473E+02  -2.9617183E-07
   6.3009847E+02  -3.0050245E-07
   6.3043221E+02  -3.0419039E-07
   6.3076595E+02  -3.0721296E-07
   6.3109969E+02  -3.0954791E-07
   6.3143343E+02  -3.1117307E-07
   6.3176717E+02  -3.1206679E-07
   6.3210090E+02  -3.1220745E-07
   6.3243464E+02  -3.1157367E-07
   6.3276838E+02  -3.1014417E-07
   6.3310212E+02  -3.0789801E-07
   6.3343586E+02  -3.0481451E-07
   6.3376960E+02  -3.0087261E-07
   6.3410334E+02  -2.9605224E-07
   6.3443708E+02  -2.9033288E-07
   6.3477081E+02  -2.8369459E-07
   6.3510455E+02  -2.7611816E-07
   6.3543829E+02  -2.6758448E-07
   6.3577203E+02  -2.5807557E-07
   6.3610577E+02  -2.4757418E-07
   6.3643951E+02  -2.3606410E-07
   6.3677325E+02  -2.2353105E-07
   6.3710698E+02  -2.0996181E-07
   6.3744072E+02  -1.9534565E-07
   6.3777446E+02  -1.7967344E-07
   6.3810820E+02  -1.6293922E-07
   6.3844194E+02  -1.4513940E-07
   6.3877568E+02  -1.2627358E-07
   6.3910942E+02  -1.0634457E-07
   6.3944315E+02  -8.5359119E-08
   6.3977689E+02  -6.3327846E-08
   6.4011063E+02  -4.0265821E-08
   6.4044437E+02  -1.6192601E-08
   6.4077811E+02   8.8671328E-09
   6.4111185E+02   3.4883875E-08
   6.4144559E+02   6.1821964E-08
   6.4177932E+02   8.9640949E-08
   6.4211306E+02   1.1829407E-07
   6.4244680E+02   1.4772870E-07
   6.4278054E+02   1.7788653E-07
   6.4311428E+02   2.0870286E-07
   6.4344802E+02   2.4010680E-07
   6.4378176E+02   2.7202202E-07
   6.4411549E+02   3.0436573E-07
   6.4444923E+02   3.3704981E-07
   6.4478297E+02   3.6997966E-07
   6.4511671E+02   4.0305596E-07
   6.4545045E+02   4.3617402E-07
   6.4578419E+02   4.6922406E-07
   6.4611793E+02   5.0209258E-07
   6.4645166E+02   5.3466164E-07
   6.4678540E+02   5.6681063E-07
   6.4711914E+02   5.9841517E-07
   6.4745288E+02   6.2934964E-07
   6.4778662E+02   6.5948632E-07
   6.4812036E+02   6.8869684E-07
   6.4845410E+02   7.1685258E-07
   6.4878783E+02   7.4382513E-07
   6.4912157E+02   7.6948777E-07
   6.4945531E+02   7.9371512E-07
   6.4978905E+02   8.1638564E-07
   6.5012279E+02   8.3737956E-07
   6.5045653E+02   8.5658348E-07
   6.5079027E+02   8.7388753E-07
   6.5112400E+02   8.8918870E-07
   6.5145774E+02   9.0239007E-07
   6.5179148E+02   9.1340200E-07
   6.5212522E+02   9.2214316E-07
   6.5245896E+02   9.2854009E-07
   6.5279270E+02   9.3252947E-07
   6.5312644E+02   9.3405686E-07
   6.5346018E+02   9.3307824E-07
   6.5379391E+02   9.2956031E-07
   6.5412765E+02   9.2348051E-07
   6.5446139E+02   9.1482718E-07
   6.5479513E+02   9.0360049E-07
   6.5512887E+02   8.8981307E-07
   6.5546261E+02   8.7348735E-07
   6.5579635E+02   8.5465939E-07
   6.5613008E+02   8.3337545E-07
   6.5646382E+02   8.0969403E-07
   6.5679756E+02   7.8368436E-07
   6.5713130E+02   7.5542755E-07
   6.5746504E+02   7.2501365E-07
   6.5779878E+02   6.9254406E-07
   6.5813252E+02   6.5812907E-07
   6.5846625E+02   6.2188866E-07
   6.5879999E+02   5.8395074E-07
   6.5913373E+02   5.4445138E-07
   6.5946747E+02   5.0353361E-07
   6.5980121E+02   4.6134684E-07
   6.6013495E+02   4.1804549E-07
