  -7.8094826E+01   0.0000000E+00
  -7.7761087E+01   0.0000000E+00
  -7.7427349E+01   0.0000000E+00
  -7.7093610E+01   0.0000000E+00
  -7.6759871E+01   0.0000000E+00
  -7.6426133E+01   0.0000000E+00
  -7.6092394E+01   0.0000000E+00
  -7.5758656E+01   0.0000000E+00
  -7.5424917E+01   0.0000000E+00
  -7.5091178E+01   0.0000000E+00
  -7.4757440E+01   0.0000000E+00
  -7.4423701E+01   0.0000000E+00
  -7.4089963E+01   0.0000000E+00
  -7.3756224E+01   0.0000000E+00
  -7.3422485E+01   0.0000000E+00
  -7.3088747E+01   0.0000000E+00
  -7.2755008E+01   0.0000000E+00
  -7.2421270E+01   0.0000000E+00
  -7.2087531E+01   0.0000000E+00
  -7.1753792E+01   0.0000000E+00
  -7.1420054E+01   0.0000000E+00
  -7.1086315E+01   0.0000000E+00
  -7.0752577E+01   0.0000000E+00
  -7.0418838E+01   0.0000000E+00
  -7.0085099E+01   0.0000000E+00
  -6.9751361E+01   0.0000000E+00
  -6.9417622E+01   0.0000000E+00
  -6.9083884E+01   0.0000000E+00
  -6.8750145E+01   0.0000000E+00
  -6.8416406E+01   0.0000000E+00
  -6.8082668E+01   0.0000000E+00
  -6.7748929E+01   0.0000000E+00
  -6.7415191E+01   0.0000000E+00
  -6.7081452E+01   0.0000000E+00
  -6.6747714E+01   0.0000000E+00
  -6.6413975E+01   0.0000000E+00
  -6.6080236E+01   0.0000000E+00
  -6.5746498E+01   0.0000000E+00
  -6.5412759E+01   0.0000000E+00
  -6.5079021E+01   0.0000000E+00
  -6.4745282E+01   0.0000000E+00
  -6.4411543E+01   0.0000000E+00
  -6.4077805E+01   0.0000000E+00
  -6.3744066E+01   0.0000000E+00
  -6.3410328E+01   0.0000000E+00
  -6.3076589E+01   0.0000000E+00
  -6.2742850E+01   0.0000000E+00
  -6.2409112E+01   0.0000000E+00
  -6.2075373E+01   0.0000000E+00
  -6.1741635E+01   0.0000000E+00
  -6.1407896E+01   0.0000000E+00
  -6.1074157E+01   0.0000000E+00
  -6.0740419E+01   0.0000000E+00
  -6.0406680E+01   0.0000000E+00
  -6.0072942E+01   0.0000000E+00
  -5.9739203E+01   0.0000000E+00
  -5.9405464E+01   0.0000000E+00
  -5.9071726E+01   0.0000000E+00
  -5.8737987E+01   0.0000000E+00
  -5.8404249E+01   0.0000000E+00
  -5.8070510E+01   0.0000000E+00
  -5.7736771E+01   0.0000000E+00
  -5.7403033E+01   0.0000000E+00
  -5.7069294E+01   0.0000000E+00
  -5.6735556E+01   0.0000000E+00
  -5.6401817E+01   0.0000000E+00
  -5.6068078E+01   0.0000000E+00
  -5.5734340E+01   0.0000000E+00
  -5.5400601E+01   0.0000000E+00
  -5.5066863E+01   0.0000000E+00
  -5.4733124E+01   0.0000000E+00
  -5.4399385E+01   0.0000000E+00
  -5.4065647E+01   0.0000000E+00
  -5.3731908E+01   0.0000000E+00
  -5.3398170E+01   0.0000000E+00
  -5.3064431E+01   0.0000000E+00
  -5.2730693E+01   0.0000000E+00
  -5.2396954E+01   0.0000000E+00
  -5.2063215E+01   0.0000000E+00
  -5.1729477E+01   0.0000000E+00
  -5.1395738E+01   0.0000000E+00
  -5.1062000E+01   0.0000000E+00
  -5.0728261E+01   0.0000000E+00
  -5.0394522E+01   0.0000000E+00
  -5.0060784E+01   0.0000000E+00
  -4.9727045E+01   0.0000000E+00
  -4.9393307E+01   0.0000000E+00
  -4.9059568E+01   0.0000000E+00
  -4.8725829E+01   0.0000000E+00
  -4.8392091E+01   0.0000000E+00
  -4.8058352E+01   0.0000000E+00
  -4.7724614E+01   0.0000000E+00
  -4.7390875E+01   0.0000000E+00
  -4.7057136E+01   0.0000000E+00
  -4.6723398E+01   0.0000000E+00
  -4.6389659E+01   0.0000000E+00
  -4.6055921E+01   0.0000000E+00
  -4.5722182E+01   0.0000000E+00
  -4.5388443E+01   0.0000000E+00
  -4.5054705E+01   0.0000000E+00
  -4.4720966E+01   0.0000000E+00
  -4.4387228E+01   0.0000000E+00
  -4.4053489E+01   0.0000000E+00
  -4.3719750E+01   0.0000000E+00
  -4.3386012E+01   0.0000000E+00
  -4.3052273E+01   0.0000000E+00
  -4.2718535E+01   0.0000000E+00
  -4.2384796E+01   0.0000000E+00
  -4.2051057E+01   0.0000000E+00
  -4.1717319E+01   0.0000000E+00
  -4.1383580E+01   0.0000000E+00
  -4.1049842E+01   0.0000000E+00
  -4.0716103E+01   0.0000000E+00
  -4.0382364E+01   0.0000000E+00
  -4.0048626E+01   0.0000000E+00
  -3.9714887E+01   0.0000000E+00
  -3.9381149E+01   0.0000000E+00
  -3.9047410E+01   0.0000000E+00
  -3.8713672E+01   0.0000000E+00
  -3.8379933E+01   0.0000000E+00
  -3.8046194E+01   0.0000000E+00
  -3.7712456E+01   0.0000000E+00
  -3.7378717E+01   0.0000000E+00
  -3.7044979E+01   0.0000000E+00
  -3.6711240E+01   0.0000000E+00
  -3.6377501E+01   0.0000000E+00
  -3.6043763E+01   0.0000000E+00
  -3.5710024E+01   0.0000000E+00
  -3.5376286E+01   0.0000000E+00
  -3.5042547E+01   0.0000000E+00
  -3.4708808E+01   0.0000000E+00
  -3.4375070E+01   0.0000000E+00
  -3.4041331E+01   0.0000000E+00
  -3.3707593E+01   0.0000000E+00
  -3.3373854E+01   0.0000000E+00
  -3.3040115E+01   0.0000000E+00
  -3.2706377E+01   0.0000000E+00
  -3.2372638E+01   0.0000000E+00
  -3.2038900E+01   0.0000000E+00
  -3.1705161E+01   0.0000000E+00
  -3.1371422E+01   0.0000000E+00
  -3.1037684E+01   0.0000000E+00
  -3.0703945E+01   0.0000000E+00
  -3.0370207E+01   0.0000000E+00
  -3.0036468E+01   0.0000000E+00
  -2.9702729E+01   0.0000000E+00
  -2.9368991E+01   0.0000000E+00
  -2.9035252E+01   0.0000000E+00
  -2.8701514E+01   0.0000000E+00
  -2.8367775E+01   0.0000000E+00
  -2.8034036E+01   0.0000000E+00
  -2.7700298E+01   0.0000000E+00
  -2.7366559E+01   0.0000000E+00
  -2.7032821E+01   0.0000000E+00
  -2.6699082E+01   0.0000000E+00
  -2.6365343E+01   0.0000000E+00
  -2.6031605E+01   0.0000000E+00
  -2.5697866E+01   0.0000000E+00
  -2.5364128E+01   0.0000000E+00
  -2.5030389E+01   0.0000000E+00
  -2.4696651E+01   0.0000000E+00
  -2.4362912E+01   0.0000000E+00
  -2.4029173E+01   0.0000000E+00
  -2.3695435E+01   0.0000000E+00
  -2.3361696E+01   0.0000000E+00
  -2.3027958E+01   0.0000000E+00
  -2.2694219E+01   0.0000000E+00
  -2.2360480E+01   0.0000000E+00
  -2.2026742E+01   0.0000000E+00
  -2.1693003E+01   0.0000000E+00
  -2.1359265E+01   0.0000000E+00
  -2.1025526E+01   0.0000000E+00
  -2.0691787E+01   0.0000000E+00
  -2.0358049E+01   0.0000000E+00
  -2.0024310E+01   0.0000000E+00
  -1.9690572E+01   0.0000000E+00
  -1.9356833E+01   0.0000000E+00
  -1.9023094E+01   0.0000000E+00
  -1.8689356E+01   0.0000000E+00
  -1.8355617E+01   0.0000000E+00
  -1.8021879E+01   0.0000000E+00
  -1.7688140E+01   0.0000000E+00
  -1.7354401E+01   0.0000000E+00
  -1.7020663E+01   0.0000000E+00
  -1.6686924E+01   0.0000000E+00
  -1.6353186E+01   0.0000000E+00
  -1.6019447E+01   0.0000000E+00
  -1.5685708E+01   0.0000000E+00
  -1.5351970E+01   0.0000000E+00
  -1.5018231E+01   0.0000000E+00
  -1.4684493E+01   0.0000000E+00
  -1.4350754E+01   0.0000000E+00
  -1.4017015E+01   0.0000000E+00
  -1.3683277E+01   0.0000000E+00
  -1.3349538E+01   0.0000000E+00
  -1.3015800E+01   0.0000000E+00
  -1.2682061E+01   0.0000000E+00
  -1.2348322E+01   0.0000000E+00
  -1.2014584E+01   0.0000000E+00
  -1.1680845E+01   0.0000000E+00
  -1.1347107E+01   0.0000000E+00
  -1.1013368E+01   0.0000000E+00
  -1.0679630E+01   0.0000000E+00
  -1.0345891E+01   0.0000000E+00
  -1.0012152E+01   0.0000000E+00
  -9.6784137E+00   0.0000000E+00
  -9.3446751E+00   0.0000000E+00
  -9.0109365E+00   0.0000000E+00
  -8.6771979E+00   0.0000000E+00
  -8.3434593E+00   0.0000000E+00
  -8.0097207E+00   0.0000000E+00
  -7.6759821E+00   0.0000000E+00
  -7.3422436E+00   0.0000000E+00
  -7.0085050E+00   0.0000000E+00
  -6.6747664E+00   0.0000000E+00
  -6.3410278E+00   0.0000000E+00
  -6.0072892E+00   0.0000000E+00
  -5.6735506E+00   0.0000000E+00
  -5.3398120E+00   0.0000000E+00
  -5.0060734E+00   0.0000000E+00
  -4.6723348E+00   0.0000000E+00
  -4.3385962E+00   0.0000000E+00
  -4.0048576E+00   0.0000000E+00
  -3.6711190E+00   0.0000000E+00
  -3.3373804E+00   0.0000000E+00
  -3.0036418E+00   0.0000000E+00
  -2.6699032E+00   0.0000000E+00
  -2.3361646E+00   0.0000000E+00
  -2.0024260E+00   0.0000000E+00
  -1.6686874E+00   0.0000000E+00
  -1.3349488E+00   0.0000000E+00
  -1.0012102E+00   0.0000000E+00
  -6.6747165E-01   0.0000000E+00
  -3.3373305E-01   0.0000000E+00
   5.5432320E-06   0.0000000E+00
   3.3374414E-01   0.0000000E+00
   6.6748273E-01   0.0000000E+00
   1.0012213E+00   0.0000000E+00
   1.3349599E+00   0.0000000E+00
   1.6686985E+00   0.0000000E+00
   2.0024371E+00   0.0000000E+00
   2.3361757E+00   0.0000000E+00
   2.6699143E+00   0.0000000E+00
   3.0036529E+00   0.0000000E+00
   3.3373915E+00   0.0000000E+00
   3.6711301E+00   0.0000000E+00
   4.0048687E+00   0.0000000E+00
   4.3386073E+00   0.0000000E+00
   4.6723459E+00   0.0000000E+00
   5.0060845E+00   0.0000000E+00
   5.3398231E+00   0.0000000E+00
   5.6735617E+00   0.0000000E+00
   6.0073003E+00   0.0000000E+00
   6.3410389E+00   0.0000000E+00
   6.6747774E+00   0.0000000E+00
   7.0085160E+00   0.0000000E+00
   7.3422546E+00   0.0000000E+00
   7.6759932E+00   0.0000000E+00
   8.0097318E+00   0.0000000E+00
   8.3434704E+00   0.0000000E+00
   8.6772090E+00   0.0000000E+00
   9.0109476E+00   0.0000000E+00
   9.3446862E+00   0.0000000E+00
   9.6784248E+00   0.0000000E+00
   1.0012163E+01   0.0000000E+00
   1.0345902E+01   0.0000000E+00
   1.0679641E+01   0.0000000E+00
   1.1013379E+01   0.0000000E+00
   1.1347118E+01   0.0000000E+00
   1.1680856E+01   0.0000000E+00
   1.2014595E+01   0.0000000E+00
   1.2348334E+01   0.0000000E+00
   1.2682072E+01   0.0000000E+00
   1.3015811E+01   0.0000000E+00
   1.3349549E+01   0.0000000E+00
   1.3683288E+01   0.0000000E+00
   1.4017027E+01   0.0000000E+00
   1.4350765E+01   0.0000000E+00
   1.4684504E+01   0.0000000E+00
   1.5018242E+01   0.0000000E+00
   1.5351981E+01   0.0000000E+00
   1.5685720E+01   0.0000000E+00
   1.6019458E+01   0.0000000E+00
   1.6353197E+01   0.0000000E+00
   1.6686935E+01   0.0000000E+00
   1.7020674E+01   0.0000000E+00
   1.7354412E+01   0.0000000E+00
   1.7688151E+01   0.0000000E+00
   1.8021890E+01   0.0000000E+00
   1.8355628E+01   0.0000000E+00
   1.8689367E+01   0.0000000E+00
   1.9023105E+01   0.0000000E+00
   1.9356844E+01   0.0000000E+00
   1.9690583E+01   0.0000000E+00
   2.0024321E+01   0.0000000E+00
   2.0358060E+01   0.0000000E+00
   2.0691798E+01   0.0000000E+00
   2.1025537E+01   0.0000000E+00
   2.1359276E+01   0.0000000E+00
   2.1693014E+01   0.0000000E+00
   2.2026753E+01   0.0000000E+00
   2.2360491E+01   0.0000000E+00
   2.2694230E+01   0.0000000E+00
   2.3027969E+01   0.0000000E+00
   2.3361707E+01   0.0000000E+00
   2.3695446E+01   0.0000000E+00
   2.4029184E+01   0.0000000E+00
   2.4362923E+01   0.0000000E+00
   2.4696662E+01   0.0000000E+00
   2.5030400E+01   0.0000000E+00
   2.5364139E+01   0.0000000E+00
   2.5697877E+01   0.0000000E+00
   2.6031616E+01   0.0000000E+00
   2.6365355E+01   0.0000000E+00
   2.6699093E+01   0.0000000E+00
   2.7032832E+01   0.0000000E+00
   2.7366570E+01   0.0000000E+00
   2.7700309E+01   0.0000000E+00
   2.8034048E+01   0.0000000E+00
   2.8367786E+01   0.0000000E+00
   2.8701525E+01   0.0000000E+00
   2.9035263E+01   0.0000000E+00
   2.9369002E+01   0.0000000E+00
   2.9702741E+01   0.0000000E+00
   3.0036479E+01   0.0000000E+00
   3.0370218E+01   0.0000000E+00
   3.0703956E+01   0.0000000E+00
   3.1037695E+01   0.0000000E+00
   3.1371433E+01   0.0000000E+00
   3.1705172E+01   0.0000000E+00
   3.2038911E+01   0.0000000E+00
   3.2372649E+01   0.0000000E+00
   3.2706388E+01   0.0000000E+00
   3.3040126E+01   0.0000000E+00
   3.3373865E+01   0.0000000E+00
   3.3707604E+01   0.0000000E+00
   3.4041342E+01   0.0000000E+00
   3.4375081E+01   0.0000000E+00
   3.4708819E+01   0.0000000E+00
   3.5042558E+01   0.0000000E+00
   3.5376297E+01   0.0000000E+00
   3.5710035E+01   0.0000000E+00
   3.6043774E+01   0.0000000E+00
   3.6377512E+01   0.0000000E+00
   3.6711251E+01   0.0000000E+00
   3.7044990E+01   0.0000000E+00
   3.7378728E+01   0.0000000E+00
   3.7712467E+01   0.0000000E+00
   3.8046205E+01   0.0000000E+00
   3.8379944E+01   0.0000000E+00
   3.8713683E+01   0.0000000E+00
   3.9047421E+01   0.0000000E+00
   3.9381160E+01   0.0000000E+00
   3.9714898E+01   0.0000000E+00
   4.0048637E+01   0.0000000E+00
   4.0382376E+01   0.0000000E+00
   4.0716114E+01   0.0000000E+00
   4.1049853E+01   0.0000000E+00
   4.1383591E+01   0.0000000E+00
   4.1717330E+01   0.0000000E+00
   4.2051069E+01   0.0000000E+00
   4.2384807E+01   0.0000000E+00
   4.2718546E+01   0.0000000E+00
   4.3052284E+01   0.0000000E+00
   4.3386023E+01   0.0000000E+00
   4.3719762E+01   0.0000000E+00
   4.4053500E+01   0.0000000E+00
   4.4387239E+01   0.0000000E+00
   4.4720977E+01   0.0000000E+00
   4.5054716E+01   0.0000000E+00
   4.5388454E+01   0.0000000E+00
   4.5722193E+01   0.0000000E+00
   4.6055932E+01   0.0000000E+00
   4.6389670E+01   0.0000000E+00
   4.6723409E+01   0.0000000E+00
   4.7057147E+01   0.0000000E+00
   4.7390886E+01   0.0000000E+00
   4.7724625E+01   0.0000000E+00
   4.8058363E+01   0.0000000E+00
   4.8392102E+01   0.0000000E+00
   4.8725840E+01   0.0000000E+00
   4.9059579E+01   0.0000000E+00
   4.9393318E+01   0.0000000E+00
   4.9727056E+01   0.0000000E+00
   5.0060795E+01   0.0000000E+00
   5.0394533E+01   0.0000000E+00
   5.0728272E+01   0.0000000E+00
   5.1062011E+01   0.0000000E+00
   5.1395749E+01   0.0000000E+00
   5.1729488E+01   0.0000000E+00
   5.2063226E+01   0.0000000E+00
   5.2396965E+01   0.0000000E+00
   5.2730704E+01   0.0000000E+00
   5.3064442E+01   0.0000000E+00
   5.3398181E+01   0.0000000E+00
   5.3731919E+01   0.0000000E+00
   5.4065658E+01   0.0000000E+00
   5.4399397E+01   0.0000000E+00
   5.4733135E+01   0.0000000E+00
   5.5066874E+01   0.0000000E+00
   5.5400612E+01   0.0000000E+00
   5.5734351E+01   0.0000000E+00
   5.6068090E+01   0.0000000E+00
   5.6401828E+01   0.0000000E+00
   5.6735567E+01   0.0000000E+00
   5.7069305E+01   0.0000000E+00
   5.7403044E+01   0.0000000E+00
   5.7736783E+01   0.0000000E+00
   5.8070521E+01   0.0000000E+00
   5.8404260E+01   0.0000000E+00
   5.8737998E+01   0.0000000E+00
   5.9071737E+01   0.0000000E+00
   5.9405475E+01   0.0000000E+00
   5.9739214E+01   0.0000000E+00
   6.0072953E+01   0.0000000E+00
   6.0406691E+01   0.0000000E+00
   6.0740430E+01   0.0000000E+00
   6.1074168E+01   0.0000000E+00
   6.1407907E+01   0.0000000E+00
   6.1741646E+01   0.0000000E+00
   6.2075384E+01   0.0000000E+00
   6.2409123E+01   0.0000000E+00
   6.2742861E+01   0.0000000E+00
   6.3076600E+01   0.0000000E+00
   6.3410339E+01   0.0000000E+00
   6.3744077E+01   0.0000000E+00
   6.4077816E+01   0.0000000E+00
   6.4411554E+01   0.0000000E+00
   6.4745293E+01   0.0000000E+00
   6.5079032E+01   0.0000000E+00
   6.5412770E+01   0.0000000E+00
   6.5746509E+01   0.0000000E+00
   6.6080247E+01   0.0000000E+00
   6.6413986E+01   0.0000000E+00
   6.6747725E+01   0.0000000E+00
   6.7081463E+01   0.0000000E+00
   6.7415202E+01   0.0000000E+00
   6.7748940E+01   0.0000000E+00
   6.8082679E+01   0.0000000E+00
   6.8416418E+01   0.0000000E+00
   6.8750156E+01   0.0000000E+00
   6.9083895E+01   0.0000000E+00
   6.9417633E+01   0.0000000E+00
   6.9751372E+01   0.0000000E+00
   7.0085111E+01   0.0000000E+00
   7.0418849E+01   0.0000000E+00
   7.0752588E+01   0.0000000E+00
   7.1086326E+01   0.0000000E+00
   7.1420065E+01   0.0000000E+00
   7.1753804E+01   0.0000000E+00
   7.2087542E+01   0.0000000E+00
   7.2421281E+01   0.0000000E+00
   7.2755019E+01   0.0000000E+00
   7.3088758E+01   0.0000000E+00
   7.3422496E+01   0.0000000E+00
   7.3756235E+01   0.0000000E+00
   7.4089974E+01   0.0000000E+00
   7.4423712E+01   0.0000000E+00
   7.4757451E+01   0.0000000E+00
   7.5091189E+01   0.0000000E+00
   7.5424928E+01   0.0000000E+00
   7.5758667E+01   0.0000000E+00
   7.6092405E+01   0.0000000E+00
   7.6426144E+01   0.0000000E+00
   7.6759882E+01   0.0000000E+00
   7.7093621E+01   0.0000000E+00
   7.7427360E+01   0.0000000E+00
   7.7761098E+01   0.0000000E+00
   7.8094837E+01   0.0000000E+00
   7.8428575E+01   0.0000000E+00
   7.8762314E+01   0.0000000E+00
   7.9096053E+01   0.0000000E+00
   7.9429791E+01   0.0000000E+00
   7.9763530E+01   0.0000000E+00
   8.0097268E+01   0.0000000E+00
   8.0431007E+01   0.0000000E+00
   8.0764746E+01   0.0000000E+00
   8.1098484E+01   0.0000000E+00
   8.1432223E+01   0.0000000E+00
   8.1765961E+01   0.0000000E+00
   8.2099700E+01   0.0000000E+00
   8.2433439E+01   0.0000000E+00
   8.2767177E+01   0.0000000E+00
   8.3100916E+01   0.0000000E+00
   8.3434654E+01   0.0000000E+00
   8.3768393E+01   0.0000000E+00
   8.4102132E+01   0.0000000E+00
   8.4435870E+01   0.0000000E+00
   8.4769609E+01   0.0000000E+00
   8.5103347E+01   0.0000000E+00
   8.5437086E+01   0.0000000E+00
   8.5770825E+01   0.0000000E+00
   8.6104563E+01   0.0000000E+00
   8.6438302E+01   0.0000000E+00
   8.6772040E+01   0.0000000E+00
   8.7105779E+01   0.0000000E+00
   8.7439517E+01   0.0000000E+00
   8.7773256E+01   0.0000000E+00
   8.8106995E+01   0.0000000E+00
   8.8440733E+01   0.0000000E+00
   8.8774472E+01   0.0000000E+00
   8.9108210E+01   0.0000000E+00
   8.9441949E+01   0.0000000E+00
   8.9775688E+01   0.0000000E+00
   9.0109426E+01   0.0000000E+00
   9.0443165E+01   0.0000000E+00
   9.0776903E+01   0.0000000E+00
   9.1110642E+01   0.0000000E+00
   9.1444381E+01   0.0000000E+00
   9.1778119E+01   0.0000000E+00
   9.2111858E+01   0.0000000E+00
   9.2445596E+01   0.0000000E+00
   9.2779335E+01   0.0000000E+00
   9.3113074E+01   0.0000000E+00
   9.3446812E+01   0.0000000E+00
   9.3780551E+01   0.0000000E+00
   9.4114289E+01   0.0000000E+00
   9.4448028E+01   0.0000000E+00
   9.4781767E+01   0.0000000E+00
   9.5115505E+01   0.0000000E+00
   9.5449244E+01   0.0000000E+00
   9.5782982E+01   0.0000000E+00
   9.6116721E+01   0.0000000E+00
   9.6450460E+01   0.0000000E+00
   9.6784198E+01   0.0000000E+00
   9.7117937E+01   0.0000000E+00
   9.7451675E+01   0.0000000E+00
   9.7785414E+01   0.0000000E+00
   9.8119153E+01   0.0000000E+00
   9.8452891E+01   0.0000000E+00
   9.8786630E+01   0.0000000E+00
   9.9120368E+01   0.0000000E+00
   9.9454107E+01   0.0000000E+00
   9.9787846E+01   0.0000000E+00
   1.0012158E+02   0.0000000E+00
   1.0045532E+02   0.0000000E+00
   1.0078906E+02   0.0000000E+00
   1.0112280E+02   0.0000000E+00
   1.0145654E+02   0.0000000E+00
   1.0179028E+02   0.0000000E+00
   1.0212402E+02   0.0000000E+00
   1.0245775E+02   0.0000000E+00
   1.0279149E+02   0.0000000E+00
   1.0312523E+02   0.0000000E+00
   1.0345897E+02   0.0000000E+00
   1.0379271E+02   0.0000000E+00
   1.0412645E+02   0.0000000E+00
   1.0446019E+02   0.0000000E+00
   1.0479392E+02   0.0000000E+00
   1.0512766E+02   0.0000000E+00
   1.0546140E+02   0.0000000E+00
   1.0579514E+02   0.0000000E+00
   1.0612888E+02   0.0000000E+00
   1.0646262E+02   0.0000000E+00
   1.0679636E+02   0.0000000E+00
   1.0713009E+02   0.0000000E+00
   1.0746383E+02   0.0000000E+00
   1.0779757E+02   0.0000000E+00
   1.0813131E+02   0.0000000E+00
   1.0846505E+02   0.0000000E+00
   1.0879879E+02   0.0000000E+00
   1.0913253E+02   0.0000000E+00
   1.0946626E+02   0.0000000E+00
   1.0980000E+02   0.0000000E+00
   1.1013374E+02   0.0000000E+00
   1.1046748E+02   0.0000000E+00
   1.1080122E+02   0.0000000E+00
   1.1113496E+02   0.0000000E+00
   1.1146870E+02   0.0000000E+00
   1.1180243E+02   0.0000000E+00
   1.1213617E+02   0.0000000E+00
   1.1246991E+02   0.0000000E+00
   1.1280365E+02   0.0000000E+00
   1.1313739E+02   0.0000000E+00
   1.1347113E+02   0.0000000E+00
   1.1380487E+02   0.0000000E+00
   1.1413861E+02   0.0000000E+00
   1.1447234E+02   0.0000000E+00
   1.1480608E+02   0.0000000E+00
   1.1513982E+02   0.0000000E+00
   1.1547356E+02   0.0000000E+00
   1.1580730E+02   0.0000000E+00
   1.1614104E+02   0.0000000E+00
   1.1647478E+02   0.0000000E+00
   1.1680851E+02   0.0000000E+00
   1.1714225E+02   0.0000000E+00
   1.1747599E+02   0.0000000E+00
   1.1780973E+02   0.0000000E+00
   1.1814347E+02   0.0000000E+00
   1.1847721E+02   0.0000000E+00
   1.1881095E+02   0.0000000E+00
   1.1914468E+02   0.0000000E+00
   1.1947842E+02   0.0000000E+00
   1.1981216E+02   0.0000000E+00
   1.2014590E+02   0.0000000E+00
   1.2047964E+02   0.0000000E+00
   1.2081338E+02   0.0000000E+00
   1.2114712E+02   0.0000000E+00
   1.2148085E+02   0.0000000E+00
   1.2181459E+02   0.0000000E+00
   1.2214833E+02   0.0000000E+00
   1.2248207E+02   0.0000000E+00
   1.2281581E+02   0.0000000E+00
   1.2314955E+02   0.0000000E+00
   1.2348329E+02   0.0000000E+00
   1.2381702E+02   0.0000000E+00
   1.2415076E+02   0.0000000E+00
   1.2448450E+02   0.0000000E+00
   1.2481824E+02   0.0000000E+00
   1.2515198E+02   0.0000000E+00
   1.2548572E+02   0.0000000E+00
   1.2581946E+02   0.0000000E+00
   1.2615319E+02   0.0000000E+00
   1.2648693E+02   0.0000000E+00
   1.2682067E+02   0.0000000E+00
   1.2715441E+02   0.0000000E+00
   1.2748815E+02   0.0000000E+00
   1.2782189E+02   0.0000000E+00
   1.2815563E+02   0.0000000E+00
   1.2848936E+02   0.0000000E+00
   1.2882310E+02   0.0000000E+00
   1.2915684E+02   0.0000000E+00
   1.2949058E+02   0.0000000E+00
   1.2982432E+02   0.0000000E+00
   1.3015806E+02   0.0000000E+00
   1.3049180E+02   0.0000000E+00
   1.3082553E+02   0.0000000E+00
   1.3115927E+02   0.0000000E+00
   1.3149301E+02   0.0000000E+00
   1.3182675E+02   0.0000000E+00
   1.3216049E+02   0.0000000E+00
   1.3249423E+02   0.0000000E+00
   1.3282797E+02   0.0000000E+00
   1.3316171E+02   0.0000000E+00
   1.3349544E+02   0.0000000E+00
   1.3382918E+02   0.0000000E+00
   1.3416292E+02   0.0000000E+00
   1.3449666E+02   0.0000000E+00
   1.3483040E+02   0.0000000E+00
   1.3516414E+02   0.0000000E+00
   1.3549788E+02   0.0000000E+00
   1.3583161E+02   0.0000000E+00
   1.3616535E+02   0.0000000E+00
   1.3649909E+02   0.0000000E+00
   1.3683283E+02   0.0000000E+00
   1.3716657E+02   0.0000000E+00
   1.3750031E+02   0.0000000E+00
   1.3783405E+02   0.0000000E+00
   1.3816778E+02   0.0000000E+00
   1.3850152E+02   0.0000000E+00
   1.3883526E+02   0.0000000E+00
   1.3916900E+02   0.0000000E+00
   1.3950274E+02   0.0000000E+00
   1.3983648E+02   0.0000000E+00
   1.4017022E+02   0.0000000E+00
   1.4050395E+02   0.0000000E+00
   1.4083769E+02   0.0000000E+00
   1.4117143E+02   0.0000000E+00
   1.4150517E+02   0.0000000E+00
   1.4183891E+02   0.0000000E+00
   1.4217265E+02   0.0000000E+00
   1.4250639E+02   0.0000000E+00
   1.4284012E+02   0.0000000E+00
   1.4317386E+02   0.0000000E+00
   1.4350760E+02  -1.4012985E-45
   1.4384134E+02  -5.6051939E-45
   1.4417508E+02  -7.0064923E-45
   1.4450882E+02  -7.0064923E-45
   1.4484256E+02  -4.2038954E-45
   1.4517629E+02  -2.8025969E-45
   1.4551003E+02   2.8025969E-45
   1.4584377E+02   7.0064923E-45
   1.4617751E+02   9.8090893E-45
   1.4651125E+02   1.4012985E-44
   1.4684499E+02   1.2611686E-44
   1.4717873E+02   8.4077908E-45
   1.4751246E+02   0.0000000E+00
   1.4784620E+02  -4.2038954E-45
   1.4817994E+02  -9.8090893E-45
   1.4851368E+02  -1.6815582E-44
   1.4884742E+02  -2.1019477E-44
   1.4918116E+02  -2.6624671E-44
   1.4951490E+02  -2.9427268E-44
   1.4984863E+02  -3.3631163E-44
   1.5018237E+02  -2.9427268E-44
   1.5051611E+02  -2.2420775E-44
   1.5084985E+02  -1.4012985E-44
   1.5118359E+02   1.4012985E-45
   1.5151733E+02   1.8216880E-44
   1.5185107E+02   3.2229865E-44
   1.5218480E+02   5.0446745E-44
   1.5251854E+02   5.8854536E-44
   1.5285228E+02   5.6051939E-44
   1.5318602E+02   3.9236357E-44
   1.5351976E+02   1.2611686E-44
   1.5385350E+02  -2.6624671E-44
   1.5418724E+02  -7.7071416E-44
   1.5452098E+02  -1.2051167E-43
   1.5485471E+02  -1.5974802E-43
   1.5518845E+02  -1.8216880E-43
   1.5552219E+02  -1.8076750E-43
   1.5585593E+02  -1.5414283E-43
   1.5618967E+02  -1.0509738E-43
   1.5652341E+02  -2.9427268E-44
   1.5685715E+02   6.4459729E-44
   1.5719088E+02   1.6255062E-43
   1.5752462E+02   2.4943113E-43
   1.5785836E+02   3.0968696E-43
   1.5819210E+02   3.3771293E-43
   1.5852584E+02   3.1669345E-43
   1.5885958E+02   2.4102334E-43
   1.5919332E+02   1.2471556E-43
   1.5952705E+02  -3.9236357E-44
   1.5986079E+02  -2.2280646E-43
   1.6019453E+02  -4.0637655E-43
   1.6052827E+02  -5.5771679E-43
   1.6086201E+02  -6.5160379E-43
   1.6119575E+02  -6.5861028E-43
   1.6152949E+02  -5.5911809E-43
   1.6186322E+02  -3.4892332E-43
   1.6219696E+02  -3.7835059E-44
   1.6253070E+02   3.4612072E-43
   1.6286444E+02   7.5109598E-43
   1.6319818E+02   1.1238414E-42
   1.6353192E+02   1.3970946E-42
   1.6386566E+02   1.5049946E-42
   1.6419939E+02   1.3956933E-42
   1.6453313E+02   1.0383622E-42
   1.6486687E+02   4.4701421E-43
   1.6520061E+02  -3.3771293E-43
   1.6553435E+02  -1.2345439E-42
   1.6586809E+02  -2.1187633E-42
   1.6620183E+02  -2.8516424E-42
   1.6653556E+02  -3.2916501E-42
   1.6686930E+02  -3.3182748E-42
   1.6720304E+02  -2.8390307E-42
   1.6753678E+02  -1.8385036E-42
   1.6787052E+02  -3.7414669E-43
   1.6820426E+02   1.4237192E-42
   1.6853800E+02   3.3378929E-42
   1.6887173E+02   5.0993251E-42
   1.6920547E+02   6.4137431E-42
   1.6953921E+02   6.9896767E-42
   1.6987295E+02   6.6127275E-42
   1.7020669E+02   5.1595809E-42
   1.7054043E+02   2.6568619E-42
   1.7087417E+02  -7.1045832E-43
   1.7120790E+02  -4.6004629E-42
   1.7154164E+02  -8.5072830E-42
   1.7187538E+02  -1.1854985E-41
   1.7220912E+02  -1.4032603E-41
   1.7254286E+02  -1.4503439E-41
   1.7287660E+02  -1.2893347E-41
   1.7321034E+02  -9.0523881E-42
   1.7354408E+02  -3.1683358E-42
   1.7387781E+02   4.2431317E-42
   1.7421155E+02   1.2352446E-41
   1.7454529E+02   2.0058186E-41
   1.7487903E+02   2.6139822E-41
   1.7521277E+02   2.9393637E-41
   1.7554651E+02   2.8834519E-41
   1.7588025E+02   2.3864113E-41
   1.7621398E+02   1.4430572E-41
   1.7654772E+02   1.1714855E-42
   1.7688146E+02  -1.4639365E-41
   1.7721520E+02  -3.1094813E-41
   1.7754894E+02  -4.5871505E-41
   1.7788268E+02  -5.6491946E-41
   1.7821642E+02  -6.0653803E-41
   1.7855015E+02  -5.6619464E-41
   1.7888389E+02  -4.3560764E-41
   1.7921763E+02  -2.1833631E-41
   1.7955137E+02   6.8537508E-42
   1.7988511E+02   3.9484387E-41
   1.8021885E+02   7.1945466E-41
   1.8055259E+02   9.9444547E-41
   1.8088632E+02   1.1709530E-40
   1.8122006E+02   1.2063078E-40
   1.8155380E+02   1.0712787E-40
   1.8188754E+02   7.5656104E-41
   1.8222128E+02   2.7749913E-41
   1.8255502E+02  -3.2393817E-41
   1.8288876E+02  -9.8076880E-41
   1.8322249E+02  -1.6067849E-40
   1.8355623E+02  -2.1056892E-40
   1.8388997E+02  -2.3835386E-40
   1.8422371E+02  -2.3627013E-40
   1.8455745E+02  -1.9958274E-40
   1.8489119E+02  -1.2778721E-40
   1.8522493E+02  -2.5373311E-41
   1.8555866E+02   9.7982993E-41
   1.8589240E+02   2.2796464E-40
   1.8622614E+02   3.4691386E-40
   1.8655988E+02   4.3580803E-40
   1.8689362E+02   4.7679601E-40
   1.8722736E+02   4.5596010E-40
   1.8756110E+02   3.6595610E-40
   1.8789483E+02   2.0817410E-40
   1.8822857E+02  -6.0185769E-42
   1.8856231E+02  -2.5526894E-40
   1.8889605E+02  -5.0963824E-40
   1.8922979E+02  -7.3346624E-40
   1.8956353E+02  -8.8956108E-40
   1.8989727E+02  -9.4422433E-40
   1.9023100E+02  -8.7270206E-40
   1.9056474E+02  -6.6415802E-40
   1.9089848E+02  -3.2555667E-40
   1.9123222E+02   1.1638905E-40
   1.9156596E+02   6.1575297E-40
   1.9189970E+02   1.1107659E-39
   1.9223344E+02   1.5299755E-39
   1.9256718E+02   1.8008199E-39
   1.9290091E+02   1.8597851E-39
   1.9323465E+02   1.6629489E-39
   1.9356839E+02   1.1954954E-39
   1.9390213E+02   4.7868356E-40
   1.9423587E+02  -4.2715221E-40
   1.9456961E+02  -1.4246357E-39
   1.9490335E+02  -2.3870138E-39
   1.9523708E+02  -3.1712071E-39
   1.9557082E+02  -3.6354348E-39
   1.9590456E+02  -3.6595652E-39
   1.9623830E+02  -3.1658191E-39
   1.9657204E+02  -2.1369760E-39
   1.9690578E+02  -6.2902747E-40
   1.9723952E+02   1.2243957E-39
   1.9757325E+02   3.2178675E-39
   1.9790699E+02   5.0911794E-39
   1.9824073E+02   6.5570244E-39
   1.9857447E+02   7.3372268E-39
   1.9890821E+02   7.2038120E-39
   1.9924195E+02   6.0199894E-39
   1.9957569E+02   3.7751611E-39
   1.9990942E+02   6.0800799E-40
   2.0024316E+02  -3.1877046E-39
   2.0057690E+02  -7.1783518E-39
   2.0091064E+02  -1.0828175E-38
   2.0124438E+02  -1.3558017E-38
   2.0157812E+02  -1.4820340E-38
   2.0191186E+02  -1.4182716E-38
   2.0224559E+02  -1.1409266E-38
   2.0257933E+02  -6.5282474E-39
   2.0291307E+02   1.2638311E-40
   2.0324681E+02   7.9097189E-39
   2.0358055E+02   1.5904180E-38
   2.0391429E+02   2.3003322E-38
   2.0424803E+02   2.8037168E-38
   2.0458176E+02   2.9928417E-38
   2.0491550E+02   2.7862581E-38
   2.0524924E+02   2.1450208E-38
   2.0558298E+02   1.0856448E-38
   2.0591672E+02  -3.1260685E-39
   2.0625046E+02  -1.9081613E-38
   2.0658420E+02  -3.5065751E-38
   2.0691793E+02  -4.8792024E-38
   2.0725167E+02  -5.7900330E-38
   2.0758541E+02  -6.0282700E-38
   2.0791915E+02  -5.4429795E-38
   2.0825289E+02  -3.9751993E-38
   2.0858663E+02  -1.6824428E-38
   2.0892037E+02   1.2492789E-38
   2.0925410E+02   4.5097916E-38
   2.0958784E+02   7.6877386E-38
   2.0992158E+02   1.0312118E-37
   2.1025532E+02   1.1909685E-37
   2.1058906E+02   1.2072664E-37
   2.1092280E+02   1.0528878E-37
   2.1125654E+02   7.2045205E-38
   2.1159027E+02   2.2692822E-38
   2.1192401E+02  -3.8457818E-38
   2.1225775E+02  -1.0464989E-37
   2.1259149E+02  -1.6722990E-37
   2.1292523E+02  -2.1656655E-37
   2.1325897E+02  -2.4327003E-37
   2.1359271E+02  -2.3958872E-37
   2.1392645E+02  -2.0081078E-37
   2.1426018E+02  -1.2646944E-37
   2.1459392E+02  -2.1143523E-38
   2.1492766E+02   1.0533261E-37
   2.1526140E+02   2.3838293E-37
   2.1559514E+02   3.5997721E-37
   2.1592888E+02   4.5063978E-37
   2.1626262E+02   4.9201289E-37
   2.1659635E+02   4.6969870E-37
   2.1693009E+02   3.7601692E-37
   2.1726383E+02   2.1226331E-37
   2.1759757E+02  -9.9432608E-39
   2.1793131E+02  -2.6857511E-37
   2.1826505E+02  -5.3260157E-37
   2.1859879E+02  -7.6493525E-37
   2.1893252E+02  -9.2675567E-37
   2.1926626E+02  -9.8281819E-37
   2.1960000E+02  -9.0714691E-37
   2.1993374E+02  -6.8835144E-37
   2.2026748E+02  -3.3373584E-37
   2.2060122E+02   1.2859913E-37
   2.2093496E+02   6.5030625E-37
   2.2126869E+02   1.1663585E-36
   2.2160243E+02   1.6016234E-36
   2.2193617E+02   1.8800018E-36
   2.2226991E+02   1.9352343E-36
   2.2260365E+02   1.7220973E-36
   2.2293739E+02   1.2264271E-36
   2.2327113E+02   4.7233650E-37
   2.2360486E+02  -4.7489265E-37
   2.2393860E+02  -1.5113748E-36
   2.2427234E+02  -2.5031779E-36
   2.2460608E+02  -3.3006255E-36
   2.2493982E+02  -3.7572380E-36
   2.2527356E+02  -3.7513233E-36
   2.2560730E+02  -3.2075592E-36
   2.2594103E+02  -2.1154448E-36
   2.2627477E+02  -5.4143594E-37
   2.2660851E+02   1.3679986E-36
   2.2694225E+02   3.3943436E-36
   2.2727599E+02   5.2666563E-36
   2.2760973E+02   6.6919227E-36
   2.2794347E+02   7.3935172E-36
   2.2827720E+02   7.1535439E-36
   2.2861094E+02   5.8536049E-36
   2.2894468E+02   3.5078458E-36
   2.2927842E+02   2.8233770E-37
   2.2961216E+02  -3.5042388E-36
   2.2994590E+02  -7.4016884E-36
   2.3027964E+02  -1.0871629E-35
   2.3061337E+02  -1.3350397E-35
   2.3094711E+02  -1.4325643E-35
   2.3128085E+02  -1.3417782E-35
   2.3161459E+02  -1.0455415E-35
   2.3194833E+02  -5.5329573E-36
   2.3228207E+02   9.6062924E-37
   2.3261581E+02   8.3506411E-36
   2.3294955E+02   1.5727694E-35
   2.3328328E+02   2.2040361E-35
   2.3361702E+02   2.6222708E-35
   2.3395076E+02   2.7343913E-35
   2.3428450E+02   2.4762167E-35
   2.3461824E+02   1.8261444E-35
   2.3495198E+02   8.1489718E-36
   2.3528572E+02  -4.7066230E-36
   2.3561945E+02  -1.8911194E-35
   2.3595319E+02  -3.2661329E-35
   2.3628693E+02  -4.3936977E-35
   2.3662067E+02  -5.0754706E-35
   2.3695441E+02  -5.1455021E-35
   2.3728815E+02  -4.4988172E-35
   2.3762189E+02  -3.1157267E-35
   2.3795562E+02  -1.0778046E-35
   2.3828936E+02   1.4280681E-35
   2.3862310E+02   4.1199613E-35
   2.3895684E+02   6.6462129E-35
   2.3929058E+02   8.6245016E-35
   2.3962432E+02   9.6912461E-35
   2.3995806E+02   9.5558817E-35
   2.4029179E+02   8.0531126E-35
   2.4062553E+02   5.1853748E-35
   2.4095927E+02   1.1480625E-35
   2.4129301E+02  -3.6686892E-35
   2.4162675E+02  -8.7054420E-35
   2.4196049E+02  -1.3286661E-34
   2.4229423E+02  -1.6698333E-34
   2.4262796E+02  -1.8282752E-34
   2.4296170E+02  -1.7539645E-34
   2.4329544E+02  -1.4220387E-34
   2.4362918E+02  -8.4009344E-35
   2.4396292E+02  -5.2004031E-36
   2.4429666E+02   8.6277910E-35
   2.4463040E+02   1.7950452E-34
   2.4496413E+02   2.6166876E-34
   2.4529787E+02   3.1958477E-34
   2.4563161E+02   3.4148469E-34
   2.4596535E+02   3.1888078E-34
   2.4629909E+02   2.4824498E-34
   2.4663283E+02   1.3224402E-34
   2.4696657E+02  -1.9709505E-35
   2.4730030E+02  -1.9176777E-34
   2.4763404E+02  -3.6290468E-34
   2.4796778E+02  -5.0908323E-34
   2.4830152E+02  -6.0616345E-34
   2.4863526E+02  -6.3325708E-34
   2.4896900E+02  -5.7612140E-34
   2.4930274E+02  -4.3013147E-34
   2.4963647E+02  -2.0234817E-34
   2.4997021E+02   8.7734295E-35
   2.5030395E+02   4.0906134E-34
   2.5063769E+02   7.2162583E-34
   2.5097143E+02   9.8070337E-34
   2.5130517E+02   1.1423645E-33
   2.5163891E+02   1.1696837E-33
   2.5197264E+02   1.0388902E-33
   2.5230638E+02   7.4459261E-34
   2.5264012E+02   3.0323020E-34
   2.5297386E+02  -2.4599690E-34
   2.5330760E+02  -8.4320230E-34
   2.5364134E+02  -1.4130472E-33
   2.5397508E+02  -1.8728689E-33
   2.5430882E+02  -2.1429991E-33
   2.5464255E+02  -2.1581700E-33
   2.5497629E+02  -1.8785944E-33
   2.5531003E+02  -1.2991497E-33
   2.5564377E+02  -4.5512717E-34
   2.5597751E+02   5.7672549E-34
   2.5631125E+02   1.6826985E-33
   2.5664499E+02   2.7223233E-33
   2.5697872E+02   3.5437029E-33
   2.5731246E+02   4.0026119E-33
   2.5764620E+02   3.9832868E-33
   2.5797994E+02   3.4183207E-33
   2.5831368E+02   2.3048098E-33
   2.5864742E+02   7.1402498E-34
   2.5898116E+02  -1.2076140E-33
   2.5931489E+02  -3.2476455E-33
   2.5964863E+02  -5.1469259E-33
   2.5998237E+02  -6.6280609E-33
   2.6031611E+02  -7.4303468E-33
   2.6064985E+02  -7.3473834E-33
   2.6098359E+02  -6.2626475E-33
   2.6131733E+02  -4.1779721E-33
   2.6165106E+02  -1.2300245E-33
   2.6198480E+02   2.3090406E-33
   2.6231854E+02   6.0490836E-33
   2.6265228E+02   9.5177853E-33
   2.6298602E+02   1.2212479E-32
   2.6331976E+02   1.3663243E-32
   2.6365350E+02   1.3500376E-32
   2.6398723E+02   1.1517760E-32
   2.6432097E+02   7.7230875E-33
   2.6465471E+02   2.3664595E-33
   2.6498845E+02  -4.0594948E-33
   2.6532219E+02  -1.0851774E-32
   2.6565593E+02  -1.7161606E-32
   2.6598967E+02  -2.2087220E-32
   2.6632340E+02  -2.4786289E-32
   2.6665714E+02  -2.4595641E-32
   2.6699088E+02  -2.1143410E-32
   2.6732462E+02  -1.4437657E-32
   2.6765836E+02  -4.9165110E-33
   2.6799210E+02   6.5518294E-33
   2.6832584E+02   1.8725984E-32
   2.6865957E+02   3.0105116E-32
   2.6899331E+02   3.9091990E-32
   2.6932705E+02   4.4190197E-32
   2.6966079E+02   4.4214257E-32
   2.6999453E+02   3.8486070E-32
   2.7032827E+02   2.6990596E-32
   2.7066201E+02   1.0464584E-32
   2.7099574E+02  -9.6019205E-33
   2.7132948E+02  -3.1062682E-32
   2.7166322E+02  -5.1310957E-32
   2.7199696E+02  -6.7560639E-32
   2.7233070E+02  -7.7186950E-32
   2.7266444E+02  -7.8089465E-32
   2.7299818E+02  -6.9032751E-32
   2.7333192E+02  -4.9917156E-32
   2.7366565E+02  -2.1935430E-32
   2.7399939E+02   1.2419641E-32
   2.7433313E+02   4.9516160E-32
   2.7466687E+02   8.4912710E-32
   2.7500061E+02   1.1383432E-31
   2.7533435E+02   1.3175098E-31
   2.7566809E+02   1.3499532E-31
   2.7600182E+02   1.2134440E-31
   2.7633556E+02   9.0484359E-32
   2.7666930E+02   4.4284031E-32
   2.7700304E+02  -1.3182452E-32
   2.7733678E+02  -7.5896316E-32
   2.7767052E+02  -1.3643925E-31
   2.7800426E+02  -1.8678531E-31
   2.7833799E+02  -2.1926661E-31
   2.7867173E+02  -2.2760735E-31
   2.7900547E+02  -2.0789972E-31
   2.7933921E+02  -1.5938815E-31
   2.7967295E+02  -8.4936150E-32
   2.8000669E+02   8.9213438E-33
   2.8034043E+02   1.1239600E-31
   2.8067416E+02   2.1333504E-31
   2.8100790E+02   2.9851978E-31
   2.8134164E+02   3.5525273E-31
   2.8167538E+02   3.7305898E-31
   2.8200912E+02   3.4529390E-31
   2.8234286E+02   2.7043733E-31
   2.8267660E+02   1.5286822E-31
   2.8301033E+02   2.9609821E-33
   2.8334407E+02  -1.6358718E-31
   2.8367781E+02  -3.2719695E-31
   2.8401155E+02  -4.6651463E-31
   2.8434529E+02  -5.6098681E-31
   2.8467903E+02  -5.9361806E-31
   2.8501277E+02  -5.5357123E-31
   2.8534650E+02  -4.3825335E-31
   2.8568024E+02  -2.5455605E-31
   2.8601398E+02  -1.8993567E-32
   2.8634772E+02   2.4340172E-31
   2.8668146E+02   5.0142066E-31
   2.8701520E+02   7.2108557E-31
   2.8734894E+02   8.6979360E-31
   2.8768267E+02   9.2073717E-31
   2.8801641E+02   8.5704466E-31
   2.8835015E+02   6.7507051E-31
   2.8868389E+02   3.8630548E-31
   2.8901763E+02   1.7500924E-32
   2.8935137E+02  -3.9120306E-31
   2.8968511E+02  -7.9012235E-31
   2.9001884E+02  -1.1255546E-30
   2.9035258E+02  -1.3464414E-30
   2.9068632E+02  -1.4114159E-30
   2.9102006E+02  -1.2953370E-30
   2.9135380E+02  -9.9439750E-31
   2.9168754E+02  -5.2896489E-31
   2.9202128E+02   5.6472065E-32
   2.9235501E+02   6.9656532E-31
   2.9268875E+02   1.3115022E-30
   2.9302249E+02   1.8160350E-30
   2.9335623E+02   2.1302397E-30
   2.9368997E+02   2.1907677E-30
   2.9402371E+02   1.9611549E-30
   2.9435745E+02   1.4397065E-30
   2.9469119E+02   6.6364617E-31
   2.9502492E+02  -2.9145033E-31
   2.9535866E+02  -1.3173872E-30
   2.9569240E+02  -2.2840717E-30
   2.9602614E+02  -3.0543633E-30
   2.9635988E+02  -3.5015562E-30
   2.9669362E+02  -3.5274588E-30
   2.9702736E+02  -3.0787551E-30
   2.9736109E+02  -2.1592774E-30
   2.9769483E+02  -8.3609998E-31
   2.9802857E+02   7.6203942E-31
   2.9836231E+02   2.4546705E-30
   2.9869605E+02   4.0274957E-30
   2.9902979E+02   5.2568141E-30
   2.9936353E+02   5.9379794E-30
   2.9969726E+02   5.9146046E-30
   3.0003100E+02   5.1047416E-30
   3.0036474E+02   3.5202772E-30
   3.0069848E+02   1.2762066E-30
   3.0103222E+02  -1.4125478E-30
   3.0136596E+02  -4.2477626E-30
   3.0169970E+02  -6.8773062E-30
   3.0203343E+02  -8.9348878E-30
   3.0236717E+02  -1.0086100E-29
   3.0270091E+02  -1.0075481E-29
   3.0303465E+02  -8.7685642E-30
   3.0336839E+02  -6.1828648E-30
   3.0370213E+02  -2.5026250E-30
   3.0403587E+02   1.9264344E-30
   3.0436960E+02   6.6237952E-30
   3.0470334E+02   1.1021157E-29
   3.0503708E+02   1.4525833E-29
   3.0537082E+02   1.6594164E-29
   3.0570456E+02   1.6806437E-29
   3.0603830E+02   1.4933903E-29
   3.0637204E+02   1.0988306E-29
   3.0670577E+02   5.2457908E-30
   3.0703951E+02  -1.7605791E-30
   3.0737325E+02  -9.2820216E-30
   3.0770699E+02  -1.6427101E-29
   3.0804073E+02  -2.2260539E-29
   3.0837447E+02  -2.5917709E-29
   3.0870821E+02  -2.6721700E-29
   3.0904194E+02  -2.4288182E-29
   3.0937568E+02  -1.8603373E-29
   3.0970942E+02  -1.0062487E-29
   3.1004316E+02   5.4029933E-31
   3.1037690E+02   1.2073720E-29
   3.1071064E+02   2.3180424E-29
   3.1104438E+02   3.2427538E-29
   3.1137811E+02   3.8481446E-29
   3.1171185E+02   4.0286669E-29
   3.1204559E+02   3.7226222E-29
   3.1237933E+02   2.9241376E-29
   3.1271307E+02   1.6891257E-29
   3.1304681E+02   1.3392082E-30
   3.1338055E+02  -1.5739279E-29
   3.1371429E+02  -3.2322732E-29
   3.1404802E+02  -4.6269465E-29
   3.1438176E+02  -5.5579558E-29
   3.1471550E+02  -5.8662731E-29
   3.1504924E+02  -5.4578435E-29
   3.1538298E+02  -4.3214564E-29
   3.1571672E+02  -2.5376411E-29
   3.1605046E+02  -2.7661364E-30
   3.1638419E+02   2.2154383E-29
   3.1671793E+02   4.6410524E-29
   3.1705167E+02   6.6849540E-29
   3.1738541E+02   8.0528012E-29
   3.1771915E+02   8.5106676E-29
   3.1805289E+02   7.9203093E-29
   3.1838663E+02   6.2652403E-29
   3.1872036E+02   3.6635076E-29
   3.1905410E+02   3.6432230E-30
   3.1938784E+02  -3.2724276E-29
   3.1972158E+02  -6.8126311E-29
   3.2005532E+02  -9.7970871E-29
   3.2038906E+02  -1.1798075E-28
   3.2072280E+02  -1.2476733E-28
   3.2105653E+02  -1.1633914E-28
   3.2139027E+02  -9.2474261E-29
   3.2172401E+02  -5.4897020E-29
   3.2205775E+02  -7.2192220E-30
   3.2239149E+02   4.5365334E-29
   3.2272523E+02   9.6615461E-29
   3.2305897E+02   1.3995550E-28
   3.2339270E+02   1.6928999E-28
   3.2372644E+02   1.7982225E-28
   3.2406018E+02   1.6877261E-28
   3.2439392E+02   1.3589377E-28
   3.2472766E+02   8.3700633E-29
   3.2506140E+02   1.7361548E-29
   3.2539514E+02  -5.5762798E-29
   3.2572887E+02  -1.2690070E-28
   3.2606261E+02  -1.8689595E-28
   3.2639635E+02  -2.2736474E-28
   3.2673009E+02  -2.4184215E-28
   3.2706383E+02  -2.2676821E-28
   3.2739757E+02  -1.8217007E-28
   3.2773131E+02  -1.1192727E-28
   3.2806504E+02  -2.3550476E-29
   3.2839878E+02   7.2536558E-29
   3.2873252E+02   1.6415680E-28
   3.2906626E+02   2.3886534E-28
   3.2940000E+02   2.8559057E-28
   3.2973374E+02   2.9622423E-28
   3.3006748E+02   2.6694708E-28
   3.3040121E+02   1.9908938E-28
   3.3073495E+02   9.9372255E-29
   3.3106869E+02  -2.0556269E-29
   3.3140243E+02  -1.4528937E-28
   3.3173617E+02  -2.5744062E-28
   3.3206991E+02  -3.3984931E-28
   3.3240365E+02  -3.7795699E-28
   3.3273739E+02  -3.6205112E-28
   3.3307112E+02  -2.8906379E-28
   3.3340486E+02  -1.6364465E-28
   3.3373860E+02   1.7053628E-30
   3.3407234E+02   1.8754436E-28
   3.3440608E+02   3.6942372E-28
   3.3473982E+02   5.2068816E-28
   3.3507356E+02   6.1585351E-28
   3.3540729E+02   6.3417281E-28
   3.3574103E+02   5.6293863E-28
   3.3607477E+02   4.0006267E-28
   3.3640851E+02   1.5552616E-28
   3.3674225E+02  -1.4860297E-28
   3.3707599E+02  -4.7972243E-28
   3.3740973E+02  -7.9777584E-28
   3.3774346E+02  -1.0596030E-27
   3.3807720E+02  -1.2241359E-27
   3.3841094E+02  -1.2578439E-27
   3.3874468E+02  -1.1397699E-27
   3.3907842E+02  -8.6547527E-28
   3.3941216E+02  -4.4929399E-28
   3.3974590E+02   7.5537187E-29
   3.4007963E+02   6.5908236E-28
   3.4041337E+02   1.2391737E-27
   3.4074711E+02   1.7477832E-27
   3.4108085E+02   2.1186691E-27
   3.4141459E+02   2.2954583E-27
   3.4174833E+02   2.2392029E-27
   3.4208207E+02   1.9344416E-27
   3.4241580E+02   1.3928990E-27
   3.4274954E+02   6.5420162E-28
   3.4308328E+02  -2.1670583E-28
   3.4341702E+02  -1.1353548E-27
   3.4375076E+02  -2.0062726E-27
   3.4408450E+02  -2.7333664E-27
   3.4441824E+02  -3.2310175E-27
   3.4475197E+02  -3.4345690E-27
   3.4508571E+02  -3.3088771E-27
   3.4541945E+02  -2.8537588E-27
   3.4575319E+02  -2.1054923E-27
   3.4608693E+02  -1.1339538E-27
   3.4642067E+02  -3.5538319E-29
   3.4675441E+02   1.0774802E-27
   3.4708814E+02   2.0899514E-27
   3.4742188E+02   2.8976914E-27
   3.4775562E+02   3.4204015E-27
   3.4808936E+02   3.6119445E-27
   3.4842310E+02   3.4664859E-27
   3.4875684E+02   3.0194999E-27
   3.4909058E+02   2.3432289E-27
   3.4942431E+02   1.5369317E-27
   3.4975805E+02   7.1301230E-28
   3.5009179E+02  -1.9310433E-29
   3.5042553E+02  -5.7059353E-28
   3.5075927E+02  -8.8567172E-28
   3.5109301E+02  -9.5382634E-28
   3.5142675E+02  -8.1277922E-28
   3.5176048E+02  -5.4542856E-28
   3.5209422E+02  -2.6911443E-28
   3.5242796E+02  -1.1832057E-28
   3.5276170E+02  -2.2262026E-28
   3.5309544E+02  -6.8269305E-28
   3.5342918E+02  -1.5476317E-27
   3.5376292E+02  -2.7971018E-27
   3.5409666E+02  -4.3314758E-27
   3.5443039E+02  -5.9724636E-27
   3.5476413E+02  -7.4755310E-27
   3.5509787E+02  -8.5539477E-27
   3.5543161E+02  -8.9127778E-27
   3.5576535E+02  -8.2894945E-27
   3.5609909E+02  -6.4967587E-27
   3.5643283E+02  -3.4619038E-27
   3.5676656E+02   7.4239977E-28
   3.5710030E+02   5.8814923E-27
   3.5743404E+02   1.1560053E-26
   3.5776778E+02   1.7243624E-26
   3.5810152E+02   2.2300335E-26
   3.5843526E+02   2.6060263E-26
   3.5876900E+02   2.7887546E-26
   3.5910273E+02   2.7258210E-26
   3.5943647E+02   2.3835257E-26
   3.5977021E+02   1.7531965E-26
   3.6010395E+02   8.5547651E-27
   3.6043769E+02  -2.5814302E-27
   3.6077143E+02  -1.5070166E-26
   3.6110517E+02  -2.7864074E-26
   3.6143890E+02  -3.9757012E-26
   3.6177264E+02  -4.9491839E-26
   3.6210638E+02  -5.5884275E-26
   3.6244012E+02  -5.7951349E-26
   3.6277386E+02  -5.5030394E-26
   3.6310760E+02  -4.6875794E-26
   3.6344134E+02  -3.3720775E-26
   3.6377507E+02  -1.6295584E-26
   3.6410881E+02   4.2035717E-27
   3.6444255E+02   2.6194773E-26
   3.6477629E+02   4.7834954E-26
   3.6511003E+02   6.7178667E-26
   3.6544377E+02   8.2356918E-26
   3.6577751E+02   9.1758772E-26
   3.6611124E+02   9.4197560E-26
   3.6644498E+02   8.9043796E-26
   3.6677872E+02   7.6310152E-26
   3.6711246E+02   5.6677844E-26
   3.6744620E+02   3.1459708E-26
   3.6777994E+02   2.5012599E-27
   3.6811368E+02  -2.7971470E-26
   3.6844741E+02  -5.7543878E-26
   3.6878115E+02  -8.3825919E-26
   3.6911489E+02  -1.0466542E-25
   3.6944863E+02  -1.1834020E-25
   3.6978237E+02  -1.2370978E-25
   3.7011611E+02  -1.2031112E-25
   3.7044985E+02  -1.0838945E-25
   3.7078358E+02  -8.8861508E-26
   3.7111732E+02  -6.3215856E-26
   3.7145106E+02  -3.3361901E-26
   3.7178480E+02  -1.4450695E-27
   3.7211854E+02   3.0352117E-26
   3.7245228E+02   6.0000723E-26
   3.7278602E+02   8.5787489E-26
   3.7311976E+02   1.0643183E-25
   3.7345349E+02   1.2114627E-25
   3.7378723E+02   1.2963585E-25
   3.7412097E+02   1.3204045E-25
   3.7445471E+02   1.2882944E-25
   3.7478845E+02   1.2066424E-25
   3.7512219E+02   1.0825144E-25
   3.7545593E+02   9.2204059E-26
   3.7578966E+02   7.2937636E-26
   3.7612340E+02   5.0612986E-26
   3.7645714E+02   2.5142408E-26
   3.7679088E+02  -3.7383071E-27
   3.7712462E+02  -3.6335309E-26
   3.7745836E+02  -7.2809754E-26
   3.7779210E+02  -1.1296222E-25
   3.7812583E+02  -1.5601085E-25
   3.7845957E+02  -2.0039830E-25
   3.7879331E+02  -2.4365828E-25
   3.7912705E+02  -2.8237555E-25
   3.7946079E+02  -3.1226465E-25
   3.7979453E+02  -3.2838776E-25
   3.8012827E+02  -3.2551909E-25
   3.8046200E+02  -2.9864716E-25
   3.8079574E+02  -2.4358994E-25
   3.8112948E+02  -1.5768090E-25
   3.8146322E+02  -4.0468392E-26
   3.8179696E+02   1.0565106E-25
   3.8213070E+02   2.7494776E-25
   3.8246444E+02   4.5810435E-25
   3.8279817E+02   6.4228483E-25
   3.8313191E+02   8.1157596E-25
   3.8346565E+02   9.4785414E-25
   3.8379939E+02   1.0320648E-24
   3.8413313E+02   1.0458759E-24
   3.8446687E+02   9.7361193E-25
   3.8480061E+02   8.0431923E-25
   3.8513434E+02   5.3378382E-25
   3.8546808E+02   1.6628543E-25
   3.8580182E+02  -2.8414092E-25
   3.8613556E+02  -7.9314960E-25
   3.8646930E+02  -1.3264229E-24
   3.8680304E+02  -1.8410201E-24
   3.8713678E+02  -2.2877850E-24
   3.8747051E+02  -2.6147619E-24
   3.8780425E+02  -2.7714675E-24
   3.8813799E+02  -2.7137551E-24
   3.8847173E+02  -2.4089276E-24
   3.8880547E+02  -1.8406779E-24
   3.8913921E+02  -1.0133847E-24
   3.8947295E+02   4.4706448E-26
   3.8980668E+02   1.2798906E-24
   3.9014042E+02   2.6133706E-24
   3.9047416E+02   3.9439113E-24
   3.9080790E+02   5.1528990E-24
   3.9114164E+02   6.1118450E-24
   3.9147538E+02   6.6920775E-24
   3.9180912E+02   6.7762339E-24
   3.9214285E+02   6.2708770E-24
   3.9247659E+02   5.1193326E-24
   3.9281033E+02   3.3136670E-24
   3.9314407E+02   9.0451334E-25
   3.9347781E+02  -1.9926254E-24
   3.9381155E+02  -5.1959345E-24
   3.9414529E+02  -8.4619145E-24
   3.9447903E+02  -1.1496948E-23
   3.9481276E+02  -1.3976186E-23
   3.9514650E+02  -1.5569386E-23
   3.9548024E+02  -1.5972606E-23
   3.9581398E+02  -1.4943641E-23
   3.9614772E+02  -1.2338210E-23
   3.9648146E+02  -8.1431776E-24
   3.9681520E+02  -2.5024806E-24
   3.9714893E+02   4.2686321E-24
   3.9748267E+02   1.1685098E-23
   3.9781641E+02   1.9112303E-23
   3.9815015E+02   2.5806652E-23
   3.9848389E+02   3.0975807E-23
   3.9881763E+02   3.3855584E-23
   3.9915137E+02   3.3797834E-23
   3.9948510E+02   3.0361145E-23
   3.9981884E+02   2.3394511E-23
   4.0015258E+02   1.3102603E-23
   4.0048632E+02   8.1972903E-26
   4.0082006E+02  -1.4681604E-23
   4.0115380E+02  -2.9861039E-23
   4.0148754E+02  -4.3883509E-23
   4.0182127E+02  -5.5070550E-23
   4.0215501E+02  -6.1813866E-23
   4.0248875E+02  -6.2771745E-23
   4.0282249E+02  -5.7066349E-23
   4.0315623E+02  -4.4458093E-23
   4.0348997E+02  -2.5472451E-23
   4.0382371E+02  -1.4556511E-24
   4.0415744E+02   2.5459257E-23
   4.0449118E+02   5.2487233E-23
   4.0482492E+02   7.6427161E-23
   4.0515866E+02   9.3987286E-23
   4.0549240E+02   1.0217528E-22
   4.0582614E+02   9.8715252E-23
   4.0615988E+02   8.2445071E-23
   4.0649361E+02   5.3640610E-23
   4.0682735E+02   1.4213598E-23
   4.0716109E+02  -3.2263906E-23
   4.0749483E+02  -8.0741618E-23
   4.0782857E+02  -1.2509350E-22
   4.0816231E+02  -1.5872764E-22
   4.0849605E+02  -1.7536279E-22
   4.0882978E+02  -1.6990100E-22
   4.0916352E+02  -1.3930078E-22
   4.0949726E+02  -8.3338169E-23
   4.0983100E+02  -5.1358442E-24
   4.1016474E+02   8.8650201E-23
   4.1049848E+02   1.8807282E-22
   4.1083222E+02   2.8061082E-22
   4.1116595E+02   3.5235241E-22
   4.1149969E+02   3.8957455E-22
   4.1183343E+02   3.8058126E-22
   4.1216717E+02   3.1760764E-22
   4.1250091E+02   1.9855085E-22
   4.1283465E+02   2.8270705E-23
   4.1316839E+02  -1.8078443E-22
   4.1350213E+02  -4.0882841E-22
   4.1383586E+02  -6.2998265E-22
   4.1416960E+02  -8.1452683E-22
   4.1450334E+02  -9.3203605E-22
   4.1483708E+02  -9.5515026E-22
   4.1517082E+02  -8.6359625E-22
   4.1550456E+02  -6.4798933E-22
   4.1583830E+02  -3.1289026E-22
   4.1617203E+02   1.2139392E-22
   4.1650577E+02   6.1870490E-22
   4.1683951E+02   1.1289116E-21
   4.1717325E+02   1.5918600E-21
   4.1750699E+02   1.9432322E-21
   4.1784073E+02   2.1218827E-21
   4.1817447E+02   2.0779744E-21
   4.1850820E+02   1.7810111E-21
   4.1884194E+02   1.2267460E-21
   4.1917568E+02   4.4191735E-22
   4.1950942E+02  -5.1414203E-22
   4.1984316E+02  -1.5517252E-21
   4.2017690E+02  -2.5571461E-21
   4.2051064E+02  -3.4031834E-21
   4.2084437E+02  -3.9629100E-21
   4.2117811E+02  -4.1257051E-21
   4.2151185E+02  -3.8137667E-21
   4.2184559E+02  -2.9970914E-21
   4.2217933E+02  -1.7047421E-21
   4.2251307E+02  -3.0338757E-23
   4.2284681E+02   1.8699163E-21
   4.2318054E+02   3.7876386E-21
   4.2351428E+02   5.4811504E-21
   4.2384802E+02   6.7017523E-21
   4.2418176E+02   7.2251642E-21
   4.2451550E+02   6.8847777E-21
   4.2484924E+02   5.6025989E-21
   4.2518298E+02   3.4133366E-21
   4.2551671E+02   4.7725100E-22
   4.2585045E+02  -2.9218144E-21
   4.2618419E+02  -6.3953966E-21
   4.2651793E+02  -9.4865726E-21
   4.2685167E+02  -1.1721148E-20
   4.2718541E+02  -1.2669348E-20
   4.2751915E+02  -1.2011205E-20
   4.2785288E+02  -9.5972330E-21
   4.2818662E+02  -5.4953211E-21
   4.2852036E+02  -1.5146584E-23
   4.2885410E+02   6.2968292E-21
   4.2918784E+02   1.2695717E-20
   4.2952158E+02   1.8309890E-20
   4.2985532E+02   2.2241300E-20
   4.3018905E+02   2.3685092E-20
   4.3052279E+02   2.2054950E-20
   4.3085653E+02   1.7097836E-20
   4.3119027E+02   8.9806434E-21
   4.3152401E+02  -1.6674852E-21
   4.3185775E+02  -1.3769748E-20
   4.3219149E+02  -2.5879972E-20
   4.3252522E+02  -3.6323468E-20
   4.3285896E+02  -4.3390825E-20
   4.3319270E+02  -4.5566062E-20
   4.3352644E+02  -4.1763457E-20
   4.3386018E+02  -3.1542025E-20
   4.3419392E+02  -1.5265470E-20
   4.3452766E+02   5.8221035E-21
   4.3486140E+02   2.9627286E-20
   4.3519513E+02   5.3356713E-20
   4.3552887E+02   7.3781900E-20
   4.3586261E+02   8.7601173E-20
   4.3619635E+02   9.1864798E-20
   4.3653009E+02   8.4416644E-20
   4.3686383E+02   6.4297033E-20
   4.3719757E+02   3.2049481E-20
   4.3753130E+02  -1.0121304E-20
   4.3786504E+02  -5.8380327E-20
   4.3819878E+02  -1.0750330E-19
   4.3853252E+02  -1.5132482E-19
   4.3886626E+02  -1.8336418E-19
   4.3920000E+02  -1.9757390E-19
   4.3953374E+02  -1.8913412E-19
   4.3986747E+02  -1.5520085E-19
   4.4020121E+02  -9.5512729E-20
   4.4053495E+02  -1.2766184E-20
   4.4086869E+02   8.7312054E-20
   4.4120243E+02   1.9623821E-19
   4.4153617E+02   3.0339674E-19
   4.4186991E+02   3.9698466E-19
   4.4220364E+02   4.6520059E-19
   4.4253738E+02   4.9757137E-19
   4.4287112E+02   4.8628165E-19
   4.4320486E+02   4.2736152E-19
   4.4353860E+02   3.2158880E-19
   4.4387234E+02   1.7498176E-19
   4.4420608E+02  -1.2082007E-21
   4.4453981E+02  -1.9105086E-19
   4.4487355E+02  -3.7503304E-19
   4.4520729E+02  -5.3163668E-19
   4.4554103E+02  -6.3928995E-19
   4.4587477E+02  -6.7853486E-19
   4.4620851E+02  -6.3422238E-19
   4.4654225E+02  -4.9752577E-19
   4.4687598E+02  -2.6755085E-19
   4.4720972E+02   4.7658573E-20
   4.4754346E+02   4.3089971E-19
   4.4787720E+02   8.5649088E-19
   4.4821094E+02   1.2918979E-18
   4.4854468E+02   1.7002542E-18
   4.4887842E+02   2.0436107E-18
   4.4921215E+02   2.2866461E-18
   4.4954589E+02   2.4004736E-18
   4.4987963E+02   2.3661121E-18
   4.5021337E+02   2.1771510E-18
   4.5054711E+02   1.8411787E-18
   4.5088085E+02   1.3795865E-18
   4.5121459E+02   8.2550935E-19
   4.5154832E+02   2.1983783E-19
   4.5188206E+02  -3.9454923E-19
   4.5221580E+02  -9.7993761E-19
   4.5254954E+02  -1.5117222E-18
   4.5288328E+02  -1.9863874E-18
   4.5321702E+02  -2.4286997E-18
   4.5355076E+02  -2.8973746E-18
   4.5388450E+02  -3.4886318E-18
   4.5421823E+02  -4.3373828E-18
   4.5455197E+02  -5.6161543E-18
   4.5488571E+02  -7.5322198E-18
   4.5521945E+02  -1.0323678E-17
   4.5555319E+02  -1.4255414E-17
   4.5588693E+02  -1.9615874E-17
   4.5622067E+02  -2.6715490E-17
   4.5655440E+02  -3.5887535E-17
   4.5688814E+02  -4.7492092E-17
   4.5722188E+02  -6.1923336E-17
   4.5755562E+02  -7.9620892E-17
   4.5788936E+02  -1.0108496E-16
   4.5822310E+02  -1.2689627E-16
   4.5855684E+02  -1.5773924E-16
   4.5889057E+02  -1.9442904E-16
   4.5922431E+02  -2.3794050E-16
   4.5955805E+02  -2.8943711E-16
   4.5989179E+02  -3.5029860E-16
   4.6022553E+02  -4.2214248E-16
   4.6055927E+02  -5.0683916E-16
   4.6089301E+02  -6.0651715E-16
   4.6122674E+02  -7.2355894E-16
   4.6156048E+02  -8.6058823E-16
   4.6189422E+02  -1.0204473E-15
   4.6222796E+02  -1.2061705E-15
   4.6256170E+02  -1.4209481E-15
   4.6289544E+02  -1.6680844E-15
   4.6322918E+02  -1.9509350E-15
   4.6356291E+02  -2.2728194E-15
   4.6389665E+02  -2.6368926E-15
   4.6423039E+02  -3.0459546E-15
   4.6456413E+02  -3.5021966E-15
   4.6489787E+02  -4.0068529E-15
   4.6523161E+02  -4.5597681E-15
   4.6556535E+02  -5.1588406E-15
   4.6589908E+02  -5.7993458E-15
   4.6623282E+02  -6.4730639E-15
   4.6656656E+02  -7.1672294E-15
   4.6690030E+02  -7.8631678E-15
   4.6723404E+02  -8.5346227E-15
   4.6756778E+02  -9.1456655E-15
   4.6790152E+02  -9.6481805E-15
   4.6823525E+02  -9.9787410E-15
   4.6856899E+02  -1.0054866E-14
   4.6890273E+02  -9.7704937E-15
   4.6923647E+02  -8.9904882E-15
   4.6957021E+02  -7.5440159E-15
   4.6990395E+02  -5.2164905E-15
   4.7023769E+02  -1.7398802E-15
   4.7057142E+02   3.2189251E-15
   4.7090516E+02   1.0072099E-14
   4.7123890E+02   1.9327686E-14
   4.7157264E+02   3.1609362E-14
   4.7190638E+02   4.7680216E-14
   4.7224012E+02   6.8470200E-14
   4.7257386E+02   9.5108539E-14
   4.7290760E+02   1.2896197E-13
   4.7324133E+02   1.7167904E-13
   4.7357507E+02   2.2524154E-13
   4.7390881E+02   2.9202611E-13
   4.7424255E+02   3.7487542E-13
   4.7457629E+02   4.7718079E-13
   4.7491003E+02   6.0298088E-13
   4.7524377E+02   7.5707284E-13
   4.7557750E+02   9.4514349E-13
   4.7591124E+02   1.1739213E-12
   4.7624498E+02   1.4513486E-12
   4.7657872E+02   1.7867847E-12
   4.7691246E+02   2.1912344E-12
   4.7724620E+02   2.6776127E-12
   4.7757994E+02   3.2610538E-12
   4.7791367E+02   3.9592509E-12
   4.7824741E+02   4.7928571E-12
   4.7858115E+02   5.7859464E-12
   4.7891489E+02   6.9665072E-12
   4.7924863E+02   8.3670640E-12
   4.7958237E+02   1.0025298E-11
   4.7991611E+02   1.1984845E-11
   4.8024984E+02   1.4296109E-11
   4.8058358E+02   1.7017250E-11
   4.8091732E+02   2.0215201E-11
   4.8125106E+02   2.3966960E-11
   4.8158480E+02   2.8360873E-11
   4.8191854E+02   3.3498197E-11
   4.8225228E+02   3.9494810E-11
   4.8258601E+02   4.6483019E-11
   4.8291975E+02   5.4613765E-11
   4.8325349E+02   6.4058966E-11
   4.8358723E+02   7.5014023E-11
   4.8392097E+02   8.7700763E-11
   4.8425471E+02   1.0237043E-10
   4.8458845E+02   1.1930736E-10
   4.8492218E+02   1.3883278E-10
   4.8525592E+02   1.6130877E-10
   4.8558966E+02   1.8714297E-10
   4.8592340E+02   2.1679353E-10
   4.8625714E+02   2.5077457E-10
   4.8659088E+02   2.8966191E-10
   4.8692462E+02   3.3409986E-10
   4.8725835E+02   3.8480719E-10
   4.8759209E+02   4.4258525E-10
   4.8792583E+02   5.0832599E-10
   4.8825957E+02   5.8301952E-10
   4.8859331E+02   6.6776362E-10
   4.8892705E+02   7.6377393E-10
   4.8926079E+02   8.7239221E-10
   4.8959452E+02   9.9509845E-10
   4.8992826E+02   1.1335215E-09
   4.9026200E+02   1.2894512E-09
   4.9059574E+02   1.4648491E-09
   4.9092948E+02   1.6618626E-09
   4.9126322E+02   1.8828381E-09
   4.9159696E+02   2.1303319E-09
   4.9193069E+02   2.4071252E-09
   4.9226443E+02   2.7162377E-09
   4.9259817E+02   3.0609388E-09
   4.9293191E+02   3.4447678E-09
   4.9326565E+02   3.8715364E-09
   4.9359939E+02   4.3453454E-09
   4.9393313E+02   4.8706039E-09
   4.9426687E+02   5.4520313E-09
   4.9460060E+02   6.0946679E-09
   4.9493434E+02   6.8038810E-09
   4.9526808E+02   7.5853919E-09
   4.9560182E+02   8.4452463E-09
   4.9593556E+02   9.3898516E-09
   4.9626930E+02   1.0425957E-08
   4.9660304E+02   1.1560649E-08
   4.9693677E+02   1.2801364E-08
   4.9727051E+02   1.4155857E-08
   4.9760425E+02   1.5632200E-08
   4.9793799E+02   1.7238758E-08
   4.9827173E+02   1.8984180E-08
   4.9860547E+02   2.0877348E-08
   4.9893921E+02   2.2927356E-08
   4.9927294E+02   2.5143477E-08
   4.9960668E+02   2.7535105E-08
   4.9994042E+02   3.0111707E-08
   5.0027416E+02   3.2882760E-08
   5.0060790E+02   3.5857681E-08
   5.0094164E+02   3.9045737E-08
   5.0127538E+02   4.2456023E-08
   5.0160911E+02   4.6097277E-08
   5.0194285E+02   4.9977878E-08
   5.0227659E+02   5.4105644E-08
   5.0261033E+02   5.8487792E-08
   5.0294407E+02   6.3130756E-08
   5.0327781E+02   6.8040094E-08
   5.0361155E+02   7.3220363E-08
   5.0394528E+02   7.8674951E-08
   5.0427902E+02   8.4405812E-08
   5.0461276E+02   9.0413565E-08
   5.0494650E+02   9.6697100E-08
   5.0528024E+02   1.0325349E-07
   5.0561398E+02   1.1007786E-07
   5.0594772E+02   1.1716310E-07
   5.0628145E+02   1.2449983E-07
   5.0661519E+02   1.3207625E-07
   5.0694893E+02   1.3987773E-07
   5.0728267E+02   1.4788691E-07
   5.0761641E+02   1.5608337E-07
   5.0795015E+02   1.6444356E-07
   5.0828389E+02   1.7294076E-07
   5.0861762E+02   1.8154469E-07
   5.0895136E+02   1.9022153E-07
   5.0928510E+02   1.9893402E-07
   5.0961884E+02   2.0764105E-07
   5.0995258E+02   2.1629782E-07
   5.1028632E+02   2.2485568E-07
   5.1062006E+02   2.3326234E-07
   5.1095379E+02   2.4146132E-07
   5.1128753E+02   2.4939305E-07
   5.1162127E+02   2.5699381E-07
   5.1195501E+02   2.6419653E-07
   5.1228875E+02   2.7093091E-07
   5.1262249E+02   2.7712315E-07
   5.1295623E+02   2.8269659E-07
   5.1328997E+02   2.8757205E-07
   5.1362370E+02   2.9166767E-07
   5.1395744E+02   2.9489951E-07
   5.1429118E+02   2.9718217E-07
   5.1462492E+02   2.9842880E-07
   5.1495866E+02   2.9855173E-07
   5.1529240E+02   2.9746300E-07
   5.1562614E+02   2.9507495E-07
   5.1595987E+02   2.9130038E-07
   5.1629361E+02   2.8605373E-07
   5.1662735E+02   2.7925131E-07
   5.1696109E+02   2.7081177E-07
   5.1729483E+02   2.6065774E-07
   5.1762857E+02   2.4871491E-07
   5.1796231E+02   2.3491441E-07
   5.1829604E+02   2.1919246E-07
   5.1862978E+02   2.0149108E-07
   5.1896352E+02   1.8175936E-07
   5.1929726E+02   1.5995376E-07
   5.1963100E+02   1.3603891E-07
   5.1996474E+02   1.0998827E-07
   5.2029848E+02   8.1784847E-08
   5.2063221E+02   5.1421431E-08
   5.2096595E+02   1.8901886E-08
   5.2129969E+02  -1.5759026E-08
   5.2163343E+02  -5.2535054E-08
   5.2196717E+02  -9.1387669E-08
   5.2230091E+02  -1.3226598E-07
   5.2263465E+02  -1.7510659E-07
   5.2296838E+02  -2.1983301E-07
   5.2330212E+02  -2.6635595E-07
   5.2363586E+02  -3.1457265E-07
   5.2396960E+02  -3.6436762E-07
   5.2430334E+02  -4.1561236E-07
   5.2463708E+02  -4.6816569E-07
   5.2497082E+02  -5.2187386E-07
   5.2530455E+02  -5.7657110E-07
   5.2563829E+02  -6.3208017E-07
   5.2597203E+02  -6.8821282E-07
   5.2630577E+02  -7.4477094E-07
   5.2663951E+02  -8.0154592E-07
   5.2697325E+02  -8.5832170E-07
   5.2730699E+02  -9.1487317E-07
   5.2764072E+02  -9.7096984E-07
   5.2797446E+02  -1.0263748E-06
   5.2830820E+02  -1.0808463E-06
   5.2864194E+02  -1.1341414E-06
   5.2897568E+02  -1.1860129E-06
   5.2930942E+02  -1.2362140E-06
   5.2964316E+02  -1.2844987E-06
   5.2997689E+02  -1.3306228E-06
   5.3031063E+02  -1.3743468E-06
   5.3064437E+02  -1.4154347E-06
   5.3097811E+02  -1.4536583E-06
   5.3131185E+02  -1.4887960E-06
   5.3164559E+02  -1.5206377E-06
   5.3197933E+02  -1.5489807E-06
   5.3231306E+02  -1.5736376E-06
   5.3264680E+02  -1.5944327E-06
   5.3298054E+02  -1.6112056E-06
   5.3331428E+02  -1.6238099E-06
   5.3364802E+02  -1.6321185E-06
   5.3398176E+02  -1.6360209E-06
   5.3431550E+02  -1.6354252E-06
   5.3464924E+02  -1.6302596E-06
   5.3498297E+02  -1.6204721E-06
   5.3531671E+02  -1.6060319E-06
   5.3565045E+02  -1.5869289E-06
   5.3598419E+02  -1.5631753E-06
   5.3631793E+02  -1.5348046E-06
   5.3665167E+02  -1.5018722E-06
   5.3698541E+02  -1.4644561E-06
   5.3731914E+02  -1.4226545E-06
   5.3765288E+02  -1.3765881E-06
   5.3798662E+02  -1.3263983E-06
   5.3832036E+02  -1.2722451E-06
   5.3865410E+02  -1.2143101E-06
   5.3898784E+02  -1.1527924E-06
   5.3932158E+02  -1.0879080E-06
   5.3965531E+02  -1.0198912E-06
   5.3998905E+02  -9.4899042E-07
   5.4032279E+02  -8.7546823E-07
   5.4065653E+02  -7.9960046E-07
   5.4099027E+02  -7.2167370E-07
   5.4132401E+02  -6.4198468E-07
   5.4165775E+02  -5.6083798E-07
   5.4199148E+02  -4.7854445E-07
   5.4232522E+02  -3.9542030E-07
   5.4265896E+02  -3.1178442E-07
   5.4299270E+02  -2.2795727E-07
   5.4332644E+02  -1.4425893E-07
   5.4366018E+02  -6.1007313E-08
   5.4399392E+02   2.1483089E-08
   5.4432765E+02   1.0290329E-07
   5.4466139E+02   1.8295127E-07
   5.4499513E+02   2.6133353E-07
   5.4532887E+02   3.3776644E-07
   5.4566261E+02   4.1197796E-07
   5.4599635E+02   4.8370879E-07
   5.4633009E+02   5.5271408E-07
   5.4666382E+02   6.1876369E-07
   5.4699756E+02   6.8164434E-07
   5.4733130E+02   7.4115962E-07
   5.4766504E+02   7.9713163E-07
   5.4799878E+02   8.4940024E-07
   5.4833252E+02   8.9782640E-07
   5.4866626E+02   9.4228938E-07
   5.4899999E+02   9.8268924E-07
   5.4933373E+02   1.0189467E-06
   5.4966747E+02   1.0510025E-06
   5.5000121E+02   1.0788193E-06
   5.5033495E+02   1.1023782E-06
   5.5066869E+02   1.1216817E-06
   5.5100243E+02   1.1367528E-06
   5.5133616E+02   1.1476318E-06
   5.5166990E+02   1.1543796E-06
   5.5200364E+02   1.1570739E-06
   5.5233738E+02   1.1558100E-06
   5.5267112E+02   1.1506989E-06
   5.5300486E+02   1.1418682E-06
   5.5333860E+02   1.1294582E-06
   5.5367234E+02   1.1136233E-06
   5.5400607E+02   1.0945298E-06
   5.5433981E+02   1.0723553E-06
   5.5467355E+02   1.0472866E-06
   5.5500729E+02   1.0195193E-06
   5.5534103E+02   9.8925636E-07
   5.5567477E+02   9.5670634E-07
   5.5600851E+02   9.2208228E-07
   5.5634224E+02   8.8560120E-07
   5.5667598E+02   8.4748143E-07
   5.5700972E+02   8.0794229E-07
   5.5734346E+02   7.6720266E-07
   5.5767720E+02   7.2547954E-07
   5.5801094E+02   6.8298806E-07
   5.5834468E+02   6.3993855E-07
   5.5867841E+02   5.9653695E-07
   5.5901215E+02   5.5298341E-07
   5.5934589E+02   5.0947159E-07
   5.5967963E+02   4.6618703E-07
   5.6001337E+02   4.2330714E-07
   5.6034711E+02   3.8099992E-07
   5.6068085E+02   3.3942354E-07
   5.6101458E+02   2.9872612E-07
   5.6134832E+02   2.5904458E-07
   5.6168206E+02   2.2050509E-07
   5.6201580E+02   1.8322200E-07
   5.6234954E+02   1.4729846E-07
   5.6268328E+02   1.1282535E-07
   5.6301702E+02   7.9882071E-08
   5.6335075E+02   4.8536030E-08
   5.6368449E+02   1.8842812E-08
   5.6401823E+02  -9.1538155E-09
   5.6435197E+02  -3.5421579E-08
   5.6468571E+02  -5.9939481E-08
   5.6501945E+02  -8.2697575E-08
   5.6535319E+02  -1.0369640E-07
   5.6568692E+02  -1.2294666E-07
   5.6602066E+02  -1.4046852E-07
   5.6635440E+02  -1.5629105E-07
   5.6668814E+02  -1.7045171E-07
   5.6702188E+02  -1.8299572E-07
   5.6735562E+02  -1.9397530E-07
   5.6768936E+02  -2.0344923E-07
   5.6802309E+02  -2.1148206E-07
   5.6835683E+02  -2.1814358E-07
   5.6869057E+02  -2.2350800E-07
   5.6902431E+02  -2.2765329E-07
   5.6935805E+02  -2.3066045E-07
   5.6969179E+02  -2.3261273E-07
   5.7002553E+02  -2.3359506E-07
   5.7035926E+02  -2.3369313E-07
   5.7069300E+02  -2.3299270E-07
   5.7102674E+02  -2.3157921E-07
   5.7136048E+02  -2.2953699E-07
   5.7169422E+02  -2.2694880E-07
   5.7202796E+02  -2.2389531E-07
   5.7236170E+02  -2.2045464E-07
   5.7269543E+02  -2.1670202E-07
   5.7302917E+02  -2.1270918E-07
   5.7336291E+02  -2.0854402E-07
   5.7369665E+02  -2.0427038E-07
   5.7403039E+02  -1.9994755E-07
   5.7436413E+02  -1.9563004E-07
   5.7469787E+02  -1.9136729E-07
   5.7503161E+02  -1.8720351E-07
   5.7536534E+02  -1.8317782E-07
   5.7569908E+02  -1.7932381E-07
   5.7603282E+02  -1.7566990E-07
   5.7636656E+02  -1.7223937E-07
   5.7670030E+02  -1.6905040E-07
   5.7703404E+02  -1.6611624E-07
   5.7736778E+02  -1.6344529E-07
   5.7770151E+02  -1.6104140E-07
   5.7803525E+02  -1.5890387E-07
   5.7836899E+02  -1.5702786E-07
   5.7870273E+02  -1.5540439E-07
   5.7903647E+02  -1.5402094E-07
   5.7937021E+02  -1.5286138E-07
   5.7970395E+02  -1.5190663E-07
   5.8003768E+02  -1.5113494E-07
   5.8037142E+02  -1.5052233E-07
   5.8070516E+02  -1.5004289E-07
   5.8103890E+02  -1.4966930E-07
   5.8137264E+02  -1.4937316E-07
   5.8170638E+02  -1.4912527E-07
   5.8204012E+02  -1.4889608E-07
   5.8237385E+02  -1.4865589E-07
   5.8270759E+02  -1.4837515E-07
   5.8304133E+02  -1.4802491E-07
   5.8337507E+02  -1.4757696E-07
   5.8370881E+02  -1.4700422E-07
   5.8404255E+02  -1.4628104E-07
   5.8437629E+02  -1.4538345E-07
   5.8471002E+02  -1.4428952E-07
   5.8504376E+02  -1.4297950E-07
   5.8537750E+02  -1.4143609E-07
   5.8571124E+02  -1.3964444E-07
   5.8604498E+02  -1.3759245E-07
   5.8637872E+02  -1.3527060E-07
   5.8671246E+02  -1.3267210E-07
   5.8704619E+02  -1.2979294E-07
   5.8737993E+02  -1.2663178E-07
   5.8771367E+02  -1.2318999E-07
   5.8804741E+02  -1.1947166E-07
   5.8838115E+02  -1.1548366E-07
   5.8871489E+02  -1.1123554E-07
   5.8904863E+02  -1.0673947E-07
   5.8938236E+02  -1.0201028E-07
   5.8971610E+02  -9.7065183E-08
   5.9004984E+02  -9.1923724E-08
   5.9038358E+02  -8.6607500E-08
   5.9071732E+02  -8.1139952E-08
   5.9105106E+02  -7.5546204E-08
   5.9138480E+02  -6.9852767E-08
   5.9171853E+02  -6.4087374E-08
   5.9205227E+02  -5.8278779E-08
   5.9238601E+02  -5.2456741E-08
   5.9271975E+02  -4.6651685E-08
   5.9305349E+02  -4.0894591E-08
   5.9338723E+02  -3.5216857E-08
   5.9372097E+02  -2.9650110E-08
   5.9405471E+02  -2.4225983E-08
   5.9438844E+02  -1.8975726E-08
   5.9472218E+02  -1.3930077E-08
   5.9505592E+02  -9.1190913E-09
   5.9538966E+02  -4.5718451E-09
   5.9572340E+02  -3.1616310E-10
   5.9605714E+02   3.6213521E-09
   5.9639088E+02   7.2155899E-09
   5.9672461E+02   1.0442875E-08
   5.9705835E+02   1.3281266E-08
   5.9739209E+02   1.5710498E-08
   5.9772583E+02   1.7712125E-08
   5.9805957E+02   1.9269820E-08
   5.9839331E+02   2.0369143E-08
   5.9872705E+02   2.0998115E-08
   5.9906078E+02   2.1147073E-08
   5.9939452E+02   2.0808955E-08
   5.9972826E+02   1.9979183E-08
   6.0006200E+02   1.8655840E-08
   6.0039574E+02   1.6839735E-08
   6.0072948E+02   1.4534095E-08
   6.0106322E+02   1.1744802E-08
   6.0139695E+02   8.4802423E-09
   6.0173069E+02   4.7512430E-09
   6.0206443E+02   5.7103478E-10
   6.0239817E+02  -4.0445656E-09
   6.0273191E+02  -9.0774108E-09
   6.0306565E+02  -1.4506853E-08
   6.0339939E+02  -2.0309784E-08
   6.0373312E+02  -2.6460683E-08
   6.0406686E+02  -3.2931773E-08
   6.0440060E+02  -3.9693113E-08
   6.0473434E+02  -4.6712749E-08
   6.0506808E+02  -5.3956935E-08
   6.0540182E+02  -6.1390267E-08
   6.0573556E+02  -6.8975908E-08
   6.0606929E+02  -7.6675683E-08
   6.0640303E+02  -8.4450271E-08
   6.0673677E+02  -9.2259285E-08
   6.0707051E+02  -1.0006145E-07
   6.0740425E+02  -1.0781462E-07
   6.0773799E+02  -1.1547614E-07
   6.0807173E+02  -1.2300296E-07
   6.0840546E+02  -1.3035196E-07
   6.0873920E+02  -1.3747987E-07
   6.0907294E+02  -1.4434407E-07
   6.0940668E+02  -1.5090237E-07
   6.0974042E+02  -1.5711338E-07
   6.1007416E+02  -1.6293680E-07
   6.1040790E+02  -1.6833357E-07
   6.1074163E+02  -1.7326585E-07
   6.1107537E+02  -1.7769747E-07
   6.1140911E+02  -1.8159395E-07
   6.1174285E+02  -1.8492247E-07
   6.1207659E+02  -1.8765226E-07
   6.1241033E+02  -1.8975503E-07
   6.1274407E+02  -1.9120476E-07
   6.1307781E+02  -1.9197779E-07
   6.1341154E+02  -1.9205373E-07
   6.1374528E+02  -1.9141480E-07
   6.1407902E+02  -1.9004646E-07
   6.1441276E+02  -1.8793769E-07
   6.1474650E+02  -1.8508020E-07
   6.1508024E+02  -1.8146899E-07
   6.1541398E+02  -1.7710281E-07
   6.1574771E+02  -1.7198337E-07
   6.1608145E+02  -1.6611556E-07
   6.1641519E+02  -1.5950789E-07
   6.1674893E+02  -1.5217175E-07
   6.1708267E+02  -1.4412241E-07
   6.1741641E+02  -1.3537783E-07
   6.1775015E+02  -1.2595964E-07
   6.1808388E+02  -1.1589234E-07
   6.1841762E+02  -1.0520371E-07
   6.1875136E+02  -9.3924371E-08
   6.1908510E+02  -8.2087382E-08
   6.1941884E+02  -6.9728863E-08
   6.1975258E+02  -5.6886869E-08
   6.2008632E+02  -4.3601922E-08
   6.2042005E+02  -2.9916436E-08
   6.2075379E+02  -1.5874736E-08
   6.2108753E+02  -1.5227304E-09
   6.2142127E+02   1.3092071E-08
   6.2175501E+02   2.7920919E-08
   6.2208875E+02   4.2913960E-08
   6.2242249E+02   5.8020511E-08
   6.2275622E+02   7.3189184E-08
   6.2308996E+02   8.8368196E-08
   6.2342370E+02   1.0350558E-07
   6.2375744E+02   1.1854938E-07
   6.2409118E+02   1.3344797E-07
   6.2442492E+02   1.4815004E-07
   6.2475866E+02   1.6260492E-07
   6.2509239E+02   1.7676246E-07
   6.2542613E+02   1.9057359E-07
   6.2575987E+02   2.0398987E-07
   6.2609361E+02   2.1696391E-07
   6.2642735E+02   2.2944934E-07
   6.2676109E+02   2.4140087E-07
   6.2709483E+02   2.5277427E-07
   6.2742856E+02   2.6352669E-07
   6.2776230E+02   2.7361625E-07
   6.2809604E+02   2.8300263E-07
   6.2842978E+02   2.9164642E-07
   6.2876352E+02   2.9950971E-07
   6.2909726E+02   3.0655562E-07
   6.2943100E+02   3.1274823E-07
   6.2976473E+02   3.1805303E-07
   6.3009847E+02   3.2243599E-07
   6.3043221E+02   3.2586422E-07
   6.3076595E+02   3.2830562E-07
   6.3109969E+02   3.2972861E-07
   6.3143343E+02   3.3010241E-07
   6.3176717E+02   3.2939678E-07
   6.3210090E+02   3.2758226E-07
   6.3243464E+02   3.2462984E-07
   6.3276838E+02   3.2051119E-07
   6.3310212E+02   3.1519832E-07
   6.3343586E+02   3.0866431E-07
   6.3376960E+02   3.0088248E-07
   6.3410334E+02   2.9182706E-07
   6.3443708E+02   2.8147315E-07
   6.3477081E+02   2.6979663E-07
   6.3510455E+02   2.5677485E-07
   6.3543829E+02   2.4238577E-07
   6.3577203E+02   2.2660957E-07
   6.3610577E+02   2.0942797E-07
   6.3643951E+02   1.9082464E-07
   6.3677325E+02   1.7078575E-07
   6.3710698E+02   1.4930015E-07
   6.3744072E+02   1.2635992E-07
   6.3777446E+02   1.0196010E-07
   6.3810820E+02   7.6099838E-08
   6.3844194E+02   4.8782333E-08
   6.3877568E+02   2.0015186E-08
   6.3910942E+02  -1.0189133E-08
   6.3944315E+02  -4.1813124E-08
   6.3977689E+02  -7.4833551E-08
   6.4011063E+02  -1.0922087E-07
   6.4044437E+02  -1.4493962E-07
   6.4077811E+02  -1.8194706E-07
   6.4111185E+02  -2.2019407E-07
   6.4144559E+02  -2.5962362E-07
   6.4177932E+02  -3.0017154E-07
   6.4211306E+02  -3.4176588E-07
   6.4244680E+02  -3.8432677E-07
   6.4278054E+02  -4.2776685E-07
   6.4311428E+02  -4.7199069E-07
   6.4344802E+02  -5.1689528E-07
   6.4378176E+02  -5.6236968E-07
   6.4411549E+02  -6.0829564E-07
   6.4444923E+02  -6.5454753E-07
   6.4478297E+02  -7.0099236E-07
   6.4511671E+02  -7.4749084E-07
   6.4545045E+02  -7.9389741E-07
   6.4578419E+02  -8.4006035E-07
   6.4611793E+02  -8.8582317E-07
   6.4645166E+02  -9.3102477E-07
   6.4678540E+02  -9.7550026E-07
   6.4711914E+02  -1.0190817E-06
   6.4745288E+02  -1.0615992E-06
   6.4778662E+02  -1.1028812E-06
   6.4812036E+02  -1.1427560E-06
   6.4845410E+02  -1.1810521E-06
   6.4878783E+02  -1.2175997E-06
   6.4912157E+02  -1.2522308E-06
   6.4945531E+02  -1.2847818E-06
   6.4978905E+02  -1.3150925E-06
   6.5012279E+02  -1.3430083E-06
   6.5045653E+02  -1.3683820E-06
   6.5079027E+02  -1.3910724E-06
   6.5112400E+02  -1.4109487E-06
   6.5145774E+02  -1.4278874E-06
   6.5179148E+02  -1.4417769E-06
   6.5212522E+02  -1.4525159E-06
   6.5245896E+02  -1.4600155E-06
   6.5279270E+02  -1.4641985E-06
   6.5312644E+02  -1.4650020E-06
   6.5346018E+02  -1.4623761E-06
   6.5379391E+02  -1.4562852E-06
   6.5412765E+02  -1.4467091E-06
   6.5446139E+02  -1.4336420E-06
   6.5479513E+02  -1.4170934E-06
   6.5512887E+02  -1.3970887E-06
   6.5546261E+02  -1.3736693E-06
   6.5579635E+02  -1.3468907E-06
   6.5613008E+02  -1.3168246E-06
   6.5646382E+02  -1.2835580E-06
   6.5679756E+02  -1.2471920E-06
   6.5713130E+02  -1.2078422E-06
   6.5746504E+02  -1.1656372E-06
   6.5779878E+02  -1.1207197E-06
   6.5813252E+02  -1.0732444E-06
   6.5846625E+02  -1.0233778E-06
   6.5879999E+02  -9.7129646E-07
   6.5913373E+02  -9.1718755E-07
   6.5946747E+02  -8.6124641E-07
   6.5980121E+02  -8.0367687E-07
   6.6013495E+02  -7.4468852E-07
