  -7.8094826E+01   0.0000000E+00
  -7.7761087E+01   0.0000000E+00
  -7.7427349E+01   0.0000000E+00
  -7.7093610E+01   0.0000000E+00
  -7.6759871E+01   0.0000000E+00
  -7.6426133E+01   0.0000000E+00
  -7.6092394E+01   0.0000000E+00
  -7.5758656E+01   0.0000000E+00
  -7.5424917E+01   0.0000000E+00
  -7.5091178E+01   0.0000000E+00
  -7.4757440E+01   0.0000000E+00
  -7.4423701E+01   0.0000000E+00
  -7.4089963E+01   0.0000000E+00
  -7.3756224E+01   0.0000000E+00
  -7.3422485E+01   0.0000000E+00
  -7.3088747E+01   0.0000000E+00
  -7.2755008E+01   0.0000000E+00
  -7.2421270E+01   0.0000000E+00
  -7.2087531E+01   0.0000000E+00
  -7.1753792E+01   0.0000000E+00
  -7.1420054E+01   0.0000000E+00
  -7.1086315E+01   0.0000000E+00
  -7.0752577E+01   0.0000000E+00
  -7.0418838E+01   0.0000000E+00
  -7.0085099E+01   0.0000000E+00
  -6.9751361E+01   0.0000000E+00
  -6.9417622E+01   0.0000000E+00
  -6.9083884E+01   0.0000000E+00
  -6.8750145E+01   0.0000000E+00
  -6.8416406E+01   0.0000000E+00
  -6.8082668E+01   0.0000000E+00
  -6.7748929E+01   0.0000000E+00
  -6.7415191E+01   0.0000000E+00
  -6.7081452E+01   0.0000000E+00
  -6.6747714E+01   0.0000000E+00
  -6.6413975E+01   0.0000000E+00
  -6.6080236E+01   0.0000000E+00
  -6.5746498E+01   0.0000000E+00
  -6.5412759E+01   0.0000000E+00
  -6.5079021E+01   0.0000000E+00
  -6.4745282E+01   0.0000000E+00
  -6.4411543E+01   0.0000000E+00
  -6.4077805E+01   0.0000000E+00
  -6.3744066E+01   0.0000000E+00
  -6.3410328E+01   0.0000000E+00
  -6.3076589E+01   0.0000000E+00
  -6.2742850E+01   0.0000000E+00
  -6.2409112E+01   0.0000000E+00
  -6.2075373E+01   0.0000000E+00
  -6.1741635E+01   0.0000000E+00
  -6.1407896E+01   0.0000000E+00
  -6.1074157E+01   0.0000000E+00
  -6.0740419E+01   0.0000000E+00
  -6.0406680E+01   0.0000000E+00
  -6.0072942E+01   0.0000000E+00
  -5.9739203E+01   0.0000000E+00
  -5.9405464E+01   0.0000000E+00
  -5.9071726E+01   0.0000000E+00
  -5.8737987E+01   0.0000000E+00
  -5.8404249E+01   0.0000000E+00
  -5.8070510E+01   0.0000000E+00
  -5.7736771E+01   0.0000000E+00
  -5.7403033E+01   0.0000000E+00
  -5.7069294E+01   0.0000000E+00
  -5.6735556E+01   0.0000000E+00
  -5.6401817E+01   0.0000000E+00
  -5.6068078E+01   0.0000000E+00
  -5.5734340E+01   0.0000000E+00
  -5.5400601E+01   0.0000000E+00
  -5.5066863E+01   0.0000000E+00
  -5.4733124E+01   0.0000000E+00
  -5.4399385E+01   0.0000000E+00
  -5.4065647E+01   0.0000000E+00
  -5.3731908E+01   0.0000000E+00
  -5.3398170E+01   0.0000000E+00
  -5.3064431E+01   0.0000000E+00
  -5.2730693E+01   0.0000000E+00
  -5.2396954E+01   0.0000000E+00
  -5.2063215E+01   0.0000000E+00
  -5.1729477E+01   0.0000000E+00
  -5.1395738E+01   0.0000000E+00
  -5.1062000E+01   0.0000000E+00
  -5.0728261E+01   0.0000000E+00
  -5.0394522E+01   0.0000000E+00
  -5.0060784E+01   0.0000000E+00
  -4.9727045E+01   0.0000000E+00
  -4.9393307E+01   0.0000000E+00
  -4.9059568E+01   0.0000000E+00
  -4.8725829E+01   0.0000000E+00
  -4.8392091E+01   0.0000000E+00
  -4.8058352E+01   0.0000000E+00
  -4.7724614E+01   0.0000000E+00
  -4.7390875E+01   0.0000000E+00
  -4.7057136E+01   0.0000000E+00
  -4.6723398E+01   0.0000000E+00
  -4.6389659E+01   0.0000000E+00
  -4.6055921E+01   0.0000000E+00
  -4.5722182E+01   0.0000000E+00
  -4.5388443E+01   0.0000000E+00
  -4.5054705E+01   0.0000000E+00
  -4.4720966E+01   0.0000000E+00
  -4.4387228E+01   0.0000000E+00
  -4.4053489E+01   0.0000000E+00
  -4.3719750E+01   0.0000000E+00
  -4.3386012E+01   0.0000000E+00
  -4.3052273E+01   0.0000000E+00
  -4.2718535E+01   0.0000000E+00
  -4.2384796E+01   0.0000000E+00
  -4.2051057E+01   0.0000000E+00
  -4.1717319E+01   0.0000000E+00
  -4.1383580E+01   0.0000000E+00
  -4.1049842E+01   0.0000000E+00
  -4.0716103E+01   0.0000000E+00
  -4.0382364E+01   0.0000000E+00
  -4.0048626E+01   0.0000000E+00
  -3.9714887E+01   0.0000000E+00
  -3.9381149E+01   0.0000000E+00
  -3.9047410E+01   0.0000000E+00
  -3.8713672E+01   0.0000000E+00
  -3.8379933E+01   0.0000000E+00
  -3.8046194E+01   0.0000000E+00
  -3.7712456E+01   0.0000000E+00
  -3.7378717E+01   0.0000000E+00
  -3.7044979E+01   0.0000000E+00
  -3.6711240E+01   0.0000000E+00
  -3.6377501E+01   0.0000000E+00
  -3.6043763E+01   0.0000000E+00
  -3.5710024E+01   0.0000000E+00
  -3.5376286E+01   0.0000000E+00
  -3.5042547E+01   0.0000000E+00
  -3.4708808E+01   0.0000000E+00
  -3.4375070E+01   0.0000000E+00
  -3.4041331E+01   0.0000000E+00
  -3.3707593E+01   0.0000000E+00
  -3.3373854E+01   0.0000000E+00
  -3.3040115E+01   0.0000000E+00
  -3.2706377E+01   0.0000000E+00
  -3.2372638E+01   0.0000000E+00
  -3.2038900E+01   0.0000000E+00
  -3.1705161E+01   0.0000000E+00
  -3.1371422E+01   0.0000000E+00
  -3.1037684E+01   0.0000000E+00
  -3.0703945E+01   0.0000000E+00
  -3.0370207E+01   0.0000000E+00
  -3.0036468E+01   0.0000000E+00
  -2.9702729E+01   0.0000000E+00
  -2.9368991E+01   0.0000000E+00
  -2.9035252E+01   0.0000000E+00
  -2.8701514E+01   0.0000000E+00
  -2.8367775E+01   0.0000000E+00
  -2.8034036E+01   0.0000000E+00
  -2.7700298E+01   0.0000000E+00
  -2.7366559E+01   0.0000000E+00
  -2.7032821E+01   0.0000000E+00
  -2.6699082E+01   0.0000000E+00
  -2.6365343E+01   0.0000000E+00
  -2.6031605E+01   0.0000000E+00
  -2.5697866E+01   0.0000000E+00
  -2.5364128E+01   0.0000000E+00
  -2.5030389E+01   0.0000000E+00
  -2.4696651E+01   0.0000000E+00
  -2.4362912E+01   0.0000000E+00
  -2.4029173E+01   0.0000000E+00
  -2.3695435E+01   0.0000000E+00
  -2.3361696E+01   0.0000000E+00
  -2.3027958E+01   0.0000000E+00
  -2.2694219E+01   0.0000000E+00
  -2.2360480E+01   0.0000000E+00
  -2.2026742E+01   0.0000000E+00
  -2.1693003E+01   0.0000000E+00
  -2.1359265E+01   0.0000000E+00
  -2.1025526E+01   0.0000000E+00
  -2.0691787E+01   0.0000000E+00
  -2.0358049E+01   0.0000000E+00
  -2.0024310E+01   0.0000000E+00
  -1.9690572E+01   0.0000000E+00
  -1.9356833E+01   0.0000000E+00
  -1.9023094E+01   0.0000000E+00
  -1.8689356E+01   0.0000000E+00
  -1.8355617E+01   0.0000000E+00
  -1.8021879E+01   0.0000000E+00
  -1.7688140E+01   0.0000000E+00
  -1.7354401E+01   0.0000000E+00
  -1.7020663E+01   0.0000000E+00
  -1.6686924E+01   0.0000000E+00
  -1.6353186E+01   0.0000000E+00
  -1.6019447E+01   0.0000000E+00
  -1.5685708E+01   0.0000000E+00
  -1.5351970E+01   0.0000000E+00
  -1.5018231E+01   0.0000000E+00
  -1.4684493E+01   0.0000000E+00
  -1.4350754E+01   0.0000000E+00
  -1.4017015E+01   0.0000000E+00
  -1.3683277E+01   0.0000000E+00
  -1.3349538E+01   0.0000000E+00
  -1.3015800E+01   0.0000000E+00
  -1.2682061E+01   0.0000000E+00
  -1.2348322E+01   0.0000000E+00
  -1.2014584E+01   0.0000000E+00
  -1.1680845E+01   0.0000000E+00
  -1.1347107E+01   0.0000000E+00
  -1.1013368E+01   0.0000000E+00
  -1.0679630E+01   0.0000000E+00
  -1.0345891E+01   0.0000000E+00
  -1.0012152E+01   0.0000000E+00
  -9.6784137E+00   0.0000000E+00
  -9.3446751E+00   0.0000000E+00
  -9.0109365E+00   0.0000000E+00
  -8.6771979E+00   0.0000000E+00
  -8.3434593E+00   0.0000000E+00
  -8.0097207E+00   0.0000000E+00
  -7.6759821E+00   0.0000000E+00
  -7.3422436E+00   0.0000000E+00
  -7.0085050E+00   0.0000000E+00
  -6.6747664E+00   0.0000000E+00
  -6.3410278E+00   0.0000000E+00
  -6.0072892E+00   0.0000000E+00
  -5.6735506E+00   0.0000000E+00
  -5.3398120E+00   0.0000000E+00
  -5.0060734E+00   0.0000000E+00
  -4.6723348E+00   0.0000000E+00
  -4.3385962E+00   0.0000000E+00
  -4.0048576E+00   0.0000000E+00
  -3.6711190E+00   0.0000000E+00
  -3.3373804E+00   0.0000000E+00
  -3.0036418E+00   0.0000000E+00
  -2.6699032E+00   0.0000000E+00
  -2.3361646E+00   0.0000000E+00
  -2.0024260E+00   0.0000000E+00
  -1.6686874E+00   0.0000000E+00
  -1.3349488E+00   0.0000000E+00
  -1.0012102E+00   0.0000000E+00
  -6.6747165E-01   0.0000000E+00
  -3.3373305E-01   0.0000000E+00
   5.5432320E-06   0.0000000E+00
   3.3374414E-01   0.0000000E+00
   6.6748273E-01   0.0000000E+00
   1.0012213E+00   0.0000000E+00
   1.3349599E+00   0.0000000E+00
   1.6686985E+00   0.0000000E+00
   2.0024371E+00   0.0000000E+00
   2.3361757E+00   0.0000000E+00
   2.6699143E+00   0.0000000E+00
   3.0036529E+00   0.0000000E+00
   3.3373915E+00   0.0000000E+00
   3.6711301E+00   0.0000000E+00
   4.0048687E+00   0.0000000E+00
   4.3386073E+00   0.0000000E+00
   4.6723459E+00   0.0000000E+00
   5.0060845E+00   0.0000000E+00
   5.3398231E+00   0.0000000E+00
   5.6735617E+00   0.0000000E+00
   6.0073003E+00   0.0000000E+00
   6.3410389E+00   0.0000000E+00
   6.6747774E+00   0.0000000E+00
   7.0085160E+00   0.0000000E+00
   7.3422546E+00   0.0000000E+00
   7.6759932E+00   0.0000000E+00
   8.0097318E+00   0.0000000E+00
   8.3434704E+00   0.0000000E+00
   8.6772090E+00   0.0000000E+00
   9.0109476E+00   0.0000000E+00
   9.3446862E+00   0.0000000E+00
   9.6784248E+00   0.0000000E+00
   1.0012163E+01   0.0000000E+00
   1.0345902E+01   0.0000000E+00
   1.0679641E+01   0.0000000E+00
   1.1013379E+01   0.0000000E+00
   1.1347118E+01   0.0000000E+00
   1.1680856E+01   0.0000000E+00
   1.2014595E+01   0.0000000E+00
   1.2348334E+01   0.0000000E+00
   1.2682072E+01   0.0000000E+00
   1.3015811E+01   0.0000000E+00
   1.3349549E+01   0.0000000E+00
   1.3683288E+01   0.0000000E+00
   1.4017027E+01   0.0000000E+00
   1.4350765E+01   0.0000000E+00
   1.4684504E+01   0.0000000E+00
   1.5018242E+01   0.0000000E+00
   1.5351981E+01   0.0000000E+00
   1.5685720E+01   0.0000000E+00
   1.6019458E+01   0.0000000E+00
   1.6353197E+01   0.0000000E+00
   1.6686935E+01   0.0000000E+00
   1.7020674E+01   0.0000000E+00
   1.7354412E+01   0.0000000E+00
   1.7688151E+01   0.0000000E+00
   1.8021890E+01   0.0000000E+00
   1.8355628E+01   0.0000000E+00
   1.8689367E+01   0.0000000E+00
   1.9023105E+01   0.0000000E+00
   1.9356844E+01   0.0000000E+00
   1.9690583E+01   0.0000000E+00
   2.0024321E+01   0.0000000E+00
   2.0358060E+01   0.0000000E+00
   2.0691798E+01   0.0000000E+00
   2.1025537E+01   0.0000000E+00
   2.1359276E+01   0.0000000E+00
   2.1693014E+01   0.0000000E+00
   2.2026753E+01   0.0000000E+00
   2.2360491E+01   0.0000000E+00
   2.2694230E+01   0.0000000E+00
   2.3027969E+01   0.0000000E+00
   2.3361707E+01   0.0000000E+00
   2.3695446E+01   0.0000000E+00
   2.4029184E+01   0.0000000E+00
   2.4362923E+01   0.0000000E+00
   2.4696662E+01   0.0000000E+00
   2.5030400E+01   0.0000000E+00
   2.5364139E+01   0.0000000E+00
   2.5697877E+01   0.0000000E+00
   2.6031616E+01   0.0000000E+00
   2.6365355E+01   0.0000000E+00
   2.6699093E+01   0.0000000E+00
   2.7032832E+01   0.0000000E+00
   2.7366570E+01   0.0000000E+00
   2.7700309E+01   0.0000000E+00
   2.8034048E+01   0.0000000E+00
   2.8367786E+01   0.0000000E+00
   2.8701525E+01   0.0000000E+00
   2.9035263E+01   0.0000000E+00
   2.9369002E+01   0.0000000E+00
   2.9702741E+01   0.0000000E+00
   3.0036479E+01   0.0000000E+00
   3.0370218E+01   0.0000000E+00
   3.0703956E+01   0.0000000E+00
   3.1037695E+01   0.0000000E+00
   3.1371433E+01   0.0000000E+00
   3.1705172E+01   0.0000000E+00
   3.2038911E+01   0.0000000E+00
   3.2372649E+01   0.0000000E+00
   3.2706388E+01   0.0000000E+00
   3.3040126E+01   0.0000000E+00
   3.3373865E+01   0.0000000E+00
   3.3707604E+01   0.0000000E+00
   3.4041342E+01   0.0000000E+00
   3.4375081E+01   0.0000000E+00
   3.4708819E+01   0.0000000E+00
   3.5042558E+01   0.0000000E+00
   3.5376297E+01   0.0000000E+00
   3.5710035E+01   0.0000000E+00
   3.6043774E+01   0.0000000E+00
   3.6377512E+01   0.0000000E+00
   3.6711251E+01   0.0000000E+00
   3.7044990E+01   0.0000000E+00
   3.7378728E+01   0.0000000E+00
   3.7712467E+01   0.0000000E+00
   3.8046205E+01   0.0000000E+00
   3.8379944E+01   0.0000000E+00
   3.8713683E+01   0.0000000E+00
   3.9047421E+01   0.0000000E+00
   3.9381160E+01   0.0000000E+00
   3.9714898E+01   0.0000000E+00
   4.0048637E+01   0.0000000E+00
   4.0382376E+01   0.0000000E+00
   4.0716114E+01   0.0000000E+00
   4.1049853E+01   0.0000000E+00
   4.1383591E+01   0.0000000E+00
   4.1717330E+01   0.0000000E+00
   4.2051069E+01   0.0000000E+00
   4.2384807E+01   0.0000000E+00
   4.2718546E+01   0.0000000E+00
   4.3052284E+01   0.0000000E+00
   4.3386023E+01   0.0000000E+00
   4.3719762E+01   0.0000000E+00
   4.4053500E+01   0.0000000E+00
   4.4387239E+01   0.0000000E+00
   4.4720977E+01   0.0000000E+00
   4.5054716E+01   0.0000000E+00
   4.5388454E+01   0.0000000E+00
   4.5722193E+01   0.0000000E+00
   4.6055932E+01   0.0000000E+00
   4.6389670E+01   0.0000000E+00
   4.6723409E+01   0.0000000E+00
   4.7057147E+01   0.0000000E+00
   4.7390886E+01   0.0000000E+00
   4.7724625E+01   0.0000000E+00
   4.8058363E+01   0.0000000E+00
   4.8392102E+01   0.0000000E+00
   4.8725840E+01   0.0000000E+00
   4.9059579E+01   0.0000000E+00
   4.9393318E+01   0.0000000E+00
   4.9727056E+01   0.0000000E+00
   5.0060795E+01   0.0000000E+00
   5.0394533E+01   0.0000000E+00
   5.0728272E+01   0.0000000E+00
   5.1062011E+01   0.0000000E+00
   5.1395749E+01   0.0000000E+00
   5.1729488E+01   0.0000000E+00
   5.2063226E+01   0.0000000E+00
   5.2396965E+01   0.0000000E+00
   5.2730704E+01   0.0000000E+00
   5.3064442E+01   0.0000000E+00
   5.3398181E+01   0.0000000E+00
   5.3731919E+01   0.0000000E+00
   5.4065658E+01   0.0000000E+00
   5.4399397E+01   0.0000000E+00
   5.4733135E+01   0.0000000E+00
   5.5066874E+01   0.0000000E+00
   5.5400612E+01   0.0000000E+00
   5.5734351E+01   0.0000000E+00
   5.6068090E+01   0.0000000E+00
   5.6401828E+01   0.0000000E+00
   5.6735567E+01   0.0000000E+00
   5.7069305E+01   0.0000000E+00
   5.7403044E+01   0.0000000E+00
   5.7736783E+01   0.0000000E+00
   5.8070521E+01   0.0000000E+00
   5.8404260E+01   0.0000000E+00
   5.8737998E+01   0.0000000E+00
   5.9071737E+01   0.0000000E+00
   5.9405475E+01   0.0000000E+00
   5.9739214E+01   0.0000000E+00
   6.0072953E+01   0.0000000E+00
   6.0406691E+01   0.0000000E+00
   6.0740430E+01   0.0000000E+00
   6.1074168E+01   0.0000000E+00
   6.1407907E+01   0.0000000E+00
   6.1741646E+01   0.0000000E+00
   6.2075384E+01   0.0000000E+00
   6.2409123E+01   0.0000000E+00
   6.2742861E+01   0.0000000E+00
   6.3076600E+01   0.0000000E+00
   6.3410339E+01   0.0000000E+00
   6.3744077E+01   0.0000000E+00
   6.4077816E+01   0.0000000E+00
   6.4411554E+01   0.0000000E+00
   6.4745293E+01   0.0000000E+00
   6.5079032E+01   0.0000000E+00
   6.5412770E+01   0.0000000E+00
   6.5746509E+01   0.0000000E+00
   6.6080247E+01   0.0000000E+00
   6.6413986E+01   0.0000000E+00
   6.6747725E+01   0.0000000E+00
   6.7081463E+01   0.0000000E+00
   6.7415202E+01   0.0000000E+00
   6.7748940E+01   0.0000000E+00
   6.8082679E+01   0.0000000E+00
   6.8416418E+01   0.0000000E+00
   6.8750156E+01   0.0000000E+00
   6.9083895E+01   0.0000000E+00
   6.9417633E+01   0.0000000E+00
   6.9751372E+01   0.0000000E+00
   7.0085111E+01   0.0000000E+00
   7.0418849E+01   0.0000000E+00
   7.0752588E+01   0.0000000E+00
   7.1086326E+01   0.0000000E+00
   7.1420065E+01   0.0000000E+00
   7.1753804E+01   0.0000000E+00
   7.2087542E+01   0.0000000E+00
   7.2421281E+01   0.0000000E+00
   7.2755019E+01   0.0000000E+00
   7.3088758E+01   0.0000000E+00
   7.3422496E+01   0.0000000E+00
   7.3756235E+01   0.0000000E+00
   7.4089974E+01   0.0000000E+00
   7.4423712E+01   0.0000000E+00
   7.4757451E+01   0.0000000E+00
   7.5091189E+01   0.0000000E+00
   7.5424928E+01   0.0000000E+00
   7.5758667E+01   0.0000000E+00
   7.6092405E+01   0.0000000E+00
   7.6426144E+01   0.0000000E+00
   7.6759882E+01   0.0000000E+00
   7.7093621E+01   0.0000000E+00
   7.7427360E+01   0.0000000E+00
   7.7761098E+01   0.0000000E+00
   7.8094837E+01   0.0000000E+00
   7.8428575E+01   0.0000000E+00
   7.8762314E+01   0.0000000E+00
   7.9096053E+01   0.0000000E+00
   7.9429791E+01   0.0000000E+00
   7.9763530E+01   0.0000000E+00
   8.0097268E+01   0.0000000E+00
   8.0431007E+01   0.0000000E+00
   8.0764746E+01   0.0000000E+00
   8.1098484E+01   0.0000000E+00
   8.1432223E+01   0.0000000E+00
   8.1765961E+01   0.0000000E+00
   8.2099700E+01   0.0000000E+00
   8.2433439E+01   0.0000000E+00
   8.2767177E+01   0.0000000E+00
   8.3100916E+01   0.0000000E+00
   8.3434654E+01   0.0000000E+00
   8.3768393E+01   0.0000000E+00
   8.4102132E+01   0.0000000E+00
   8.4435870E+01   0.0000000E+00
   8.4769609E+01   0.0000000E+00
   8.5103347E+01   0.0000000E+00
   8.5437086E+01   0.0000000E+00
   8.5770825E+01   0.0000000E+00
   8.6104563E+01   0.0000000E+00
   8.6438302E+01   0.0000000E+00
   8.6772040E+01   0.0000000E+00
   8.7105779E+01   0.0000000E+00
   8.7439517E+01   0.0000000E+00
   8.7773256E+01   0.0000000E+00
   8.8106995E+01   0.0000000E+00
   8.8440733E+01   0.0000000E+00
   8.8774472E+01   0.0000000E+00
   8.9108210E+01   0.0000000E+00
   8.9441949E+01   0.0000000E+00
   8.9775688E+01   0.0000000E+00
   9.0109426E+01   0.0000000E+00
   9.0443165E+01   0.0000000E+00
   9.0776903E+01   0.0000000E+00
   9.1110642E+01   0.0000000E+00
   9.1444381E+01   0.0000000E+00
   9.1778119E+01   0.0000000E+00
   9.2111858E+01   0.0000000E+00
   9.2445596E+01   0.0000000E+00
   9.2779335E+01   0.0000000E+00
   9.3113074E+01   0.0000000E+00
   9.3446812E+01   0.0000000E+00
   9.3780551E+01   0.0000000E+00
   9.4114289E+01   0.0000000E+00
   9.4448028E+01   0.0000000E+00
   9.4781767E+01   0.0000000E+00
   9.5115505E+01   0.0000000E+00
   9.5449244E+01   0.0000000E+00
   9.5782982E+01   0.0000000E+00
   9.6116721E+01   0.0000000E+00
   9.6450460E+01   0.0000000E+00
   9.6784198E+01   0.0000000E+00
   9.7117937E+01   0.0000000E+00
   9.7451675E+01   0.0000000E+00
   9.7785414E+01   0.0000000E+00
   9.8119153E+01   0.0000000E+00
   9.8452891E+01   0.0000000E+00
   9.8786630E+01   0.0000000E+00
   9.9120368E+01   0.0000000E+00
   9.9454107E+01   0.0000000E+00
   9.9787846E+01   0.0000000E+00
   1.0012158E+02   0.0000000E+00
   1.0045532E+02   0.0000000E+00
   1.0078906E+02   0.0000000E+00
   1.0112280E+02   0.0000000E+00
   1.0145654E+02   0.0000000E+00
   1.0179028E+02   0.0000000E+00
   1.0212402E+02   0.0000000E+00
   1.0245775E+02   0.0000000E+00
   1.0279149E+02   0.0000000E+00
   1.0312523E+02   0.0000000E+00
   1.0345897E+02   0.0000000E+00
   1.0379271E+02   0.0000000E+00
   1.0412645E+02   0.0000000E+00
   1.0446019E+02   0.0000000E+00
   1.0479392E+02   0.0000000E+00
   1.0512766E+02   0.0000000E+00
   1.0546140E+02   0.0000000E+00
   1.0579514E+02   0.0000000E+00
   1.0612888E+02   0.0000000E+00
   1.0646262E+02   0.0000000E+00
   1.0679636E+02   0.0000000E+00
   1.0713009E+02   0.0000000E+00
   1.0746383E+02   0.0000000E+00
   1.0779757E+02   0.0000000E+00
   1.0813131E+02   0.0000000E+00
   1.0846505E+02   0.0000000E+00
   1.0879879E+02   0.0000000E+00
   1.0913253E+02   0.0000000E+00
   1.0946626E+02   0.0000000E+00
   1.0980000E+02   0.0000000E+00
   1.1013374E+02   0.0000000E+00
   1.1046748E+02   0.0000000E+00
   1.1080122E+02   0.0000000E+00
   1.1113496E+02   0.0000000E+00
   1.1146870E+02   0.0000000E+00
   1.1180243E+02   0.0000000E+00
   1.1213617E+02   0.0000000E+00
   1.1246991E+02   0.0000000E+00
   1.1280365E+02   0.0000000E+00
   1.1313739E+02   0.0000000E+00
   1.1347113E+02   0.0000000E+00
   1.1380487E+02   0.0000000E+00
   1.1413861E+02   0.0000000E+00
   1.1447234E+02   0.0000000E+00
   1.1480608E+02   0.0000000E+00
   1.1513982E+02   0.0000000E+00
   1.1547356E+02   0.0000000E+00
   1.1580730E+02   0.0000000E+00
   1.1614104E+02   0.0000000E+00
   1.1647478E+02   0.0000000E+00
   1.1680851E+02   0.0000000E+00
   1.1714225E+02   0.0000000E+00
   1.1747599E+02   0.0000000E+00
   1.1780973E+02   0.0000000E+00
   1.1814347E+02   0.0000000E+00
   1.1847721E+02   0.0000000E+00
   1.1881095E+02   0.0000000E+00
   1.1914468E+02   0.0000000E+00
   1.1947842E+02   0.0000000E+00
   1.1981216E+02   0.0000000E+00
   1.2014590E+02   0.0000000E+00
   1.2047964E+02   0.0000000E+00
   1.2081338E+02   0.0000000E+00
   1.2114712E+02   0.0000000E+00
   1.2148085E+02   0.0000000E+00
   1.2181459E+02   0.0000000E+00
   1.2214833E+02   0.0000000E+00
   1.2248207E+02   0.0000000E+00
   1.2281581E+02   0.0000000E+00
   1.2314955E+02   0.0000000E+00
   1.2348329E+02   0.0000000E+00
   1.2381702E+02   0.0000000E+00
   1.2415076E+02   0.0000000E+00
   1.2448450E+02   0.0000000E+00
   1.2481824E+02   0.0000000E+00
   1.2515198E+02   0.0000000E+00
   1.2548572E+02   0.0000000E+00
   1.2581946E+02   0.0000000E+00
   1.2615319E+02   0.0000000E+00
   1.2648693E+02   0.0000000E+00
   1.2682067E+02   0.0000000E+00
   1.2715441E+02   0.0000000E+00
   1.2748815E+02   0.0000000E+00
   1.2782189E+02   0.0000000E+00
   1.2815563E+02   0.0000000E+00
   1.2848936E+02   0.0000000E+00
   1.2882310E+02   0.0000000E+00
   1.2915684E+02   0.0000000E+00
   1.2949058E+02   0.0000000E+00
   1.2982432E+02   0.0000000E+00
   1.3015806E+02   0.0000000E+00
   1.3049180E+02   0.0000000E+00
   1.3082553E+02   0.0000000E+00
   1.3115927E+02   0.0000000E+00
   1.3149301E+02   0.0000000E+00
   1.3182675E+02   0.0000000E+00
   1.3216049E+02   0.0000000E+00
   1.3249423E+02   0.0000000E+00
   1.3282797E+02   0.0000000E+00
   1.3316171E+02   0.0000000E+00
   1.3349544E+02   0.0000000E+00
   1.3382918E+02   0.0000000E+00
   1.3416292E+02   0.0000000E+00
   1.3449666E+02   0.0000000E+00
   1.3483040E+02   0.0000000E+00
   1.3516414E+02   0.0000000E+00
   1.3549788E+02   0.0000000E+00
   1.3583161E+02   0.0000000E+00
   1.3616535E+02   0.0000000E+00
   1.3649909E+02   0.0000000E+00
   1.3683283E+02   0.0000000E+00
   1.3716657E+02   0.0000000E+00
   1.3750031E+02   0.0000000E+00
   1.3783405E+02   0.0000000E+00
   1.3816778E+02   0.0000000E+00
   1.3850152E+02   0.0000000E+00
   1.3883526E+02   0.0000000E+00
   1.3916900E+02   0.0000000E+00
   1.3950274E+02   0.0000000E+00
   1.3983648E+02   0.0000000E+00
   1.4017022E+02   0.0000000E+00
   1.4050395E+02   0.0000000E+00
   1.4083769E+02   0.0000000E+00
   1.4117143E+02   0.0000000E+00
   1.4150517E+02   0.0000000E+00
   1.4183891E+02   0.0000000E+00
   1.4217265E+02   0.0000000E+00
   1.4250639E+02   0.0000000E+00
   1.4284012E+02   0.0000000E+00
   1.4317386E+02   0.0000000E+00
   1.4350760E+02   1.4012985E-45
   1.4384134E+02   4.2038954E-45
   1.4417508E+02   4.2038954E-45
   1.4450882E+02   4.2038954E-45
   1.4484256E+02   2.8025969E-45
   1.4517629E+02   2.8025969E-45
   1.4551003E+02  -4.2038954E-45
   1.4584377E+02  -7.0064923E-45
   1.4617751E+02  -8.4077908E-45
   1.4651125E+02  -1.1210388E-44
   1.4684499E+02  -7.0064923E-45
   1.4717873E+02  -7.0064923E-45
   1.4751246E+02  -2.8025969E-45
   1.4784620E+02   2.8025969E-45
   1.4817994E+02   7.0064923E-45
   1.4851368E+02   1.2611686E-44
   1.4884742E+02   1.5414283E-44
   1.4918116E+02   1.8216880E-44
   1.4951490E+02   2.3822074E-44
   1.4984863E+02   2.5223372E-44
   1.5018237E+02   2.3822074E-44
   1.5051611E+02   1.6815582E-44
   1.5084985E+02   1.1210388E-44
   1.5118359E+02   1.4012985E-45
   1.5151733E+02  -1.1210388E-44
   1.5185107E+02  -2.6624671E-44
   1.5218480E+02  -3.7835059E-44
   1.5251854E+02  -4.6242849E-44
   1.5285228E+02  -4.3440252E-44
   1.5318602E+02  -2.9427268E-44
   1.5351976E+02  -9.8090893E-45
   1.5385350E+02   2.1019477E-44
   1.5418724E+02   5.7453237E-44
   1.5452098E+02   9.2485699E-44
   1.5485471E+02   1.2191297E-43
   1.5518845E+02   1.3872855E-43
   1.5552219E+02   1.3872855E-43
   1.5585593E+02   1.1770907E-43
   1.5618967E+02   7.9874012E-44
   1.5652341E+02   2.1019477E-44
   1.5685715E+02  -4.9045446E-44
   1.5719088E+02  -1.2331426E-43
   1.5752462E+02  -1.9057659E-43
   1.5785836E+02  -2.3681944E-43
   1.5819210E+02  -2.5503632E-43
   1.5852584E+02  -2.4102334E-43
   1.5885958E+02  -1.8497140E-43
   1.5919332E+02  -9.2485699E-44
   1.5952705E+02   3.0828566E-44
   1.5986079E+02   1.7095841E-43
   1.6019453E+02   3.0968696E-43
   1.6052827E+02   4.2739603E-43
   1.6086201E+02   4.9605966E-43
   1.6119575E+02   5.0026355E-43
   1.6152949E+02   4.2599473E-43
   1.6186322E+02   2.6484541E-43
   1.6219696E+02   2.8025969E-44
   1.6253070E+02  -2.6484541E-43
   1.6286444E+02  -5.7313107E-43
   1.6319818E+02  -8.5899596E-43
   1.6353192E+02  -1.0705920E-42
   1.6386566E+02  -1.1518673E-42
   1.6419939E+02  -1.0621842E-42
   1.6453313E+02  -7.8752974E-43
   1.6486687E+02  -3.3070644E-43
   1.6520061E+02   2.7605580E-43
   1.6553435E+02   9.6129075E-43
   1.6586809E+02   1.6395192E-42
   1.6620183E+02   2.2000386E-42
   1.6653556E+02   2.5349489E-42
   1.6686930E+02   2.5489619E-42
   1.6720304E+02   2.1776178E-42
   1.6753678E+02   1.4041011E-42
   1.6787052E+02   2.7605580E-43
   1.6820426E+02  -1.1000193E-42
   1.6853800E+02  -2.5643762E-42
   1.6887173E+02  -3.9040175E-42
   1.6920547E+02  -4.8989394E-42
   1.6953921E+02  -5.3291381E-42
   1.6987295E+02  -5.0250563E-42
   1.7020669E+02  -3.9026162E-42
   1.7054043E+02  -1.9828373E-42
   1.7087417E+02   5.9695315E-43
   1.7120790E+02   3.5691072E-42
   1.7154164E+02   6.5412612E-42
   1.7187538E+02   9.0804140E-42
   1.7220912E+02   1.0717131E-41
   1.7254286E+02   1.1045034E-41
   1.7287660E+02   9.7712542E-42
   1.7321034E+02   6.8061066E-42
   1.7354408E+02   2.2827152E-42
   1.7387781E+02  -3.3939449E-42
   1.7421155E+02  -9.5876841E-42
   1.7454529E+02  -1.5452118E-41
   1.7487903E+02  -2.0053982E-41
   1.7521277E+02  -2.2479630E-41
   1.7554651E+02  -2.1980768E-41
   1.7588025E+02  -1.8108980E-41
   1.7621398E+02  -1.0839044E-41
   1.7654772E+02  -6.6561677E-43
   1.7688146E+02   1.1419181E-41
   1.7721520E+02   2.3952395E-41
   1.7754894E+02   3.5158578E-41
   1.7788268E+02   4.3150184E-41
   1.7821642E+02   4.6175587E-41
   1.7855015E+02   4.2921772E-41
   1.7888389E+02   3.2784779E-41
   1.7921763E+02   1.6061683E-41
   1.7955137E+02  -5.9204860E-42
   1.7988511E+02  -3.0843980E-41
   1.8021885E+02  -5.5541866E-41
   1.8055259E+02  -7.6355352E-41
   1.8088632E+02  -8.9568195E-41
   1.8122006E+02  -9.1947600E-41
   1.8155380E+02  -8.1299133E-41
   1.8188754E+02  -5.6952973E-41
   1.8222128E+02  -2.0147869E-41
   1.8255502E+02   2.5874976E-41
   1.8288876E+02   7.5960186E-41
   1.8322249E+02   1.2350905E-40
   1.8355623E+02   1.6116894E-40
   1.8388997E+02   1.8180306E-40
   1.8422371E+02   1.7955117E-40
   1.8455745E+02   1.5087500E-40
   1.8489119E+02   9.5491484E-41
   1.8522493E+02   1.6937495E-41
   1.8555866E+02  -7.7320847E-41
   1.8589240E+02  -1.7628335E-40
   1.8622614E+02  -2.6644850E-40
   1.8655988E+02  -3.3332687E-40
   1.8689362E+02  -3.6338612E-40
   1.8722736E+02  -3.4612913E-40
   1.8756110E+02  -2.7613707E-40
   1.8789483E+02  -1.5466972E-40
   1.8822857E+02   9.3999101E-42
   1.8856231E+02   1.9961356E-40
   1.8889605E+02   3.9301938E-40
   1.8922979E+02   5.6239713E-40
   1.8956353E+02   6.7945459E-40
   1.8989727E+02   7.1867133E-40
   1.9023100E+02   6.6145491E-40
   1.9056474E+02   4.9989781E-40
   1.9089848E+02   2.3970331E-40
   1.9123222E+02  -9.8382363E-41
   1.9156596E+02  -4.7904229E-40
   1.9189970E+02  -8.5499385E-40
   1.9223344E+02  -1.1717560E-39
   1.9256718E+02  -1.3742002E-39
   1.9290091E+02  -1.4143039E-39
   1.9323465E+02  -1.2591493E-39
   1.9356839E+02  -8.9814403E-40
   1.9390213E+02  -3.4822127E-40
   1.9423587E+02   3.4393329E-40
   1.9456961E+02   1.1035772E-39
   1.9490335E+02   1.8338190E-39
   1.9523708E+02   2.4256771E-39
   1.9557082E+02   2.7715301E-39
   1.9590456E+02   2.7806176E-39
   1.9623830E+02   2.3947882E-39
   1.9657204E+02   1.6022222E-39
   1.9690578E+02   4.4695115E-40
   1.9723952E+02  -9.6796793E-40
   1.9757325E+02  -2.4850949E-39
   1.9790699E+02  -3.9057495E-39
   1.9824073E+02  -5.0112269E-39
   1.9857447E+02  -5.5904634E-39
   1.9890821E+02  -5.4713236E-39
   1.9924195E+02  -4.5516710E-39
   1.9957569E+02  -2.8258655E-39
   1.9990942E+02  -4.0202552E-40
   2.0024316E+02   2.4938502E-39
   2.0057690E+02   5.5298446E-39
   2.0091064E+02   8.2971373E-39
   2.0124438E+02   1.0355004E-38
   2.0157812E+02   1.1288042E-38
   2.0191186E+02   1.0769712E-38
   2.0224559E+02   8.6241681E-39
   2.0257933E+02   4.8773412E-39
   2.0291307E+02  -2.1188333E-40
   2.0324681E+02  -6.1482825E-39
   2.0358055E+02  -1.2230040E-38
   2.0391429E+02  -1.7613125E-38
   2.0424803E+02  -2.1407148E-38
   2.0458176E+02  -2.2794547E-38
   2.0491550E+02  -2.1160075E-38
   2.0524924E+02  -1.6214003E-38
   2.0558298E+02  -8.0901823E-39
   2.0591672E+02   2.5993652E-39
   2.0625046E+02   1.4768814E-38
   2.0658420E+02   2.6931482E-38
   2.0691793E+02   3.7343096E-38
   2.0725167E+02   4.4206878E-38
   2.0758541E+02   4.5922227E-38
   2.0791915E+02   4.1348506E-38
   2.0825289E+02   3.0049142E-38
   2.0858663E+02   1.2477142E-38
   2.0892037E+02  -9.9348067E-39
   2.0925410E+02  -3.4809274E-38
   2.0958784E+02  -5.9001139E-38
   2.0992158E+02  -7.8915984E-38
   2.1025532E+02  -9.0948956E-38
   2.1058906E+02  -9.2001685E-38
   2.1092280E+02  -8.0016698E-38
   2.1125654E+02  -5.4454940E-38
   2.1159027E+02  -1.6637830E-38
   2.1192401E+02   3.0119403E-38
   2.1225775E+02   8.0638723E-38
   2.1259149E+02   1.2830208E-37
   2.1292523E+02   1.6575546E-37
   2.1325897E+02   1.8584159E-37
   2.1359271E+02   1.8266684E-37
   2.1392645E+02   1.5267016E-37
   2.1426018E+02   9.5540641E-38
   2.1459392E+02   1.4824748E-38
   2.1492766E+02  -8.1919000E-38
   2.1526140E+02  -1.8351863E-37
   2.1559514E+02  -2.7617835E-37
   2.1592888E+02  -3.4501802E-37
   2.1626262E+02  -3.7603539E-37
   2.1659635E+02  -3.5827825E-37
   2.1693009E+02  -2.8594941E-37
   2.1726383E+02  -1.6012761E-37
   2.1759757E+02   1.0211111E-38
   2.1793131E+02   2.0813901E-37
   2.1826505E+02   4.0986299E-37
   2.1859879E+02   5.8698886E-37
   2.1893252E+02   7.0983718E-37
   2.1926626E+02   7.5150946E-37
   2.1960000E+02   6.9224229E-37
   2.1993374E+02   5.2347031E-37
   2.2026748E+02   2.5095735E-37
   2.2060122E+02  -1.0361268E-37
   2.2093496E+02  -5.0307776E-37
   2.2126869E+02  -8.9755090E-37
   2.2160243E+02  -1.2294747E-36
   2.2193617E+02  -1.4406335E-36
   2.2226991E+02  -1.4804372E-36
   2.2260365E+02  -1.3144901E-36
   2.2293739E+02  -9.3225665E-37
   2.2327113E+02  -3.5255855E-37
   2.2360486E+02   3.7424480E-37
   2.2393860E+02   1.1682674E-36
   2.2427234E+02   1.9266976E-36
   2.2460608E+02   2.5348019E-36
   2.2493982E+02   2.8804673E-36
   2.2527356E+02   2.8707656E-36
   2.2560730E+02   2.4484821E-36
   2.2594103E+02   1.6062258E-36
   2.2627477E+02   3.9567368E-37
   2.2660851E+02  -1.0701698E-36
   2.2694225E+02  -2.6231758E-36
   2.2727599E+02  -4.0552306E-36
   2.2760973E+02  -5.1416040E-36
   2.2794347E+02  -5.6705061E-36
   2.2827720E+02  -5.4755799E-36
   2.2861094E+02  -4.4671483E-36
   2.2894468E+02  -2.6574820E-36
   2.2927842E+02  -1.7553082E-37
   2.2961216E+02   2.7327345E-36
   2.2994590E+02   5.7207143E-36
   2.3027964E+02   8.3746375E-36
   2.3061337E+02   1.0262015E-35
   2.3094711E+02   1.0990552E-35
   2.3128085E+02   1.0270673E-35
   2.3161459E+02   7.9733716E-36
   2.3194833E+02   4.1742024E-36
   2.3228207E+02  -8.2493961E-37
   2.3261581E+02  -6.5030078E-36
   2.3294955E+02  -1.2159462E-35
   2.3328328E+02  -1.6985842E-35
   2.3361702E+02  -2.0164080E-35
   2.3395076E+02  -2.0981634E-35
   2.3428450E+02  -1.8949711E-35
   2.3461824E+02  -1.3908090E-35
   2.3495198E+02  -6.0994819E-36
   2.3528572E+02   3.8018712E-36
   2.3561945E+02   1.4718695E-35
   2.3595319E+02   2.5260989E-35
   2.3628693E+02   3.3874975E-35
   2.3662067E+02   3.9038426E-35
   2.3695441E+02   3.9481905E-35
   2.3728815E+02   3.4408246E-35
   2.3762189E+02   2.3678863E-35
   2.3795562E+02   7.9352728E-36
   2.3828936E+02  -1.1371444E-35
   2.3862310E+02  -3.2061563E-35
   2.3895684E+02  -5.1423475E-35
   2.3929058E+02  -6.6515973E-35
   2.3962432E+02  -7.4549553E-35
   2.3995806E+02  -7.3304310E-35
   2.4029179E+02  -6.1531263E-35
   2.4062553E+02  -3.9277175E-35
   2.4095927E+02  -8.0757961E-36
   2.4129301E+02   2.9042339E-35
   2.4162675E+02   6.7749921E-35
   2.4196049E+02   1.0283670E-34
   2.4229423E+02   1.2881025E-34
   2.4262796E+02   1.4062787E-34
   2.4296170E+02   1.3447515E-34
   2.4329544E+02   1.0848917E-34
   2.4362918E+02   6.3315271E-35
   2.4396292E+02   2.3946192E-36
   2.4429666E+02  -6.8098684E-35
   2.4463040E+02  -1.3971437E-34
   2.4496413E+02  -2.0257136E-34
   2.4529787E+02  -2.4653060E-34
   2.4563161E+02  -2.6257977E-34
   2.4596535E+02  -2.4426642E-34
   2.4629909E+02  -1.8898535E-34
   2.4663283E+02  -9.8919606E-35
   2.4696657E+02   1.8550954E-35
   2.4730030E+02   1.5110711E-34
   2.4763404E+02   2.8247770E-34
   2.4796778E+02   3.9412636E-34
   2.4830152E+02   4.6750494E-34
   2.4863526E+02   4.8664236E-34
   2.4896900E+02   4.4075519E-34
   2.4930274E+02   3.2652281E-34
   2.4963647E+02   1.4965520E-34
   2.4997021E+02  -7.4564821E-35
   2.5030395E+02  -3.2199311E-34
   2.5063769E+02  -5.6167297E-34
   2.5097143E+02  -7.5913232E-34
   2.5130517E+02  -8.8065429E-34
   2.5163891E+02  -8.9806740E-34
   2.5197264E+02  -7.9347108E-34
   2.5230638E+02  -5.6322567E-34
   2.5264012E+02  -2.2055543E-34
   2.5297386E+02   2.0380817E-34
   2.5330760E+02   6.6330465E-34
   2.5364134E+02   1.0996588E-33
   2.5397508E+02   1.4492083E-33
   2.5430882E+02   1.6508948E-33
   2.5464255E+02   1.6550578E-33
   2.5497629E+02   1.4319332E-33
   2.5531003E+02   9.7864845E-34
   2.5564377E+02   3.2352773E-34
   2.5597751E+02  -4.7325669E-34
   2.5631125E+02  -1.3233139E-33
   2.5664499E+02  -2.1180516E-33
   2.5697872E+02  -2.7406140E-33
   2.5731246E+02  -3.0806634E-33
   2.5764620E+02  -3.0503895E-33
   2.5797994E+02  -2.5997455E-33
   2.5831368E+02  -1.7286971E-33
   2.5864742E+02  -4.9441692E-34
   2.5898116E+02   9.8828365E-34
   2.5931489E+02   2.5542996E-33
   2.5964863E+02   4.0034524E-33
   2.5998237E+02   5.1226200E-33
   2.6031611E+02   5.7127600E-33
   2.6064985E+02   5.6178293E-33
   2.6098359E+02   4.7519697E-33
   2.6131733E+02   3.1210348E-33
   2.6165106E+02   8.3474609E-34
   2.6198480E+02  -1.8934430E-33
   2.6231854E+02  -4.7604766E-33
   2.6265228E+02  -7.4018506E-33
   2.6298602E+02  -9.4319411E-33
   2.6331976E+02  -1.0492756E-32
   2.6365350E+02  -1.0305723E-32
   2.6398723E+02  -8.7199934E-33
   2.6432097E+02  -5.7502785E-33
   2.6465471E+02  -1.5977723E-33
   2.6498845E+02   3.3510089E-33
   2.6532219E+02   8.5502366E-33
   2.6565593E+02   1.3345584E-32
   2.6598967E+02   1.7046365E-32
   2.6632340E+02   1.9012308E-32
   2.6665714E+02   1.8745303E-32
   2.6699088E+02   1.5974642E-32
   2.6732462E+02   1.0723566E-32
   2.6765836E+02   3.3456604E-33
   2.6799210E+02  -5.4775289E-33
   2.6832584E+02  -1.4782633E-32
   2.6865957E+02  -2.3413975E-32
   2.6899331E+02  -3.0150240E-32
   2.6932705E+02  -3.3856521E-32
   2.6966079E+02  -3.3644976E-32
   2.6999453E+02  -2.9023831E-32
   2.7032827E+02  -2.0013779E-32
   2.7066201E+02  -7.2121192E-33
   2.7099574E+02   8.2106282E-33
   2.7132948E+02   2.4589761E-32
   2.7166322E+02   3.9920414E-32
   2.7199696E+02   5.2075887E-32
   2.7233070E+02   5.9069861E-32
   2.7266444E+02   5.9333442E-32
   2.7299818E+02   5.1972837E-32
   2.7333192E+02   3.6971181E-32
   2.7366565E+02   1.5301204E-32
   2.7399939E+02  -1.1077200E-32
   2.7433313E+02  -3.9348516E-32
   2.7466687E+02  -6.6101121E-32
   2.7500061E+02  -8.7696628E-32
   2.7533435E+02  -1.0071429E-31
   2.7566809E+02  -1.0242158E-31
   2.7600182E+02  -9.1213007E-32
   2.7633556E+02  -6.6955394E-32
   2.7666930E+02  -3.1183958E-32
   2.7700304E+02   1.2895161E-32
   2.7733678E+02   6.0618968E-32
   2.7767052E+02   1.0629684E-31
   2.7800426E+02   1.4382437E-31
   2.7833799E+02   1.6742399E-31
   2.7867173E+02   1.7243102E-31
   2.7900547E+02   1.5602769E-31
   2.7933921E+02   1.1782412E-31
   2.7967295E+02   6.0191688E-32
   2.8000669E+02  -1.1722817E-32
   2.8034043E+02  -9.0341690E-32
   2.8067416E+02  -1.6635629E-31
   2.8100790E+02  -2.2973222E-31
   2.8134164E+02  -2.7092427E-31
   2.8167538E+02  -2.8216679E-31
   2.8200912E+02  -2.5867947E-31
   2.8234286E+02  -1.9962285E-31
   2.8267660E+02  -1.0864956E-31
   2.8301033E+02   6.0667851E-33
   2.8334407E+02   1.3238664E-31
   2.8367781E+02   2.5533818E-31
   2.8401155E+02   3.5874616E-31
   2.8434529E+02   4.2719900E-31
   2.8467903E+02   4.4813442E-31
   2.8501277E+02   4.1378459E-31
   2.8534650E+02   3.2271053E-31
   2.8568024E+02   1.8067894E-31
   2.8601398E+02   6.9412941E-34
   2.8634772E+02  -1.9791309E-31
   2.8668146E+02  -3.9132461E-31
   2.8701520E+02  -5.5386350E-31
   2.8734894E+02  -6.6115261E-31
   2.8768267E+02  -6.9344838E-31
   2.8801641E+02  -6.3872841E-31
   2.8835015E+02  -4.9510270E-31
   2.8868389E+02  -2.7215257E-31
   2.8901763E+02   9.0947293E-33
   2.8935137E+02   3.1770264E-31
   2.8968511E+02   6.1583773E-31
   2.9001884E+02   8.6302106E-31
   2.9035258E+02   1.0211941E-30
   2.9068632E+02   1.0600197E-30
   2.9102006E+02   9.6173898E-31
   2.9135380E+02   7.2489732E-31
   2.9168754E+02   3.6631590E-31
   2.9202128E+02  -7.9143778E-32
   2.9235501E+02  -5.6123724E-31
   2.9268875E+02  -1.0193315E-30
   2.9302249E+02  -1.3893333E-30
   2.9335623E+02  -1.6118499E-30
   2.9368997E+02  -1.6406298E-30
   2.9402371E+02  -1.4502034E-30
   2.9435745E+02  -1.0416083E-30
   2.9469119E+02  -4.4523428E-31
   2.9502492E+02   2.7991859E-31
   2.9535866E+02   1.0508712E-30
   2.9569240E+02   1.7690107E-30
   2.9602614E+02   2.3314552E-30
   2.9635988E+02   2.6442826E-30
   2.9669362E+02   2.6360639E-30
   2.9702736E+02   2.2699597E-30
   2.9736109E+02   1.5525987E-30
   2.9769483E+02   5.3821434E-31
   2.9802857E+02  -6.7304989E-31
   2.9836231E+02  -1.9431068E-30
   2.9869605E+02  -3.1098122E-30
   2.9902979E+02  -4.0056123E-30
   2.9936353E+02  -4.4790337E-30
   2.9969726E+02  -4.4165128E-30
   3.0003100E+02  -3.7617083E-30
   3.0036474E+02  -2.5295220E-30
   3.0069848E+02  -8.1234709E-31
   3.0103222E+02   1.2231154E-30
   3.0136596E+02   3.3491207E-30
   3.0169970E+02   5.2996078E-30
   3.0203343E+02   6.8004925E-30
   3.0236717E+02   7.6043674E-30
   3.0270091E+02   7.5256420E-30
   3.0303465E+02   6.4715399E-30
   3.0336839E+02   4.4644828E-30
   3.0370213E+02   1.6520578E-30
   3.0403587E+02  -1.6981526E-30
   3.0436960E+02  -5.2197716E-30
   3.0470334E+02  -8.4838959E-30
   3.0503708E+02  -1.1047318E-29
   3.0537082E+02  -1.2507783E-29
   3.0570456E+02  -1.2559862E-29
   3.0603830E+02  -1.1044351E-29
   3.0637204E+02  -7.9840720E-30
   3.0670577E+02  -3.6001386E-30
   3.0703951E+02   1.6955109E-30
   3.0737325E+02   7.3327578E-30
   3.0770699E+02   1.2639559E-29
   3.0804073E+02   1.6916965E-29
   3.0837447E+02   1.9525198E-29
   3.0870821E+02   1.9970876E-29
   3.0904194E+02   1.7984265E-29
   3.0937568E+02   1.3575731E-29
   3.0970942E+02   7.0620255E-30
   3.1004316E+02  -9.4392986E-31
   3.1037690E+02  -9.5819920E-30
   3.1071064E+02  -1.7830083E-29
   3.1104438E+02  -2.4618315E-29
   3.1137811E+02  -2.8960230E-29
   3.1171185E+02  -3.0085924E-29
   3.1204559E+02  -2.7560163E-29
   3.1237933E+02  -2.1369086E-29
   3.1271307E+02  -1.1961159E-29
   3.1304681E+02  -2.3301345E-31
   3.1338055E+02   1.2543218E-29
   3.1371429E+02   2.4847323E-29
   3.1404802E+02   3.5081879E-29
   3.1438176E+02   4.1768696E-29
   3.1471550E+02   4.3747992E-29
   3.1504924E+02   4.0355099E-29
   3.1538298E+02   3.1549760E-29
   3.1571672E+02   1.7977441E-29
   3.1605046E+02   9.4818346E-31
   3.1638419E+02  -1.7671324E-29
   3.1671793E+02  -3.5646779E-29
   3.1705167E+02  -5.0629129E-29
   3.1738541E+02  -6.0444776E-29
   3.1771915E+02  -6.3388824E-29
   3.1805289E+02  -5.8484396E-29
   3.1838663E+02  -4.5671268E-29
   3.1872036E+02  -2.5893677E-29
   3.1905410E+02  -1.0669351E-30
   3.1938784E+02   2.6083282E-29
   3.1972158E+02   5.2299506E-29
   3.2005532E+02   7.4163241E-29
   3.2038906E+02   8.8518184E-29
   3.2072280E+02   9.2895985E-29
   3.2105653E+02   8.5889915E-29
   3.2139027E+02   6.7423955E-29
   3.2172401E+02   3.8873837E-29
   3.2205775E+02   3.0115887E-30
   3.2239149E+02  -3.6233339E-29
   3.2272523E+02  -7.4181808E-29
   3.2305897E+02  -1.0594231E-28
   3.2339270E+02  -1.2701965E-28
   3.2372644E+02  -1.3392187E-28
   3.2406018E+02  -1.2468727E-28
   3.2439392E+02  -9.9256339E-29
   3.2472766E+02  -5.9627724E-29
   3.2506140E+02  -9.7609620E-30
   3.2539514E+02   4.4782554E-29
   3.2572887E+02   9.7434180E-29
   3.2606261E+02   1.4139059E-28
   3.2639635E+02   1.7047698E-28
   3.2673009E+02   1.7999593E-28
   3.2706383E+02   1.6744992E-28
   3.2739757E+02   1.3303155E-28
   3.2773131E+02   7.9799716E-29
   3.2806504E+02   1.3491837E-29
   3.2839878E+02  -5.8032145E-29
   3.2873252E+02  -1.2567023E-28
   3.2906626E+02  -1.8019451E-28
   3.2940000E+02  -2.1347369E-28
   3.2973374E+02  -2.1964855E-28
   3.3006748E+02  -1.9610029E-28
   3.3040121E+02  -1.4406517E-28
   3.3073495E+02  -6.8782518E-29
   3.3106869E+02   2.0882979E-29
   3.3140243E+02   1.1334127E-28
   3.3173617E+02   1.9562452E-28
   3.3206991E+02   2.5504142E-28
   3.3240365E+02   2.8094539E-28
   3.3273739E+02   2.6639049E-28
   3.3307112E+02   2.0944129E-28
   3.3340486E+02   1.1393219E-28
   3.3373860E+02  -1.0480092E-29
   3.3407234E+02  -1.4904204E-28
   3.3440608E+02  -2.8338781E-28
   3.3473982E+02  -3.9365700E-28
   3.3507356E+02  -4.6102637E-28
   3.3540729E+02  -4.7036260E-28
   3.3574103E+02  -4.1265846E-28
   3.3607477E+02  -2.8690983E-28
   3.3640851E+02  -1.0113573E-28
   3.3674225E+02   1.2767760E-28
   3.3707599E+02   3.7480619E-28
   3.3740973E+02   6.1014587E-28
   3.3774346E+02   8.0150386E-28
   3.3807720E+02   9.1849477E-28
   3.3841094E+02   9.3659504E-28
   3.3874468E+02   8.4086313E-28
   3.3907842E+02   6.2881704E-28
   3.3941216E+02   3.1202944E-28
   3.3974590E+02  -8.3875597E-29
   3.4007963E+02  -5.2096800E-28
   3.4041337E+02  -9.5243572E-28
   3.4074711E+02  -1.3274084E-27
   3.4108085E+02  -1.5966985E-27
   3.4141459E+02  -1.7188303E-27
   3.4174833E+02  -1.6656355E-27
   3.4208207E+02  -1.4266922E-27
   3.4241580E+02  -1.0119748E-27
   3.4274954E+02  -4.5225197E-28
   3.4308328E+02   2.0297761E-28
   3.4341702E+02   8.8993650E-28
   3.4375076E+02   1.5370258E-27
   3.4408450E+02   2.0726336E-27
   3.4441824E+02   2.4334237E-27
   3.4475197E+02   2.5721176E-27
   3.4508571E+02   2.4637805E-27
   3.4541945E+02   2.1097540E-27
   3.4575319E+02   1.5386062E-27
   3.4608693E+02   8.0382991E-28
   3.4642067E+02  -2.1605756E-29
   3.4675441E+02  -8.5331764E-28
   3.4708814E+02  -1.6052925E-27
   3.4742188E+02  -2.2002324E-27
   3.4775562E+02  -2.5791461E-27
   3.4808936E+02  -2.7089079E-27
   3.4842310E+02  -2.5866790E-27
   3.4875684E+02  -2.2404642E-27
   3.4909058E+02  -1.7255283E-27
   3.4942431E+02  -1.1169340E-27
   3.4975805E+02  -4.9905924E-28
   3.5009179E+02   4.6665138E-29
   3.5042553E+02   4.5412735E-28
   3.5075927E+02   6.8326871E-28
   3.5109301E+02   7.2751118E-28
   3.5142675E+02   6.1652041E-28
   3.5176048E+02   4.1352027E-28
   3.5209422E+02   2.0704498E-28
   3.5242796E+02   9.7827226E-29
   3.5276170E+02   1.8220595E-28
   3.5309544E+02   5.3420434E-28
   3.5342918E+02   1.1886720E-27
   3.5376292E+02   2.1281680E-27
   3.5409666E+02   3.2758901E-27
   3.5443039E+02   4.4965102E-27
   3.5476413E+02   5.6058239E-27
   3.5509787E+02   6.3890715E-27
   3.5543161E+02   6.6265818E-27
   3.5576535E+02   6.1242508E-27
   3.5609909E+02   4.7454717E-27
   3.5643283E+02   2.4404190E-27
   3.5676656E+02  -7.3143199E-28
   3.5710030E+02  -4.5893986E-27
   3.5743404E+02  -8.8332099E-27
   3.5776778E+02  -1.3059780E-26
   3.5810152E+02  -1.6794981E-26
   3.5843526E+02  -1.9538530E-26
   3.5876900E+02  -2.0818156E-26
   3.5910273E+02  -2.0247844E-26
   3.5943647E+02  -1.7583679E-26
   3.5977021E+02  -1.2770658E-26
   3.6010395E+02  -5.9739396E-27
   3.6043769E+02   2.4106819E-27
   3.6077143E+02   1.1770541E-26
   3.6110517E+02   2.1315054E-26
   3.6143890E+02   3.0138138E-26
   3.6177264E+02   3.7299538E-26
   3.6210638E+02   4.1917942E-26
   3.6244012E+02   4.3267067E-26
   3.6277386E+02   4.0864400E-26
   3.6310760E+02   3.4542684E-26
   3.6344134E+02   2.4495139E-26
   3.6377507E+02   1.1287613E-26
   3.6410881E+02  -4.1662210E-27
   3.6444255E+02  -2.0666516E-26
   3.6477629E+02  -3.6821984E-26
   3.6511003E+02  -5.1170023E-26
   3.6544377E+02  -6.2311562E-26
   3.6577751E+02  -6.9047565E-26
   3.6611124E+02  -7.0503544E-26
   3.6644498E+02  -6.6228780E-26
   3.6677872E+02  -5.6259033E-26
   3.6711246E+02  -4.1135106E-26
   3.6744620E+02  -2.1873421E-26
   3.6777994E+02   1.0993670E-28
   3.6811368E+02   2.3115481E-26
   3.6844741E+02   4.5306457E-26
   3.6878115E+02   6.4870867E-26
   3.6911489E+02   8.0183619E-26
   3.6944863E+02   8.9952539E-26
   3.6978237E+02   9.3333831E-26
   3.7011611E+02   9.0004900E-26
   3.7044985E+02   8.0187921E-26
   3.7078358E+02   6.4621747E-26
   3.7111732E+02   4.4485595E-26
   3.7145106E+02   2.1282977E-26
   3.7178480E+02  -3.3008644E-27
   3.7211854E+02  -2.7553423E-26
   3.7245228E+02  -4.9884159E-26
   3.7278602E+02  -6.8952890E-26
   3.7311976E+02  -8.3764579E-26
   3.7345349E+02  -9.3721039E-26
   3.7378723E+02  -9.8625905E-26
   3.7412097E+02  -9.8644505E-26
   3.7445471E+02  -9.4225552E-26
   3.7478845E+02  -8.5995268E-26
   3.7512219E+02  -7.4641168E-26
   3.7545593E+02  -6.0798219E-26
   3.7578966E+02  -4.4958015E-26
   3.7612340E+02  -2.7410556E-26
   3.7645714E+02  -8.2325339E-27
   3.7679088E+02   1.2674946E-26
   3.7712462E+02   3.5499681E-26
   3.7745836E+02   6.0388935E-26
   3.7779210E+02   8.7293400E-26
   3.7812583E+02   1.1580013E-25
   3.7845957E+02   1.4498016E-25
   3.7879331E+02   1.7327431E-25
   3.7912705E+02   1.9844239E-25
   3.7946079E+02   2.1759752E-25
   3.7979453E+02   2.2734168E-25
   3.8012827E+02   2.2401194E-25
   3.8046200E+02   2.0403207E-25
   3.8079574E+02   1.6435478E-25
   3.8112948E+02   1.0296514E-25
   3.8146322E+02   1.9401590E-26
   3.8179696E+02  -8.4761453E-26
   3.8213070E+02  -2.0553453E-25
   3.8246444E+02  -3.3629877E-25
   3.8279817E+02  -4.6782972E-25
   3.8313191E+02  -5.8859875E-25
   3.8346565E+02  -6.8539524E-25
   3.8379939E+02  -7.4426172E-25
   3.8413313E+02  -7.5171867E-25
   3.8446687E+02  -6.9620505E-25
   3.8480061E+02  -5.6962758E-25
   3.8513434E+02  -3.6888006E-25
   3.8546808E+02  -9.7170136E-26
   3.8580182E+02   2.3502368E-25
   3.8613556E+02   6.0952630E-25
   3.8646930E+02   1.0007185E-24
   3.8680304E+02   1.3765537E-24
   3.8713678E+02   1.7003788E-24
   3.8747051E+02   1.9335194E-24
   3.8780425E+02   2.0385116E-24
   3.8813799E+02   1.9827751E-24
   3.8847173E+02   1.7424699E-24
   3.8880547E+02   1.3062034E-24
   3.8913921E+02   6.7823889E-25
   3.8947295E+02  -1.1916336E-25
   3.8980668E+02  -1.0446228E-24
   3.9014042E+02  -2.0380127E-24
   3.9047416E+02  -3.0225734E-24
   3.9080790E+02  -3.9088421E-24
   3.9114164E+02  -4.6004179E-24
   3.9147538E+02  -5.0013537E-24
   3.9180912E+02  -5.0248681E-24
   3.9214285E+02  -4.6028480E-24
   3.9247659E+02  -3.6954686E-24
   3.9281033E+02  -2.3000806E-24
   3.9314407E+02  -4.5842152E-25
   3.9347781E+02   1.7388963E-24
   3.9381155E+02   4.1516093E-24
   3.9414529E+02   6.5936260E-24
   3.9447903E+02   8.8420831E-24
   3.9481276E+02   1.0651883E-23
   3.9514650E+02   1.1775416E-23
   3.9548024E+02   1.1986603E-23
   3.9581398E+02   1.1107632E-23
   3.9614772E+02   9.0361319E-24
   3.9648146E+02   5.7699397E-24
   3.9681520E+02   1.4262349E-24
   3.9714893E+02  -3.7482919E-24
   3.9748267E+02  -9.3792469E-24
   3.9781641E+02  -1.4980557E-23
   3.9815015E+02  -1.9985838E-23
   3.9848389E+02  -2.3794566E-23
   3.9881763E+02  -2.5830679E-23
   3.9915137E+02  -2.5609341E-23
   3.9948510E+02  -2.2805543E-23
   3.9981884E+02  -1.7317166E-23
   4.0015258E+02  -9.3138196E-24
   4.0048632E+02   7.3659059E-25
   4.0082006E+02   1.2070930E-23
   4.0115380E+02   2.3668322E-23
   4.0148754E+02   3.4323849E-23
   4.0182127E+02   4.2755895E-23
   4.0215501E+02   4.7740537E-23
   4.0248875E+02   4.8261213E-23
   4.0282249E+02   4.3658879E-23
   4.0315623E+02   3.3764282E-23
   4.0348997E+02   1.8993896E-23
   4.0382371E+02   3.9137914E-25
   4.0415744E+02  -2.0399295E-23
   4.0449118E+02  -4.1237615E-23
   4.0482492E+02  -5.9667312E-23
   4.0515866E+02  -7.3165284E-23
   4.0549240E+02  -7.9439555E-23
   4.0582614E+02  -7.6747646E-23
   4.0615988E+02  -6.4199854E-23
   4.0649361E+02  -4.2006670E-23
   4.0682735E+02  -1.1629700E-23
   4.0716109E+02   2.4199455E-23
   4.0749483E+02   6.1617995E-23
   4.0782857E+02   9.5938651E-23
   4.0816231E+02   1.2211475E-22
   4.0849605E+02   1.3533221E-22
   4.0882978E+02   1.3167525E-22
   4.0916352E+02   1.0879293E-22
   4.0949726E+02   6.6480262E-23
   4.0983100E+02   7.0833651E-24
   4.1016474E+02  -6.4356194E-23
   4.1049848E+02  -1.4028346E-22
   4.1083222E+02  -2.1117394E-22
   4.1116595E+02  -2.6643294E-22
   4.1149969E+02  -2.9559666E-22
   4.1183343E+02  -2.8973132E-22
   4.1216717E+02  -2.4288333E-22
   4.1250091E+02  -1.5339813E-22
   4.1283465E+02  -2.4912515E-23
   4.1316839E+02   1.3316563E-22
   4.1350213E+02   3.0584513E-22
   4.1383586E+02   4.7349537E-22
   4.1416960E+02   6.1355592E-22
   4.1450334E+02   7.0292096E-22
   4.1483708E+02   7.2080500E-22
   4.1517082E+02   6.5180217E-22
   4.1550456E+02   4.8877751E-22
   4.1583830E+02   2.3519208E-22
   4.1617203E+02  -9.3527147E-23
   4.1650577E+02  -4.6990882E-22
   4.1683951E+02  -8.5586758E-22
   4.1717325E+02  -1.2057114E-21
   4.1750699E+02  -1.4706006E-21
   4.1784073E+02  -1.6041338E-21
   4.1817447E+02  -1.5685361E-21
   4.1850820E+02  -1.3407711E-21
   4.1884194E+02  -9.1779344E-22
   4.1917568E+02  -3.2014374E-22
   4.1950942E+02   4.0683897E-22
   4.1984316E+02   1.1947237E-21
   4.2017690E+02   1.9568743E-21
   4.2051064E+02   2.5964212E-21
   4.2084437E+02   3.0168087E-21
   4.2117811E+02   3.1340020E-21
   4.2151185E+02   2.8890697E-21
   4.2184559E+02   2.2595923E-21
   4.2217933E+02   1.2682315E-21
   4.2251307E+02  -1.3112105E-23
   4.2284681E+02  -1.4648371E-21
   4.2318054E+02  -2.9276109E-21
   4.2351428E+02  -4.2168084E-21
   4.2384802E+02  -5.1425948E-21
   4.2418176E+02  -5.5339207E-21
   4.2451550E+02  -5.2639153E-21
   4.2484924E+02  -4.2734929E-21
   4.2518298E+02  -2.5897179E-21
   4.2551671E+02  -3.3558830E-22
   4.2585045E+02   2.2715008E-21
   4.2618419E+02   4.9342745E-21
   4.2651793E+02   7.3032212E-21
   4.2685167E+02   9.0157024E-21
   4.2718541E+02   9.7430826E-21
   4.2751915E+02   9.2406713E-21
   4.2785288E+02   7.3940689E-21
   4.2818662E+02   4.2549686E-21
   4.2852036E+02   5.9802371E-23
   4.2885410E+02  -4.7740721E-21
   4.2918784E+02  -9.6776521E-21
   4.2952158E+02  -1.3985026E-20
   4.2985532E+02  -1.7009948E-20
   4.3018905E+02  -1.8137156E-20
   4.3052279E+02  -1.6918057E-20
   4.3085653E+02  -1.3158340E-20
   4.3119027E+02  -6.9841210E-21
   4.3152401E+02   1.1257242E-21
   4.3185775E+02   1.0350656E-20
   4.3219149E+02   1.9588181E-20
   4.3252522E+02   2.7561309E-20
   4.3285896E+02   3.2966385E-20
   4.3319270E+02   3.4647145E-20
   4.3352644E+02   3.1775394E-20
   4.3386018E+02   2.4014585E-20
   4.3419392E+02   1.1641804E-20
   4.3452766E+02  -4.3945505E-21
   4.3486140E+02  -2.2498569E-20
   4.3519513E+02  -4.0540897E-20
   4.3552887E+02  -5.6060822E-20
   4.3586261E+02  -6.6542577E-20
   4.3619635E+02  -6.9739623E-20
   4.3653009E+02  -6.4011533E-20
   4.3686383E+02  -4.8631312E-20
   4.3719757E+02  -2.4019037E-20
   4.3753130E+02   8.1379192E-21
   4.3786504E+02   4.4909012E-20
   4.3819878E+02   8.2304956E-20
   4.3853252E+02   1.1562028E-19
   4.3886626E+02   1.3991150E-19
   4.3920000E+02   1.5056873E-19
   4.3953374E+02   1.4392194E-19
   4.3986747E+02   1.1781223E-19
   4.4020121E+02   7.2054126E-20
   4.4053495E+02   8.7213174E-21
   4.4086869E+02  -6.7799290E-20
   4.4120243E+02  -1.5101761E-19
   4.4153617E+02  -2.3281939E-19
   4.4186991E+02  -3.0418872E-19
   4.4220364E+02  -3.5611736E-19
   4.4253738E+02  -3.8061865E-19
   4.4287112E+02  -3.7174337E-19
   4.4320486E+02  -3.2648612E-19
   4.4353860E+02  -2.4547306E-19
   4.4387234E+02  -1.3333656E-19
   4.4420608E+02   1.2935295E-21
   4.4453981E+02   1.4621679E-19
   4.4487355E+02   2.8650282E-19
   4.4520729E+02   4.0570066E-19
   4.4554103E+02   4.8733201E-19
   4.4587477E+02   5.1654953E-19
   4.4620851E+02   4.8181487E-19
   4.4654225E+02   3.7643514E-19
   4.4687598E+02   1.9979085E-19
   4.4720972E+02  -4.1900223E-20
   4.4754346E+02  -3.3542024E-19
   4.4787720E+02  -6.6107711E-19
   4.4821094E+02  -9.9395377E-19
   4.4854468E+02  -1.3058383E-18
   4.4887842E+02  -1.5677105E-18
   4.4921215E+02  -1.7525778E-18
   4.4954589E+02  -1.8383795E-18
   4.4987963E+02  -1.8106309E-18
   4.5021337E+02  -1.6644522E-18
   4.5054711E+02  -1.4056391E-18
   4.5088085E+02  -1.0505002E-18
   4.5121459E+02  -6.2426142E-19
   4.5154832E+02  -1.5799873E-19
   4.5188206E+02   3.1579171E-19
   4.5221580E+02   7.6867826E-19
   4.5254954E+02   1.1823899E-18
   4.5288328E+02   1.5549287E-18
   4.5321702E+02   1.9060967E-18
   4.5355076E+02   2.2818489E-18
   4.5388450E+02   2.7570393E-18
   4.5421823E+02   3.4363672E-18
   4.5455197E+02   4.4536058E-18
   4.5488571E+02   5.9694610E-18
   4.5521945E+02   8.1686402E-18
   4.5555319E+02   1.1256858E-17
   4.5588693E+02   1.5458474E-17
   4.5622067E+02   2.1015390E-17
   4.5655440E+02   2.8187870E-17
   4.5688814E+02   3.7257743E-17
   4.5722188E+02   4.8534091E-17
   4.5755562E+02   6.2362212E-17
   4.5788936E+02   7.9135535E-17
   4.5822310E+02   9.9310901E-17
   4.5855684E+02   1.2342682E-16
   4.5889057E+02   1.5212450E-16
   4.5922431E+02   1.8617015E-16
   4.5955805E+02   2.2647795E-16
   4.5989179E+02   2.7413107E-16
   4.6022553E+02   3.3039928E-16
   4.6055927E+02   3.9675068E-16
   4.6089301E+02   4.7485625E-16
   4.6122674E+02   5.6658759E-16
   4.6156048E+02   6.7400778E-16
   4.6189422E+02   7.9935436E-16
   4.6222796E+02   9.4502015E-16
   4.6256170E+02   1.1135257E-15
   4.6289544E+02   1.3074860E-15
   4.6322918E+02   1.5295674E-15
   4.6356291E+02   1.7824155E-15
   4.6389665E+02   2.0685578E-15
   4.6423039E+02   2.3902592E-15
   4.6456413E+02   2.7493239E-15
   4.6489787E+02   3.1468259E-15
   4.6523161E+02   3.5827766E-15
   4.6556535E+02   4.0556920E-15
   4.6589908E+02   4.5620686E-15
   4.6623282E+02   5.0957079E-15
   4.6656656E+02   5.6468925E-15
   4.6690030E+02   6.2013395E-15
   4.6723404E+02   6.7388882E-15
   4.6756778E+02   7.2318775E-15
   4.6790152E+02   7.6431925E-15
   4.6823525E+02   7.9238213E-15
   4.6856899E+02   8.0099425E-15
   4.6890273E+02   7.8194016E-15
   4.6923647E+02   7.2474341E-15
   4.6957021E+02   6.1614515E-15
   4.6990395E+02   4.3947881E-15
   4.7023769E+02   1.7391518E-15
   4.7057142E+02  -2.0645479E-15
   4.7090516E+02  -7.3369791E-15
   4.7123890E+02  -1.4473665E-14
   4.7157264E+02  -2.3960380E-14
   4.7190638E+02  -3.6391761E-14
   4.7224012E+02  -5.2492759E-14
   4.7257386E+02  -7.3143978E-14
   4.7290760E+02  -9.9411663E-14
   4.7324133E+02  -1.3258261E-13
   4.7357507E+02  -1.7420389E-13
   4.7390881E+02  -2.2613172E-13
   4.7424255E+02  -2.9058716E-13
   4.7457629E+02  -3.7022094E-13
   4.7491003E+02  -4.6819037E-13
   4.7524377E+02  -5.8824690E-13
   4.7557750E+02  -7.3484144E-13
   4.7591124E+02  -9.1323824E-13
   4.7624498E+02  -1.1296567E-12
   4.7657872E+02  -1.3914245E-12
   4.7691246E+02  -1.7071637E-12
   4.7724620E+02  -2.0869951E-12
   4.7757994E+02  -2.5427815E-12
   4.7791367E+02  -3.0883959E-12
   4.7824741E+02  -3.7400426E-12
   4.7858115E+02  -4.5166041E-12
   4.7891489E+02  -5.4400547E-12
   4.7924863E+02  -6.5359254E-12
   4.7958237E+02  -7.8338178E-12
   4.7991611E+02  -9.3680081E-12
   4.8024984E+02  -1.1178110E-11
   4.8058358E+02  -1.3309855E-11
   4.8091732E+02  -1.5815880E-11
   4.8125106E+02  -1.8756758E-11
   4.8158480E+02  -2.2202018E-11
   4.8191854E+02  -2.6231397E-11
   4.8225228E+02  -3.0936149E-11
   4.8258601E+02  -3.6420523E-11
   4.8291975E+02  -4.2803493E-11
   4.8325349E+02  -5.0220609E-11
   4.8358723E+02  -5.8826000E-11
   4.8392097E+02  -6.8794664E-11
   4.8425471E+02  -8.0325045E-11
   4.8458845E+02  -9.3641636E-11
   4.8492218E+02  -1.0899827E-10
   4.8525592E+02  -1.2668122E-10
   4.8558966E+02  -1.4701276E-10
   4.8592340E+02  -1.7035551E-10
   4.8625714E+02  -1.9711636E-10
   4.8659088E+02  -2.2775141E-10
   4.8692462E+02  -2.6277111E-10
   4.8725835E+02  -3.0274541E-10
   4.8759209E+02  -3.4831013E-10
   4.8792583E+02  -4.0017289E-10
   4.8825957E+02  -4.5912057E-10
   4.8859331E+02  -5.2602489E-10
   4.8892705E+02  -6.0185312E-10
   4.8926079E+02  -6.8767247E-10
   4.8959452E+02  -7.8466189E-10
   4.8992826E+02  -8.9411850E-10
   4.9026200E+02  -1.0174701E-09
   4.9059574E+02  -1.1562822E-09
   4.9092948E+02  -1.3122690E-09
   4.9126322E+02  -1.4873064E-09
   4.9159696E+02  -1.6834395E-09
   4.9193069E+02  -1.9028961E-09
   4.9226443E+02  -2.1480948E-09
   4.9259817E+02  -2.4216613E-09
   4.9293191E+02  -2.7264349E-09
   4.9326565E+02  -3.0654828E-09
   4.9359939E+02  -3.4421055E-09
   4.9393313E+02  -3.8598578E-09
   4.9426687E+02  -4.3225463E-09
   4.9460060E+02  -4.8342472E-09
   4.9493434E+02  -5.3993019E-09
   4.9526808E+02  -6.0223502E-09
   4.9560182E+02  -6.7083032E-09
   4.9593556E+02  -7.4623703E-09
   4.9626930E+02  -8.2900522E-09
   4.9660304E+02  -9.1971373E-09
   4.9693677E+02  -1.0189715E-08
   4.9727051E+02  -1.1274145E-08
   4.9760425E+02  -1.2457067E-08
   4.9793799E+02  -1.3745391E-08
   4.9827173E+02  -1.5146270E-08
   4.9860547E+02  -1.6667080E-08
   4.9893921E+02  -1.8315397E-08
   4.9927294E+02  -2.0098996E-08
   4.9960668E+02  -2.2025775E-08
   4.9994042E+02  -2.4103732E-08
   5.0027416E+02  -2.6340929E-08
   5.0060790E+02  -2.8745445E-08
   5.0094164E+02  -3.1325285E-08
   5.0127538E+02  -3.4088373E-08
   5.0160911E+02  -3.7042422E-08
   5.0194285E+02  -4.0194926E-08
   5.0227659E+02  -4.3553015E-08
   5.0261033E+02  -4.7123397E-08
   5.0294407E+02  -5.0912252E-08
   5.0327781E+02  -5.4925142E-08
   5.0361155E+02  -5.9166926E-08
   5.0394528E+02  -6.3641593E-08
   5.0427902E+02  -6.8352151E-08
   5.0461276E+02  -7.3300583E-08
   5.0494650E+02  -7.8487638E-08
   5.0528024E+02  -8.3912667E-08
   5.0561398E+02  -8.9573639E-08
   5.0594772E+02  -9.5466760E-08
   5.0628145E+02  -1.0158671E-07
   5.0661519E+02  -1.0792613E-07
   5.0694893E+02  -1.1447563E-07
   5.0728267E+02  -1.2122376E-07
   5.0761641E+02  -1.2815673E-07
   5.0795015E+02  -1.3525828E-07
   5.0828389E+02  -1.4250980E-07
   5.0861762E+02  -1.4989001E-07
   5.0895136E+02  -1.5737469E-07
   5.0928510E+02  -1.6493716E-07
   5.0961884E+02  -1.7254760E-07
   5.0995258E+02  -1.8017340E-07
   5.1028632E+02  -1.8777882E-07
   5.1062006E+02  -1.9532550E-07
   5.1095379E+02  -2.0277145E-07
   5.1128753E+02  -2.1007243E-07
   5.1162127E+02  -2.1718073E-07
   5.1195501E+02  -2.2404623E-07
   5.1228875E+02  -2.3061583E-07
   5.1262249E+02  -2.3683381E-07
   5.1295623E+02  -2.4264219E-07
   5.1328997E+02  -2.4798032E-07
   5.1362370E+02  -2.5278598E-07
   5.1395744E+02  -2.5699478E-07
   5.1429118E+02  -2.6054096E-07
   5.1462492E+02  -2.6335749E-07
   5.1495866E+02  -2.6537663E-07
   5.1529240E+02  -2.6652981E-07
   5.1562614E+02  -2.6674854E-07
   5.1595987E+02  -2.6596436E-07
   5.1629361E+02  -2.6410996E-07
   5.1662735E+02  -2.6111906E-07
   5.1696109E+02  -2.5692674E-07
   5.1729483E+02  -2.5147085E-07
   5.1762857E+02  -2.4469151E-07
   5.1796231E+02  -2.3653239E-07
   5.1829604E+02  -2.2694060E-07
   5.1862978E+02  -2.1586780E-07
   5.1896352E+02  -2.0327076E-07
   5.1929726E+02  -1.8911111E-07
   5.1963100E+02  -1.7335667E-07
   5.1996474E+02  -1.5598191E-07
   5.2029848E+02  -1.3696814E-07
   5.2063221E+02  -1.1630415E-07
   5.2096595E+02  -9.3986536E-08
   5.2129969E+02  -7.0020214E-08
   5.2163343E+02  -4.4418854E-08
   5.2196717E+02  -1.7205139E-08
   5.2230091E+02   1.1588952E-08
   5.2263465E+02   4.1921808E-08
   5.2296838E+02   7.3742157E-08
   5.2330212E+02   1.0698867E-07
   5.2363586E+02   1.4159031E-07
   5.2396960E+02   1.7746575E-07
   5.2430334E+02   2.1452391E-07
   5.2463708E+02   2.5266405E-07
   5.2497082E+02   2.9177556E-07
   5.2530455E+02   3.3173896E-07
   5.2563829E+02   3.7242509E-07
   5.2597203E+02   4.1369694E-07
   5.2630577E+02   4.5540895E-07
   5.2663951E+02   4.9740828E-07
   5.2697325E+02   5.3953505E-07
   5.2730699E+02   5.8162311E-07
   5.2764072E+02   6.2350085E-07
   5.2797446E+02   6.6499234E-07
   5.2830820E+02   7.0591733E-07
   5.2864194E+02   7.4609329E-07
   5.2897568E+02   7.8533492E-07
   5.2930942E+02   8.2345667E-07
   5.2964316E+02   8.6027296E-07
   5.2997689E+02   8.9559882E-07
   5.3031063E+02   9.2925200E-07
   5.3064437E+02   9.6105396E-07
   5.3097811E+02   9.9083013E-07
   5.3131185E+02   1.0184103E-06
   5.3164559E+02   1.0436336E-06
   5.3197933E+02   1.0663425E-06
   5.3231306E+02   1.0863930E-06
   5.3264680E+02   1.1036473E-06
   5.3298054E+02   1.1179800E-06
   5.3331428E+02   1.1292752E-06
   5.3364802E+02   1.1374314E-06
   5.3398176E+02   1.1423593E-06
   5.3431550E+02   1.1439831E-06
   5.3464924E+02   1.1422426E-06
   5.3498297E+02   1.1370913E-06
   5.3531671E+02   1.1284985E-06
   5.3565045E+02   1.1164497E-06
   5.3598419E+02   1.1009463E-06
   5.3631793E+02   1.0820055E-06
   5.3665167E+02   1.0596617E-06
   5.3698541E+02   1.0339659E-06
   5.3731914E+02   1.0049843E-06
   5.3765288E+02   9.7279985E-07
   5.3798662E+02   9.3751100E-07
   5.3832036E+02   8.9923094E-07
   5.3865410E+02   8.5808915E-07
   5.3898784E+02   8.1422752E-07
   5.3932158E+02   7.6780185E-07
   5.3965531E+02   7.1898211E-07
   5.3998905E+02   6.6794752E-07
   5.4032279E+02   6.1488993E-07
   5.4065653E+02   5.6001096E-07
   5.4099027E+02   5.0352043E-07
   5.4132401E+02   4.4563603E-07
   5.4165775E+02   3.8658169E-07
   5.4199148E+02   3.2658664E-07
   5.4232522E+02   2.6588398E-07
   5.4265896E+02   2.0471009E-07
   5.4299270E+02   1.4330210E-07
   5.4332644E+02   8.1897852E-08
   5.4366018E+02   2.0733665E-08
   5.4399392E+02  -3.9956205E-08
   5.4432765E+02  -9.9941190E-08
   5.4466139E+02  -1.5899553E-07
   5.4499513E+02  -2.1689951E-07
   5.4532887E+02  -2.7344049E-07
   5.4566261E+02  -3.2841436E-07
   5.4599635E+02  -3.8162577E-07
   5.4633009E+02  -4.3289026E-07
   5.4666382E+02  -4.8203384E-07
   5.4699756E+02  -5.2889516E-07
   5.4733130E+02  -5.7332505E-07
   5.4766504E+02  -6.1518801E-07
   5.4799878E+02  -6.5436160E-07
   5.4833252E+02  -6.9073900E-07
   5.4866626E+02  -7.2422694E-07
   5.4899999E+02  -7.5474713E-07
   5.4933373E+02  -7.8223729E-07
   5.4966747E+02  -8.0664961E-07
   5.5000121E+02  -8.2795225E-07
   5.5033495E+02  -8.4612719E-07
   5.5066869E+02  -8.6117308E-07
   5.5100243E+02  -8.7310252E-07
   5.5133616E+02  -8.8194264E-07
   5.5166990E+02  -8.8773436E-07
   5.5200364E+02  -8.9053253E-07
   5.5233738E+02  -8.9040418E-07
   5.5267112E+02  -8.8742905E-07
   5.5300486E+02  -8.8169867E-07
   5.5333860E+02  -8.7331455E-07
   5.5367234E+02  -8.6238884E-07
   5.5400607E+02  -8.4904246E-07
   5.5433981E+02  -8.3340552E-07
   5.5467355E+02  -8.1561438E-07
   5.5500729E+02  -7.9581230E-07
   5.5534103E+02  -7.7414848E-07
   5.5567477E+02  -7.5077594E-07
   5.5600851E+02  -7.2585169E-07
   5.5634224E+02  -6.9953541E-07
   5.5667598E+02  -6.7198789E-07
   5.5700972E+02  -6.4337127E-07
   5.5734346E+02  -6.1384685E-07
   5.5767720E+02  -5.8357529E-07
   5.5801094E+02  -5.5271528E-07
   5.5834468E+02  -5.2142252E-07
   5.5867841E+02  -4.8985021E-07
   5.5901215E+02  -4.5814630E-07
   5.5934589E+02  -4.2645462E-07
   5.5967963E+02  -3.9491309E-07
   5.6001337E+02  -3.6365361E-07
   5.6034711E+02  -3.3280122E-07
   5.6068085E+02  -3.0247367E-07
   5.6101458E+02  -2.7278134E-07
   5.6134832E+02  -2.4382643E-07
   5.6168206E+02  -2.1570300E-07
   5.6201580E+02  -1.8849637E-07
   5.6234954E+02  -1.6228364E-07
   5.6268328E+02  -1.3713287E-07
   5.6301702E+02  -1.1310337E-07
   5.6335075E+02  -9.0245692E-08
   5.6368449E+02  -6.8601473E-08
   5.6401823E+02  -4.8203660E-08
   5.6435197E+02  -2.9076709E-08
   5.6468571E+02  -1.1236558E-08
   5.6501945E+02   5.3090332E-09
   5.6535319E+02   2.0560019E-08
   5.6568692E+02   3.4523953E-08
   5.6602066E+02   4.7215345E-08
   5.6635440E+02   5.8655399E-08
   5.6668814E+02   6.8871557E-08
   5.6702188E+02   7.7896928E-08
   5.6735562E+02   8.5769976E-08
   5.6768936E+02   9.2533952E-08
   5.6802309E+02   9.8236498E-08
   5.6835683E+02   1.0292917E-07
   5.6869057E+02   1.0666683E-07
   5.6902431E+02   1.0950716E-07
   5.6935805E+02   1.1151019E-07
   5.6969179E+02   1.1273759E-07
   5.7002553E+02   1.1325223E-07
   5.7035926E+02   1.1311763E-07
   5.7069300E+02   1.1239734E-07
   5.7102674E+02   1.1115462E-07
   5.7136048E+02   1.0945185E-07
   5.7169422E+02   1.0735022E-07
   5.7202796E+02   1.0490932E-07
   5.7236170E+02   1.0218678E-07
   5.7269543E+02   9.9237980E-08
   5.7302917E+02   9.6115734E-08
   5.7336291E+02   9.2869932E-08
   5.7369665E+02   8.9547413E-08
   5.7403039E+02   8.6191562E-08
   5.7436413E+02   8.2842178E-08
   5.7469787E+02   7.9535340E-08
   5.7503161E+02   7.6303166E-08
   5.7536534E+02   7.3173929E-08
   5.7569908E+02   7.0171851E-08
   5.7603282E+02   6.7317288E-08
   5.7636656E+02   6.4626704E-08
   5.7670030E+02   6.2112761E-08
   5.7703404E+02   5.9784469E-08
   5.7736778E+02   5.7647188E-08
   5.7770151E+02   5.5702873E-08
   5.7803525E+02   5.3950064E-08
   5.7836899E+02   5.2384223E-08
   5.7870273E+02   5.0997752E-08
   5.7903647E+02   4.9780308E-08
   5.7937021E+02   4.8719016E-08
   5.7970395E+02   4.7798714E-08
   5.8003768E+02   4.7002345E-08
   5.8037142E+02   4.6311218E-08
   5.8070516E+02   4.5705324E-08
   5.8103890E+02   4.5163567E-08
   5.8137264E+02   4.4664215E-08
   5.8170638E+02   4.4185029E-08
   5.8204012E+02   4.3703547E-08
   5.8237385E+02   4.3197279E-08
   5.8270759E+02   4.2644078E-08
   5.8304133E+02   4.2022140E-08
   5.8337507E+02   4.1310454E-08
   5.8370881E+02   4.0488882E-08
   5.8404255E+02   3.9538474E-08
   5.8437629E+02   3.8441666E-08
   5.8471002E+02   3.7182414E-08
   5.8504376E+02   3.5746552E-08
   5.8537750E+02   3.4121708E-08
   5.8571124E+02   3.2297550E-08
   5.8604498E+02   3.0265838E-08
   5.8637872E+02   2.8020427E-08
   5.8671246E+02   2.5557265E-08
   5.8704619E+02   2.2874506E-08
   5.8737993E+02   1.9972395E-08
   5.8771367E+02   1.6853281E-08
   5.8804741E+02   1.3521658E-08
   5.8838115E+02   9.9841593E-09
   5.8871489E+02   6.2494543E-09
   5.8904863E+02   2.3282993E-09
   5.8938236E+02  -1.7665407E-09
   5.8971610E+02  -6.0204641E-09
   5.9004984E+02  -1.0417125E-08
   5.9038358E+02  -1.4938585E-08
   5.9071732E+02  -1.9565483E-08
   5.9105106E+02  -2.4277220E-08
   5.9138480E+02  -2.9052167E-08
   5.9171853E+02  -3.3867764E-08
   5.9205227E+02  -3.8700676E-08
   5.9238601E+02  -4.3526853E-08
   5.9271975E+02  -4.8321738E-08
   5.9305349E+02  -5.3060447E-08
   5.9338723E+02  -5.7717784E-08
   5.9372097E+02  -6.2268384E-08
   5.9405471E+02  -6.6687051E-08
   5.9438844E+02  -7.0948857E-08
   5.9472218E+02  -7.5029376E-08
   5.9505592E+02  -7.8904790E-08
   5.9538966E+02  -8.2552049E-08
   5.9572340E+02  -8.5949296E-08
   5.9605714E+02  -8.9075570E-08
   5.9639088E+02  -9.1911119E-08
   5.9672461E+02  -9.4437524E-08
   5.9705835E+02  -9.6637649E-08
   5.9739209E+02  -9.8495832E-08
   5.9772583E+02  -9.9997720E-08
   5.9805957E+02  -1.0113087E-07
   5.9839331E+02  -1.0188410E-07
   5.9872705E+02  -1.0224835E-07
   5.9906078E+02  -1.0221652E-07
   5.9939452E+02  -1.0178320E-07
   5.9972826E+02  -1.0094516E-07
   6.0006200E+02  -9.9701452E-08
   6.0039574E+02  -9.8052936E-08
   6.0072948E+02  -9.6002680E-08
   6.0106322E+02  -9.3555670E-08
   6.0139695E+02  -9.0718984E-08
   6.0173069E+02  -8.7501618E-08
   6.0206443E+02  -8.3914500E-08
   6.0239817E+02  -7.9970562E-08
   6.0273191E+02  -7.5684696E-08
   6.0306565E+02  -7.1073615E-08
   6.0339939E+02  -6.6156076E-08
   6.0373312E+02  -6.0952587E-08
   6.0406686E+02  -5.5485536E-08
   6.0440060E+02  -4.9778848E-08
   6.0473434E+02  -4.3858080E-08
   6.0506808E+02  -3.7750105E-08
   6.0540182E+02  -3.1483001E-08
   6.0573556E+02  -2.5086011E-08
   6.0606929E+02  -1.8589313E-08
   6.0640303E+02  -1.2023960E-08
   6.0673677E+02  -5.4218212E-09
   6.0707051E+02   1.1845920E-09
   6.0740425E+02   7.7620470E-09
   6.0773799E+02   1.4277013E-08
   6.0807173E+02   2.0695616E-08
   6.0840546E+02   2.6983912E-08
   6.0873920E+02   3.3107881E-08
   6.0907294E+02   3.9033921E-08
   6.0940668E+02   4.4728978E-08
   6.0974042E+02   5.0160480E-08
   6.1007416E+02   5.5296766E-08
   6.1040790E+02   6.0107112E-08
   6.1074163E+02   6.4561959E-08
   6.1107537E+02   6.8632943E-08
   6.1140911E+02   7.2293034E-08
   6.1174285E+02   7.5516624E-08
   6.1207659E+02   7.8279726E-08
   6.1241033E+02   8.0560113E-08
   6.1274407E+02   8.2337664E-08
   6.1307781E+02   8.3593790E-08
   6.1341154E+02   8.4312575E-08
   6.1374528E+02   8.4480064E-08
   6.1407902E+02   8.4084718E-08
   6.1441276E+02   8.3117811E-08
   6.1474650E+02   8.1572352E-08
   6.1508024E+02   7.9444391E-08
   6.1541398E+02   7.6732192E-08
   6.1574771E+02   7.3436638E-08
   6.1608145E+02   6.9560912E-08
   6.1641519E+02   6.5111010E-08
   6.1674893E+02   6.0095090E-08
   6.1708267E+02   5.4524236E-08
   6.1741641E+02   4.8411465E-08
   6.1775015E+02   4.1772864E-08
   6.1808388E+02   3.4626510E-08
   6.1841762E+02   2.6992822E-08
   6.1875136E+02   1.8894596E-08
   6.1908510E+02   1.0356288E-08
   6.1941884E+02   1.4046435E-09
   6.1975258E+02  -7.9322007E-09
   6.2008632E+02  -1.7624373E-08
   6.2042005E+02  -2.7640617E-08
   6.2075379E+02  -3.7948375E-08
   6.2108753E+02  -4.8514000E-08
   6.2142127E+02  -5.9302746E-08
   6.2175501E+02  -7.0279043E-08
   6.2208875E+02  -8.1406611E-08
   6.2242249E+02  -9.2648591E-08
   6.2275622E+02  -1.0396775E-07
   6.2308996E+02  -1.1532660E-07
   6.2342370E+02  -1.2668760E-07
   6.2375744E+02  -1.3801332E-07
   6.2409118E+02  -1.4926655E-07
   6.2442492E+02  -1.6041049E-07
   6.2475866E+02  -1.7140889E-07
   6.2509239E+02  -1.8222590E-07
   6.2542613E+02  -1.9282659E-07
   6.2575987E+02  -2.0317655E-07
   6.2609361E+02  -2.1324234E-07
   6.2642735E+02  -2.2299122E-07
   6.2676109E+02  -2.3239133E-07
   6.2709483E+02  -2.4141181E-07
   6.2742856E+02  -2.5002271E-07
   6.2776230E+02  -2.5819486E-07
   6.2809604E+02  -2.6590044E-07
   6.2842978E+02  -2.7311182E-07
   6.2876352E+02  -2.7980292E-07
   6.2909726E+02  -2.8594826E-07
   6.2943100E+02  -2.9152278E-07
   6.2976473E+02  -2.9650252E-07
   6.3009847E+02  -3.0086358E-07
   6.3043221E+02  -3.0458307E-07
   6.3076595E+02  -3.0763809E-07
   6.3109969E+02  -3.1000639E-07
   6.3143343E+02  -3.1166576E-07
   6.3176717E+02  -3.1259427E-07
   6.3210090E+02  -3.1277045E-07
   6.3243464E+02  -3.1217269E-07
   6.3276838E+02  -3.1077968E-07
   6.3310212E+02  -3.0857024E-07
   6.3343586E+02  -3.0552343E-07
   6.3376960E+02  -3.0161857E-07
   6.3410334E+02  -2.9683488E-07
   6.3443708E+02  -2.9115211E-07
   6.3477081E+02  -2.8454997E-07
   6.3510455E+02  -2.7700921E-07
   6.3543829E+02  -2.6851035E-07
   6.3577203E+02  -2.5903546E-07
   6.3610577E+02  -2.4856703E-07
   6.3643951E+02  -2.3708886E-07
   6.3677325E+02  -2.2458627E-07
   6.3710698E+02  -2.1104601E-07
   6.3744072E+02  -1.9645717E-07
   6.3777446E+02  -1.8081050E-07
   6.3810820E+02  -1.6409976E-07
   6.3844194E+02  -1.4632143E-07
   6.3877568E+02  -1.2747478E-07
   6.3910942E+02  -1.0756261E-07
   6.3944315E+02  -8.6591527E-08
   6.3977689E+02  -6.4572006E-08
   6.4011063E+02  -4.1519066E-08
   6.4044437E+02  -1.7452052E-08
   6.4077811E+02   7.6043207E-09
   6.4111185E+02   3.3620616E-08
   6.4144559E+02   6.0561305E-08
   6.4177932E+02   8.8385960E-08
   6.4211306E+02   1.1704768E-07
   6.4244680E+02   1.4649419E-07
   6.4278054E+02   1.7666684E-07
   6.4311428E+02   2.0750099E-07
   6.4344802E+02   2.3892591E-07
   6.4378176E+02   2.7086506E-07
   6.4411549E+02   3.0323565E-07
   6.4444923E+02   3.3594927E-07
   6.4478297E+02   3.6891160E-07
   6.4511671E+02   4.0202286E-07
   6.4545045E+02   4.3517844E-07
   6.4578419E+02   4.6826858E-07
   6.4611793E+02   5.0117922E-07
   6.4645166E+02   5.3379279E-07
   6.4678540E+02   5.6598776E-07
   6.4711914E+02   5.9764022E-07
   6.4745288E+02   6.2862421E-07
   6.4778662E+02   6.5881181E-07
   6.4812036E+02   6.8807418E-07
   6.4845410E+02   7.1628273E-07
   6.4878783E+02   7.4330876E-07
   6.4912157E+02   7.6902563E-07
   6.4945531E+02   7.9330766E-07
   6.4978905E+02   8.1603258E-07
   6.5012279E+02   8.3708136E-07
   6.5045653E+02   8.5633940E-07
   6.5079027E+02   8.7369688E-07
   6.5112400E+02   8.8905108E-07
   6.5145774E+02   9.0230429E-07
   6.5179148E+02   9.1336688E-07
   6.5212522E+02   9.2215737E-07
   6.5245896E+02   9.2860233E-07
   6.5279270E+02   9.3263805E-07
   6.5312644E+02   9.3420999E-07
   6.5346018E+02   9.3327407E-07
   6.5379391E+02   9.2979639E-07
   6.5412765E+02   9.2375501E-07
   6.5446139E+02   9.1513783E-07
   6.5479513E+02   9.0394502E-07
   6.5512887E+02   8.9018863E-07
   6.5546261E+02   8.7389208E-07
   6.5579635E+02   8.5509015E-07
   6.5613008E+02   8.3382992E-07
   6.5646382E+02   8.1016981E-07
   6.5679756E+02   7.8417889E-07
   6.5713130E+02   7.5593795E-07
   6.5746504E+02   7.2553746E-07
   6.5779878E+02   6.9307907E-07
   6.5813252E+02   6.5867266E-07
   6.5846625E+02   6.2243868E-07
   6.5879999E+02   5.8450479E-07
   6.5913373E+02   5.4500742E-07
   6.5946747E+02   5.0408937E-07
   6.5980121E+02   4.6190050E-07
   6.6013495E+02   4.1859519E-07
