  -7.8094826E+01   0.0000000E+00
  -7.7761087E+01   0.0000000E+00
  -7.7427349E+01   0.0000000E+00
  -7.7093610E+01   0.0000000E+00
  -7.6759871E+01   0.0000000E+00
  -7.6426133E+01   0.0000000E+00
  -7.6092394E+01   0.0000000E+00
  -7.5758656E+01   0.0000000E+00
  -7.5424917E+01   0.0000000E+00
  -7.5091178E+01   0.0000000E+00
  -7.4757440E+01   0.0000000E+00
  -7.4423701E+01   0.0000000E+00
  -7.4089963E+01   0.0000000E+00
  -7.3756224E+01   0.0000000E+00
  -7.3422485E+01   0.0000000E+00
  -7.3088747E+01   0.0000000E+00
  -7.2755008E+01   0.0000000E+00
  -7.2421270E+01   0.0000000E+00
  -7.2087531E+01   0.0000000E+00
  -7.1753792E+01   0.0000000E+00
  -7.1420054E+01   0.0000000E+00
  -7.1086315E+01   0.0000000E+00
  -7.0752577E+01   0.0000000E+00
  -7.0418838E+01   0.0000000E+00
  -7.0085099E+01   0.0000000E+00
  -6.9751361E+01   0.0000000E+00
  -6.9417622E+01   0.0000000E+00
  -6.9083884E+01   0.0000000E+00
  -6.8750145E+01   0.0000000E+00
  -6.8416406E+01   0.0000000E+00
  -6.8082668E+01   0.0000000E+00
  -6.7748929E+01   0.0000000E+00
  -6.7415191E+01   0.0000000E+00
  -6.7081452E+01   0.0000000E+00
  -6.6747714E+01   0.0000000E+00
  -6.6413975E+01   0.0000000E+00
  -6.6080236E+01   0.0000000E+00
  -6.5746498E+01   0.0000000E+00
  -6.5412759E+01   0.0000000E+00
  -6.5079021E+01   0.0000000E+00
  -6.4745282E+01   0.0000000E+00
  -6.4411543E+01   0.0000000E+00
  -6.4077805E+01   0.0000000E+00
  -6.3744066E+01   0.0000000E+00
  -6.3410328E+01   0.0000000E+00
  -6.3076589E+01   0.0000000E+00
  -6.2742850E+01   0.0000000E+00
  -6.2409112E+01   0.0000000E+00
  -6.2075373E+01   0.0000000E+00
  -6.1741635E+01   0.0000000E+00
  -6.1407896E+01   0.0000000E+00
  -6.1074157E+01   0.0000000E+00
  -6.0740419E+01   0.0000000E+00
  -6.0406680E+01   0.0000000E+00
  -6.0072942E+01   0.0000000E+00
  -5.9739203E+01   0.0000000E+00
  -5.9405464E+01   0.0000000E+00
  -5.9071726E+01   0.0000000E+00
  -5.8737987E+01   0.0000000E+00
  -5.8404249E+01   0.0000000E+00
  -5.8070510E+01   0.0000000E+00
  -5.7736771E+01   0.0000000E+00
  -5.7403033E+01   0.0000000E+00
  -5.7069294E+01   0.0000000E+00
  -5.6735556E+01   0.0000000E+00
  -5.6401817E+01   0.0000000E+00
  -5.6068078E+01   0.0000000E+00
  -5.5734340E+01   0.0000000E+00
  -5.5400601E+01   0.0000000E+00
  -5.5066863E+01   0.0000000E+00
  -5.4733124E+01   0.0000000E+00
  -5.4399385E+01   0.0000000E+00
  -5.4065647E+01   0.0000000E+00
  -5.3731908E+01   0.0000000E+00
  -5.3398170E+01   0.0000000E+00
  -5.3064431E+01   0.0000000E+00
  -5.2730693E+01   0.0000000E+00
  -5.2396954E+01   0.0000000E+00
  -5.2063215E+01   0.0000000E+00
  -5.1729477E+01   0.0000000E+00
  -5.1395738E+01   0.0000000E+00
  -5.1062000E+01   0.0000000E+00
  -5.0728261E+01   0.0000000E+00
  -5.0394522E+01   0.0000000E+00
  -5.0060784E+01   0.0000000E+00
  -4.9727045E+01   0.0000000E+00
  -4.9393307E+01   0.0000000E+00
  -4.9059568E+01   0.0000000E+00
  -4.8725829E+01   0.0000000E+00
  -4.8392091E+01   0.0000000E+00
  -4.8058352E+01   0.0000000E+00
  -4.7724614E+01   0.0000000E+00
  -4.7390875E+01   0.0000000E+00
  -4.7057136E+01   0.0000000E+00
  -4.6723398E+01   0.0000000E+00
  -4.6389659E+01   0.0000000E+00
  -4.6055921E+01   0.0000000E+00
  -4.5722182E+01   0.0000000E+00
  -4.5388443E+01   0.0000000E+00
  -4.5054705E+01   0.0000000E+00
  -4.4720966E+01   0.0000000E+00
  -4.4387228E+01   0.0000000E+00
  -4.4053489E+01   0.0000000E+00
  -4.3719750E+01   0.0000000E+00
  -4.3386012E+01   0.0000000E+00
  -4.3052273E+01   0.0000000E+00
  -4.2718535E+01   0.0000000E+00
  -4.2384796E+01   0.0000000E+00
  -4.2051057E+01   0.0000000E+00
  -4.1717319E+01   0.0000000E+00
  -4.1383580E+01   0.0000000E+00
  -4.1049842E+01   0.0000000E+00
  -4.0716103E+01   0.0000000E+00
  -4.0382364E+01   0.0000000E+00
  -4.0048626E+01   0.0000000E+00
  -3.9714887E+01   0.0000000E+00
  -3.9381149E+01   0.0000000E+00
  -3.9047410E+01   0.0000000E+00
  -3.8713672E+01   0.0000000E+00
  -3.8379933E+01   0.0000000E+00
  -3.8046194E+01   0.0000000E+00
  -3.7712456E+01   0.0000000E+00
  -3.7378717E+01   0.0000000E+00
  -3.7044979E+01   0.0000000E+00
  -3.6711240E+01   0.0000000E+00
  -3.6377501E+01   0.0000000E+00
  -3.6043763E+01   0.0000000E+00
  -3.5710024E+01   0.0000000E+00
  -3.5376286E+01   0.0000000E+00
  -3.5042547E+01   0.0000000E+00
  -3.4708808E+01   0.0000000E+00
  -3.4375070E+01   0.0000000E+00
  -3.4041331E+01   0.0000000E+00
  -3.3707593E+01   0.0000000E+00
  -3.3373854E+01   0.0000000E+00
  -3.3040115E+01   0.0000000E+00
  -3.2706377E+01   0.0000000E+00
  -3.2372638E+01   0.0000000E+00
  -3.2038900E+01   0.0000000E+00
  -3.1705161E+01   0.0000000E+00
  -3.1371422E+01   0.0000000E+00
  -3.1037684E+01   0.0000000E+00
  -3.0703945E+01   0.0000000E+00
  -3.0370207E+01   0.0000000E+00
  -3.0036468E+01   0.0000000E+00
  -2.9702729E+01   0.0000000E+00
  -2.9368991E+01   0.0000000E+00
  -2.9035252E+01   0.0000000E+00
  -2.8701514E+01   0.0000000E+00
  -2.8367775E+01   0.0000000E+00
  -2.8034036E+01   0.0000000E+00
  -2.7700298E+01   0.0000000E+00
  -2.7366559E+01   0.0000000E+00
  -2.7032821E+01   0.0000000E+00
  -2.6699082E+01   0.0000000E+00
  -2.6365343E+01   0.0000000E+00
  -2.6031605E+01   0.0000000E+00
  -2.5697866E+01   0.0000000E+00
  -2.5364128E+01   0.0000000E+00
  -2.5030389E+01   0.0000000E+00
  -2.4696651E+01   0.0000000E+00
  -2.4362912E+01   0.0000000E+00
  -2.4029173E+01   0.0000000E+00
  -2.3695435E+01   0.0000000E+00
  -2.3361696E+01   0.0000000E+00
  -2.3027958E+01   0.0000000E+00
  -2.2694219E+01   0.0000000E+00
  -2.2360480E+01   0.0000000E+00
  -2.2026742E+01   0.0000000E+00
  -2.1693003E+01   0.0000000E+00
  -2.1359265E+01   0.0000000E+00
  -2.1025526E+01   0.0000000E+00
  -2.0691787E+01   0.0000000E+00
  -2.0358049E+01   0.0000000E+00
  -2.0024310E+01   0.0000000E+00
  -1.9690572E+01   0.0000000E+00
  -1.9356833E+01   0.0000000E+00
  -1.9023094E+01   0.0000000E+00
  -1.8689356E+01   0.0000000E+00
  -1.8355617E+01   0.0000000E+00
  -1.8021879E+01   0.0000000E+00
  -1.7688140E+01   0.0000000E+00
  -1.7354401E+01   0.0000000E+00
  -1.7020663E+01   0.0000000E+00
  -1.6686924E+01   0.0000000E+00
  -1.6353186E+01   0.0000000E+00
  -1.6019447E+01   0.0000000E+00
  -1.5685708E+01   0.0000000E+00
  -1.5351970E+01   0.0000000E+00
  -1.5018231E+01   0.0000000E+00
  -1.4684493E+01   0.0000000E+00
  -1.4350754E+01   0.0000000E+00
  -1.4017015E+01   0.0000000E+00
  -1.3683277E+01   0.0000000E+00
  -1.3349538E+01   0.0000000E+00
  -1.3015800E+01   0.0000000E+00
  -1.2682061E+01   0.0000000E+00
  -1.2348322E+01   0.0000000E+00
  -1.2014584E+01   0.0000000E+00
  -1.1680845E+01   0.0000000E+00
  -1.1347107E+01   0.0000000E+00
  -1.1013368E+01   0.0000000E+00
  -1.0679630E+01   0.0000000E+00
  -1.0345891E+01   0.0000000E+00
  -1.0012152E+01   0.0000000E+00
  -9.6784137E+00   0.0000000E+00
  -9.3446751E+00   0.0000000E+00
  -9.0109365E+00   0.0000000E+00
  -8.6771979E+00   0.0000000E+00
  -8.3434593E+00   0.0000000E+00
  -8.0097207E+00   0.0000000E+00
  -7.6759821E+00   0.0000000E+00
  -7.3422436E+00   0.0000000E+00
  -7.0085050E+00   0.0000000E+00
  -6.6747664E+00   0.0000000E+00
  -6.3410278E+00   0.0000000E+00
  -6.0072892E+00   0.0000000E+00
  -5.6735506E+00   0.0000000E+00
  -5.3398120E+00   0.0000000E+00
  -5.0060734E+00   0.0000000E+00
  -4.6723348E+00   0.0000000E+00
  -4.3385962E+00   0.0000000E+00
  -4.0048576E+00   0.0000000E+00
  -3.6711190E+00   0.0000000E+00
  -3.3373804E+00   0.0000000E+00
  -3.0036418E+00   0.0000000E+00
  -2.6699032E+00   0.0000000E+00
  -2.3361646E+00   0.0000000E+00
  -2.0024260E+00   0.0000000E+00
  -1.6686874E+00   0.0000000E+00
  -1.3349488E+00   0.0000000E+00
  -1.0012102E+00   0.0000000E+00
  -6.6747165E-01   0.0000000E+00
  -3.3373305E-01   0.0000000E+00
   5.5432320E-06   0.0000000E+00
   3.3374414E-01   0.0000000E+00
   6.6748273E-01   0.0000000E+00
   1.0012213E+00   0.0000000E+00
   1.3349599E+00   0.0000000E+00
   1.6686985E+00   0.0000000E+00
   2.0024371E+00   0.0000000E+00
   2.3361757E+00   0.0000000E+00
   2.6699143E+00   0.0000000E+00
   3.0036529E+00   0.0000000E+00
   3.3373915E+00   0.0000000E+00
   3.6711301E+00   0.0000000E+00
   4.0048687E+00   0.0000000E+00
   4.3386073E+00   0.0000000E+00
   4.6723459E+00   0.0000000E+00
   5.0060845E+00   0.0000000E+00
   5.3398231E+00   0.0000000E+00
   5.6735617E+00   0.0000000E+00
   6.0073003E+00   0.0000000E+00
   6.3410389E+00   0.0000000E+00
   6.6747774E+00   0.0000000E+00
   7.0085160E+00   0.0000000E+00
   7.3422546E+00   0.0000000E+00
   7.6759932E+00   0.0000000E+00
   8.0097318E+00   0.0000000E+00
   8.3434704E+00   0.0000000E+00
   8.6772090E+00   0.0000000E+00
   9.0109476E+00   0.0000000E+00
   9.3446862E+00   0.0000000E+00
   9.6784248E+00   0.0000000E+00
   1.0012163E+01   0.0000000E+00
   1.0345902E+01   0.0000000E+00
   1.0679641E+01   0.0000000E+00
   1.1013379E+01   0.0000000E+00
   1.1347118E+01   0.0000000E+00
   1.1680856E+01   0.0000000E+00
   1.2014595E+01   0.0000000E+00
   1.2348334E+01   0.0000000E+00
   1.2682072E+01   0.0000000E+00
   1.3015811E+01   0.0000000E+00
   1.3349549E+01   0.0000000E+00
   1.3683288E+01   0.0000000E+00
   1.4017027E+01   0.0000000E+00
   1.4350765E+01   0.0000000E+00
   1.4684504E+01   0.0000000E+00
   1.5018242E+01   0.0000000E+00
   1.5351981E+01   0.0000000E+00
   1.5685720E+01   0.0000000E+00
   1.6019458E+01   0.0000000E+00
   1.6353197E+01   0.0000000E+00
   1.6686935E+01   0.0000000E+00
   1.7020674E+01   0.0000000E+00
   1.7354412E+01   0.0000000E+00
   1.7688151E+01   0.0000000E+00
   1.8021890E+01   0.0000000E+00
   1.8355628E+01   0.0000000E+00
   1.8689367E+01   0.0000000E+00
   1.9023105E+01   0.0000000E+00
   1.9356844E+01   0.0000000E+00
   1.9690583E+01   0.0000000E+00
   2.0024321E+01   0.0000000E+00
   2.0358060E+01   0.0000000E+00
   2.0691798E+01   0.0000000E+00
   2.1025537E+01   0.0000000E+00
   2.1359276E+01   0.0000000E+00
   2.1693014E+01   0.0000000E+00
   2.2026753E+01   0.0000000E+00
   2.2360491E+01   0.0000000E+00
   2.2694230E+01   0.0000000E+00
   2.3027969E+01   0.0000000E+00
   2.3361707E+01   0.0000000E+00
   2.3695446E+01   0.0000000E+00
   2.4029184E+01   0.0000000E+00
   2.4362923E+01   0.0000000E+00
   2.4696662E+01   0.0000000E+00
   2.5030400E+01   0.0000000E+00
   2.5364139E+01   0.0000000E+00
   2.5697877E+01   0.0000000E+00
   2.6031616E+01   0.0000000E+00
   2.6365355E+01   0.0000000E+00
   2.6699093E+01   0.0000000E+00
   2.7032832E+01   0.0000000E+00
   2.7366570E+01   0.0000000E+00
   2.7700309E+01   0.0000000E+00
   2.8034048E+01   0.0000000E+00
   2.8367786E+01   0.0000000E+00
   2.8701525E+01   0.0000000E+00
   2.9035263E+01   0.0000000E+00
   2.9369002E+01   0.0000000E+00
   2.9702741E+01   0.0000000E+00
   3.0036479E+01   0.0000000E+00
   3.0370218E+01   0.0000000E+00
   3.0703956E+01   0.0000000E+00
   3.1037695E+01   0.0000000E+00
   3.1371433E+01   0.0000000E+00
   3.1705172E+01   0.0000000E+00
   3.2038911E+01   0.0000000E+00
   3.2372649E+01   0.0000000E+00
   3.2706388E+01   0.0000000E+00
   3.3040126E+01   0.0000000E+00
   3.3373865E+01   0.0000000E+00
   3.3707604E+01   0.0000000E+00
   3.4041342E+01   0.0000000E+00
   3.4375081E+01   0.0000000E+00
   3.4708819E+01   0.0000000E+00
   3.5042558E+01   0.0000000E+00
   3.5376297E+01   0.0000000E+00
   3.5710035E+01   0.0000000E+00
   3.6043774E+01   0.0000000E+00
   3.6377512E+01   0.0000000E+00
   3.6711251E+01   0.0000000E+00
   3.7044990E+01   0.0000000E+00
   3.7378728E+01   0.0000000E+00
   3.7712467E+01   0.0000000E+00
   3.8046205E+01   0.0000000E+00
   3.8379944E+01   0.0000000E+00
   3.8713683E+01   0.0000000E+00
   3.9047421E+01   0.0000000E+00
   3.9381160E+01   0.0000000E+00
   3.9714898E+01   0.0000000E+00
   4.0048637E+01   0.0000000E+00
   4.0382376E+01   0.0000000E+00
   4.0716114E+01   0.0000000E+00
   4.1049853E+01   0.0000000E+00
   4.1383591E+01   0.0000000E+00
   4.1717330E+01   0.0000000E+00
   4.2051069E+01   0.0000000E+00
   4.2384807E+01   0.0000000E+00
   4.2718546E+01   0.0000000E+00
   4.3052284E+01   0.0000000E+00
   4.3386023E+01   0.0000000E+00
   4.3719762E+01   0.0000000E+00
   4.4053500E+01   0.0000000E+00
   4.4387239E+01   0.0000000E+00
   4.4720977E+01   0.0000000E+00
   4.5054716E+01   0.0000000E+00
   4.5388454E+01   0.0000000E+00
   4.5722193E+01   0.0000000E+00
   4.6055932E+01   0.0000000E+00
   4.6389670E+01   0.0000000E+00
   4.6723409E+01   0.0000000E+00
   4.7057147E+01   0.0000000E+00
   4.7390886E+01   0.0000000E+00
   4.7724625E+01   0.0000000E+00
   4.8058363E+01   0.0000000E+00
   4.8392102E+01   0.0000000E+00
   4.8725840E+01   0.0000000E+00
   4.9059579E+01   0.0000000E+00
   4.9393318E+01   0.0000000E+00
   4.9727056E+01   0.0000000E+00
   5.0060795E+01   0.0000000E+00
   5.0394533E+01   0.0000000E+00
   5.0728272E+01   0.0000000E+00
   5.1062011E+01   0.0000000E+00
   5.1395749E+01   0.0000000E+00
   5.1729488E+01   0.0000000E+00
   5.2063226E+01   0.0000000E+00
   5.2396965E+01   0.0000000E+00
   5.2730704E+01   0.0000000E+00
   5.3064442E+01   0.0000000E+00
   5.3398181E+01   0.0000000E+00
   5.3731919E+01   0.0000000E+00
   5.4065658E+01   0.0000000E+00
   5.4399397E+01   0.0000000E+00
   5.4733135E+01   0.0000000E+00
   5.5066874E+01   0.0000000E+00
   5.5400612E+01   0.0000000E+00
   5.5734351E+01   0.0000000E+00
   5.6068090E+01   0.0000000E+00
   5.6401828E+01   0.0000000E+00
   5.6735567E+01   0.0000000E+00
   5.7069305E+01   0.0000000E+00
   5.7403044E+01   0.0000000E+00
   5.7736783E+01   0.0000000E+00
   5.8070521E+01   0.0000000E+00
   5.8404260E+01   0.0000000E+00
   5.8737998E+01   0.0000000E+00
   5.9071737E+01   0.0000000E+00
   5.9405475E+01   0.0000000E+00
   5.9739214E+01   0.0000000E+00
   6.0072953E+01   0.0000000E+00
   6.0406691E+01   0.0000000E+00
   6.0740430E+01   0.0000000E+00
   6.1074168E+01   0.0000000E+00
   6.1407907E+01   0.0000000E+00
   6.1741646E+01   0.0000000E+00
   6.2075384E+01   0.0000000E+00
   6.2409123E+01   0.0000000E+00
   6.2742861E+01   0.0000000E+00
   6.3076600E+01   0.0000000E+00
   6.3410339E+01   0.0000000E+00
   6.3744077E+01   0.0000000E+00
   6.4077816E+01   0.0000000E+00
   6.4411554E+01   0.0000000E+00
   6.4745293E+01   0.0000000E+00
   6.5079032E+01   0.0000000E+00
   6.5412770E+01   0.0000000E+00
   6.5746509E+01   0.0000000E+00
   6.6080247E+01   0.0000000E+00
   6.6413986E+01   0.0000000E+00
   6.6747725E+01   0.0000000E+00
   6.7081463E+01   0.0000000E+00
   6.7415202E+01   0.0000000E+00
   6.7748940E+01   0.0000000E+00
   6.8082679E+01   0.0000000E+00
   6.8416418E+01   0.0000000E+00
   6.8750156E+01   0.0000000E+00
   6.9083895E+01   0.0000000E+00
   6.9417633E+01   0.0000000E+00
   6.9751372E+01   0.0000000E+00
   7.0085111E+01   0.0000000E+00
   7.0418849E+01   0.0000000E+00
   7.0752588E+01   0.0000000E+00
   7.1086326E+01   0.0000000E+00
   7.1420065E+01   0.0000000E+00
   7.1753804E+01   0.0000000E+00
   7.2087542E+01   0.0000000E+00
   7.2421281E+01   0.0000000E+00
   7.2755019E+01   0.0000000E+00
   7.3088758E+01   0.0000000E+00
   7.3422496E+01   0.0000000E+00
   7.3756235E+01   0.0000000E+00
   7.4089974E+01   0.0000000E+00
   7.4423712E+01   0.0000000E+00
   7.4757451E+01   0.0000000E+00
   7.5091189E+01   0.0000000E+00
   7.5424928E+01   0.0000000E+00
   7.5758667E+01   0.0000000E+00
   7.6092405E+01   0.0000000E+00
   7.6426144E+01   0.0000000E+00
   7.6759882E+01   0.0000000E+00
   7.7093621E+01   0.0000000E+00
   7.7427360E+01   0.0000000E+00
   7.7761098E+01   0.0000000E+00
   7.8094837E+01   0.0000000E+00
   7.8428575E+01   0.0000000E+00
   7.8762314E+01   0.0000000E+00
   7.9096053E+01   0.0000000E+00
   7.9429791E+01   0.0000000E+00
   7.9763530E+01   0.0000000E+00
   8.0097268E+01   0.0000000E+00
   8.0431007E+01   0.0000000E+00
   8.0764746E+01   0.0000000E+00
   8.1098484E+01   0.0000000E+00
   8.1432223E+01   0.0000000E+00
   8.1765961E+01   0.0000000E+00
   8.2099700E+01   0.0000000E+00
   8.2433439E+01   0.0000000E+00
   8.2767177E+01   0.0000000E+00
   8.3100916E+01   0.0000000E+00
   8.3434654E+01   0.0000000E+00
   8.3768393E+01   0.0000000E+00
   8.4102132E+01   0.0000000E+00
   8.4435870E+01   0.0000000E+00
   8.4769609E+01   0.0000000E+00
   8.5103347E+01   0.0000000E+00
   8.5437086E+01   0.0000000E+00
   8.5770825E+01   0.0000000E+00
   8.6104563E+01   0.0000000E+00
   8.6438302E+01   0.0000000E+00
   8.6772040E+01   0.0000000E+00
   8.7105779E+01   0.0000000E+00
   8.7439517E+01   0.0000000E+00
   8.7773256E+01   0.0000000E+00
   8.8106995E+01   0.0000000E+00
   8.8440733E+01   0.0000000E+00
   8.8774472E+01   0.0000000E+00
   8.9108210E+01   0.0000000E+00
   8.9441949E+01   0.0000000E+00
   8.9775688E+01   0.0000000E+00
   9.0109426E+01   0.0000000E+00
   9.0443165E+01   0.0000000E+00
   9.0776903E+01   0.0000000E+00
   9.1110642E+01   0.0000000E+00
   9.1444381E+01   0.0000000E+00
   9.1778119E+01   0.0000000E+00
   9.2111858E+01   0.0000000E+00
   9.2445596E+01   0.0000000E+00
   9.2779335E+01   0.0000000E+00
   9.3113074E+01   0.0000000E+00
   9.3446812E+01   0.0000000E+00
   9.3780551E+01   0.0000000E+00
   9.4114289E+01   0.0000000E+00
   9.4448028E+01   0.0000000E+00
   9.4781767E+01   0.0000000E+00
   9.5115505E+01   0.0000000E+00
   9.5449244E+01   0.0000000E+00
   9.5782982E+01   0.0000000E+00
   9.6116721E+01   0.0000000E+00
   9.6450460E+01   0.0000000E+00
   9.6784198E+01   0.0000000E+00
   9.7117937E+01   0.0000000E+00
   9.7451675E+01   0.0000000E+00
   9.7785414E+01   0.0000000E+00
   9.8119153E+01   0.0000000E+00
   9.8452891E+01   0.0000000E+00
   9.8786630E+01   0.0000000E+00
   9.9120368E+01   0.0000000E+00
   9.9454107E+01   0.0000000E+00
   9.9787846E+01   0.0000000E+00
   1.0012158E+02   0.0000000E+00
   1.0045532E+02   0.0000000E+00
   1.0078906E+02   0.0000000E+00
   1.0112280E+02   0.0000000E+00
   1.0145654E+02   0.0000000E+00
   1.0179028E+02   0.0000000E+00
   1.0212402E+02   0.0000000E+00
   1.0245775E+02   0.0000000E+00
   1.0279149E+02   0.0000000E+00
   1.0312523E+02   0.0000000E+00
   1.0345897E+02   0.0000000E+00
   1.0379271E+02   0.0000000E+00
   1.0412645E+02   0.0000000E+00
   1.0446019E+02   0.0000000E+00
   1.0479392E+02   0.0000000E+00
   1.0512766E+02   0.0000000E+00
   1.0546140E+02   0.0000000E+00
   1.0579514E+02   0.0000000E+00
   1.0612888E+02   0.0000000E+00
   1.0646262E+02   0.0000000E+00
   1.0679636E+02   0.0000000E+00
   1.0713009E+02   0.0000000E+00
   1.0746383E+02   0.0000000E+00
   1.0779757E+02   0.0000000E+00
   1.0813131E+02   0.0000000E+00
   1.0846505E+02   0.0000000E+00
   1.0879879E+02   0.0000000E+00
   1.0913253E+02   0.0000000E+00
   1.0946626E+02   0.0000000E+00
   1.0980000E+02   0.0000000E+00
   1.1013374E+02   0.0000000E+00
   1.1046748E+02   0.0000000E+00
   1.1080122E+02   0.0000000E+00
   1.1113496E+02   0.0000000E+00
   1.1146870E+02   0.0000000E+00
   1.1180243E+02   0.0000000E+00
   1.1213617E+02   0.0000000E+00
   1.1246991E+02   0.0000000E+00
   1.1280365E+02   0.0000000E+00
   1.1313739E+02   0.0000000E+00
   1.1347113E+02   0.0000000E+00
   1.1380487E+02   0.0000000E+00
   1.1413861E+02   0.0000000E+00
   1.1447234E+02   0.0000000E+00
   1.1480608E+02   0.0000000E+00
   1.1513982E+02   0.0000000E+00
   1.1547356E+02   0.0000000E+00
   1.1580730E+02   0.0000000E+00
   1.1614104E+02   0.0000000E+00
   1.1647478E+02   0.0000000E+00
   1.1680851E+02   0.0000000E+00
   1.1714225E+02   0.0000000E+00
   1.1747599E+02   0.0000000E+00
   1.1780973E+02   0.0000000E+00
   1.1814347E+02   0.0000000E+00
   1.1847721E+02   0.0000000E+00
   1.1881095E+02   0.0000000E+00
   1.1914468E+02   0.0000000E+00
   1.1947842E+02   0.0000000E+00
   1.1981216E+02   0.0000000E+00
   1.2014590E+02   0.0000000E+00
   1.2047964E+02   0.0000000E+00
   1.2081338E+02   0.0000000E+00
   1.2114712E+02   0.0000000E+00
   1.2148085E+02   0.0000000E+00
   1.2181459E+02   0.0000000E+00
   1.2214833E+02   0.0000000E+00
   1.2248207E+02   0.0000000E+00
   1.2281581E+02   0.0000000E+00
   1.2314955E+02   0.0000000E+00
   1.2348329E+02   0.0000000E+00
   1.2381702E+02   0.0000000E+00
   1.2415076E+02   0.0000000E+00
   1.2448450E+02   0.0000000E+00
   1.2481824E+02   0.0000000E+00
   1.2515198E+02   0.0000000E+00
   1.2548572E+02   0.0000000E+00
   1.2581946E+02   0.0000000E+00
   1.2615319E+02   0.0000000E+00
   1.2648693E+02   0.0000000E+00
   1.2682067E+02   0.0000000E+00
   1.2715441E+02   0.0000000E+00
   1.2748815E+02   0.0000000E+00
   1.2782189E+02   0.0000000E+00
   1.2815563E+02   0.0000000E+00
   1.2848936E+02   0.0000000E+00
   1.2882310E+02   0.0000000E+00
   1.2915684E+02   0.0000000E+00
   1.2949058E+02   0.0000000E+00
   1.2982432E+02   0.0000000E+00
   1.3015806E+02   0.0000000E+00
   1.3049180E+02   0.0000000E+00
   1.3082553E+02   0.0000000E+00
   1.3115927E+02   0.0000000E+00
   1.3149301E+02   0.0000000E+00
   1.3182675E+02   0.0000000E+00
   1.3216049E+02   0.0000000E+00
   1.3249423E+02   0.0000000E+00
   1.3282797E+02   0.0000000E+00
   1.3316171E+02   0.0000000E+00
   1.3349544E+02   0.0000000E+00
   1.3382918E+02   0.0000000E+00
   1.3416292E+02   0.0000000E+00
   1.3449666E+02   0.0000000E+00
   1.3483040E+02   0.0000000E+00
   1.3516414E+02   0.0000000E+00
   1.3549788E+02   0.0000000E+00
   1.3583161E+02   0.0000000E+00
   1.3616535E+02   0.0000000E+00
   1.3649909E+02   0.0000000E+00
   1.3683283E+02   0.0000000E+00
   1.3716657E+02   0.0000000E+00
   1.3750031E+02   0.0000000E+00
   1.3783405E+02   0.0000000E+00
   1.3816778E+02   0.0000000E+00
   1.3850152E+02   0.0000000E+00
   1.3883526E+02   0.0000000E+00
   1.3916900E+02   0.0000000E+00
   1.3950274E+02   0.0000000E+00
   1.3983648E+02   0.0000000E+00
   1.4017022E+02   0.0000000E+00
   1.4050395E+02   0.0000000E+00
   1.4083769E+02   0.0000000E+00
   1.4117143E+02   0.0000000E+00
   1.4150517E+02   0.0000000E+00
   1.4183891E+02   0.0000000E+00
   1.4217265E+02   0.0000000E+00
   1.4250639E+02   0.0000000E+00
   1.4284012E+02   0.0000000E+00
   1.4317386E+02   0.0000000E+00
   1.4350760E+02   0.0000000E+00
   1.4384134E+02   0.0000000E+00
   1.4417508E+02   0.0000000E+00
   1.4450882E+02   0.0000000E+00
   1.4484256E+02  -1.4012985E-45
   1.4517629E+02  -4.2038954E-45
   1.4551003E+02  -5.6051939E-45
   1.4584377E+02  -5.6051939E-45
   1.4617751E+02  -7.0064923E-45
   1.4651125E+02  -4.2038954E-45
   1.4684499E+02  -1.4012985E-45
   1.4717873E+02   1.4012985E-45
   1.4751246E+02   5.6051939E-45
   1.4784620E+02   1.4012985E-44
   1.4817994E+02   1.8216880E-44
   1.4851368E+02   1.8216880E-44
   1.4884742E+02   1.8216880E-44
   1.4918116E+02   1.2611686E-44
   1.4951490E+02   5.6051939E-45
   1.4984863E+02  -5.6051939E-45
   1.5018237E+02  -1.5414283E-44
   1.5051611E+02  -2.9427268E-44
   1.5084985E+02  -3.9236357E-44
   1.5118359E+02  -4.9045446E-44
   1.5151733E+02  -5.4650640E-44
   1.5185107E+02  -5.6051939E-44
   1.5218480E+02  -4.4841551E-44
   1.5251854E+02  -2.9427268E-44
   1.5285228E+02  -8.4077908E-45
   1.5318602E+02   1.6815582E-44
   1.5351976E+02   4.6242849E-44
   1.5385350E+02   6.5861028E-44
   1.5418724E+02   8.1275311E-44
   1.5452098E+02   8.4077908E-44
   1.5485471E+02   6.5861028E-44
   1.5518845E+02   3.2229865E-44
   1.5552219E+02  -2.3822074E-44
   1.5585593E+02  -8.9683102E-44
   1.5618967E+02  -1.6114932E-43
   1.5652341E+02  -2.2560905E-43
   1.5685715E+02  -2.7185190E-43
   1.5719088E+02  -2.9006878E-43
   1.5752462E+02  -2.6624671E-43
   1.5785836E+02  -2.0038568E-43
   1.5819210E+02  -8.5479206E-44
   1.5852584E+02   6.7262326E-44
   1.5885958E+02   2.4102334E-43
   1.5919332E+02   4.1198175E-43
   1.5952705E+02   5.5911809E-43
   1.5986079E+02   6.4599859E-43
   1.6019453E+02   6.5580768E-43
   1.6052827E+02   5.6752588E-43
   1.6086201E+02   3.7835059E-43
   1.6119575E+02   9.2485699E-44
   1.6152949E+02  -2.6344411E-43
   1.6186322E+02  -6.4599859E-43
   1.6219696E+02  -1.0033297E-42
   1.6253070E+02  -1.2751816E-42
   1.6286444E+02  -1.3984959E-42
   1.6319818E+02  -1.3270296E-42
   1.6353192E+02  -1.0369609E-42
   1.6386566E+02  -5.2548692E-43
   1.6419939E+02   1.6535322E-43
   1.6453313E+02   9.7109984E-43
   1.6486687E+02   1.7824516E-42
   1.6520061E+02   2.4718905E-42
   1.6553435E+02   2.9076943E-42
   1.6586809E+02   2.9679501E-42
   1.6620183E+02   2.5727840E-42
   1.6653556E+02   1.6899659E-42
   1.6686930E+02   3.6573890E-43
   1.6720304E+02  -1.2835894E-42
   1.6753678E+02  -3.0604358E-42
   1.6787052E+02  -4.7153693E-42
   1.6820426E+02  -5.9569198E-42
   1.6853800E+02  -6.5188405E-42
   1.6887173E+02  -6.1783249E-42
   1.6920547E+02  -4.8176641E-42
   1.6953921E+02  -2.4438645E-42
   1.6987295E+02   7.6370766E-43
   1.7020669E+02   4.4715434E-42
   1.7054043E+02   8.1947934E-42
   1.7087417E+02   1.1357524E-41
   1.7120790E+02   1.3373993E-41
   1.7154164E+02   1.3701896E-41
   1.7187538E+02   1.1978299E-41
   1.7220912E+02   8.0756830E-42
   1.7254286E+02   2.1846243E-42
   1.7287660E+02  -5.1623835E-42
   1.7321034E+02  -1.3107746E-41
   1.7354408E+02  -2.0551443E-41
   1.7387781E+02  -2.6254728E-41
   1.7421155E+02  -2.9022292E-41
   1.7454529E+02  -2.7885839E-41
   1.7487903E+02  -2.2303066E-41
   1.7521277E+02  -1.2300598E-41
   1.7554651E+02   1.4069037E-42
   1.7588025E+02   1.7409732E-41
   1.7621398E+02   3.3688616E-41
   1.7654772E+02   4.7822113E-41
   1.7688146E+02   5.7275272E-41
   1.7721520E+02   5.9754169E-41
   1.7754894E+02   5.3626291E-41
   1.7788268E+02   3.8259652E-41
   1.7821642E+02   1.4312863E-41
   1.7855015E+02  -1.6138754E-41
   1.7888389E+02  -4.9670425E-41
   1.7921763E+02  -8.1774173E-41
   1.7955137E+02  -1.0736609E-40
   1.7988511E+02  -1.2143933E-40
   1.8021885E+02  -1.1983204E-40
   1.8055259E+02  -1.0001628E-40
   1.8088632E+02  -6.1738408E-41
   1.8122006E+02  -7.4829338E-42
   1.8155380E+02   5.7446231E-41
   1.8188754E+02   1.2522283E-40
   1.8222128E+02   1.8622416E-40
   1.8255502E+02   2.3018709E-40
   1.8288876E+02   2.4759683E-40
   1.8322249E+02   2.3125488E-40
   1.8355623E+02   1.7775471E-40
   1.8388997E+02   8.8609707E-41
   1.8422371E+02  -2.9099364E-41
   1.8455745E+02  -1.6284349E-40
   1.8489119E+02  -2.9559410E-40
   1.8522493E+02  -4.0754243E-40
   1.8555866E+02  -4.7860508E-40
   1.8589240E+02  -4.9131906E-40
   1.8622614E+02  -4.3387143E-40
   1.8655988E+02  -3.0279958E-40
   1.8689362E+02  -1.0487598E-40
   1.8722736E+02   1.4212950E-40
   1.8756110E+02   4.1025535E-40
   1.8789483E+02   6.6375024E-40
   1.8822857E+02   8.6299246E-40
   1.8856231E+02   9.6969433E-40
   1.8889605E+02   9.5269798E-40
   1.8922979E+02   7.9372348E-40
   1.8956353E+02   4.9217526E-40
   1.8989727E+02   6.8164762E-41
   1.9023100E+02  -4.3701735E-40
   1.9056474E+02  -9.6338429E-40
   1.9089848E+02  -1.4379214E-39
   1.9123222E+02  -1.7830444E-39
   1.9156596E+02  -1.9271007E-39
   1.9189970E+02  -1.8157535E-39
   1.9223344E+02  -1.4226851E-39
   1.9256718E+02  -7.5801979E-40
   1.9290091E+02   1.2715663E-40
   1.9323465E+02   1.1414585E-39
   1.9356839E+02   2.1597891E-39
   1.9390213E+02   3.0358276E-39
   1.9423587E+02   3.6196520E-39
   1.9456961E+02   3.7787344E-39
   1.9490335E+02   3.4198241E-39
   1.9523708E+02   2.5087993E-39
   1.9557082E+02   1.0852678E-39
   1.9590456E+02  -7.3105461E-40
   1.9623830E+02  -2.7443618E-39
   1.9657204E+02  -4.6983155E-39
   1.9690578E+02  -6.3028331E-39
   1.9723952E+02  -7.2700233E-39
   1.9757325E+02  -7.3556945E-39
   1.9790699E+02  -6.4014215E-39
   1.9824073E+02  -4.3712497E-39
   1.9857447E+02  -1.3770028E-39
   1.9890821E+02   2.3133560E-39
   1.9924195E+02   6.2881545E-39
   1.9957569E+02   1.0026942E-38
   1.9990942E+02   1.2956621E-38
   2.0024316E+02   1.4524296E-38
   2.0057690E+02   1.4279272E-38
   2.0091064E+02   1.1954085E-38
   2.0124438E+02   7.5329097E-39
   2.0157812E+02   1.2956336E-39
   2.0191186E+02  -6.1727099E-39
   2.0224559E+02  -1.4014205E-38
   2.0257933E+02  -2.1174340E-38
   2.0291307E+02  -2.6518943E-38
   2.0324681E+02  -2.8981803E-38
   2.0358055E+02  -2.7727462E-38
   2.0391429E+02  -2.2308543E-38
   2.0424803E+02  -1.2794472E-38
   2.0458176E+02   1.5140750E-40
   2.0491550E+02   1.5265825E-38
   2.0524924E+02   3.0763697E-38
   2.0558298E+02   4.4503317E-38
   2.0591672E+02   5.4230094E-38
   2.0625046E+02   5.7877674E-38
   2.0658420E+02   5.3893423E-38
   2.0691793E+02   4.1546454E-38
   2.0725167E+02   2.1171483E-38
   2.0758541E+02  -5.6970167E-39
   2.0791915E+02  -3.6338124E-38
   2.0825289E+02  -6.7028578E-38
   2.0858663E+02  -9.3401055E-38
   2.0892037E+02  -1.1095536E-37
   2.0925410E+02  -1.1567663E-37
   2.0958784E+02  -1.0469058E-37
   2.0992158E+02  -7.6869444E-38
   2.1025532E+02  -3.3293585E-38
   2.1058906E+02   2.2522101E-38
   2.1092280E+02   8.4709636E-38
   2.1125654E+02   1.4547949E-37
   2.1159027E+02   1.9590099E-37
   2.1192401E+02   2.2698141E-37
   2.1225775E+02   2.3094044E-37
   2.1259149E+02   2.0253352E-37
   2.1292523E+02   1.4024108E-37
   2.1325897E+02   4.7132029E-38
   2.1359271E+02  -6.8780112E-38
   2.1392645E+02  -1.9482791E-37
   2.1426018E+02  -3.1469854E-37
   2.1459392E+02  -4.1014046E-37
   2.1492766E+02  -4.6324604E-37
   2.1526140E+02  -4.5908179E-37
   2.1559514E+02  -3.8834868E-37
   2.1592888E+02  -2.4969695E-37
   2.1626262E+02  -5.1298667E-38
   2.1659635E+02   1.8867428E-37
   2.1693009E+02   4.4292950E-37
   2.1726383E+02   6.7739938E-37
   2.1759757E+02   8.5497017E-37
   2.1793131E+02   9.4029835E-37
   2.1826505E+02   9.0520760E-37
   2.1859879E+02   7.3398946E-37
   2.1893252E+02   4.2782409E-37
   2.1926626E+02   7.5305499E-39
   2.1960000E+02  -4.8604309E-37
   2.1993374E+02  -9.9445376E-37
   2.2026748E+02  -1.4470602E-36
   2.2060122E+02  -1.7691159E-36
   2.2093496E+02  -1.8918509E-36
   2.2126869E+02  -1.7634275E-36
   2.2160243E+02  -1.3593381E-36
   2.2193617E+02  -6.9063414E-37
   2.2226991E+02   1.9157086E-37
   2.2260365E+02   1.1966232E-36
   2.2293739E+02   2.2006608E-36
   2.2327113E+02   3.0588373E-36
   2.2360486E+02   3.6226732E-36
   2.2393860E+02   3.7608935E-36
   2.2427234E+02   3.3813320E-36
   2.2460608E+02   2.4509027E-36
   2.2493982E+02   1.0104117E-36
   2.2527356E+02  -8.1881407E-37
   2.2560730E+02  -2.8388325E-36
   2.2594103E+02  -4.7907482E-36
   2.2627477E+02  -6.3818474E-36
   2.2660851E+02  -7.3222098E-36
   2.2694225E+02  -7.3670822E-36
   2.2727599E+02  -6.3598434E-36
   2.2760973E+02  -4.2694218E-36
   2.2794347E+02  -1.2158155E-36
   2.2827720E+02   2.5219941E-36
   2.2861094E+02   6.5198058E-36
   2.2894468E+02   1.0245286E-35
   2.2927842E+02   1.3116868E-35
   2.2961216E+02   1.4579585E-35
   2.2994590E+02   1.4189612E-35
   2.3027964E+02   1.1696735E-35
   2.3061337E+02   7.1124891E-36
   2.3094711E+02   7.5164609E-37
   2.3128085E+02  -6.7632811E-36
   2.3161459E+02  -1.4541278E-35
   2.3194833E+02  -2.1507305E-35
   2.3228207E+02  -2.6527225E-35
   2.3261581E+02  -2.8561660E-35
   2.3294955E+02  -2.6831296E-35
   2.3328328E+02  -2.0971575E-35
   2.3361702E+02  -1.1152643E-35
   2.3395076E+02   1.8583824E-36
   2.3428450E+02   1.6711170E-35
   2.3461824E+02   3.1572306E-35
   2.3495198E+02   4.4311212E-35
   2.3528572E+02   5.2758861E-35
   2.3561945E+02   5.5013635E-35
   2.3595319E+02   4.9757694E-35
   2.3628693E+02   3.6540024E-35
   2.3662067E+02   1.5979824E-35
   2.3695441E+02  -1.0151565E-35
   2.3728815E+02  -3.9001525E-35
   2.3762189E+02  -6.6873776E-35
   2.3795562E+02  -8.9624981E-35
   2.3828936E+02  -1.0318844E-34
   2.3862310E+02  -1.0416946E-34
   2.3895684E+02  -9.0438328E-35
   2.3929058E+02  -6.1634785E-35
   2.3962432E+02  -1.9498096E-35
   2.3995806E+02   3.2052362E-35
   2.4029179E+02   8.7136538E-35
   2.4062553E+02   1.3844842E-34
   2.4095927E+02   1.7807855E-34
   2.4129301E+02   1.9855101E-34
   2.4162675E+02   1.9395951E-34
   2.4196049E+02   1.6105509E-34
   2.4229423E+02   1.0012254E-34
   2.4262796E+02   1.5486514E-35
   2.4296170E+02  -8.4481069E-35
   2.4329544E+02  -1.8793092E-34
   2.4362918E+02  -2.8069026E-34
   2.4396292E+02  -3.4792537E-34
   2.4429666E+02  -3.7615355E-34
   2.4463040E+02  -3.5536953E-34
   2.4496413E+02  -2.8100158E-34
   2.4529787E+02  -1.5539140E-34
   2.4563161E+02   1.1484344E-35
   2.4596535E+02   2.0227030E-34
   2.4629909E+02   3.9357622E-34
   2.4663283E+02   5.5838218E-34
   2.4696657E+02   6.6932345E-34
   2.4730030E+02   7.0251900E-34
   2.4763404E+02   6.4148338E-34
   2.4796778E+02   4.8057676E-34
   2.4830152E+02   2.2743591E-34
   2.4863526E+02  -9.6111391E-35
   2.4896900E+02  -4.5500526E-34
   2.4930274E+02  -8.0392784E-34
   2.4963647E+02  -1.0921720E-33
   2.4997021E+02  -1.2699975E-33
   2.5030395E+02  -1.2957930E-33
   2.5063769E+02  -1.1431571E-33
   2.5097143E+02  -8.0687898E-34
   2.5130517E+02  -3.0681757E-34
   2.5163891E+02   3.1117801E-34
   2.5197264E+02   9.7787456E-34
   2.5230638E+02   1.6069320E-33
   2.5264012E+02   2.1045120E-33
   2.5297386E+02   2.3813462E-33
   2.5330760E+02   2.3659349E-33
   2.5364134E+02   2.0171793E-33
   2.5397508E+02   1.3345948E-33
   2.5430882E+02   3.6432562E-34
   2.5464255E+02  -8.0049650E-34
   2.5497629E+02  -2.0259164E-33
   2.5531003E+02  -3.1499167E-33
   2.5564377E+02  -4.0009533E-33
   2.5597751E+02  -4.4204891E-33
   2.5631125E+02  -4.2869750E-33
   2.5664499E+02  -3.5381223E-33
   2.5697872E+02  -2.1881339E-33
   2.5731246E+02  -3.3675144E-34
   2.5764620E+02   1.8322706E-33
   2.5797994E+02   4.0645950E-33
   2.5831368E+02   6.0604349E-33
   2.5864742E+02   7.5095641E-33
   2.5898116E+02   8.1327591E-33
   2.5931489E+02   7.7248221E-33
   2.5964863E+02   6.1934593E-33
   2.5998237E+02   3.5880624E-33
   2.6031611E+02   1.1298379E-34
   2.6064985E+02  -3.8786810E-33
   2.6098359E+02  -7.9126757E-33
   2.6131733E+02  -1.1441709E-32
   2.6165106E+02  -1.3910346E-32
   2.6198480E+02  -1.4830075E-32
   2.6231854E+02  -1.3855618E-32
   2.6265228E+02  -1.0852231E-32
   2.6298602E+02  -5.9434478E-33
   2.6331976E+02   4.6990497E-34
   2.6365350E+02   7.7259763E-33
   2.6398723E+02   1.4956069E-32
   2.6432097E+02   2.1174457E-32
   2.6465471E+02   2.5396467E-32
   2.6498845E+02   2.6772489E-32
   2.6532219E+02   2.4721922E-32
   2.6565593E+02   1.9048627E-32
   2.6598967E+02   1.0019909E-32
   2.6632340E+02  -1.6067922E-33
   2.6665714E+02  -1.4620057E-32
   2.6699088E+02  -2.7456933E-32
   2.6732462E+02  -3.8366704E-32
   2.6765836E+02  -4.5621920E-32
   2.6799210E+02  -4.7754302E-32
   2.6832584E+02  -4.3787112E-32
   2.6865957E+02  -3.3431885E-32
   2.6899331E+02  -1.7218463E-32
   2.6932705E+02   3.4679159E-33
   2.6966079E+02   2.6459872E-32
   2.6999453E+02   4.8995604E-32
   2.7032827E+02   6.8011029E-32
   2.7066201E+02   8.0510355E-32
   2.7099574E+02   8.3975471E-32
   2.7132948E+02   7.6764424E-32
   2.7166322E+02   5.8443710E-32
   2.7199696E+02   3.0001860E-32
   2.7233070E+02  -6.0998819E-33
   2.7266444E+02  -4.6066733E-32
   2.7299818E+02  -8.5105474E-32
   2.7333192E+02  -1.1793486E-31
   2.7366565E+02  -1.3942560E-31
   2.7399939E+02  -1.4530062E-31
   2.7433313E+02  -1.3280994E-31
   2.7466687E+02  -1.0128649E-31
   2.7500061E+02  -5.2494827E-32
   2.7533435E+02   9.2999456E-33
   2.7566809E+02   7.7586589E-32
   2.7600182E+02   1.4419152E-31
   2.7633556E+02   2.0015462E-31
   2.7666930E+02   2.3681681E-31
   2.7700304E+02   2.4700028E-31
   2.7733678E+02   2.2613662E-31
   2.7767052E+02   1.7318641E-31
   2.7800426E+02   9.1203051E-32
   2.7833799E+02  -1.2576151E-32
   2.7867173E+02  -1.2718118E-31
   2.7900547E+02  -2.3890764E-31
   2.7933921E+02  -3.3279515E-31
   2.7967295E+02  -3.9444747E-31
   2.8000669E+02  -4.1199394E-31
   2.8034043E+02  -3.7794932E-31
   2.8067416E+02  -2.9071475E-31
   2.8100790E+02  -1.5547716E-31
   2.8134164E+02   1.5679273E-32
   2.8167538E+02   2.0455943E-31
   2.8200912E+02   3.8853991E-31
   2.8234286E+02   5.4303081E-31
   2.8267660E+02   6.4448175E-31
   2.8301033E+02   6.7359691E-31
   2.8334407E+02   6.1835855E-31
   2.8367781E+02   4.7643886E-31
   2.8401155E+02   2.5660917E-31
   2.8434529E+02  -2.1153303E-32
   2.8467903E+02  -3.2702455E-31
   2.8501277E+02  -6.2414490E-31
   2.8534650E+02  -8.7267694E-31
   2.8568024E+02  -1.0347150E-30
   2.8601398E+02  -1.0794905E-30
   2.8634772E+02  -9.8822588E-31
   2.8668146E+02  -7.5794221E-31
   2.8701520E+02  -4.0361388E-31
   2.8734894E+02   4.1811658E-32
   2.8768267E+02   5.2976766E-31
   2.8801641E+02   1.0007473E-30
   2.8835015E+02   1.3909531E-30
   2.8868389E+02   1.6402523E-30
   2.8901763E+02   1.7005318E-30
   2.8935137E+02   1.5433876E-30
   2.8968511E+02   1.1660567E-30
   2.9001884E+02   5.9460557E-31
   2.9035258E+02  -1.1634954E-31
   2.9068632E+02  -8.8774189E-31
   2.9102006E+02  -1.6238548E-30
   2.9135380E+02  -2.2231937E-30
   2.9168754E+02  -2.5913331E-30
   2.9202128E+02  -2.6542450E-30
   2.9235501E+02  -2.3703930E-30
   2.9268875E+02  -1.7398422E-30
   2.9302249E+02  -8.0885014E-31
   2.9335623E+02   3.3118961E-31
   2.9368997E+02   1.5509245E-30
   2.9402371E+02   2.6960727E-30
   2.9435745E+02   3.6052295E-30
   2.9469119E+02   4.1305980E-30
   2.9502492E+02   4.1592169E-30
   2.9535866E+02   3.6319213E-30
   2.9569240E+02   2.5572421E-30
   2.9602614E+02   1.0178386E-30
   2.9635988E+02  -8.3222019E-31
   2.9669362E+02  -2.7800031E-30
   2.9702736E+02  -4.5755059E-30
   2.9736109E+02  -5.9608216E-30
   2.9769483E+02  -6.7036378E-30
   2.9802857E+02  -6.6310746E-30
   2.9836231E+02  -5.6594313E-30
   2.9869605E+02  -3.8153902E-30
   2.9902979E+02  -1.2449484E-30
   2.9936353E+02   1.7925256E-30
   2.9969726E+02   4.9459378E-30
   3.0003100E+02   7.8087258E-30
   3.0036474E+02   9.9665453E-30
   3.0069848E+02   1.1051316E-29
   3.0103222E+02   1.0795198E-29
   3.0136596E+02   9.0773442E-30
   3.0169970E+02   5.9564074E-30
   3.0203343E+02   1.6829682E-30
   3.0236717E+02  -3.3120003E-30
   3.0270091E+02  -8.4537642E-30
   3.0303465E+02  -1.3083459E-29
   3.0336839E+02  -1.6535407E-29
   3.0370213E+02  -1.8223831E-29
   3.0403587E+02  -1.7728618E-29
   3.0436960E+02  -1.4868689E-29
   3.0470334E+02  -9.7520012E-30
   3.0503708E+02  -2.7930459E-30
   3.0537082E+02   5.3079306E-30
   3.0570456E+02   1.3625410E-29
   3.0603830E+02   2.1105109E-29
   3.0637204E+02   2.6687683E-29
   3.0670577E+02   2.9446280E-29
   3.0703951E+02   2.8721475E-29
   3.0737325E+02   2.4235428E-29
   3.0770699E+02   1.6168365E-29
   3.0804073E+02   5.1831755E-30
   3.0837447E+02  -7.6103648E-30
   3.0870821E+02  -2.0753406E-29
   3.0904194E+02  -3.2591549E-29
   3.0937568E+02  -4.1469659E-29
   3.0970942E+02  -4.5946826E-29
   3.1004316E+02  -4.5005290E-29
   3.1037690E+02  -3.8225427E-29
   3.1071064E+02  -2.5900613E-29
   3.1104438E+02  -9.0704274E-30
   3.1137811E+02   1.0539923E-29
   3.1171185E+02   3.0675824E-29
   3.1204559E+02   4.8794055E-29
   3.1237933E+02   6.2365187E-29
   3.1271307E+02   6.9204007E-29
   3.1304681E+02   6.7787691E-29
   3.1338055E+02   5.7518476E-29
   3.1371429E+02   3.8891242E-29
   3.1404802E+02   1.3534551E-29
   3.1438176E+02  -1.5892635E-29
   3.1471550E+02  -4.5949089E-29
   3.1504924E+02  -7.2785852E-29
   3.1538298E+02  -9.2610267E-29
   3.1571672E+02  -1.0218732E-28
   3.1605046E+02  -9.9315976E-29
   3.1638419E+02  -8.3215521E-29
   3.1671793E+02  -5.4762626E-29
   3.1705167E+02  -1.6533239E-29
   3.1738541E+02   2.7374320E-29
   3.1771915E+02   7.1733163E-29
   3.1805289E+02   1.1076715E-28
   3.1838663E+02   1.3885727E-28
   3.1872036E+02   1.5129406E-28
   3.1905410E+02   1.4498129E-28
   3.1938784E+02   1.1899400E-28
   3.1972158E+02   7.4903322E-29
   3.2005532E+02   1.6803527E-29
   3.2038906E+02  -4.8990130E-29
   3.2072280E+02  -1.1456385E-28
   3.2105653E+02  -1.7129583E-28
   3.2139027E+02  -2.1092250E-28
   3.2172401E+02  -2.2665668E-28
   3.2205775E+02  -2.1421411E-28
   3.2239149E+02  -1.7260617E-28
   3.2272523E+02  -1.0457154E-28
   3.2305897E+02  -1.6557573E-29
   3.2339270E+02   8.1787913E-29
   3.2372644E+02   1.7859121E-28
   3.2406018E+02   2.6110834E-28
   3.2439392E+02   3.1731737E-28
   3.2472766E+02   3.3755832E-28
   3.2506140E+02   3.1600971E-28
   3.2539514E+02   2.5179136E-28
   3.2572887E+02   1.4951588E-28
   3.2606261E+02   1.9165636E-29
   3.2639635E+02  -1.2474713E-28
   3.2673009E+02  -2.6469045E-28
   3.2706383E+02  -3.8215246E-28
   3.2739757E+02  -4.5998776E-28
   3.2773131E+02  -4.8478839E-28
   3.2806504E+02  -4.4896648E-28
   3.2839878E+02  -3.5224951E-28
   3.2873252E+02  -2.0233873E-28
   3.2906626E+02  -1.4570239E-29
   3.2940000E+02   1.8946185E-28
   3.2973374E+02   3.8422974E-28
   3.3006748E+02   5.4331572E-28
   3.3040121E+02   6.4283661E-28
   3.3073495E+02   6.6482591E-28
   3.3106869E+02   6.0012353E-28
   3.3140243E+02   4.5034357E-28
   3.3173617E+02   2.2858350E-28
   3.3206991E+02  -4.1332828E-29
   3.3240365E+02  -3.2710225E-28
   3.3273739E+02  -5.9151390E-28
   3.3307112E+02  -7.9698414E-28
   3.3340486E+02  -9.1053991E-28
   3.3373860E+02  -9.0862669E-28
   3.3407234E+02  -7.8109137E-28
   3.3440608E+02  -5.3373865E-28
   3.3473982E+02  -1.8899714E-28
   3.3507356E+02   2.1555557E-28
   3.3540729E+02   6.3080605E-28
   3.3574103E+02   1.0015640E-27
   3.3607477E+02   1.2733128E-27
   3.3640851E+02   1.3994759E-27
   3.3674225E+02   1.3482908E-27
   3.3707599E+02   1.1083596E-27
   3.3740973E+02   6.9202967E-28
   3.3774346E+02   1.3598320E-28
   3.3807720E+02  -5.0128995E-28
   3.3841094E+02  -1.1450660E-27
   3.3874468E+02  -1.7125510E-27
   3.3907842E+02  -2.1227966E-27
   3.3941216E+02  -2.3072348E-27
   3.3974590E+02  -2.2195326E-27
   3.4007963E+02  -1.8434362E-27
   3.4041337E+02  -1.1974537E-27
   3.4074711E+02  -3.3550547E-28
   3.4108085E+02   6.5684780E-28
   3.4141459E+02   1.6704690E-27
   3.4174833E+02   2.5843112E-27
   3.4208207E+02   3.2794781E-27
   3.4241580E+02   3.6540815E-27
   3.4274954E+02   3.6370767E-27
   3.4308328E+02   3.1992595E-27
   3.4341702E+02   2.3598346E-27
   3.4375076E+02   1.1874266E-27
   3.4408450E+02  -2.0497812E-28
   3.4441824E+02  -1.6709218E-27
   3.4475197E+02  -3.0462097E-27
   3.4508571E+02  -4.1678203E-27
   3.4541945E+02  -4.8938003E-27
   3.4575319E+02  -5.1217056E-27
   3.4608693E+02  -4.8031553E-27
   3.4642067E+02  -3.9524474E-27
   3.4675441E+02  -2.6477708E-27
   3.4708814E+02  -1.0244552E-27
   3.4742188E+02   7.3933494E-28
   3.4775562E+02   2.4430421E-27
   3.4808936E+02   3.8880181E-27
   3.4842310E+02   4.9027312E-27
   3.4875684E+02   5.3656655E-27
   3.4909058E+02   5.2227738E-27
   3.4942431E+02   4.4968923E-27
   3.4975805E+02   3.2873999E-27
   3.5009179E+02   1.7596093E-27
   3.5042553E+02   1.2468634E-28
   3.5075927E+02  -1.3877931E-27
   3.5109301E+02  -2.5613759E-27
   3.5142675E+02  -3.2243607E-27
   3.5176048E+02  -3.2771836E-27
   3.5209422E+02  -2.7115058E-27
   3.5242796E+02  -1.6177155E-27
   3.5276170E+02  -1.7891928E-28
   3.5309544E+02   1.3488887E-27
   3.5342918E+02   2.6689348E-27
   3.5376292E+02   3.4847176E-27
   3.5409666E+02   3.5451740E-27
   3.5443039E+02   2.6881602E-27
   3.5476413E+02   8.7615638E-28
   3.5509787E+02  -1.7815287E-27
   3.5543161E+02  -5.0244046E-27
   3.5576535E+02  -8.4568254E-27
   3.5609909E+02  -1.1584497E-26
   3.5643283E+02  -1.3868876E-26
   3.5676656E+02  -1.4794365E-26
   3.5710030E+02  -1.3941043E-26
   3.5743404E+02  -1.1054161E-26
   3.5776778E+02  -6.1013114E-27
   3.5810152E+02   6.9135088E-28
   3.5843526E+02   8.8307062E-27
   3.5876900E+02   1.7580121E-26
   3.5910273E+02   2.6015465E-26
   3.5943647E+02   3.3110464E-26
   3.5977021E+02   3.7844314E-26
   3.6010395E+02   3.9321148E-26
   3.6043769E+02   3.6888664E-26
   3.6077143E+02   3.0241907E-26
   3.6110517E+02   1.9498922E-26
   3.6143890E+02   5.2366097E-27
   3.6177264E+02  -1.1520827E-26
   3.6210638E+02  -2.9364306E-26
   3.6244012E+02  -4.6610688E-26
   3.6277386E+02  -6.1454187E-26
   3.6310760E+02  -7.2145132E-26
   3.6344134E+02  -7.7178922E-26
   3.6377507E+02  -7.5475426E-26
   3.6410881E+02  -6.6528535E-26
   3.6444255E+02  -5.0507528E-26
   3.6477629E+02  -2.8295596E-26
   3.6511003E+02  -1.4568535E-27
   3.6544377E+02   2.7869704E-26
   3.6577751E+02   5.7143013E-26
   3.6611124E+02   8.3645738E-26
   3.6644498E+02   1.0474235E-25
   3.6677872E+02   1.1814446E-25
   3.6711246E+02   1.2215578E-25
   3.6744620E+02   1.1587000E-25
   3.6777994E+02   9.9298199E-26
   3.6811368E+02   7.3409436E-26
   3.6844741E+02   4.0075607E-26
   3.6878115E+02   1.9233261E-27
   3.6911489E+02  -3.7896240E-26
   3.6944863E+02  -7.5997202E-26
   3.6978237E+02  -1.0908059E-25
   3.7011611E+02  -1.3425362E-25
   3.7044985E+02  -1.4931318E-25
   3.7078358E+02  -1.5296167E-25
   3.7111732E+02  -1.4493098E-25
   3.7145106E+02  -1.2599932E-25
   3.7178480E+02  -9.7898526E-26
   3.7211854E+02  -6.3120557E-26
   3.7245228E+02  -2.4645329E-26
   3.7278602E+02   1.4378953E-26
   3.7311976E+02   5.0965983E-26
   3.7345349E+02   8.2592344E-26
   3.7378723E+02   1.0743259E-25
   3.7412097E+02   1.2450022E-25
   3.7445471E+02   1.3367633E-25
   3.7478845E+02   1.3562407E-25
   3.7512219E+02   1.3159901E-25
   3.7545593E+02   1.2318324E-25
   3.7578966E+02   1.1197983E-25
   3.7612340E+02   9.9311246E-26
   3.7645714E+02   8.5968225E-26
   3.7679088E+02   7.2049705E-26
   3.7712462E+02   5.6923155E-26
   3.7745836E+02   3.9319696E-26
   3.7779210E+02   1.7562685E-26
   3.7812583E+02  -1.0094313E-26
   3.7845957E+02  -4.5060487E-26
   3.7879331E+02  -8.7982680E-26
   3.7912705E+02  -1.3836135E-25
   3.7946079E+02  -1.9427265E-25
   3.7979453E+02  -2.5224071E-25
   3.8012827E+02  -3.0730488E-25
   3.8046200E+02  -3.5329266E-25
   3.8079574E+02  -3.8329790E-25
   3.8112948E+02  -3.9032756E-25
   3.8146322E+02  -3.6806825E-25
   3.8179696E+02  -3.1169916E-25
   3.8213070E+02  -2.1867348E-25
   3.8246444E+02  -8.9384800E-26
   3.8279817E+02   7.2363031E-26
   3.8313191E+02   2.5913728E-25
   3.8346565E+02   4.5996670E-25
   3.8379939E+02   6.6074694E-25
   3.8413313E+02   8.4497031E-25
   3.8446687E+02   9.9474404E-25
   3.8480061E+02   1.0920478E-24
   3.8513434E+02   1.1201614E-24
   3.8546808E+02   1.0651764E-24
   3.8580182E+02   9.1750016E-25
   3.8613556E+02   6.7324555E-25
   3.8646930E+02   3.3541017E-25
   3.8680304E+02  -8.5270773E-26
   3.8713678E+02  -5.6988396E-25
   3.8747051E+02  -1.0914168E-24
   3.8780425E+02  -1.6154160E-24
   3.8813799E+02  -2.1013065E-24
   3.8847173E+02  -2.5043788E-24
   3.8880547E+02  -2.7784523E-24
   3.8913921E+02  -2.8791486E-24
   3.8947295E+02  -2.7676656E-24
   3.8980668E+02  -2.4148748E-24
   3.9014042E+02  -1.8054916E-24
   3.9047416E+02  -9.4201855E-25
   3.9080790E+02   1.5192687E-25
   3.9114164E+02   1.4292909E-24
   3.9147538E+02   2.8187065E-24
   3.9180912E+02   4.2254743E-24
   3.9214285E+02   5.5347333E-24
   3.9247659E+02   6.6171065E-24
   3.9281033E+02   7.3368632E-24
   3.9314407E+02   7.5625034E-24
   3.9347781E+02   7.1793655E-24
   3.9381155E+02   6.1035675E-24
   3.9414529E+02   4.2962990E-24
   3.9447903E+02   1.7771328E-24
   3.9481276E+02  -1.3651659E-24
   3.9514650E+02  -4.9660656E-24
   3.9548024E+02  -8.7846225E-24
   3.9581398E+02  -1.2510346E-23
   3.9614772E+02  -1.5778635E-23
   3.9648146E+02  -1.8195296E-23
   3.9681520E+02  -1.9369684E-23
   3.9714893E+02  -1.8954942E-23
   3.9748267E+02  -1.6692601E-23
   3.9781641E+02  -1.2457572E-23
   3.9815015E+02  -6.2986536E-24
   3.9848389E+02   1.5311318E-24
   3.9881763E+02   1.0560066E-23
   3.9915137E+02   2.0104354E-23
   3.9948510E+02   2.9299657E-23
   3.9981884E+02   3.7159246E-23
   4.0015258E+02   4.2657635E-23
   4.0048632E+02   4.4835162E-23
   4.0082006E+02   4.2915592E-23
   4.0115380E+02   3.6425315E-23
   4.0148754E+02   2.5300521E-23
   4.0182127E+02   9.9669956E-24
   4.0215501E+02  -8.6218805E-24
   4.0248875E+02  -2.9001749E-23
   4.0282249E+02  -4.9276310E-23
   4.0315623E+02  -6.7261013E-23
   4.0348997E+02  -8.0685463E-23
   4.0382371E+02  -8.7440845E-23
   4.0415744E+02  -8.5850085E-23
   4.0449118E+02  -7.4931928E-23
   4.0482492E+02  -5.4625961E-23
   4.0515866E+02  -2.5944027E-23
   4.0549240E+02   8.9826211E-24
   4.0582614E+02   4.6984057E-23
   4.0615988E+02   8.4071860E-23
   4.0649361E+02   1.1579476E-22
   4.0682735E+02   1.3770852E-22
   4.0716109E+02   1.4592092E-22
   4.0749483E+02   1.3765624E-22
   4.0782857E+02   1.1177229E-22
   4.0816231E+02   6.9157416E-23
   4.0849605E+02   1.2936905E-23
   4.0882978E+02  -5.1568778E-23
   4.0916352E+02  -1.1717129E-22
   4.0949726E+02  -1.7543372E-22
   4.0983100E+02  -2.1755438E-22
   4.1016474E+02  -2.3544633E-22
   4.1049848E+02  -2.2290973E-22
   4.1083222E+02  -1.7676186E-22
   4.1116595E+02  -9.7772140E-23
   4.1149969E+02   8.7529545E-24
   4.1183343E+02   1.3287401E-22
   4.1216717E+02   2.6051050E-22
   4.1250091E+02   3.7456277E-22
   4.1283465E+02   4.5663177E-22
   4.1316839E+02   4.8922069E-22
   4.1350213E+02   4.5821777E-22
   4.1383586E+02   3.5538886E-22
   4.1416960E+02   1.8055469E-22
   4.1450334E+02  -5.6889083E-23
   4.1483708E+02  -3.3742507E-22
   4.1517082E+02  -6.3209130E-22
   4.1550456E+02  -9.0451493E-22
   4.1583830E+02  -1.1142821E-21
   4.1617203E+02  -1.2214481E-21
   4.1650577E+02  -1.1918070E-21
   4.1683951E+02  -1.0023715E-21
   4.1717325E+02  -6.4639465E-22
   4.1750699E+02  -1.3719993E-22
   4.1784073E+02   4.8988247E-22
   4.1817447E+02   1.1780562E-21
   4.1850820E+02   1.8524419E-21
   4.1884194E+02   2.4263631E-21
   4.1917568E+02   2.8102403E-21
   4.1950942E+02   2.9224041E-21
   4.1984316E+02   2.7007841E-21
   4.2017690E+02   2.1141391E-21
   4.2051064E+02   1.1713146E-21
   4.2084437E+02  -7.2977358E-23
   4.2117811E+02  -1.5171877E-21
   4.2151185E+02  -3.0177176E-21
   4.2184559E+02  -4.3998403E-21
   4.2217933E+02  -5.4744146E-21
   4.2251307E+02  -6.0592717E-21
   4.2284681E+02  -6.0033497E-21
   4.2318054E+02  -5.2109786E-21
   4.2351428E+02  -3.6632473E-21
   4.2384802E+02  -1.4332230E-21
   4.2418176E+02   1.3079953E-21
   4.2451550E+02   4.2967453E-21
   4.2484924E+02   7.1950892E-21
   4.2518298E+02   9.6217964E-21
   4.2551671E+02   1.1194206E-20
   4.2585045E+02   1.1577457E-20
   4.2618419E+02   1.0535896E-20
   4.2651793E+02   7.9803978E-21
   4.2685167E+02   4.0045603E-21
   4.2718541E+02  -1.0968609E-21
   4.2751915E+02  -6.8329190E-21
   4.2785288E+02  -1.2548251E-20
   4.2818662E+02  -1.7482165E-20
   4.2852036E+02  -2.0851955E-20
   4.2885410E+02  -2.1953495E-20
   4.2918784E+02  -2.0268642E-20
   4.2952158E+02  -1.5566171E-20
   4.2985532E+02  -7.9813979E-21
   4.3018905E+02   1.9399150E-21
   4.3052279E+02   1.3245665E-20
   4.3085653E+02   2.4637226E-20
   4.3119027E+02   3.4586518E-20
   4.3152401E+02   4.1504249E-20
   4.3185775E+02   4.3945117E-20
   4.3219149E+02   4.0828271E-20
   4.3252522E+02   3.1645455E-20
   4.3285896E+02   1.6626232E-20
   4.3319270E+02  -3.1697183E-21
   4.3352644E+02  -2.5858042E-20
   4.3386018E+02  -4.8848725E-20
   4.3419392E+02  -6.9081278E-20
   4.3452766E+02  -8.3363120E-20
   4.3486140E+02  -8.8782032E-20
   4.3519513E+02  -8.3148034E-20
   4.3552887E+02  -6.5409481E-20
   4.3586261E+02  -3.5981529E-20
   4.3619635E+02   3.0714723E-21
   4.3653009E+02   4.8048595E-20
   4.3686383E+02   9.3849353E-20
   4.3719757E+02   1.3443867E-19
   4.3753130E+02   1.6351255E-19
   4.3786504E+02   1.7530611E-19
   4.3819878E+02   1.6545614E-19
   4.3853252E+02   1.3181142E-19
   4.3886626E+02   7.5072127E-20
   4.3920000E+02  -8.5199199E-22
   4.3953374E+02  -8.8855993E-20
   4.3986747E+02  -1.7907979E-19
   4.4020121E+02  -2.5977817E-19
   4.4053495E+02  -3.1856842E-19
   4.4086869E+02  -3.4394441E-19
   4.4120243E+02  -3.2689650E-19
   4.4153617E+02  -2.6243931E-19
   4.4186991E+02  -1.5083434E-19
   4.4220364E+02   1.6920755E-21
   4.4253738E+02   1.8289855E-19
   4.4287112E+02   3.7523947E-19
   4.4320486E+02   5.5734690E-19
   4.4353860E+02   7.0619154E-19
   4.4387234E+02   7.9973569E-19
   4.4420608E+02   8.1980211E-19
   4.4453981E+02   7.5482475E-19
   4.4487355E+02   6.0212410E-19
   4.4520729E+02   3.6936734E-19
   4.4554103E+02   7.4943526E-20
   4.4587477E+02  -2.5291528E-19
   4.4620851E+02  -5.7829386E-19
   4.4654225E+02  -8.6090978E-19
   4.4687598E+02  -1.0603050E-18
   4.4720972E+02  -1.1405039E-18
   4.4754346E+02  -1.0746288E-18
   4.4787720E+02  -8.4892735E-19
   4.4821094E+02  -4.6568325E-19
   4.4854468E+02   5.5429476E-20
   4.4887842E+02   6.7784680E-19
   4.4921215E+02   1.3505674E-18
   4.4954589E+02   2.0124386E-18
   4.4987963E+02   2.5979230E-18
   4.5021337E+02   3.0437848E-18
   4.5054711E+02   3.2959806E-18
   4.5088085E+02   3.3159394E-18
   4.5121459E+02   3.0854139E-18
   4.5154832E+02   2.6091744E-18
   4.5188206E+02   1.9149756E-18
   4.5221580E+02   1.0505007E-18
   4.5254954E+02   7.7272524E-20
   4.5288328E+02  -9.3811505E-19
   4.5321702E+02  -1.9347870E-18
   4.5355076E+02  -2.8694298E-18
   4.5388450E+02  -3.7280273E-18
   4.5421823E+02  -4.5362725E-18
   4.5455197E+02  -5.3674890E-18
   4.5488571E+02  -6.3471785E-18
   4.5521945E+02  -7.6536913E-18
   4.5555319E+02  -9.5150735E-18
   4.5588693E+02  -1.2202695E-17
   4.5622067E+02  -1.6022846E-17
   4.5655440E+02  -2.1307953E-17
   4.5688814E+02  -2.8409201E-17
   4.5722188E+02  -3.7692430E-17
   4.5755562E+02  -4.9539049E-17
   4.5788936E+02  -6.4352911E-17
   4.5822310E+02  -8.2573735E-17
   4.5855684E+02  -1.0469685E-16
   4.5889057E+02  -1.3129839E-16
   4.5922431E+02  -1.6306419E-16
   4.5955805E+02  -2.0082132E-16
   4.5989179E+02  -2.4556864E-16
   4.6022553E+02  -2.9850592E-16
   4.6055927E+02  -3.6105857E-16
   4.6089301E+02  -4.3489681E-16
   4.6122674E+02  -5.2194689E-16
   4.6156048E+02  -6.2439478E-16
   4.6189422E+02  -7.4467923E-16
   4.6222796E+02  -8.8547644E-16
   4.6256170E+02  -1.0496729E-15
   4.6289544E+02  -1.2403299E-15
   4.6322918E+02  -1.4606367E-15
   4.6356291E+02  -1.7138510E-15
   4.6389665E+02  -2.0032251E-15
   4.6423039E+02  -2.3319120E-15
   4.6456413E+02  -2.7028375E-15
   4.6489787E+02  -3.1185301E-15
   4.6523161E+02  -3.5808923E-15
   4.6556535E+02  -4.0908871E-15
   4.6589908E+02  -4.6481217E-15
   4.6623282E+02  -5.2502998E-15
   4.6656656E+02  -5.8925118E-15
   4.6690030E+02  -6.5663235E-15
   4.6723404E+02  -7.2586539E-15
   4.6756778E+02  -7.9503224E-15
   4.6790152E+02  -8.6142895E-15
   4.6823525E+02  -9.2134738E-15
   4.6856899E+02  -9.6980682E-15
   4.6890273E+02  -1.0002321E-14
   4.6923647E+02  -1.0040586E-14
   4.6957021E+02  -9.7025718E-15
   4.6990395E+02  -8.8476649E-15
   4.7023769E+02  -7.2980952E-15
   4.7057142E+02  -4.8307551E-15
   4.7090516E+02  -1.1673300E-15
   4.7123890E+02   4.0374774E-15
   4.7157264E+02   1.1210135E-14
   4.7190638E+02   2.0875069E-14
   4.7224012E+02   3.3674998E-14
   4.7257386E+02   5.0394679E-14
   4.7290760E+02   7.1989452E-14
   4.7324133E+02   9.9618935E-14
   4.7357507E+02   1.3468577E-13
   4.7390881E+02   1.7888244E-13
   4.7424255E+02   2.3424421E-13
   4.7457629E+02   3.0321286E-13
   4.7491003E+02   3.8870922E-13
   4.7524377E+02   4.9421860E-13
   4.7557750E+02   6.2388923E-13
   4.7591124E+02   7.8264663E-13
   4.7624498E+02   9.7632753E-13
   4.7657872E+02   1.2118329E-12
   4.7691246E+02   1.4973065E-12
   4.7724620E+02   1.8423379E-12
   4.7757994E+02   2.2582019E-12
   4.7791367E+02   2.7581266E-12
   4.7824741E+02   3.3576072E-12
   4.7858115E+02   4.0747570E-12
   4.7891489E+02   4.9307164E-12
   4.7924863E+02   5.9501145E-12
   4.7958237E+02   7.1615934E-12
   4.7991611E+02   8.5984128E-12
   4.8024984E+02   1.0299109E-11
   4.8058358E+02   1.2308292E-11
   4.8091732E+02   1.4677475E-11
   4.8125106E+02   1.7466070E-11
   4.8158480E+02   2.0742489E-11
   4.8191854E+02   2.4585363E-11
   4.8225228E+02   2.9084929E-11
   4.8258601E+02   3.4344565E-11
   4.8291975E+02   4.0482548E-11
   4.8325349E+02   4.7633921E-11
   4.8358723E+02   5.5952704E-11
   4.8392097E+02   6.5614236E-11
   4.8425471E+02   7.6817754E-11
   4.8458845E+02   8.9789391E-11
   4.8492218E+02   1.0478535E-10
   4.8525592E+02   1.2209538E-10
   4.8558966E+02   1.4204668E-10
   4.8592340E+02   1.6500831E-10
   4.8625714E+02   1.9139537E-10
   4.8659088E+02   2.2167448E-10
   4.8692462E+02   2.5636909E-10
   4.8725835E+02   2.9606545E-10
   4.8759209E+02   3.4141887E-10
   4.8792583E+02   3.9316100E-10
   4.8825957E+02   4.5210691E-10
   4.8859331E+02   5.1916327E-10
   4.8892705E+02   5.9533672E-10
   4.8926079E+02   6.8174327E-10
   4.8959452E+02   7.7961748E-10
   4.8992826E+02   8.9032332E-10
   4.9026200E+02   1.0153633E-09
   4.9059574E+02   1.1563930E-09
   4.9092948E+02   1.3152279E-09
   4.9126322E+02   1.4938608E-09
   4.9159696E+02   1.6944696E-09
   4.9193069E+02   1.9194344E-09
   4.9226443E+02   2.1713482E-09
   4.9259817E+02   2.4530300E-09
   4.9293191E+02   2.7675420E-09
   4.9326565E+02   3.1181966E-09
   4.9359939E+02   3.5085754E-09
   4.9393313E+02   3.9425432E-09
   4.9426687E+02   4.4242512E-09
   4.9460060E+02   4.9581623E-09
   4.9493434E+02   5.5490497E-09
   4.9526808E+02   6.2020131E-09
   4.9560182E+02   6.9224857E-09
   4.9593556E+02   7.7162445E-09
   4.9626930E+02   8.5894047E-09
   4.9660304E+02   9.5484385E-09
   4.9693677E+02   1.0600154E-08
   4.9727051E+02   1.1751709E-08
   4.9760425E+02   1.3010604E-08
   4.9793799E+02   1.4384665E-08
   4.9827173E+02   1.5882021E-08
   4.9860547E+02   1.7511116E-08
   4.9893921E+02   1.9280646E-08
   4.9927294E+02   2.1199561E-08
   4.9960668E+02   2.3277016E-08
   4.9994042E+02   2.5522331E-08
   5.0027416E+02   2.7944928E-08
   5.0060790E+02   3.0554347E-08
   5.0094164E+02   3.3360060E-08
   5.0127538E+02   3.6371517E-08
   5.0160911E+02   3.9598028E-08
   5.0194285E+02   4.3048672E-08
   5.0227659E+02   4.6732175E-08
   5.0261033E+02   5.0656880E-08
   5.0294407E+02   5.4830590E-08
   5.0327781E+02   5.9260447E-08
   5.0361155E+02   6.3952854E-08
   5.0394528E+02   6.8913280E-08
   5.0427902E+02   7.4146108E-08
   5.0461276E+02   7.9654619E-08
   5.0494650E+02   8.5440661E-08
   5.0528024E+02   9.1504660E-08
   5.0561398E+02   9.7845295E-08
   5.0594772E+02   1.0445944E-07
   5.0628145E+02   1.1134195E-07
   5.0661519E+02   1.1848548E-07
   5.0694893E+02   1.2588036E-07
   5.0728267E+02   1.3351436E-07
   5.0761641E+02   1.4137260E-07
   5.0795015E+02   1.4943733E-07
   5.0828389E+02   1.5768775E-07
   5.0861762E+02   1.6609991E-07
   5.0895136E+02   1.7464656E-07
   5.0928510E+02   1.8329709E-07
   5.0961884E+02   1.9201714E-07
   5.0995258E+02   2.0076898E-07
   5.1028632E+02   2.0951084E-07
   5.1062006E+02   2.1819761E-07
   5.1095379E+02   2.2678000E-07
   5.1128753E+02   2.3520518E-07
   5.1162127E+02   2.4341625E-07
   5.1195501E+02   2.5135299E-07
   5.1228875E+02   2.5895119E-07
   5.1262249E+02   2.6614330E-07
   5.1295623E+02   2.7285833E-07
   5.1328997E+02   2.7902212E-07
   5.1362370E+02   2.8455761E-07
   5.1395744E+02   2.8938516E-07
   5.1429118E+02   2.9342249E-07
   5.1462492E+02   2.9658537E-07
   5.1495866E+02   2.9878791E-07
   5.1529240E+02   2.9994317E-07
   5.1562614E+02   2.9996343E-07
   5.1595987E+02   2.9876043E-07
   5.1629361E+02   2.9624647E-07
   5.1662735E+02   2.9233433E-07
   5.1696109E+02   2.8693867E-07
   5.1729483E+02   2.7997598E-07
   5.1762857E+02   2.7136525E-07
   5.1796231E+02   2.6102896E-07
   5.1829604E+02   2.4889391E-07
   5.1862978E+02   2.3489122E-07
   5.1896352E+02   2.1895777E-07
   5.1929726E+02   2.0103664E-07
   5.1963100E+02   1.8107741E-07
   5.1996474E+02   1.5903765E-07
   5.2029848E+02   1.3488298E-07
   5.2063221E+02   1.0858788E-07
   5.2096595E+02   8.0136424E-08
   5.2129969E+02   4.9522932E-08
   5.2163343E+02   1.6752209E-08
   5.2196717E+02  -1.8159426E-08
   5.2230091E+02  -5.5184330E-08
   5.2263465E+02  -9.4282456E-08
   5.2296838E+02  -1.3540142E-07
   5.2330212E+02  -1.7847606E-07
   5.2363586E+02  -2.2342842E-07
   5.2396960E+02  -2.7016731E-07
   5.2430334E+02  -3.1858858E-07
   5.2463708E+02  -3.6857494E-07
   5.2497082E+02  -4.1999635E-07
   5.2530455E+02  -4.7270987E-07
   5.2563829E+02  -5.2656003E-07
   5.2597203E+02  -5.8137994E-07
   5.2630577E+02  -6.3699053E-07
   5.2663951E+02  -6.9320242E-07
   5.2697325E+02  -7.4981574E-07
   5.2730699E+02  -8.0662124E-07
   5.2764072E+02  -8.6340117E-07
   5.2797446E+02  -9.1993002E-07
   5.2830820E+02  -9.7597638E-07
   5.2864194E+02  -1.0313021E-06
   5.2897568E+02  -1.0856658E-06
   5.2930942E+02  -1.1388229E-06
   5.2964316E+02  -1.1905270E-06
   5.2997689E+02  -1.2405304E-06
   5.3031063E+02  -1.2885878E-06
   5.3064437E+02  -1.3344556E-06
   5.3097811E+02  -1.3778935E-06
   5.3131185E+02  -1.4186678E-06
   5.3164559E+02  -1.4565494E-06
   5.3197933E+02  -1.4913189E-06
   5.3231306E+02  -1.5227664E-06
   5.3264680E+02  -1.5506918E-06
   5.3298054E+02  -1.5749084E-06
   5.3331428E+02  -1.5952422E-06
   5.3364802E+02  -1.6115349E-06
   5.3398176E+02  -1.6236420E-06
   5.3431550E+02  -1.6314384E-06
   5.3464924E+02  -1.6348159E-06
   5.3498297E+02  -1.6336851E-06
   5.3531671E+02  -1.6279768E-06
   5.3565045E+02  -1.6176409E-06
   5.3598419E+02  -1.6026499E-06
   5.3631793E+02  -1.5829958E-06
   5.3665167E+02  -1.5586940E-06
   5.3698541E+02  -1.5297802E-06
   5.3731914E+02  -1.4963134E-06
   5.3765288E+02  -1.4583730E-06
   5.3798662E+02  -1.4160606E-06
   5.3832036E+02  -1.3694990E-06
   5.3865410E+02  -1.3188328E-06
   5.3898784E+02  -1.2642244E-06
   5.3932158E+02  -1.2058570E-06
   5.3965531E+02  -1.1439320E-06
   5.3998905E+02  -1.0786690E-06
   5.4032279E+02  -1.0103032E-06
   5.4065653E+02  -9.3908488E-07
   5.4099027E+02  -8.6527888E-07
   5.4132401E+02  -7.8916173E-07
   5.4165775E+02  -7.1102158E-07
   5.4199148E+02  -6.3115601E-07
   5.4232522E+02  -5.4987021E-07
   5.4265896E+02  -4.6747653E-07
   5.4299270E+02  -3.8429044E-07
   5.4332644E+02  -3.0063208E-07
   5.4366018E+02  -2.1682158E-07
   5.4399392E+02  -1.3317887E-07
   5.4432765E+02  -5.0021825E-08
   5.4466139E+02   3.2335819E-08
   5.4499513E+02   1.1358583E-07
   5.4532887E+02   1.9342718E-07
   5.4566261E+02   2.7156761E-07
   5.4599635E+02   3.4772472E-07
   5.4633009E+02   4.2162804E-07
   5.4666382E+02   4.9302014E-07
   5.4699756E+02   5.6165754E-07
   5.4733130E+02   6.2731255E-07
   5.4766504E+02   6.8977340E-07
   5.4799878E+02   7.4884611E-07
   5.4833252E+02   8.0435433E-07
   5.4866626E+02   8.5614118E-07
   5.4899999E+02   9.0406934E-07
   5.4933373E+02   9.4802056E-07
   5.4966747E+02   9.8789781E-07
   5.5000121E+02   1.0236242E-06
   5.5033495E+02   1.0551435E-06
   5.5066869E+02   1.0824193E-06
   5.5100243E+02   1.1054367E-06
   5.5133616E+02   1.1242000E-06
   5.5166990E+02   1.1387338E-06
   5.5200364E+02   1.1490806E-06
   5.5233738E+02   1.1553036E-06
   5.5267112E+02   1.1574825E-06
   5.5300486E+02   1.1557140E-06
   5.5333860E+02   1.1501118E-06
   5.5367234E+02   1.1408040E-06
   5.5400607E+02   1.1279338E-06
   5.5433981E+02   1.1116572E-06
   5.5467355E+02   1.0921417E-06
   5.5500729E+02   1.0695658E-06
   5.5534103E+02   1.0441178E-06
   5.5567477E+02   1.0159945E-06
   5.5600851E+02   9.8539886E-07
   5.5634224E+02   9.5254029E-07
   5.5667598E+02   9.1763280E-07
   5.5700972E+02   8.8089263E-07
   5.5734346E+02   8.4253941E-07
   5.5767720E+02   8.0279193E-07
   5.5801094E+02   7.6186950E-07
   5.5834468E+02   7.1998943E-07
   5.5867841E+02   6.7736630E-07
   5.5901215E+02   6.3421015E-07
   5.5934589E+02   5.9072681E-07
   5.5967963E+02   5.4711535E-07
   5.6001337E+02   5.0356880E-07
   5.6034711E+02   4.6027205E-07
   5.6068085E+02   4.1740137E-07
   5.6101458E+02   3.7512439E-07
   5.6134832E+02   3.3359828E-07
   5.6168206E+02   2.9297050E-07
   5.6201580E+02   2.5337701E-07
   5.6234954E+02   2.1494324E-07
   5.6268328E+02   1.7778277E-07
   5.6301702E+02   1.4199716E-07
   5.6335075E+02   1.0767652E-07
   5.6368449E+02   7.4898708E-08
   5.6401823E+02   4.3729798E-08
   5.6435197E+02   1.4223943E-08
   5.6468571E+02  -1.3576340E-08
   5.6501945E+02  -3.9640092E-08
   5.6535319E+02  -6.3947482E-08
   5.6568692E+02  -8.6489543E-08
   5.6602066E+02  -1.0726784E-07
   5.6635440E+02  -1.2629391E-07
   5.6668814E+02  -1.4358882E-07
   5.6702188E+02  -1.5918273E-07
   5.6735562E+02  -1.7311407E-07
   5.6768936E+02  -1.8542910E-07
   5.6802309E+02  -1.9618122E-07
   5.6835683E+02  -2.0543015E-07
   5.6869057E+02  -2.1324155E-07
   5.6902431E+02  -2.1968590E-07
   5.6935805E+02  -2.2483813E-07
   5.6969179E+02  -2.2877680E-07
   5.7002553E+02  -2.3158327E-07
   5.7035926E+02  -2.3334124E-07
   5.7069300E+02  -2.3413588E-07
   5.7102674E+02  -2.3405320E-07
   5.7136048E+02  -2.3317951E-07
   5.7169422E+02  -2.3160054E-07
   5.7202796E+02  -2.2940105E-07
   5.7236170E+02  -2.2666424E-07
   5.7269543E+02  -2.2347082E-07
   5.7302917E+02  -2.1989914E-07
   5.7336291E+02  -2.1602418E-07
   5.7369665E+02  -2.1191747E-07
   5.7403039E+02  -2.0764654E-07
   5.7436413E+02  -2.0327467E-07
   5.7469787E+02  -1.9886065E-07
   5.7503161E+02  -1.9445847E-07
   5.7536534E+02  -1.9011713E-07
   5.7569908E+02  -1.8588061E-07
   5.7603282E+02  -1.8178758E-07
   5.7636656E+02  -1.7787147E-07
   5.7670030E+02  -1.7416048E-07
   5.7703404E+02  -1.7067751E-07
   5.7736778E+02  -1.6744025E-07
   5.7770151E+02  -1.6446135E-07
   5.7803525E+02  -1.6174872E-07
   5.7836899E+02  -1.5930540E-07
   5.7870273E+02  -1.5713016E-07
   5.7903647E+02  -1.5521752E-07
   5.7937021E+02  -1.5355809E-07
   5.7970395E+02  -1.5213891E-07
   5.8003768E+02  -1.5094378E-07
   5.8037142E+02  -1.4995339E-07
   5.8070516E+02  -1.4914599E-07
   5.8103890E+02  -1.4849746E-07
   5.8137264E+02  -1.4798186E-07
   5.8170638E+02  -1.4757173E-07
   5.8204012E+02  -1.4723841E-07
   5.8237385E+02  -1.4695256E-07
   5.8270759E+02  -1.4668447E-07
   5.8304133E+02  -1.4640439E-07
   5.8337507E+02  -1.4608287E-07
   5.8370881E+02  -1.4569119E-07
   5.8404255E+02  -1.4520148E-07
   5.8437629E+02  -1.4458709E-07
   5.8471002E+02  -1.4382294E-07
   5.8504376E+02  -1.4288551E-07
   5.8537750E+02  -1.4175347E-07
   5.8571124E+02  -1.4040734E-07
   5.8604498E+02  -1.3883013E-07
   5.8637872E+02  -1.3700728E-07
   5.8671246E+02  -1.3492679E-07
   5.8704619E+02  -1.3257943E-07
   5.8737993E+02  -1.2995865E-07
   5.8771367E+02  -1.2706076E-07
   5.8804741E+02  -1.2388489E-07
   5.8838115E+02  -1.2043300E-07
   5.8871489E+02  -1.1670976E-07
   5.8904863E+02  -1.1272255E-07
   5.8938236E+02  -1.0848142E-07
   5.8971610E+02  -1.0399891E-07
   5.9004984E+02  -9.9290084E-08
   5.9038358E+02  -9.4372197E-08
   5.9071732E+02  -8.9264844E-08
   5.9105106E+02  -8.3989590E-08
   5.9138480E+02  -7.8569840E-08
   5.9171853E+02  -7.3030868E-08
   5.9205227E+02  -6.7399327E-08
   5.9238601E+02  -6.1703325E-08
   5.9271975E+02  -5.5971960E-08
   5.9305349E+02  -5.0235322E-08
   5.9338723E+02  -4.4524199E-08
   5.9372097E+02  -3.8869729E-08
   5.9405471E+02  -3.3303635E-08
   5.9438844E+02  -2.7857467E-08
   5.9472218E+02  -2.2562801E-08
   5.9505592E+02  -1.7450958E-08
   5.9538966E+02  -1.2552675E-08
   5.9572340E+02  -7.8981515E-09
   5.9605714E+02  -3.5166607E-09
   5.9639088E+02   5.6361671E-10
   5.9672461E+02   4.3155808E-09
   5.9705835E+02   7.7137088E-09
   5.9739209E+02   1.0734013E-08
   5.9772583E+02   1.3354125E-08
   5.9805957E+02   1.5553539E-08
   5.9839331E+02   1.7313837E-08
   5.9872705E+02   1.8618664E-08
   5.9906078E+02   1.9453694E-08
   5.9939452E+02   1.9807217E-08
   5.9972826E+02   1.9669585E-08
   6.0006200E+02   1.9033806E-08
   6.0039574E+02   1.7895402E-08
   6.0072948E+02   1.6252528E-08
   6.0106322E+02   1.4106007E-08
   6.0139695E+02   1.1459449E-08
   6.0173069E+02   8.3190059E-09
   6.0206443E+02   4.6938453E-09
   6.0239817E+02   5.9579008E-10
   6.0273191E+02  -3.9604942E-09
   6.0306565E+02  -8.9579544E-09
   6.0339939E+02  -1.4376567E-08
   6.0373312E+02  -2.0194008E-08
   6.0406686E+02  -2.6385209E-08
   6.0440060E+02  -3.2922763E-08
   6.0473434E+02  -3.9776950E-08
   6.0506808E+02  -4.6915709E-08
   6.0540182E+02  -5.4304799E-08
   6.0573556E+02  -6.1908032E-08
   6.0606929E+02  -6.9687324E-08
   6.0640303E+02  -7.7602955E-08
   6.0673677E+02  -8.5613493E-08
   6.0707051E+02  -9.3676427E-08
   6.0740425E+02  -1.0174804E-07
   6.0773799E+02  -1.0978367E-07
   6.0807173E+02  -1.1773811E-07
   6.0840546E+02  -1.2556559E-07
   6.0873920E+02  -1.3322011E-07
   6.0907294E+02  -1.4065562E-07
   6.0940668E+02  -1.4782641E-07
   6.0974042E+02  -1.5468706E-07
   6.1007416E+02  -1.6119293E-07
   6.1040790E+02  -1.6730041E-07
   6.1074163E+02  -1.7296688E-07
   6.1107537E+02  -1.7815142E-07
   6.1140911E+02  -1.8281463E-07
   6.1174285E+02  -1.8691915E-07
   6.1207659E+02  -1.9042989E-07
   6.1241033E+02  -1.9331377E-07
   6.1274407E+02  -1.9554071E-07
   6.1307781E+02  -1.9708307E-07
   6.1341154E+02  -1.9791642E-07
   6.1374528E+02  -1.9801931E-07
   6.1407902E+02  -1.9737330E-07
   6.1441276E+02  -1.9596378E-07
   6.1474650E+02  -1.9377919E-07
   6.1508024E+02  -1.9081196E-07
   6.1541398E+02  -1.8705799E-07
   6.1574771E+02  -1.8251673E-07
   6.1608145E+02  -1.7719171E-07
   6.1641519E+02  -1.7109009E-07
   6.1674893E+02  -1.6422266E-07
   6.1708267E+02  -1.5660412E-07
   6.1741641E+02  -1.4825251E-07
   6.1775015E+02  -1.3918965E-07
   6.1808388E+02  -1.2944059E-07
   6.1841762E+02  -1.1903366E-07
   6.1875136E+02  -1.0800046E-07
   6.1908510E+02  -9.6375409E-08
   6.1941884E+02  -8.4195818E-08
   6.1975258E+02  -7.1501510E-08
   6.2008632E+02  -5.8334813E-08
   6.2042005E+02  -4.4740094E-08
   6.2075379E+02  -3.0763658E-08
   6.2108753E+02  -1.6453537E-08
   6.2142127E+02  -1.8590942E-09
   6.2175501E+02   1.2969123E-08
   6.2208875E+02   2.7979738E-08
   6.2242249E+02   4.3120686E-08
   6.2275622E+02   5.8339591E-08
   6.2308996E+02   7.3583912E-08
   6.2342370E+02   8.8801272E-08
   6.2375744E+02   1.0393956E-07
   6.2409118E+02   1.1894723E-07
   6.2442492E+02   1.3377351E-07
   6.2475866E+02   1.4836846E-07
   6.2509239E+02   1.6268338E-07
   6.2542613E+02   1.7667080E-07
   6.2575987E+02   1.9028452E-07
   6.2609361E+02   2.0347991E-07
   6.2642735E+02   2.1621386E-07
   6.2676109E+02   2.2844492E-07
   6.2709483E+02   2.4013332E-07
   6.2742856E+02   2.5124083E-07
   6.2776230E+02   2.6173080E-07
   6.2809604E+02   2.7156838E-07
   6.2842978E+02   2.8072003E-07
   6.2876352E+02   2.8915363E-07
   6.2909726E+02   2.9683855E-07
   6.2943100E+02   3.0374537E-07
   6.2976473E+02   3.0984560E-07
   6.3009847E+02   3.1511203E-07
   6.3043221E+02   3.1951811E-07
   6.3076595E+02   3.2303819E-07
   6.3109969E+02   3.2564685E-07
   6.3143343E+02   3.2731958E-07
   6.3176717E+02   3.2803200E-07
   6.3210090E+02   3.2775981E-07
   6.3243464E+02   3.2647898E-07
   6.3276838E+02   3.2416546E-07
   6.3310212E+02   3.2079490E-07
   6.3343586E+02   3.1634323E-07
   6.3376960E+02   3.1078579E-07
   6.3410334E+02   3.0409814E-07
   6.3443708E+02   2.9625559E-07
   6.3477081E+02   2.8723366E-07
   6.3510455E+02   2.7700756E-07
   6.3543829E+02   2.6555287E-07
   6.3577203E+02   2.5284572E-07
   6.3610577E+02   2.3886290E-07
   6.3643951E+02   2.2358151E-07
   6.3677325E+02   2.0698056E-07
   6.3710698E+02   1.8903947E-07
   6.3744072E+02   1.6974036E-07
   6.3777446E+02   1.4906675E-07
   6.3810820E+02   1.2700524E-07
   6.3844194E+02   1.0354465E-07
   6.3877568E+02   7.8677814E-08
   6.3910942E+02   5.2401024E-08
   6.3944315E+02   2.4714680E-08
   6.3977689E+02  -4.3758988E-09
   6.4011063E+02  -3.4860651E-08
   6.4044437E+02  -6.6723750E-08
   6.4077811E+02  -9.9943449E-08
   6.4111185E+02  -1.3449184E-07
   6.4144559E+02  -1.7033422E-07
   6.4177932E+02  -2.0742880E-07
   6.4211306E+02  -2.4572643E-07
   6.4244680E+02  -2.8517044E-07
   6.4278054E+02  -3.2569625E-07
   6.4311428E+02  -3.6723111E-07
   6.4344802E+02  -4.0969405E-07
   6.4378176E+02  -4.5299606E-07
   6.4411549E+02  -4.9704011E-07
   6.4444923E+02  -5.4172062E-07
   6.4478297E+02  -5.8692422E-07
   6.4511671E+02  -6.3253009E-07
   6.4545045E+02  -6.7840955E-07
   6.4578419E+02  -7.2442697E-07
   6.4611793E+02  -7.7043990E-07
   6.4645166E+02  -8.1630009E-07
   6.4678540E+02  -8.6185332E-07
   6.4711914E+02  -9.0694039E-07
   6.4745288E+02  -9.5139819E-07
   6.4778662E+02  -9.9505939E-07
   6.4812036E+02  -1.0377543E-06
   6.4845410E+02  -1.0793115E-06
   6.4878783E+02  -1.1195588E-06
   6.4912157E+02  -1.1583231E-06
   6.4945531E+02  -1.1954336E-06
   6.4978905E+02  -1.2307205E-06
   6.5012279E+02  -1.2640172E-06
   6.5045653E+02  -1.2951617E-06
   6.5079027E+02  -1.3239962E-06
   6.5112400E+02  -1.3503696E-06
   6.5145774E+02  -1.3741375E-06
   6.5179148E+02  -1.3951641E-06
   6.5212522E+02  -1.4133218E-06
   6.5245896E+02  -1.4284938E-06
   6.5279270E+02  -1.4405734E-06
   6.5312644E+02  -1.4494664E-06
   6.5346018E+02  -1.4550894E-06
   6.5379391E+02  -1.4573736E-06
   6.5412765E+02  -1.4562636E-06
   6.5446139E+02  -1.4517173E-06
   6.5479513E+02  -1.4437078E-06
   6.5512887E+02  -1.4322231E-06
   6.5546261E+02  -1.4172667E-06
   6.5579635E+02  -1.3988572E-06
   6.5613008E+02  -1.3770283E-06
   6.5646382E+02  -1.3518297E-06
   6.5679756E+02  -1.3233268E-06
   6.5713130E+02  -1.2915988E-06
   6.5746504E+02  -1.2567414E-06
   6.5779878E+02  -1.2188634E-06
   6.5813252E+02  -1.1780884E-06
   6.5846625E+02  -1.1345527E-06
   6.5879999E+02  -1.0884050E-06
   6.5913373E+02  -1.0398069E-06
   6.5946747E+02  -9.8893042E-07
   6.5980121E+02  -9.3595730E-07
   6.6013495E+02  -8.8107913E-07
