  -7.8094826E+01   0.0000000E+00
  -7.7761087E+01   0.0000000E+00
  -7.7427349E+01   0.0000000E+00
  -7.7093610E+01   0.0000000E+00
  -7.6759871E+01   0.0000000E+00
  -7.6426133E+01   0.0000000E+00
  -7.6092394E+01   0.0000000E+00
  -7.5758656E+01   0.0000000E+00
  -7.5424917E+01   0.0000000E+00
  -7.5091178E+01   0.0000000E+00
  -7.4757440E+01   0.0000000E+00
  -7.4423701E+01   0.0000000E+00
  -7.4089963E+01   0.0000000E+00
  -7.3756224E+01   0.0000000E+00
  -7.3422485E+01   0.0000000E+00
  -7.3088747E+01   0.0000000E+00
  -7.2755008E+01   0.0000000E+00
  -7.2421270E+01   0.0000000E+00
  -7.2087531E+01   0.0000000E+00
  -7.1753792E+01   0.0000000E+00
  -7.1420054E+01   0.0000000E+00
  -7.1086315E+01   0.0000000E+00
  -7.0752577E+01   0.0000000E+00
  -7.0418838E+01   0.0000000E+00
  -7.0085099E+01   0.0000000E+00
  -6.9751361E+01   0.0000000E+00
  -6.9417622E+01   0.0000000E+00
  -6.9083884E+01   0.0000000E+00
  -6.8750145E+01   0.0000000E+00
  -6.8416406E+01   0.0000000E+00
  -6.8082668E+01   0.0000000E+00
  -6.7748929E+01   0.0000000E+00
  -6.7415191E+01   0.0000000E+00
  -6.7081452E+01   0.0000000E+00
  -6.6747714E+01   0.0000000E+00
  -6.6413975E+01   0.0000000E+00
  -6.6080236E+01   0.0000000E+00
  -6.5746498E+01   0.0000000E+00
  -6.5412759E+01   0.0000000E+00
  -6.5079021E+01   0.0000000E+00
  -6.4745282E+01   0.0000000E+00
  -6.4411543E+01   0.0000000E+00
  -6.4077805E+01   0.0000000E+00
  -6.3744066E+01   0.0000000E+00
  -6.3410328E+01   0.0000000E+00
  -6.3076589E+01   0.0000000E+00
  -6.2742850E+01   0.0000000E+00
  -6.2409112E+01   0.0000000E+00
  -6.2075373E+01   0.0000000E+00
  -6.1741635E+01   0.0000000E+00
  -6.1407896E+01   0.0000000E+00
  -6.1074157E+01   0.0000000E+00
  -6.0740419E+01   0.0000000E+00
  -6.0406680E+01   0.0000000E+00
  -6.0072942E+01   0.0000000E+00
  -5.9739203E+01   0.0000000E+00
  -5.9405464E+01   0.0000000E+00
  -5.9071726E+01   0.0000000E+00
  -5.8737987E+01   0.0000000E+00
  -5.8404249E+01   0.0000000E+00
  -5.8070510E+01   0.0000000E+00
  -5.7736771E+01   0.0000000E+00
  -5.7403033E+01   0.0000000E+00
  -5.7069294E+01   0.0000000E+00
  -5.6735556E+01   0.0000000E+00
  -5.6401817E+01   0.0000000E+00
  -5.6068078E+01   0.0000000E+00
  -5.5734340E+01   0.0000000E+00
  -5.5400601E+01   0.0000000E+00
  -5.5066863E+01   0.0000000E+00
  -5.4733124E+01   0.0000000E+00
  -5.4399385E+01   0.0000000E+00
  -5.4065647E+01   0.0000000E+00
  -5.3731908E+01   0.0000000E+00
  -5.3398170E+01   0.0000000E+00
  -5.3064431E+01   0.0000000E+00
  -5.2730693E+01   0.0000000E+00
  -5.2396954E+01   0.0000000E+00
  -5.2063215E+01   0.0000000E+00
  -5.1729477E+01   0.0000000E+00
  -5.1395738E+01   0.0000000E+00
  -5.1062000E+01   0.0000000E+00
  -5.0728261E+01   0.0000000E+00
  -5.0394522E+01   0.0000000E+00
  -5.0060784E+01   0.0000000E+00
  -4.9727045E+01   0.0000000E+00
  -4.9393307E+01   0.0000000E+00
  -4.9059568E+01   0.0000000E+00
  -4.8725829E+01   0.0000000E+00
  -4.8392091E+01   0.0000000E+00
  -4.8058352E+01   0.0000000E+00
  -4.7724614E+01   0.0000000E+00
  -4.7390875E+01   0.0000000E+00
  -4.7057136E+01   0.0000000E+00
  -4.6723398E+01   0.0000000E+00
  -4.6389659E+01   0.0000000E+00
  -4.6055921E+01   0.0000000E+00
  -4.5722182E+01   0.0000000E+00
  -4.5388443E+01   0.0000000E+00
  -4.5054705E+01   0.0000000E+00
  -4.4720966E+01   0.0000000E+00
  -4.4387228E+01   0.0000000E+00
  -4.4053489E+01   0.0000000E+00
  -4.3719750E+01   0.0000000E+00
  -4.3386012E+01   0.0000000E+00
  -4.3052273E+01   0.0000000E+00
  -4.2718535E+01   0.0000000E+00
  -4.2384796E+01   0.0000000E+00
  -4.2051057E+01   0.0000000E+00
  -4.1717319E+01   0.0000000E+00
  -4.1383580E+01   0.0000000E+00
  -4.1049842E+01   0.0000000E+00
  -4.0716103E+01   0.0000000E+00
  -4.0382364E+01   0.0000000E+00
  -4.0048626E+01   0.0000000E+00
  -3.9714887E+01   0.0000000E+00
  -3.9381149E+01   0.0000000E+00
  -3.9047410E+01   0.0000000E+00
  -3.8713672E+01   0.0000000E+00
  -3.8379933E+01   0.0000000E+00
  -3.8046194E+01   0.0000000E+00
  -3.7712456E+01   0.0000000E+00
  -3.7378717E+01   0.0000000E+00
  -3.7044979E+01   0.0000000E+00
  -3.6711240E+01   0.0000000E+00
  -3.6377501E+01   0.0000000E+00
  -3.6043763E+01   0.0000000E+00
  -3.5710024E+01   0.0000000E+00
  -3.5376286E+01   0.0000000E+00
  -3.5042547E+01   0.0000000E+00
  -3.4708808E+01   0.0000000E+00
  -3.4375070E+01   0.0000000E+00
  -3.4041331E+01   0.0000000E+00
  -3.3707593E+01   0.0000000E+00
  -3.3373854E+01   0.0000000E+00
  -3.3040115E+01   0.0000000E+00
  -3.2706377E+01   0.0000000E+00
  -3.2372638E+01   0.0000000E+00
  -3.2038900E+01   0.0000000E+00
  -3.1705161E+01   0.0000000E+00
  -3.1371422E+01   0.0000000E+00
  -3.1037684E+01   0.0000000E+00
  -3.0703945E+01   0.0000000E+00
  -3.0370207E+01   0.0000000E+00
  -3.0036468E+01   0.0000000E+00
  -2.9702729E+01   0.0000000E+00
  -2.9368991E+01   0.0000000E+00
  -2.9035252E+01   0.0000000E+00
  -2.8701514E+01   0.0000000E+00
  -2.8367775E+01   0.0000000E+00
  -2.8034036E+01   0.0000000E+00
  -2.7700298E+01   0.0000000E+00
  -2.7366559E+01   0.0000000E+00
  -2.7032821E+01   0.0000000E+00
  -2.6699082E+01   0.0000000E+00
  -2.6365343E+01   0.0000000E+00
  -2.6031605E+01   0.0000000E+00
  -2.5697866E+01   0.0000000E+00
  -2.5364128E+01   0.0000000E+00
  -2.5030389E+01   0.0000000E+00
  -2.4696651E+01   0.0000000E+00
  -2.4362912E+01   0.0000000E+00
  -2.4029173E+01   0.0000000E+00
  -2.3695435E+01   0.0000000E+00
  -2.3361696E+01   0.0000000E+00
  -2.3027958E+01   0.0000000E+00
  -2.2694219E+01   0.0000000E+00
  -2.2360480E+01   0.0000000E+00
  -2.2026742E+01   0.0000000E+00
  -2.1693003E+01   0.0000000E+00
  -2.1359265E+01   0.0000000E+00
  -2.1025526E+01   0.0000000E+00
  -2.0691787E+01   0.0000000E+00
  -2.0358049E+01   0.0000000E+00
  -2.0024310E+01   0.0000000E+00
  -1.9690572E+01   0.0000000E+00
  -1.9356833E+01   0.0000000E+00
  -1.9023094E+01   0.0000000E+00
  -1.8689356E+01   0.0000000E+00
  -1.8355617E+01   0.0000000E+00
  -1.8021879E+01   0.0000000E+00
  -1.7688140E+01   0.0000000E+00
  -1.7354401E+01   0.0000000E+00
  -1.7020663E+01   0.0000000E+00
  -1.6686924E+01   0.0000000E+00
  -1.6353186E+01   0.0000000E+00
  -1.6019447E+01   0.0000000E+00
  -1.5685708E+01   0.0000000E+00
  -1.5351970E+01   0.0000000E+00
  -1.5018231E+01   0.0000000E+00
  -1.4684493E+01   0.0000000E+00
  -1.4350754E+01   0.0000000E+00
  -1.4017015E+01   0.0000000E+00
  -1.3683277E+01   0.0000000E+00
  -1.3349538E+01   0.0000000E+00
  -1.3015800E+01   0.0000000E+00
  -1.2682061E+01   0.0000000E+00
  -1.2348322E+01   0.0000000E+00
  -1.2014584E+01   0.0000000E+00
  -1.1680845E+01   0.0000000E+00
  -1.1347107E+01   0.0000000E+00
  -1.1013368E+01   0.0000000E+00
  -1.0679630E+01   0.0000000E+00
  -1.0345891E+01   0.0000000E+00
  -1.0012152E+01   0.0000000E+00
  -9.6784137E+00   0.0000000E+00
  -9.3446751E+00   0.0000000E+00
  -9.0109365E+00   0.0000000E+00
  -8.6771979E+00   0.0000000E+00
  -8.3434593E+00   0.0000000E+00
  -8.0097207E+00   0.0000000E+00
  -7.6759821E+00   0.0000000E+00
  -7.3422436E+00   0.0000000E+00
  -7.0085050E+00   0.0000000E+00
  -6.6747664E+00   0.0000000E+00
  -6.3410278E+00   0.0000000E+00
  -6.0072892E+00   0.0000000E+00
  -5.6735506E+00   0.0000000E+00
  -5.3398120E+00   0.0000000E+00
  -5.0060734E+00   0.0000000E+00
  -4.6723348E+00   0.0000000E+00
  -4.3385962E+00   0.0000000E+00
  -4.0048576E+00   0.0000000E+00
  -3.6711190E+00   0.0000000E+00
  -3.3373804E+00   0.0000000E+00
  -3.0036418E+00   0.0000000E+00
  -2.6699032E+00   0.0000000E+00
  -2.3361646E+00   0.0000000E+00
  -2.0024260E+00   0.0000000E+00
  -1.6686874E+00   0.0000000E+00
  -1.3349488E+00   0.0000000E+00
  -1.0012102E+00   0.0000000E+00
  -6.6747165E-01   0.0000000E+00
  -3.3373305E-01   0.0000000E+00
   5.5432320E-06   0.0000000E+00
   3.3374414E-01   0.0000000E+00
   6.6748273E-01   0.0000000E+00
   1.0012213E+00   0.0000000E+00
   1.3349599E+00   0.0000000E+00
   1.6686985E+00   0.0000000E+00
   2.0024371E+00   0.0000000E+00
   2.3361757E+00   0.0000000E+00
   2.6699143E+00   0.0000000E+00
   3.0036529E+00   0.0000000E+00
   3.3373915E+00   0.0000000E+00
   3.6711301E+00   0.0000000E+00
   4.0048687E+00   0.0000000E+00
   4.3386073E+00   0.0000000E+00
   4.6723459E+00   0.0000000E+00
   5.0060845E+00   0.0000000E+00
   5.3398231E+00   0.0000000E+00
   5.6735617E+00   0.0000000E+00
   6.0073003E+00   0.0000000E+00
   6.3410389E+00   0.0000000E+00
   6.6747774E+00   0.0000000E+00
   7.0085160E+00   0.0000000E+00
   7.3422546E+00   0.0000000E+00
   7.6759932E+00   0.0000000E+00
   8.0097318E+00   0.0000000E+00
   8.3434704E+00   0.0000000E+00
   8.6772090E+00   0.0000000E+00
   9.0109476E+00   0.0000000E+00
   9.3446862E+00   0.0000000E+00
   9.6784248E+00   0.0000000E+00
   1.0012163E+01   0.0000000E+00
   1.0345902E+01   0.0000000E+00
   1.0679641E+01   0.0000000E+00
   1.1013379E+01   0.0000000E+00
   1.1347118E+01   0.0000000E+00
   1.1680856E+01   0.0000000E+00
   1.2014595E+01   0.0000000E+00
   1.2348334E+01   0.0000000E+00
   1.2682072E+01   0.0000000E+00
   1.3015811E+01   0.0000000E+00
   1.3349549E+01   0.0000000E+00
   1.3683288E+01   0.0000000E+00
   1.4017027E+01   0.0000000E+00
   1.4350765E+01   0.0000000E+00
   1.4684504E+01   0.0000000E+00
   1.5018242E+01   0.0000000E+00
   1.5351981E+01   0.0000000E+00
   1.5685720E+01   0.0000000E+00
   1.6019458E+01   0.0000000E+00
   1.6353197E+01   0.0000000E+00
   1.6686935E+01   0.0000000E+00
   1.7020674E+01   0.0000000E+00
   1.7354412E+01   0.0000000E+00
   1.7688151E+01   0.0000000E+00
   1.8021890E+01   0.0000000E+00
   1.8355628E+01   0.0000000E+00
   1.8689367E+01   0.0000000E+00
   1.9023105E+01   0.0000000E+00
   1.9356844E+01   0.0000000E+00
   1.9690583E+01   0.0000000E+00
   2.0024321E+01   0.0000000E+00
   2.0358060E+01   0.0000000E+00
   2.0691798E+01   0.0000000E+00
   2.1025537E+01   0.0000000E+00
   2.1359276E+01   0.0000000E+00
   2.1693014E+01   0.0000000E+00
   2.2026753E+01   0.0000000E+00
   2.2360491E+01   0.0000000E+00
   2.2694230E+01   0.0000000E+00
   2.3027969E+01   0.0000000E+00
   2.3361707E+01   0.0000000E+00
   2.3695446E+01   0.0000000E+00
   2.4029184E+01   0.0000000E+00
   2.4362923E+01   0.0000000E+00
   2.4696662E+01   0.0000000E+00
   2.5030400E+01   0.0000000E+00
   2.5364139E+01   0.0000000E+00
   2.5697877E+01   0.0000000E+00
   2.6031616E+01   0.0000000E+00
   2.6365355E+01   0.0000000E+00
   2.6699093E+01   0.0000000E+00
   2.7032832E+01   0.0000000E+00
   2.7366570E+01   0.0000000E+00
   2.7700309E+01   0.0000000E+00
   2.8034048E+01   0.0000000E+00
   2.8367786E+01   0.0000000E+00
   2.8701525E+01   0.0000000E+00
   2.9035263E+01   0.0000000E+00
   2.9369002E+01   0.0000000E+00
   2.9702741E+01   0.0000000E+00
   3.0036479E+01   0.0000000E+00
   3.0370218E+01   0.0000000E+00
   3.0703956E+01   0.0000000E+00
   3.1037695E+01   0.0000000E+00
   3.1371433E+01   0.0000000E+00
   3.1705172E+01   0.0000000E+00
   3.2038911E+01   0.0000000E+00
   3.2372649E+01   0.0000000E+00
   3.2706388E+01   0.0000000E+00
   3.3040126E+01   0.0000000E+00
   3.3373865E+01   0.0000000E+00
   3.3707604E+01   0.0000000E+00
   3.4041342E+01   0.0000000E+00
   3.4375081E+01   0.0000000E+00
   3.4708819E+01   0.0000000E+00
   3.5042558E+01   0.0000000E+00
   3.5376297E+01   0.0000000E+00
   3.5710035E+01   0.0000000E+00
   3.6043774E+01   0.0000000E+00
   3.6377512E+01   0.0000000E+00
   3.6711251E+01   0.0000000E+00
   3.7044990E+01   0.0000000E+00
   3.7378728E+01   0.0000000E+00
   3.7712467E+01   0.0000000E+00
   3.8046205E+01   0.0000000E+00
   3.8379944E+01   0.0000000E+00
   3.8713683E+01   0.0000000E+00
   3.9047421E+01   0.0000000E+00
   3.9381160E+01   0.0000000E+00
   3.9714898E+01   0.0000000E+00
   4.0048637E+01   0.0000000E+00
   4.0382376E+01   0.0000000E+00
   4.0716114E+01   0.0000000E+00
   4.1049853E+01   0.0000000E+00
   4.1383591E+01   0.0000000E+00
   4.1717330E+01   0.0000000E+00
   4.2051069E+01   0.0000000E+00
   4.2384807E+01   0.0000000E+00
   4.2718546E+01   0.0000000E+00
   4.3052284E+01   0.0000000E+00
   4.3386023E+01   0.0000000E+00
   4.3719762E+01   0.0000000E+00
   4.4053500E+01   0.0000000E+00
   4.4387239E+01   0.0000000E+00
   4.4720977E+01   0.0000000E+00
   4.5054716E+01   0.0000000E+00
   4.5388454E+01   0.0000000E+00
   4.5722193E+01   0.0000000E+00
   4.6055932E+01   0.0000000E+00
   4.6389670E+01   0.0000000E+00
   4.6723409E+01   0.0000000E+00
   4.7057147E+01   0.0000000E+00
   4.7390886E+01   0.0000000E+00
   4.7724625E+01   0.0000000E+00
   4.8058363E+01   0.0000000E+00
   4.8392102E+01   0.0000000E+00
   4.8725840E+01   0.0000000E+00
   4.9059579E+01   0.0000000E+00
   4.9393318E+01   0.0000000E+00
   4.9727056E+01   0.0000000E+00
   5.0060795E+01   0.0000000E+00
   5.0394533E+01   0.0000000E+00
   5.0728272E+01   0.0000000E+00
   5.1062011E+01   0.0000000E+00
   5.1395749E+01   0.0000000E+00
   5.1729488E+01   0.0000000E+00
   5.2063226E+01   0.0000000E+00
   5.2396965E+01   0.0000000E+00
   5.2730704E+01   0.0000000E+00
   5.3064442E+01   0.0000000E+00
   5.3398181E+01   0.0000000E+00
   5.3731919E+01   0.0000000E+00
   5.4065658E+01   0.0000000E+00
   5.4399397E+01   0.0000000E+00
   5.4733135E+01   0.0000000E+00
   5.5066874E+01   0.0000000E+00
   5.5400612E+01   0.0000000E+00
   5.5734351E+01   0.0000000E+00
   5.6068090E+01   0.0000000E+00
   5.6401828E+01   0.0000000E+00
   5.6735567E+01   0.0000000E+00
   5.7069305E+01   0.0000000E+00
   5.7403044E+01   0.0000000E+00
   5.7736783E+01   0.0000000E+00
   5.8070521E+01   0.0000000E+00
   5.8404260E+01   0.0000000E+00
   5.8737998E+01   0.0000000E+00
   5.9071737E+01   0.0000000E+00
   5.9405475E+01   0.0000000E+00
   5.9739214E+01   0.0000000E+00
   6.0072953E+01   0.0000000E+00
   6.0406691E+01   0.0000000E+00
   6.0740430E+01   0.0000000E+00
   6.1074168E+01   0.0000000E+00
   6.1407907E+01   0.0000000E+00
   6.1741646E+01   0.0000000E+00
   6.2075384E+01   0.0000000E+00
   6.2409123E+01   0.0000000E+00
   6.2742861E+01   0.0000000E+00
   6.3076600E+01   0.0000000E+00
   6.3410339E+01   0.0000000E+00
   6.3744077E+01   0.0000000E+00
   6.4077816E+01   0.0000000E+00
   6.4411554E+01   0.0000000E+00
   6.4745293E+01   0.0000000E+00
   6.5079032E+01   0.0000000E+00
   6.5412770E+01   0.0000000E+00
   6.5746509E+01   0.0000000E+00
   6.6080247E+01   0.0000000E+00
   6.6413986E+01   0.0000000E+00
   6.6747725E+01   0.0000000E+00
   6.7081463E+01   0.0000000E+00
   6.7415202E+01   0.0000000E+00
   6.7748940E+01   0.0000000E+00
   6.8082679E+01   0.0000000E+00
   6.8416418E+01   0.0000000E+00
   6.8750156E+01   0.0000000E+00
   6.9083895E+01   0.0000000E+00
   6.9417633E+01   0.0000000E+00
   6.9751372E+01   0.0000000E+00
   7.0085111E+01   0.0000000E+00
   7.0418849E+01   0.0000000E+00
   7.0752588E+01   0.0000000E+00
   7.1086326E+01   0.0000000E+00
   7.1420065E+01   0.0000000E+00
   7.1753804E+01   0.0000000E+00
   7.2087542E+01   0.0000000E+00
   7.2421281E+01   0.0000000E+00
   7.2755019E+01   0.0000000E+00
   7.3088758E+01   0.0000000E+00
   7.3422496E+01   0.0000000E+00
   7.3756235E+01   0.0000000E+00
   7.4089974E+01   0.0000000E+00
   7.4423712E+01   0.0000000E+00
   7.4757451E+01   0.0000000E+00
   7.5091189E+01   0.0000000E+00
   7.5424928E+01   0.0000000E+00
   7.5758667E+01   0.0000000E+00
   7.6092405E+01   0.0000000E+00
   7.6426144E+01   0.0000000E+00
   7.6759882E+01   0.0000000E+00
   7.7093621E+01   0.0000000E+00
   7.7427360E+01   0.0000000E+00
   7.7761098E+01   0.0000000E+00
   7.8094837E+01   0.0000000E+00
   7.8428575E+01   0.0000000E+00
   7.8762314E+01   0.0000000E+00
   7.9096053E+01   0.0000000E+00
   7.9429791E+01   0.0000000E+00
   7.9763530E+01   0.0000000E+00
   8.0097268E+01   0.0000000E+00
   8.0431007E+01   0.0000000E+00
   8.0764746E+01   0.0000000E+00
   8.1098484E+01   0.0000000E+00
   8.1432223E+01   0.0000000E+00
   8.1765961E+01   0.0000000E+00
   8.2099700E+01   0.0000000E+00
   8.2433439E+01   0.0000000E+00
   8.2767177E+01   0.0000000E+00
   8.3100916E+01   0.0000000E+00
   8.3434654E+01   0.0000000E+00
   8.3768393E+01   0.0000000E+00
   8.4102132E+01   0.0000000E+00
   8.4435870E+01   0.0000000E+00
   8.4769609E+01   0.0000000E+00
   8.5103347E+01   0.0000000E+00
   8.5437086E+01   0.0000000E+00
   8.5770825E+01   0.0000000E+00
   8.6104563E+01   0.0000000E+00
   8.6438302E+01   0.0000000E+00
   8.6772040E+01   0.0000000E+00
   8.7105779E+01   0.0000000E+00
   8.7439517E+01   0.0000000E+00
   8.7773256E+01   0.0000000E+00
   8.8106995E+01   0.0000000E+00
   8.8440733E+01   0.0000000E+00
   8.8774472E+01   0.0000000E+00
   8.9108210E+01   0.0000000E+00
   8.9441949E+01   0.0000000E+00
   8.9775688E+01   0.0000000E+00
   9.0109426E+01   0.0000000E+00
   9.0443165E+01   0.0000000E+00
   9.0776903E+01   0.0000000E+00
   9.1110642E+01   0.0000000E+00
   9.1444381E+01   0.0000000E+00
   9.1778119E+01   0.0000000E+00
   9.2111858E+01   0.0000000E+00
   9.2445596E+01   0.0000000E+00
   9.2779335E+01   0.0000000E+00
   9.3113074E+01   0.0000000E+00
   9.3446812E+01   0.0000000E+00
   9.3780551E+01   0.0000000E+00
   9.4114289E+01   0.0000000E+00
   9.4448028E+01   0.0000000E+00
   9.4781767E+01   0.0000000E+00
   9.5115505E+01   0.0000000E+00
   9.5449244E+01   0.0000000E+00
   9.5782982E+01   0.0000000E+00
   9.6116721E+01   0.0000000E+00
   9.6450460E+01   0.0000000E+00
   9.6784198E+01   0.0000000E+00
   9.7117937E+01   0.0000000E+00
   9.7451675E+01   0.0000000E+00
   9.7785414E+01   0.0000000E+00
   9.8119153E+01   0.0000000E+00
   9.8452891E+01   0.0000000E+00
   9.8786630E+01   0.0000000E+00
   9.9120368E+01   0.0000000E+00
   9.9454107E+01   0.0000000E+00
   9.9787846E+01   0.0000000E+00
   1.0012158E+02   0.0000000E+00
   1.0045532E+02   0.0000000E+00
   1.0078906E+02   0.0000000E+00
   1.0112280E+02   0.0000000E+00
   1.0145654E+02   0.0000000E+00
   1.0179028E+02   0.0000000E+00
   1.0212402E+02   0.0000000E+00
   1.0245775E+02   0.0000000E+00
   1.0279149E+02   0.0000000E+00
   1.0312523E+02   0.0000000E+00
   1.0345897E+02   0.0000000E+00
   1.0379271E+02   0.0000000E+00
   1.0412645E+02   0.0000000E+00
   1.0446019E+02   0.0000000E+00
   1.0479392E+02   0.0000000E+00
   1.0512766E+02   0.0000000E+00
   1.0546140E+02   0.0000000E+00
   1.0579514E+02   0.0000000E+00
   1.0612888E+02   0.0000000E+00
   1.0646262E+02   0.0000000E+00
   1.0679636E+02   0.0000000E+00
   1.0713009E+02   0.0000000E+00
   1.0746383E+02   0.0000000E+00
   1.0779757E+02   0.0000000E+00
   1.0813131E+02   0.0000000E+00
   1.0846505E+02   0.0000000E+00
   1.0879879E+02   0.0000000E+00
   1.0913253E+02   0.0000000E+00
   1.0946626E+02   0.0000000E+00
   1.0980000E+02   0.0000000E+00
   1.1013374E+02   0.0000000E+00
   1.1046748E+02   0.0000000E+00
   1.1080122E+02   0.0000000E+00
   1.1113496E+02   0.0000000E+00
   1.1146870E+02   0.0000000E+00
   1.1180243E+02   0.0000000E+00
   1.1213617E+02   0.0000000E+00
   1.1246991E+02   0.0000000E+00
   1.1280365E+02   0.0000000E+00
   1.1313739E+02   0.0000000E+00
   1.1347113E+02   0.0000000E+00
   1.1380487E+02   0.0000000E+00
   1.1413861E+02   0.0000000E+00
   1.1447234E+02   0.0000000E+00
   1.1480608E+02   0.0000000E+00
   1.1513982E+02   0.0000000E+00
   1.1547356E+02   0.0000000E+00
   1.1580730E+02   0.0000000E+00
   1.1614104E+02   0.0000000E+00
   1.1647478E+02   0.0000000E+00
   1.1680851E+02   0.0000000E+00
   1.1714225E+02   0.0000000E+00
   1.1747599E+02   0.0000000E+00
   1.1780973E+02   0.0000000E+00
   1.1814347E+02   0.0000000E+00
   1.1847721E+02   0.0000000E+00
   1.1881095E+02   0.0000000E+00
   1.1914468E+02   0.0000000E+00
   1.1947842E+02   0.0000000E+00
   1.1981216E+02   0.0000000E+00
   1.2014590E+02   0.0000000E+00
   1.2047964E+02   0.0000000E+00
   1.2081338E+02   0.0000000E+00
   1.2114712E+02   0.0000000E+00
   1.2148085E+02   0.0000000E+00
   1.2181459E+02   0.0000000E+00
   1.2214833E+02   0.0000000E+00
   1.2248207E+02   0.0000000E+00
   1.2281581E+02   0.0000000E+00
   1.2314955E+02   0.0000000E+00
   1.2348329E+02   0.0000000E+00
   1.2381702E+02   0.0000000E+00
   1.2415076E+02   0.0000000E+00
   1.2448450E+02   0.0000000E+00
   1.2481824E+02   0.0000000E+00
   1.2515198E+02   0.0000000E+00
   1.2548572E+02   0.0000000E+00
   1.2581946E+02   0.0000000E+00
   1.2615319E+02   0.0000000E+00
   1.2648693E+02   0.0000000E+00
   1.2682067E+02   0.0000000E+00
   1.2715441E+02   0.0000000E+00
   1.2748815E+02   0.0000000E+00
   1.2782189E+02   0.0000000E+00
   1.2815563E+02   0.0000000E+00
   1.2848936E+02   0.0000000E+00
   1.2882310E+02   0.0000000E+00
   1.2915684E+02   0.0000000E+00
   1.2949058E+02   0.0000000E+00
   1.2982432E+02   0.0000000E+00
   1.3015806E+02   0.0000000E+00
   1.3049180E+02   0.0000000E+00
   1.3082553E+02   0.0000000E+00
   1.3115927E+02   0.0000000E+00
   1.3149301E+02   0.0000000E+00
   1.3182675E+02   0.0000000E+00
   1.3216049E+02   0.0000000E+00
   1.3249423E+02   0.0000000E+00
   1.3282797E+02   0.0000000E+00
   1.3316171E+02   0.0000000E+00
   1.3349544E+02   0.0000000E+00
   1.3382918E+02   0.0000000E+00
   1.3416292E+02   0.0000000E+00
   1.3449666E+02   0.0000000E+00
   1.3483040E+02   0.0000000E+00
   1.3516414E+02   0.0000000E+00
   1.3549788E+02   0.0000000E+00
   1.3583161E+02   0.0000000E+00
   1.3616535E+02   0.0000000E+00
   1.3649909E+02   0.0000000E+00
   1.3683283E+02   0.0000000E+00
   1.3716657E+02   0.0000000E+00
   1.3750031E+02   0.0000000E+00
   1.3783405E+02   0.0000000E+00
   1.3816778E+02   0.0000000E+00
   1.3850152E+02   0.0000000E+00
   1.3883526E+02   0.0000000E+00
   1.3916900E+02   0.0000000E+00
   1.3950274E+02   0.0000000E+00
   1.3983648E+02   0.0000000E+00
   1.4017022E+02   0.0000000E+00
   1.4050395E+02   0.0000000E+00
   1.4083769E+02   0.0000000E+00
   1.4117143E+02   0.0000000E+00
   1.4150517E+02   0.0000000E+00
   1.4183891E+02   0.0000000E+00
   1.4217265E+02   0.0000000E+00
   1.4250639E+02   0.0000000E+00
   1.4284012E+02   0.0000000E+00
   1.4317386E+02   0.0000000E+00
   1.4350760E+02   0.0000000E+00
   1.4384134E+02   0.0000000E+00
   1.4417508E+02   0.0000000E+00
   1.4450882E+02   0.0000000E+00
   1.4484256E+02   1.4012985E-45
   1.4517629E+02   1.4012985E-45
   1.4551003E+02   4.2038954E-45
   1.4584377E+02   4.2038954E-45
   1.4617751E+02   4.2038954E-45
   1.4651125E+02   2.8025969E-45
   1.4684499E+02   1.4012985E-45
   1.4717873E+02  -1.4012985E-45
   1.4751246E+02  -4.2038954E-45
   1.4784620E+02  -1.1210388E-44
   1.4817994E+02  -1.2611686E-44
   1.4851368E+02  -1.2611686E-44
   1.4884742E+02  -1.2611686E-44
   1.4918116E+02  -8.4077908E-45
   1.4951490E+02  -5.6051939E-45
   1.4984863E+02   5.6051939E-45
   1.5018237E+02   1.2611686E-44
   1.5051611E+02   2.2420775E-44
   1.5084985E+02   3.0828566E-44
   1.5118359E+02   3.7835059E-44
   1.5151733E+02   4.0637655E-44
   1.5185107E+02   4.2038954E-44
   1.5218480E+02   3.3631163E-44
   1.5251854E+02   2.3822074E-44
   1.5285228E+02   7.0064923E-45
   1.5318602E+02  -1.4012985E-44
   1.5351976E+02  -3.5032462E-44
   1.5385350E+02  -5.1848043E-44
   1.5418724E+02  -6.1657132E-44
   1.5452098E+02  -6.1657132E-44
   1.5485471E+02  -4.9045446E-44
   1.5518845E+02  -2.3822074E-44
   1.5552219E+02   1.8216880E-44
   1.5585593E+02   6.8663625E-44
   1.5618967E+02   1.2331426E-43
   1.5652341E+02   1.7235971E-43
   1.5685715E+02   2.0599087E-43
   1.5719088E+02   2.2140516E-43
   1.5752462E+02   2.0038568E-43
   1.5785836E+02   1.4993894E-43
   1.5819210E+02   6.4459729E-44
   1.5852584E+02  -5.1848043E-44
   1.5885958E+02  -1.8637270E-43
   1.5919332E+02  -3.1809475E-43
   1.5952705E+02  -4.2879733E-43
   1.5986079E+02  -4.9605966E-43
   1.6019453E+02  -5.0166485E-43
   1.6052827E+02  -4.3580382E-43
   1.6086201E+02  -2.9006878E-43
   1.6119575E+02  -7.4268819E-44
   1.6152949E+02   1.9898438E-43
   1.6186322E+02   4.9045446E-43
   1.6219696E+02   7.6230636E-43
   1.6253070E+02   9.7109984E-43
   1.6286444E+02   1.0691907E-42
   1.6319818E+02   1.0187440E-42
   1.6353192E+02   8.0014142E-43
   1.6386566E+02   4.1058045E-43
   1.6419939E+02  -1.1630777E-43
   1.6453313E+02  -7.2867520E-43
   1.6486687E+02  -1.3494504E-42
   1.6520061E+02  -1.8763386E-42
   1.6553435E+02  -2.2070451E-42
   1.6586809E+02  -2.2504853E-42
   1.6620183E+02  -1.9478049E-42
   1.6653556E+02  -1.2709777E-42
   1.6686930E+02  -2.6064151E-43
   1.6720304E+02   9.9772451E-43
   1.6753678E+02   2.3555827E-42
   1.6787052E+02   3.6153500E-42
   1.6820426E+02   4.5584239E-42
   1.6853800E+02   4.9858199E-42
   1.6887173E+02   4.7153693E-42
   1.6920547E+02   3.6671981E-42
   1.6953921E+02   1.8497140E-42
   1.6987295E+02  -6.0536094E-43
   1.7020669E+02  -3.4387864E-42
   1.7054043E+02  -6.2806197E-42
   1.7087417E+02  -8.6936557E-42
   1.7120790E+02  -1.0226676E-41
   1.7154164E+02  -1.0467700E-41
   1.7187538E+02  -9.1392686E-42
   1.7220912E+02  -6.1502990E-42
   1.7254286E+02  -1.6423218E-42
   1.7287660E+02   3.9740824E-42
   1.7321034E+02   1.0043106E-41
   1.7354408E+02   1.5722569E-41
   1.7387781E+02   2.0065193E-41
   1.7421155E+02   2.2164338E-41
   1.7454529E+02   2.1273112E-41
   1.7487903E+02   1.6976731E-41
   1.7521277E+02   9.3060231E-42
   1.7554651E+02  -1.1883011E-42
   1.7588025E+02  -1.3430044E-41
   1.7621398E+02  -2.5872174E-41
   1.7654772E+02  -3.6667777E-41
   1.7688146E+02  -4.3864846E-41
   1.7721520E+02  -4.5728573E-41
   1.7754894E+02  -4.1001993E-41
   1.7788268E+02  -2.9215672E-41
   1.7821642E+02  -1.0881083E-41
   1.7855015E+02   1.2415504E-41
   1.7888389E+02   3.8043852E-41
   1.7921763E+02   6.2556766E-41
   1.7955137E+02   8.2069847E-41
   1.7988511E+02   9.2756149E-41
   1.8021885E+02   9.1443133E-41
   1.8055259E+02   7.6201209E-41
   1.8088632E+02   4.6855217E-41
   1.8122006E+02   5.3151251E-42
   1.8155380E+02  -4.4349695E-41
   1.8188754E+02  -9.6150094E-41
   1.8222128E+02  -1.4272785E-40
   1.8255502E+02  -1.7622589E-40
   1.8288876E+02  -1.8938549E-40
   1.8322249E+02  -1.7671635E-40
   1.8355623E+02  -1.3563728E-40
   1.8388997E+02  -6.7326786E-41
   1.8422371E+02   2.2768297E-41
   1.8455745E+02   1.2505748E-40
   1.8489119E+02   2.2649607E-40
   1.8522493E+02   3.1193885E-40
   1.8555866E+02   3.6603457E-40
   1.8589240E+02   3.7544850E-40
   1.8622614E+02   3.3119269E-40
   1.8655988E+02   2.3064812E-40
   1.8689362E+02   7.9061259E-41
   1.8722736E+02  -1.0994307E-40
   1.8756110E+02  -3.1494603E-40
   1.8789483E+02  -5.0858026E-40
   1.8822857E+02  -6.6055528E-40
   1.8856231E+02  -7.4161619E-40
   1.8889605E+02  -7.2798296E-40
   1.8922979E+02  -6.0576171E-40
   1.8956353E+02  -3.7458810E-40
   1.8989727E+02  -4.9931067E-41
   1.9023100E+02   3.3654285E-40
   1.9056474E+02   7.3889767E-40
   1.9089848E+02   1.1012693E-39
   1.9123222E+02   1.3643434E-39
   1.9156596E+02   1.4733967E-39
   1.9189970E+02   1.3869912E-39
   1.9223344E+02   1.0851641E-39
   1.9256718E+02   5.7583418E-40
   1.9290091E+02  -1.0175249E-40
   1.9323465E+02  -8.7755896E-40
   1.9356839E+02  -1.6558093E-39
   1.9390213E+02  -2.3245804E-39
   1.9423587E+02  -2.7692811E-39
   1.9456961E+02  -2.8887249E-39
   1.9490335E+02  -2.6118480E-39
   1.9523708E+02  -1.9128663E-39
   1.9557082E+02  -8.2241366E-40
   1.9590456E+02   5.6762257E-40
   1.9623830E+02   2.1072348E-39
   1.9657204E+02   3.6002356E-39
   1.9690578E+02   4.8247743E-39
   1.9723952E+02   5.5608554E-39
   1.9757325E+02   5.6220809E-39
   1.9790699E+02   4.8877851E-39
   1.9824073E+02   3.3310896E-39
   1.9857447E+02   1.0381506E-39
   1.9890821E+02  -1.7855177E-39
   1.9924195E+02  -4.8246300E-39
   1.9957569E+02  -7.6809471E-39
   1.9990942E+02  -9.9162578E-39
   2.0024316E+02  -1.1108129E-38
   2.0057690E+02  -1.0912603E-38
   2.0091064E+02  -9.1260992E-39
   2.0124438E+02  -5.7376642E-39
   2.0157812E+02  -9.6251969E-40
   2.0191186E+02   4.7508894E-39
   2.0224559E+02   1.0745720E-38
   2.0257933E+02   1.6215225E-38
   2.0291307E+02   2.0292289E-38
   2.0324681E+02   2.2162355E-38
   2.0358055E+02   2.1187907E-38
   2.0391429E+02   1.7028657E-38
   2.0424803E+02   9.7397950E-39
   2.0458176E+02  -1.6927826E-40
   2.0491550E+02  -1.1730673E-38
   2.0524924E+02  -2.3578007E-38
   2.0558298E+02  -3.4072987E-38
   2.0591672E+02  -4.1492038E-38
   2.0625046E+02  -4.4256548E-38
   2.0658420E+02  -4.1181777E-38
   2.0691793E+02  -3.1712147E-38
   2.0725167E+02  -1.6107409E-38
   2.0758541E+02   4.4552309E-39
   2.0791915E+02   2.7891809E-38
   2.0825289E+02   5.1352892E-38
   2.0858663E+02   7.1497981E-38
   2.0892037E+02   8.4886743E-38
   2.0925410E+02   8.8451848E-38
   2.0958784E+02   7.9999900E-38
   2.0992158E+02   5.8674469E-38
   2.1025532E+02   2.5308398E-38
   2.1058906E+02  -1.7403749E-38
   2.1092280E+02  -6.4968916E-38
   2.1125654E+02  -1.1142635E-37
   2.1159027E+02  -1.4994526E-37
   2.1192401E+02  -1.7365033E-37
   2.1225775E+02  -1.7659677E-37
   2.1259149E+02  -1.5478180E-37
   2.1292523E+02  -1.0705369E-37
   2.1325897E+02  -3.5771069E-38
   2.1359271E+02   5.2926113E-38
   2.1392645E+02   1.4934030E-37
   2.1426018E+02   2.4098908E-37
   2.1459392E+02   3.1391162E-37
   2.1492766E+02   3.5441529E-37
   2.1526140E+02   3.5108724E-37
   2.1559514E+02   2.9682927E-37
   2.1592888E+02   1.9062645E-37
   2.1626262E+02   3.8749019E-38
   2.1659635E+02  -1.4488491E-37
   2.1693009E+02  -3.3938377E-37
   2.1726383E+02  -5.1867863E-37
   2.1759757E+02  -6.5437795E-37
   2.1793131E+02  -7.1945242E-37
   2.1826505E+02  -6.9236350E-37
   2.1859879E+02  -5.6111802E-37
   2.1893252E+02  -3.2664828E-37
   2.1926626E+02  -4.9121228E-39
   2.1960000E+02   3.7281077E-37
   2.1993374E+02   7.6178477E-37
   2.2026748E+02   1.1079507E-36
   2.2060122E+02   1.3541197E-36
   2.2093496E+02   1.4476878E-36
   2.2126869E+02   1.3490197E-36
   2.2160243E+02   1.0394011E-36
   2.2193617E+02   5.2733449E-37
   2.2226991E+02  -1.4802181E-37
   2.2260365E+02  -9.1725572E-37
   2.2293739E+02  -1.6855530E-36
   2.2327113E+02  -2.3420532E-36
   2.2360486E+02  -2.7731332E-36
   2.2393860E+02  -2.8783548E-36
   2.2427234E+02  -2.5872255E-36
   2.2460608E+02  -1.8744821E-36
   2.2493982E+02  -7.7142229E-37
   2.2527356E+02   6.2902795E-37
   2.2560730E+02   2.1753081E-36
   2.2594103E+02   3.6692180E-36
   2.2627477E+02   4.8866909E-36
   2.2660851E+02   5.6058191E-36
   2.2694225E+02   5.6392921E-36
   2.2727599E+02   4.8672824E-36
   2.2760973E+02   3.2660860E-36
   2.2794347E+02   9.2765196E-37
   2.2827720E+02  -1.9343601E-36
   2.2861094E+02  -4.9951274E-36
   2.2894468E+02  -7.8470576E-36
   2.2927842E+02  -1.0044890E-35
   2.2961216E+02  -1.1163741E-35
   2.2994590E+02  -1.0863858E-35
   2.3027964E+02  -8.9537392E-36
   2.3061337E+02  -5.4423168E-36
   2.3094711E+02  -5.7070846E-37
   2.3128085E+02   5.1843168E-36
   2.3161459E+02   1.1140397E-35
   2.3194833E+02   1.6474263E-35
   2.3228207E+02   2.0317400E-35
   2.3261581E+02   2.1873863E-35
   2.3294955E+02   2.0546901E-35
   2.3328328E+02   1.6057378E-35
   2.3361702E+02   8.5356818E-36
   2.3395076E+02  -1.4305777E-36
   2.3428450E+02  -1.2807107E-35
   2.3461824E+02  -2.4189596E-35
   2.3495198E+02  -3.3946101E-35
   2.3528572E+02  -4.0415218E-35
   2.3561945E+02  -4.2140302E-35
   2.3595319E+02  -3.8111906E-35
   2.3628693E+02  -2.7984508E-35
   2.3662067E+02  -1.2232438E-35
   2.3695441E+02   7.7873552E-36
   2.3728815E+02   2.9889532E-35
   2.3762189E+02   5.1242347E-35
   2.3795562E+02   6.8671450E-35
   2.3828936E+02   7.9061070E-35
   2.3862310E+02   7.9810195E-35
   2.3895684E+02   6.9286851E-35
   2.3929058E+02   4.7214781E-35
   2.3962432E+02   1.4926416E-35
   2.3995806E+02  -2.4575276E-35
   2.4029179E+02  -6.6784787E-35
   2.4062553E+02  -1.0610368E-34
   2.4095927E+02  -1.3647081E-34
   2.4129301E+02  -1.5215687E-34
   2.4162675E+02  -1.4863517E-34
   2.4196049E+02  -1.2341527E-34
   2.4229423E+02  -7.6714615E-35
   2.4262796E+02  -1.1847055E-35
   2.4296170E+02   6.4771621E-35
   2.4329544E+02   1.4405993E-34
   2.4362918E+02   2.1515500E-34
   2.4396292E+02   2.6668677E-34
   2.4429666E+02   2.8831986E-34
   2.4463040E+02   2.7238390E-34
   2.4496413E+02   2.1537320E-34
   2.4529787E+02   1.1908148E-34
   2.4563161E+02  -8.8446967E-36
   2.4596535E+02  -1.5510162E-34
   2.4629909E+02  -3.0175822E-34
   2.4663283E+02  -4.2809975E-34
   2.4696657E+02  -5.1314571E-34
   2.4730030E+02  -5.3858598E-34
   2.4763404E+02  -4.9177876E-34
   2.4796778E+02  -3.6839809E-34
   2.4830152E+02  -1.7429753E-34
   2.4863526E+02   7.3787738E-35
   2.4896900E+02   3.4897521E-34
   2.4930274E+02   6.1651529E-34
   2.4963647E+02   8.3752384E-34
   2.4997021E+02   9.7385685E-34
   2.5030395E+02   9.9360258E-34
   2.5063769E+02   8.7651287E-34
   2.5097143E+02   6.1859031E-34
   2.5130517E+02   2.3506519E-34
   2.5163891E+02  -2.3889861E-34
   2.5197264E+02  -7.5020049E-34
   2.5230638E+02  -1.2326180E-33
   2.5264012E+02  -1.6141754E-33
   2.5297386E+02  -1.8264029E-33
   2.5330760E+02  -1.8144591E-33
   2.5364134E+02  -1.5468231E-33
   2.5397508E+02  -1.0231310E-33
   2.5430882E+02  -2.7878952E-34
   2.5464255E+02   6.1474823E-34
   2.5497629E+02   1.5547103E-33
   2.5531003E+02   2.4167988E-33
   2.5564377E+02   3.0694082E-33
   2.5597751E+02   3.3909192E-33
   2.5631125E+02   3.2880968E-33
   2.5664499E+02   2.7131826E-33
   2.5697872E+02   1.6771101E-33
   2.5731246E+02   2.5645480E-34
   2.5764620E+02  -1.4077478E-33
   2.5797994E+02  -3.1203086E-33
   2.5831368E+02  -4.6511747E-33
   2.5864742E+02  -5.7623064E-33
   2.5898116E+02  -6.2394785E-33
   2.5931489E+02  -5.9253026E-33
   2.5964863E+02  -4.7490633E-33
   2.5998237E+02  -2.7488017E-33
   2.6031611E+02  -8.1489585E-35
   2.6064985E+02   2.9817511E-33
   2.6098359E+02   6.0768400E-33
   2.6131733E+02   8.7836949E-33
   2.6165106E+02   1.0676059E-32
   2.6198480E+02   1.1379119E-32
   2.6231854E+02   1.0628106E-32
   2.6265228E+02   8.3199271E-33
   2.6298602E+02   4.5497950E-33
   2.6331976E+02  -3.7419934E-34
   2.6365350E+02  -5.9436389E-33
   2.6398723E+02  -1.1491418E-32
   2.6432097E+02  -1.6260753E-32
   2.6465471E+02  -1.9495868E-32
   2.6498845E+02  -2.0544941E-32
   2.6532219E+02  -1.8962891E-32
   2.6565593E+02  -1.4600031E-32
   2.6598967E+02  -7.6626061E-33
   2.6632340E+02   1.2667990E-33
   2.6665714E+02   1.1257154E-32
   2.6699088E+02   2.1107800E-32
   2.6732462E+02   2.9474328E-32
   2.6765836E+02   3.5030725E-32
   2.6799210E+02   3.6650606E-32
   2.6832584E+02   3.3585619E-32
   2.6865957E+02   2.5616408E-32
   2.6899331E+02   1.3152345E-32
   2.6932705E+02  -2.7403477E-33
   2.6966079E+02  -2.0395086E-32
   2.6999453E+02  -3.7689487E-32
   2.7032827E+02  -5.2270031E-32
   2.7066201E+02  -6.1836939E-32
   2.7099574E+02  -6.4458691E-32
   2.7132948E+02  -5.8878032E-32
   2.7166322E+02  -4.4766966E-32
   2.7199696E+02  -2.2890321E-32
   2.7233070E+02   4.8558852E-33
   2.7266444E+02   3.5552133E-32
   2.7299818E+02   6.5513527E-32
   2.7333192E+02   9.0682607E-32
   2.7366565E+02   1.0712148E-31
   2.7399939E+02   1.1154997E-31
   2.7433313E+02   1.0186379E-31
   2.7466687E+02   7.7561151E-32
   2.7500061E+02   4.0009578E-32
   2.7533435E+02  -7.5025354E-33
   2.7566809E+02  -5.9962907E-32
   2.7600182E+02  -1.1108549E-31
   2.7633556E+02  -1.5398480E-31
   2.7666930E+02  -1.8201253E-31
   2.7700304E+02  -1.8966483E-31
   2.7733678E+02  -1.7344859E-31
   2.7767052E+02  -1.3258685E-31
   2.7800426E+02  -6.9450058E-32
   2.7833799E+02   1.0377072E-32
   2.7867173E+02   9.8445019E-32
   2.7900547E+02   1.8421007E-31
   2.7933921E+02   2.5617323E-31
   2.7967295E+02   3.0328048E-31
   2.8000669E+02   3.1643142E-31
   2.8034043E+02   2.8990700E-31
   2.8067416E+02   2.2252085E-31
   2.8100790E+02   1.1830603E-31
   2.8134164E+02  -1.3404753E-32
   2.8167538E+02  -1.5858930E-31
   2.8200912E+02  -2.9983565E-31
   2.8234286E+02  -4.1823915E-31
   2.8267660E+02  -4.9571659E-31
   2.8301033E+02  -5.1747814E-31
   2.8334407E+02  -4.7434963E-31
   2.8367781E+02  -3.6462048E-31
   2.8401155E+02  -1.9511977E-31
   2.8434529E+02   1.8712618E-32
   2.8467903E+02   2.5388191E-31
   2.8501277E+02   4.8201066E-31
   2.8534650E+02   6.7246722E-31
   2.8568024E+02   7.9614615E-31
   2.8601398E+02   8.2947076E-31
   2.8634772E+02   7.5811971E-31
   2.8668146E+02   5.7994551E-31
   2.8701520E+02   3.0661494E-31
   2.8734894E+02  -3.6394669E-32
   2.8768267E+02  -4.1162478E-31
   2.8801641E+02  -7.7325311E-31
   2.8835015E+02  -1.0722220E-30
   2.8868389E+02  -1.2623636E-30
   2.8901763E+02  -1.3068247E-30
   2.8935137E+02  -1.1839708E-30
   2.8968511E+02  -8.9192628E-31
   2.9001884E+02  -4.5099994E-31
   2.9035258E+02   9.6563475E-32
   2.9068632E+02   6.8977228E-31
   2.9102006E+02   1.2549173E-30
   2.9135380E+02   1.7139586E-30
   2.9168754E+02   1.9944165E-30
   2.9202128E+02   2.0396196E-30
   2.9235501E+02   1.8179883E-30
   2.9268875E+02   1.3300010E-30
   2.9302249E+02   6.1167577E-31
   2.9335623E+02  -2.6629788E-31
   2.9368997E+02  -1.2041405E-30
   2.9402371E+02  -2.0830569E-30
   2.9435745E+02  -2.7789683E-30
   2.9469119E+02  -3.1784743E-30
   2.9502492E+02  -3.1951671E-30
   2.9535866E+02  -2.7841787E-30
   2.9569240E+02  -1.9527989E-30
   2.9602614E+02  -7.6534190E-31
   2.9635988E+02   6.5905252E-31
   2.9669362E+02   2.1561645E-30
   2.9702736E+02   3.5335402E-30
   2.9736109E+02   4.5929871E-30
   2.9769483E+02   5.1563536E-30
   2.9802857E+02   5.0915340E-30
   2.9836231E+02   4.3352627E-30
   2.9869605E+02   2.9093107E-30
   2.9902979E+02   9.2719346E-31
   2.9936353E+02  -1.4105678E-30
   2.9969726E+02  -3.8332615E-30
   3.0003100E+02  -6.0280129E-30
   3.0036474E+02  -7.6765439E-30
   3.0069848E+02  -8.4967643E-30
   3.0103222E+02  -8.2842244E-30
   3.0136596E+02  -6.9479269E-30
   3.0169970E+02  -4.5351136E-30
   3.0203343E+02  -1.2405641E-30
   3.0236717E+02   2.6025815E-30
   3.0270091E+02   6.5512598E-30
   3.0303465E+02   1.0098570E-29
   3.0336839E+02   1.2733381E-29
   3.0370213E+02   1.4007012E-29
   3.0403587E+02   1.3599107E-29
   3.0436960E+02   1.1373760E-29
   3.0470334E+02   7.4176259E-30
   3.0503708E+02   2.0529157E-30
   3.0537082E+02  -4.1790731E-30
   3.0570456E+02  -1.0564928E-29
   3.0603830E+02  -1.6293694E-29
   3.0637204E+02  -2.0552200E-29
   3.0670577E+02  -2.2630866E-29
   3.0703951E+02  -2.2027211E-29
   3.0737325E+02  -1.8533248E-29
   3.0770699E+02  -1.2293609E-29
   3.0804073E+02  -3.8237556E-30
   3.0837447E+02   6.0183577E-30
   3.0870821E+02   1.6108228E-29
   3.0904194E+02   2.5173424E-29
   3.0937568E+02   3.1943724E-29
   3.0970942E+02   3.5316334E-29
   3.1004316E+02   3.4516228E-29
   3.1037690E+02   2.9229929E-29
   3.1071064E+02   1.9692799E-29
   3.1104438E+02   6.7133765E-30
   3.1137811E+02  -8.3745016E-30
   3.1171185E+02  -2.3832957E-29
   3.1204559E+02  -3.7706109E-29
   3.1237933E+02  -4.8053060E-29
   3.1271307E+02  -5.3201865E-29
   3.1304681E+02  -5.1993584E-29
   3.1338055E+02  -4.3982980E-29
   3.1371429E+02  -2.9565829E-29
   3.1404802E+02  -1.0008492E-29
   3.1438176E+02   1.2633432E-29
   3.1471550E+02   3.5707650E-29
   3.1504924E+02   5.6254476E-29
   3.1538298E+02   7.1364221E-29
   3.1571672E+02   7.8562498E-29
   3.1605046E+02   7.6175416E-29
   3.1638419E+02   6.3624703E-29
   3.1671793E+02   4.1607408E-29
   3.1705167E+02   1.2125309E-29
   3.1738541E+02  -2.1654220E-29
   3.1771915E+02  -5.5703497E-29
   3.1805289E+02  -8.5581827E-29
   3.1838663E+02  -1.0697946E-28
   3.1872036E+02  -1.1629561E-28
   3.1905410E+02  -1.1117777E-28
   3.1938784E+02  -9.0947829E-29
   3.1972158E+02  -5.6847831E-29
   3.2005532E+02  -1.2056481E-29
   3.2038906E+02   3.8547638E-29
   3.2072280E+02   8.8868270E-29
   3.2105653E+02   1.3227874E-28
   3.2139027E+02   1.6244285E-28
   3.2172401E+02   1.7417345E-28
   3.2205775E+02   1.6421904E-28
   3.2239149E+02   1.3186840E-28
   3.2272523E+02   7.9276892E-29
   3.2305897E+02   1.1445429E-29
   3.2339270E+02  -6.4176343E-29
   3.2372644E+02  -1.3844473E-28
   3.2406018E+02  -2.0156761E-28
   3.2439392E+02  -2.4432968E-28
   3.2472766E+02  -2.5935150E-28
   3.2506140E+02  -2.4222007E-28
   3.2539514E+02  -1.9232992E-28
   3.2572887E+02  -1.1329822E-28
   3.2606261E+02  -1.2860972E-29
   3.2639635E+02   9.7781636E-29
   3.2673009E+02   2.0513337E-28
   3.2706383E+02   2.9497464E-28
   3.2739757E+02   3.5416706E-28
   3.2773131E+02   3.7247314E-28
   3.2806504E+02   3.4414993E-28
   3.2839878E+02   2.6908843E-28
   3.2873252E+02   1.5330703E-28
   3.2906626E+02   8.6776332E-30
   3.2940000E+02  -1.4814516E-28
   3.2973374E+02  -2.9752016E-28
   3.3006748E+02  -4.1916493E-28
   3.3040121E+02  -4.9478787E-28
   3.3073495E+02  -5.1068257E-28
   3.3106869E+02  -4.5993759E-28
   3.3140243E+02  -3.4393329E-28
   3.3173617E+02  -1.7286856E-28
   3.3206991E+02   3.4839946E-29
   3.3240365E+02   2.5430210E-28
   3.3273739E+02   4.5691195E-28
   3.3307112E+02   6.1383923E-28
   3.3340486E+02   6.9985742E-28
   3.3373860E+02   6.9702814E-28
   3.3407234E+02   5.9774462E-28
   3.3440608E+02   4.0667070E-28
   3.3473982E+02   1.4122588E-28
   3.3507356E+02  -1.6957743E-28
   3.3540729E+02  -4.8793440E-28
   3.3574103E+02  -7.7146032E-28
   3.3607477E+02  -9.7838512E-28
   3.3640851E+02  -1.0731311E-27
   3.3674225E+02  -1.0315768E-27
   3.3707599E+02  -8.4529200E-28
   3.3740973E+02  -5.2409566E-28
   3.3774346E+02  -9.6463211E-29
   3.3807720E+02   3.9245873E-28
   3.3841094E+02   8.8517387E-28
   3.3874468E+02   1.3181362E-27
   3.3907842E+02   1.6293793E-27
   3.3941216E+02   1.7666014E-27
   3.3974590E+02   1.6947068E-27
   3.4007963E+02   1.4017868E-27
   3.4041337E+02   9.0265082E-28
   3.4074711E+02   2.3925611E-28
   3.4108085E+02  -5.2226405E-28
   3.4141459E+02  -1.2978610E-27
   3.4174833E+02  -1.9945801E-27
   3.4208207E+02  -2.5213893E-27
   3.4241580E+02  -2.8005853E-27
   3.4274954E+02  -2.7783858E-27
   3.4308328E+02  -2.4333121E-27
   3.4341702E+02  -1.7811391E-27
   3.4375076E+02  -8.7556329E-28
   3.4408450E+02   1.9579678E-28
   3.4441824E+02   1.3198735E-27
   3.4475197E+02   2.3703252E-27
   3.4508571E+02   3.2221158E-27
   3.4541945E+02   3.7668143E-27
   3.4575319E+02   3.9267258E-27
   3.4608693E+02   3.6659969E-27
   3.4642067E+02   2.9971172E-27
   3.4675441E+02   1.9817080E-27
   3.4708814E+02   7.2517396E-28
   3.4742188E+02  -6.3443753E-28
   3.4775562E+02  -1.9422794E-27
   3.4808936E+02  -3.0454680E-27
   3.4842310E+02  -3.8125020E-27
   3.4875684E+02  -4.1508397E-27
   3.4909058E+02  -4.0202470E-27
   3.4942431E+02  -3.4399139E-27
   3.4975805E+02  -2.4880330E-27
   3.5009179E+02  -1.2934763E-27
   3.5042553E+02  -2.0181916E-29
   3.5075927E+02   1.1540792E-27
   3.5109301E+02   2.0620601E-27
   3.5142675E+02   2.5714050E-27
   3.5176048E+02   2.6056996E-27
   3.5209422E+02   2.1590861E-27
   3.5242796E+02   1.3019285E-27
   3.5276170E+02   1.7606158E-28
   3.5309544E+02  -1.0205932E-27
   3.5342918E+02  -2.0588426E-27
   3.5376292E+02  -2.7098618E-27
   3.5409666E+02  -2.7799664E-27
   3.5443039E+02  -2.1440109E-27
   3.5476413E+02  -7.7275686E-28
   3.5509787E+02   1.2501700E-27
   3.5543161E+02   3.7250894E-27
   3.5576535E+02   6.3487264E-27
   3.5609909E+02   8.7423838E-27
   3.5643283E+02   1.0493793E-26
   3.5676656E+02   1.1208713E-26
   3.5710030E+02   1.0566661E-26
   3.5743404E+02   8.3740636E-27
   3.5776778E+02   4.6078305E-27
   3.5810152E+02  -5.5724279E-28
   3.5843526E+02  -6.7424512E-27
   3.5876900E+02  -1.3383598E-26
   3.5910273E+02  -1.9774322E-26
   3.5943647E+02  -2.5131777E-26
   3.5977021E+02  -2.8679217E-26
   3.6010395E+02  -2.9737378E-26
   3.6043769E+02  -2.7815029E-26
   3.6077143E+02  -2.2687757E-26
   3.6110517E+02  -1.4455084E-26
   3.6143890E+02  -3.5668130E-27
   3.6177264E+02   9.1869462E-27
   3.6210638E+02   2.2724722E-26
   3.6244012E+02   3.5759490E-26
   3.6277386E+02   4.6915247E-26
   3.6310760E+02   5.4864105E-26
   3.6344134E+02   5.8470703E-26
   3.6377507E+02   5.6928671E-26
   3.6410881E+02   4.9873635E-26
   3.6444255E+02   3.7459097E-26
   3.6477629E+02   2.0383508E-26
   3.6511003E+02  -1.3721866E-28
   3.6544377E+02  -2.2453257E-26
   3.6577751E+02  -4.4615153E-26
   3.6611124E+02  -6.4548081E-26
   3.6644498E+02  -8.0250086E-26
   3.6677872E+02  -8.9995027E-26
   3.6711246E+02  -9.2518833E-26
   3.6744620E+02  -8.7168994E-26
   3.6777994E+02  -7.3999048E-26
   3.6811368E+02  -5.3796332E-26
   3.6844741E+02  -2.8035790E-26
   3.6878115E+02   1.2371080E-27
   3.6911489E+02   3.1586065E-26
   3.6944863E+02   6.0408614E-26
   3.6978237E+02   8.5184146E-26
   3.7011611E+02   1.0371909E-25
   3.7044985E+02   1.1436341E-25
   3.7078358E+02   1.1617417E-25
   3.7111732E+02   1.0900741E-25
   3.7145106E+02   9.3527694E-26
   3.7178480E+02   7.1132586E-26
   3.7211854E+02   4.3799930E-26
   3.7245228E+02   1.3874858E-26
   3.7278602E+02  -1.6179275E-26
   3.7311976E+02  -4.4037461E-26
   3.7345349E+02  -6.7746561E-26
   3.7378723E+02  -8.5907470E-26
   3.7412097E+02  -9.7784548E-26
   3.7445471E+02  -1.0332782E-25
   3.7478845E+02  -1.0310704E-25
   3.7512219E+02  -9.8165099E-26
   3.7545593E+02  -8.9812369E-26
   3.7578966E+02  -7.9389187E-26
   3.7612340E+02  -6.8030724E-26
   3.7645714E+02  -5.6469899E-26
   3.7679088E+02  -4.4907602E-26
   3.7712462E+02  -3.2975489E-26
   3.7745836E+02  -1.9800045E-26
   3.7779210E+02  -4.1688710E-27
   3.7812583E+02   1.5220184E-26
   3.7845957E+02   3.9455538E-26
   3.7879331E+02   6.9093948E-26
   3.7912705E+02   1.0387161E-25
   3.7946079E+02   1.4249262E-25
   3.7979453E+02   1.8252937E-25
   3.8012827E+02   2.2046594E-25
   3.8046200E+02   2.5189433E-25
   3.8079574E+02   2.7186296E-25
   3.8112948E+02   2.7534874E-25
   3.8146322E+02   2.5781735E-25
   3.8179696E+02   2.1581740E-25
   3.8213070E+02   1.4755082E-25
   3.8246444E+02   5.3357264E-26
   3.8279817E+02  -6.3945490E-26
   3.8313191E+02  -1.9890700E-25
   3.8346565E+02  -3.4351333E-25
   3.8379939E+02  -4.8748961E-25
   3.8413313E+02  -6.1883530E-25
   3.8446687E+02  -7.2456963E-25
   3.8480061E+02  -7.9164815E-25
   3.8513434E+02  -8.0800478E-25
   3.8546808E+02  -7.6364822E-25
   3.8580182E+02  -6.5175727E-25
   3.8613556E+02  -4.6968892E-25
   3.8646930E+02  -2.1983599E-25
   3.8680304E+02   8.9753315E-26
   3.8713678E+02   4.4505254E-25
   3.8747051E+02   8.2611703E-25
   3.8780425E+02   1.2075610E-24
   3.8813799E+02   1.5595275E-24
   3.8847173E+02   1.8491432E-24
   3.8880547E+02   2.0424843E-24
   3.8913921E+02   2.1069899E-24
   3.8947295E+02   2.0142569E-24
   3.8980668E+02   1.7430795E-24
   3.9014042E+02   1.2825516E-24
   3.9047416E+02   6.3500374E-25
   3.9080790E+02  -1.8151591E-25
   3.9114164E+02  -1.1315091E-24
   3.9147538E+02  -2.1613767E-24
   3.9180912E+02  -3.2001636E-24
   3.9214285E+02  -4.1619520E-24
   3.9247659E+02  -4.9501140E-24
   3.9281033E+02  -5.4634534E-24
   3.9314407E+02  -5.6041901E-24
   3.9347781E+02  -5.2874384E-24
   3.9381155E+02  -4.4517010E-24
   3.9414529E+02  -3.0696021E-24
   3.9447903E+02  -1.1578626E-24
   3.9481276E+02   1.2146306E-24
   3.9514650E+02   3.9219837E-24
   3.9548024E+02   6.7809631E-24
   3.9581398E+02   9.5563383E-24
   3.9614772E+02   1.1972730E-23
   3.9648146E+02   1.3733297E-23
   3.9681520E+02   1.4544940E-23
   3.9714893E+02   1.4148809E-23
   3.9748267E+02   1.2354041E-23
   3.9781641E+02   9.0717158E-24
   3.9815015E+02   4.3452948E-24
   3.9848389E+02  -1.6267722E-24
   3.9881763E+02  -8.4805340E-24
   3.9915137E+02  -1.5692128E-23
   3.9948510E+02  -2.2602304E-23
   3.9981884E+02  -2.8461133E-23
   4.0015258E+02  -3.2491994E-23
   4.0048632E+02  -3.3971361E-23
   4.0082006E+02  -3.2318208E-23
   4.0115380E+02  -2.7184478E-23
   4.0148754E+02  -1.8536040E-23
   4.0182127E+02  -6.7126028E-24
   4.0215501E+02   7.5444369E-24
   4.0248875E+02   2.3105924E-23
   4.0282249E+02   3.8516443E-23
   4.0315623E+02   5.2105033E-23
   4.0348997E+02   6.2140530E-23
   4.0382371E+02   6.7020827E-23
   4.0415744E+02   6.5479153E-23
   4.0449118E+02   5.6785212E-23
   4.0482492E+02   4.0916032E-23
   4.0515866E+02   1.8670186E-23
   4.0549240E+02  -8.2979506E-24
   4.0582614E+02  -3.7541802E-23
   4.0615988E+02  -6.5992759E-23
   4.0649361E+02  -9.0233697E-23
   4.0682735E+02  -1.0685958E-22
   4.0716109E+02  -1.1289478E-22
   4.0749483E+02  -1.0622508E-22
   4.0782857E+02  -8.5992560E-23
   4.0816231E+02  -5.2898336E-23
   4.0849605E+02  -9.3591097E-24
   4.0882978E+02   4.0526366E-23
   4.0916352E+02   9.1229315E-23
   4.0949726E+02   1.3626629E-22
   4.0983100E+02   1.6887659E-22
   4.1016474E+02   1.8284903E-22
   4.1049848E+02   1.7341967E-22
   4.1083222E+02   1.3813666E-22
   4.1116595E+02   7.7575628E-23
   4.1149969E+02  -4.2124541E-24
   4.1183343E+02  -9.9627636E-23
   4.1216717E+02  -1.9789655E-22
   4.1250091E+02  -2.8592982E-22
   4.1283465E+02  -3.4963633E-22
   4.1316839E+02  -3.7560563E-22
   4.1350213E+02  -3.5300591E-22
   4.1383586E+02  -2.7548936E-22
   4.1416960E+02  -1.4285637E-22
   4.1450334E+02   3.7779811E-23
   4.1483708E+02   2.5157423E-22
   4.1517082E+02   4.7646350E-22
   4.1550456E+02   6.8471582E-22
   4.1583830E+02   8.4550117E-22
   4.1617203E+02   9.2833212E-22
   4.1650577E+02   9.0708361E-22
   4.1683951E+02   7.6417660E-22
   4.1717325E+02   4.9440874E-22
   4.1750699E+02   1.0787828E-22
   4.1784073E+02  -3.6853711E-22
   4.1817447E+02  -8.9159246E-22
   4.1850820E+02  -1.4042550E-21
   4.1884194E+02  -1.8405007E-21
   4.1917568E+02  -2.1320968E-21
   4.1950942E+02  -2.2168505E-21
   4.1984316E+02  -2.0475247E-21
   4.2017690E+02  -1.6003988E-21
   4.2051064E+02  -8.8232686E-22
   4.2084437E+02   6.4863678E-23
   4.2117811E+02   1.1636434E-21
   4.2151185E+02   2.3044476E-21
   4.2184559E+02   3.3540235E-21
   4.2217933E+02   4.1681954E-21
   4.2251307E+02   4.6081998E-21
   4.2284681E+02   4.5590956E-21
   4.2318054E+02   3.9483047E-21
   4.2351428E+02   2.7618969E-21
   4.2384802E+02   1.0561843E-21
   4.2418176E+02  -1.0376934E-21
   4.2451550E+02  -3.3179874E-21
   4.2484924E+02  -5.5263492E-21
   4.2518298E+02  -7.3715283E-21
   4.2551671E+02  -8.5613888E-21
   4.2585045E+02  -8.8405227E-21
   4.2618419E+02  -8.0295294E-21
   4.2651793E+02  -6.0611461E-21
   4.2685167E+02  -3.0078749E-21
   4.2718541E+02   9.0399077E-22
   4.2751915E+02   5.2982146E-21
   4.2785288E+02   9.6729733E-21
   4.2818662E+02   1.3446078E-20
   4.2852036E+02   1.6018713E-20
   4.2885410E+02   1.6852361E-20
   4.2918784E+02   1.5550934E-20
   4.2952158E+02   1.1937936E-20
   4.2985532E+02   6.1173439E-21
   4.3018905E+02  -1.4928623E-21
   4.3052279E+02  -1.0163838E-20
   4.3085653E+02  -1.8901633E-20
   4.3119027E+02  -2.6536702E-20
   4.3152401E+02  -3.1852561E-20
   4.3185775E+02  -3.3742665E-20
   4.3219149E+02  -3.1379013E-20
   4.3252522E+02  -2.4371316E-20
   4.3285896E+02  -1.2893372E-20
   4.3319270E+02   2.2462441E-21
   4.3352644E+02   1.9608245E-20
   4.3386018E+02   3.7213444E-20
   4.3419392E+02   5.2722366E-20
   4.3452766E+02   6.3693786E-20
   4.3486140E+02   6.7899909E-20
   4.3519513E+02   6.3664053E-20
   4.3552887E+02   5.0178689E-20
   4.3586261E+02   2.7756685E-20
   4.3619635E+02  -2.0291371E-21
   4.3653009E+02  -3.6355331E-20
   4.3686383E+02  -7.1328611E-20
   4.3719757E+02  -1.0234081E-19
   4.3753130E+02  -1.2457719E-19
   4.3786504E+02  -1.3363359E-19
   4.3819878E+02  -1.2617552E-19
   4.3853252E+02  -1.0055693E-19
   4.3886626E+02  -5.7309244E-20
   4.3920000E+02   5.8513173E-22
   4.3953374E+02   6.7703202E-20
   4.3986747E+02   1.3651727E-19
   4.4020121E+02   1.9805932E-19
   4.4053495E+02   2.4287359E-19
   4.4086869E+02   2.6217309E-19
   4.4120243E+02   2.4907716E-19
   4.4153617E+02   1.9977821E-19
   4.4186991E+02   1.1447598E-19
   4.4220364E+02  -2.0738452E-21
   4.4253738E+02  -1.4052104E-19
   4.4287112E+02  -2.8746372E-19
   4.4320486E+02  -4.2658014E-19
   4.4353860E+02  -5.4027963E-19
   4.4387234E+02  -6.1172969E-19
   4.4420608E+02  -6.2704695E-19
   4.4453981E+02  -5.7740024E-19
   4.4487355E+02  -4.6074829E-19
   4.4520729E+02  -2.8295631E-19
   4.4554103E+02  -5.8082658E-20
   4.4587477E+02   1.9229254E-19
   4.4620851E+02   4.4071780E-19
   4.4654225E+02   6.5640442E-19
   4.4687598E+02   8.0843019E-19
   4.4720972E+02   8.6930034E-19
   4.4754346E+02   8.1847671E-19
   4.4787720E+02   6.4545679E-19
   4.4821094E+02   3.5200113E-19
   4.4854468E+02  -4.6829176E-20
   4.4887842E+02  -5.2305277E-19
   4.4921215E+02  -1.0376399E-18
   4.4954589E+02  -1.5437865E-18
   4.4987963E+02  -1.9913205E-18
   4.5021337E+02  -2.3318118E-18
   4.5054711E+02  -2.5238381E-18
   4.5088085E+02  -2.5377856E-18
   4.5121459E+02  -2.3595554E-18
   4.5154832E+02  -1.9926202E-18
   4.5188206E+02  -1.4579911E-18
   4.5221580E+02  -7.9187634E-19
   4.5254954E+02  -4.1009133E-20
   4.5288328E+02   7.4407336E-19
   4.5321702E+02   1.5173086E-18
   4.5355076E+02   2.2461957E-18
   4.5388450E+02   2.9208126E-18
   4.5421823E+02   3.5618265E-18
   4.5455197E+02   4.2266084E-18
   4.5488571E+02   5.0127815E-18
   4.5521945E+02   6.0588118E-18
   4.5555319E+02   7.5416753E-18
   4.5588693E+02   9.6720740E-18
   4.5622067E+02   1.2688116E-17
   4.5655440E+02   1.6848690E-17
   4.5688814E+02   2.2427920E-17
   4.5722188E+02   2.9712235E-17
   4.5755562E+02   3.9001096E-17
   4.5788936E+02   5.0612528E-17
   4.5822310E+02   6.4893510E-17
   4.5855684E+02   8.2235319E-17
   4.5889057E+02   1.0309322E-16
   4.5922431E+02   1.2800870E-16
   4.5955805E+02   1.5763412E-16
   4.5989179E+02   1.9275640E-16
   4.6022553E+02   2.3431991E-16
   4.6055927E+02   2.8344613E-16
   4.6089301E+02   3.4144856E-16
   4.6122674E+02   4.0984229E-16
   4.6156048E+02   4.9034716E-16
   4.6189422E+02   5.8488361E-16
   4.6222796E+02   6.9556101E-16
   4.6256170E+02   8.2465810E-16
   4.6289544E+02   9.7459643E-16
   4.6322918E+02   1.1479038E-15
   4.6356291E+02   1.3471697E-15
   4.6389665E+02   1.5749897E-15
   4.6423039E+02   1.8338905E-15
   4.6456413E+02   2.1262318E-15
   4.6489787E+02   2.4540789E-15
   4.6523161E+02   2.8190176E-15
   4.6556535E+02   3.2219164E-15
   4.6589908E+02   3.6626001E-15
   4.6623282E+02   4.1394250E-15
   4.6656656E+02   4.6487311E-15
   4.6690030E+02   5.1841305E-15
   4.6723404E+02   5.7356235E-15
   4.6756778E+02   6.2884844E-15
   4.6790152E+02   6.8218721E-15
   4.6823525E+02   7.3071474E-15
   4.6856899E+02   7.7057586E-15
   4.6890273E+02   7.9667210E-15
   4.6923647E+02   8.0235636E-15
   4.6957021E+02   7.7906059E-15
   4.6990395E+02   7.1584906E-15
   4.7023769E+02   5.9888550E-15
   4.7057142E+02   4.1079285E-15
   4.7090516E+02   1.2987692E-15
   4.7123890E+02  -2.7079305E-15
   4.7157264E+02  -8.2449577E-15
   4.7190638E+02  -1.5721799E-14
   4.7224012E+02  -2.5640460E-14
   4.7257386E+02  -3.8614294E-14
   4.7290760E+02  -5.5390263E-14
   4.7324133E+02  -7.6875314E-14
   4.7357507E+02  -1.0416685E-13
   4.7390881E+02  -1.3858980E-13
   4.7424255E+02  -1.8173776E-13
   4.7457629E+02  -2.3552349E-13
   4.7491003E+02  -3.0223540E-13
   4.7524377E+02  -3.8460522E-13
   4.7557750E+02  -4.8588575E-13
   4.7591124E+02  -6.0994000E-13
   4.7624498E+02  -7.6134791E-13
   4.7657872E+02  -9.4552588E-13
   4.7691246E+02  -1.1688677E-12
   4.7724620E+02  -1.4389048E-12
   4.7757994E+02  -1.7644961E-12
   4.7791367E+02  -2.1560345E-12
   4.7824741E+02  -2.6257043E-12
   4.7858115E+02  -3.1877461E-12
   4.7891489E+02  -3.8587935E-12
   4.7924863E+02  -4.6582230E-12
   4.7958237E+02  -5.6085835E-12
   4.7991611E+02  -6.7360588E-12
   4.8024984E+02  -8.0710039E-12
   4.8058358E+02  -9.6485623E-12
   4.8091732E+02  -1.1509346E-11
   4.8125106E+02  -1.3700192E-11
   4.8158480E+02  -1.6275052E-11
   4.8191854E+02  -1.9295966E-11
   4.8225228E+02  -2.2834153E-11
   4.8258601E+02  -2.6971238E-11
   4.8291975E+02  -3.1800652E-11
   4.8325349E+02  -3.7429095E-11
   4.8358723E+02  -4.3978265E-11
   4.8392097E+02  -5.1586846E-11
   4.8425471E+02  -6.0412467E-11
   4.8458845E+02  -7.0634033E-11
   4.8492218E+02  -8.2454432E-11
   4.8525592E+02  -9.6103091E-11
   4.8558966E+02  -1.1183937E-10
   4.8592340E+02  -1.2995567E-10
   4.8625714E+02  -1.5078142E-10
   4.8659088E+02  -1.7468677E-10
   4.8692462E+02  -2.0208718E-10
   4.8725835E+02  -2.3344840E-10
   4.8759209E+02  -2.6929123E-10
   4.8792583E+02  -3.1019734E-10
   4.8825957E+02  -3.5681502E-10
   4.8859331E+02  -4.0986595E-10
   4.8892705E+02  -4.7015231E-10
   4.8926079E+02  -5.3856319E-10
   4.8959452E+02  -6.1608285E-10
   4.8992826E+02  -7.0379996E-10
   4.9026200E+02  -8.0291485E-10
   4.9059574E+02  -9.1474905E-10
   4.9092948E+02  -1.0407557E-09
   4.9126322E+02  -1.1825286E-09
   4.9159696E+02  -1.3418133E-09
   4.9193069E+02  -1.5205166E-09
   4.9226443E+02  -1.7207188E-09
   4.9259817E+02  -1.9446853E-09
   4.9293191E+02  -2.1948758E-09
   4.9326565E+02  -2.4739568E-09
   4.9359939E+02  -2.7848139E-09
   4.9393313E+02  -3.1305620E-09
   4.9426687E+02  -3.5145542E-09
   4.9460060E+02  -3.9403960E-09
   4.9493434E+02  -4.4119512E-09
   4.9526808E+02  -4.9333555E-09
   4.9560182E+02  -5.5090181E-09
   4.9593556E+02  -6.1436372E-09
   4.9626930E+02  -6.8421899E-09
   4.9660304E+02  -7.6099562E-09
   4.9693677E+02  -8.4525071E-09
   4.9727051E+02  -9.3757055E-09
   4.9760425E+02  -1.0385712E-08
   4.9793799E+02  -1.1488952E-08
   4.9827173E+02  -1.2692153E-08
   4.9860547E+02  -1.4002302E-08
   4.9893921E+02  -1.5426604E-08
   4.9927294E+02  -1.6972528E-08
   4.9960668E+02  -1.8647722E-08
   4.9994042E+02  -2.0460012E-08
   5.0027416E+02  -2.2417369E-08
   5.0060790E+02  -2.4527873E-08
   5.0094164E+02  -2.6799611E-08
   5.0127538E+02  -2.9240727E-08
   5.0160911E+02  -3.1859258E-08
   5.0194285E+02  -3.4663174E-08
   5.0227659E+02  -3.7660204E-08
   5.0261033E+02  -4.0857859E-08
   5.0294407E+02  -4.4263277E-08
   5.0327781E+02  -4.7883134E-08
   5.0361155E+02  -5.1723596E-08
   5.0394528E+02  -5.5790203E-08
   5.0427902E+02  -6.0087700E-08
   5.0461276E+02  -6.4620068E-08
   5.0494650E+02  -6.9390197E-08
   5.0528024E+02  -7.4399921E-08
   5.0561398E+02  -7.9649887E-08
   5.0594772E+02  -8.5139256E-08
   5.0628145E+02  -9.0865825E-08
   5.0661519E+02  -9.6825609E-08
   5.0694893E+02  -1.0301303E-07
   5.0728267E+02  -1.0942053E-07
   5.0761641E+02  -1.1603834E-07
   5.0795015E+02  -1.2285480E-07
   5.0828389E+02  -1.2985569E-07
   5.0861762E+02  -1.3702456E-07
   5.0895136E+02  -1.4434220E-07
   5.0928510E+02  -1.5178699E-07
   5.0961884E+02  -1.5933443E-07
   5.0995258E+02  -1.6695714E-07
   5.1028632E+02  -1.7462500E-07
   5.1062006E+02  -1.8230476E-07
   5.1095379E+02  -1.8996035E-07
   5.1128753E+02  -1.9755264E-07
   5.1162127E+02  -2.0503943E-07
   5.1195501E+02  -2.1237571E-07
   5.1228875E+02  -2.1951342E-07
   5.1262249E+02  -2.2640167E-07
   5.1295623E+02  -2.3298678E-07
   5.1328997E+02  -2.3921271E-07
   5.1362370E+02  -2.4502060E-07
   5.1395744E+02  -2.5034996E-07
   5.1429118E+02  -2.5513739E-07
   5.1462492E+02  -2.5931831E-07
   5.1495866E+02  -2.6282646E-07
   5.1529240E+02  -2.6559448E-07
   5.1562614E+02  -2.6755433E-07
   5.1595987E+02  -2.6863682E-07
   5.1629361E+02  -2.6877353E-07
   5.1662735E+02  -2.6789576E-07
   5.1696109E+02  -2.6593571E-07
   5.1729483E+02  -2.6282723E-07
   5.1762857E+02  -2.5850565E-07
   5.1796231E+02  -2.5290811E-07
   5.1829604E+02  -2.4597537E-07
   5.1862978E+02  -2.3765119E-07
   5.1896352E+02  -2.2788309E-07
   5.1929726E+02  -2.1662316E-07
   5.1963100E+02  -2.0382804E-07
   5.1996474E+02  -1.8946047E-07
   5.2029848E+02  -1.7348877E-07
   5.2063221E+02  -1.5588805E-07
   5.2096595E+02  -1.3664034E-07
   5.2129969E+02  -1.1573532E-07
   5.2163343E+02  -9.3170456E-08
   5.2196717E+02  -6.8951877E-08
   5.2230091E+02  -4.3094275E-08
   5.2263465E+02  -1.5621481E-08
   5.2296838E+02   1.3433294E-08
   5.2330212E+02   4.4027246E-08
   5.2363586E+02   7.6107639E-08
   5.2396960E+02   1.0961193E-07
   5.2430334E+02   1.4446735E-07
   5.2463708E+02   1.8059151E-07
   5.2497082E+02   2.1789165E-07
   5.2530455E+02   2.5626551E-07
   5.2563829E+02   2.9560118E-07
   5.2597203E+02   3.3577734E-07
   5.2630577E+02   3.7666396E-07
   5.2663951E+02   4.1812189E-07
   5.2697325E+02   4.6000486E-07
   5.2730699E+02   5.0215812E-07
   5.2764072E+02   5.4442080E-07
   5.2797446E+02   5.8662579E-07
   5.2830820E+02   6.2860016E-07
   5.2864194E+02   6.7016651E-07
   5.2897568E+02   7.1114425E-07
   5.2930942E+02   7.5134989E-07
   5.2964316E+02   7.9059737E-07
   5.2997689E+02   8.2870008E-07
   5.3031063E+02   8.6547249E-07
   5.3064437E+02   9.0072979E-07
   5.3097811E+02   9.3428895E-07
   5.3131185E+02   9.6597114E-07
   5.3164559E+02   9.9560179E-07
   5.3197933E+02   1.0230121E-06
   5.3231306E+02   1.0480401E-06
   5.3264680E+02   1.0705306E-06
   5.3298054E+02   1.0903386E-06
   5.3331428E+02   1.1073280E-06
   5.3364802E+02   1.1213738E-06
   5.3398176E+02   1.1323615E-06
   5.3431550E+02   1.1401914E-06
   5.3464924E+02   1.1447748E-06
   5.3498297E+02   1.1460378E-06
   5.3531671E+02   1.1439214E-06
   5.3565045E+02   1.1383811E-06
   5.3598419E+02   1.1293885E-06
   5.3631793E+02   1.1169300E-06
   5.3665167E+02   1.1010097E-06
   5.3698541E+02   1.0816465E-06
   5.3731914E+02   1.0588776E-06
   5.3765288E+02   1.0327543E-06
   5.3798662E+02   1.0033467E-06
   5.3832036E+02   9.7073848E-07
   5.3865410E+02   9.3503127E-07
   5.3898784E+02   8.9633954E-07
   5.3932158E+02   8.5479542E-07
   5.3965531E+02   8.1054247E-07
   5.3998905E+02   7.6373874E-07
   5.4032279E+02   7.1455520E-07
   5.4065653E+02   6.6317409E-07
   5.4099027E+02   6.0978812E-07
   5.4132401E+02   5.5460021E-07
   5.4165775E+02   4.9782204E-07
   5.4199148E+02   4.3967248E-07
   5.4232522E+02   3.8037626E-07
   5.4265896E+02   3.2016467E-07
   5.4299270E+02   2.5927122E-07
   5.4332644E+02   1.9793289E-07
   5.4366018E+02   1.3638783E-07
   5.4399392E+02   7.4874180E-08
   5.4432765E+02   1.3628664E-08
   5.4466139E+02  -4.7114213E-08
   5.4499513E+02  -1.0712412E-07
   5.4532887E+02  -1.6617548E-07
   5.4566261E+02  -2.2404893E-07
   5.4599635E+02  -2.8053250E-07
   5.4633009E+02  -3.3542241E-07
   5.4666382E+02  -3.8852437E-07
   5.4699756E+02  -4.3965449E-07
   5.4733130E+02  -4.8864001E-07
   5.4766504E+02  -5.3532028E-07
   5.4799878E+02  -5.7954742E-07
   5.4833252E+02  -6.2118676E-07
   5.4866626E+02  -6.6011768E-07
   5.4899999E+02  -6.9623405E-07
   5.4933373E+02  -7.2944454E-07
   5.4966747E+02  -7.5967267E-07
   5.5000121E+02  -7.8685747E-07
   5.5033495E+02  -8.1095311E-07
   5.5066869E+02  -8.3192856E-07
   5.5100243E+02  -8.4976944E-07
   5.5133616E+02  -8.6447403E-07
   5.5166990E+02  -8.7605792E-07
   5.5200364E+02  -8.8454874E-07
   5.5233738E+02  -8.8999036E-07
   5.5267112E+02  -8.9243775E-07
   5.5300486E+02  -8.9196067E-07
   5.5333860E+02  -8.8864010E-07
   5.5367234E+02  -8.8256814E-07
   5.5400607E+02  -8.7384871E-07
   5.5433981E+02  -8.6259479E-07
   5.5467355E+02  -8.4892895E-07
   5.5500729E+02  -8.3298153E-07
   5.5534103E+02  -8.1489065E-07
   5.5567477E+02  -7.9480026E-07
   5.5600851E+02  -7.7285972E-07
   5.5634224E+02  -7.4922355E-07
   5.5667598E+02  -7.2404913E-07
   5.5700972E+02  -6.9749655E-07
   5.5734346E+02  -6.6972785E-07
   5.5767720E+02  -6.4090506E-07
   5.5801094E+02  -6.1119039E-07
   5.5834468E+02  -5.8074488E-07
   5.5867841E+02  -5.4972799E-07
   5.5901215E+02  -5.1829511E-07
   5.5934589E+02  -4.8659928E-07
   5.5967963E+02  -4.5478885E-07
   5.6001337E+02  -4.2300712E-07
   5.6034711E+02  -3.9139161E-07
   5.6068085E+02  -3.6007361E-07
   5.6101458E+02  -3.2917831E-07
   5.6134832E+02  -2.9882287E-07
   5.6168206E+02  -2.6911727E-07
   5.6201580E+02  -2.4016327E-07
   5.6234954E+02  -2.1205443E-07
   5.6268328E+02  -1.8487586E-07
   5.6301702E+02  -1.5870367E-07
   5.6335075E+02  -1.3360547E-07
   5.6368449E+02  -1.0963981E-07
   5.6401823E+02  -8.6856346E-08
   5.6435197E+02  -6.5296064E-08
   5.6468571E+02  -4.4991040E-08
   5.6501945E+02  -2.5964937E-08
   5.6535319E+02  -8.2330303E-09
   5.6568692E+02   8.1975244E-09
   5.6602066E+02   2.3327352E-08
   5.6635440E+02   3.7164622E-08
   5.6668814E+02   4.9724584E-08
   5.6702188E+02   6.1029269E-08
   5.6735562E+02   7.1106925E-08
   5.6768936E+02   7.9991601E-08
   5.6802309E+02   8.7722697E-08
   5.6835683E+02   9.4344408E-08
   5.6869057E+02   9.9905215E-08
   5.6902431E+02   1.0445731E-07
   5.6935805E+02   1.0805619E-07
   5.6969179E+02   1.1076001E-07
   5.7002553E+02   1.1262906E-07
   5.7035926E+02   1.1372534E-07
   5.7069300E+02   1.1411198E-07
   5.7102674E+02   1.1385272E-07
   5.7136048E+02   1.1301146E-07
   5.7169422E+02   1.1165174E-07
   5.7202796E+02   1.0983633E-07
   5.7236170E+02   1.0762681E-07
   5.7269543E+02   1.0508293E-07
   5.7302917E+02   1.0226260E-07
   5.7336291E+02   9.9221268E-08
   5.7369665E+02   9.6011647E-08
   5.7403039E+02   9.2683599E-08
   5.7436413E+02   8.9283652E-08
   5.7469787E+02   8.5855049E-08
   5.7503161E+02   8.2437325E-08
   5.7536534E+02   7.9066353E-08
   5.7569908E+02   7.5774068E-08
   5.7603282E+02   7.2588612E-08
   5.7636656E+02   6.9534011E-08
   5.7670030E+02   6.6630506E-08
   5.7703404E+02   6.3894191E-08
   5.7736778E+02   6.1337417E-08
   5.7770151E+02   5.8968709E-08
   5.7803525E+02   5.6792953E-08
   5.7836899E+02   5.4811544E-08
   5.7870273E+02   5.3022628E-08
   5.7903647E+02   5.1421175E-08
   5.7937021E+02   4.9999276E-08
   5.7970395E+02   4.8746401E-08
   5.8003768E+02   4.7649539E-08
   5.8037142E+02   4.6693579E-08
   5.8070516E+02   4.5861402E-08
   5.8103890E+02   4.5134350E-08
   5.8137264E+02   4.4492353E-08
   5.8170638E+02   4.3914280E-08
   5.8204012E+02   4.3378257E-08
   5.8237385E+02   4.2861870E-08
   5.8270759E+02   4.2342585E-08
   5.8304133E+02   4.1797854E-08
   5.8337507E+02   4.1205549E-08
   5.8370881E+02   4.0544027E-08
   5.8404255E+02   3.9792550E-08
   5.8437629E+02   3.8931297E-08
   5.8471002E+02   3.7941760E-08
   5.8504376E+02   3.6806714E-08
   5.8537750E+02   3.5510560E-08
   5.8571124E+02   3.4039410E-08
   5.8604498E+02   3.2381152E-08
   5.8637872E+02   3.0525680E-08
   5.8671246E+02   2.8464903E-08
   5.8704619E+02   2.6192851E-08
   5.8737993E+02   2.3705766E-08
   5.8771367E+02   2.1002023E-08
   5.8804741E+02   1.8082229E-08
   5.8838115E+02   1.4949192E-08
   5.8871489E+02   1.1607852E-08
   5.8904863E+02   8.0652320E-09
   5.8938236E+02   4.3304240E-09
   5.8971610E+02   4.1444537E-10
   5.9004984E+02  -3.6697543E-09
   5.9038358E+02  -7.9074738E-09
   5.9071732E+02  -1.2282321E-08
   5.9105106E+02  -1.6776355E-08
   5.9138480E+02  -2.1370177E-08
   5.9171853E+02  -2.6043033E-08
   5.9205227E+02  -3.0773165E-08
   5.9238601E+02  -3.5537681E-08
   5.9271975E+02  -4.0312926E-08
   5.9305349E+02  -4.5074685E-08
   5.9338723E+02  -4.9798103E-08
   5.9372097E+02  -5.4458056E-08
   5.9405471E+02  -5.9029304E-08
   5.9438844E+02  -6.3486510E-08
   5.9472218E+02  -6.7804478E-08
   5.9505592E+02  -7.1958326E-08
   5.9538966E+02  -7.5923623E-08
   5.9572340E+02  -7.9676425E-08
   5.9605714E+02  -8.3193612E-08
   5.9639088E+02  -8.6452886E-08
   5.9672461E+02  -8.9433001E-08
   5.9705835E+02  -9.2113851E-08
   5.9739209E+02  -9.4476604E-08
   5.9772583E+02  -9.6503896E-08
   5.9805957E+02  -9.8179697E-08
   5.9839331E+02  -9.9489739E-08
   5.9872705E+02  -1.0042143E-07
   5.9906078E+02  -1.0096383E-07
   5.9939452E+02  -1.0110793E-07
   5.9972826E+02  -1.0084662E-07
   6.0006200E+02  -1.0017479E-07
   6.0039574E+02  -9.9089249E-08
   6.0072948E+02  -9.7589094E-08
   6.0106322E+02  -9.5675333E-08
   6.0139695E+02  -9.3351304E-08
   6.0173069E+02  -9.0622407E-08
   6.0206443E+02  -8.7496218E-08
   6.0239817E+02  -8.3982542E-08
   6.0273191E+02  -8.0093301E-08
   6.0306565E+02  -7.5842607E-08
   6.0339939E+02  -7.1246347E-08
   6.0373312E+02  -6.6322784E-08
   6.0406686E+02  -6.1091953E-08
   6.0440060E+02  -5.5575789E-08
   6.0473434E+02  -4.9798146E-08
   6.0506808E+02  -4.3784517E-08
   6.0540182E+02  -3.7562266E-08
   6.0573556E+02  -3.1160127E-08
   6.0606929E+02  -2.4608340E-08
   6.0640303E+02  -1.7938451E-08
   6.0673677E+02  -1.1183205E-08
   6.0707051E+02  -4.3762007E-09
   6.0740425E+02   2.4479867E-09
   6.0773799E+02   9.2541299E-09
   6.0807173E+02   1.6006602E-08
   6.0840546E+02   2.2669390E-08
   6.0873920E+02   2.9206305E-08
   6.0907294E+02   3.5581152E-08
   6.0940668E+02   4.1758014E-08
   6.0974042E+02   4.7701263E-08
   6.1007416E+02   5.3375828E-08
   6.1040790E+02   5.8747560E-08
   6.1074163E+02   6.3782991E-08
   6.1107537E+02   6.8450049E-08
   6.1140911E+02   7.2717768E-08
   6.1174285E+02   7.6556944E-08
   6.1207659E+02   7.9939838E-08
   6.1241033E+02   8.2840643E-08
   6.1274407E+02   8.5235456E-08
   6.1307781E+02   8.7102535E-08
   6.1341154E+02   8.8422809E-08
   6.1374528E+02   8.9178911E-08
   6.1407902E+02   8.9356547E-08
   6.1441276E+02   8.8943779E-08
   6.1474650E+02   8.7931340E-08
   6.1508024E+02   8.6312895E-08
   6.1541398E+02   8.4084860E-08
   6.1574771E+02   8.1246469E-08
   6.1608145E+02   7.7799854E-08
   6.1641519E+02   7.3750016E-08
   6.1674893E+02   6.9104743E-08
   6.1708267E+02   6.3874779E-08
   6.1741641E+02   5.8073482E-08
   6.1775015E+02   5.1716796E-08
   6.1808388E+02   4.4823480E-08
   6.1841762E+02   3.7414452E-08
   6.1875136E+02   2.9513174E-08
   6.1908510E+02   2.1145340E-08
   6.1941884E+02   1.2338475E-08
   6.1975258E+02   3.1223948E-09
   6.2008632E+02  -6.4716374E-09
   6.2042005E+02  -1.6410652E-08
   6.2075379E+02  -2.6660274E-08
   6.2108753E+02  -3.7184989E-08
   6.2142127E+02  -4.7948227E-08
   6.2175501E+02  -5.8912697E-08
   6.2208875E+02  -7.0040493E-08
   6.2242249E+02  -8.1293365E-08
   6.2275622E+02  -9.2632803E-08
   6.2308996E+02  -1.0402038E-07
   6.2342370E+02  -1.1541783E-07
   6.2375744E+02  -1.2678721E-07
   6.2409118E+02  -1.3809114E-07
   6.2442492E+02  -1.4929292E-07
   6.2475866E+02  -1.6035651E-07
   6.2509239E+02  -1.7124691E-07
   6.2542613E+02  -1.8193032E-07
   6.2575987E+02  -1.9237378E-07
   6.2609361E+02  -2.0254562E-07
   6.2642735E+02  -2.1241556E-07
   6.2676109E+02  -2.2195435E-07
   6.2709483E+02  -2.3113432E-07
   6.2742856E+02  -2.3992885E-07
   6.2776230E+02  -2.4831263E-07
   6.2809604E+02  -2.5626156E-07
   6.2842978E+02  -2.6375278E-07
   6.2876352E+02  -2.7076442E-07
   6.2909726E+02  -2.7727543E-07
   6.2943100E+02  -2.8326593E-07
   6.2976473E+02  -2.8871682E-07
   6.3009847E+02  -2.9360939E-07
   6.3043221E+02  -2.9792574E-07
   6.3076595E+02  -3.0164819E-07
   6.3109969E+02  -3.0475965E-07
   6.3143343E+02  -3.0724294E-07
   6.3176717E+02  -3.0908109E-07
   6.3210090E+02  -3.1025689E-07
   6.3243464E+02  -3.1075319E-07
   6.3276838E+02  -3.1055242E-07
   6.3310212E+02  -3.0963662E-07
   6.3343586E+02  -3.0798782E-07
   6.3376960E+02  -3.0558706E-07
   6.3410334E+02  -3.0241560E-07
   6.3443708E+02  -2.9845353E-07
   6.3477081E+02  -2.9368144E-07
   6.3510455E+02  -2.8807887E-07
   6.3543829E+02  -2.8162552E-07
   6.3577203E+02  -2.7430107E-07
   6.3610577E+02  -2.6608529E-07
   6.3643951E+02  -2.5695769E-07
   6.3677325E+02  -2.4689876E-07
   6.3710698E+02  -2.3588940E-07
   6.3744072E+02  -2.2391166E-07
   6.3777446E+02  -2.1094841E-07
   6.3810820E+02  -1.9698440E-07
   6.3844194E+02  -1.8200609E-07
   6.3877568E+02  -1.6600218E-07
   6.3910942E+02  -1.4896396E-07
   6.3944315E+02  -1.3088530E-07
   6.3977689E+02  -1.1176353E-07
   6.4011063E+02  -9.1599674E-08
   6.4044437E+02  -7.0398428E-08
   6.4077811E+02  -4.8168914E-08
   6.4111185E+02  -2.4925079E-08
   6.4144559E+02  -6.8551742E-10
   6.4177932E+02   2.4525782E-08
   6.4211306E+02   5.0679205E-08
   6.4244680E+02   7.7739500E-08
   6.4278054E+02   1.0566548E-07
   6.4311428E+02   1.3440982E-07
   6.4344802E+02   1.6391863E-07
   6.4378176E+02   1.9413208E-07
   6.4411549E+02   2.2498334E-07
   6.4444923E+02   2.5640009E-07
   6.4478297E+02   2.8830283E-07
   6.4511671E+02   3.2060666E-07
   6.4545045E+02   3.5322006E-07
   6.4578419E+02   3.8604611E-07
   6.4611793E+02   4.1898272E-07
   6.4645166E+02   4.5192175E-07
   6.4678540E+02   4.8475124E-07
   6.4711914E+02   5.1735458E-07
   6.4745288E+02   5.4961146E-07
   6.4778662E+02   5.8139835E-07
   6.4812036E+02   6.1258874E-07
   6.4845410E+02   6.4305499E-07
   6.4878783E+02   6.7266734E-07
   6.4912157E+02   7.0129568E-07
   6.4945531E+02   7.2881062E-07
   6.4978905E+02   7.5508262E-07
   6.5012279E+02   7.7998516E-07
   6.5045653E+02   8.0339316E-07
   6.5079027E+02   8.2518488E-07
   6.5112400E+02   8.4524339E-07
   6.5145774E+02   8.6345580E-07
   6.5179148E+02   8.7971529E-07
   6.5212522E+02   8.9392108E-07
   6.5245896E+02   9.0597962E-07
   6.5279270E+02   9.1580551E-07
   6.5312644E+02   9.2332067E-07
   6.5346018E+02   9.2845664E-07
   6.5379391E+02   9.3115563E-07
   6.5412765E+02   9.3136759E-07
   6.5446139E+02   9.2905486E-07
   6.5479513E+02   9.2418986E-07
   6.5512887E+02   9.1675611E-07
   6.5546261E+02   9.0674871E-07
   6.5579635E+02   8.9417449E-07
   6.5613008E+02   8.7905175E-07
   6.5646382E+02   8.6141080E-07
   6.5679756E+02   8.4129334E-07
   6.5713130E+02   8.1875294E-07
   6.5746504E+02   7.9385393E-07
   6.5779878E+02   7.6667288E-07
   6.5813252E+02   7.3729541E-07
   6.5846625E+02   7.0581950E-07
   6.5879999E+02   6.7235129E-07
   6.5913373E+02   6.3700696E-07
   6.5946747E+02   5.9991112E-07
   6.5980121E+02   5.6119694E-07
   6.6013495E+02   5.2100461E-07
