  -7.8094826E+01   0.0000000E+00
  -7.7761087E+01   0.0000000E+00
  -7.7427349E+01   0.0000000E+00
  -7.7093610E+01   0.0000000E+00
  -7.6759871E+01   0.0000000E+00
  -7.6426133E+01   0.0000000E+00
  -7.6092394E+01   0.0000000E+00
  -7.5758656E+01   0.0000000E+00
  -7.5424917E+01   0.0000000E+00
  -7.5091178E+01   0.0000000E+00
  -7.4757440E+01   0.0000000E+00
  -7.4423701E+01   0.0000000E+00
  -7.4089963E+01   0.0000000E+00
  -7.3756224E+01   0.0000000E+00
  -7.3422485E+01   0.0000000E+00
  -7.3088747E+01   0.0000000E+00
  -7.2755008E+01   0.0000000E+00
  -7.2421270E+01   0.0000000E+00
  -7.2087531E+01   0.0000000E+00
  -7.1753792E+01   0.0000000E+00
  -7.1420054E+01   0.0000000E+00
  -7.1086315E+01   0.0000000E+00
  -7.0752577E+01   0.0000000E+00
  -7.0418838E+01   0.0000000E+00
  -7.0085099E+01   0.0000000E+00
  -6.9751361E+01   0.0000000E+00
  -6.9417622E+01   0.0000000E+00
  -6.9083884E+01   0.0000000E+00
  -6.8750145E+01   0.0000000E+00
  -6.8416406E+01   0.0000000E+00
  -6.8082668E+01   0.0000000E+00
  -6.7748929E+01   0.0000000E+00
  -6.7415191E+01   0.0000000E+00
  -6.7081452E+01   0.0000000E+00
  -6.6747714E+01   0.0000000E+00
  -6.6413975E+01   0.0000000E+00
  -6.6080236E+01   0.0000000E+00
  -6.5746498E+01   0.0000000E+00
  -6.5412759E+01   0.0000000E+00
  -6.5079021E+01   0.0000000E+00
  -6.4745282E+01   0.0000000E+00
  -6.4411543E+01   0.0000000E+00
  -6.4077805E+01   0.0000000E+00
  -6.3744066E+01   0.0000000E+00
  -6.3410328E+01   0.0000000E+00
  -6.3076589E+01   0.0000000E+00
  -6.2742850E+01   0.0000000E+00
  -6.2409112E+01   0.0000000E+00
  -6.2075373E+01   0.0000000E+00
  -6.1741635E+01   0.0000000E+00
  -6.1407896E+01   0.0000000E+00
  -6.1074157E+01   0.0000000E+00
  -6.0740419E+01   0.0000000E+00
  -6.0406680E+01   0.0000000E+00
  -6.0072942E+01   0.0000000E+00
  -5.9739203E+01   0.0000000E+00
  -5.9405464E+01   0.0000000E+00
  -5.9071726E+01   0.0000000E+00
  -5.8737987E+01   0.0000000E+00
  -5.8404249E+01   0.0000000E+00
  -5.8070510E+01   0.0000000E+00
  -5.7736771E+01   0.0000000E+00
  -5.7403033E+01   0.0000000E+00
  -5.7069294E+01   0.0000000E+00
  -5.6735556E+01   0.0000000E+00
  -5.6401817E+01   0.0000000E+00
  -5.6068078E+01   0.0000000E+00
  -5.5734340E+01   0.0000000E+00
  -5.5400601E+01   0.0000000E+00
  -5.5066863E+01   0.0000000E+00
  -5.4733124E+01   0.0000000E+00
  -5.4399385E+01   0.0000000E+00
  -5.4065647E+01   0.0000000E+00
  -5.3731908E+01   0.0000000E+00
  -5.3398170E+01   0.0000000E+00
  -5.3064431E+01   0.0000000E+00
  -5.2730693E+01   0.0000000E+00
  -5.2396954E+01   0.0000000E+00
  -5.2063215E+01   0.0000000E+00
  -5.1729477E+01   0.0000000E+00
  -5.1395738E+01   0.0000000E+00
  -5.1062000E+01   0.0000000E+00
  -5.0728261E+01   0.0000000E+00
  -5.0394522E+01   0.0000000E+00
  -5.0060784E+01   0.0000000E+00
  -4.9727045E+01   0.0000000E+00
  -4.9393307E+01   0.0000000E+00
  -4.9059568E+01   0.0000000E+00
  -4.8725829E+01   0.0000000E+00
  -4.8392091E+01   0.0000000E+00
  -4.8058352E+01   0.0000000E+00
  -4.7724614E+01   0.0000000E+00
  -4.7390875E+01   0.0000000E+00
  -4.7057136E+01   0.0000000E+00
  -4.6723398E+01   0.0000000E+00
  -4.6389659E+01   0.0000000E+00
  -4.6055921E+01   0.0000000E+00
  -4.5722182E+01   0.0000000E+00
  -4.5388443E+01   0.0000000E+00
  -4.5054705E+01   0.0000000E+00
  -4.4720966E+01   0.0000000E+00
  -4.4387228E+01   0.0000000E+00
  -4.4053489E+01   0.0000000E+00
  -4.3719750E+01   0.0000000E+00
  -4.3386012E+01   0.0000000E+00
  -4.3052273E+01   0.0000000E+00
  -4.2718535E+01   0.0000000E+00
  -4.2384796E+01   0.0000000E+00
  -4.2051057E+01   0.0000000E+00
  -4.1717319E+01   0.0000000E+00
  -4.1383580E+01   0.0000000E+00
  -4.1049842E+01   0.0000000E+00
  -4.0716103E+01   0.0000000E+00
  -4.0382364E+01   0.0000000E+00
  -4.0048626E+01   0.0000000E+00
  -3.9714887E+01   0.0000000E+00
  -3.9381149E+01   0.0000000E+00
  -3.9047410E+01   0.0000000E+00
  -3.8713672E+01   0.0000000E+00
  -3.8379933E+01   0.0000000E+00
  -3.8046194E+01   0.0000000E+00
  -3.7712456E+01   0.0000000E+00
  -3.7378717E+01   0.0000000E+00
  -3.7044979E+01   0.0000000E+00
  -3.6711240E+01   0.0000000E+00
  -3.6377501E+01   0.0000000E+00
  -3.6043763E+01   0.0000000E+00
  -3.5710024E+01   0.0000000E+00
  -3.5376286E+01   0.0000000E+00
  -3.5042547E+01   0.0000000E+00
  -3.4708808E+01   0.0000000E+00
  -3.4375070E+01   0.0000000E+00
  -3.4041331E+01   0.0000000E+00
  -3.3707593E+01   0.0000000E+00
  -3.3373854E+01   0.0000000E+00
  -3.3040115E+01   0.0000000E+00
  -3.2706377E+01   0.0000000E+00
  -3.2372638E+01   0.0000000E+00
  -3.2038900E+01   0.0000000E+00
  -3.1705161E+01   0.0000000E+00
  -3.1371422E+01   0.0000000E+00
  -3.1037684E+01   0.0000000E+00
  -3.0703945E+01   0.0000000E+00
  -3.0370207E+01   0.0000000E+00
  -3.0036468E+01   0.0000000E+00
  -2.9702729E+01   0.0000000E+00
  -2.9368991E+01   0.0000000E+00
  -2.9035252E+01   0.0000000E+00
  -2.8701514E+01   0.0000000E+00
  -2.8367775E+01   0.0000000E+00
  -2.8034036E+01   0.0000000E+00
  -2.7700298E+01   0.0000000E+00
  -2.7366559E+01   0.0000000E+00
  -2.7032821E+01   0.0000000E+00
  -2.6699082E+01   0.0000000E+00
  -2.6365343E+01   0.0000000E+00
  -2.6031605E+01   0.0000000E+00
  -2.5697866E+01   0.0000000E+00
  -2.5364128E+01   0.0000000E+00
  -2.5030389E+01   0.0000000E+00
  -2.4696651E+01   0.0000000E+00
  -2.4362912E+01   0.0000000E+00
  -2.4029173E+01   0.0000000E+00
  -2.3695435E+01   0.0000000E+00
  -2.3361696E+01   0.0000000E+00
  -2.3027958E+01   0.0000000E+00
  -2.2694219E+01   0.0000000E+00
  -2.2360480E+01   0.0000000E+00
  -2.2026742E+01   0.0000000E+00
  -2.1693003E+01   0.0000000E+00
  -2.1359265E+01   0.0000000E+00
  -2.1025526E+01   0.0000000E+00
  -2.0691787E+01   0.0000000E+00
  -2.0358049E+01   0.0000000E+00
  -2.0024310E+01   0.0000000E+00
  -1.9690572E+01   0.0000000E+00
  -1.9356833E+01   0.0000000E+00
  -1.9023094E+01   0.0000000E+00
  -1.8689356E+01   0.0000000E+00
  -1.8355617E+01   0.0000000E+00
  -1.8021879E+01   0.0000000E+00
  -1.7688140E+01   0.0000000E+00
  -1.7354401E+01   0.0000000E+00
  -1.7020663E+01   0.0000000E+00
  -1.6686924E+01   0.0000000E+00
  -1.6353186E+01   0.0000000E+00
  -1.6019447E+01   0.0000000E+00
  -1.5685708E+01   0.0000000E+00
  -1.5351970E+01   0.0000000E+00
  -1.5018231E+01   0.0000000E+00
  -1.4684493E+01   0.0000000E+00
  -1.4350754E+01   0.0000000E+00
  -1.4017015E+01   0.0000000E+00
  -1.3683277E+01   0.0000000E+00
  -1.3349538E+01   0.0000000E+00
  -1.3015800E+01   0.0000000E+00
  -1.2682061E+01   0.0000000E+00
  -1.2348322E+01   0.0000000E+00
  -1.2014584E+01   0.0000000E+00
  -1.1680845E+01   0.0000000E+00
  -1.1347107E+01   0.0000000E+00
  -1.1013368E+01   0.0000000E+00
  -1.0679630E+01   0.0000000E+00
  -1.0345891E+01   0.0000000E+00
  -1.0012152E+01   0.0000000E+00
  -9.6784137E+00   0.0000000E+00
  -9.3446751E+00   0.0000000E+00
  -9.0109365E+00   0.0000000E+00
  -8.6771979E+00   0.0000000E+00
  -8.3434593E+00   0.0000000E+00
  -8.0097207E+00   0.0000000E+00
  -7.6759821E+00   0.0000000E+00
  -7.3422436E+00   0.0000000E+00
  -7.0085050E+00   0.0000000E+00
  -6.6747664E+00   0.0000000E+00
  -6.3410278E+00   0.0000000E+00
  -6.0072892E+00   0.0000000E+00
  -5.6735506E+00   0.0000000E+00
  -5.3398120E+00   0.0000000E+00
  -5.0060734E+00   0.0000000E+00
  -4.6723348E+00   0.0000000E+00
  -4.3385962E+00   0.0000000E+00
  -4.0048576E+00   0.0000000E+00
  -3.6711190E+00   0.0000000E+00
  -3.3373804E+00   0.0000000E+00
  -3.0036418E+00   0.0000000E+00
  -2.6699032E+00   0.0000000E+00
  -2.3361646E+00   0.0000000E+00
  -2.0024260E+00   0.0000000E+00
  -1.6686874E+00   0.0000000E+00
  -1.3349488E+00   0.0000000E+00
  -1.0012102E+00   0.0000000E+00
  -6.6747165E-01   0.0000000E+00
  -3.3373305E-01   0.0000000E+00
   5.5432320E-06   0.0000000E+00
   3.3374414E-01   0.0000000E+00
   6.6748273E-01   0.0000000E+00
   1.0012213E+00   0.0000000E+00
   1.3349599E+00   0.0000000E+00
   1.6686985E+00   0.0000000E+00
   2.0024371E+00   0.0000000E+00
   2.3361757E+00   0.0000000E+00
   2.6699143E+00   0.0000000E+00
   3.0036529E+00   0.0000000E+00
   3.3373915E+00   0.0000000E+00
   3.6711301E+00   0.0000000E+00
   4.0048687E+00   0.0000000E+00
   4.3386073E+00   0.0000000E+00
   4.6723459E+00   0.0000000E+00
   5.0060845E+00   0.0000000E+00
   5.3398231E+00   0.0000000E+00
   5.6735617E+00   0.0000000E+00
   6.0073003E+00   0.0000000E+00
   6.3410389E+00   0.0000000E+00
   6.6747774E+00   0.0000000E+00
   7.0085160E+00   0.0000000E+00
   7.3422546E+00   0.0000000E+00
   7.6759932E+00   0.0000000E+00
   8.0097318E+00   0.0000000E+00
   8.3434704E+00   0.0000000E+00
   8.6772090E+00   0.0000000E+00
   9.0109476E+00   0.0000000E+00
   9.3446862E+00   0.0000000E+00
   9.6784248E+00   0.0000000E+00
   1.0012163E+01   0.0000000E+00
   1.0345902E+01   0.0000000E+00
   1.0679641E+01   0.0000000E+00
   1.1013379E+01   0.0000000E+00
   1.1347118E+01   0.0000000E+00
   1.1680856E+01   0.0000000E+00
   1.2014595E+01   0.0000000E+00
   1.2348334E+01   0.0000000E+00
   1.2682072E+01   0.0000000E+00
   1.3015811E+01   0.0000000E+00
   1.3349549E+01   0.0000000E+00
   1.3683288E+01   0.0000000E+00
   1.4017027E+01   0.0000000E+00
   1.4350765E+01   0.0000000E+00
   1.4684504E+01   0.0000000E+00
   1.5018242E+01   0.0000000E+00
   1.5351981E+01   0.0000000E+00
   1.5685720E+01   0.0000000E+00
   1.6019458E+01   0.0000000E+00
   1.6353197E+01   0.0000000E+00
   1.6686935E+01   0.0000000E+00
   1.7020674E+01   0.0000000E+00
   1.7354412E+01   0.0000000E+00
   1.7688151E+01   0.0000000E+00
   1.8021890E+01   0.0000000E+00
   1.8355628E+01   0.0000000E+00
   1.8689367E+01   0.0000000E+00
   1.9023105E+01   0.0000000E+00
   1.9356844E+01   0.0000000E+00
   1.9690583E+01   0.0000000E+00
   2.0024321E+01   0.0000000E+00
   2.0358060E+01   0.0000000E+00
   2.0691798E+01   0.0000000E+00
   2.1025537E+01   0.0000000E+00
   2.1359276E+01   0.0000000E+00
   2.1693014E+01   0.0000000E+00
   2.2026753E+01   0.0000000E+00
   2.2360491E+01   0.0000000E+00
   2.2694230E+01   0.0000000E+00
   2.3027969E+01   0.0000000E+00
   2.3361707E+01   0.0000000E+00
   2.3695446E+01   0.0000000E+00
   2.4029184E+01   0.0000000E+00
   2.4362923E+01   0.0000000E+00
   2.4696662E+01   0.0000000E+00
   2.5030400E+01   0.0000000E+00
   2.5364139E+01   0.0000000E+00
   2.5697877E+01   0.0000000E+00
   2.6031616E+01   0.0000000E+00
   2.6365355E+01   0.0000000E+00
   2.6699093E+01   0.0000000E+00
   2.7032832E+01   0.0000000E+00
   2.7366570E+01   0.0000000E+00
   2.7700309E+01   0.0000000E+00
   2.8034048E+01   0.0000000E+00
   2.8367786E+01   0.0000000E+00
   2.8701525E+01   0.0000000E+00
   2.9035263E+01   0.0000000E+00
   2.9369002E+01   0.0000000E+00
   2.9702741E+01   0.0000000E+00
   3.0036479E+01   0.0000000E+00
   3.0370218E+01   0.0000000E+00
   3.0703956E+01   0.0000000E+00
   3.1037695E+01   0.0000000E+00
   3.1371433E+01   0.0000000E+00
   3.1705172E+01   0.0000000E+00
   3.2038911E+01   0.0000000E+00
   3.2372649E+01   0.0000000E+00
   3.2706388E+01   0.0000000E+00
   3.3040126E+01   0.0000000E+00
   3.3373865E+01   0.0000000E+00
   3.3707604E+01   0.0000000E+00
   3.4041342E+01   0.0000000E+00
   3.4375081E+01   0.0000000E+00
   3.4708819E+01   0.0000000E+00
   3.5042558E+01   0.0000000E+00
   3.5376297E+01   0.0000000E+00
   3.5710035E+01   0.0000000E+00
   3.6043774E+01   0.0000000E+00
   3.6377512E+01   0.0000000E+00
   3.6711251E+01   0.0000000E+00
   3.7044990E+01   0.0000000E+00
   3.7378728E+01   0.0000000E+00
   3.7712467E+01   0.0000000E+00
   3.8046205E+01   0.0000000E+00
   3.8379944E+01   0.0000000E+00
   3.8713683E+01   0.0000000E+00
   3.9047421E+01   0.0000000E+00
   3.9381160E+01   0.0000000E+00
   3.9714898E+01   0.0000000E+00
   4.0048637E+01   0.0000000E+00
   4.0382376E+01   0.0000000E+00
   4.0716114E+01   0.0000000E+00
   4.1049853E+01   0.0000000E+00
   4.1383591E+01   0.0000000E+00
   4.1717330E+01   0.0000000E+00
   4.2051069E+01   0.0000000E+00
   4.2384807E+01   0.0000000E+00
   4.2718546E+01   0.0000000E+00
   4.3052284E+01   0.0000000E+00
   4.3386023E+01   0.0000000E+00
   4.3719762E+01   0.0000000E+00
   4.4053500E+01   0.0000000E+00
   4.4387239E+01   0.0000000E+00
   4.4720977E+01   0.0000000E+00
   4.5054716E+01   0.0000000E+00
   4.5388454E+01   0.0000000E+00
   4.5722193E+01   0.0000000E+00
   4.6055932E+01   0.0000000E+00
   4.6389670E+01   0.0000000E+00
   4.6723409E+01   0.0000000E+00
   4.7057147E+01   0.0000000E+00
   4.7390886E+01   0.0000000E+00
   4.7724625E+01   0.0000000E+00
   4.8058363E+01   0.0000000E+00
   4.8392102E+01   0.0000000E+00
   4.8725840E+01   0.0000000E+00
   4.9059579E+01   0.0000000E+00
   4.9393318E+01   0.0000000E+00
   4.9727056E+01   0.0000000E+00
   5.0060795E+01   0.0000000E+00
   5.0394533E+01   0.0000000E+00
   5.0728272E+01   0.0000000E+00
   5.1062011E+01   0.0000000E+00
   5.1395749E+01   0.0000000E+00
   5.1729488E+01   0.0000000E+00
   5.2063226E+01   0.0000000E+00
   5.2396965E+01   0.0000000E+00
   5.2730704E+01   0.0000000E+00
   5.3064442E+01   0.0000000E+00
   5.3398181E+01   0.0000000E+00
   5.3731919E+01   0.0000000E+00
   5.4065658E+01   0.0000000E+00
   5.4399397E+01   0.0000000E+00
   5.4733135E+01   0.0000000E+00
   5.5066874E+01   0.0000000E+00
   5.5400612E+01   0.0000000E+00
   5.5734351E+01   0.0000000E+00
   5.6068090E+01   0.0000000E+00
   5.6401828E+01   0.0000000E+00
   5.6735567E+01   0.0000000E+00
   5.7069305E+01   0.0000000E+00
   5.7403044E+01   0.0000000E+00
   5.7736783E+01   0.0000000E+00
   5.8070521E+01   0.0000000E+00
   5.8404260E+01   0.0000000E+00
   5.8737998E+01   0.0000000E+00
   5.9071737E+01   0.0000000E+00
   5.9405475E+01   0.0000000E+00
   5.9739214E+01   0.0000000E+00
   6.0072953E+01   0.0000000E+00
   6.0406691E+01   0.0000000E+00
   6.0740430E+01   0.0000000E+00
   6.1074168E+01   0.0000000E+00
   6.1407907E+01   0.0000000E+00
   6.1741646E+01   0.0000000E+00
   6.2075384E+01   0.0000000E+00
   6.2409123E+01   0.0000000E+00
   6.2742861E+01   0.0000000E+00
   6.3076600E+01   0.0000000E+00
   6.3410339E+01   0.0000000E+00
   6.3744077E+01   0.0000000E+00
   6.4077816E+01   0.0000000E+00
   6.4411554E+01   0.0000000E+00
   6.4745293E+01   0.0000000E+00
   6.5079032E+01   0.0000000E+00
   6.5412770E+01   0.0000000E+00
   6.5746509E+01   0.0000000E+00
   6.6080247E+01   0.0000000E+00
   6.6413986E+01   0.0000000E+00
   6.6747725E+01   0.0000000E+00
   6.7081463E+01   0.0000000E+00
   6.7415202E+01   0.0000000E+00
   6.7748940E+01   0.0000000E+00
   6.8082679E+01   0.0000000E+00
   6.8416418E+01   0.0000000E+00
   6.8750156E+01   0.0000000E+00
   6.9083895E+01   0.0000000E+00
   6.9417633E+01   0.0000000E+00
   6.9751372E+01   0.0000000E+00
   7.0085111E+01   0.0000000E+00
   7.0418849E+01   0.0000000E+00
   7.0752588E+01   0.0000000E+00
   7.1086326E+01   0.0000000E+00
   7.1420065E+01   0.0000000E+00
   7.1753804E+01   0.0000000E+00
   7.2087542E+01   0.0000000E+00
   7.2421281E+01   0.0000000E+00
   7.2755019E+01   0.0000000E+00
   7.3088758E+01   0.0000000E+00
   7.3422496E+01   0.0000000E+00
   7.3756235E+01   0.0000000E+00
   7.4089974E+01   0.0000000E+00
   7.4423712E+01   0.0000000E+00
   7.4757451E+01   0.0000000E+00
   7.5091189E+01   0.0000000E+00
   7.5424928E+01   0.0000000E+00
   7.5758667E+01   0.0000000E+00
   7.6092405E+01   0.0000000E+00
   7.6426144E+01   0.0000000E+00
   7.6759882E+01   0.0000000E+00
   7.7093621E+01   0.0000000E+00
   7.7427360E+01   0.0000000E+00
   7.7761098E+01   0.0000000E+00
   7.8094837E+01   0.0000000E+00
   7.8428575E+01   0.0000000E+00
   7.8762314E+01   0.0000000E+00
   7.9096053E+01   0.0000000E+00
   7.9429791E+01   0.0000000E+00
   7.9763530E+01   0.0000000E+00
   8.0097268E+01   0.0000000E+00
   8.0431007E+01   0.0000000E+00
   8.0764746E+01   0.0000000E+00
   8.1098484E+01   0.0000000E+00
   8.1432223E+01   0.0000000E+00
   8.1765961E+01   0.0000000E+00
   8.2099700E+01   0.0000000E+00
   8.2433439E+01   0.0000000E+00
   8.2767177E+01   0.0000000E+00
   8.3100916E+01   0.0000000E+00
   8.3434654E+01   0.0000000E+00
   8.3768393E+01   0.0000000E+00
   8.4102132E+01   0.0000000E+00
   8.4435870E+01   0.0000000E+00
   8.4769609E+01   0.0000000E+00
   8.5103347E+01   0.0000000E+00
   8.5437086E+01   0.0000000E+00
   8.5770825E+01   0.0000000E+00
   8.6104563E+01   0.0000000E+00
   8.6438302E+01   0.0000000E+00
   8.6772040E+01   0.0000000E+00
   8.7105779E+01   0.0000000E+00
   8.7439517E+01   0.0000000E+00
   8.7773256E+01   0.0000000E+00
   8.8106995E+01   0.0000000E+00
   8.8440733E+01   0.0000000E+00
   8.8774472E+01   0.0000000E+00
   8.9108210E+01   0.0000000E+00
   8.9441949E+01   0.0000000E+00
   8.9775688E+01   0.0000000E+00
   9.0109426E+01   0.0000000E+00
   9.0443165E+01   0.0000000E+00
   9.0776903E+01   0.0000000E+00
   9.1110642E+01   0.0000000E+00
   9.1444381E+01   0.0000000E+00
   9.1778119E+01   0.0000000E+00
   9.2111858E+01   0.0000000E+00
   9.2445596E+01   0.0000000E+00
   9.2779335E+01   0.0000000E+00
   9.3113074E+01   0.0000000E+00
   9.3446812E+01   0.0000000E+00
   9.3780551E+01   0.0000000E+00
   9.4114289E+01   0.0000000E+00
   9.4448028E+01   0.0000000E+00
   9.4781767E+01   0.0000000E+00
   9.5115505E+01   0.0000000E+00
   9.5449244E+01   0.0000000E+00
   9.5782982E+01   0.0000000E+00
   9.6116721E+01   0.0000000E+00
   9.6450460E+01   0.0000000E+00
   9.6784198E+01   0.0000000E+00
   9.7117937E+01   0.0000000E+00
   9.7451675E+01   0.0000000E+00
   9.7785414E+01   0.0000000E+00
   9.8119153E+01   0.0000000E+00
   9.8452891E+01   0.0000000E+00
   9.8786630E+01   0.0000000E+00
   9.9120368E+01   0.0000000E+00
   9.9454107E+01   0.0000000E+00
   9.9787846E+01   0.0000000E+00
   1.0012158E+02   0.0000000E+00
   1.0045532E+02   0.0000000E+00
   1.0078906E+02   0.0000000E+00
   1.0112280E+02   0.0000000E+00
   1.0145654E+02   0.0000000E+00
   1.0179028E+02   0.0000000E+00
   1.0212402E+02   0.0000000E+00
   1.0245775E+02   0.0000000E+00
   1.0279149E+02   0.0000000E+00
   1.0312523E+02   0.0000000E+00
   1.0345897E+02   0.0000000E+00
   1.0379271E+02   0.0000000E+00
   1.0412645E+02   0.0000000E+00
   1.0446019E+02   0.0000000E+00
   1.0479392E+02   0.0000000E+00
   1.0512766E+02   0.0000000E+00
   1.0546140E+02   0.0000000E+00
   1.0579514E+02   0.0000000E+00
   1.0612888E+02   0.0000000E+00
   1.0646262E+02   0.0000000E+00
   1.0679636E+02   0.0000000E+00
   1.0713009E+02   0.0000000E+00
   1.0746383E+02   0.0000000E+00
   1.0779757E+02   0.0000000E+00
   1.0813131E+02   0.0000000E+00
   1.0846505E+02   0.0000000E+00
   1.0879879E+02   0.0000000E+00
   1.0913253E+02   0.0000000E+00
   1.0946626E+02   0.0000000E+00
   1.0980000E+02   0.0000000E+00
   1.1013374E+02   0.0000000E+00
   1.1046748E+02   0.0000000E+00
   1.1080122E+02   0.0000000E+00
   1.1113496E+02   0.0000000E+00
   1.1146870E+02   0.0000000E+00
   1.1180243E+02   0.0000000E+00
   1.1213617E+02   0.0000000E+00
   1.1246991E+02   0.0000000E+00
   1.1280365E+02   0.0000000E+00
   1.1313739E+02   0.0000000E+00
   1.1347113E+02   0.0000000E+00
   1.1380487E+02   0.0000000E+00
   1.1413861E+02   0.0000000E+00
   1.1447234E+02   0.0000000E+00
   1.1480608E+02   0.0000000E+00
   1.1513982E+02   0.0000000E+00
   1.1547356E+02   0.0000000E+00
   1.1580730E+02   0.0000000E+00
   1.1614104E+02   0.0000000E+00
   1.1647478E+02   0.0000000E+00
   1.1680851E+02   0.0000000E+00
   1.1714225E+02   0.0000000E+00
   1.1747599E+02   0.0000000E+00
   1.1780973E+02   0.0000000E+00
   1.1814347E+02   0.0000000E+00
   1.1847721E+02   0.0000000E+00
   1.1881095E+02   0.0000000E+00
   1.1914468E+02   0.0000000E+00
   1.1947842E+02   0.0000000E+00
   1.1981216E+02   0.0000000E+00
   1.2014590E+02   0.0000000E+00
   1.2047964E+02   0.0000000E+00
   1.2081338E+02   0.0000000E+00
   1.2114712E+02   0.0000000E+00
   1.2148085E+02   0.0000000E+00
   1.2181459E+02   0.0000000E+00
   1.2214833E+02   0.0000000E+00
   1.2248207E+02   0.0000000E+00
   1.2281581E+02   0.0000000E+00
   1.2314955E+02   0.0000000E+00
   1.2348329E+02   0.0000000E+00
   1.2381702E+02   0.0000000E+00
   1.2415076E+02   0.0000000E+00
   1.2448450E+02   0.0000000E+00
   1.2481824E+02   0.0000000E+00
   1.2515198E+02   0.0000000E+00
   1.2548572E+02   0.0000000E+00
   1.2581946E+02   0.0000000E+00
   1.2615319E+02   0.0000000E+00
   1.2648693E+02   0.0000000E+00
   1.2682067E+02   0.0000000E+00
   1.2715441E+02   0.0000000E+00
   1.2748815E+02   0.0000000E+00
   1.2782189E+02   0.0000000E+00
   1.2815563E+02   0.0000000E+00
   1.2848936E+02   0.0000000E+00
   1.2882310E+02   0.0000000E+00
   1.2915684E+02   0.0000000E+00
   1.2949058E+02   0.0000000E+00
   1.2982432E+02   0.0000000E+00
   1.3015806E+02   0.0000000E+00
   1.3049180E+02   0.0000000E+00
   1.3082553E+02   0.0000000E+00
   1.3115927E+02   0.0000000E+00
   1.3149301E+02   0.0000000E+00
   1.3182675E+02   0.0000000E+00
   1.3216049E+02   0.0000000E+00
   1.3249423E+02   0.0000000E+00
   1.3282797E+02   0.0000000E+00
   1.3316171E+02   0.0000000E+00
   1.3349544E+02   0.0000000E+00
   1.3382918E+02   0.0000000E+00
   1.3416292E+02   0.0000000E+00
   1.3449666E+02   0.0000000E+00
   1.3483040E+02   0.0000000E+00
   1.3516414E+02   0.0000000E+00
   1.3549788E+02   0.0000000E+00
   1.3583161E+02   0.0000000E+00
   1.3616535E+02   0.0000000E+00
   1.3649909E+02   0.0000000E+00
   1.3683283E+02   0.0000000E+00
   1.3716657E+02   0.0000000E+00
   1.3750031E+02   0.0000000E+00
   1.3783405E+02   0.0000000E+00
   1.3816778E+02   0.0000000E+00
   1.3850152E+02   0.0000000E+00
   1.3883526E+02   0.0000000E+00
   1.3916900E+02   0.0000000E+00
   1.3950274E+02   0.0000000E+00
   1.3983648E+02   0.0000000E+00
   1.4017022E+02   0.0000000E+00
   1.4050395E+02   0.0000000E+00
   1.4083769E+02   0.0000000E+00
   1.4117143E+02   0.0000000E+00
   1.4150517E+02   0.0000000E+00
   1.4183891E+02   0.0000000E+00
   1.4217265E+02   0.0000000E+00
   1.4250639E+02   0.0000000E+00
   1.4284012E+02   0.0000000E+00
   1.4317386E+02   0.0000000E+00
   1.4350760E+02   0.0000000E+00
   1.4384134E+02   0.0000000E+00
   1.4417508E+02   0.0000000E+00
   1.4450882E+02   0.0000000E+00
   1.4484256E+02  -1.4012985E-45
   1.4517629E+02  -4.2038954E-45
   1.4551003E+02  -5.6051939E-45
   1.4584377E+02  -5.6051939E-45
   1.4617751E+02  -7.0064923E-45
   1.4651125E+02  -4.2038954E-45
   1.4684499E+02  -1.4012985E-45
   1.4717873E+02   1.4012985E-45
   1.4751246E+02   5.6051939E-45
   1.4784620E+02   1.4012985E-44
   1.4817994E+02   1.8216880E-44
   1.4851368E+02   1.8216880E-44
   1.4884742E+02   1.8216880E-44
   1.4918116E+02   1.2611686E-44
   1.4951490E+02   5.6051939E-45
   1.4984863E+02  -5.6051939E-45
   1.5018237E+02  -1.5414283E-44
   1.5051611E+02  -2.9427268E-44
   1.5084985E+02  -3.9236357E-44
   1.5118359E+02  -4.9045446E-44
   1.5151733E+02  -5.4650640E-44
   1.5185107E+02  -5.6051939E-44
   1.5218480E+02  -4.4841551E-44
   1.5251854E+02  -2.9427268E-44
   1.5285228E+02  -8.4077908E-45
   1.5318602E+02   1.6815582E-44
   1.5351976E+02   4.6242849E-44
   1.5385350E+02   6.5861028E-44
   1.5418724E+02   8.1275311E-44
   1.5452098E+02   8.4077908E-44
   1.5485471E+02   6.5861028E-44
   1.5518845E+02   3.2229865E-44
   1.5552219E+02  -2.3822074E-44
   1.5585593E+02  -8.9683102E-44
   1.5618967E+02  -1.6114932E-43
   1.5652341E+02  -2.2420775E-43
   1.5685715E+02  -2.7185190E-43
   1.5719088E+02  -2.9006878E-43
   1.5752462E+02  -2.6624671E-43
   1.5785836E+02  -1.9898438E-43
   1.5819210E+02  -8.5479206E-44
   1.5852584E+02   6.7262326E-44
   1.5885958E+02   2.3962204E-43
   1.5919332E+02   4.1338305E-43
   1.5952705E+02   5.5771679E-43
   1.5986079E+02   6.4599859E-43
   1.6019453E+02   6.5580768E-43
   1.6052827E+02   5.6472328E-43
   1.6086201E+02   3.7694929E-43
   1.6119575E+02   9.2485699E-44
   1.6152949E+02  -2.6344411E-43
   1.6186322E+02  -6.4459729E-43
   1.6219696E+02  -1.0019284E-42
   1.6253070E+02  -1.2723790E-42
   1.6286444E+02  -1.3970946E-42
   1.6319818E+02  -1.3284309E-42
   1.6353192E+02  -1.0355596E-42
   1.6386566E+02  -5.2548692E-43
   1.6419939E+02   1.6675452E-43
   1.6453313E+02   9.6969854E-43
   1.6486687E+02   1.7810503E-42
   1.6520061E+02   2.4718905E-42
   1.6553435E+02   2.9034904E-42
   1.6586809E+02   2.9637463E-42
   1.6620183E+02   2.5671788E-42
   1.6653556E+02   1.6871634E-42
   1.6686930E+02   3.6573890E-43
   1.6720304E+02  -1.2863920E-42
   1.6753678E+02  -3.0604358E-42
   1.6787052E+02  -4.7097641E-42
   1.6820426E+02  -5.9499133E-42
   1.6853800E+02  -6.5132353E-42
   1.6887173E+02  -6.1713184E-42
   1.6920547E+02  -4.8120589E-42
   1.6953921E+02  -2.4382593E-42
   1.6987295E+02   7.6791156E-43
   1.7020669E+02   4.4701421E-42
   1.7054043E+02   8.1891882E-42
   1.7087417E+02   1.1350518E-41
   1.7120790E+02   1.3359980E-41
   1.7154164E+02   1.3686482E-41
   1.7187538E+02   1.1961484E-41
   1.7220912E+02   8.0630714E-42
   1.7254286E+02   2.1748152E-42
   1.7287660E+02  -5.1637848E-42
   1.7321034E+02  -1.3104943E-41
   1.7354408E+02  -2.0537430E-41
   1.7387781E+02  -2.6230906E-41
   1.7421155E+02  -2.8991464E-41
   1.7454529E+02  -2.7856412E-41
   1.7487903E+02  -2.2269435E-41
   1.7521277E+02  -1.2271171E-41
   1.7554651E+02   1.4209166E-42
   1.7588025E+02   1.7411133E-41
   1.7621398E+02   3.3668998E-41
   1.7654772E+02   4.7787080E-41
   1.7688146E+02   5.7217819E-41
   1.7721520E+02   5.9686907E-41
   1.7754894E+02   5.3553423E-41
   1.7788268E+02   3.8192390E-41
   1.7821642E+02   1.4263817E-41
   1.7855015E+02  -1.6162576E-41
   1.7888389E+02  -4.9660616E-41
   1.7921763E+02  -8.1723726E-41
   1.7955137E+02  -1.0727500E-40
   1.7988511E+02  -1.2131461E-40
   1.8021885E+02  -1.1968911E-40
   1.8055259E+02  -9.9871943E-41
   1.8088632E+02  -6.1612291E-41
   1.8122006E+02  -7.3960533E-42
   1.8155380E+02   5.7470053E-41
   1.8188754E+02   1.2516818E-40
   1.8222128E+02   1.8609384E-40
   1.8255502E+02   2.2997830E-40
   1.8288876E+02   2.4733198E-40
   1.8322249E+02   2.3096201E-40
   1.8355623E+02   1.7747165E-40
   1.8388997E+02   8.8381295E-41
   1.8422371E+02  -2.9231086E-41
   1.8455745E+02  -1.6284489E-40
   1.8489119E+02  -2.9543716E-40
   1.8522493E+02  -4.0722714E-40
   1.8555866E+02  -4.7815527E-40
   1.8589240E+02  -4.9077256E-40
   1.8622614E+02  -4.3329410E-40
   1.8655988E+02  -3.0226709E-40
   1.8689362E+02  -1.0447661E-40
   1.8722736E+02   1.4231447E-40
   1.8756110E+02   4.1016707E-40
   1.8789483E+02   6.6335367E-40
   1.8822857E+02   8.6230022E-40
   1.8856231E+02   9.6875266E-40
   1.8889605E+02   9.5160357E-40
   1.8922979E+02   7.9261085E-40
   1.8956353E+02   4.9120416E-40
   1.8989727E+02   6.7494942E-41
   1.9023100E+02  -4.3723875E-40
   1.9056474E+02  -9.6305919E-40
   1.9089848E+02  -1.4370064E-39
   1.9123222E+02  -1.7815744E-39
   1.9156596E+02  -1.9251977E-39
   1.9189970E+02  -1.8136207E-39
   1.9223344E+02  -1.4205943E-39
   1.9256718E+02  -7.5627377E-40
   1.9290091E+02   1.2825664E-40
   1.9323465E+02   1.1416589E-39
   1.9356839E+02   2.1589175E-39
   1.9390213E+02   3.0338448E-39
   1.9423587E+02   3.6166659E-39
   1.9456961E+02   3.7750056E-39
   1.9490335E+02   3.4157603E-39
   1.9523708E+02   2.5049261E-39
   1.9557082E+02   1.0821541E-39
   1.9590456E+02  -7.3285808E-40
   1.9623830E+02  -2.7444010E-39
   1.9657204E+02  -4.6963173E-39
   1.9690578E+02  -6.2987623E-39
   1.9723952E+02  -7.2641323E-39
   1.9757325E+02  -7.3485213E-39
   1.9790699E+02  -6.3937592E-39
   1.9824073E+02  -4.3640862E-39
   1.9857447E+02  -1.3713962E-39
   1.9890821E+02   2.3163968E-39
   1.9924195E+02   6.2878224E-39
   1.9957569E+02   1.0022772E-38
   1.9990942E+02   1.2948596E-38
   2.0024316E+02   1.4512930E-38
   2.0057690E+02   1.4265604E-38
   2.0091064E+02   1.1939615E-38
   2.0124438E+02   7.5194797E-39
   2.0157812E+02   1.2852163E-39
   2.0191186E+02  -6.1782507E-39
   2.0224559E+02  -1.4013370E-38
   2.0257933E+02  -2.1166269E-38
   2.0291307E+02  -2.6503593E-38
   2.0324681E+02  -2.8960120E-38
   2.0358055E+02  -2.7701361E-38
   2.0391429E+02  -2.2280819E-38
   2.0424803E+02  -1.2768559E-38
   2.0458176E+02   1.7176276E-40
   2.0491550E+02   1.5277061E-38
   2.0524924E+02   3.0762879E-38
   2.0558298E+02   4.4488631E-38
   2.0591672E+02   5.4201277E-38
   2.0625046E+02   5.7836268E-38
   2.0658420E+02   5.3842876E-38
   2.0691793E+02   4.1491954E-38
   2.0725167E+02   2.1119570E-38
   2.0758541E+02  -5.7390753E-39
   2.0791915E+02  -3.6363146E-38
   2.0825289E+02  -6.7030451E-38
   2.0858663E+02  -9.3375641E-38
   2.0892037E+02  -1.1090139E-37
   2.0925410E+02  -1.1559644E-37
   2.0958784E+02  -1.0459020E-37
   2.0992158E+02  -7.6758735E-38
   2.1025532E+02  -3.3185371E-38
   2.1058906E+02   2.2613066E-38
   2.1092280E+02   8.4768260E-38
   2.1125654E+02   1.4549228E-37
   2.1159027E+02   1.9585814E-37
   2.1192401E+02   2.2687863E-37
   2.1225775E+02   2.3078076E-37
   2.1259149E+02   2.0232790E-37
   2.1292523E+02   1.4000874E-37
   2.1325897E+02   4.6899276E-38
   2.1359271E+02  -6.8982089E-38
   2.1392645E+02  -1.9496620E-37
   2.1426018E+02  -3.1474264E-37
   2.1459392E+02  -4.1006692E-37
   2.1492766E+02  -4.6304291E-37
   2.1526140E+02  -4.5875229E-37
   2.1559514E+02  -3.8791408E-37
   2.1592888E+02  -2.4919674E-37
   2.1626262E+02  -5.0788942E-38
   2.1659635E+02   1.8912538E-37
   2.1693009E+02   4.4324878E-37
   2.1726383E+02   6.7751772E-37
   2.1759757E+02   8.5483296E-37
   2.1793131E+02   9.3987568E-37
   2.1826505E+02   9.0450359E-37
   2.1859879E+02   7.3304797E-37
   2.1893252E+02   4.2673117E-37
   2.1926626E+02   6.4096176E-39
   2.1960000E+02  -4.8704054E-37
   2.1993374E+02  -9.9516414E-37
   2.2026748E+02  -1.4473289E-36
   2.2060122E+02  -1.7688205E-36
   2.2093496E+02  -1.8909246E-36
   2.2126869E+02  -1.7618803E-36
   2.2160243E+02  -1.3572699E-36
   2.2193617E+02  -6.8823781E-37
   2.2226991E+02   1.9401823E-37
   2.2260365E+02   1.1987836E-36
   2.2293739E+02   2.2021725E-36
   2.2327113E+02   3.0593618E-36
   2.2360486E+02   3.6219468E-36
   2.2393860E+02   3.7587827E-36
   2.2427234E+02   3.3778760E-36
   2.2460608E+02   2.4463403E-36
   2.2493982E+02   1.0051868E-36
   2.2527356E+02  -8.2407739E-37
   2.2560730E+02  -2.8433866E-36
   2.2594103E+02  -4.7938046E-36
   2.2627477E+02  -6.3826868E-36
   2.2660851E+02  -7.3202949E-36
   2.2694225E+02  -7.3621726E-36
   2.2727599E+02  -6.3520869E-36
   2.2760973E+02  -4.2594071E-36
   2.2794347E+02  -1.2045646E-36
   2.2827720E+02   2.5330859E-36
   2.2861094E+02   6.5291077E-36
   2.2894468E+02   1.0251121E-35
   2.2927842E+02   1.3117756E-35
   2.2961216E+02   1.4574486E-35
   2.2994590E+02   1.4178158E-35
   2.3027964E+02   1.1679423E-35
   2.3061337E+02   7.0907535E-36
   2.3094711E+02   7.2782814E-37
   2.3128085E+02  -6.7861094E-36
   2.3161459E+02  -1.4559627E-35
   2.3194833E+02  -2.1517704E-35
   2.3228207E+02  -2.6526723E-35
   2.3261581E+02  -2.8548361E-35
   2.3294955E+02  -2.6804827E-35
   2.3328328E+02  -2.0933409E-35
   2.3361702E+02  -1.1106217E-35
   2.3395076E+02   1.9078035E-36
   2.3428450E+02   1.6756947E-35
   2.3461824E+02   3.1607140E-35
   2.3495198E+02   4.4328104E-35
   2.3528572E+02   5.2752174E-35
   2.3561945E+02   5.4980155E-35
   2.3595319E+02   4.9697571E-35
   2.3628693E+02   3.6457283E-35
   2.3662067E+02   1.5882506E-35
   2.3695441E+02  -1.0251882E-35
   2.3728815E+02  -3.9090795E-35
   2.3762189E+02  -6.6937102E-35
   2.3795562E+02  -8.9648658E-35
   2.3828936E+02  -1.0316214E-34
   2.3862310E+02  -1.0408833E-34
   2.3895684E+02  -9.0304673E-35
   2.3929058E+02  -6.1458908E-35
   2.3962432E+02  -1.9298285E-35
   2.3995806E+02   3.2251237E-35
   2.4029179E+02   8.7305458E-35
   2.4062553E+02   1.3855776E-34
   2.4095927E+02   1.7810227E-34
   2.4129301E+02   1.9847111E-34
   2.4162675E+02   1.9376991E-34
   2.4196049E+02   1.6076477E-34
   2.4229423E+02   9.9756514E-35
   2.4262796E+02   1.5085071E-35
   2.4296170E+02  -8.4865733E-35
   2.4329544E+02  -1.8824024E-34
   2.4362918E+02  -2.8086679E-34
   2.4396292E+02  -3.4792139E-34
   2.4429666E+02  -3.7593949E-34
   2.4463040E+02  -3.5494137E-34
   2.4496413E+02  -2.8038569E-34
   2.4529787E+02  -1.5464584E-34
   2.4563161E+02   1.2273180E-35
   2.4596535E+02   2.0299543E-34
   2.4629909E+02   3.9412227E-34
   2.4663283E+02   5.5864074E-34
   2.4696657E+02   6.6920994E-34
   2.4730030E+02   7.0198906E-34
   2.4763404E+02   6.4054538E-34
   2.4796778E+02   4.7929965E-34
   2.4830152E+02   2.2594896E-34
   2.4863526E+02  -9.7627515E-35
   2.4896900E+02  -4.5633641E-34
   2.4930274E+02  -8.0485198E-34
   2.4963647E+02  -1.0924901E-33
   2.4997021E+02  -1.2695658E-33
   2.5030395E+02  -1.2945532E-33
   2.5063769E+02  -1.1411582E-33
   2.5097143E+02  -8.0428729E-34
   2.5130517E+02  -3.0391167E-34
   2.5163891E+02   3.1402987E-34
   2.5197264E+02   9.8025282E-34
   2.5230638E+02   1.6084192E-33
   2.5264012E+02   2.1047520E-33
   2.5297386E+02   2.3801072E-33
   2.5330760E+02   2.3631604E-33
   2.5364134E+02   2.0130256E-33
   2.5397508E+02   1.3294408E-33
   2.5430882E+02   3.5875449E-34
   2.5464255E+02  -8.0575068E-34
   2.5497629E+02  -2.0300497E-33
   2.5531003E+02  -3.1521605E-33
   2.5564377E+02  -4.0006896E-33
   2.5597751E+02  -4.4173641E-33
   2.5631125E+02  -4.2809903E-33
   2.5664499E+02  -3.5296899E-33
   2.5697872E+02  -2.1780788E-33
   2.5731246E+02  -3.2626124E-34
   2.5764620E+02   1.8417629E-33
   2.5797994E+02   4.0715789E-33
   2.5831368E+02   6.0635246E-33
   2.5864742E+02   7.5077193E-33
   2.5898116E+02   8.1254827E-33
   2.5931489E+02   7.7123185E-33
   2.5964863E+02   6.1767063E-33
   2.5998237E+02   3.5687986E-33
   2.6031611E+02   9.3565861E-35
   2.6064985E+02  -3.8955141E-33
   2.6098359E+02  -7.9241367E-33
   2.6131733E+02  -1.1445356E-32
   2.6165106E+02  -1.3904475E-32
   2.6198480E+02  -1.4814079E-32
   2.6231854E+02  -1.3830235E-32
   2.6265228E+02  -1.0819641E-32
   2.6298602E+02  -5.9071820E-33
   2.6331976E+02   5.0527008E-34
   2.6365350E+02   7.7553063E-33
   2.6398723E+02   1.4974317E-32
   2.6432097E+02   2.1177398E-32
   2.6465471E+02   2.5381403E-32
   2.6498845E+02   2.6738876E-32
   2.6532219E+02   2.4671734E-32
   2.6565593E+02   1.8986488E-32
   2.6598967E+02   9.9527836E-33
   2.6632340E+02  -1.6702089E-33
   2.6665714E+02  -1.4670315E-32
   2.6699088E+02  -2.7485056E-32
   2.6732462E+02  -3.8365520E-32
   2.6765836E+02  -4.5587322E-32
   2.6799210E+02  -4.7686273E-32
   2.6832584E+02  -4.3690307E-32
   2.6865957E+02  -3.3315652E-32
   2.6899331E+02  -1.7096238E-32
   2.6932705E+02   3.5799629E-33
   2.6966079E+02   2.6544673E-32
   2.6999453E+02   4.9037457E-32
   2.7032827E+02   6.7997987E-32
   2.7066201E+02   8.0436398E-32
   2.7099574E+02   8.3842229E-32
   2.7132948E+02   7.6581988E-32
   2.7166322E+02   5.8230417E-32
   2.7199696E+02   2.9782883E-32
   2.7233070E+02  -6.2950536E-33
   2.7266444E+02  -4.6207807E-32
   2.7299818E+02  -8.5165430E-32
   2.7333192E+02  -1.1789414E-31
   2.7366565E+02  -1.3927589E-31
   2.7399939E+02  -1.4504750E-31
   2.7433313E+02  -1.3247398E-31
   2.7466687E+02  -1.0090247E-31
   2.7500061E+02  -5.2108906E-32
   2.7533435E+02   9.6350849E-33
   2.7566809E+02   7.7818149E-32
   2.7600182E+02   1.4427381E-31
   2.7633556E+02   2.0005630E-31
   2.7666930E+02   2.3652703E-31
   2.7700304E+02   2.4653314E-31
   2.7733678E+02   2.2553218E-31
   2.7767052E+02   1.7250880E-31
   2.7800426E+02   9.0534988E-32
   2.7833799E+02  -1.3142609E-32
   2.7867173E+02  -1.2755572E-31
   2.7900547E+02  -2.3901442E-31
   2.7933921E+02  -3.3258494E-31
   2.7967295E+02  -3.9390778E-31
   2.8000669E+02  -4.1115557E-31
   2.8034043E+02  -3.7688766E-31
   2.8067416E+02  -2.8954502E-31
   2.8100790E+02  -1.5434383E-31
   2.8134164E+02   1.6618481E-32
   2.8167538E+02   2.0515325E-31
   2.8200912E+02   3.8866498E-31
   2.8234286E+02   5.4261205E-31
   2.8267660E+02   6.4350825E-31
   2.8301033E+02   6.7213145E-31
   2.8334407E+02   6.1653851E-31
   2.8367781E+02   4.7446615E-31
   2.8401155E+02   2.5473097E-31
   2.8434529E+02  -2.2672735E-32
   2.8467903E+02  -3.2793732E-31
   2.8501277E+02  -6.2425554E-31
   2.8534650E+02  -8.7187479E-31
   2.8568024E+02  -1.0329997E-30
   2.8601398E+02  -1.0769853E-30
   2.8634772E+02  -9.8517467E-31
   2.8668146E+02  -7.5469201E-31
   2.8701520E+02  -4.0057951E-31
   2.8734894E+02   4.4196454E-32
   2.8768267E+02   5.3110612E-31
   2.8801641E+02   1.0007380E-30
   2.8835015E+02   1.3894419E-30
   2.8868389E+02   1.6372708E-30
   2.8901763E+02   1.6963140E-30
   2.8935137E+02   1.5383620E-30
   2.8968511E+02   1.1608101E-30
   2.9001884E+02   5.8982263E-31
   2.9035258E+02  -1.1996881E-31
   2.9068632E+02  -8.8957538E-31
   2.9102006E+02  -1.6234515E-30
   2.9135380E+02  -2.2203550E-30
   2.9168754E+02  -2.5861681E-30
   2.9202128E+02  -2.6471918E-30
   2.9235501E+02  -2.3621954E-30
   2.9268875E+02  -1.7314849E-30
   2.9302249E+02  -8.0145120E-31
   2.9335623E+02   3.3651507E-31
   2.9368997E+02   1.5532162E-30
   2.9402371E+02   2.6946745E-30
   2.9435745E+02   3.5999118E-30
   2.9469119E+02   4.1216383E-30
   2.9502492E+02   4.1474198E-30
   2.9535866E+02   3.6185700E-30
   2.9569240E+02   2.5439770E-30
   2.9602614E+02   1.0064771E-30
   2.9635988E+02  -8.3991319E-31
   2.9669362E+02  -2.7825580E-30
   2.9702736E+02  -4.5719828E-30
   2.9736109E+02  -5.9509994E-30
   2.9769483E+02  -6.6881212E-30
   2.9802857E+02  -6.6113128E-30
   2.9836231E+02  -5.6376130E-30
   2.9869605E+02  -3.7942351E-30
   2.9902979E+02  -1.2273957E-30
   2.9936353E+02   1.8036844E-30
   2.9969726E+02   4.9484547E-30
   3.0003100E+02   7.8012614E-30
   3.0036474E+02   9.9489471E-30
   3.0069848E+02   1.1024780E-29
   3.0103222E+02   1.0762255E-29
   3.0136596E+02   9.0416716E-30
   3.0169970E+02   5.9224625E-30
   3.0203343E+02   1.6554835E-30
   3.0236717E+02  -3.3286193E-30
   3.0270091E+02  -8.4560700E-30
   3.0303465E+02  -1.3069517E-29
   3.0336839E+02  -1.6505233E-29
   3.0370213E+02  -1.8179590E-29
   3.0403587E+02  -1.7674581E-29
   3.0436960E+02  -1.4810895E-29
   3.0470334E+02  -9.6976471E-30
   3.0503708E+02  -2.7496586E-30
   3.0537082E+02   5.3334503E-30
   3.0570456E+02   1.3627769E-29
   3.0603830E+02   2.1081491E-29
   3.0637204E+02   2.6638374E-29
   3.0670577E+02   2.9374985E-29
   3.0703951E+02   2.8635142E-29
   3.0737325E+02   2.4143730E-29
   3.0770699E+02   1.6082666E-29
   3.0804073E+02   5.1152391E-30
   3.0837447E+02  -7.6498795E-30
   3.0870821E+02  -2.0756462E-29
   3.0904194E+02  -3.2554036E-29
   3.0937568E+02  -4.1392354E-29
   3.0970942E+02  -4.5835754E-29
   3.1004316E+02  -4.4871459E-29
   3.1037690E+02  -3.8083929E-29
   3.1071064E+02  -2.5769015E-29
   3.1104438E+02  -8.9667266E-30
   3.1137811E+02   1.0599587E-29
   3.1171185E+02   3.0679480E-29
   3.1204559E+02   4.8735856E-29
   3.1237933E+02   6.2246766E-29
   3.1271307E+02   6.9034989E-29
   3.1304681E+02   6.7585215E-29
   3.1338055E+02   5.7305624E-29
   3.1371429E+02   3.8694671E-29
   3.1404802E+02   1.3381304E-29
   3.1438176E+02  -1.5978627E-29
   3.1471550E+02  -4.5950383E-29
   3.1504924E+02  -7.2694412E-29
   3.1538298E+02  -9.2429386E-29
   3.1571672E+02  -1.0193225E-28
   3.1605046E+02  -9.9013045E-29
   3.1638419E+02  -8.2899753E-29
   3.1671793E+02  -5.4473917E-29
   3.1705167E+02  -1.6311706E-29
   3.1738541E+02   2.7493634E-29
   3.1771915E+02   7.1725278E-29
   3.1805289E+02   1.1062136E-28
   3.1838663E+02   1.3857981E-28
   3.1872036E+02   1.5090885E-28
   3.1905410E+02   1.4452843E-28
   3.1938784E+02   1.1852609E-28
   3.1972158E+02   7.4479671E-29
   3.2005532E+02   1.6483083E-29
   3.2038906E+02  -4.9156443E-29
   3.2072280E+02  -1.1454049E-28
   3.2105653E+02  -1.7106854E-28
   3.2139027E+02  -2.1050214E-28
   3.2172401E+02  -2.2607993E-28
   3.2205775E+02  -2.1354105E-28
   3.2239149E+02  -1.7191454E-28
   3.2272523E+02  -1.0394823E-28
   3.2305897E+02  -1.6088155E-29
   3.2339270E+02   8.2030267E-29
   3.2372644E+02   1.7855624E-28
   3.2406018E+02   2.6077715E-28
   3.2439392E+02   3.1670729E-28
   3.2472766E+02   3.3672377E-28
   3.2506140E+02   3.1503823E-28
   3.2539514E+02   2.5079493E-28
   3.2572887E+02   1.4861854E-28
   3.2606261E+02   1.8488253E-29
   3.2639635E+02  -1.2510251E-28
   3.2673009E+02  -2.6465530E-28
   3.2706383E+02  -3.8170323E-28
   3.2739757E+02  -4.5915224E-28
   3.2773131E+02  -4.8364608E-28
   3.2806504E+02  -4.4764197E-28
   3.2839878E+02  -3.5089967E-28
   3.2873252E+02  -2.0113446E-28
   3.2906626E+02  -1.3675221E-29
   3.2940000E+02   1.8991332E-28
   3.2973374E+02   3.8415253E-28
   3.3006748E+02   5.4268883E-28
   3.3040121E+02   6.4171052E-28
   3.3073495E+02   6.6332118E-28
   3.3106869E+02   5.9841975E-28
   3.3140243E+02   4.4865944E-28
   3.3173617E+02   2.2715027E-28
   3.3206991E+02  -4.2301977E-29
   3.3240365E+02  -3.2744288E-28
   3.3273739E+02  -5.9113685E-28
   3.3307112E+02  -7.9589421E-28
   3.3340486E+02  -9.0884287E-28
   3.3373860E+02  -9.0652405E-28
   3.3407234E+02  -7.7886003E-28
   3.3440608E+02  -5.3169966E-28
   3.3473982E+02  -1.8747518E-28
   3.3507356E+02   2.1627801E-28
   3.3540729E+02   6.3053232E-28
   3.3574103E+02   1.0002197E-27
   3.3607477E+02   1.2709695E-27
   3.3640851E+02   1.3963568E-27
   3.3674225E+02   1.3447580E-27
   3.3707599E+02   1.1048781E-27
   3.3740973E+02   6.8911719E-28
   3.3774346E+02   1.3414481E-28
   3.3807720E+02  -5.0163185E-28
   3.3841094E+02  -1.1436376E-27
   3.3874468E+02  -1.7092823E-27
   3.3907842E+02  -2.1178550E-27
   3.3941216E+02  -2.3010325E-27
   3.3974590E+02  -2.2126998E-27
   3.4007963E+02  -1.8367706E-27
   3.4041337E+02  -1.1918356E-27
   3.4074711E+02  -3.3179651E-28
   3.4108085E+02   6.5791288E-28
   3.4141459E+02   1.6683890E-27
   3.4174833E+02   2.5789053E-27
   3.4208207E+02   3.2709440E-27
   3.4241580E+02   3.6430120E-27
   3.4274954E+02   3.6244307E-27
   3.4308328E+02   3.1862878E-27
   3.4341702E+02   2.3479621E-27
   3.4375076E+02   1.1781041E-27
   3.4408450E+02  -2.1043727E-28
   3.4441824E+02  -1.6715042E-27
   3.4475197E+02  -3.0413417E-27
   3.4508571E+02  -4.1574680E-27
   3.4541945E+02  -4.8785215E-27
   3.4575319E+02  -5.1026274E-27
   3.4608693E+02  -4.7818945E-27
   3.4642067E+02  -3.9309686E-27
   3.4675441E+02  -2.6281978E-27
   3.4708814E+02  -1.0088534E-27
   3.4742188E+02   7.4918059E-28
   3.4775562E+02   2.4458282E-27
   3.4808936E+02   3.8830777E-27
   3.4842310E+02   4.8901299E-27
   3.4875684E+02   5.3462113E-27
   3.4909058E+02   5.1979547E-27
   3.4942431E+02   4.4687337E-27
   3.4975805E+02   3.2582640E-27
   3.5009179E+02   1.7319557E-27
   3.5042553E+02   1.0082147E-28
   3.5075927E+02  -1.4059404E-27
   3.5109301E+02  -2.5724371E-27
   3.5142675E+02  -3.2276367E-27
   3.5176048E+02  -3.2726727E-27
   3.5209422E+02  -2.6998452E-27
   3.5242796E+02  -1.6000482E-27
   3.5276170E+02  -1.5670695E-28
   3.5309544E+02   1.3740828E-27
   3.5342918E+02   2.6956490E-27
   3.5376292E+02   3.5117615E-27
   3.5409666E+02   3.5717253E-27
   3.5443039E+02   2.7137734E-27
   3.5476413E+02   9.0068377E-28
   3.5509787E+02  -1.7581075E-27
   3.5543161E+02  -5.0021997E-27
   3.5576535E+02  -8.4362881E-27
   3.5609909E+02  -1.1566631E-26
   3.5643283E+02  -1.3855385E-26
   3.5676656E+02  -1.4787675E-26
   3.5710030E+02  -1.3944181E-26
   3.5743404E+02  -1.1070465E-26
   3.5776778E+02  -6.1339929E-27
   3.5810152E+02   6.3975233E-28
   3.5843526E+02   8.7589499E-27
   3.5876900E+02   1.7488843E-26
   3.5910273E+02   2.5907677E-26
   3.5943647E+02   3.2991839E-26
   3.5977021E+02   3.7723190E-26
   3.6010395E+02   3.9208211E-26
   3.6043769E+02   3.6796291E-26
   3.6077143E+02   3.0183156E-26
   3.6110517E+02   1.9486248E-26
   3.6143890E+02   5.2804438E-27
   3.6177264E+02  -1.1413556E-26
   3.6210638E+02  -2.9191514E-26
   3.6244012E+02  -4.6376193E-26
   3.6277386E+02  -6.1168238E-26
   3.6310760E+02  -7.1824479E-26
   3.6344134E+02  -7.6846158E-26
   3.6377507E+02  -7.5157650E-26
   3.6410881E+02  -6.6255460E-26
   3.6444255E+02  -5.0309062E-26
   3.6477629E+02  -2.8199133E-26
   3.6511003E+02  -1.4845037E-27
   3.6544377E+02   2.7703686E-26
   3.6577751E+02   5.6834384E-26
   3.6611124E+02   8.3201702E-26
   3.6644498E+02   1.0418211E-25
   3.6677872E+02   1.1749884E-25
   3.6711246E+02   1.2146575E-25
   3.6744620E+02   1.1518428E-25
   3.6777994E+02   9.8670093E-26
   3.6811368E+02   7.2892979E-26
   3.6844741E+02   3.9721603E-26
   3.6878115E+02   1.7751566E-27
   3.6911489E+02  -3.7806316E-26
   3.6944863E+02  -7.5651231E-26
   3.6978237E+02  -1.0847713E-25
   3.7011611E+02  -1.3340914E-25
   3.7044985E+02  -1.4826204E-25
   3.7078358E+02  -1.5175539E-25
   3.7111732E+02  -1.4363594E-25
   3.7145106E+02  -1.2469370E-25
   3.7178480E+02  -9.6668642E-26
   3.7211854E+02  -6.2056125E-26
   3.7245228E+02  -2.3834492E-26
   3.7278602E+02   1.4854883E-26
   3.7311976E+02   5.1037982E-26
   3.7345349E+02   8.2208871E-26
   3.7378723E+02   1.0656463E-25
   3.7412097E+02   1.2314559E-25
   3.7445471E+02   1.3186324E-25
   3.7478845E+02   1.3341354E-25
   3.7512219E+02   1.2908570E-25
   3.7545593E+02   1.2049457E-25
   3.7578966E+02   1.0927249E-25
   3.7612340E+02   9.6765586E-26
   3.7645714E+02   8.3779882E-26
   3.7679088E+02   7.0418587E-26
   3.7712462E+02   5.6040038E-26
   3.7745836E+02   3.9351282E-26
   3.7779210E+02   1.8635520E-26
   3.7812583E+02  -7.9094985E-27
   3.7845957E+02  -4.1763002E-26
   3.7879331E+02  -8.3652702E-26
   3.7912705E+02  -1.3316657E-25
   3.7946079E+02  -1.8846846E-25
   3.7979453E+02  -2.4616390E-25
   3.8012827E+02  -3.0135948E-25
   3.8046200E+02  -3.4792848E-25
   3.8079574E+02  -3.7898192E-25
   3.8112948E+02  -3.8751059E-25
   3.8146322E+02  -3.6714802E-25
   3.8179696E+02  -3.1298278E-25
   3.8213070E+02  -2.2234343E-25
   3.8246444E+02  -9.5468834E-26
   3.8279817E+02   6.4010627E-26
   3.8313191E+02   2.4884620E-25
   3.8346565E+02   4.4824452E-25
   3.8379939E+02   6.4826237E-25
   3.8413313E+02   8.3251923E-25
   3.8446687E+02   9.8320626E-25
   3.8480061E+02   1.0823310E-24
   3.8513434E+02   1.1131406E-24
   3.8546808E+02   1.0616287E-24
   3.8580182E+02   9.1804339E-25
   3.8613556E+02   6.7828110E-25
   3.8646930E+02   3.4507818E-25
   3.8680304E+02  -7.1124254E-26
   3.8713678E+02  -5.5172128E-25
   3.8747051E+02  -1.0700078E-24
   3.8780425E+02  -1.5918140E-24
   3.8813799E+02  -2.0768122E-24
   3.8847173E+02  -2.4804802E-24
   3.8880547E+02  -2.7567555E-24
   3.8913921E+02  -2.8612930E-24
   3.8947295E+02  -2.7552310E-24
   3.8980668E+02  -2.4092830E-24
   3.9014042E+02  -1.8079057E-24
   3.9047416E+02  -9.5324532E-25
   3.9080790E+02   1.3152984E-25
   3.9114164E+02   1.3998914E-24
   3.9147538E+02   2.7810611E-24
   3.9180912E+02   4.1809604E-24
   3.9214285E+02   5.4853601E-24
   3.9247659E+02   6.5654767E-24
   3.9281033E+02   7.2860960E-24
   3.9314407E+02   7.5161113E-24
   3.9347781E+02   7.1410797E-24
   3.9381155E+02   6.0771198E-24
   3.9414529E+02   4.2851563E-24
   3.9447903E+02   1.7842105E-24
   3.9481276E+02  -1.3378042E-24
   3.9514650E+02  -4.9174954E-24
   3.9548024E+02  -8.7153124E-24
   3.9581398E+02  -1.2422338E-23
   3.9614772E+02  -1.5675646E-23
   3.9648146E+02  -1.8082681E-23
   3.9681520E+02  -1.9254287E-23
   3.9714893E+02  -1.8844781E-23
   3.9748267E+02  -1.6596415E-23
   3.9781641E+02  -1.2384248E-23
   3.9815015E+02  -6.2565525E-24
   3.9848389E+02   1.5349053E-24
   3.9881763E+02   1.0520389E-23
   3.9915137E+02   2.0018742E-23
   3.9948510E+02   2.9168801E-23
   3.9981884E+02   3.6987334E-23
   4.0015258E+02   4.2452455E-23
   4.0048632E+02   4.4607926E-23
   4.0082006E+02   4.2680429E-23
   4.0115380E+02   3.6198517E-23
   4.0148754E+02   2.5099500E-23
   4.0182127E+02   9.8090925E-24
   4.0215501E+02  -8.7207421E-24
   4.0248875E+02  -2.9028396E-23
   4.0282249E+02  -4.9221554E-23
   4.0315623E+02  -6.7120703E-23
   4.0348997E+02  -8.0461200E-23
   4.0382371E+02  -8.7140390E-23
   4.0415744E+02  -8.5487215E-23
   4.0449118E+02  -7.4526050E-23
   4.0482492E+02  -5.4201030E-23
   4.0515866E+02  -2.5527309E-23
   4.0549240E+02   9.3622375E-24
   4.0582614E+02   4.7297872E-23
   4.0615988E+02   8.4293322E-23
   4.0649361E+02   1.1590131E-22
   4.0682735E+02   1.3768334E-22
   4.0716109E+02   1.4575437E-22
   4.0749483E+02   1.3734693E-22
   4.0782857E+02   1.1132774E-22
   4.0816231E+02   6.8594094E-23
   4.0849605E+02   1.2279930E-23
   4.0882978E+02  -5.2286528E-23
   4.0916352E+02  -1.1791057E-22
   4.0949726E+02  -1.7615073E-22
   4.0983100E+02  -2.1820284E-22
   4.1016474E+02  -2.3598005E-22
   4.1049848E+02  -2.2328505E-22
   4.1083222E+02  -1.7694058E-22
   4.1116595E+02  -9.7724127E-23
   4.1149969E+02   9.0473511E-24
   4.1183343E+02   1.3342165E-22
   4.1216717E+02   2.6130380E-22
   4.1250091E+02   3.7557854E-22
   4.1283465E+02   4.5783104E-22
   4.1316839E+02   4.9054915E-22
   4.1350213E+02   4.5960743E-22
   4.1383586E+02   3.5676067E-22
   4.1416960E+02   1.8182180E-22
   4.1450334E+02  -5.5816371E-23
   4.1483708E+02  -3.3663441E-22
   4.1517082E+02  -6.3166276E-22
   4.1550456E+02  -9.0451493E-22
   4.1583830E+02  -1.1147579E-21
   4.1617203E+02  -1.2224236E-21
   4.1650577E+02  -1.1932779E-21
   4.1683951E+02  -1.0043029E-21
   4.1717325E+02  -6.4872033E-22
   4.1750699E+02  -1.3982324E-22
   4.1784073E+02   4.8708665E-22
   4.1817447E+02   1.1752364E-21
   4.1850820E+02   1.8497651E-21
   4.1884194E+02   2.4240059E-21
   4.1917568E+02   2.8083826E-21
   4.1950942E+02   2.9212178E-21
   4.1984316E+02   2.7004254E-21
   4.2017690E+02   2.1147359E-21
   4.2051064E+02   1.1729588E-21
   4.2084437E+02  -7.0240932E-23
   4.2117811E+02  -1.5133700E-21
   4.2151185E+02  -3.0128941E-21
   4.2184559E+02  -4.3941571E-21
   4.2217933E+02  -5.4680936E-21
   4.2251307E+02  -6.0526114E-21
   4.2284681E+02  -5.9967234E-21
   4.2318054E+02  -5.2048232E-21
   4.2351428E+02  -3.6580504E-21
   4.2384802E+02  -1.4294980E-21
   4.2418176E+02   1.3097393E-21
   4.2451550E+02   4.2960433E-21
   4.2484924E+02   7.1915640E-21
   4.2518298E+02   9.6152072E-21
   4.2551671E+02   1.1184501E-20
   4.2585045E+02   1.1564812E-20
   4.2618419E+02   1.0520753E-20
   4.2651793E+02   7.9634754E-21
   4.2685167E+02   3.9868551E-21
   4.2718541E+02  -1.1141124E-21
   4.2751915E+02  -6.8482978E-21
   4.2785288E+02  -1.2560248E-20
   4.2818662E+02  -1.7489296E-20
   4.2852036E+02  -2.0852908E-20
   4.2885410E+02  -2.1947258E-20
   4.2918784E+02  -2.0254664E-20
   4.2952158E+02  -1.5544473E-20
   4.2985532E+02  -7.9526695E-21
   4.3018905E+02   1.9742919E-21
   4.3052279E+02   1.3283630E-20
   4.3085653E+02   2.4676142E-20
   4.3119027E+02   3.4623334E-20
   4.3152401E+02   4.1535747E-20
   4.3185775E+02   4.3968165E-20
   4.3219149E+02   4.0840162E-20
   4.3252522E+02   3.1644195E-20
   4.3285896E+02   1.6610805E-20
   4.3319270E+02  -3.1991366E-21
   4.3352644E+02  -2.5900007E-20
   4.3386018E+02  -4.8900559E-20
   4.3419392E+02  -6.9139219E-20
   4.3452766E+02  -8.3422645E-20
   4.3486140E+02  -8.8838267E-20
   4.3519513E+02  -8.3196262E-20
   4.3552887E+02  -6.5445658E-20
   4.3586261E+02  -3.6002768E-20
   4.3619635E+02   3.0664995E-21
   4.3653009E+02   4.8059455E-20
   4.3686383E+02   9.3873846E-20
   4.3719757E+02   1.3447305E-19
   4.3753130E+02   1.6355199E-19
   4.3786504E+02   1.7534535E-19
   4.3819878E+02   1.6549041E-19
   4.3853252E+02   1.3183711E-19
   4.3886626E+02   7.5087701E-20
   4.3920000E+02  -8.4547067E-22
   4.3953374E+02  -8.8854643E-20
   4.3986747E+02  -1.7907707E-19
   4.4020121E+02  -2.5976540E-19
   4.4053495E+02  -3.1853583E-19
   4.4086869E+02  -3.4388261E-19
   4.4120243E+02  -3.2679797E-19
   4.4153617E+02  -2.6230011E-19
   4.4186991E+02  -1.5065552E-19
   4.4220364E+02   1.9036916E-21
   4.4253738E+02   1.8312988E-19
   4.4287112E+02   3.7547186E-19
   4.4320486E+02   5.5755747E-19
   4.4353860E+02   7.0635574E-19
   4.4387234E+02   7.9983030E-19
   4.4420608E+02   8.1980868E-19
   4.4453981E+02   7.5473355E-19
   4.4487355E+02   6.0193675E-19
   4.4520729E+02   3.6909967E-19
   4.4554103E+02   7.4626005E-20
   4.4587477E+02  -2.5323793E-19
   4.4620851E+02  -5.7856548E-19
   4.4654225E+02  -8.6106762E-19
   4.4687598E+02  -1.0602855E-18
   4.4720972E+02  -1.1402499E-18
   4.4754346E+02  -1.0740986E-18
   4.4787720E+02  -8.4810079E-19
   4.4821094E+02  -4.6456893E-19
   4.4854468E+02   5.6790111E-20
   4.4887842E+02   6.7937802E-19
   4.4921215E+02   1.3521609E-18
   4.4954589E+02   2.0139586E-18
   4.4987963E+02   2.5992132E-18
   4.5021337E+02   3.0446790E-18
   4.5054711E+02   3.2963139E-18
   4.5088085E+02   3.3155562E-18
   4.5121459E+02   3.0841766E-18
   4.5154832E+02   2.6069668E-18
   4.5188206E+02   1.9117006E-18
   4.5221580E+02   1.0460680E-18
   4.5254954E+02   7.1583486E-20
   4.5288328E+02  -9.4519850E-19
   4.5321702E+02  -1.9434774E-18
   4.5355076E+02  -2.8800574E-18
   4.5388450E+02  -3.7410914E-18
   4.5421823E+02  -4.5524969E-18
   4.5455197E+02  -5.3878806E-18
   4.5488571E+02  -6.3730846E-18
   4.5521945E+02  -7.6868579E-18
   4.5555319E+02  -9.5577064E-18
   4.5588693E+02  -1.2257503E-17
   4.5622067E+02  -1.6093118E-17
   4.5655440E+02  -2.1397591E-17
   4.5688814E+02  -2.8522802E-17
   4.5722188E+02  -3.7835387E-17
   4.5755562E+02  -4.9717598E-17
   4.5788936E+02  -6.4574291E-17
   4.5822310E+02  -8.2846374E-17
   4.5855684E+02  -1.0503052E-16
   4.5889057E+02  -1.3170448E-16
   4.5922431E+02  -1.6355600E-16
   4.5955805E+02  -2.0141439E-16
   4.5989179E+02  -2.4628110E-16
   4.6022553E+02  -2.9935902E-16
   4.6055927E+02  -3.6207707E-16
   4.6089301E+02  -4.3610947E-16
   4.6122674E+02  -5.2338701E-16
   4.6156048E+02  -6.2610066E-16
   4.6189422E+02  -7.4669485E-16
   4.6222796E+02  -8.8785131E-16
   4.6256170E+02  -1.0524632E-15
   4.6289544E+02  -1.2435984E-15
   4.6322918E+02  -1.4644527E-15
   4.6356291E+02  -1.7182911E-15
   4.6389665E+02  -2.0083717E-15
   4.6423039E+02  -2.3378535E-15
   4.6456413E+02  -2.7096677E-15
   4.6489787E+02  -3.1263459E-15
   4.6523161E+02  -3.5897917E-15
   4.6556535E+02  -4.1009672E-15
   4.6589908E+02  -4.6594706E-15
   4.6623282E+02  -5.2629969E-15
   4.6656656E+02  -5.9066127E-15
   4.6690030E+02  -6.5818581E-15
   4.6723404E+02  -7.2756031E-15
   4.6756778E+02  -7.9686107E-15
   4.6790152E+02  -8.6337569E-15
   4.6823525E+02  -9.2338467E-15
   4.6856899E+02  -9.7189323E-15
   4.6890273E+02  -1.0023070E-14
   4.6923647E+02  -1.0060371E-14
   4.6957021E+02  -9.7202367E-15
   4.6990395E+02  -8.8616578E-15
   4.7023769E+02  -7.3063749E-15
   4.7057142E+02  -4.8306662E-15
   4.7090516E+02  -1.1554546E-15
   4.7123890E+02   4.0655074E-15
   4.7157264E+02   1.1259843E-14
   4.7190638E+02   2.0953413E-14
   4.7224012E+02   3.3790665E-14
   4.7257386E+02   5.0558468E-14
   4.7290760E+02   7.2214810E-14
   4.7324133E+02   9.9922363E-14
   4.7357507E+02   1.3508752E-13
   4.7390881E+02   1.7940728E-13
   4.7424255E+02   2.3492254E-13
   4.7457629E+02   3.0408144E-13
   4.7491003E+02   3.8981250E-13
   4.7524377E+02   4.9561044E-13
   4.7557750E+02   6.2563474E-13
   4.7591124E+02   7.8482349E-13
   4.7624498E+02   9.7902914E-13
   4.7657872E+02   1.2151712E-12
   4.7691246E+02   1.5014147E-12
   4.7724620E+02   1.8473756E-12
   4.7757994E+02   2.2643573E-12
   4.7791367E+02   2.7656245E-12
   4.7824741E+02   3.3667114E-12
   4.7858115E+02   4.0857812E-12
   4.7891489E+02   4.9440322E-12
   4.7924863E+02   5.9661538E-12
   4.7958237E+02   7.1808705E-12
   4.7991611E+02   8.6215245E-12
   4.8024984E+02   1.0326759E-11
   4.8058358E+02   1.2341301E-11
   4.8091732E+02   1.4716797E-11
   4.8125106E+02   1.7512828E-11
   4.8158480E+02   2.0797985E-11
   4.8191854E+02   2.4651099E-11
   4.8225228E+02   2.9162655E-11
   4.8258601E+02   3.4436308E-11
   4.8291975E+02   4.0590656E-11
   4.8325349E+02   4.7761101E-11
   4.8358723E+02   5.6102067E-11
   4.8392097E+02   6.5789367E-11
   4.8425471E+02   7.7022798E-11
   4.8458845E+02   9.0029054E-11
   4.8492218E+02   1.0506505E-10
   4.8525592E+02   1.2242135E-10
   4.8558966E+02   1.4242599E-10
   4.8592340E+02   1.6544904E-10
   4.8625714E+02   1.9190674E-10
   4.8659088E+02   2.2226701E-10
   4.8692462E+02   2.5705466E-10
   4.8725835E+02   2.9685754E-10
   4.8759209E+02   3.4233277E-10
   4.8792583E+02   3.9421405E-10
   4.8825957E+02   4.5331863E-10
   4.8859331E+02   5.2055554E-10
   4.8892705E+02   5.9693450E-10
   4.8926079E+02   6.8357431E-10
   4.8959452E+02   7.8171325E-10
   4.8992826E+02   8.9271862E-10
   4.9026200E+02   1.0180978E-09
   4.9059574E+02   1.1595106E-09
   4.9092948E+02   1.3187773E-09
   4.9126322E+02   1.4978968E-09
   4.9159696E+02   1.6990527E-09
   4.9193069E+02   1.9246325E-09
   4.9226443E+02   2.1772362E-09
   4.9259817E+02   2.4596907E-09
   4.9293191E+02   2.7750671E-09
   4.9326565E+02   3.1266874E-09
   4.9359939E+02   3.5181451E-09
   4.9393313E+02   3.9533132E-09
   4.9426687E+02   4.4363571E-09
   4.9460060E+02   4.9717537E-09
   4.9493434E+02   5.5642873E-09
   4.9526808E+02   6.2190759E-09
   4.9560182E+02   6.9415682E-09
   4.9593556E+02   7.7375590E-09
   4.9626930E+02   8.6131813E-09
   4.9660304E+02   9.5749275E-09
   4.9693677E+02   1.0629627E-08
   4.9727051E+02   1.1784465E-08
   4.9760425E+02   1.3046960E-08
   4.9793799E+02   1.4424961E-08
   4.9827173E+02   1.5926631E-08
   4.9860547E+02   1.7560437E-08
   4.9893921E+02   1.9335111E-08
   4.9927294E+02   2.1259623E-08
   4.9960668E+02   2.3343173E-08
   4.9994042E+02   2.5595096E-08
   5.0027416E+02   2.8024868E-08
   5.0060790E+02   3.0642045E-08
   5.0094164E+02   3.3456161E-08
   5.0127538E+02   3.6476695E-08
   5.0160911E+02   3.9712965E-08
   5.0194285E+02   4.3174133E-08
   5.0227659E+02   4.6868930E-08
   5.0261033E+02   5.0805752E-08
   5.0294407E+02   5.4992462E-08
   5.0327781E+02   5.9436214E-08
   5.0361155E+02   6.4143457E-08
   5.0394528E+02   6.9119686E-08
   5.0427902E+02   7.4369339E-08
   5.0461276E+02   7.9895742E-08
   5.0494650E+02   8.5700776E-08
   5.0528024E+02   9.1784855E-08
   5.0561398E+02   9.8146764E-08
   5.0594772E+02   1.0478331E-07
   5.0628145E+02   1.1168948E-07
   5.0661519E+02   1.1885786E-07
   5.0694893E+02   1.2627882E-07
   5.0728267E+02   1.3394012E-07
   5.0761641E+02   1.4182694E-07
   5.0795015E+02   1.4992153E-07
   5.0828389E+02   1.5820305E-07
   5.0861762E+02   1.6664757E-07
   5.0895136E+02   1.7522778E-07
   5.0928510E+02   1.8391304E-07
   5.0961884E+02   1.9266906E-07
   5.0995258E+02   2.0145794E-07
   5.1028632E+02   2.1023796E-07
   5.1062006E+02   2.1896386E-07
   5.1095379E+02   2.2758636E-07
   5.1128753E+02   2.3605247E-07
   5.1162127E+02   2.4430534E-07
   5.1195501E+02   2.5228451E-07
   5.1228875E+02   2.5992574E-07
   5.1262249E+02   2.6716140E-07
   5.1295623E+02   2.7392025E-07
   5.1328997E+02   2.8012812E-07
   5.1362370E+02   2.8570767E-07
   5.1395744E+02   2.9057924E-07
   5.1429118E+02   2.9466037E-07
   5.1462492E+02   2.9786662E-07
   5.1495866E+02   3.0011191E-07
   5.1529240E+02   3.0130911E-07
   5.1562614E+02   3.0137039E-07
   5.1595987E+02   3.0020715E-07
   5.1629361E+02   2.9773156E-07
   5.1662735E+02   2.9385620E-07
   5.1696109E+02   2.8849550E-07
   5.1729483E+02   2.8156569E-07
   5.1762857E+02   2.7298566E-07
   5.1796231E+02   2.6267756E-07
   5.1829604E+02   2.5056798E-07
   5.1862978E+02   2.3658785E-07
   5.1896352E+02   2.2067388E-07
   5.1929726E+02   2.0276883E-07
   5.1963100E+02   1.8282213E-07
   5.1996474E+02   1.6079122E-07
   5.2029848E+02   1.3664148E-07
   5.2063221E+02   1.1034714E-07
   5.2096595E+02   8.1892246E-08
   5.2129969E+02   5.1270881E-08
   5.2163343E+02   1.8487739E-08
   5.2196717E+02  -1.6440978E-08
   5.2230091E+02  -5.3487746E-08
   5.2263465E+02  -9.2612609E-08
   5.2296838E+02  -1.3376322E-07
   5.2330212E+02  -1.7687448E-07
   5.2363586E+02  -2.2186840E-07
   5.2396960E+02  -2.6865396E-07
   5.2430334E+02  -3.1712690E-07
   5.2463708E+02  -3.6716989E-07
   5.2497082E+02  -4.1865275E-07
   5.2530455E+02  -4.7143243E-07
   5.2563829E+02  -5.2535341E-07
   5.2597203E+02  -5.8024881E-07
   5.2630577E+02  -6.3593927E-07
   5.2663951E+02  -6.9223523E-07
   5.2697325E+02  -7.4893643E-07
   5.2730699E+02  -8.0583357E-07
   5.2764072E+02  -8.6270870E-07
   5.2797446E+02  -9.1933606E-07
   5.2830820E+02  -9.7548354E-07
   5.2864194E+02  -1.0309132E-06
   5.2897568E+02  -1.0853834E-06
   5.2930942E+02  -1.1386487E-06
   5.2964316E+02  -1.1904624E-06
   5.2997689E+02  -1.2405771E-06
   5.3031063E+02  -1.2887461E-06
   5.3064437E+02  -1.3347260E-06
   5.3097811E+02  -1.3782764E-06
   5.3131185E+02  -1.4191621E-06
   5.3164559E+02  -1.4571549E-06
   5.3197933E+02  -1.4920340E-06
   5.3231306E+02  -1.5235902E-06
   5.3264680E+02  -1.5516212E-06
   5.3298054E+02  -1.5759420E-06
   5.3331428E+02  -1.5963765E-06
   5.3364802E+02  -1.6127663E-06
   5.3398176E+02  -1.6249678E-06
   5.3431550E+02  -1.6328540E-06
   5.3464924E+02  -1.6363176E-06
   5.3498297E+02  -1.6352677E-06
   5.3531671E+02  -1.6296353E-06
   5.3565045E+02  -1.6193704E-06
   5.3598419E+02  -1.6044448E-06
   5.3631793E+02  -1.5848503E-06
   5.3665167E+02  -1.5606020E-06
   5.3698541E+02  -1.5317355E-06
   5.3731914E+02  -1.4983099E-06
   5.3765288E+02  -1.4604037E-06
   5.3798662E+02  -1.4181193E-06
   5.3832036E+02  -1.3715789E-06
   5.3865410E+02  -1.3209269E-06
   5.3898784E+02  -1.2663257E-06
   5.3932158E+02  -1.2079594E-06
   5.3965531E+02  -1.1460285E-06
   5.3998905E+02  -1.0807529E-06
   5.4032279E+02  -1.0123675E-06
   5.4065653E+02  -9.4112352E-07
   5.4099027E+02  -8.6728528E-07
   5.4132401E+02  -7.9112965E-07
   5.4165775E+02  -7.1294500E-07
   5.4199148E+02  -6.3302923E-07
   5.4232522E+02  -5.5168766E-07
   5.4265896E+02  -4.6923273E-07
   5.4299270E+02  -3.8598063E-07
   5.4332644E+02  -3.0225135E-07
   5.4366018E+02  -2.1836560E-07
   5.4399392E+02  -1.3464356E-07
   5.4432765E+02  -5.1403475E-08
   5.4466139E+02   3.1040571E-08
   5.4499513E+02   1.1238002E-07
   5.4532887E+02   1.9231344E-07
   5.4566261E+02   2.7054801E-07
   5.4599635E+02   3.4680136E-07
   5.4633009E+02   4.2080242E-07
   5.4666382E+02   4.9229317E-07
   5.4699756E+02   5.6103011E-07
   5.4733130E+02   6.2678470E-07
   5.4766504E+02   6.8934514E-07
   5.4799878E+02   7.4851710E-07
   5.4833252E+02   8.0412394E-07
   5.4866626E+02   8.5600806E-07
   5.4899999E+02   9.0403194E-07
   5.4933373E+02   9.4807751E-07
   5.4966747E+02   9.8804674E-07
   5.5000121E+02   1.0238626E-06
   5.5033495E+02   1.0554687E-06
   5.5066869E+02   1.0828287E-06
   5.5100243E+02   1.1059269E-06
   5.5133616E+02   1.1247676E-06
   5.5166990E+02   1.1393751E-06
   5.5200364E+02   1.1497921E-06
   5.5233738E+02   1.1560812E-06
   5.5267112E+02   1.1583218E-06
   5.5300486E+02   1.1566112E-06
   5.5333860E+02   1.1510624E-06
   5.5367234E+02   1.1418040E-06
   5.5400607E+02   1.1289786E-06
   5.5433981E+02   1.1127422E-06
   5.5467355E+02   1.0932627E-06
   5.5500729E+02   1.0707183E-06
   5.5534103E+02   1.0452974E-06
   5.5567477E+02   1.0171967E-06
   5.5600851E+02   9.8661951E-07
   5.5634224E+02   9.5377516E-07
   5.5667598E+02   9.1887762E-07
   5.5700972E+02   8.8214369E-07
   5.5734346E+02   8.4379269E-07
   5.5767720E+02   8.0404368E-07
   5.5801094E+02   7.6311625E-07
   5.5834468E+02   7.2122782E-07
   5.5867841E+02   6.7859298E-07
   5.5901215E+02   6.3542223E-07
   5.5934589E+02   5.9192121E-07
   5.5967963E+02   5.4828951E-07
   5.6001337E+02   5.0472033E-07
   5.6034711E+02   4.6139860E-07
   5.6068085E+02   4.1850089E-07
   5.6101458E+02   3.7619506E-07
   5.6134832E+02   3.3463849E-07
   5.6168206E+02   2.9397876E-07
   5.6201580E+02   2.5435207E-07
   5.6234954E+02   2.1588417E-07
   5.6268328E+02   1.7868864E-07
   5.6301702E+02   1.4286735E-07
   5.6335075E+02   1.0851053E-07
   5.6368449E+02   7.5696271E-08
   5.6401823E+02   4.4490783E-08
   5.6435197E+02   1.4948419E-08
   5.6468571E+02  -1.2888187E-08
   5.6501945E+02  -3.8987903E-08
   5.6535319E+02  -6.3330774E-08
   5.6568692E+02  -8.5907686E-08
   5.6602066E+02  -1.0672011E-07
   5.6635440E+02  -1.2577944E-07
   5.6668814E+02  -1.4310666E-07
   5.6702188E+02  -1.5873182E-07
   5.6735562E+02  -1.7269330E-07
   5.6768936E+02  -1.8503728E-07
   5.6802309E+02  -1.9581702E-07
   5.6835683E+02  -2.0509233E-07
   5.6869057E+02  -2.1292870E-07
   5.6902431E+02  -2.1939664E-07
   5.6935805E+02  -2.2457101E-07
   5.6969179E+02  -2.2853035E-07
   5.7002553E+02  -2.3135603E-07
   5.7035926E+02  -2.3313171E-07
   5.7069300E+02  -2.3394259E-07
   5.7102674E+02  -2.3387470E-07
   5.7136048E+02  -2.3301430E-07
   5.7169422E+02  -2.3144719E-07
   5.7202796E+02  -2.2925813E-07
   5.7236170E+02  -2.2653032E-07
   5.7269543E+02  -2.2334459E-07
   5.7302917E+02  -2.1977920E-07
   5.7336291E+02  -2.1590925E-07
   5.7369665E+02  -2.1180628E-07
   5.7403039E+02  -2.0753788E-07
   5.7436413E+02  -2.0316736E-07
   5.7469787E+02  -1.9875353E-07
   5.7503161E+02  -1.9435049E-07
   5.7536534E+02  -1.9000727E-07
   5.7569908E+02  -1.8576782E-07
   5.7603282E+02  -1.8167103E-07
   5.7636656E+02  -1.7775020E-07
   5.7670030E+02  -1.7403369E-07
   5.7703404E+02  -1.7054441E-07
   5.7736778E+02  -1.6730014E-07
   5.7770151E+02  -1.6431360E-07
   5.7803525E+02  -1.6159268E-07
   5.7836899E+02  -1.5914054E-07
   5.7870273E+02  -1.5695598E-07
   5.7903647E+02  -1.5503353E-07
   5.7937021E+02  -1.5336397E-07
   5.7970395E+02  -1.5193433E-07
   5.8003768E+02  -1.5072843E-07
   5.8037142E+02  -1.4972707E-07
   5.8070516E+02  -1.4890853E-07
   5.8103890E+02  -1.4824879E-07
   5.8137264E+02  -1.4772189E-07
   5.8170638E+02  -1.4730045E-07
   5.8204012E+02  -1.4695590E-07
   5.8237385E+02  -1.4665895E-07
   5.8270759E+02  -1.4637990E-07
   5.8304133E+02  -1.4608909E-07
   5.8337507E+02  -1.4575716E-07
   5.8370881E+02  -1.4535533E-07
   5.8404255E+02  -1.4485585E-07
   5.8437629E+02  -1.4423216E-07
   5.8471002E+02  -1.4345918E-07
   5.8504376E+02  -1.4251347E-07
   5.8537750E+02  -1.4137369E-07
   5.8571124E+02  -1.4002048E-07
   5.8604498E+02  -1.3843682E-07
   5.8637872E+02  -1.3660825E-07
   5.8671246E+02  -1.3452276E-07
   5.8704619E+02  -1.3217121E-07
   5.8737993E+02  -1.2954706E-07
   5.8771367E+02  -1.2664665E-07
   5.8804741E+02  -1.2346915E-07
   5.8838115E+02  -1.2001652E-07
   5.8871489E+02  -1.1629348E-07
   5.8904863E+02  -1.1230743E-07
   5.8938236E+02  -1.0806841E-07
   5.8971610E+02  -1.0358899E-07
   5.9004984E+02  -9.8884229E-08
   5.9038358E+02  -9.3971437E-08
   5.9071732E+02  -8.8870131E-08
   5.9105106E+02  -8.3601904E-08
   5.9138480E+02  -7.8190162E-08
   5.9171853E+02  -7.2660178E-08
   5.9205227E+02  -6.7038556E-08
   5.9238601E+02  -6.1353425E-08
   5.9271975E+02  -5.5633791E-08
   5.9305349E+02  -4.9909794E-08
   5.9338723E+02  -4.4212136E-08
   5.9372097E+02  -3.8572011E-08
   5.9405471E+02  -3.3020967E-08
   5.9438844E+02  -2.7590573E-08
   5.9472218E+02  -2.2312378E-08
   5.9505592E+02  -1.7217616E-08
   5.9538966E+02  -1.2337026E-08
   5.9572340E+02  -7.7007059E-09
   5.9605714E+02  -3.3378882E-09
   5.9639088E+02   7.2324724E-10
   5.9672461E+02   4.4558277E-09
   5.9705835E+02   7.8342026E-09
   5.9739209E+02   1.0834512E-08
   5.9772583E+02   1.3434473E-08
   5.9805957E+02   1.5613622E-08
   5.9839331E+02   1.7353571E-08
   5.9872705E+02   1.8638076E-08
   5.9906078E+02   1.9452898E-08
   5.9939452E+02   1.9786341E-08
   5.9972826E+02   1.9628857E-08
   6.0006200E+02   1.8973395E-08
   6.0039574E+02   1.7815651E-08
   6.0072948E+02   1.6153834E-08
   6.0106322E+02   1.3988739E-08
   6.0139695E+02   1.1324076E-08
   6.0173069E+02   8.1661113E-09
   6.0206443E+02   4.5239830E-09
   6.0239817E+02   4.0952841E-10
   6.0273191E+02  -4.1624730E-09
   6.0306565E+02  -9.1749968E-09
   6.0339939E+02  -1.4608005E-08
   6.0373312E+02  -2.0439018E-08
   6.0406686E+02  -2.6643036E-08
   6.0440060E+02  -3.3192649E-08
   6.0473434E+02  -4.0058069E-08
   6.0506808E+02  -4.7207216E-08
   6.0540182E+02  -5.4605891E-08
   6.0573556E+02  -6.2217865E-08
   6.0606929E+02  -7.0005044E-08
   6.0640303E+02  -7.7927702E-08
   6.0673677E+02  -8.5944464E-08
   6.0707051E+02  -9.4012741E-08
   6.0740425E+02  -1.0208889E-07
   6.0773799E+02  -1.1012824E-07
   6.0807173E+02  -1.1808560E-07
   6.0840546E+02  -1.2591522E-07
   6.0873920E+02  -1.3357113E-07
   6.0907294E+02  -1.4100726E-07
   6.0940668E+02  -1.4817800E-07
   6.0974042E+02  -1.5503788E-07
   6.1007416E+02  -1.6154235E-07
   6.1040790E+02  -1.6764773E-07
   6.1074163E+02  -1.7331153E-07
   6.1107537E+02  -1.7849290E-07
   6.1140911E+02  -1.8315232E-07
   6.1174285E+02  -1.8725261E-07
   6.1207659E+02  -1.9075858E-07
   6.1241033E+02  -1.9363731E-07
   6.1274407E+02  -1.9585866E-07
   6.1307781E+02  -1.9739508E-07
   6.1341154E+02  -1.9822210E-07
   6.1374528E+02  -1.9831835E-07
   6.1407902E+02  -1.9766540E-07
   6.1441276E+02  -1.9624859E-07
   6.1474650E+02  -1.9405660E-07
   6.1508024E+02  -1.9108161E-07
   6.1541398E+02  -1.8731954E-07
   6.1574771E+02  -1.8277021E-07
   6.1608145E+02  -1.7743679E-07
   6.1641519E+02  -1.7132646E-07
   6.1674893E+02  -1.6445028E-07
   6.1708267E+02  -1.5682264E-07
   6.1741641E+02  -1.4846174E-07
   6.1775015E+02  -1.3938924E-07
   6.1808388E+02  -1.2963034E-07
   6.1841762E+02  -1.1921335E-07
   6.1875136E+02  -1.0816958E-07
   6.1908510E+02  -9.6533675E-08
   6.1941884E+02  -8.4342801E-08
   6.1975258E+02  -7.1636748E-08
   6.2008632E+02  -5.8457758E-08
   6.2042005E+02  -4.4850168E-08
   6.2075379E+02  -3.0860253E-08
   6.2108753E+02  -1.6535886E-08
   6.2142127E+02  -1.9264341E-09
   6.2175501E+02   1.2917660E-08
   6.2208875E+02   2.7945092E-08
   6.2242249E+02   4.3103881E-08
   6.2275622E+02   5.8341755E-08
   6.2308996E+02   7.3606280E-08
   6.2342370E+02   8.8845098E-08
   6.2375744E+02   1.0400622E-07
   6.2409118E+02   1.1903825E-07
   6.2442492E+02   1.3389042E-07
   6.2475866E+02   1.4851298E-07
   6.2509239E+02   1.6285721E-07
   6.2542613E+02   1.7687573E-07
   6.2575987E+02   1.9052254E-07
   6.2609361E+02   2.0375299E-07
   6.2642735E+02   2.1652406E-07
   6.2676109E+02   2.2879433E-07
   6.2709483E+02   2.4052412E-07
   6.2742856E+02   2.5167520E-07
   6.2776230E+02   2.6221113E-07
   6.2809604E+02   2.7209680E-07
   6.2842978E+02   2.8129887E-07
   6.2876352E+02   2.8978513E-07
   6.2909726E+02   2.9752510E-07
   6.2943100E+02   3.0448916E-07
   6.2976473E+02   3.1064877E-07
   6.3009847E+02   3.1597676E-07
   6.3043221E+02   3.2044642E-07
   6.3076595E+02   3.2403196E-07
   6.3109969E+02   3.2670806E-07
   6.3143343E+02   3.2844986E-07
   6.3176717E+02   3.2923296E-07
   6.3210090E+02   3.2903273E-07
   6.3243464E+02   3.2782515E-07
   6.3276838E+02   3.2558589E-07
   6.3310212E+02   3.2229030E-07
   6.3343586E+02   3.1791410E-07
   6.3376960E+02   3.1243249E-07
   6.3410334E+02   3.0582063E-07
   6.3443708E+02   2.9805358E-07
   6.3477081E+02   2.8910665E-07
   6.3510455E+02   2.7895467E-07
   6.3543829E+02   2.6757277E-07
   6.3577203E+02   2.5493691E-07
   6.3610577E+02   2.4102349E-07
   6.3643951E+02   2.2580923E-07
   6.3677325E+02   2.0927286E-07
   6.3710698E+02   1.9139341E-07
   6.3744072E+02   1.7215271E-07
   6.3777446E+02   1.5153387E-07
   6.3810820E+02   1.2952313E-07
   6.3844194E+02   1.0610907E-07
   6.3877568E+02   8.1284149E-08
   6.3910942E+02   5.5044367E-08
   6.3944315E+02   2.7389749E-08
   6.3977689E+02  -1.6746036E-09
   6.4011063E+02  -3.2138885E-08
   6.4044437E+02  -6.3987500E-08
   6.4077811E+02  -9.7198978E-08
   6.4111185E+02  -1.3174551E-07
   6.4144559E+02  -1.6759259E-07
   6.4177932E+02  -2.0469868E-07
   6.4211306E+02  -2.4301457E-07
   6.4244680E+02  -2.8248374E-07
   6.4278054E+02  -3.2304158E-07
   6.4311428E+02  -3.6461540E-07
   6.4344802E+02  -4.0712430E-07
   6.4378176E+02  -4.5047909E-07
   6.4411549E+02  -4.9458259E-07
   6.4444923E+02  -5.3932922E-07
   6.4478297E+02  -5.8460546E-07
   6.4511671E+02  -6.3028995E-07
   6.4545045E+02  -6.7625422E-07
   6.4578419E+02  -7.2236207E-07
   6.4611793E+02  -7.6847101E-07
   6.4645166E+02  -8.1443204E-07
   6.4678540E+02  -8.6009089E-07
   6.4711914E+02  -9.0528806E-07
   6.4745288E+02  -9.4985967E-07
   6.4778662E+02  -9.9363820E-07
   6.4812036E+02  -1.0364536E-06
   6.4845410E+02  -1.0781337E-06
   6.4878783E+02  -1.1185057E-06
   6.4912157E+02  -1.1573965E-06
   6.4945531E+02  -1.1946344E-06
   6.4978905E+02  -1.2300492E-06
   6.5012279E+02  -1.2634737E-06
   6.5045653E+02  -1.2947455E-06
   6.5079027E+02  -1.3237062E-06
   6.5112400E+02  -1.3502041E-06
   6.5145774E+02  -1.3740947E-06
   6.5179148E+02  -1.3952408E-06
   6.5212522E+02  -1.4135156E-06
   6.5245896E+02  -1.4288009E-06
   6.5279270E+02  -1.4409899E-06
   6.5312644E+02  -1.4499874E-06
   6.5346018E+02  -1.4557106E-06
   6.5379391E+02  -1.4580901E-06
   6.5412765E+02  -1.4570692E-06
   6.5446139E+02  -1.4526070E-06
   6.5479513E+02  -1.4446750E-06
   6.5512887E+02  -1.4332617E-06
   6.5546261E+02  -1.4183704E-06
   6.5579635E+02  -1.4000191E-06
   6.5613008E+02  -1.3782419E-06
   6.5646382E+02  -1.3530882E-06
   6.5679756E+02  -1.3246233E-06
   6.5713130E+02  -1.2929266E-06
   6.5746504E+02  -1.2580934E-06
   6.5779878E+02  -1.2202331E-06
   6.5813252E+02  -1.1794691E-06
   6.5846625E+02  -1.1359379E-06
   6.5879999E+02  -1.0897887E-06
   6.5913373E+02  -1.0411828E-06
   6.5946747E+02  -9.9029228E-07
   6.5980121E+02  -9.3730011E-07
   6.6013495E+02  -8.8239744E-07
