  -7.8094826E+01   0.0000000E+00
  -7.7761087E+01   0.0000000E+00
  -7.7427349E+01   0.0000000E+00
  -7.7093610E+01   0.0000000E+00
  -7.6759871E+01   0.0000000E+00
  -7.6426133E+01   0.0000000E+00
  -7.6092394E+01   0.0000000E+00
  -7.5758656E+01   0.0000000E+00
  -7.5424917E+01   0.0000000E+00
  -7.5091178E+01   0.0000000E+00
  -7.4757440E+01   0.0000000E+00
  -7.4423701E+01   0.0000000E+00
  -7.4089963E+01   0.0000000E+00
  -7.3756224E+01   0.0000000E+00
  -7.3422485E+01   0.0000000E+00
  -7.3088747E+01   0.0000000E+00
  -7.2755008E+01   0.0000000E+00
  -7.2421270E+01   0.0000000E+00
  -7.2087531E+01   0.0000000E+00
  -7.1753792E+01   0.0000000E+00
  -7.1420054E+01   0.0000000E+00
  -7.1086315E+01   0.0000000E+00
  -7.0752577E+01   0.0000000E+00
  -7.0418838E+01   0.0000000E+00
  -7.0085099E+01   0.0000000E+00
  -6.9751361E+01   0.0000000E+00
  -6.9417622E+01   0.0000000E+00
  -6.9083884E+01   0.0000000E+00
  -6.8750145E+01   0.0000000E+00
  -6.8416406E+01   0.0000000E+00
  -6.8082668E+01   0.0000000E+00
  -6.7748929E+01   0.0000000E+00
  -6.7415191E+01   0.0000000E+00
  -6.7081452E+01   0.0000000E+00
  -6.6747714E+01   0.0000000E+00
  -6.6413975E+01   0.0000000E+00
  -6.6080236E+01   0.0000000E+00
  -6.5746498E+01   0.0000000E+00
  -6.5412759E+01   0.0000000E+00
  -6.5079021E+01   0.0000000E+00
  -6.4745282E+01   0.0000000E+00
  -6.4411543E+01   0.0000000E+00
  -6.4077805E+01   0.0000000E+00
  -6.3744066E+01   0.0000000E+00
  -6.3410328E+01   0.0000000E+00
  -6.3076589E+01   0.0000000E+00
  -6.2742850E+01   0.0000000E+00
  -6.2409112E+01   0.0000000E+00
  -6.2075373E+01   0.0000000E+00
  -6.1741635E+01   0.0000000E+00
  -6.1407896E+01   0.0000000E+00
  -6.1074157E+01   0.0000000E+00
  -6.0740419E+01   0.0000000E+00
  -6.0406680E+01   0.0000000E+00
  -6.0072942E+01   0.0000000E+00
  -5.9739203E+01   0.0000000E+00
  -5.9405464E+01   0.0000000E+00
  -5.9071726E+01   0.0000000E+00
  -5.8737987E+01   0.0000000E+00
  -5.8404249E+01   0.0000000E+00
  -5.8070510E+01   0.0000000E+00
  -5.7736771E+01   0.0000000E+00
  -5.7403033E+01   0.0000000E+00
  -5.7069294E+01   0.0000000E+00
  -5.6735556E+01   0.0000000E+00
  -5.6401817E+01   0.0000000E+00
  -5.6068078E+01   0.0000000E+00
  -5.5734340E+01   0.0000000E+00
  -5.5400601E+01   0.0000000E+00
  -5.5066863E+01   0.0000000E+00
  -5.4733124E+01   0.0000000E+00
  -5.4399385E+01   0.0000000E+00
  -5.4065647E+01   0.0000000E+00
  -5.3731908E+01   0.0000000E+00
  -5.3398170E+01   0.0000000E+00
  -5.3064431E+01   0.0000000E+00
  -5.2730693E+01   0.0000000E+00
  -5.2396954E+01   0.0000000E+00
  -5.2063215E+01   0.0000000E+00
  -5.1729477E+01   0.0000000E+00
  -5.1395738E+01   0.0000000E+00
  -5.1062000E+01   0.0000000E+00
  -5.0728261E+01   0.0000000E+00
  -5.0394522E+01   0.0000000E+00
  -5.0060784E+01   0.0000000E+00
  -4.9727045E+01   0.0000000E+00
  -4.9393307E+01   0.0000000E+00
  -4.9059568E+01   0.0000000E+00
  -4.8725829E+01   0.0000000E+00
  -4.8392091E+01   0.0000000E+00
  -4.8058352E+01   0.0000000E+00
  -4.7724614E+01   0.0000000E+00
  -4.7390875E+01   0.0000000E+00
  -4.7057136E+01   0.0000000E+00
  -4.6723398E+01   0.0000000E+00
  -4.6389659E+01   0.0000000E+00
  -4.6055921E+01   0.0000000E+00
  -4.5722182E+01   0.0000000E+00
  -4.5388443E+01   0.0000000E+00
  -4.5054705E+01   0.0000000E+00
  -4.4720966E+01   0.0000000E+00
  -4.4387228E+01   0.0000000E+00
  -4.4053489E+01   0.0000000E+00
  -4.3719750E+01   0.0000000E+00
  -4.3386012E+01   0.0000000E+00
  -4.3052273E+01   0.0000000E+00
  -4.2718535E+01   0.0000000E+00
  -4.2384796E+01   0.0000000E+00
  -4.2051057E+01   0.0000000E+00
  -4.1717319E+01   0.0000000E+00
  -4.1383580E+01   0.0000000E+00
  -4.1049842E+01   0.0000000E+00
  -4.0716103E+01   0.0000000E+00
  -4.0382364E+01   0.0000000E+00
  -4.0048626E+01   0.0000000E+00
  -3.9714887E+01   0.0000000E+00
  -3.9381149E+01   0.0000000E+00
  -3.9047410E+01   0.0000000E+00
  -3.8713672E+01   0.0000000E+00
  -3.8379933E+01   0.0000000E+00
  -3.8046194E+01   0.0000000E+00
  -3.7712456E+01   0.0000000E+00
  -3.7378717E+01   0.0000000E+00
  -3.7044979E+01   0.0000000E+00
  -3.6711240E+01   0.0000000E+00
  -3.6377501E+01   0.0000000E+00
  -3.6043763E+01   0.0000000E+00
  -3.5710024E+01   0.0000000E+00
  -3.5376286E+01   0.0000000E+00
  -3.5042547E+01   0.0000000E+00
  -3.4708808E+01   0.0000000E+00
  -3.4375070E+01   0.0000000E+00
  -3.4041331E+01   0.0000000E+00
  -3.3707593E+01   0.0000000E+00
  -3.3373854E+01   0.0000000E+00
  -3.3040115E+01   0.0000000E+00
  -3.2706377E+01   0.0000000E+00
  -3.2372638E+01   0.0000000E+00
  -3.2038900E+01   0.0000000E+00
  -3.1705161E+01   0.0000000E+00
  -3.1371422E+01   0.0000000E+00
  -3.1037684E+01   0.0000000E+00
  -3.0703945E+01   0.0000000E+00
  -3.0370207E+01   0.0000000E+00
  -3.0036468E+01   0.0000000E+00
  -2.9702729E+01   0.0000000E+00
  -2.9368991E+01   0.0000000E+00
  -2.9035252E+01   0.0000000E+00
  -2.8701514E+01   0.0000000E+00
  -2.8367775E+01   0.0000000E+00
  -2.8034036E+01   0.0000000E+00
  -2.7700298E+01   0.0000000E+00
  -2.7366559E+01   0.0000000E+00
  -2.7032821E+01   0.0000000E+00
  -2.6699082E+01   0.0000000E+00
  -2.6365343E+01   0.0000000E+00
  -2.6031605E+01   0.0000000E+00
  -2.5697866E+01   0.0000000E+00
  -2.5364128E+01   0.0000000E+00
  -2.5030389E+01   0.0000000E+00
  -2.4696651E+01   0.0000000E+00
  -2.4362912E+01   0.0000000E+00
  -2.4029173E+01   0.0000000E+00
  -2.3695435E+01   0.0000000E+00
  -2.3361696E+01   0.0000000E+00
  -2.3027958E+01   0.0000000E+00
  -2.2694219E+01   0.0000000E+00
  -2.2360480E+01   0.0000000E+00
  -2.2026742E+01   0.0000000E+00
  -2.1693003E+01   0.0000000E+00
  -2.1359265E+01   0.0000000E+00
  -2.1025526E+01   0.0000000E+00
  -2.0691787E+01   0.0000000E+00
  -2.0358049E+01   0.0000000E+00
  -2.0024310E+01   0.0000000E+00
  -1.9690572E+01   0.0000000E+00
  -1.9356833E+01   0.0000000E+00
  -1.9023094E+01   0.0000000E+00
  -1.8689356E+01   0.0000000E+00
  -1.8355617E+01   0.0000000E+00
  -1.8021879E+01   0.0000000E+00
  -1.7688140E+01   0.0000000E+00
  -1.7354401E+01   0.0000000E+00
  -1.7020663E+01   0.0000000E+00
  -1.6686924E+01   0.0000000E+00
  -1.6353186E+01   0.0000000E+00
  -1.6019447E+01   0.0000000E+00
  -1.5685708E+01   0.0000000E+00
  -1.5351970E+01   0.0000000E+00
  -1.5018231E+01   0.0000000E+00
  -1.4684493E+01   0.0000000E+00
  -1.4350754E+01   0.0000000E+00
  -1.4017015E+01   0.0000000E+00
  -1.3683277E+01   0.0000000E+00
  -1.3349538E+01   0.0000000E+00
  -1.3015800E+01   0.0000000E+00
  -1.2682061E+01   0.0000000E+00
  -1.2348322E+01   0.0000000E+00
  -1.2014584E+01   0.0000000E+00
  -1.1680845E+01   0.0000000E+00
  -1.1347107E+01   0.0000000E+00
  -1.1013368E+01   0.0000000E+00
  -1.0679630E+01   0.0000000E+00
  -1.0345891E+01   0.0000000E+00
  -1.0012152E+01   0.0000000E+00
  -9.6784137E+00   0.0000000E+00
  -9.3446751E+00   0.0000000E+00
  -9.0109365E+00   0.0000000E+00
  -8.6771979E+00   0.0000000E+00
  -8.3434593E+00   0.0000000E+00
  -8.0097207E+00   0.0000000E+00
  -7.6759821E+00   0.0000000E+00
  -7.3422436E+00   0.0000000E+00
  -7.0085050E+00   0.0000000E+00
  -6.6747664E+00   0.0000000E+00
  -6.3410278E+00   0.0000000E+00
  -6.0072892E+00   0.0000000E+00
  -5.6735506E+00   0.0000000E+00
  -5.3398120E+00   0.0000000E+00
  -5.0060734E+00   0.0000000E+00
  -4.6723348E+00   0.0000000E+00
  -4.3385962E+00   0.0000000E+00
  -4.0048576E+00   0.0000000E+00
  -3.6711190E+00   0.0000000E+00
  -3.3373804E+00   0.0000000E+00
  -3.0036418E+00   0.0000000E+00
  -2.6699032E+00   0.0000000E+00
  -2.3361646E+00   0.0000000E+00
  -2.0024260E+00   0.0000000E+00
  -1.6686874E+00   0.0000000E+00
  -1.3349488E+00   0.0000000E+00
  -1.0012102E+00   0.0000000E+00
  -6.6747165E-01   0.0000000E+00
  -3.3373305E-01   0.0000000E+00
   5.5432320E-06   0.0000000E+00
   3.3374414E-01   0.0000000E+00
   6.6748273E-01   0.0000000E+00
   1.0012213E+00   0.0000000E+00
   1.3349599E+00   0.0000000E+00
   1.6686985E+00   0.0000000E+00
   2.0024371E+00   0.0000000E+00
   2.3361757E+00   0.0000000E+00
   2.6699143E+00   0.0000000E+00
   3.0036529E+00   0.0000000E+00
   3.3373915E+00   0.0000000E+00
   3.6711301E+00   0.0000000E+00
   4.0048687E+00   0.0000000E+00
   4.3386073E+00   0.0000000E+00
   4.6723459E+00   0.0000000E+00
   5.0060845E+00   0.0000000E+00
   5.3398231E+00   0.0000000E+00
   5.6735617E+00   0.0000000E+00
   6.0073003E+00   0.0000000E+00
   6.3410389E+00   0.0000000E+00
   6.6747774E+00   0.0000000E+00
   7.0085160E+00   0.0000000E+00
   7.3422546E+00   0.0000000E+00
   7.6759932E+00   0.0000000E+00
   8.0097318E+00   0.0000000E+00
   8.3434704E+00   0.0000000E+00
   8.6772090E+00   0.0000000E+00
   9.0109476E+00   0.0000000E+00
   9.3446862E+00   0.0000000E+00
   9.6784248E+00   0.0000000E+00
   1.0012163E+01   0.0000000E+00
   1.0345902E+01   0.0000000E+00
   1.0679641E+01   0.0000000E+00
   1.1013379E+01   0.0000000E+00
   1.1347118E+01   0.0000000E+00
   1.1680856E+01   0.0000000E+00
   1.2014595E+01   0.0000000E+00
   1.2348334E+01   0.0000000E+00
   1.2682072E+01   0.0000000E+00
   1.3015811E+01   0.0000000E+00
   1.3349549E+01   0.0000000E+00
   1.3683288E+01   0.0000000E+00
   1.4017027E+01   0.0000000E+00
   1.4350765E+01   0.0000000E+00
   1.4684504E+01   0.0000000E+00
   1.5018242E+01   0.0000000E+00
   1.5351981E+01   0.0000000E+00
   1.5685720E+01   0.0000000E+00
   1.6019458E+01   0.0000000E+00
   1.6353197E+01   0.0000000E+00
   1.6686935E+01   0.0000000E+00
   1.7020674E+01   0.0000000E+00
   1.7354412E+01   0.0000000E+00
   1.7688151E+01   0.0000000E+00
   1.8021890E+01   0.0000000E+00
   1.8355628E+01   0.0000000E+00
   1.8689367E+01   0.0000000E+00
   1.9023105E+01   0.0000000E+00
   1.9356844E+01   0.0000000E+00
   1.9690583E+01   0.0000000E+00
   2.0024321E+01   0.0000000E+00
   2.0358060E+01   0.0000000E+00
   2.0691798E+01   0.0000000E+00
   2.1025537E+01   0.0000000E+00
   2.1359276E+01   0.0000000E+00
   2.1693014E+01   0.0000000E+00
   2.2026753E+01   0.0000000E+00
   2.2360491E+01   0.0000000E+00
   2.2694230E+01   0.0000000E+00
   2.3027969E+01   0.0000000E+00
   2.3361707E+01   0.0000000E+00
   2.3695446E+01   0.0000000E+00
   2.4029184E+01   0.0000000E+00
   2.4362923E+01   0.0000000E+00
   2.4696662E+01   0.0000000E+00
   2.5030400E+01   0.0000000E+00
   2.5364139E+01   0.0000000E+00
   2.5697877E+01   0.0000000E+00
   2.6031616E+01   0.0000000E+00
   2.6365355E+01   0.0000000E+00
   2.6699093E+01   0.0000000E+00
   2.7032832E+01   0.0000000E+00
   2.7366570E+01   0.0000000E+00
   2.7700309E+01   0.0000000E+00
   2.8034048E+01   0.0000000E+00
   2.8367786E+01   0.0000000E+00
   2.8701525E+01   0.0000000E+00
   2.9035263E+01   0.0000000E+00
   2.9369002E+01   0.0000000E+00
   2.9702741E+01   0.0000000E+00
   3.0036479E+01   0.0000000E+00
   3.0370218E+01   0.0000000E+00
   3.0703956E+01   0.0000000E+00
   3.1037695E+01   0.0000000E+00
   3.1371433E+01   0.0000000E+00
   3.1705172E+01   0.0000000E+00
   3.2038911E+01   0.0000000E+00
   3.2372649E+01   0.0000000E+00
   3.2706388E+01   0.0000000E+00
   3.3040126E+01   0.0000000E+00
   3.3373865E+01   0.0000000E+00
   3.3707604E+01   0.0000000E+00
   3.4041342E+01   0.0000000E+00
   3.4375081E+01   0.0000000E+00
   3.4708819E+01   0.0000000E+00
   3.5042558E+01   0.0000000E+00
   3.5376297E+01   0.0000000E+00
   3.5710035E+01   0.0000000E+00
   3.6043774E+01   0.0000000E+00
   3.6377512E+01   0.0000000E+00
   3.6711251E+01   0.0000000E+00
   3.7044990E+01   0.0000000E+00
   3.7378728E+01   0.0000000E+00
   3.7712467E+01   0.0000000E+00
   3.8046205E+01   0.0000000E+00
   3.8379944E+01   0.0000000E+00
   3.8713683E+01   0.0000000E+00
   3.9047421E+01   0.0000000E+00
   3.9381160E+01   0.0000000E+00
   3.9714898E+01   0.0000000E+00
   4.0048637E+01   0.0000000E+00
   4.0382376E+01   0.0000000E+00
   4.0716114E+01   0.0000000E+00
   4.1049853E+01   0.0000000E+00
   4.1383591E+01   0.0000000E+00
   4.1717330E+01   0.0000000E+00
   4.2051069E+01   0.0000000E+00
   4.2384807E+01   0.0000000E+00
   4.2718546E+01   0.0000000E+00
   4.3052284E+01   0.0000000E+00
   4.3386023E+01   0.0000000E+00
   4.3719762E+01   0.0000000E+00
   4.4053500E+01   0.0000000E+00
   4.4387239E+01   0.0000000E+00
   4.4720977E+01   0.0000000E+00
   4.5054716E+01   0.0000000E+00
   4.5388454E+01   0.0000000E+00
   4.5722193E+01   0.0000000E+00
   4.6055932E+01   0.0000000E+00
   4.6389670E+01   0.0000000E+00
   4.6723409E+01   0.0000000E+00
   4.7057147E+01   0.0000000E+00
   4.7390886E+01   0.0000000E+00
   4.7724625E+01   0.0000000E+00
   4.8058363E+01   0.0000000E+00
   4.8392102E+01   0.0000000E+00
   4.8725840E+01   0.0000000E+00
   4.9059579E+01   0.0000000E+00
   4.9393318E+01   0.0000000E+00
   4.9727056E+01   0.0000000E+00
   5.0060795E+01   0.0000000E+00
   5.0394533E+01   0.0000000E+00
   5.0728272E+01   0.0000000E+00
   5.1062011E+01   0.0000000E+00
   5.1395749E+01   0.0000000E+00
   5.1729488E+01   0.0000000E+00
   5.2063226E+01   0.0000000E+00
   5.2396965E+01   0.0000000E+00
   5.2730704E+01   0.0000000E+00
   5.3064442E+01   0.0000000E+00
   5.3398181E+01   0.0000000E+00
   5.3731919E+01   0.0000000E+00
   5.4065658E+01   0.0000000E+00
   5.4399397E+01   0.0000000E+00
   5.4733135E+01   0.0000000E+00
   5.5066874E+01   0.0000000E+00
   5.5400612E+01   0.0000000E+00
   5.5734351E+01   0.0000000E+00
   5.6068090E+01   0.0000000E+00
   5.6401828E+01   0.0000000E+00
   5.6735567E+01   0.0000000E+00
   5.7069305E+01   0.0000000E+00
   5.7403044E+01   0.0000000E+00
   5.7736783E+01   0.0000000E+00
   5.8070521E+01   0.0000000E+00
   5.8404260E+01   0.0000000E+00
   5.8737998E+01   0.0000000E+00
   5.9071737E+01   0.0000000E+00
   5.9405475E+01   0.0000000E+00
   5.9739214E+01   0.0000000E+00
   6.0072953E+01   0.0000000E+00
   6.0406691E+01   0.0000000E+00
   6.0740430E+01   0.0000000E+00
   6.1074168E+01   0.0000000E+00
   6.1407907E+01   0.0000000E+00
   6.1741646E+01   0.0000000E+00
   6.2075384E+01   0.0000000E+00
   6.2409123E+01   0.0000000E+00
   6.2742861E+01   0.0000000E+00
   6.3076600E+01   0.0000000E+00
   6.3410339E+01   0.0000000E+00
   6.3744077E+01   0.0000000E+00
   6.4077816E+01   0.0000000E+00
   6.4411554E+01   0.0000000E+00
   6.4745293E+01   0.0000000E+00
   6.5079032E+01   0.0000000E+00
   6.5412770E+01   0.0000000E+00
   6.5746509E+01   0.0000000E+00
   6.6080247E+01   0.0000000E+00
   6.6413986E+01   0.0000000E+00
   6.6747725E+01   0.0000000E+00
   6.7081463E+01   0.0000000E+00
   6.7415202E+01   0.0000000E+00
   6.7748940E+01   0.0000000E+00
   6.8082679E+01   0.0000000E+00
   6.8416418E+01   0.0000000E+00
   6.8750156E+01   0.0000000E+00
   6.9083895E+01   0.0000000E+00
   6.9417633E+01   0.0000000E+00
   6.9751372E+01   0.0000000E+00
   7.0085111E+01   0.0000000E+00
   7.0418849E+01   0.0000000E+00
   7.0752588E+01   0.0000000E+00
   7.1086326E+01   0.0000000E+00
   7.1420065E+01   0.0000000E+00
   7.1753804E+01   0.0000000E+00
   7.2087542E+01   0.0000000E+00
   7.2421281E+01   0.0000000E+00
   7.2755019E+01   0.0000000E+00
   7.3088758E+01   0.0000000E+00
   7.3422496E+01   0.0000000E+00
   7.3756235E+01   0.0000000E+00
   7.4089974E+01   0.0000000E+00
   7.4423712E+01   0.0000000E+00
   7.4757451E+01   0.0000000E+00
   7.5091189E+01   0.0000000E+00
   7.5424928E+01   0.0000000E+00
   7.5758667E+01   0.0000000E+00
   7.6092405E+01   0.0000000E+00
   7.6426144E+01   0.0000000E+00
   7.6759882E+01   0.0000000E+00
   7.7093621E+01   0.0000000E+00
   7.7427360E+01   0.0000000E+00
   7.7761098E+01   0.0000000E+00
   7.8094837E+01   0.0000000E+00
   7.8428575E+01   0.0000000E+00
   7.8762314E+01   0.0000000E+00
   7.9096053E+01   0.0000000E+00
   7.9429791E+01   0.0000000E+00
   7.9763530E+01   0.0000000E+00
   8.0097268E+01   0.0000000E+00
   8.0431007E+01   0.0000000E+00
   8.0764746E+01   0.0000000E+00
   8.1098484E+01   0.0000000E+00
   8.1432223E+01   0.0000000E+00
   8.1765961E+01   0.0000000E+00
   8.2099700E+01   0.0000000E+00
   8.2433439E+01   0.0000000E+00
   8.2767177E+01   0.0000000E+00
   8.3100916E+01   0.0000000E+00
   8.3434654E+01   0.0000000E+00
   8.3768393E+01   0.0000000E+00
   8.4102132E+01   0.0000000E+00
   8.4435870E+01   0.0000000E+00
   8.4769609E+01   0.0000000E+00
   8.5103347E+01   0.0000000E+00
   8.5437086E+01   0.0000000E+00
   8.5770825E+01   0.0000000E+00
   8.6104563E+01   0.0000000E+00
   8.6438302E+01   0.0000000E+00
   8.6772040E+01   0.0000000E+00
   8.7105779E+01   0.0000000E+00
   8.7439517E+01   0.0000000E+00
   8.7773256E+01   0.0000000E+00
   8.8106995E+01   0.0000000E+00
   8.8440733E+01   0.0000000E+00
   8.8774472E+01   0.0000000E+00
   8.9108210E+01   0.0000000E+00
   8.9441949E+01   0.0000000E+00
   8.9775688E+01   0.0000000E+00
   9.0109426E+01   0.0000000E+00
   9.0443165E+01   0.0000000E+00
   9.0776903E+01   0.0000000E+00
   9.1110642E+01   0.0000000E+00
   9.1444381E+01   0.0000000E+00
   9.1778119E+01   0.0000000E+00
   9.2111858E+01   0.0000000E+00
   9.2445596E+01   0.0000000E+00
   9.2779335E+01   0.0000000E+00
   9.3113074E+01   0.0000000E+00
   9.3446812E+01   0.0000000E+00
   9.3780551E+01   0.0000000E+00
   9.4114289E+01   0.0000000E+00
   9.4448028E+01   0.0000000E+00
   9.4781767E+01   0.0000000E+00
   9.5115505E+01   0.0000000E+00
   9.5449244E+01   0.0000000E+00
   9.5782982E+01   0.0000000E+00
   9.6116721E+01   0.0000000E+00
   9.6450460E+01   0.0000000E+00
   9.6784198E+01   0.0000000E+00
   9.7117937E+01   0.0000000E+00
   9.7451675E+01   0.0000000E+00
   9.7785414E+01   0.0000000E+00
   9.8119153E+01   0.0000000E+00
   9.8452891E+01   0.0000000E+00
   9.8786630E+01   0.0000000E+00
   9.9120368E+01   0.0000000E+00
   9.9454107E+01   0.0000000E+00
   9.9787846E+01   0.0000000E+00
   1.0012158E+02   0.0000000E+00
   1.0045532E+02   0.0000000E+00
   1.0078906E+02   0.0000000E+00
   1.0112280E+02   0.0000000E+00
   1.0145654E+02   0.0000000E+00
   1.0179028E+02   0.0000000E+00
   1.0212402E+02   0.0000000E+00
   1.0245775E+02   0.0000000E+00
   1.0279149E+02   0.0000000E+00
   1.0312523E+02   0.0000000E+00
   1.0345897E+02   0.0000000E+00
   1.0379271E+02   0.0000000E+00
   1.0412645E+02   0.0000000E+00
   1.0446019E+02   0.0000000E+00
   1.0479392E+02   0.0000000E+00
   1.0512766E+02   0.0000000E+00
   1.0546140E+02   0.0000000E+00
   1.0579514E+02   0.0000000E+00
   1.0612888E+02   0.0000000E+00
   1.0646262E+02   0.0000000E+00
   1.0679636E+02   0.0000000E+00
   1.0713009E+02   0.0000000E+00
   1.0746383E+02   0.0000000E+00
   1.0779757E+02   0.0000000E+00
   1.0813131E+02   0.0000000E+00
   1.0846505E+02   0.0000000E+00
   1.0879879E+02   0.0000000E+00
   1.0913253E+02   0.0000000E+00
   1.0946626E+02   0.0000000E+00
   1.0980000E+02   0.0000000E+00
   1.1013374E+02   0.0000000E+00
   1.1046748E+02   0.0000000E+00
   1.1080122E+02   0.0000000E+00
   1.1113496E+02   0.0000000E+00
   1.1146870E+02   0.0000000E+00
   1.1180243E+02   0.0000000E+00
   1.1213617E+02   0.0000000E+00
   1.1246991E+02   0.0000000E+00
   1.1280365E+02   0.0000000E+00
   1.1313739E+02   0.0000000E+00
   1.1347113E+02   0.0000000E+00
   1.1380487E+02   0.0000000E+00
   1.1413861E+02   0.0000000E+00
   1.1447234E+02   0.0000000E+00
   1.1480608E+02   0.0000000E+00
   1.1513982E+02   0.0000000E+00
   1.1547356E+02   0.0000000E+00
   1.1580730E+02   0.0000000E+00
   1.1614104E+02   0.0000000E+00
   1.1647478E+02   0.0000000E+00
   1.1680851E+02   0.0000000E+00
   1.1714225E+02   0.0000000E+00
   1.1747599E+02   0.0000000E+00
   1.1780973E+02   0.0000000E+00
   1.1814347E+02   0.0000000E+00
   1.1847721E+02   0.0000000E+00
   1.1881095E+02   0.0000000E+00
   1.1914468E+02   0.0000000E+00
   1.1947842E+02   0.0000000E+00
   1.1981216E+02   0.0000000E+00
   1.2014590E+02   0.0000000E+00
   1.2047964E+02   0.0000000E+00
   1.2081338E+02   0.0000000E+00
   1.2114712E+02   0.0000000E+00
   1.2148085E+02   0.0000000E+00
   1.2181459E+02   0.0000000E+00
   1.2214833E+02   0.0000000E+00
   1.2248207E+02   0.0000000E+00
   1.2281581E+02   0.0000000E+00
   1.2314955E+02   0.0000000E+00
   1.2348329E+02   0.0000000E+00
   1.2381702E+02   0.0000000E+00
   1.2415076E+02   0.0000000E+00
   1.2448450E+02   0.0000000E+00
   1.2481824E+02   0.0000000E+00
   1.2515198E+02   0.0000000E+00
   1.2548572E+02   0.0000000E+00
   1.2581946E+02   0.0000000E+00
   1.2615319E+02   0.0000000E+00
   1.2648693E+02   0.0000000E+00
   1.2682067E+02   0.0000000E+00
   1.2715441E+02   0.0000000E+00
   1.2748815E+02   0.0000000E+00
   1.2782189E+02   0.0000000E+00
   1.2815563E+02   0.0000000E+00
   1.2848936E+02   0.0000000E+00
   1.2882310E+02   0.0000000E+00
   1.2915684E+02   0.0000000E+00
   1.2949058E+02   0.0000000E+00
   1.2982432E+02   0.0000000E+00
   1.3015806E+02   0.0000000E+00
   1.3049180E+02   0.0000000E+00
   1.3082553E+02   0.0000000E+00
   1.3115927E+02   0.0000000E+00
   1.3149301E+02   0.0000000E+00
   1.3182675E+02   0.0000000E+00
   1.3216049E+02   0.0000000E+00
   1.3249423E+02   0.0000000E+00
   1.3282797E+02   0.0000000E+00
   1.3316171E+02   0.0000000E+00
   1.3349544E+02   0.0000000E+00
   1.3382918E+02   0.0000000E+00
   1.3416292E+02   0.0000000E+00
   1.3449666E+02   0.0000000E+00
   1.3483040E+02   0.0000000E+00
   1.3516414E+02   0.0000000E+00
   1.3549788E+02   0.0000000E+00
   1.3583161E+02   0.0000000E+00
   1.3616535E+02   0.0000000E+00
   1.3649909E+02   0.0000000E+00
   1.3683283E+02   0.0000000E+00
   1.3716657E+02   0.0000000E+00
   1.3750031E+02   0.0000000E+00
   1.3783405E+02   0.0000000E+00
   1.3816778E+02   0.0000000E+00
   1.3850152E+02   0.0000000E+00
   1.3883526E+02   0.0000000E+00
   1.3916900E+02   0.0000000E+00
   1.3950274E+02   0.0000000E+00
   1.3983648E+02   0.0000000E+00
   1.4017022E+02   0.0000000E+00
   1.4050395E+02   0.0000000E+00
   1.4083769E+02   0.0000000E+00
   1.4117143E+02   0.0000000E+00
   1.4150517E+02   0.0000000E+00
   1.4183891E+02   0.0000000E+00
   1.4217265E+02   0.0000000E+00
   1.4250639E+02   0.0000000E+00
   1.4284012E+02   0.0000000E+00
   1.4317386E+02   0.0000000E+00
   1.4350760E+02   0.0000000E+00
   1.4384134E+02   0.0000000E+00
   1.4417508E+02   0.0000000E+00
   1.4450882E+02   0.0000000E+00
   1.4484256E+02   1.4012985E-45
   1.4517629E+02   1.4012985E-45
   1.4551003E+02   4.2038954E-45
   1.4584377E+02   7.0064923E-45
   1.4617751E+02   7.0064923E-45
   1.4651125E+02   2.8025969E-45
   1.4684499E+02   1.4012985E-45
   1.4717873E+02  -1.4012985E-45
   1.4751246E+02  -7.0064923E-45
   1.4784620E+02  -1.4012985E-44
   1.4817994E+02  -1.8216880E-44
   1.4851368E+02  -1.8216880E-44
   1.4884742E+02  -1.8216880E-44
   1.4918116E+02  -1.1210388E-44
   1.4951490E+02  -5.6051939E-45
   1.4984863E+02   5.6051939E-45
   1.5018237E+02   1.8216880E-44
   1.5051611E+02   3.0828566E-44
   1.5084985E+02   4.2038954E-44
   1.5118359E+02   5.1848043E-44
   1.5151733E+02   5.6051939E-44
   1.5185107E+02   5.3249342E-44
   1.5218480E+02   4.2038954E-44
   1.5251854E+02   2.1019477E-44
   1.5285228E+02  -4.2038954E-45
   1.5318602E+02  -3.3631163E-44
   1.5351976E+02  -6.4459729E-44
   1.5385350E+02  -9.2485699E-44
   1.5418724E+02  -1.1630777E-43
   1.5452098E+02  -1.2191297E-43
   1.5485471E+02  -1.1770907E-43
   1.5518845E+02  -8.6880505E-44
   1.5552219E+02  -4.2038954E-44
   1.5585593E+02   1.9618179E-44
   1.5618967E+02   9.1084400E-44
   1.5652341E+02   1.6955711E-43
   1.5685715E+02   2.3541814E-43
   1.5719088E+02   2.8166099E-43
   1.5752462E+02   2.9427268E-43
   1.5785836E+02   2.6764801E-43
   1.5819210E+02   1.9478049E-43
   1.5852584E+02   8.4077908E-44
   1.5885958E+02  -6.3058431E-44
   1.5919332E+02  -2.2560905E-43
   1.5952705E+02  -3.7975188E-43
   1.5986079E+02  -5.0026355E-43
   1.6019453E+02  -5.6192068E-43
   1.6052827E+02  -5.4090121E-43
   1.6086201E+02  -4.2319214E-43
   1.6119575E+02  -2.1159607E-43
   1.6152949E+02   8.6880505E-44
   1.6186322E+02   4.3159993E-43
   1.6219696E+02   7.9313493E-43
   1.6253070E+02   1.1042232E-42
   1.6286444E+02   1.3074115E-42
   1.6319818E+02   1.3550556E-42
   1.6353192E+02   1.1939063E-42
   1.6386566E+02   8.1555571E-43
   1.6419939E+02   2.2420775E-43
   1.6453313E+02  -5.1567783E-43
   1.6486687E+02  -1.3172206E-42
   1.6520061E+02  -2.0767243E-42
   1.6553435E+02  -2.6540593E-42
   1.6586809E+02  -2.9287138E-42
   1.6620183E+02  -2.7927878E-42
   1.6653556E+02  -2.1804204E-42
   1.6686930E+02  -1.0944141E-42
   1.6720304E+02   3.8956097E-43
   1.6753678E+02   2.1145594E-42
   1.6787052E+02   3.8605773E-42
   1.6820426E+02   5.3627692E-42
   1.6853800E+02   6.3338691E-42
   1.6887173E+02   6.5118340E-42
   1.6920547E+02   5.7130938E-42
   1.6953921E+02   3.8717877E-42
   1.6987295E+02   1.0663881E-42
   1.7020669E+02  -2.4536736E-42
   1.7054043E+02  -6.2848236E-42
   1.7087417E+02  -9.8903646E-42
   1.7120790E+02  -1.2662133E-41
   1.7154164E+02  -1.4017189E-41
   1.7187538E+02  -1.3462274E-41
   1.7220912E+02  -1.0718532E-41
   1.7254286E+02  -5.7873627E-42
   1.7287660E+02   9.9211931E-43
   1.7321034E+02   8.9220673E-42
   1.7354408E+02   1.7008961E-41
   1.7387781E+02   2.4033670E-41
   1.7421155E+02   2.8716809E-41
   1.7454529E+02   2.9902308E-41
   1.7487903E+02   2.6732571E-41
   1.7521277E+02   1.8879694E-41
   1.7554651E+02   6.6589703E-42
   1.7588025E+02  -8.8744232E-42
   1.7621398E+02  -2.5967462E-41
   1.7654772E+02  -4.2306602E-41
   1.7688146E+02  -5.5257402E-41
   1.7721520E+02  -6.2220454E-41
   1.7754894E+02  -6.1018140E-41
   1.7788268E+02  -5.0330437E-41
   1.7821642E+02  -3.0028425E-41
   1.7855015E+02  -1.4195153E-42
   1.7888389E+02   3.2679681E-41
   1.7921763E+02   6.8125526E-41
   1.7955137E+02   9.9806082E-41
   1.7988511E+02   1.2224928E-40
   1.8021885E+02   1.3040063E-40
   1.8055259E+02   1.2044721E-40
   1.8088632E+02   9.0616366E-41
   1.8122006E+02   4.1817549E-41
   1.8155380E+02  -2.2025609E-41
   1.8188754E+02  -9.4025726E-41
   1.8222128E+02  -1.6485856E-40
   1.8255502E+02  -2.2370749E-40
   1.8288876E+02  -2.5964239E-40
   1.8322249E+02  -2.6323952E-40
   1.8355623E+02  -2.2824209E-40
   1.8388997E+02  -1.5305542E-40
   1.8422371E+02  -4.1807740E-41
   1.8455745E+02   9.5282690E-41
   1.8489119E+02   2.4236438E-40
   1.8522493E+02   3.7933990E-40
   1.8555866E+02   4.8412620E-40
   1.8589240E+02   5.3558328E-40
   1.8622614E+02   5.1683951E-40
   1.8655988E+02   4.1849498E-40
   1.8689362E+02   2.4131060E-40
   1.8722736E+02  -2.1565983E-42
   1.8756110E+02  -2.8741893E-40
   1.8789483E+02  -5.7961348E-40
   1.8822857E+02  -8.3691290E-40
   1.8856231E+02  -1.0154832E-39
   1.8889605E+02  -1.0756087E-39
   1.8922979E+02  -9.8823071E-40
   1.8956353E+02  -7.4102765E-40
   1.8989727E+02  -3.4303506E-40
   1.9023100E+02   1.7308699E-40
   1.9056474E+02   7.5185548E-40
   1.9089848E+02   1.3192580E-39
   1.9123222E+02   1.7904979E-39
   1.9156596E+02   2.0805345E-39
   1.9189970E+02   2.1164904E-39
   1.9223344E+02   1.8503053E-39
   1.9256718E+02   1.2698623E-39
   1.9290091E+02   4.0674369E-40
   1.9323465E+02  -6.6106816E-40
   1.9356839E+02  -1.8128402E-39
   1.9390213E+02  -2.8954960E-39
   1.9423587E+02  -3.7404608E-39
   1.9456961E+02  -4.1854921E-39
   1.9490335E+02  -4.0992674E-39
   1.9523708E+02  -3.4054608E-39
   1.9557082E+02  -2.1028950E-39
   1.9590456E+02  -2.7812832E-40
   1.9623830E+02   1.8925040E-39
   1.9657204E+02   4.1535117E-39
   1.9690578E+02   6.1939550E-39
   1.9723952E+02   7.6830420E-39
   1.9757325E+02   8.3144727E-39
   1.9790699E+02   7.8544755E-39
   1.9824073E+02   6.1873843E-39
   1.9857447E+02   3.3517532E-39
   1.9890821E+02  -4.3970784E-40
   1.9924195E+02  -4.8018533E-39
   1.9957569E+02  -9.2037690E-39
   1.9990942E+02  -1.3020721E-38
   2.0024316E+02  -1.5608011E-38
   2.0057690E+02  -1.6389904E-38
   2.0091064E+02  -1.4953336E-38
   2.0124438E+02  -1.1133860E-38
   2.0157812E+02  -5.0803585E-39
   2.0191186E+02   2.7142521E-39
   2.0224559E+02   1.1426244E-38
   2.0257933E+02   1.9963629E-38
   2.0291307E+02   2.7077220E-38
   2.0324681E+02   3.1512540E-38
   2.0358055E+02   3.2187632E-38
   2.0391429E+02   2.8375991E-38
   2.0424803E+02   1.9869290E-38
   2.0458176E+02   7.0935942E-39
   2.0491550E+02  -8.8451809E-39
   2.0524924E+02  -2.6204873E-38
   2.0558298E+02  -4.2748333E-38
   2.0591672E+02  -5.5978712E-38
   2.0625046E+02  -6.3450985E-38
   2.0658420E+02  -6.3128591E-38
   2.0691793E+02  -5.3741808E-38
   2.0725167E+02  -3.5097658E-38
   2.0758541E+02  -8.2890420E-39
   2.0791915E+02   2.4243528E-38
   2.0825289E+02   5.8831195E-38
   2.0858663E+02   9.0890808E-38
   2.0892037E+02   1.1542208E-37
   2.0925410E+02   1.2764859E-37
   2.0958784E+02   1.2373535E-37
   2.0992158E+02   1.0149530E-37
   2.1025532E+02   6.0981000E-38
   2.1058906E+02   4.8589422E-39
   2.1092280E+02  -6.1524424E-38
   2.1125654E+02  -1.3044687E-37
   2.1159027E+02  -1.9250505E-37
   2.1192401E+02  -2.3766751E-37
   2.1225775E+02  -2.5659764E-37
   2.1259149E+02  -2.4210491E-37
   2.1292523E+02  -1.9053874E-37
   2.1325897E+02  -1.0291690E-37
   2.1359271E+02   1.4417712E-38
   2.1392645E+02   1.4978844E-37
   2.1426018E+02   2.8693624E-37
   2.1459392E+02   4.0655538E-37
   2.1492766E+02   4.8852924E-37
   2.1526140E+02   5.1466863E-37
   2.1559514E+02   4.7164590E-37
   2.1592888E+02   3.5374024E-37
   2.1626262E+02   1.6496745E-37
   2.1659635E+02  -7.9816598E-38
   2.1693009E+02  -3.5517625E-37
   2.1726383E+02  -6.2691753E-37
   2.1759757E+02  -8.5548074E-37
   2.1793131E+02  -1.0006899E-36
   2.1826505E+02  -1.0274096E-36
   2.1859879E+02  -9.1145717E-37
   2.1893252E+02  -6.4496230E-37
   2.1926626E+02  -2.4030659E-37
   2.1960000E+02   2.6816512E-37
   2.1993374E+02   8.2529870E-37
   2.2026748E+02   1.3594764E-36
   2.2060122E+02   1.7900797E-36
   2.2093496E+02   2.0375371E-36
   2.2126869E+02   2.0349463E-36
   2.2160243E+02   1.7398802E-36
   2.2193617E+02   1.1446905E-36
   2.2226991E+02   2.8357698E-37
   2.2260365E+02  -7.6516439E-37
   2.2293739E+02  -1.8828614E-36
   2.2327113E+02  -2.9206475E-36
   2.2360486E+02  -3.7157417E-36
   2.2393860E+02  -4.1125255E-36
   2.2427234E+02  -3.9861843E-36
   2.2460608E+02  -3.2659508E-36
   2.2493982E+02  -1.9545105E-36
   2.2527356E+02  -1.4011186E-37
   2.2560730E+02   2.0016099E-36
   2.2594103E+02   4.2181152E-36
   2.2627477E+02   6.2033328E-36
   2.2660851E+02   7.6327179E-36
   2.2694225E+02   8.2069250E-36
   2.2727599E+02   7.6992355E-36
   2.2760973E+02   6.0005048E-36
   2.2794347E+02   3.1547107E-36
   2.2827720E+02  -6.2160349E-37
   2.2861094E+02  -4.9415626E-36
   2.2894468E+02  -9.2751469E-36
   2.2927842E+02  -1.3001630E-35
   2.2961216E+02  -1.5483889E-35
   2.2994590E+02  -1.6157540E-35
   2.3027964E+02  -1.4624417E-35
   2.3061337E+02  -1.0737689E-35
   2.3094711E+02  -4.6648357E-36
   2.3128085E+02   3.0842801E-36
   2.3161459E+02   1.1674095E-35
   2.3194833E+02   2.0009810E-35
   2.3228207E+02   2.6852254E-35
   2.3261581E+02   3.0972566E-35
   2.3294955E+02   3.1330899E-35
   2.3328328E+02   2.7257252E-35
   2.3361702E+02   1.8608698E-35
   2.3395076E+02   5.8764264E-36
   2.3428450E+02  -9.7811512E-36
   2.3461824E+02  -2.6596025E-35
   2.3495198E+02  -4.2345491E-35
   2.3528572E+02  -5.4597775E-35
   2.3561945E+02  -6.1027775E-35
   2.3595319E+02  -5.9768670E-35
   2.3628693E+02  -4.9754492E-35
   2.3662067E+02  -3.1002940E-35
   2.3695441E+02  -4.7878465E-36
   2.3728815E+02   2.6341250E-35
   2.3762189E+02   5.8719880E-35
   2.3795562E+02   8.7915544E-35
   2.3828936E+02   1.0924062E-34
   2.3862310E+02   1.1838399E-34
   2.3895684E+02   1.1208973E-34
   2.3929058E+02   8.8792016E-35
   2.3962432E+02   4.9108986E-35
   2.3995806E+02  -3.8987590E-36
   2.4029179E+02  -6.4778796E-35
   2.4062553E+02  -1.2608880E-34
   2.4095927E+02  -1.7914712E-34
   2.4129301E+02  -2.1507944E-34
   2.4162675E+02  -2.2605780E-34
   2.4196049E+02  -2.0658464E-34
   2.4229423E+02  -1.5464448E-34
   2.4262796E+02  -7.2537897E-35
   2.4296170E+02   3.2771546E-35
   2.4329544E+02   1.4992324E-34
   2.4362918E+02   2.6409501E-34
   2.4396292E+02   3.5857890E-34
   2.4429666E+02   4.1687093E-34
   2.4463040E+02   4.2505485E-34
   2.4496413E+02   3.7418674E-34
   2.4529787E+02   2.6233693E-34
   2.4563161E+02   9.5948188E-35
   2.4596535E+02  -1.0979138E-34
   2.4629909E+02  -3.3176292E-34
   2.4663283E+02  -5.4098592E-34
   2.4696657E+02  -7.0583821E-34
   2.4730030E+02  -7.9614331E-34
   2.4763404E+02  -7.8767581E-34
   2.4796778E+02  -6.6650778E-34
   2.4830152E+02  -4.3255295E-34
   2.4863526E+02  -1.0168458E-34
   2.4896900E+02   2.9409105E-34
   2.4930274E+02   7.0872129E-34
   2.4963647E+02   1.0865004E-33
   2.4997021E+02   1.3684927E-33
   2.5030395E+02   1.5003778E-33
   2.5063769E+02   1.4408253E-33
   2.5097143E+02   1.1692848E-33
   2.5130517E+02   6.9200857E-34
   2.5163891E+02   4.5189102E-35
   2.5197264E+02  -7.0566230E-34
   2.5230638E+02  -1.4705643E-33
   2.5264012E+02  -2.1440857E-33
   2.5297386E+02  -2.6178829E-33
   2.5330760E+02  -2.7955030E-33
   2.5364134E+02  -2.6077123E-33
   2.5397508E+02  -2.0262532E-33
   2.5430882E+02  -1.0738859E-33
   2.5464255E+02   1.7126652E-34
   2.5497629E+02   1.5784920E-33
   2.5531003E+02   2.9750495E-33
   2.5564377E+02   4.1641623E-33
   2.5597751E+02   4.9490108E-33
   2.5631125E+02   5.1602314E-33
   2.5664499E+02   4.6835908E-33
   2.5697872E+02   3.4839878E-33
   2.5731246E+02   1.6218933E-33
   2.5764620E+02  -7.4114657E-34
   2.5797994E+02  -3.3502989E-33
   2.5831368E+02  -5.8793393E-33
   2.5864742E+02  -7.9656390E-33
   2.5898116E+02  -9.2552482E-33
   2.5931489E+02  -9.4532418E-33
   2.5964863E+02  -8.3731058E-33
   2.5998237E+02  -5.9781664E-33
   2.6031611E+02  -2.4081607E-33
   2.6064985E+02   2.0147834E-33
   2.6098359E+02   6.8045467E-33
   2.6131733E+02   1.1354674E-32
   2.6165106E+02   1.5004808E-32
   2.6198480E+02   1.7123954E-32
   2.6231854E+02   1.7201420E-32
   2.6265228E+02   1.4934031E-32
   2.6298602E+02   1.0297026E-32
   2.6331976E+02   3.5866695E-33
   2.6365350E+02  -4.5752018E-33
   2.6398723E+02  -1.3280650E-32
   2.6432097E+02  -2.1419741E-32
   2.6465471E+02  -2.7803950E-32
   2.6498845E+02  -3.1317362E-32
   2.6532219E+02  -3.1078848E-32
   2.6565593E+02  -2.6594525E-32
   2.6598967E+02  -1.7878390E-32
   2.6632340E+02  -5.5203918E-33
   2.6665714E+02   9.3145673E-33
   2.6699088E+02   2.4965801E-32
   2.6732462E+02   3.9434030E-32
   2.6765836E+02   5.0605802E-32
   2.6799210E+02   5.6523564E-32
   2.6832584E+02   5.5671130E-32
   2.6865957E+02   4.7237708E-32
   2.6899331E+02   3.1322084E-32
   2.6932705E+02   9.0414000E-33
   2.6966079E+02  -1.7482923E-32
   2.6999453E+02  -4.5276157E-32
   2.7032827E+02  -7.0796099E-32
   2.7066201E+02  -9.0332680E-32
   2.7099574E+02  -1.0048269E-31
   2.7132948E+02  -9.8645452E-32
   2.7166322E+02  -8.3475692E-32
   2.7199696E+02  -5.5227281E-32
   2.7233070E+02  -1.5927680E-32
   2.7266444E+02   3.0661941E-32
   2.7299818E+02   7.9323258E-32
   2.7333192E+02   1.2388711E-31
   2.7366565E+02   1.5793130E-31
   2.7399939E+02   1.7560086E-31
   2.7433313E+02   1.7245735E-31
   2.7466687E+02   1.4624701E-31
   2.7500061E+02   9.7475988E-32
   2.7533435E+02   2.9691427E-32
   2.7566809E+02  -5.0605431E-32
   2.7600182E+02  -1.3444827E-31
   2.7633556E+02  -2.1128192E-31
   2.7666930E+02  -2.7015726E-31
   2.7700304E+02  -3.0112568E-31
   2.7733678E+02  -2.9667251E-31
   2.7767052E+02  -2.5300534E-31
   2.7800426E+02  -1.7100793E-31
   2.7833799E+02  -5.6693663E-32
   2.7867173E+02   7.8961447E-32
   2.7900547E+02   2.2085997E-31
   2.7933921E+02   3.5126710E-31
   2.7967295E+02   4.5181992E-31
   2.8000669E+02   5.0585834E-31
   2.8034043E+02   5.0080949E-31
   2.8067416E+02   4.3031839E-31
   2.8100790E+02   2.9581240E-31
   2.8134164E+02   1.0722970E-31
   2.8167538E+02  -1.1728342E-31
   2.8200912E+02  -3.5278697E-31
   2.8234286E+02  -5.7001574E-31
   2.8267660E+02  -7.3870068E-31
   2.8301033E+02  -8.3140411E-31
   2.8334407E+02  -8.2742624E-31
   2.8367781E+02  -7.1627479E-31
   2.8401155E+02  -5.0019781E-31
   2.8434529E+02  -1.9533453E-31
   2.8467903E+02   1.6881841E-31
   2.8501277E+02   5.5174968E-31
   2.8534650E+02   9.0597889E-31
   2.8568024E+02   1.1824684E-30
   2.8601398E+02   1.3368421E-30
   2.8634772E+02   1.3356910E-30
   2.8668146E+02   1.1621399E-30
   2.8701520E+02   8.1987346E-31
   2.8734894E+02   3.3491461E-31
   2.8768267E+02  -2.4532116E-31
   2.8801641E+02  -8.5587471E-31
   2.8835015E+02  -1.4208084E-30
   2.8868389E+02  -1.8619251E-30
   2.8901763E+02  -2.1087330E-30
   2.8935137E+02  -2.1084850E-30
   2.8968511E+02  -1.8349837E-30
   2.9001884E+02  -1.2948642E-30
   2.9035258E+02  -5.3025187E-31
   2.9068632E+02   3.8294084E-31
   2.9102006E+02   1.3413309E-30
   2.9135380E+02   2.2246609E-30
   2.9168754E+02   2.9097448E-30
   2.9202128E+02   3.2862944E-30
   2.9235501E+02   3.2727474E-30
   2.9268875E+02   2.8300149E-30
   2.9302249E+02   1.9711274E-30
   2.9335623E+02   7.6505691E-31
   2.9368997E+02  -6.6639231E-31
   2.9402371E+02  -2.1589705E-30
   2.9435745E+02  -3.5230570E-30
   2.9469119E+02  -4.5658800E-30
   2.9502492E+02  -5.1165176E-30
   2.9535866E+02  -5.0506941E-30
   2.9569240E+02  -4.3120672E-30
   2.9602614E+02  -2.9268487E-30
   2.9635988E+02  -1.0091246E-30
   2.9669362E+02   1.2448161E-30
   2.9702736E+02   3.5735720E-30
   2.9736109E+02   5.6780917E-30
   2.9769483E+02   7.2570026E-30
   2.9802857E+02   8.0459989E-30
   2.9836231E+02   7.8565280E-30
   2.9869605E+02   6.6086345E-30
   2.9902979E+02   4.3530042E-30
   2.9936353E+02   1.2782015E-30
   2.9969726E+02  -2.2994389E-30
   3.0003100E+02  -5.9637508E-30
   3.0036474E+02  -9.2427191E-30
   3.0069848E+02  -1.1664420E-29
   3.0103222E+02  -1.2818844E-29
   3.0136596E+02  -1.2418107E-29
   3.0169970E+02  -1.0346986E-29
   3.0203343E+02  -6.6962064E-30
   3.0236717E+02  -1.7722428E-30
   3.0270091E+02   3.9200130E-30
   3.0303465E+02   9.7222659E-30
   3.0336839E+02   1.4892545E-29
   3.0370213E+02   1.8692974E-29
   3.0403587E+02   2.0486118E-29
   3.0436960E+02   1.9828099E-29
   3.0470334E+02   1.6546081E-29
   3.0503708E+02   1.0788416E-29
   3.0537082E+02   3.0381868E-30
   3.0570456E+02  -5.9152963E-30
   3.0603830E+02  -1.5047589E-29
   3.0637204E+02  -2.3207718E-29
   3.0670577E+02  -2.9253997E-29
   3.0703951E+02  -3.2202012E-29
   3.0737325E+02  -3.1366851E-29
   3.0770699E+02  -2.6480459E-29
   3.0804073E+02  -1.7766591E-29
   3.0837447E+02  -5.9594957E-30
   3.0870821E+02   7.7414710E-30
   3.0904194E+02   2.1781523E-29
   3.0937568E+02   3.4416323E-29
   3.0970942E+02   4.3917763E-29
   3.1004316E+02   4.8796842E-29
   3.1037690E+02   4.8016238E-29
   3.1071064E+02   4.1164309E-29
   3.1104438E+02   2.8564045E-29
   3.1137811E+02   1.1297494E-29
   3.1171185E+02  -8.8656649E-30
   3.1204559E+02  -2.9634278E-29
   3.1237933E+02  -4.8443840E-29
   3.1271307E+02  -6.2761302E-29
   3.1304681E+02  -7.0412378E-29
   3.1338055E+02  -6.9890246E-29
   3.1371429E+02  -6.0604610E-29
   3.1404802E+02  -4.3033009E-29
   3.1438176E+02  -1.8746776E-29
   3.1471550E+02   9.7023686E-30
   3.1504924E+02   3.9032148E-29
   3.1538298E+02   6.5594393E-29
   3.1571672E+02   8.5816742E-29
   3.1605046E+02   9.6669538E-29
   3.1638419E+02   9.6099204E-29
   3.1671793E+02   8.3368295E-29
   3.1705167E+02   5.9250230E-29
   3.1738541E+02   2.6041579E-29
   3.1771915E+02  -1.2624108E-29
   3.1805289E+02  -5.2151992E-29
   3.1838663E+02  -8.7516291E-29
   3.1872036E+02  -1.1388675E-28
   3.1905410E+02  -1.2727603E-28
   3.1938784E+02  -1.2512303E-28
   3.1972158E+02  -1.0673003E-28
   3.2005532E+02  -7.3483917E-29
   3.2038906E+02  -2.8815815E-29
   3.2072280E+02   2.2115156E-29
   3.2105653E+02   7.2991818E-29
   3.2139027E+02   1.1710522E-28
   3.2172401E+02   1.4822755E-28
   3.2205775E+02   1.6148140E-28
   3.2239149E+02   1.5408748E-28
   3.2272523E+02   1.2587909E-28
   3.2305897E+02   7.9496081E-29
   3.2339270E+02   2.0207937E-29
   3.2372644E+02  -4.4636938E-29
   3.2406018E+02  -1.0648776E-28
   3.2439392E+02  -1.5669624E-28
   3.2472766E+02  -1.8771302E-28
   3.2506140E+02  -1.9421636E-28
   3.2539514E+02  -1.7400789E-28
   3.2572887E+02  -1.2853423E-28
   3.2606261E+02  -6.2929075E-29
   3.2639635E+02   1.4465257E-29
   3.2673009E+02   9.3071666E-29
   3.2706383E+02   1.6144781E-28
   3.2739757E+02   2.0888622E-28
   3.2773131E+02   2.2703700E-28
   3.2806504E+02   2.1131773E-28
   3.2839878E+02   1.6189132E-28
   3.2873252E+02   8.4031303E-29
   3.2906626E+02  -1.2232046E-29
   3.2940000E+02  -1.1319887E-28
   3.2973374E+02  -2.0322861E-28
   3.3006748E+02  -2.6691764E-28
   3.3040121E+02  -2.9145165E-28
   3.3073495E+02  -2.6880431E-28
   3.3106869E+02  -1.9744724E-28
   3.3140243E+02  -8.3269892E-29
   3.3173617E+02   6.0501831E-29
   3.3206991E+02   2.1448311E-28
   3.3240365E+02   3.5534440E-28
   3.3273739E+02   4.5885180E-28
   3.3307112E+02   5.0337973E-28
   3.3340486E+02   4.7343927E-28
   3.3373860E+02   3.6271412E-28
   3.3407234E+02   1.7611647E-28
   3.3440608E+02  -6.9541960E-29
   3.3473982E+02  -3.4651096E-28
   3.3507356E+02  -6.1873706E-28
   3.3540729E+02  -8.4598649E-28
   3.3574103E+02  -9.8903667E-28
   3.3607477E+02  -1.0153272E-27
   3.3640851E+02  -9.0432638E-28
   3.3674225E+02  -6.5184351E-28
   3.3707599E+02  -2.7256586E-28
   3.3740973E+02   1.9971020E-28
   3.3774346E+02   7.1443883E-28
   3.3807720E+02   1.2092200E-27
   3.3841094E+02   1.6168270E-27
   3.3874468E+02   1.8736342E-27
   3.3907842E+02   1.9284433E-27
   3.3941216E+02   1.7505590E-27
   3.3974590E+02   1.3359550E-27
   3.4007963E+02   7.1052086E-28
   3.4041337E+02  -7.0331880E-29
   3.4074711E+02  -9.2598115E-28
   3.4108085E+02  -1.7586204E-27
   3.4141459E+02  -2.4642659E-27
   3.4174833E+02  -2.9455488E-27
   3.4208207E+02  -3.1247589E-27
   3.4241580E+02  -2.9554221E-27
   3.4274954E+02  -2.4307674E-27
   3.4308328E+02  -1.5877053E-27
   3.4341702E+02  -5.0541356E-28
   3.4375076E+02   7.0169572E-28
   3.4408450E+02   1.8961385E-27
   3.4441824E+02   2.9334398E-27
   3.4475197E+02   3.6802730E-27
   3.4508571E+02   4.0324070E-27
   3.4541945E+02   3.9300422E-27
   3.4575319E+02   3.3682697E-27
   3.4608693E+02   2.4009305E-27
   3.4642067E+02   1.1368532E-27
   3.4675441E+02  -2.7157269E-28
   3.4708814E+02  -1.6464575E-27
   3.4742188E+02  -2.8071380E-27
   3.4775562E+02  -3.5947644E-27
   3.4808936E+02  -3.8955354E-27
   3.4842310E+02  -3.6592264E-27
   3.4875684E+02  -2.9101198E-27
   3.4909058E+02  -1.7482157E-27
   3.4942431E+02  -3.3981994E-28
   3.4975805E+02   1.1020291E-27
   3.5009179E+02   2.3453434E-27
   3.5042553E+02   3.1719662E-27
   3.5075927E+02   3.4111416E-27
   3.5109301E+02   2.9692089E-27
   3.5142675E+02   1.8508934E-27
   3.5176048E+02   1.6843740E-28
   3.5209422E+02  -1.8638253E-27
   3.5242796E+02  -3.9501050E-27
   3.5276170E+02  -5.7475065E-27
   3.5309544E+02  -6.9106958E-27
   3.5342918E+02  -7.1416964E-27
   3.5376292E+02  -6.2384700E-27
   3.5409666E+02  -4.1354797E-27
   3.5443039E+02  -9.2995415E-28
   3.5476413E+02   3.1111376E-27
   3.5509787E+02   7.5663185E-27
   3.5543161E+02   1.1897167E-26
   3.5576535E+02   1.5505505E-26
   3.5609909E+02   1.7804648E-26
   3.5643283E+02   1.8296801E-26
   3.5676656E+02   1.6647208E-26
   3.5710030E+02   1.2745295E-26
   3.5743404E+02   6.7437215E-27
   3.5776778E+02  -9.3145907E-28
   3.5810152E+02  -9.6035033E-27
   3.5843526E+02  -1.8400572E-26
   3.5876900E+02  -2.6340124E-26
   3.5910273E+02  -3.2434247E-26
   3.5943647E+02  -3.5804782E-26
   3.5977021E+02  -3.5795075E-26
   3.6010395E+02  -3.2064761E-26
   3.6043769E+02  -2.4654982E-26
   3.6077143E+02  -1.4014163E-26
   3.6110517E+02  -9.7882077E-28
   3.6143890E+02   1.3291608E-26
   3.6177264E+02   2.7420891E-26
   3.6210638E+02   3.9953407E-26
   3.6244012E+02   4.9508615E-26
   3.6277386E+02   5.4935768E-26
   3.6310760E+02   5.5451116E-26
   3.6344134E+02   5.0740966E-26
   3.6377507E+02   4.1017233E-26
   3.6410881E+02   2.7017155E-26
   3.6444255E+02   9.9448674E-27
   3.6477629E+02  -8.6409096E-27
   3.6511003E+02  -2.6982069E-26
   3.6544377E+02  -4.3303145E-26
   3.6577751E+02  -5.6000280E-26
   3.6611124E+02  -6.3815944E-26
   3.6644498E+02  -6.5978865E-26
   3.6677872E+02  -6.2292771E-26
   3.6711246E+02  -5.3162076E-26
   3.6744620E+02  -3.9550383E-26
   3.6777994E+02  -2.2875282E-26
   3.6811368E+02  -4.8503036E-27
   3.6844741E+02   1.2708980E-26
   3.6878115E+02   2.8091676E-26
   3.6911489E+02   3.9888228E-26
   3.6944863E+02   4.7151908E-26
   3.6978237E+02   4.9506374E-26
   3.7011611E+02   4.7184005E-26
   3.7044985E+02   4.0988834E-26
   3.7078358E+02   3.2186982E-26
   3.7111732E+02   2.2334701E-26
   3.7145106E+02   1.3064298E-26
   3.7178480E+02   5.8531045E-27
   3.7211854E+02   1.8030248E-27
   3.7245228E+02   1.4607882E-27
   3.7278602E+02   4.7033366E-27
   3.7311976E+02   1.0707986E-26
   3.7345349E+02   1.8016984E-26
   3.7378723E+02   2.4696304E-26
   3.7412097E+02   2.8576052E-26
   3.7445471E+02   2.7550055E-26
   3.7478845E+02   1.9901482E-26
   3.7512219E+02   4.6179332E-27
   3.7545593E+02  -1.8346064E-26
   3.7578966E+02  -4.7896078E-26
   3.7612340E+02  -8.1747499E-26
   3.7645714E+02  -1.1651725E-25
   3.7679088E+02  -1.4796593E-25
   3.7712462E+02  -1.7137981E-25
   3.7745836E+02  -1.8206513E-25
   3.7779210E+02  -1.7591500E-25
   3.7812583E+02  -1.4999113E-25
   3.7845957E+02  -1.0305733E-25
   3.7879331E+02  -3.5999199E-26
   3.7912705E+02   4.7930588E-26
   3.7946079E+02   1.4309471E-25
   3.7979453E+02   2.4170708E-25
   3.8012827E+02   3.3433646E-25
   3.8046200E+02   4.1065298E-25
   3.8079574E+02   4.6037405E-25
   3.8112948E+02   4.7433378E-25
   3.8146322E+02   4.4557970E-25
   3.8179696E+02   3.7038691E-25
   3.8213070E+02   2.4907842E-25
   3.8246444E+02   8.6537974E-26
   3.8279817E+02  -1.0766790E-25
   3.8313191E+02  -3.1961789E-25
   3.8346565E+02  -5.3183799E-25
   3.8379939E+02  -7.2454355E-25
   3.8413313E+02  -8.7725454E-25
   3.8446687E+02  -9.7066554E-25
   3.8480061E+02  -9.8860512E-25
   3.8513434E+02  -9.1991742E-25
   3.8546808E+02  -7.6005816E-25
   3.8580182E+02  -5.1224496E-25
   3.8613556E+02  -1.8798451E-25
   3.8646930E+02   1.9310664E-25
   3.8680304E+02   6.0424694E-25
   3.8713678E+02   1.0131671E-24
   3.8747051E+02   1.3844223E-24
   3.8780425E+02   1.6821558E-24
   3.8813799E+02   1.8731234E-24
   3.8847173E+02   1.9296762E-24
   3.8880547E+02   1.8324698E-24
   3.8913921E+02   1.5726405E-24
   3.8947295E+02   1.1532401E-24
   3.8980668E+02   5.8982193E-25
   3.9014042E+02  -8.9887545E-26
   3.9047416E+02  -8.4717025E-25
   3.9080790E+02  -1.6342544E-24
   3.9114164E+02  -2.3968028E-24
   3.9147538E+02  -3.0767776E-24
   3.9180912E+02  -3.6154761E-24
   3.9214285E+02  -3.9566060E-24
   3.9247659E+02  -4.0493244E-24
   3.9281033E+02  -3.8512607E-24
   3.9314407E+02  -3.3316112E-24
   3.9347781E+02  -2.4744127E-24
   3.9381155E+02  -1.2821004E-24
   3.9414529E+02   2.2064272E-25
   3.9447903E+02   1.9829322E-24
   3.9481276E+02   3.9240316E-24
   3.9514650E+02   5.9306871E-24
   3.9548024E+02   7.8564030E-24
   3.9581398E+02   9.5237883E-24
   3.9614772E+02   1.0731133E-23
   3.9648146E+02   1.1264204E-23
   3.9681520E+02   1.0913851E-23
   3.9714893E+02   9.4993123E-24
   3.9748267E+02   6.8960942E-24
   3.9781641E+02   3.0663723E-24
   3.9815015E+02  -1.9114153E-24
   3.9848389E+02  -7.8180234E-24
   3.9881763E+02  -1.4278766E-23
   3.9915137E+02  -2.0763766E-23
   3.9948510E+02  -2.6607474E-23
   3.9981884E+02  -3.1050259E-23
   4.0015258E+02  -3.3302839E-23
   4.0048632E+02  -3.2631143E-23
   4.0082006E+02  -2.8455910E-23
   4.0115380E+02  -2.0457918E-23
   4.0148754E+02  -8.6765935E-24
   4.0182127E+02   6.4122894E-24
   4.0215501E+02   2.3854567E-23
   4.0248875E+02   4.2225023E-23
   4.0282249E+02   5.9694051E-23
   4.0315623E+02   7.4158554E-23
   4.0348997E+02   8.3433829E-23
   4.0382371E+02   8.5495830E-23
   4.0415744E+02   7.8752931E-23
   4.0449118E+02   6.2319721E-23
   4.0482492E+02   3.6258458E-23
   4.0515866E+02   1.7519449E-24
   4.0549240E+02  -3.8827409E-23
   4.0582614E+02  -8.1980325E-23
   4.0615988E+02  -1.2329260E-22
   4.0649361E+02  -1.5779700E-22
   4.0682735E+02  -1.8046785E-22
   4.0716109E+02  -1.8681068E-22
   4.0749483E+02  -1.7349038E-22
   4.0782857E+02  -1.3892687E-22
   4.0816231E+02  -8.3777950E-23
   4.0849605E+02  -1.1230452E-23
   4.0882978E+02   7.2970246E-23
   4.0916352E+02   1.6080047E-22
   4.0949726E+02   2.4256498E-22
   4.0983100E+02   3.0781070E-22
   4.1016474E+02   3.4648270E-22
   4.1049848E+02   3.5021880E-22
   4.1083222E+02   3.1364261E-22
   4.1116595E+02   2.3549179E-22
   4.1149969E+02   1.1941216E-22
   4.1183343E+02  -2.5737862E-23
   4.1216717E+02  -1.8619096E-22
   4.1250091E+02  -3.4424401E-22
   4.1283465E+02  -4.7988476E-22
   4.1316839E+02  -5.7297247E-22
   4.1350213E+02  -6.0578156E-22
   4.1383586E+02  -5.6564341E-22
   4.1416960E+02  -4.4736032E-22
   4.1450334E+02  -2.5504603E-22
   4.1483708E+02  -3.0590511E-24
   4.1517082E+02   2.8423721E-22
   4.1550456E+02   5.7405153E-22
   4.1583830E+02   8.2809246E-22
   4.1617203E+02   1.0066892E-21
   4.1650577E+02   1.0737696E-21
   4.1683951E+02   1.0021879E-21
   4.1717325E+02   7.7877368E-22
   4.1750699E+02   4.0839597E-22
   4.1784073E+02  -8.3645724E-23
   4.1817447E+02  -6.5149248E-22
   4.1850820E+02  -1.2312556E-21
   4.1884194E+02  -1.7463211E-21
   4.1917568E+02  -2.1152143E-21
   4.1950942E+02  -2.2614344E-21
   4.1984316E+02  -2.1243319E-21
   4.2017690E+02  -1.6697917E-21
   4.2051064E+02  -8.9933273E-22
   4.2084437E+02   1.4383864E-22
   4.2117811E+02   1.3730986E-21
   4.2151185E+02   2.6619751E-21
   4.2184559E+02   3.8534657E-21
   4.2217933E+02   4.7748900E-21
   4.2251307E+02   5.2573491E-21
   4.2284681E+02   5.1580685E-21
   4.2318054E+02   4.3832886E-21
   4.2351428E+02   2.9088448E-21
   4.2384802E+02   7.9540933E-22
   4.2418176E+02  -1.8044949E-21
   4.2451550E+02  -4.6500410E-21
   4.2484924E+02  -7.4275867E-21
   4.2518298E+02  -9.7781933E-21
   4.2551671E+02  -1.1335732E-20
   4.2585045E+02  -1.1772481E-20
   4.2618419E+02  -1.0847609E-20
   4.2651793E+02  -8.4527850E-21
   4.2685167E+02  -4.6483887E-21
   4.2718541E+02   3.1596532E-22
   4.2751915E+02   6.0020904E-21
   4.2785288E+02   1.1808664E-20
   4.2818662E+02   1.7022403E-20
   4.2852036E+02   2.0892747E-20
   4.2885410E+02   2.2724151E-20
   4.2918784E+02   2.1976843E-20
   4.2952158E+02   1.8364036E-20
   4.2985532E+02   1.1931830E-20
   4.3018905E+02   3.1081415E-21
   4.3052279E+02  -7.2914872E-21
   4.3085653E+02  -1.8109538E-20
   4.3119027E+02  -2.7946478E-20
   4.3152401E+02  -3.5310957E-20
   4.3185775E+02  -3.8808636E-20
   4.3219149E+02  -3.7350539E-20
   4.3252522E+02  -3.0355842E-20
   4.3285896E+02  -1.7920228E-20
   4.3319270E+02  -9.2043422E-22
   4.3352644E+02   1.8970649E-20
   4.3386018E+02   3.9376440E-20
   4.3419392E+02   5.7423072E-20
   4.3452766E+02   7.0051503E-20
   4.3486140E+02   7.4411287E-20
   4.3519513E+02   6.8296193E-20
   4.3552887E+02   5.0569196E-20
   4.3586261E+02   2.1516638E-20
   4.3619635E+02  -1.6929524E-20
   4.3653009E+02  -6.1155111E-20
   4.3686383E+02  -1.0605022E-19
   4.3719757E+02  -1.4543258E-19
   4.3753130E+02  -1.7269125E-19
   4.3786504E+02  -1.8160175E-19
   4.3819878E+02  -1.6723165E-19
   4.3853252E+02  -1.2683038E-19
   4.3886626E+02  -6.0580298E-20
   4.3920000E+02   2.7914412E-20
   4.3953374E+02   1.3151081E-19
   4.3986747E+02   2.3985953E-19
   4.4020121E+02   3.4021587E-19
   4.4053495E+02   4.1870146E-19
   4.4086869E+02   4.6192113E-19
   4.4120243E+02   4.5878084E-19
   4.4153617E+02   4.0229955E-19
   4.4186991E+02   2.9117611E-19
   4.4220364E+02   1.3087124E-19
   4.4253738E+02  -6.6012141E-20
   4.4287112E+02  -2.8020480E-19
   4.4320486E+02  -4.8716983E-19
   4.4353860E+02  -6.5938046E-19
   4.4387234E+02  -7.6931188E-19
   4.4420608E+02  -7.9286720E-19
   4.4453981E+02  -7.1285991E-19
   4.4487355E+02  -5.2211847E-19
   4.4520729E+02  -2.2576344E-19
   4.4554103E+02   1.5774641E-19
   4.4587477E+02   5.9709696E-19
   4.4620851E+02   1.0502808E-18
   4.4654225E+02   1.4683895E-18
   4.4687598E+02   1.8007782E-18
   4.4720972E+02   2.0011352E-18
   4.4754346E+02   2.0338181E-18
   4.4787720E+02   1.8796896E-18
   4.4821094E+02   1.5406652E-18
   4.4854468E+02   1.0422233E-18
   4.4887842E+02   4.3329967E-19
   4.4921215E+02  -2.1677201E-19
   4.4954589E+02  -8.2428719E-19
   4.4987963E+02  -1.2998277E-18
   4.5021337E+02  -1.5588274E-18
   4.5054711E+02  -1.5330518E-18
   4.5088085E+02  -1.1817265E-18
   4.5121459E+02  -5.0099755E-19
   4.5154832E+02   4.6956805E-19
   4.5188206E+02   1.6444806E-18
   4.5221580E+02   2.8945182E-18
   4.5254954E+02   4.0537442E-18
   4.5288328E+02   4.9309192E-18
   4.5321702E+02   5.3242291E-18
   4.5355076E+02   5.0376962E-18
   4.5388450E+02   3.8972098E-18
   4.5421823E+02   1.7638551E-18
   4.5455197E+02  -1.4576257E-18
   4.5488571E+02  -5.8171704E-18
   4.5521945E+02  -1.1325787E-17
   4.5555319E+02  -1.7970409E-17
   4.5588693E+02  -2.5736653E-17
   4.5622067E+02  -3.4638086E-17
   4.5655440E+02  -4.4749528E-17
   4.5688814E+02  -5.6241525E-17
   4.5722188E+02  -6.9412603E-17
   4.5755562E+02  -8.4716338E-17
   4.5788936E+02  -1.0278053E-16
   4.5822310E+02  -1.2441657E-16
   4.5855684E+02  -1.5061823E-16
   4.5889057E+02  -1.8255070E-16
   4.5922431E+02  -2.2153003E-16
   4.5955805E+02  -2.6899765E-16
   4.5989179E+02  -3.2648970E-16
   4.6022553E+02  -3.9560674E-16
   4.6055927E+02  -4.7798445E-16
   4.6089301E+02  -5.7526756E-16
   4.6122674E+02  -6.8908513E-16
   4.6156048E+02  -8.2102602E-16
   4.6189422E+02  -9.7260685E-16
   4.6222796E+02  -1.1452267E-15
   4.6256170E+02  -1.3400942E-15
   4.6289544E+02  -1.5581150E-15
   4.6322918E+02  -1.7997201E-15
   4.6356291E+02  -2.0646210E-15
   4.6389665E+02  -2.3514687E-15
   4.6423039E+02  -2.6573990E-15
   4.6456413E+02  -2.9774385E-15
   4.6489787E+02  -3.3037499E-15
   4.6523161E+02  -3.6246920E-15
   4.6556535E+02  -3.9236463E-15
   4.6589908E+02  -4.1775737E-15
   4.6623282E+02  -4.3552469E-15
   4.6656656E+02  -4.4150758E-15
   4.6690030E+02  -4.3024496E-15
   4.6723404E+02  -3.9465035E-15
   4.6756778E+02  -3.2561450E-15
   4.6790152E+02  -2.1152520E-15
   4.6823525E+02  -3.7679202E-16
   4.6856899E+02   2.1442819E-15
   4.6890273E+02   5.6797117E-15
   4.6923647E+02   1.0518365E-14
   4.6957021E+02   1.7018964E-14
   4.6990395E+02   2.5625296E-14
   4.7023769E+02   3.6884328E-14
   4.7057142E+02   5.1468127E-14
   4.7090516E+02   7.0199705E-14
   4.7123890E+02   9.4083704E-14
   4.7157264E+02   1.2434286E-13
   4.7190638E+02   1.6246073E-13
   4.7224012E+02   2.1023234E-13
   4.7257386E+02   2.6982344E-13
   4.7290760E+02   3.4384062E-13
   4.7324133E+02   4.3541313E-13
   4.7357507E+02   5.4828847E-13
   4.7390881E+02   6.8694573E-13
   4.7424255E+02   8.5672550E-13
   4.7457629E+02   1.0639839E-12
   4.7491003E+02   1.3162706E-12
   4.7524377E+02   1.6225367E-12
   4.7557750E+02   1.9933742E-12
   4.7591124E+02   2.4412928E-12
   4.7624498E+02   2.9810434E-12
   4.7657872E+02   3.6299878E-12
   4.7691246E+02   4.4085248E-12
   4.7724620E+02   5.3405769E-12
   4.7757994E+02   6.4541580E-12
   4.7791367E+02   7.7820120E-12
   4.7824741E+02   9.3623468E-12
   4.7858115E+02   1.1239673E-11
   4.7891489E+02   1.3465761E-11
   4.7924863E+02   1.6100708E-11
   4.7958237E+02   1.9214198E-11
   4.7991611E+02   2.2886869E-11
   4.8024984E+02   2.7211901E-11
   4.8058358E+02   3.2296801E-11
   4.8091732E+02   3.8265377E-11
   4.8125106E+02   4.5260018E-11
   4.8158480E+02   5.3444214E-11
   4.8191854E+02   6.3005358E-11
   4.8225228E+02   7.4157944E-11
   4.8258601E+02   8.7147053E-11
   4.8291975E+02   1.0225234E-10
   4.8325349E+02   1.1979225E-10
   4.8358723E+02   1.4012903E-10
   4.8392097E+02   1.6367399E-10
   4.8425471E+02   1.9089332E-10
   4.8458845E+02   2.2231461E-10
   4.8492218E+02   2.5853411E-10
   4.8525592E+02   3.0022429E-10
   4.8558966E+02   3.4814246E-10
   4.8592340E+02   4.0314024E-10
   4.8625714E+02   4.6617349E-10
   4.8659088E+02   5.3831317E-10
   4.8692462E+02   6.2075745E-10
   4.8725835E+02   7.1484452E-10
   4.8759209E+02   8.2206614E-10
   4.8792583E+02   9.4408270E-10
   4.8825957E+02   1.0827383E-09
   4.8859331E+02   1.2400783E-09
   4.8892705E+02   1.4183670E-09
   4.8926079E+02   1.6201063E-09
   4.8959452E+02   1.8480553E-09
   4.8992826E+02   2.1052520E-09
   4.9026200E+02   2.3950348E-09
   4.9059574E+02   2.7210656E-09
   4.9092948E+02   3.0873499E-09
   4.9126322E+02   3.4982683E-09
   4.9159696E+02   3.9585935E-09
   4.9193069E+02   4.4735193E-09
   4.9226443E+02   5.0486872E-09
   4.9259817E+02   5.6902061E-09
   4.9293191E+02   6.4046839E-09
   4.9326565E+02   7.1992483E-09
   4.9359939E+02   8.0815710E-09
   4.9393313E+02   9.0598942E-09
   4.9426687E+02   1.0143038E-08
   4.9460060E+02   1.1340445E-08
   4.9493434E+02   1.2662166E-08
   4.9526808E+02   1.4118900E-08
   4.9560182E+02   1.5721985E-08
   4.9593556E+02   1.7483426E-08
   4.9626930E+02   1.9415864E-08
   4.9660304E+02   2.1532605E-08
   4.9693677E+02   2.3847583E-08
   4.9727051E+02   2.6375371E-08
   4.9760425E+02   2.9131130E-08
   4.9793799E+02   3.2130590E-08
   4.9827173E+02   3.5389995E-08
   4.9860547E+02   3.8926093E-08
   4.9893921E+02   4.2756021E-08
   4.9927294E+02   4.6897252E-08
   4.9960668E+02   5.1367536E-08
   4.9994042E+02   5.6184753E-08
   5.0027416E+02   6.1366833E-08
   5.0060790E+02   6.6931690E-08
   5.0094164E+02   7.2896917E-08
   5.0127538E+02   7.9279815E-08
   5.0160911E+02   8.6097074E-08
   5.0194285E+02   9.3364790E-08
   5.0227659E+02   1.0109797E-07
   5.0261033E+02   1.0931059E-07
   5.0294407E+02   1.1801525E-07
   5.0327781E+02   1.2722286E-07
   5.0361155E+02   1.3694262E-07
   5.0394528E+02   1.4718140E-07
   5.0427902E+02   1.5794372E-07
   5.0461276E+02   1.6923143E-07
   5.0494650E+02   1.8104328E-07
   5.0528024E+02   1.9337472E-07
   5.0561398E+02   2.0621755E-07
   5.0594772E+02   2.1955950E-07
   5.0628145E+02   2.3338416E-07
   5.0661519E+02   2.4767024E-07
   5.0694893E+02   2.6239181E-07
   5.0728267E+02   2.7751736E-07
   5.0761641E+02   2.9301023E-07
   5.0795015E+02   3.0882757E-07
   5.0828389E+02   3.2492053E-07
   5.0861762E+02   3.4123406E-07
   5.0895136E+02   3.5770631E-07
   5.0928510E+02   3.7426901E-07
   5.0961884E+02   3.9084659E-07
   5.0995258E+02   4.0735688E-07
   5.1028632E+02   4.2371022E-07
   5.1062006E+02   4.3981038E-07
   5.1095379E+02   4.5555367E-07
   5.1128753E+02   4.7082960E-07
   5.1162127E+02   4.8552084E-07
   5.1195501E+02   4.9950359E-07
   5.1228875E+02   5.1264755E-07
   5.1262249E+02   5.2481658E-07
   5.1295623E+02   5.3586882E-07
   5.1328997E+02   5.4565783E-07
   5.1362370E+02   5.5403211E-07
   5.1395744E+02   5.6083695E-07
   5.1429118E+02   5.6591415E-07
   5.1462492E+02   5.6910318E-07
   5.1495866E+02   5.7024215E-07
   5.1529240E+02   5.6916906E-07
   5.1562614E+02   5.6572236E-07
   5.1595987E+02   5.5974181E-07
   5.1629361E+02   5.5107017E-07
   5.1662735E+02   5.3955415E-07
   5.1696109E+02   5.2504583E-07
   5.1729483E+02   5.0740385E-07
   5.1762857E+02   4.8649440E-07
   5.1796231E+02   4.6219282E-07
   5.1829604E+02   4.3438547E-07
   5.1862978E+02   4.0297027E-07
   5.1896352E+02   3.6785869E-07
   5.1929726E+02   3.2897680E-07
   5.1963100E+02   2.8626613E-07
   5.1996474E+02   2.3968633E-07
   5.2029848E+02   1.8921486E-07
   5.2063221E+02   1.3484893E-07
   5.2096595E+02   7.6606725E-08
   5.2129969E+02   1.4527881E-08
   5.2163343E+02  -5.1325458E-08
   5.2196717E+02  -1.2086745E-07
   5.2230091E+02  -1.9398875E-07
   5.2263465E+02  -2.7055535E-07
   5.2296838E+02  -3.5040830E-07
   5.2330212E+02  -4.3336397E-07
   5.2363586E+02  -5.1921347E-07
   5.2396960E+02  -6.0772334E-07
   5.2430334E+02  -6.9863535E-07
   5.2463708E+02  -7.9166745E-07
   5.2497082E+02  -8.8651456E-07
   5.2530455E+02  -9.8284875E-07
   5.2563829E+02  -1.0803215E-06
   5.2597203E+02  -1.1785646E-06
   5.2630577E+02  -1.2771907E-06
   5.2663951E+02  -1.3757963E-06
   5.2697325E+02  -1.4739629E-06
   5.2730699E+02  -1.5712593E-06
   5.2764072E+02  -1.6672441E-06
   5.2797446E+02  -1.7614668E-06
   5.2830820E+02  -1.8534724E-06
   5.2864194E+02  -1.9428014E-06
   5.2897568E+02  -2.0289951E-06
   5.2930942E+02  -2.1115961E-06
   5.2964316E+02  -2.1901533E-06
   5.2997689E+02  -2.2642223E-06
   5.3031063E+02  -2.3333705E-06
   5.3064437E+02  -2.3971802E-06
   5.3097811E+02  -2.4552487E-06
   5.3131185E+02  -2.5071945E-06
   5.3164559E+02  -2.5526576E-06
   5.3197933E+02  -2.5913032E-06
   5.3231306E+02  -2.6228267E-06
   5.3264680E+02  -2.6469488E-06
   5.3298054E+02  -2.6634284E-06
   5.3331428E+02  -2.6720541E-06
   5.3364802E+02  -2.6726548E-06
   5.3398176E+02  -2.6650951E-06
   5.3431550E+02  -2.6492801E-06
   5.3464924E+02  -2.6251569E-06
   5.3498297E+02  -2.5927116E-06
   5.3531671E+02  -2.5519762E-06
   5.3565045E+02  -2.5030231E-06
   5.3598419E+02  -2.4459682E-06
   5.3631793E+02  -2.3809694E-06
   5.3665167E+02  -2.3082287E-06
   5.3698541E+02  -2.2279869E-06
   5.3731914E+02  -2.1405276E-06
   5.3765288E+02  -2.0461703E-06
   5.3798662E+02  -1.9452748E-06
   5.3832036E+02  -1.8382332E-06
   5.3865410E+02  -1.7254736E-06
   5.3898784E+02  -1.6074508E-06
   5.3932158E+02  -1.4846522E-06
   5.3965531E+02  -1.3575853E-06
   5.3998905E+02  -1.2267833E-06
   5.4032279E+02  -1.0927961E-06
   5.4065653E+02  -9.5618987E-07
   5.4099027E+02  -8.1754183E-07
   5.4132401E+02  -6.7743792E-07
   5.4165775E+02  -5.3646892E-07
   5.4199148E+02  -3.9522692E-07
   5.4232522E+02  -2.5430029E-07
   5.4265896E+02  -1.1427332E-07
   5.4299270E+02   2.4281675E-08
   5.4332644E+02   1.6080358E-07
   5.4366018E+02   2.9474882E-07
   5.4399392E+02   4.2559307E-07
   5.4432765E+02   5.5283454E-07
   5.4466139E+02   6.7599706E-07
   5.4499513E+02   7.9463285E-07
   5.4532887E+02   9.0832413E-07
   5.4566261E+02   1.0166862E-06
   5.4599635E+02   1.1193688E-06
   5.4633009E+02   1.2160580E-06
   5.4666382E+02   1.3064771E-06
   5.4699756E+02   1.3903885E-06
   5.4733130E+02   1.4675940E-06
   5.4766504E+02   1.5379353E-06
   5.4799878E+02   1.6012941E-06
   5.4833252E+02   1.6575921E-06
   5.4866626E+02   1.7067907E-06
   5.4899999E+02   1.7488904E-06
   5.4933373E+02   1.7839293E-06
   5.4966747E+02   1.8119824E-06
   5.5000121E+02   1.8331607E-06
   5.5033495E+02   1.8476085E-06
   5.5066869E+02   1.8555013E-06
   5.5100243E+02   1.8570460E-06
   5.5133616E+02   1.8524759E-06
   5.5166990E+02   1.8420502E-06
   5.5200364E+02   1.8260502E-06
   5.5233738E+02   1.8047788E-06
   5.5267112E+02   1.7785557E-06
   5.5300486E+02   1.7477158E-06
   5.5333860E+02   1.7126061E-06
   5.5367234E+02   1.6735836E-06
   5.5400607E+02   1.6310123E-06
   5.5433981E+02   1.5852596E-06
   5.5467355E+02   1.5366958E-06
   5.5500729E+02   1.4856893E-06
   5.5534103E+02   1.4326063E-06
   5.5567477E+02   1.3778069E-06
   5.5600851E+02   1.3216439E-06
   5.5634224E+02   1.2644600E-06
   5.5667598E+02   1.2065877E-06
   5.5700972E+02   1.1483455E-06
   5.5734346E+02   1.0900370E-06
   5.5767720E+02   1.0319504E-06
   5.5801094E+02   9.7435691E-07
   5.5834468E+02   9.1750985E-07
   5.5867841E+02   8.6164334E-07
   5.5901215E+02   8.0697180E-07
   5.5934589E+02   7.5369081E-07
   5.5967963E+02   7.0197507E-07
   5.6001337E+02   6.5197958E-07
   5.6034711E+02   6.0383883E-07
   5.6068085E+02   5.5766805E-07
   5.6101458E+02   5.1356290E-07
   5.6134832E+02   4.7159966E-07
   5.6168206E+02   4.3183684E-07
   5.6201580E+02   3.9431455E-07
   5.6234954E+02   3.5905703E-07
   5.6268328E+02   3.2607215E-07
   5.6301702E+02   2.9535252E-07
   5.6335075E+02   2.6687738E-07
   5.6368449E+02   2.4061279E-07
   5.6401823E+02   2.1651303E-07
   5.6435197E+02   1.9452185E-07
   5.6468571E+02   1.7457310E-07
   5.6501945E+02   1.5659231E-07
   5.6535319E+02   1.4049751E-07
   5.6568692E+02   1.2620040E-07
   5.6602066E+02   1.1360727E-07
   5.6635440E+02   1.0262022E-07
   5.6668814E+02   9.3137913E-08
   5.6702188E+02   8.5056541E-08
   5.6735562E+02   7.8270766E-08
   5.6768936E+02   7.2674446E-08
   5.6802309E+02   6.8161448E-08
   5.6835683E+02   6.4626342E-08
   5.6869057E+02   6.1965075E-08
   5.6902431E+02   6.0075450E-08
   5.6935805E+02   5.8857687E-08
   5.6969179E+02   5.8215029E-08
   5.7002553E+02   5.8053949E-08
   5.7035926E+02   5.8284790E-08
   5.7069300E+02   5.8821641E-08
   5.7102674E+02   5.9583137E-08
   5.7136048E+02   6.0492319E-08
   5.7169422E+02   6.1477017E-08
   5.7202796E+02   6.2470114E-08
   5.7236170E+02   6.3409402E-08
   5.7269543E+02   6.4237945E-08
   5.7302917E+02   6.4904171E-08
   5.7336291E+02   6.5361739E-08
   5.7369665E+02   6.5569878E-08
   5.7403039E+02   6.5493033E-08
   5.7436413E+02   6.5101311E-08
   5.7469787E+02   6.4370226E-08
   5.7503161E+02   6.3280780E-08
   5.7536534E+02   6.1819449E-08
   5.7569908E+02   5.9978071E-08
   5.7603282E+02   5.7753908E-08
   5.7636656E+02   5.5149670E-08
   5.7670030E+02   5.2173124E-08
   5.7703404E+02   4.8837446E-08
   5.7736778E+02   4.5160743E-08
   5.7770151E+02   4.1166125E-08
   5.7803525E+02   3.6881595E-08
   5.7836899E+02   3.2339827E-08
   5.7870273E+02   2.7577958E-08
   5.7903647E+02   2.2637526E-08
   5.7937021E+02   1.7564158E-08
   5.7970395E+02   1.2407259E-08
   5.8003768E+02   7.2199580E-09
   5.8037142E+02   2.0586253E-09
   5.8070516E+02  -3.0173801E-09
   5.8103890E+02  -7.9461344E-09
   5.8137264E+02  -1.2663387E-08
   5.8170638E+02  -1.7103183E-08
   5.8204012E+02  -2.1198151E-08
   5.8237385E+02  -2.4880098E-08
   5.8270759E+02  -2.8080370E-08
   5.8304133E+02  -3.0730565E-08
   5.8337507E+02  -3.2762895E-08
   5.8370881E+02  -3.4110862E-08
   5.8404255E+02  -3.4709718E-08
   5.8437629E+02  -3.4497074E-08
   5.8471002E+02  -3.3413492E-08
   5.8504376E+02  -3.1403061E-08
   5.8537750E+02  -2.8413991E-08
   5.8571124E+02  -2.4399169E-08
   5.8604498E+02  -1.9316673E-08
   5.8637872E+02  -1.3130429E-08
   5.8671246E+02  -5.8106746E-09
   5.8704619E+02   2.6654892E-09
   5.8737993E+02   1.2313789E-08
   5.8771367E+02   2.3142084E-08
   5.8804741E+02   3.5150215E-08
   5.8838115E+02   4.8329557E-08
   5.8871489E+02   6.2662757E-08
   5.8904863E+02   7.8123477E-08
   5.8938236E+02   9.4676260E-08
   5.8971610E+02   1.1227638E-07
   5.9004984E+02   1.3086992E-07
   5.9038358E+02   1.5039362E-07
   5.9071732E+02   1.7077508E-07
   5.9105106E+02   1.9193290E-07
   5.9138480E+02   2.1377699E-07
   5.9171853E+02   2.3620875E-07
   5.9205227E+02   2.5912155E-07
   5.9238601E+02   2.8240117E-07
   5.9271975E+02   3.0592633E-07
   5.9305349E+02   3.2956922E-07
   5.9338723E+02   3.5319613E-07
   5.9372097E+02   3.7666831E-07
   5.9405471E+02   3.9984258E-07
   5.9438844E+02   4.2257224E-07
   5.9472218E+02   4.4470795E-07
   5.9505592E+02   4.6609858E-07
   5.9538966E+02   4.8659223E-07
   5.9572340E+02   5.0603700E-07
   5.9605714E+02   5.2428243E-07
   5.9639088E+02   5.4118033E-07
   5.9672461E+02   5.5658558E-07
   5.9705835E+02   5.7035749E-07
   5.9739209E+02   5.8236083E-07
   5.9772583E+02   5.9246679E-07
   5.9805957E+02   6.0055390E-07
   5.9839331E+02   6.0650927E-07
   5.9872705E+02   6.1022911E-07
   5.9906078E+02   6.1162018E-07
   5.9939452E+02   6.1060030E-07
   5.9972826E+02   6.0709897E-07
   6.0006200E+02   6.0105833E-07
   6.0039574E+02   5.9243411E-07
   6.0072948E+02   5.8119599E-07
   6.0106322E+02   5.6732779E-07
   6.0139695E+02   5.5082836E-07
   6.0173069E+02   5.3171186E-07
   6.0206443E+02   5.1000779E-07
   6.0239817E+02   4.8576140E-07
   6.0273191E+02   4.5903334E-07
   6.0306565E+02   4.2990021E-07
   6.0339939E+02   3.9845366E-07
   6.0373312E+02   3.6480088E-07
   6.0406686E+02   3.2906340E-07
   6.0440060E+02   2.9137738E-07
   6.0473434E+02   2.5189257E-07
   6.0506808E+02   2.1077162E-07
   6.0540182E+02   1.6818942E-07
   6.0573556E+02   1.2433225E-07
   6.0606929E+02   7.9396813E-08
   6.0640303E+02   3.3589043E-08
   6.0673677E+02  -1.2876768E-08
   6.0707051E+02  -5.9779374E-08
   6.0740425E+02  -1.0689180E-07
   6.0773799E+02  -1.5398244E-07
   6.0807173E+02  -2.0081680E-07
   6.0840546E+02  -2.4715854E-07
   6.0873920E+02  -2.9277112E-07
   6.0907294E+02  -3.3741884E-07
   6.0940668E+02  -3.8086904E-07
   6.0974042E+02  -4.2289258E-07
   6.1007416E+02  -4.6326602E-07
   6.1040790E+02  -5.0177277E-07
   6.1074163E+02  -5.3820418E-07
   6.1107537E+02  -5.7236150E-07
   6.1140911E+02  -6.0405648E-07
   6.1174285E+02  -6.3311285E-07
   6.1207659E+02  -6.5936769E-07
   6.1241033E+02  -6.8267195E-07
   6.1274407E+02  -7.0289201E-07
   6.1307781E+02  -7.1990996E-07
   6.1341154E+02  -7.3362526E-07
   6.1374528E+02  -7.4395444E-07
   6.1407902E+02  -7.5083187E-07
   6.1441276E+02  -7.5421110E-07
   6.1474650E+02  -7.5406399E-07
   6.1508024E+02  -7.5038133E-07
   6.1541398E+02  -7.4317330E-07
   6.1574771E+02  -7.3246872E-07
   6.1608145E+02  -7.1831516E-07
   6.1641519E+02  -7.0077874E-07
   6.1674893E+02  -6.7994392E-07
   6.1708267E+02  -6.5591212E-07
   6.1741641E+02  -6.2880190E-07
   6.1775015E+02  -5.9874770E-07
   6.1808388E+02  -5.6589943E-07
   6.1841762E+02  -5.3042083E-07
   6.1875136E+02  -4.9248905E-07
   6.1908510E+02  -4.5229319E-07
   6.1941884E+02  -4.1003304E-07
   6.1975258E+02  -3.6591814E-07
   6.2008632E+02  -3.2016601E-07
   6.2042005E+02  -2.7300115E-07
   6.2075379E+02  -2.2465346E-07
   6.2108753E+02  -1.7535680E-07
   6.2142127E+02  -1.2534770E-07
   6.2175501E+02  -7.4863650E-08
   6.2208875E+02  -2.4142009E-08
   6.2242249E+02   2.6581624E-08
   6.2275622E+02   7.7074716E-08
   6.2308996E+02   1.2710917E-07
   6.2342370E+02   1.7646235E-07
   6.2375744E+02   2.2491868E-07
   6.2409118E+02   2.7227048E-07
   6.2442492E+02   3.1831908E-07
   6.2475866E+02   3.6287588E-07
   6.2509239E+02   4.0576322E-07
   6.2542613E+02   4.4681508E-07
   6.2575987E+02   4.8587788E-07
   6.2609361E+02   5.2281075E-07
   6.2642735E+02   5.5748660E-07
   6.2676109E+02   5.8979174E-07
   6.2709483E+02   6.1962669E-07
   6.2742856E+02   6.4690596E-07
   6.2776230E+02   6.7155815E-07
   6.2809604E+02   6.9352592E-07
   6.2842978E+02   7.1276600E-07
   6.2876352E+02   7.2924809E-07
   6.2909726E+02   7.4295576E-07
   6.2943100E+02   7.5388465E-07
   6.2976473E+02   7.6204265E-07
   6.3009847E+02   7.6744931E-07
   6.3043221E+02   7.7013465E-07
   6.3076595E+02   7.7013880E-07
   6.3109969E+02   7.6751121E-07
   6.3143343E+02   7.6230913E-07
   6.3176717E+02   7.5459786E-07
   6.3210090E+02   7.4444864E-07
   6.3243464E+02   7.3193860E-07
   6.3276838E+02   7.1714908E-07
   6.3310212E+02   7.0016517E-07
   6.3343586E+02   6.8107516E-07
   6.3376960E+02   6.5996875E-07
   6.3410334E+02   6.3693705E-07
   6.3443708E+02   6.1207106E-07
   6.3477081E+02   5.8546232E-07
   6.3510455E+02   5.5720022E-07
   6.3543829E+02   5.2737289E-07
   6.3577203E+02   4.9606666E-07
   6.3610577E+02   4.6336524E-07
   6.3643951E+02   4.2934863E-07
   6.3677325E+02   3.9409485E-07
   6.3710698E+02   3.5767729E-07
   6.3744072E+02   3.2016712E-07
   6.3777446E+02   2.8163095E-07
   6.3810820E+02   2.4213298E-07
   6.3844194E+02   2.0173363E-07
   6.3877568E+02   1.6049081E-07
   6.3910942E+02   1.1845995E-07
   6.3944315E+02   7.5693691E-08
   6.3977689E+02   3.2243733E-08
   6.4011063E+02  -1.1839834E-08
   6.4044437E+02  -5.6507091E-08
   6.4077811E+02  -1.0170825E-07
   6.4111185E+02  -1.4739270E-07
   6.4144559E+02  -1.9350848E-07
   6.4177932E+02  -2.4000161E-07
   6.4211306E+02  -2.8681524E-07
   6.4244680E+02  -3.3388926E-07
   6.4278054E+02  -3.8115948E-07
   6.4311428E+02  -4.2855737E-07
   6.4344802E+02  -4.7600867E-07
   6.4378176E+02  -5.2343376E-07
   6.4411549E+02  -5.7074681E-07
   6.4444923E+02  -6.1785568E-07
   6.4478297E+02  -6.6466134E-07
   6.4511671E+02  -7.1105751E-07
   6.4545045E+02  -7.5693185E-07
   6.4578419E+02  -8.0216398E-07
   6.4611793E+02  -8.4662753E-07
   6.4645166E+02  -8.9018880E-07
   6.4678540E+02  -9.3270870E-07
   6.4711914E+02  -9.7404200E-07
   6.4745288E+02  -1.0140382E-06
   6.4778662E+02  -1.0525422E-06
   6.4812036E+02  -1.0893955E-06
   6.4845410E+02  -1.1244366E-06
   6.4878783E+02  -1.1575024E-06
   6.4912157E+02  -1.1884288E-06
   6.4945531E+02  -1.2170522E-06
   6.4978905E+02  -1.2432109E-06
   6.5012279E+02  -1.2667448E-06
   6.5045653E+02  -1.2874992E-06
   6.5079027E+02  -1.3053248E-06
   6.5112400E+02  -1.3200781E-06
   6.5145774E+02  -1.3316255E-06
   6.5179148E+02  -1.3398407E-06
   6.5212522E+02  -1.3446106E-06
   6.5245896E+02  -1.3458329E-06
   6.5279270E+02  -1.3434183E-06
   6.5312644E+02  -1.3372930E-06
   6.5346018E+02  -1.3273988E-06
   6.5379391E+02  -1.3136931E-06
   6.5412765E+02  -1.2961518E-06
   6.5446139E+02  -1.2747685E-06
   6.5479513E+02  -1.2495547E-06
   6.5512887E+02  -1.2205428E-06
   6.5546261E+02  -1.1877842E-06
   6.5579635E+02  -1.1513498E-06
   6.5613008E+02  -1.1113298E-06
   6.5646382E+02  -1.0678349E-06
   6.5679756E+02  -1.0209952E-06
   6.5713130E+02  -9.7095926E-07
   6.5746504E+02  -9.1789383E-07
   6.5779878E+02  -8.6198406E-07
   6.5813252E+02  -8.0343091E-07
   6.5846625E+02  -7.4245128E-07
   6.5879999E+02  -6.7927584E-07
   6.5913373E+02  -6.1414914E-07
   6.5946747E+02  -5.4732635E-07
   6.5980121E+02  -4.7907383E-07
   6.6013495E+02  -4.0966484E-07
