  -7.8094826E+01   0.0000000E+00
  -7.7761087E+01   0.0000000E+00
  -7.7427349E+01   0.0000000E+00
  -7.7093610E+01   0.0000000E+00
  -7.6759871E+01   0.0000000E+00
  -7.6426133E+01   0.0000000E+00
  -7.6092394E+01   0.0000000E+00
  -7.5758656E+01   0.0000000E+00
  -7.5424917E+01   0.0000000E+00
  -7.5091178E+01   0.0000000E+00
  -7.4757440E+01   0.0000000E+00
  -7.4423701E+01   0.0000000E+00
  -7.4089963E+01   0.0000000E+00
  -7.3756224E+01   0.0000000E+00
  -7.3422485E+01   0.0000000E+00
  -7.3088747E+01   0.0000000E+00
  -7.2755008E+01   0.0000000E+00
  -7.2421270E+01   0.0000000E+00
  -7.2087531E+01   0.0000000E+00
  -7.1753792E+01   0.0000000E+00
  -7.1420054E+01   0.0000000E+00
  -7.1086315E+01   0.0000000E+00
  -7.0752577E+01   0.0000000E+00
  -7.0418838E+01   0.0000000E+00
  -7.0085099E+01   0.0000000E+00
  -6.9751361E+01   0.0000000E+00
  -6.9417622E+01   0.0000000E+00
  -6.9083884E+01   0.0000000E+00
  -6.8750145E+01   0.0000000E+00
  -6.8416406E+01   0.0000000E+00
  -6.8082668E+01   0.0000000E+00
  -6.7748929E+01   0.0000000E+00
  -6.7415191E+01   0.0000000E+00
  -6.7081452E+01   0.0000000E+00
  -6.6747714E+01   0.0000000E+00
  -6.6413975E+01   0.0000000E+00
  -6.6080236E+01   0.0000000E+00
  -6.5746498E+01   0.0000000E+00
  -6.5412759E+01   0.0000000E+00
  -6.5079021E+01   0.0000000E+00
  -6.4745282E+01   0.0000000E+00
  -6.4411543E+01   0.0000000E+00
  -6.4077805E+01   0.0000000E+00
  -6.3744066E+01   0.0000000E+00
  -6.3410328E+01   0.0000000E+00
  -6.3076589E+01   0.0000000E+00
  -6.2742850E+01   0.0000000E+00
  -6.2409112E+01   0.0000000E+00
  -6.2075373E+01   0.0000000E+00
  -6.1741635E+01   0.0000000E+00
  -6.1407896E+01   0.0000000E+00
  -6.1074157E+01   0.0000000E+00
  -6.0740419E+01   0.0000000E+00
  -6.0406680E+01   0.0000000E+00
  -6.0072942E+01   0.0000000E+00
  -5.9739203E+01   0.0000000E+00
  -5.9405464E+01   0.0000000E+00
  -5.9071726E+01   0.0000000E+00
  -5.8737987E+01   0.0000000E+00
  -5.8404249E+01   0.0000000E+00
  -5.8070510E+01   0.0000000E+00
  -5.7736771E+01   0.0000000E+00
  -5.7403033E+01   0.0000000E+00
  -5.7069294E+01   0.0000000E+00
  -5.6735556E+01   0.0000000E+00
  -5.6401817E+01   0.0000000E+00
  -5.6068078E+01   0.0000000E+00
  -5.5734340E+01   0.0000000E+00
  -5.5400601E+01   0.0000000E+00
  -5.5066863E+01   0.0000000E+00
  -5.4733124E+01   0.0000000E+00
  -5.4399385E+01   0.0000000E+00
  -5.4065647E+01   0.0000000E+00
  -5.3731908E+01   0.0000000E+00
  -5.3398170E+01   0.0000000E+00
  -5.3064431E+01   0.0000000E+00
  -5.2730693E+01   0.0000000E+00
  -5.2396954E+01   0.0000000E+00
  -5.2063215E+01   0.0000000E+00
  -5.1729477E+01   0.0000000E+00
  -5.1395738E+01   0.0000000E+00
  -5.1062000E+01   0.0000000E+00
  -5.0728261E+01   0.0000000E+00
  -5.0394522E+01   0.0000000E+00
  -5.0060784E+01   0.0000000E+00
  -4.9727045E+01   0.0000000E+00
  -4.9393307E+01   0.0000000E+00
  -4.9059568E+01   0.0000000E+00
  -4.8725829E+01   0.0000000E+00
  -4.8392091E+01   0.0000000E+00
  -4.8058352E+01   0.0000000E+00
  -4.7724614E+01   0.0000000E+00
  -4.7390875E+01   0.0000000E+00
  -4.7057136E+01   0.0000000E+00
  -4.6723398E+01   0.0000000E+00
  -4.6389659E+01   0.0000000E+00
  -4.6055921E+01   0.0000000E+00
  -4.5722182E+01   0.0000000E+00
  -4.5388443E+01   0.0000000E+00
  -4.5054705E+01   0.0000000E+00
  -4.4720966E+01   0.0000000E+00
  -4.4387228E+01   0.0000000E+00
  -4.4053489E+01   0.0000000E+00
  -4.3719750E+01   0.0000000E+00
  -4.3386012E+01   0.0000000E+00
  -4.3052273E+01   0.0000000E+00
  -4.2718535E+01   0.0000000E+00
  -4.2384796E+01   0.0000000E+00
  -4.2051057E+01   0.0000000E+00
  -4.1717319E+01   0.0000000E+00
  -4.1383580E+01   0.0000000E+00
  -4.1049842E+01   0.0000000E+00
  -4.0716103E+01   0.0000000E+00
  -4.0382364E+01   0.0000000E+00
  -4.0048626E+01   0.0000000E+00
  -3.9714887E+01   0.0000000E+00
  -3.9381149E+01   0.0000000E+00
  -3.9047410E+01   0.0000000E+00
  -3.8713672E+01   0.0000000E+00
  -3.8379933E+01   0.0000000E+00
  -3.8046194E+01   0.0000000E+00
  -3.7712456E+01   0.0000000E+00
  -3.7378717E+01   0.0000000E+00
  -3.7044979E+01   0.0000000E+00
  -3.6711240E+01   0.0000000E+00
  -3.6377501E+01   0.0000000E+00
  -3.6043763E+01   0.0000000E+00
  -3.5710024E+01   0.0000000E+00
  -3.5376286E+01   0.0000000E+00
  -3.5042547E+01   0.0000000E+00
  -3.4708808E+01   0.0000000E+00
  -3.4375070E+01   0.0000000E+00
  -3.4041331E+01   0.0000000E+00
  -3.3707593E+01   0.0000000E+00
  -3.3373854E+01   0.0000000E+00
  -3.3040115E+01   0.0000000E+00
  -3.2706377E+01   0.0000000E+00
  -3.2372638E+01   0.0000000E+00
  -3.2038900E+01   0.0000000E+00
  -3.1705161E+01   0.0000000E+00
  -3.1371422E+01   0.0000000E+00
  -3.1037684E+01   0.0000000E+00
  -3.0703945E+01   0.0000000E+00
  -3.0370207E+01   0.0000000E+00
  -3.0036468E+01   0.0000000E+00
  -2.9702729E+01   0.0000000E+00
  -2.9368991E+01   0.0000000E+00
  -2.9035252E+01   0.0000000E+00
  -2.8701514E+01   0.0000000E+00
  -2.8367775E+01   0.0000000E+00
  -2.8034036E+01   0.0000000E+00
  -2.7700298E+01   0.0000000E+00
  -2.7366559E+01   0.0000000E+00
  -2.7032821E+01   0.0000000E+00
  -2.6699082E+01   0.0000000E+00
  -2.6365343E+01   0.0000000E+00
  -2.6031605E+01   0.0000000E+00
  -2.5697866E+01   0.0000000E+00
  -2.5364128E+01   0.0000000E+00
  -2.5030389E+01   0.0000000E+00
  -2.4696651E+01   0.0000000E+00
  -2.4362912E+01   0.0000000E+00
  -2.4029173E+01   0.0000000E+00
  -2.3695435E+01   0.0000000E+00
  -2.3361696E+01   0.0000000E+00
  -2.3027958E+01   0.0000000E+00
  -2.2694219E+01   0.0000000E+00
  -2.2360480E+01   0.0000000E+00
  -2.2026742E+01   0.0000000E+00
  -2.1693003E+01   0.0000000E+00
  -2.1359265E+01   0.0000000E+00
  -2.1025526E+01   0.0000000E+00
  -2.0691787E+01   0.0000000E+00
  -2.0358049E+01   0.0000000E+00
  -2.0024310E+01   0.0000000E+00
  -1.9690572E+01   0.0000000E+00
  -1.9356833E+01   0.0000000E+00
  -1.9023094E+01   0.0000000E+00
  -1.8689356E+01   0.0000000E+00
  -1.8355617E+01   0.0000000E+00
  -1.8021879E+01   0.0000000E+00
  -1.7688140E+01   0.0000000E+00
  -1.7354401E+01   0.0000000E+00
  -1.7020663E+01   0.0000000E+00
  -1.6686924E+01   0.0000000E+00
  -1.6353186E+01   0.0000000E+00
  -1.6019447E+01   0.0000000E+00
  -1.5685708E+01   0.0000000E+00
  -1.5351970E+01   0.0000000E+00
  -1.5018231E+01   0.0000000E+00
  -1.4684493E+01   0.0000000E+00
  -1.4350754E+01   0.0000000E+00
  -1.4017015E+01   0.0000000E+00
  -1.3683277E+01   0.0000000E+00
  -1.3349538E+01   0.0000000E+00
  -1.3015800E+01   0.0000000E+00
  -1.2682061E+01   0.0000000E+00
  -1.2348322E+01   0.0000000E+00
  -1.2014584E+01   0.0000000E+00
  -1.1680845E+01   0.0000000E+00
  -1.1347107E+01   0.0000000E+00
  -1.1013368E+01   0.0000000E+00
  -1.0679630E+01   0.0000000E+00
  -1.0345891E+01   0.0000000E+00
  -1.0012152E+01   0.0000000E+00
  -9.6784137E+00   0.0000000E+00
  -9.3446751E+00   0.0000000E+00
  -9.0109365E+00   0.0000000E+00
  -8.6771979E+00   0.0000000E+00
  -8.3434593E+00   0.0000000E+00
  -8.0097207E+00   0.0000000E+00
  -7.6759821E+00   0.0000000E+00
  -7.3422436E+00   0.0000000E+00
  -7.0085050E+00   0.0000000E+00
  -6.6747664E+00   0.0000000E+00
  -6.3410278E+00   0.0000000E+00
  -6.0072892E+00   0.0000000E+00
  -5.6735506E+00   0.0000000E+00
  -5.3398120E+00   0.0000000E+00
  -5.0060734E+00   0.0000000E+00
  -4.6723348E+00   0.0000000E+00
  -4.3385962E+00   0.0000000E+00
  -4.0048576E+00   0.0000000E+00
  -3.6711190E+00   0.0000000E+00
  -3.3373804E+00   0.0000000E+00
  -3.0036418E+00   0.0000000E+00
  -2.6699032E+00   0.0000000E+00
  -2.3361646E+00   0.0000000E+00
  -2.0024260E+00   0.0000000E+00
  -1.6686874E+00   0.0000000E+00
  -1.3349488E+00   0.0000000E+00
  -1.0012102E+00   0.0000000E+00
  -6.6747165E-01   0.0000000E+00
  -3.3373305E-01   0.0000000E+00
   5.5432320E-06   0.0000000E+00
   3.3374414E-01   0.0000000E+00
   6.6748273E-01   0.0000000E+00
   1.0012213E+00   0.0000000E+00
   1.3349599E+00   0.0000000E+00
   1.6686985E+00   0.0000000E+00
   2.0024371E+00   0.0000000E+00
   2.3361757E+00   0.0000000E+00
   2.6699143E+00   0.0000000E+00
   3.0036529E+00   0.0000000E+00
   3.3373915E+00   0.0000000E+00
   3.6711301E+00   0.0000000E+00
   4.0048687E+00   0.0000000E+00
   4.3386073E+00   0.0000000E+00
   4.6723459E+00   0.0000000E+00
   5.0060845E+00   0.0000000E+00
   5.3398231E+00   0.0000000E+00
   5.6735617E+00   0.0000000E+00
   6.0073003E+00   0.0000000E+00
   6.3410389E+00   0.0000000E+00
   6.6747774E+00   0.0000000E+00
   7.0085160E+00   0.0000000E+00
   7.3422546E+00   0.0000000E+00
   7.6759932E+00   0.0000000E+00
   8.0097318E+00   0.0000000E+00
   8.3434704E+00   0.0000000E+00
   8.6772090E+00   0.0000000E+00
   9.0109476E+00   0.0000000E+00
   9.3446862E+00   0.0000000E+00
   9.6784248E+00   0.0000000E+00
   1.0012163E+01   0.0000000E+00
   1.0345902E+01   0.0000000E+00
   1.0679641E+01   0.0000000E+00
   1.1013379E+01   0.0000000E+00
   1.1347118E+01   0.0000000E+00
   1.1680856E+01   0.0000000E+00
   1.2014595E+01   0.0000000E+00
   1.2348334E+01   0.0000000E+00
   1.2682072E+01   0.0000000E+00
   1.3015811E+01   0.0000000E+00
   1.3349549E+01   0.0000000E+00
   1.3683288E+01   0.0000000E+00
   1.4017027E+01   0.0000000E+00
   1.4350765E+01   0.0000000E+00
   1.4684504E+01   0.0000000E+00
   1.5018242E+01   0.0000000E+00
   1.5351981E+01   0.0000000E+00
   1.5685720E+01   0.0000000E+00
   1.6019458E+01   0.0000000E+00
   1.6353197E+01   0.0000000E+00
   1.6686935E+01   0.0000000E+00
   1.7020674E+01   0.0000000E+00
   1.7354412E+01   0.0000000E+00
   1.7688151E+01   0.0000000E+00
   1.8021890E+01   0.0000000E+00
   1.8355628E+01   0.0000000E+00
   1.8689367E+01   0.0000000E+00
   1.9023105E+01   0.0000000E+00
   1.9356844E+01   0.0000000E+00
   1.9690583E+01   0.0000000E+00
   2.0024321E+01   0.0000000E+00
   2.0358060E+01   0.0000000E+00
   2.0691798E+01   0.0000000E+00
   2.1025537E+01   0.0000000E+00
   2.1359276E+01   0.0000000E+00
   2.1693014E+01   0.0000000E+00
   2.2026753E+01   0.0000000E+00
   2.2360491E+01   0.0000000E+00
   2.2694230E+01   0.0000000E+00
   2.3027969E+01   0.0000000E+00
   2.3361707E+01   0.0000000E+00
   2.3695446E+01   0.0000000E+00
   2.4029184E+01   0.0000000E+00
   2.4362923E+01   0.0000000E+00
   2.4696662E+01   0.0000000E+00
   2.5030400E+01   0.0000000E+00
   2.5364139E+01   0.0000000E+00
   2.5697877E+01   0.0000000E+00
   2.6031616E+01   0.0000000E+00
   2.6365355E+01   0.0000000E+00
   2.6699093E+01   0.0000000E+00
   2.7032832E+01   0.0000000E+00
   2.7366570E+01   0.0000000E+00
   2.7700309E+01   0.0000000E+00
   2.8034048E+01   0.0000000E+00
   2.8367786E+01   0.0000000E+00
   2.8701525E+01   0.0000000E+00
   2.9035263E+01   0.0000000E+00
   2.9369002E+01   0.0000000E+00
   2.9702741E+01   0.0000000E+00
   3.0036479E+01   0.0000000E+00
   3.0370218E+01   0.0000000E+00
   3.0703956E+01   0.0000000E+00
   3.1037695E+01   0.0000000E+00
   3.1371433E+01   0.0000000E+00
   3.1705172E+01   0.0000000E+00
   3.2038911E+01   0.0000000E+00
   3.2372649E+01   0.0000000E+00
   3.2706388E+01   0.0000000E+00
   3.3040126E+01   0.0000000E+00
   3.3373865E+01   0.0000000E+00
   3.3707604E+01   0.0000000E+00
   3.4041342E+01   0.0000000E+00
   3.4375081E+01   0.0000000E+00
   3.4708819E+01   0.0000000E+00
   3.5042558E+01   0.0000000E+00
   3.5376297E+01   0.0000000E+00
   3.5710035E+01   0.0000000E+00
   3.6043774E+01   0.0000000E+00
   3.6377512E+01   0.0000000E+00
   3.6711251E+01   0.0000000E+00
   3.7044990E+01   0.0000000E+00
   3.7378728E+01   0.0000000E+00
   3.7712467E+01   0.0000000E+00
   3.8046205E+01   0.0000000E+00
   3.8379944E+01   0.0000000E+00
   3.8713683E+01   0.0000000E+00
   3.9047421E+01   0.0000000E+00
   3.9381160E+01   0.0000000E+00
   3.9714898E+01   0.0000000E+00
   4.0048637E+01   0.0000000E+00
   4.0382376E+01   0.0000000E+00
   4.0716114E+01   0.0000000E+00
   4.1049853E+01   0.0000000E+00
   4.1383591E+01   0.0000000E+00
   4.1717330E+01   0.0000000E+00
   4.2051069E+01   0.0000000E+00
   4.2384807E+01   0.0000000E+00
   4.2718546E+01   0.0000000E+00
   4.3052284E+01   0.0000000E+00
   4.3386023E+01   0.0000000E+00
   4.3719762E+01   0.0000000E+00
   4.4053500E+01   0.0000000E+00
   4.4387239E+01   0.0000000E+00
   4.4720977E+01   0.0000000E+00
   4.5054716E+01   0.0000000E+00
   4.5388454E+01   0.0000000E+00
   4.5722193E+01   0.0000000E+00
   4.6055932E+01   0.0000000E+00
   4.6389670E+01   0.0000000E+00
   4.6723409E+01   0.0000000E+00
   4.7057147E+01   0.0000000E+00
   4.7390886E+01   0.0000000E+00
   4.7724625E+01   0.0000000E+00
   4.8058363E+01   0.0000000E+00
   4.8392102E+01   0.0000000E+00
   4.8725840E+01   0.0000000E+00
   4.9059579E+01   0.0000000E+00
   4.9393318E+01   0.0000000E+00
   4.9727056E+01   0.0000000E+00
   5.0060795E+01   0.0000000E+00
   5.0394533E+01   0.0000000E+00
   5.0728272E+01   0.0000000E+00
   5.1062011E+01   0.0000000E+00
   5.1395749E+01   0.0000000E+00
   5.1729488E+01   0.0000000E+00
   5.2063226E+01   0.0000000E+00
   5.2396965E+01   0.0000000E+00
   5.2730704E+01   0.0000000E+00
   5.3064442E+01   0.0000000E+00
   5.3398181E+01   0.0000000E+00
   5.3731919E+01   0.0000000E+00
   5.4065658E+01   0.0000000E+00
   5.4399397E+01   0.0000000E+00
   5.4733135E+01   0.0000000E+00
   5.5066874E+01   0.0000000E+00
   5.5400612E+01   0.0000000E+00
   5.5734351E+01   0.0000000E+00
   5.6068090E+01   0.0000000E+00
   5.6401828E+01   0.0000000E+00
   5.6735567E+01   0.0000000E+00
   5.7069305E+01   0.0000000E+00
   5.7403044E+01   0.0000000E+00
   5.7736783E+01   0.0000000E+00
   5.8070521E+01   0.0000000E+00
   5.8404260E+01   0.0000000E+00
   5.8737998E+01   0.0000000E+00
   5.9071737E+01   0.0000000E+00
   5.9405475E+01   0.0000000E+00
   5.9739214E+01   0.0000000E+00
   6.0072953E+01   0.0000000E+00
   6.0406691E+01   0.0000000E+00
   6.0740430E+01   0.0000000E+00
   6.1074168E+01   0.0000000E+00
   6.1407907E+01   0.0000000E+00
   6.1741646E+01   0.0000000E+00
   6.2075384E+01   0.0000000E+00
   6.2409123E+01   0.0000000E+00
   6.2742861E+01   0.0000000E+00
   6.3076600E+01   0.0000000E+00
   6.3410339E+01   0.0000000E+00
   6.3744077E+01   0.0000000E+00
   6.4077816E+01   0.0000000E+00
   6.4411554E+01   0.0000000E+00
   6.4745293E+01   0.0000000E+00
   6.5079032E+01   0.0000000E+00
   6.5412770E+01   0.0000000E+00
   6.5746509E+01   0.0000000E+00
   6.6080247E+01   0.0000000E+00
   6.6413986E+01   0.0000000E+00
   6.6747725E+01   0.0000000E+00
   6.7081463E+01   0.0000000E+00
   6.7415202E+01   0.0000000E+00
   6.7748940E+01   0.0000000E+00
   6.8082679E+01   0.0000000E+00
   6.8416418E+01   0.0000000E+00
   6.8750156E+01   0.0000000E+00
   6.9083895E+01   0.0000000E+00
   6.9417633E+01   0.0000000E+00
   6.9751372E+01   0.0000000E+00
   7.0085111E+01   0.0000000E+00
   7.0418849E+01   0.0000000E+00
   7.0752588E+01   0.0000000E+00
   7.1086326E+01   0.0000000E+00
   7.1420065E+01   0.0000000E+00
   7.1753804E+01   0.0000000E+00
   7.2087542E+01   0.0000000E+00
   7.2421281E+01   0.0000000E+00
   7.2755019E+01   0.0000000E+00
   7.3088758E+01   0.0000000E+00
   7.3422496E+01   0.0000000E+00
   7.3756235E+01   0.0000000E+00
   7.4089974E+01   0.0000000E+00
   7.4423712E+01   0.0000000E+00
   7.4757451E+01   0.0000000E+00
   7.5091189E+01   0.0000000E+00
   7.5424928E+01   0.0000000E+00
   7.5758667E+01   0.0000000E+00
   7.6092405E+01   0.0000000E+00
   7.6426144E+01   0.0000000E+00
   7.6759882E+01   0.0000000E+00
   7.7093621E+01   0.0000000E+00
   7.7427360E+01   0.0000000E+00
   7.7761098E+01   0.0000000E+00
   7.8094837E+01   0.0000000E+00
   7.8428575E+01   0.0000000E+00
   7.8762314E+01   0.0000000E+00
   7.9096053E+01   0.0000000E+00
   7.9429791E+01   0.0000000E+00
   7.9763530E+01   0.0000000E+00
   8.0097268E+01   0.0000000E+00
   8.0431007E+01   0.0000000E+00
   8.0764746E+01   0.0000000E+00
   8.1098484E+01   0.0000000E+00
   8.1432223E+01   0.0000000E+00
   8.1765961E+01   0.0000000E+00
   8.2099700E+01   0.0000000E+00
   8.2433439E+01   0.0000000E+00
   8.2767177E+01   0.0000000E+00
   8.3100916E+01   0.0000000E+00
   8.3434654E+01   0.0000000E+00
   8.3768393E+01   0.0000000E+00
   8.4102132E+01   0.0000000E+00
   8.4435870E+01   0.0000000E+00
   8.4769609E+01   0.0000000E+00
   8.5103347E+01   0.0000000E+00
   8.5437086E+01   0.0000000E+00
   8.5770825E+01   0.0000000E+00
   8.6104563E+01   0.0000000E+00
   8.6438302E+01   0.0000000E+00
   8.6772040E+01   0.0000000E+00
   8.7105779E+01   0.0000000E+00
   8.7439517E+01   0.0000000E+00
   8.7773256E+01   0.0000000E+00
   8.8106995E+01   0.0000000E+00
   8.8440733E+01   0.0000000E+00
   8.8774472E+01   0.0000000E+00
   8.9108210E+01   0.0000000E+00
   8.9441949E+01   0.0000000E+00
   8.9775688E+01   0.0000000E+00
   9.0109426E+01   0.0000000E+00
   9.0443165E+01   0.0000000E+00
   9.0776903E+01   0.0000000E+00
   9.1110642E+01   0.0000000E+00
   9.1444381E+01   0.0000000E+00
   9.1778119E+01   0.0000000E+00
   9.2111858E+01   0.0000000E+00
   9.2445596E+01   0.0000000E+00
   9.2779335E+01   0.0000000E+00
   9.3113074E+01   0.0000000E+00
   9.3446812E+01   0.0000000E+00
   9.3780551E+01   0.0000000E+00
   9.4114289E+01   0.0000000E+00
   9.4448028E+01   0.0000000E+00
   9.4781767E+01   0.0000000E+00
   9.5115505E+01   0.0000000E+00
   9.5449244E+01   0.0000000E+00
   9.5782982E+01   0.0000000E+00
   9.6116721E+01   0.0000000E+00
   9.6450460E+01   0.0000000E+00
   9.6784198E+01   0.0000000E+00
   9.7117937E+01   0.0000000E+00
   9.7451675E+01   0.0000000E+00
   9.7785414E+01   0.0000000E+00
   9.8119153E+01   0.0000000E+00
   9.8452891E+01   0.0000000E+00
   9.8786630E+01   0.0000000E+00
   9.9120368E+01   0.0000000E+00
   9.9454107E+01   0.0000000E+00
   9.9787846E+01   0.0000000E+00
   1.0012158E+02   0.0000000E+00
   1.0045532E+02   0.0000000E+00
   1.0078906E+02   0.0000000E+00
   1.0112280E+02   0.0000000E+00
   1.0145654E+02   0.0000000E+00
   1.0179028E+02   0.0000000E+00
   1.0212402E+02   0.0000000E+00
   1.0245775E+02   0.0000000E+00
   1.0279149E+02   0.0000000E+00
   1.0312523E+02   0.0000000E+00
   1.0345897E+02   0.0000000E+00
   1.0379271E+02   0.0000000E+00
   1.0412645E+02   0.0000000E+00
   1.0446019E+02   0.0000000E+00
   1.0479392E+02   0.0000000E+00
   1.0512766E+02   0.0000000E+00
   1.0546140E+02   0.0000000E+00
   1.0579514E+02   0.0000000E+00
   1.0612888E+02   0.0000000E+00
   1.0646262E+02   0.0000000E+00
   1.0679636E+02   0.0000000E+00
   1.0713009E+02   0.0000000E+00
   1.0746383E+02   0.0000000E+00
   1.0779757E+02   0.0000000E+00
   1.0813131E+02   0.0000000E+00
   1.0846505E+02   0.0000000E+00
   1.0879879E+02   0.0000000E+00
   1.0913253E+02   0.0000000E+00
   1.0946626E+02   0.0000000E+00
   1.0980000E+02   0.0000000E+00
   1.1013374E+02   0.0000000E+00
   1.1046748E+02   0.0000000E+00
   1.1080122E+02   0.0000000E+00
   1.1113496E+02   0.0000000E+00
   1.1146870E+02   0.0000000E+00
   1.1180243E+02   0.0000000E+00
   1.1213617E+02   0.0000000E+00
   1.1246991E+02   0.0000000E+00
   1.1280365E+02   0.0000000E+00
   1.1313739E+02   0.0000000E+00
   1.1347113E+02   0.0000000E+00
   1.1380487E+02   0.0000000E+00
   1.1413861E+02   0.0000000E+00
   1.1447234E+02   0.0000000E+00
   1.1480608E+02   0.0000000E+00
   1.1513982E+02   0.0000000E+00
   1.1547356E+02   0.0000000E+00
   1.1580730E+02   0.0000000E+00
   1.1614104E+02   0.0000000E+00
   1.1647478E+02   0.0000000E+00
   1.1680851E+02   0.0000000E+00
   1.1714225E+02   0.0000000E+00
   1.1747599E+02   0.0000000E+00
   1.1780973E+02   0.0000000E+00
   1.1814347E+02   0.0000000E+00
   1.1847721E+02   0.0000000E+00
   1.1881095E+02   0.0000000E+00
   1.1914468E+02   0.0000000E+00
   1.1947842E+02   0.0000000E+00
   1.1981216E+02   0.0000000E+00
   1.2014590E+02   0.0000000E+00
   1.2047964E+02   0.0000000E+00
   1.2081338E+02   0.0000000E+00
   1.2114712E+02   0.0000000E+00
   1.2148085E+02   0.0000000E+00
   1.2181459E+02   0.0000000E+00
   1.2214833E+02   0.0000000E+00
   1.2248207E+02   0.0000000E+00
   1.2281581E+02   0.0000000E+00
   1.2314955E+02   0.0000000E+00
   1.2348329E+02   0.0000000E+00
   1.2381702E+02   0.0000000E+00
   1.2415076E+02   0.0000000E+00
   1.2448450E+02   0.0000000E+00
   1.2481824E+02   0.0000000E+00
   1.2515198E+02   0.0000000E+00
   1.2548572E+02   0.0000000E+00
   1.2581946E+02   0.0000000E+00
   1.2615319E+02   0.0000000E+00
   1.2648693E+02   0.0000000E+00
   1.2682067E+02   0.0000000E+00
   1.2715441E+02   0.0000000E+00
   1.2748815E+02   0.0000000E+00
   1.2782189E+02   0.0000000E+00
   1.2815563E+02   0.0000000E+00
   1.2848936E+02   0.0000000E+00
   1.2882310E+02   0.0000000E+00
   1.2915684E+02   0.0000000E+00
   1.2949058E+02   0.0000000E+00
   1.2982432E+02   0.0000000E+00
   1.3015806E+02   0.0000000E+00
   1.3049180E+02   0.0000000E+00
   1.3082553E+02   0.0000000E+00
   1.3115927E+02   0.0000000E+00
   1.3149301E+02   0.0000000E+00
   1.3182675E+02   0.0000000E+00
   1.3216049E+02   0.0000000E+00
   1.3249423E+02   0.0000000E+00
   1.3282797E+02   0.0000000E+00
   1.3316171E+02   0.0000000E+00
   1.3349544E+02   0.0000000E+00
   1.3382918E+02   0.0000000E+00
   1.3416292E+02   0.0000000E+00
   1.3449666E+02   0.0000000E+00
   1.3483040E+02   0.0000000E+00
   1.3516414E+02   0.0000000E+00
   1.3549788E+02   0.0000000E+00
   1.3583161E+02   0.0000000E+00
   1.3616535E+02   0.0000000E+00
   1.3649909E+02   0.0000000E+00
   1.3683283E+02   0.0000000E+00
   1.3716657E+02   0.0000000E+00
   1.3750031E+02   0.0000000E+00
   1.3783405E+02   0.0000000E+00
   1.3816778E+02   0.0000000E+00
   1.3850152E+02   0.0000000E+00
   1.3883526E+02   0.0000000E+00
   1.3916900E+02   0.0000000E+00
   1.3950274E+02   0.0000000E+00
   1.3983648E+02   0.0000000E+00
   1.4017022E+02   0.0000000E+00
   1.4050395E+02   0.0000000E+00
   1.4083769E+02   0.0000000E+00
   1.4117143E+02   0.0000000E+00
   1.4150517E+02   0.0000000E+00
   1.4183891E+02   0.0000000E+00
   1.4217265E+02   0.0000000E+00
   1.4250639E+02   0.0000000E+00
   1.4284012E+02   0.0000000E+00
   1.4317386E+02   0.0000000E+00
   1.4350760E+02   0.0000000E+00
   1.4384134E+02   0.0000000E+00
   1.4417508E+02   0.0000000E+00
   1.4450882E+02   0.0000000E+00
   1.4484256E+02   0.0000000E+00
   1.4517629E+02   0.0000000E+00
   1.4551003E+02   0.0000000E+00
   1.4584377E+02   0.0000000E+00
   1.4617751E+02   1.4012985E-45
   1.4651125E+02   1.4012985E-45
   1.4684499E+02   4.2038954E-45
   1.4717873E+02   4.2038954E-45
   1.4751246E+02   4.2038954E-45
   1.4784620E+02   7.0064923E-45
   1.4817994E+02   7.0064923E-45
   1.4851368E+02   4.2038954E-45
   1.4884742E+02   4.2038954E-45
   1.4918116E+02   0.0000000E+00
   1.4951490E+02  -4.2038954E-45
   1.4984863E+02  -9.8090893E-45
   1.5018237E+02  -1.2611686E-44
   1.5051611E+02  -1.6815582E-44
   1.5084985E+02  -1.9618179E-44
   1.5118359E+02  -1.5414283E-44
   1.5151733E+02  -1.1210388E-44
   1.5185107E+02  -2.8025969E-45
   1.5218480E+02   8.4077908E-45
   1.5251854E+02   2.1019477E-44
   1.5285228E+02   3.6433760E-44
   1.5318602E+02   5.1848043E-44
   1.5351976E+02   6.1657132E-44
   1.5385350E+02   6.7262326E-44
   1.5418724E+02   6.4459729E-44
   1.5452098E+02   5.4650640E-44
   1.5485471E+02   3.6433760E-44
   1.5518845E+02   1.1210388E-44
   1.5552219E+02  -1.9618179E-44
   1.5585593E+02  -5.3249342E-44
   1.5618967E+02  -8.2676609E-44
   1.5652341E+02  -1.0369609E-43
   1.5685715E+02  -1.1070258E-43
   1.5719088E+02  -1.0509738E-43
   1.5752462E+02  -7.8472714E-44
   1.5785836E+02  -3.0828566E-44
   1.5819210E+02   2.6624671E-44
   1.5852584E+02   9.5288296E-44
   1.5885958E+02   1.6535322E-43
   1.5919332E+02   2.2280646E-43
   1.5952705E+02   2.5503632E-43
   1.5986079E+02   2.5643762E-43
   1.6019453E+02   2.2000386E-43
   1.6052827E+02   1.4293244E-43
   1.6086201E+02   2.5223372E-44
   1.6119575E+02  -1.1770907E-43
   1.6152949E+02  -2.7045060E-43
   1.6186322E+02  -4.0357396E-43
   1.6219696E+02  -5.0727004E-43
   1.6253070E+02  -5.4510510E-43
   1.6286444E+02  -5.0727004E-43
   1.6319818E+02  -3.7835059E-43
   1.6353192E+02  -1.6395192E-43
   1.6386566E+02   1.2471556E-43
   1.6419939E+02   4.4981681E-43
   1.6453313E+02   7.7071416E-43
   1.6486687E+02   1.0341583E-42
   1.6520061E+02   1.1897024E-42
   1.6553435E+02   1.1897024E-42
   1.6586809E+02   1.0047310E-42
   1.6620183E+02   6.1937392E-43
   1.6653556E+02   6.3058431E-44
   1.6686930E+02  -6.0956483E-43
   1.6720304E+02  -1.3242270E-42
   1.6753678E+02  -1.9688243E-42
   1.6787052E+02  -2.4298515E-42
   1.6820426E+02  -2.5952048E-42
   1.6853800E+02  -2.3878126E-42
   1.6887173E+02  -1.7544257E-42
   1.6920547E+02  -7.1746481E-43
   1.6953921E+02   6.4599859E-43
   1.6987295E+02   2.1776178E-42
   1.7020669E+02   3.6756059E-42
   1.7054043E+02   4.9059459E-42
   1.7087417E+02   5.6178055E-42
   1.7120790E+02   5.5967861E-42
   1.7154164E+02   4.7139680E-42
   1.7187538E+02   2.9315164E-42
   1.7220912E+02   3.5312721E-43
   1.7254286E+02  -2.7773736E-42
   1.7287660E+02  -6.0830366E-42
   1.7321034E+02  -9.0818153E-42
   1.7354408E+02  -1.1253828E-41
   1.7387781E+02  -1.2108620E-41
   1.7421155E+02  -1.1259433E-41
   1.7454529E+02  -8.5170921E-42
   1.7487903E+02  -3.9446552E-42
   1.7521277E+02   2.1103555E-42
   1.7554651E+02   8.9907309E-42
   1.7588025E+02   1.5805245E-41
   1.7621398E+02   2.1495918E-41
   1.7654772E+02   2.4982349E-41
   1.7688146E+02   2.5321463E-41
   1.7721520E+02   2.1879874E-41
   1.7754894E+02   1.4474012E-41
   1.7788268E+02   3.5018449E-42
   1.7821642E+02  -1.0027692E-41
   1.7855015E+02  -2.4535335E-41
   1.7888389E+02  -3.7997609E-41
   1.7921763E+02  -4.8189253E-41
   1.7955137E+02  -5.2970483E-41
   1.7988511E+02  -5.0635920E-41
   1.8021885E+02  -4.0243891E-41
   1.8055259E+02  -2.1909301E-41
   1.8088632E+02   3.0464229E-42
   1.8122006E+02   3.2051900E-41
   1.8155380E+02   6.1481970E-41
   1.8188754E+02   8.6978596E-41
   1.8222128E+02   1.0402819E-40
   1.8255502E+02   1.0855859E-40
   1.8288876E+02   9.7671904E-41
   1.8322249E+02   7.0247092E-41
   1.8355623E+02   2.7459845E-41
   1.8388997E+02  -2.7024041E-41
   1.8422371E+02  -8.7146751E-41
   1.8455745E+02  -1.4494331E-40
   1.8489119E+02  -1.9141177E-40
   1.8522493E+02  -2.1766369E-40
   1.8555866E+02  -2.1627360E-40
   1.8589240E+02  -1.8262702E-40
   1.8622614E+02  -1.1609758E-40
   1.8655988E+02  -2.0834506E-41
   1.8689362E+02   9.4062159E-41
   1.8722736E+02   2.1501243E-40
   1.8756110E+02   3.2521055E-40
   1.8789483E+02   4.0656853E-40
   1.8822857E+02   4.4213629E-40
   1.8856231E+02   4.1884391E-40
   1.8889605E+02   3.3003802E-40
   1.8922979E+02   1.7756974E-40
   1.8956353E+02  -2.7045060E-41
   1.8989727E+02  -2.6268601E-40
   1.9023100E+02  -5.0011642E-40
   1.9056474E+02  -7.0489517E-40
   1.9089848E+02  -8.4155820E-40
   1.9123222E+02  -8.7860433E-40
   1.9156596E+02  -7.9380335E-40
   1.9189970E+02  -5.7895767E-40
   1.9223344E+02  -2.4345038E-40
   1.9256718E+02   1.8418667E-40
   1.9290091E+02   6.5724822E-40
   1.9323465E+02   1.1146152E-39
   1.9356839E+02   1.4872359E-39
   1.9390213E+02   1.7068474E-39
   1.9423587E+02   1.7159923E-39
   1.9456961E+02   1.4781275E-39
   1.9490335E+02   9.8639921E-40
   1.9523708E+02   2.6952154E-40
   1.9557082E+02  -6.0647076E-40
   1.9590456E+02  -1.5415881E-39
   1.9623830E+02  -2.4107238E-39
   1.9657204E+02  -3.0775079E-39
   1.9690578E+02  -3.4121155E-39
   1.9723952E+02  -3.3110076E-39
   1.9757325E+02  -2.7161901E-39
   1.9790699E+02  -1.6310273E-39
   1.9824073E+02  -1.2993400E-40
   1.9857447E+02   1.6406164E-39
   1.9890821E+02   3.4711929E-39
   1.9924195E+02   5.1090067E-39
   1.9957569E+02   6.2869816E-39
   1.9990942E+02   6.7596172E-39
   2.0024316E+02   6.3416785E-39
   2.0057690E+02   4.9446638E-39
   2.0091064E+02   2.6054398E-39
   2.0124438E+02  -4.9824148E-40
   2.0157812E+02  -4.0497932E-39
   2.0191186E+02  -7.6159521E-39
   2.0224559E+02  -1.0689217E-38
   2.0257933E+02  -1.2747920E-38
   2.0291307E+02  -1.3328215E-38
   2.0324681E+02  -1.2099832E-38
   2.0358055E+02  -8.9353741E-39
   2.0391429E+02  -3.9622807E-39
   2.0424803E+02   2.4127417E-39
   2.0458176E+02   9.5150071E-39
   2.0491550E+02   1.6453029E-38
   2.0524924E+02   2.2209136E-38
   2.0558298E+02   2.5763116E-38
   2.0591672E+02   2.6236999E-38
   2.0625046E+02   2.3043898E-38
   2.0658420E+02   1.6020532E-38
   2.0691793E+02   5.5218306E-39
   2.0725167E+02  -7.5421359E-39
   2.0758541E+02  -2.1741890E-38
   2.0791915E+02  -3.5244142E-38
   2.0825289E+02  -4.6004340E-38
   2.0858663E+02  -5.2021928E-38
   2.0892037E+02  -5.1632608E-38
   2.0925410E+02  -4.3802555E-38
   2.0958784E+02  -2.8382869E-38
   2.0992158E+02  -6.2816188E-39
   2.1025532E+02   2.0485324E-38
   2.1058906E+02   4.8892458E-38
   2.1092280E+02   7.5163323E-38
   2.1125654E+02   9.5180698E-38
   2.1159027E+02   1.0501534E-37
   2.1192401E+02   1.0151901E-37
   2.1225775E+02   8.2907779E-38
   2.1259149E+02   4.9250983E-38
   2.1292523E+02   2.7798679E-39
   2.1325897E+02  -5.2059337E-38
   2.1359271E+02  -1.0885961E-37
   2.1392645E+02  -1.5983145E-37
   2.1426018E+02  -1.9667865E-37
   2.1459392E+02  -2.1169786E-37
   2.1492766E+02  -1.9898349E-37
   2.1526140E+02  -1.5558334E-37
   2.1559514E+02  -8.2431707E-38
   2.1592888E+02   1.5113486E-38
   2.1626262E+02   1.2727410E-37
   2.1659635E+02   2.4048990E-37
   2.1693009E+02   3.3870980E-37
   2.1726383E+02   4.0526404E-37
   2.1759757E+02   4.2515023E-37
   2.1793131E+02   3.8747521E-37
   2.1826505E+02   2.8772976E-37
   2.1859879E+02   1.2954027E-37
   2.1893252E+02  -7.4446772E-38
   2.1926626E+02  -3.0282405E-37
   2.1960000E+02  -5.2698894E-37
   2.1993374E+02  -7.1401462E-37
   2.2026748E+02  -8.3064130E-37
   2.2060122E+02  -8.4800592E-37
   2.2093496E+02  -7.4655407E-37
   2.2126869E+02  -5.2046081E-37
   2.2160243E+02  -1.8083411E-37
   2.2193617E+02   2.4297045E-37
   2.2226991E+02   7.0444045E-37
   2.2260365E+02   1.1436597E-36
   2.2293739E+02   1.4936419E-36
   2.2327113E+02   1.6887751E-36
   2.2360486E+02   1.6745135E-36
   2.2393860E+02   1.4171440E-36
   2.2427234E+02   9.1220871E-37
   2.2460608E+02   1.9015324E-37
   2.2493982E+02  -6.8210429E-37
   2.2527356E+02  -1.6046032E-36
   2.2560730E+02  -2.4531306E-36
   2.2594103E+02  -3.0930131E-36
   2.2627477E+02  -3.3967726E-36
   2.2660851E+02  -3.2637388E-36
   2.2694225E+02  -2.6391265E-36
   2.2727599E+02  -1.5297130E-36
   2.2760973E+02  -1.3278839E-38
   2.2794347E+02   1.7606204E-36
   2.2827720E+02   3.5801200E-36
   2.2861094E+02   5.1911187E-36
   2.2894468E+02   6.3268279E-36
   2.2927842E+02   6.7441420E-36
   2.2961216E+02   6.2626722E-36
   2.2994590E+02   4.8012803E-36
   2.3027964E+02   2.4063910E-36
   2.3061337E+02  -7.3340258E-37
   2.3094711E+02  -4.2908198E-36
   2.3128085E+02  -7.8239846E-36
   2.3161459E+02  -1.0821091E-35
   2.3194833E+02  -1.2762550E-35
   2.3228207E+02  -1.3194610E-35
   2.3261581E+02  -1.1805621E-35
   2.3294955E+02  -8.4944161E-36
   2.3328328E+02  -3.4195908E-36
   2.3361702E+02   2.9805619E-36
   2.3395076E+02   1.0005204E-35
   2.3428450E+02   1.6748758E-35
   2.3461824E+02   2.2197724E-35
   2.3495198E+02   2.5358868E-35
   2.3528572E+02   2.5405409E-35
   2.3561945E+02   2.1823084E-35
   2.3595319E+02   1.4534903E-35
   2.3628693E+02   3.9832319E-36
   2.3662067E+02  -8.8496013E-36
   2.3695441E+02  -2.2495088E-35
   2.3728815E+02  -3.5130929E-35
   2.3762189E+02  -4.4785701E-35
   2.3795562E+02  -4.9597826E-35
   2.3828936E+02  -4.8100379E-35
   2.3862310E+02  -3.9494865E-35
   2.3895684E+02  -2.3872693E-35
   2.3929058E+02  -2.3442388E-36
   2.3962432E+02   2.2957723E-35
   2.3995806E+02   4.9020915E-35
   2.4029179E+02   7.2245217E-35
   2.4062553E+02   8.8864859E-35
   2.4095927E+02   9.5461339E-35
   2.4129301E+02   8.9507248E-35
   2.4162675E+02   6.9868555E-35
   2.4196049E+02   3.7186084E-35
   2.4229423E+02  -5.9370988E-36
   2.4262796E+02  -5.4999613E-35
   2.4296170E+02  -1.0394732E-34
   2.4329544E+02  -1.4579500E-34
   2.4362918E+02  -1.7347783E-34
   2.4396292E+02  -1.8084673E-34
   2.4429666E+02  -1.6368788E-34
   2.4463040E+02  -1.2062379E-34
   2.4496413E+02  -5.3749072E-35
   2.4529787E+02   3.1130592E-35
   2.4563161E+02   1.2475189E-34
   2.4596535E+02   2.1517902E-34
   2.4629909E+02   2.8909024E-34
   2.4663283E+02   3.3345919E-34
   2.4696657E+02   3.3745160E-34
   2.4730030E+02   2.9430021E-34
   2.4763404E+02   2.0288762E-34
   2.4796778E+02   6.8767280E-35
   2.4830152E+02  -9.5607961E-35
   2.4863526E+02  -2.7160201E-34
   2.4896900E+02  -4.3609807E-34
   2.4930274E+02  -5.6409412E-34
   2.4963647E+02  -6.3195816E-34
   2.4997021E+02  -6.2098033E-34
   2.5030395E+02  -5.2076223E-34
   2.5063769E+02  -3.3194023E-34
   2.5097143E+02  -6.7755655E-35
   2.5130517E+02   2.4592228E-34
   2.5163891E+02   5.7235399E-34
   2.5197264E+02   8.6748618E-34
   2.5230638E+02   1.0850700E-33
   2.5264012E+02   1.1828529E-33
   2.5297386E+02   1.1291252E-33
   2.5330760E+02   9.0875540E-34
   2.5364134E+02   5.2778149E-34
   2.5397508E+02   1.5705477E-35
   2.5430882E+02  -5.7517563E-34
   2.5464255E+02  -1.1737415E-33
   2.5497629E+02  -1.6972498E-33
   2.5531003E+02  -2.0612264E-33
   2.5564377E+02  -2.1910509E-33
   2.5597751E+02  -2.0338616E-33
   2.5631125E+02  -1.5691476E-33
   2.5664499E+02  -8.1636411E-34
   2.5697872E+02   1.6193362E-34
   2.5731246E+02   1.2625278E-33
   2.5764620E+02   2.3500081E-33
   2.5797994E+02   3.2709658E-33
   2.5831368E+02   3.8727547E-33
   2.5864742E+02   4.0248596E-33
   2.5898116E+02   3.6402683E-33
   2.5931489E+02   2.6938716E-33
   2.5964863E+02   1.2349007E-33
   2.5998237E+02  -6.0917203E-34
   2.6031611E+02  -2.6390359E-33
   2.6064985E+02  -4.6008265E-33
   2.6098359E+02  -6.2134354E-33
   2.6131733E+02  -7.2034911E-33
   2.6165106E+02  -7.3442419E-33
   2.6198480E+02  -6.4935351E-33
   2.6231854E+02  -4.6254748E-33
   2.6265228E+02  -1.8505486E-33
   2.6298602E+02   1.5802204E-33
   2.6331976E+02   5.2898792E-33
   2.6365350E+02   8.8095352E-33
   2.6398723E+02   1.1629743E-32
   2.6432097E+02   1.3264663E-32
   2.6465471E+02   1.3321955E-32
   2.6498845E+02   1.1569587E-32
   2.6532219E+02   7.9900026E-33
   2.6565593E+02   2.8124764E-33
   2.6598967E+02  -3.4837979E-33
   2.6632340E+02  -1.0200289E-32
   2.6665714E+02  -1.6483835E-32
   2.6699088E+02  -2.1421330E-32
   2.6732462E+02  -2.4155511E-32
   2.6765836E+02  -2.4009056E-32
   2.6799210E+02  -2.0601082E-32
   2.6832584E+02  -1.3939353E-32
   2.6865957E+02  -4.4722550E-33
   2.6899331E+02   6.9118201E-33
   2.6932705E+02   1.8944725E-32
   2.6966079E+02   3.0098215E-32
   2.6999453E+02   3.8754797E-32
   2.7032827E+02   4.3413428E-32
   2.7066201E+02   4.2907019E-32
   2.7099574E+02   3.6603830E-32
   2.7132948E+02   2.4563665E-32
   2.7166322E+02   7.6217166E-33
   2.7199696E+02  -1.2620545E-32
   2.7233070E+02  -3.3908510E-32
   2.7266444E+02  -5.3549739E-32
   2.7299818E+02  -6.8716097E-32
   2.7333192E+02  -7.6803292E-32
   2.7366565E+02  -7.5806972E-32
   2.7399939E+02  -6.4667577E-32
   2.7433313E+02  -4.3533393E-32
   2.7466687E+02  -1.3896490E-32
   2.7500061E+02   2.1432765E-32
   2.7533435E+02   5.8529897E-32
   2.7566809E+02   9.2734397E-32
   2.7600182E+02   1.1917345E-31
   2.7633556E+02   1.3337970E-31
   2.7666930E+02   1.3193293E-31
   2.7700304E+02   1.1304333E-31
   2.7733678E+02   7.6991630E-32
   2.7767052E+02   2.6349875E-32
   2.7800426E+02  -3.4073108E-32
   2.7833799E+02  -9.7588589E-32
   2.7867173E+02  -1.5627693E-31
   2.7900547E+02  -2.0187801E-31
   2.7933921E+02  -2.2683529E-31
   2.7967295E+02  -2.2537401E-31
   2.8000669E+02  -1.9447489E-31
   2.8034043E+02  -1.3460259E-31
   2.8067416E+02  -5.0063587E-32
   2.8100790E+02   5.1098963E-32
   2.8134164E+02   1.5771334E-31
   2.8167538E+02   2.5657066E-31
   2.8200912E+02   3.3391299E-31
   2.8234286E+02   3.7716860E-31
   2.8267660E+02   3.7673484E-31
   2.8301033E+02   3.2758028E-31
   2.8334407E+02   2.3043369E-31
   2.8367781E+02   9.2355905E-32
   2.8401155E+02  -7.3452434E-32
   2.8434529E+02  -2.4866974E-31
   2.8467903E+02  -4.1165972E-31
   2.8501277E+02  -5.3991880E-31
   2.8534650E+02  -6.1291592E-31
   2.8568024E+02  -6.1499509E-31
   2.8601398E+02  -5.3796913E-31
   2.8634772E+02  -3.8302665E-31
   2.8668146E+02  -1.6162514E-31
   2.8701520E+02   1.0486040E-31
   2.8734894E+02   3.8682745E-31
   2.8768267E+02   6.4940214E-31
   2.8801641E+02   8.5641271E-31
   2.8835015E+02   9.7497401E-31
   2.8868389E+02   9.8014581E-31
   2.8901763E+02   8.5906049E-31
   2.8935137E+02   6.1392280E-31
   2.8968511E+02   2.6335820E-31
   2.9001884E+02  -1.5824543E-31
   2.9035258E+02  -6.0353670E-31
   2.9068632E+02  -1.0170065E-30
   2.9102006E+02  -1.3413852E-30
   2.9135380E+02  -1.5249652E-30
   2.9168754E+02  -1.5289802E-30
   2.9202128E+02  -1.3340802E-30
   2.9235501E+02  -9.4494718E-31
   2.9268875E+02  -3.9224349E-31
   2.9302249E+02   2.6865331E-31
   2.9335623E+02   9.6230688E-31
   2.9368997E+02   1.6010242E-30
   2.9402371E+02   2.0951075E-30
   2.9435745E+02   2.3644691E-30
   2.9469119E+02   2.3502164E-30
   2.9502492E+02   2.0246805E-30
   2.9535866E+02   1.3983803E-30
   2.9569240E+02   5.2269038E-31
   2.9602614E+02  -5.1261719E-31
   2.9635988E+02  -1.5871720E-30
   2.9669362E+02  -2.5626896E-30
   2.9702736E+02  -3.2993866E-30
   2.9736109E+02  -3.6743403E-30
   2.9769483E+02  -3.5995875E-30
   2.9802857E+02  -3.0375161E-30
   2.9836231E+02  -2.0112268E-30
   2.9869605E+02  -6.0795900E-31
   2.9902979E+02   1.0256337E-30
   2.9936353E+02   2.6965923E-30
   2.9969726E+02   4.1863115E-30
   3.0003100E+02   5.2768156E-30
   3.0036474E+02   5.7797759E-30
   3.0069848E+02   5.5647030E-30
   3.0103222E+02   4.5824904E-30
   3.0136596E+02   2.8807048E-30
   3.0169970E+02   6.0767171E-31
   3.0203343E+02  -1.9963360E-30
   3.0236717E+02  -4.6210575E-30
   3.0270091E+02  -6.9198362E-30
   3.0303465E+02  -8.5516338E-30
   3.0336839E+02  -9.2268069E-30
   3.0370213E+02  -8.7509788E-30
   3.0403587E+02  -7.0610347E-30
   3.0436960E+02  -4.2475535E-30
   3.0470334E+02  -5.5938127E-31
   3.0503708E+02   3.6122622E-30
   3.0537082E+02   7.7701403E-30
   3.0570456E+02   1.1365220E-29
   3.0603830E+02   1.3863465E-29
   3.0637204E+02   1.4817735E-29
   3.0670577E+02   1.3935802E-29
   3.0703951E+02   1.1135168E-29
   3.0737325E+02   6.5760096E-30
   3.0770699E+02   6.6568584E-31
   3.0804073E+02  -5.9687815E-30
   3.0837447E+02  -1.2539925E-29
   3.0870821E+02  -1.8186251E-29
   3.0904194E+02  -2.2077280E-29
   3.0937568E+02  -2.3525316E-29
   3.0970942E+02  -2.2089920E-29
   3.1004316E+02  -1.7660645E-29
   3.1037690E+02  -1.0504941E-29
   3.1071064E+02  -1.2713799E-30
   3.1104438E+02   9.0566434E-30
   3.1137811E+02   1.9255699E-29
   3.1171185E+02   2.7997891E-29
   3.1204559E+02   3.4013626E-29
   3.1237933E+02   3.6262637E-29
   3.1271307E+02   3.4091933E-29
   3.1304681E+02   2.7358316E-29
   3.1338055E+02   1.6496207E-29
   3.1371429E+02   2.5163003E-30
   3.1404802E+02  -1.3071274E-29
   3.1438176E+02  -2.8406633E-29
   3.1471550E+02  -4.1489797E-29
   3.1504924E+02  -5.0428640E-29
   3.1538298E+02  -5.3696010E-29
   3.1571672E+02  -5.0363053E-29
   3.1605046E+02  -4.0275793E-29
   3.1638419E+02  -2.4146225E-29
   3.1671793E+02  -3.5380014E-30
   3.1705167E+02   1.9261343E-29
   3.1738541E+02   4.1475353E-29
   3.1771915E+02   6.0159509E-29
   3.1805289E+02   7.2573687E-29
   3.1838663E+02   7.6561463E-29
   3.1872036E+02   7.0886710E-29
   3.1905410E+02   5.5478723E-29
   3.1938784E+02   3.1545080E-29
   3.1972158E+02   1.5249773E-30
   3.2005532E+02  -3.1125318E-29
   3.2038906E+02  -6.2301709E-29
   3.2072280E+02  -8.7740957E-29
   3.2105653E+02  -1.0357472E-28
   3.2139027E+02  -1.0688042E-28
   3.2172401E+02  -9.6155579E-29
   3.2205775E+02  -7.1644522E-29
   3.2239149E+02  -3.5460580E-29
   3.2272523E+02   8.5313054E-30
   3.2305897E+02   5.5077763E-29
   3.2339270E+02   9.8119474E-29
   3.2372644E+02   1.3153467E-28
   3.2406018E+02   1.4995829E-28
   3.2439392E+02   1.4957362E-28
   3.2472766E+02   1.2876647E-28
   3.2506140E+02   8.8542378E-29
   3.2539514E+02   3.2627411E-29
   3.2572887E+02  -3.2788981E-29
   3.2606261E+02  -9.9667543E-29
   3.2639635E+02  -1.5903939E-28
   3.2673009E+02  -2.0213583E-28
   3.2706383E+02  -2.2159524E-28
   3.2739757E+02  -2.1258978E-28
   3.2773131E+02  -1.7371358E-28
   3.2806504E+02  -1.0748804E-28
   3.2839878E+02  -2.0382967E-29
   3.2873252E+02   7.7696227E-29
   3.2906626E+02   1.7443371E-28
   3.2940000E+02   2.5655046E-28
   3.2973374E+02   3.1151589E-28
   3.3006748E+02   3.2931712E-28
   3.3040121E+02   3.0405116E-28
   3.3073495E+02   2.3510876E-28
   3.3106869E+02   1.2775086E-28
   3.3140243E+02  -7.0560130E-30
   3.3173617E+02  -1.5359276E-28
   3.3206991E+02  -2.9307252E-28
   3.3240365E+02  -4.0589826E-28
   3.3273739E+02  -4.7424118E-28
   3.3307112E+02  -4.8462031E-28
   3.3340486E+02  -4.3013638E-28
   3.3373860E+02  -3.1202516E-28
   3.3407234E+02  -1.4025804E-28
   3.3440608E+02   6.6980587E-29
   3.3473982E+02   2.8497244E-28
   3.3507356E+02   4.8518229E-28
   3.3540729E+02   6.3874343E-28
   3.3574103E+02   7.2031663E-28
   3.3607477E+02   7.1183459E-28
   3.3640851E+02   6.0562340E-28
   3.3674225E+02   4.0642235E-28
   3.3707599E+02   1.3193098E-28
   3.3740973E+02  -1.8832553E-28
   3.3774346E+02  -5.1581691E-28
   3.3807720E+02  -8.0729042E-28
   3.3841094E+02  -1.0200820E-27
   3.3874468E+02  -1.1178427E-27
   3.3907842E+02  -1.0759554E-27
   3.3941216E+02  -8.8590197E-28
   3.3974590E+02  -5.5790204E-28
   3.4007963E+02  -1.2132615E-28
   3.4041337E+02   3.7737466E-28
   3.4074711E+02   8.7916583E-28
   3.4108085E+02   1.3189788E-27
   3.4141459E+02   1.6336308E-27
   3.4174833E+02   1.7702014E-27
   3.4208207E+02   1.6938038E-27
   3.4241580E+02   1.3936952E-27
   3.4274954E+02   8.8678241E-28
   3.4308328E+02   2.1785571E-28
   3.4341702E+02  -5.4375209E-28
   3.4375076E+02  -1.3109395E-27
   3.4408450E+02  -1.9884472E-27
   3.4441824E+02  -2.4842809E-27
   3.4475197E+02  -2.7216319E-27
   3.4508571E+02  -2.6497780E-27
   3.4541945E+02  -2.2525003E-27
   3.4575319E+02  -1.5527394E-27
   3.4608693E+02  -6.1261092E-28
   3.4642067E+02   4.7156212E-28
   3.4675441E+02   1.5789119E-27
   3.4708814E+02   2.5774894E-27
   3.4742188E+02   3.3400579E-27
   3.4775562E+02   3.7603489E-27
   3.4808936E+02   3.7677199E-27
   3.4842310E+02   3.3382267E-27
   3.4875684E+02   2.5004333E-27
   3.4909058E+02   1.3348722E-27
   3.4942431E+02  -3.3174890E-29
   3.4975805E+02  -1.4470997E-27
   3.5009179E+02  -2.7372044E-27
   3.5042553E+02  -3.7417206E-27
   3.5075927E+02  -4.3280075E-27
   3.5109301E+02  -4.4111908E-27
   3.5142675E+02  -3.9676129E-27
   3.5176048E+02  -3.0410047E-27
   3.5209422E+02  -1.7400916E-27
   3.5242796E+02  -2.2740774E-28
   3.5276170E+02   1.2997611E-27
   3.5309544E+02   2.6343020E-27
   3.5342918E+02   3.5870765E-27
   3.5376292E+02   4.0140991E-27
   3.5409666E+02   3.8393548E-27
   3.5443039E+02   3.0698618E-27
   3.5476413E+02   1.8003624E-27
   3.5509787E+02   2.0621567E-28
   3.5543161E+02  -1.4754767E-27
   3.5576535E+02  -2.9748962E-27
   3.5609909E+02  -4.0255822E-27
   3.5643283E+02  -4.4032575E-27
   3.5676656E+02  -3.9624302E-27
   3.5710030E+02  -2.6655383E-27
   3.5743404E+02  -6.0014827E-28
   3.5776778E+02   2.0193372E-27
   3.5810152E+02   4.8670769E-27
   3.5843526E+02   7.5380089E-27
   3.5876900E+02   9.5942111E-27
   3.5910273E+02   1.0620827E-26
   3.5943647E+02   1.0285199E-26
   3.5977021E+02   8.3919100E-27
   3.6010395E+02   4.9262892E-27
   3.6043769E+02   7.9634892E-29
   3.6077143E+02  -5.7488577E-27
   3.6110517E+02  -1.1976157E-26
   3.6143890E+02  -1.7885054E-26
   3.6177264E+02  -2.2695990E-26
   3.6210638E+02  -2.5654538E-26
   3.6244012E+02  -2.6125526E-26
   3.6277386E+02  -2.3683234E-26
   3.6310760E+02  -1.8186593E-26
   3.6344134E+02  -9.8289973E-27
   3.6377507E+02   8.4553563E-28
   3.6410881E+02   1.2964877E-26
   3.6444255E+02   2.5391132E-26
   3.6477629E+02   3.6819309E-26
   3.6511003E+02   4.5904571E-26
   3.6544377E+02   5.1406232E-26
   3.6577751E+02   5.2333864E-26
   3.6611124E+02   4.8079562E-26
   3.6644498E+02   3.8520380E-26
   3.6677872E+02   2.4077291E-26
   3.6711246E+02   5.7204445E-27
   3.6744620E+02  -1.5084047E-26
   3.6777994E+02  -3.6485005E-26
   3.6811368E+02  -5.6407024E-26
   3.6844741E+02  -7.2748056E-26
   3.6878115E+02  -8.3595220E-26
   3.6911489E+02  -8.7437133E-26
   3.6944863E+02  -8.3349632E-26
   3.6978237E+02  -7.1133523E-26
   3.7011611E+02  -5.1386023E-26
   3.7044985E+02  -2.5493766E-26
   3.7078358E+02   4.4571373E-27
   3.7111732E+02   3.5849975E-26
   3.7145106E+02   6.5772338E-26
   3.7178480E+02   9.1296407E-26
   3.7211854E+02   1.0977707E-25
   3.7245228E+02   1.1913777E-25
   3.7278602E+02   1.1811178E-25
   3.7311976E+02   1.0641111E-25
   3.7345349E+02   8.4800033E-26
   3.7378723E+02   5.5059983E-26
   3.7412097E+02   1.9843697E-26
   3.7445471E+02  -1.7571655E-26
   3.7478845E+02  -5.3610839E-26
   3.7512219E+02  -8.4773310E-26
   3.7545593E+02  -1.0801475E-25
   3.7578966E+02  -1.2109291E-25
   3.7612340E+02  -1.2283785E-25
   3.7645714E+02  -1.1331043E-25
   3.7679088E+02  -9.3824786E-26
   3.7712462E+02  -6.6824555E-26
   3.7745836E+02  -3.5619091E-26
   3.7779210E+02  -4.0020763E-27
   3.7812583E+02   2.4206782E-26
   3.7845957E+02   4.5649273E-26
   3.7879331E+02   5.7883797E-26
   3.7912705E+02   5.9752713E-26
   3.7946079E+02   5.1607037E-26
   3.7979453E+02   3.5351094E-26
   3.8012827E+02   1.4284459E-26
   3.8046200E+02  -7.2549319E-27
   3.8079574E+02  -2.4420336E-26
   3.8112948E+02  -3.2509118E-26
   3.8146322E+02  -2.7665882E-26
   3.8179696E+02  -7.5565479E-27
   3.8213070E+02   2.8078616E-26
   3.8246444E+02   7.7072167E-26
   3.8279817E+02   1.3474595E-25
   3.8313191E+02   1.9413970E-25
   3.8346565E+02   2.4655951E-25
   3.8379939E+02   2.8242211E-25
   3.8413313E+02   2.9233040E-25
   3.8446687E+02   2.6828484E-25
   3.8480061E+02   2.0490250E-25
   3.8513434E+02   1.0051287E-25
   3.8546808E+02  -4.2017986E-26
   3.8580182E+02  -2.1485307E-25
   3.8613556E+02  -4.0524539E-25
   3.8646930E+02  -5.9614081E-25
   3.8680304E+02  -7.6733664E-25
   3.8713678E+02  -8.9713335E-25
   3.8747051E+02  -9.6437033E-25
   3.8780425E+02  -9.5068803E-25
   3.8813799E+02  -8.4280233E-25
   3.8847173E+02  -6.3457874E-25
   3.8880547E+02  -3.2867047E-25
   3.8913921E+02   6.2488729E-26
   3.8947295E+02   5.1648982E-25
   3.8980668E+02   1.0016739E-24
   3.9014042E+02   1.4787845E-24
   3.9047416E+02   1.9035143E-24
   3.9080790E+02   2.2297796E-24
   3.9114164E+02   2.4135326E-24
   3.9147538E+02   2.4168243E-24
   3.9180912E+02   2.2117999E-24
   3.9214285E+02   1.7843199E-24
   3.9247659E+02   1.1368700E-24
   3.9281033E+02   2.9050054E-25
   3.9314407E+02  -7.1443030E-25
   3.9347781E+02  -1.8188691E-24
   3.9381155E+02  -2.9471104E-24
   3.9414529E+02  -4.0102714E-24
   3.9447903E+02  -4.9111478E-24
   3.9481276E+02  -5.5503031E-24
   3.9514650E+02  -5.8332138E-24
   3.9548024E+02  -5.6781778E-24
   3.9581398E+02  -5.0246910E-24
   3.9614772E+02  -3.8418063E-24
   3.9648146E+02  -2.1359413E-24
   3.9681520E+02   4.2510136E-26
   3.9714893E+02   2.5946126E-24
   3.9748267E+02   5.3712186E-24
   3.9781641E+02   8.1751525E-24
   3.9815015E+02   1.0768089E-23
   3.9848389E+02   1.2882832E-23
   3.9881763E+02   1.4241304E-23
   3.9915137E+02   1.4577984E-23
   3.9948510E+02   1.3667900E-23
   3.9981884E+02   1.1357439E-23
   4.0015258E+02   7.5952940E-24
   4.0048632E+02   2.4602217E-24
   4.0082006E+02  -3.8184362E-24
   4.0115380E+02  -1.0851589E-23
   4.0148754E+02  -1.8096605E-23
   4.0182127E+02  -2.4881837E-23
   4.0215501E+02  -3.0451060E-23
   4.0248875E+02  -3.4027228E-23
   4.0282249E+02  -3.4892564E-23
   4.0315623E+02  -3.2478852E-23
   4.0348997E+02  -2.6459731E-23
   4.0382371E+02  -1.6834102E-23
   4.0415744E+02  -3.9888294E-24
   4.0449118E+02   1.1271229E-23
   4.0482492E+02   2.7736072E-23
   4.0515866E+02   4.3853548E-23
   4.0549240E+02   5.7844696E-23
   4.0582614E+02   6.7867534E-23
   4.0615988E+02   7.2218872E-23
   4.0649361E+02   6.9556428E-23
   4.0682735E+02   5.9117956E-23
   4.0716109E+02   4.0909910E-23
   4.0749483E+02   1.5836705E-23
   4.0782857E+02  -1.4256269E-23
   4.0816231E+02  -4.6646626E-23
   4.0849605E+02  -7.7917559E-23
   4.0882978E+02  -1.0425728E-22
   4.0916352E+02  -1.2185880E-22
   4.0949726E+02  -1.2738795E-22
   4.0983100E+02  -1.1847262E-22
   4.1016474E+02  -9.4155875E-23
   4.1049848E+02  -5.5248795E-23
   4.1083222E+02  -4.5208514E-24
   4.1116595E+02   5.3325079E-23
   4.1149969E+02   1.1192810E-22
   4.1183343E+02   1.6380420E-22
   4.1216717E+02   2.0111870E-22
   4.1250091E+02   2.1663827E-22
   4.1283465E+02   2.0477391E-22
   4.1316839E+02   1.6259446E-22
   4.1350213E+02   9.0675857E-23
   4.1383586E+02  -6.3536916E-24
   4.1416960E+02  -1.1969835E-22
   4.1450334E+02  -2.3680201E-22
   4.1483708E+02  -3.4231929E-22
   4.1517082E+02  -4.1962687E-22
   4.1550456E+02  -4.5277642E-22
   4.1583830E+02  -4.2871553E-22
   4.1617203E+02  -3.3953659E-22
   4.1650577E+02  -1.8446672E-22
   4.1683951E+02   2.8706421E-23
   4.1717325E+02   2.8305978E-22
   4.1750699E+02   5.5303981E-22
   4.1784073E+02   8.0617566E-22
   4.1817447E+02   1.0059982E-21
   4.1850820E+02   1.1160044E-21
   4.1884194E+02   1.1043444E-21
   4.1917568E+02   9.4875920E-22
   4.1950942E+02   6.4117963E-22
   4.1984316E+02   1.9133968E-22
   4.2017690E+02  -3.7123239E-22
   4.2051064E+02  -9.9738484E-22
   4.2084437E+02  -1.6210334E-21
   4.2117811E+02  -2.1644697E-21
   4.2151185E+02  -2.5460773E-21
   4.2184559E+02  -2.6898876E-21
   4.2217933E+02  -2.5360954E-21
   4.2251307E+02  -2.0513627E-21
   4.2284681E+02  -1.2375747E-21
   4.2318054E+02  -1.3767044E-22
   4.2351428E+02   1.1626948E-21
   4.2384802E+02   2.5385832E-21
   4.2418176E+02   3.8347580E-21
   4.2451550E+02   4.8800215E-21
   4.2484924E+02   5.5060296E-21
   4.2518298E+02   5.5689539E-21
   4.2551671E+02   4.9717222E-21
   4.2585045E+02   3.6841061E-21
   4.2618419E+02   1.7577099E-21
   4.2651793E+02  -6.6694668E-22
   4.2685167E+02  -3.3635395E-21
   4.2718541E+02  -6.0346033E-21
   4.2751915E+02  -8.3378772E-21
   4.2785288E+02  -9.9229386E-21
   4.2818662E+02  -1.0475166E-20
   4.2852036E+02  -9.7625778E-21
   4.2885410E+02  -7.6799099E-21
   4.2918784E+02  -4.2836962E-21
   4.2952158E+02   1.8786411E-22
   4.2985532E+02   5.3155123E-21
   4.3018905E+02   1.0523542E-20
   4.3052279E+02   1.5129337E-20
   4.3085653E+02   1.8415667E-20
   4.3119027E+02   1.9720080E-20
   4.3152401E+02   1.8532507E-20
   4.3185775E+02   1.4589508E-20
   4.3219149E+02   7.9519280E-21
   4.3252522E+02  -9.4722823E-22
   4.3285896E+02  -1.1296398E-20
   4.3319270E+02  -2.1948536E-20
   4.3352644E+02  -3.1516522E-20
   4.3386018E+02  -3.8517116E-20
   4.3419392E+02  -4.1552617E-20
   4.3452766E+02  -3.9512214E-20
   4.3486140E+02  -3.1769523E-20
   4.3519513E+02  -1.8349086E-20
   4.3552887E+02  -3.4238330E-23
   4.3586261E+02   2.1607963E-20
   4.3619635E+02   4.4302110E-20
   4.3653009E+02   6.5246785E-20
   4.3686383E+02   8.1397280E-20
   4.3719757E+02   8.9827511E-20
   4.3753130E+02   8.8135784E-20
   4.3786504E+02   7.4847580E-20
   4.3819878E+02   4.9760908E-20
   4.3853252E+02   1.4179175E-20
   4.3886626E+02  -2.9017716E-20
   4.3920000E+02  -7.5499133E-20
   4.3953374E+02  -1.1982118E-19
   4.3986747E+02  -1.5596428E-19
   4.4020121E+02  -1.7803139E-19
   4.4053495E+02  -1.8103988E-19
   4.4086869E+02  -1.6171612E-19
   4.4120243E+02  -1.1919066E-19
   4.4153617E+02  -5.5485802E-20
   4.4186991E+02   2.4298379E-20
   4.4220364E+02   1.1216927E-19
   4.4253738E+02   1.9782928E-19
   4.4287112E+02   2.6964827E-19
   4.4320486E+02   3.1595141E-19
   4.4353860E+02   3.2650101E-19
   4.4387234E+02   2.9401029E-19
   4.4420608E+02   2.1549740E-19
   4.4453981E+02   9.3286980E-20
   4.4487355E+02  -6.4521122E-20
   4.4520729E+02  -2.4424570E-19
   4.4554103E+02  -4.2754820E-19
   4.4587477E+02  -5.9306844E-19
   4.4620851E+02  -7.1866155E-19
   4.4654225E+02  -7.8403725E-19
   4.4687598E+02  -7.7352461E-19
   4.4720972E+02  -6.7863841E-19
   4.4754346E+02  -5.0010321E-19
   4.4787720E+02  -2.4902097E-19
   4.4821094E+02   5.3070616E-20
   4.4854468E+02   3.7539209E-19
   4.4887842E+02   6.8038077E-19
   4.4921215E+02   9.2727122E-19
   4.4954589E+02   1.0765065E-18
   4.4987963E+02   1.0945552E-18
   4.5021337E+02   9.5861155E-19
   4.5054711E+02   6.6062221E-19
   4.5088085E+02   2.1009054E-19
   4.5121459E+02  -3.6478582E-19
   4.5154832E+02  -1.0179485E-18
   4.5188206E+02  -1.6883718E-18
   4.5221580E+02  -2.3048674E-18
   4.5254954E+02  -2.7924004E-18
   4.5288328E+02  -3.0792919E-18
   4.5321702E+02  -3.1044878E-18
   4.5355076E+02  -2.8239851E-18
   4.5388450E+02  -2.2154825E-18
   4.5421823E+02  -1.2804417E-18
   4.5455197E+02  -4.2951457E-20
   4.5488571E+02   1.4548918E-18
   4.5521945E+02   3.1610041E-18
   4.5555319E+02   5.0242297E-18
   4.5588693E+02   7.0072993E-18
   4.5622067E+02   9.1006477E-18
   4.5655440E+02   1.1335767E-17
   4.5688814E+02   1.3796784E-17
   4.5722188E+02   1.6629077E-17
   4.5755562E+02   2.0044178E-17
   4.5788936E+02   2.4320622E-17
   4.5822310E+02   2.9800985E-17
   4.5855684E+02   3.6885929E-17
   4.5889057E+02   4.6026546E-17
   4.5922431E+02   5.7716719E-17
   4.5955805E+02   7.2487247E-17
   4.5989179E+02   9.0903655E-17
   4.6022553E+02   1.1356922E-16
   4.6055927E+02   1.4113414E-16
   4.6089301E+02   1.7431153E-16
   4.6122674E+02   2.1389964E-16
   4.6156048E+02   2.6080970E-16
   4.6189422E+02   3.1609724E-16
   4.6222796E+02   3.8099404E-16
   4.6256170E+02   4.5693822E-16
   4.6289544E+02   5.4559796E-16
   4.6322918E+02   6.4888738E-16
   4.6356291E+02   7.6896737E-16
   4.6389665E+02   9.0823362E-16
   4.6423039E+02   1.0692847E-15
   4.6456413E+02   1.2548727E-15
   4.6489787E+02   1.4678324E-15
   4.6523161E+02   1.7109858E-15
   4.6556535E+02   1.9870264E-15
   4.6589908E+02   2.2983684E-15
   4.6623282E+02   2.6469718E-15
   4.6656656E+02   3.0341084E-15
   4.6690030E+02   3.4600822E-15
   4.6723404E+02   3.9238695E-15
   4.6756778E+02   4.4226623E-15
   4.6790152E+02   4.9512896E-15
   4.6823525E+02   5.5014777E-15
   4.6856899E+02   6.0609133E-15
   4.6890273E+02   6.6120569E-15
   4.6923647E+02   7.1306486E-15
   4.6957021E+02   7.5838383E-15
   4.6990395E+02   7.9278786E-15
   4.7023769E+02   8.1053210E-15
   4.7057142E+02   8.0415546E-15
   4.7090516E+02   7.6406607E-15
   4.7123890E+02   6.7804047E-15
   4.7157264E+02   5.3062243E-15
   4.7190638E+02   3.0241007E-15
   4.7224012E+02  -3.0798457E-16
   4.7257386E+02  -4.9901997E-15
   4.7290760E+02  -1.1392993E-14
   4.7324133E+02  -1.9971458E-14
   4.7357507E+02  -3.1282418E-14
   4.7390881E+02  -4.6004826E-14
   4.7424255E+02  -6.4963741E-14
   4.7457629E+02  -8.9158458E-14
   4.7491003E+02  -1.1979613E-13
   4.7524377E+02  -1.5833068E-13
   4.7557750E+02  -2.0650891E-13
   4.7591124E+02  -2.6642439E-13
   4.7624498E+02  -3.4057962E-13
   4.7657872E+02  -4.3195823E-13
   4.7691246E+02  -5.4411093E-13
   4.7724620E+02  -6.8125128E-13
   4.7757994E+02  -8.4837107E-13
   4.7791367E+02  -1.0513685E-12
   4.7824741E+02  -1.2972033E-12
   4.7858115E+02  -1.5940654E-12
   4.7891489E+02  -1.9515780E-12
   4.7924863E+02  -2.3810253E-12
   4.7958237E+02  -2.8956212E-12
   4.7991611E+02  -3.5107958E-12
   4.8024984E+02  -4.2445574E-12
   4.8058358E+02  -5.1178671E-12
   4.8091732E+02  -6.1550886E-12
   4.8125106E+02  -7.3845019E-12
   4.8158480E+02  -8.8388602E-12
   4.8191854E+02  -1.0556056E-11
   4.8225228E+02  -1.2579827E-11
   4.8258601E+02  -1.4960611E-11
   4.8291975E+02  -1.7756444E-11
   4.8325349E+02  -2.1034020E-11
   4.8358723E+02  -2.4869846E-11
   4.8392097E+02  -2.9351556E-11
   4.8425471E+02  -3.4579353E-11
   4.8458845E+02  -4.0667615E-11
   4.8492218E+02  -4.7746758E-11
   4.8525592E+02  -5.5965114E-11
   4.8558966E+02  -6.5491328E-11
   4.8592340E+02  -7.6516564E-11
   4.8625714E+02  -8.9257449E-11
   4.8659088E+02  -1.0395888E-10
   4.8692462E+02  -1.2089732E-10
   4.8725835E+02  -1.4038430E-10
   4.8759209E+02  -1.6277060E-10
   4.8792583E+02  -1.8844987E-10
   4.8825957E+02  -2.1786398E-10
   4.8859331E+02  -2.5150743E-10
   4.8892705E+02  -2.8993297E-10
   4.8926079E+02  -3.3375752E-10
   4.8959452E+02  -3.8366837E-10
   4.8992826E+02  -4.4042933E-10
   4.9026200E+02  -5.0488896E-10
   4.9059574E+02  -5.7798705E-10
   4.9092948E+02  -6.6076328E-10
   4.9126322E+02  -7.5436712E-10
   4.9159696E+02  -8.6006285E-10
   4.9193069E+02  -9.7924358E-10
   4.9226443E+02  -1.1134392E-09
   4.9259817E+02  -1.2643251E-09
   4.9293191E+02  -1.4337348E-09
   4.9326565E+02  -1.6236723E-09
   4.9359939E+02  -1.8363180E-09
   4.9393313E+02  -2.0740454E-09
   4.9426687E+02  -2.3394287E-09
   4.9460060E+02  -2.6352576E-09
   4.9493434E+02  -2.9645464E-09
   4.9526808E+02  -3.3305443E-09
   4.9560182E+02  -3.7367514E-09
   4.9593556E+02  -4.1869179E-09
   4.9626930E+02  -4.6850661E-09
   4.9660304E+02  -5.2354929E-09
   4.9693677E+02  -5.8427774E-09
   4.9727051E+02  -6.5117844E-09
   4.9760425E+02  -7.2476753E-09
   4.9793799E+02  -8.0559062E-09
   4.9827173E+02  -8.9422318E-09
   4.9860547E+02  -9.9126973E-09
   4.9893921E+02  -1.0973645E-08
   4.9927294E+02  -1.2131696E-08
   4.9960668E+02  -1.3393746E-08
   4.9994042E+02  -1.4766947E-08
   5.0027416E+02  -1.6258703E-08
   5.0060790E+02  -1.7876621E-08
   5.0094164E+02  -1.9628501E-08
   5.0127538E+02  -2.1522323E-08
   5.0160911E+02  -2.3566155E-08
   5.0194285E+02  -2.5768166E-08
   5.0227659E+02  -2.8136535E-08
   5.0261033E+02  -3.0679459E-08
   5.0294407E+02  -3.3405030E-08
   5.0327781E+02  -3.6321168E-08
   5.0361155E+02  -3.9435587E-08
   5.0394528E+02  -4.2755673E-08
   5.0427902E+02  -4.6288477E-08
   5.0461276E+02  -5.0040509E-08
   5.0494650E+02  -5.4017715E-08
   5.0528024E+02  -5.8225343E-08
   5.0561398E+02  -6.2667880E-08
   5.0594772E+02  -6.7348807E-08
   5.0628145E+02  -7.2270630E-08
   5.0661519E+02  -7.7434677E-08
   5.0694893E+02  -8.2840963E-08
   5.0728267E+02  -8.8488029E-08
   5.0761641E+02  -9.4372922E-08
   5.0795015E+02  -1.0049093E-07
   5.0828389E+02  -1.0683551E-07
   5.0861762E+02  -1.1339813E-07
   5.0895136E+02  -1.2016817E-07
   5.0928510E+02  -1.2713267E-07
   5.0961884E+02  -1.3427639E-07
   5.0995258E+02  -1.4158164E-07
   5.1028632E+02  -1.4902784E-07
   5.1062006E+02  -1.5659202E-07
   5.1095379E+02  -1.6424831E-07
   5.1128753E+02  -1.7196783E-07
   5.1162127E+02  -1.7971897E-07
   5.1195501E+02  -1.8746695E-07
   5.1228875E+02  -1.9517402E-07
   5.1262249E+02  -2.0279953E-07
   5.1295623E+02  -2.1029979E-07
   5.1328997E+02  -2.1762793E-07
   5.1362370E+02  -2.2473446E-07
   5.1395744E+02  -2.3156690E-07
   5.1429118E+02  -2.3807007E-07
   5.1462492E+02  -2.4418642E-07
   5.1495866E+02  -2.4985590E-07
   5.1529240E+02  -2.5501618E-07
   5.1562614E+02  -2.5960333E-07
   5.1595987E+02  -2.6355127E-07
   5.1629361E+02  -2.6679282E-07
   5.1662735E+02  -2.6925997E-07
   5.1696109E+02  -2.7088362E-07
   5.1729483E+02  -2.7159456E-07
   5.1762857E+02  -2.7132376E-07
   5.1796231E+02  -2.7000249E-07
   5.1829604E+02  -2.6756322E-07
   5.1862978E+02  -2.6394002E-07
   5.1896352E+02  -2.5906886E-07
   5.1929726E+02  -2.5288801E-07
   5.1963100E+02  -2.4533898E-07
   5.1996474E+02  -2.3636687E-07
   5.2029848E+02  -2.2592110E-07
   5.2063221E+02  -2.1395530E-07
   5.2096595E+02  -2.0042869E-07
   5.2129969E+02  -1.8530622E-07
   5.2163343E+02  -1.6855901E-07
   5.2196717E+02  -1.5016525E-07
   5.2230091E+02  -1.3011000E-07
   5.2263465E+02  -1.0838655E-07
   5.2296838E+02  -8.4996145E-08
   5.2330212E+02  -5.9948704E-08
   5.2363586E+02  -3.3263113E-08
   5.2396960E+02  -4.9675748E-09
   5.2430334E+02   2.4900231E-08
   5.2463708E+02   5.6292905E-08
   5.2497082E+02   8.9152934E-08
   5.2530455E+02   1.2341283E-07
   5.2563829E+02   1.5899525E-07
   5.2597203E+02   1.9581267E-07
   5.2630577E+02   2.3376757E-07
   5.2663951E+02   2.7275294E-07
   5.2697325E+02   3.1265199E-07
   5.2730699E+02   3.5333858E-07
   5.2764072E+02   3.9467830E-07
   5.2797446E+02   4.3652796E-07
   5.2830820E+02   4.7873704E-07
   5.2864194E+02   5.2114655E-07
   5.2897568E+02   5.6359255E-07
   5.2930942E+02   6.0590406E-07
   5.2964316E+02   6.4790589E-07
   5.2997689E+02   6.8941779E-07
   5.3031063E+02   7.3025711E-07
   5.3064437E+02   7.7023788E-07
   5.3097811E+02   8.0917391E-07
   5.3131185E+02   8.4687758E-07
   5.3164559E+02   8.8316233E-07
   5.3197933E+02   9.1784381E-07
   5.3231306E+02   9.5074006E-07
   5.3264680E+02   9.8167311E-07
   5.3298054E+02   1.0104702E-06
   5.3331428E+02   1.0369647E-06
   5.3364802E+02   1.0609972E-06
   5.3398176E+02   1.0824160E-06
   5.3431550E+02   1.1010798E-06
   5.3464924E+02   1.1168563E-06
   5.3498297E+02   1.1296256E-06
   5.3531671E+02   1.1392787E-06
   5.3565045E+02   1.1457200E-06
   5.3598419E+02   1.1488678E-06
   5.3631793E+02   1.1486546E-06
   5.3665167E+02   1.1450267E-06
   5.3698541E+02   1.1379476E-06
   5.3731914E+02   1.1273949E-06
   5.3765288E+02   1.1133631E-06
   5.3798662E+02   1.0958634E-06
   5.3832036E+02   1.0749227E-06
   5.3865410E+02   1.0505848E-06
   5.3898784E+02   1.0229094E-06
   5.3932158E+02   9.9197268E-07
   5.3965531E+02   9.5786754E-07
   5.3998905E+02   9.2070150E-07
   5.4032279E+02   8.8059767E-07
   5.4065653E+02   8.3769265E-07
   5.4099027E+02   7.9213862E-07
   5.4132401E+02   7.4409979E-07
   5.4165775E+02   6.9375199E-07
   5.4199148E+02   6.4128380E-07
   5.4232522E+02   5.8689318E-07
   5.4265896E+02   5.3078776E-07
   5.4299270E+02   4.7318269E-07
   5.4332644E+02   4.1430121E-07
   5.4366018E+02   3.5437159E-07
   5.4399392E+02   2.9362684E-07
   5.4432765E+02   2.3230332E-07
   5.4466139E+02   1.7063928E-07
   5.4499513E+02   1.0887402E-07
   5.4532887E+02   4.7245976E-08
   5.4566261E+02  -1.4008123E-08
   5.4599635E+02  -7.4654622E-08
   5.4633009E+02  -1.3446433E-07
   5.4666382E+02  -1.9321351E-07
   5.4699756E+02  -2.5068505E-07
   5.4733130E+02  -3.0666990E-07
   5.4766504E+02  -3.6096739E-07
   5.4799878E+02  -4.1338706E-07
   5.4833252E+02  -4.6374907E-07
   5.4866626E+02  -5.1188573E-07
   5.4899999E+02  -5.5764082E-07
   5.4933373E+02  -6.0087206E-07
   5.4966747E+02  -6.4145024E-07
   5.5000121E+02  -6.7926061E-07
   5.5033495E+02  -7.1420288E-07
   5.5066869E+02  -7.4619248E-07
   5.5100243E+02  -7.7515830E-07
   5.5133616E+02  -8.0104644E-07
   5.5166990E+02  -8.2381695E-07
   5.5200364E+02  -8.4344640E-07
   5.5233738E+02  -8.5992554E-07
   5.5267112E+02  -8.7326038E-07
   5.5300486E+02  -8.8347127E-07
   5.5333860E+02  -8.9059427E-07
   5.5367234E+02  -8.9467687E-07
   5.5400607E+02  -8.9578123E-07
   5.5433981E+02  -8.9398247E-07
   5.5467355E+02  -8.8936656E-07
   5.5500729E+02  -8.8203171E-07
   5.5534103E+02  -8.7208605E-07
   5.5567477E+02  -8.5964689E-07
   5.5600851E+02  -8.4484145E-07
   5.5634224E+02  -8.2780372E-07
   5.5667598E+02  -8.0867517E-07
   5.5700972E+02  -7.8760331E-07
   5.5734346E+02  -7.6474049E-07
   5.5767720E+02  -7.4024319E-07
   5.5801094E+02  -7.1427098E-07
   5.5834468E+02  -6.8698535E-07
   5.5867841E+02  -6.5854988E-07
   5.5901215E+02  -6.2912738E-07
   5.5934589E+02  -5.9888055E-07
   5.5967963E+02  -5.6797080E-07
   5.6001337E+02  -5.3655668E-07
   5.6034711E+02  -5.0479417E-07
   5.6068085E+02  -4.7283487E-07
   5.6101458E+02  -4.4082606E-07
   5.6134832E+02  -4.0890956E-07
   5.6168206E+02  -3.7722148E-07
   5.6201580E+02  -3.4589104E-07
   5.6234954E+02  -3.1504095E-07
   5.6268328E+02  -2.8478624E-07
   5.6301702E+02  -2.5523406E-07
   5.6335075E+02  -2.2648318E-07
   5.6368449E+02  -1.9862453E-07
   5.6401823E+02  -1.7173969E-07
   5.6435197E+02  -1.4590191E-07
   5.6468571E+02  -1.2117520E-07
   5.6501945E+02  -9.7614816E-08
   5.6535319E+02  -7.5266897E-08
   5.6568692E+02  -5.4168794E-08
   5.6602066E+02  -3.4349199E-08
   5.6635440E+02  -1.5828128E-08
   5.6668814E+02   1.3827730E-09
   5.6702188E+02   1.7279667E-08
   5.6735562E+02   3.1866691E-08
   5.6768936E+02   4.5155254E-08
   5.6802309E+02   5.7163781E-08
   5.6835683E+02   6.7917263E-08
   5.6869057E+02   7.7446856E-08
   5.6902431E+02   8.5789296E-08
   5.6935805E+02   9.2986582E-08
   5.6969179E+02   9.9085248E-08
   5.7002553E+02   1.0413605E-07
   5.7035926E+02   1.0819324E-07
   5.7069300E+02   1.1131420E-07
   5.7102674E+02   1.1355869E-07
   5.7136048E+02   1.1498852E-07
   5.7169422E+02   1.1566689E-07
   5.7202796E+02   1.1565793E-07
   5.7236170E+02   1.1502611E-07
   5.7269543E+02   1.1383588E-07
   5.7302917E+02   1.1215104E-07
   5.7336291E+02   1.1003452E-07
   5.7369665E+02   1.0754767E-07
   5.7403039E+02   1.0475009E-07
   5.7436413E+02   1.0169914E-07
   5.7469787E+02   9.8449704E-08
   5.7503161E+02   9.5053778E-08
   5.7536534E+02   9.1560239E-08
   5.7569908E+02   8.8014652E-08
   5.7603282E+02   8.4459060E-08
   5.7636656E+02   8.0931756E-08
   5.7670030E+02   7.7467270E-08
   5.7703404E+02   7.4096207E-08
   5.7736778E+02   7.0845203E-08
   5.7770151E+02   6.7736906E-08
   5.7803525E+02   6.4789930E-08
   5.7836899E+02   6.2019112E-08
   5.7870273E+02   5.9435273E-08
   5.7903647E+02   5.7045604E-08
   5.7937021E+02   5.4853608E-08
   5.7970395E+02   5.2859424E-08
   5.8003768E+02   5.1059871E-08
   5.8037142E+02   4.9448737E-08
   5.8070516E+02   4.8017018E-08
   5.8103890E+02   4.6753051E-08
   5.8137264E+02   4.5642953E-08
   5.8170638E+02   4.4670742E-08
   5.8204012E+02   4.3818591E-08
   5.8237385E+02   4.3067235E-08
   5.8270759E+02   4.2396124E-08
   5.8304133E+02   4.1783796E-08
   5.8337507E+02   4.1208089E-08
   5.8370881E+02   4.0646434E-08
   5.8404255E+02   4.0076184E-08
   5.8437629E+02   3.9474848E-08
   5.8471002E+02   3.8820303E-08
   5.8504376E+02   3.8091063E-08
   5.8537750E+02   3.7266549E-08
   5.8571124E+02   3.6327272E-08
   5.8604498E+02   3.5255006E-08
   5.8637872E+02   3.4032990E-08
   5.8671246E+02   3.2646096E-08
   5.8704619E+02   3.1080919E-08
   5.8737993E+02   2.9326028E-08
   5.8771367E+02   2.7371936E-08
   5.8804741E+02   2.5211227E-08
   5.8838115E+02   2.2838655E-08
   5.8871489E+02   2.0251180E-08
   5.8904863E+02   1.7447922E-08
   5.8938236E+02   1.4430318E-08
   5.8971610E+02   1.1201944E-08
   5.9004984E+02   7.7686160E-09
   5.9038358E+02   4.1382613E-09
   5.9071732E+02   3.2088110E-10
   5.9105106E+02  -3.6714951E-09
   5.9138480E+02  -7.8249371E-09
   5.9171853E+02  -1.2123657E-08
   5.9205227E+02  -1.6550196E-08
   5.9238601E+02  -2.1085441E-08
   5.9271975E+02  -2.5708871E-08
   5.9305349E+02  -3.0398596E-08
   5.9338723E+02  -3.5131549E-08
   5.9372097E+02  -3.9883659E-08
   5.9405471E+02  -4.4629957E-08
   5.9438844E+02  -4.9344749E-08
   5.9472218E+02  -5.4001859E-08
   5.9505592E+02  -5.8574756E-08
   5.9538966E+02  -6.3036595E-08
   5.9572340E+02  -6.7360645E-08
   5.9605714E+02  -7.1520233E-08
   5.9639088E+02  -7.5488984E-08
   5.9672461E+02  -7.9241048E-08
   5.9705835E+02  -8.2751185E-08
   5.9739209E+02  -8.5995012E-08
   5.9772583E+02  -8.8949179E-08
   5.9805957E+02  -9.1591232E-08
   5.9839331E+02  -9.3900312E-08
   5.9872705E+02  -9.5856748E-08
   5.9906078E+02  -9.7442609E-08
   5.9939452E+02  -9.8641578E-08
   5.9972826E+02  -9.9439177E-08
   6.0006200E+02  -9.9822756E-08
   6.0039574E+02  -9.9781943E-08
   6.0072948E+02  -9.9308338E-08
   6.0106322E+02  -9.8395816E-08
   6.0139695E+02  -9.7040669E-08
   6.0173069E+02  -9.5241390E-08
   6.0206443E+02  -9.2999045E-08
   6.0239817E+02  -9.0317187E-08
   6.0273191E+02  -8.7201855E-08
   6.0306565E+02  -8.3661533E-08
   6.0339939E+02  -7.9707419E-08
   6.0373312E+02  -7.5353356E-08
   6.0406686E+02  -7.0615272E-08
   6.0440060E+02  -6.5512054E-08
   6.0473434E+02  -6.0064664E-08
   6.0506808E+02  -5.4296542E-08
   6.0540182E+02  -4.8233453E-08
   6.0573556E+02  -4.1903135E-08
   6.0606929E+02  -3.5335567E-08
   6.0640303E+02  -2.8562617E-08
   6.0673677E+02  -2.1617776E-08
   6.0707051E+02  -1.4536376E-08
   6.0740425E+02  -7.3550370E-09
   6.0773799E+02  -1.1178436E-10
   6.0807173E+02   7.1544193E-09
   6.0840546E+02   1.4403668E-08
   6.0873920E+02   2.1595383E-08
   6.0907294E+02   2.8688646E-08
   6.0940668E+02   3.5642273E-08
   6.0974042E+02   4.2415280E-08
   6.1007416E+02   4.8966783E-08
   6.1040790E+02   5.5256564E-08
   6.1074163E+02   6.1245217E-08
   6.1107537E+02   6.6894302E-08
   6.1140911E+02   7.2166756E-08
   6.1174285E+02   7.7026812E-08
   6.1207659E+02   8.1440874E-08
   6.1241033E+02   8.5376684E-08
   6.1274407E+02   8.8804853E-08
   6.1307781E+02   9.1697956E-08
   6.1341154E+02   9.4031066E-08
   6.1374528E+02   9.5782212E-08
   6.1407902E+02   9.6932240E-08
   6.1441276E+02   9.7464920E-08
   6.1474650E+02   9.7367206E-08
   6.1508024E+02   9.6629236E-08
   6.1541398E+02   9.5244502E-08
   6.1574771E+02   9.3209763E-08
   6.1608145E+02   9.0525248E-08
   6.1641519E+02   8.7194394E-08
   6.1674893E+02   8.3224023E-08
   6.1708267E+02   7.8624254E-08
   6.1741641E+02   7.3408643E-08
   6.1775015E+02   6.7593561E-08
   6.1808388E+02   6.1198421E-08
   6.1841762E+02   5.4245760E-08
   6.1875136E+02   4.6760618E-08
   6.1908510E+02   3.8770793E-08
   6.1941884E+02   3.0306182E-08
   6.1975258E+02   2.1398989E-08
   6.2008632E+02   1.2083305E-08
   6.2042005E+02   2.3948559E-09
   6.2075379E+02  -7.6291826E-09
   6.2108753E+02  -1.7950370E-08
   6.2142127E+02  -2.8529499E-08
   6.2175501E+02  -3.9326473E-08
   6.2208875E+02  -5.0300947E-08
   6.2242249E+02  -6.1412365E-08
   6.2275622E+02  -7.2620239E-08
   6.2308996E+02  -8.3884416E-08
   6.2342370E+02  -9.5165326E-08
   6.2375744E+02  -1.0642417E-07
   6.2409118E+02  -1.1762319E-07
   6.2442492E+02  -1.2872567E-07
   6.2475866E+02  -1.3969633E-07
   6.2509239E+02  -1.5050153E-07
   6.2542613E+02  -1.6110886E-07
   6.2575987E+02  -1.7148815E-07
   6.2609361E+02  -1.8161060E-07
   6.2642735E+02  -1.9144959E-07
   6.2676109E+02  -2.0098021E-07
   6.2709483E+02  -2.1017955E-07
   6.2742856E+02  -2.1902652E-07
   6.2776230E+02  -2.2750199E-07
   6.2809604E+02  -2.3558829E-07
   6.2842978E+02  -2.4326994E-07
   6.2876352E+02  -2.5053248E-07
   6.2909726E+02  -2.5736327E-07
   6.2943100E+02  -2.6375074E-07
   6.2976473E+02  -2.6968451E-07
   6.3009847E+02  -2.7515495E-07
   6.3043221E+02  -2.8015342E-07
   6.3076595E+02  -2.8467167E-07
   6.3109969E+02  -2.8870173E-07
   6.3143343E+02  -2.9223597E-07
   6.3176717E+02  -2.9526626E-07
   6.3210090E+02  -2.9778477E-07
   6.3243464E+02  -2.9978253E-07
   6.3276838E+02  -3.0125017E-07
   6.3310212E+02  -3.0217799E-07
   6.3343586E+02  -3.0255441E-07
   6.3376960E+02  -3.0236731E-07
   6.3410334E+02  -3.0160317E-07
   6.3443708E+02  -3.0024722E-07
   6.3477081E+02  -2.9828317E-07
   6.3510455E+02  -2.9569327E-07
   6.3543829E+02  -2.9245868E-07
   6.3577203E+02  -2.8855897E-07
   6.3610577E+02  -2.8397238E-07
   6.3643951E+02  -2.7867597E-07
   6.3677325E+02  -2.7264596E-07
   6.3710698E+02  -2.6585721E-07
   6.3744072E+02  -2.5828442E-07
   6.3777446E+02  -2.4990138E-07
   6.3810820E+02  -2.4068206E-07
   6.3844194E+02  -2.3060048E-07
   6.3877568E+02  -2.1963091E-07
   6.3910942E+02  -2.0774851E-07
   6.3944315E+02  -1.9492973E-07
   6.3977689E+02  -1.8115226E-07
   6.4011063E+02  -1.6639606E-07
   6.4044437E+02  -1.5064344E-07
   6.4077811E+02  -1.3387921E-07
   6.4111185E+02  -1.1609180E-07
   6.4144559E+02  -9.7273002E-08
   6.4177932E+02  -7.7418647E-08
   6.4211306E+02  -5.6529245E-08
   6.4244680E+02  -3.4610018E-08
   6.4278054E+02  -1.1671411E-08
   6.4311428E+02   1.2270704E-08
   6.4344802E+02   3.7194503E-08
   6.4378176E+02   6.3072022E-08
   6.4411549E+02   8.9869047E-08
   6.4444923E+02   1.1754464E-07
   6.4478297E+02   1.4605118E-07
   6.4511671E+02   1.7533425E-07
   6.4545045E+02   2.0533280E-07
   6.4578419E+02   2.3597862E-07
   6.4611793E+02   2.6719684E-07
   6.4645166E+02   2.9890589E-07
   6.4678540E+02   3.3101773E-07
   6.4711914E+02   3.6343801E-07
   6.4745288E+02   3.9606658E-07
   6.4778662E+02   4.2879745E-07
   6.4812036E+02   4.6151956E-07
   6.4845410E+02   4.9411710E-07
   6.4878783E+02   5.2646999E-07
   6.4912157E+02   5.5845442E-07
   6.4945531E+02   5.8994374E-07
   6.4978905E+02   6.2080835E-07
   6.5012279E+02   6.5091734E-07
   6.5045653E+02   6.8013890E-07
   6.5079027E+02   7.0834051E-07
   6.5112400E+02   7.3539059E-07
   6.5145774E+02   7.6115896E-07
   6.5179148E+02   7.8551653E-07
   6.5212522E+02   8.0833865E-07
   6.5245896E+02   8.2950294E-07
   6.5279270E+02   8.4889274E-07
   6.5312644E+02   8.6639540E-07
   6.5346018E+02   8.8190558E-07
   6.5379391E+02   8.9532421E-07
   6.5412765E+02   9.0655919E-07
   6.5446139E+02   9.1552749E-07
   6.5479513E+02   9.2215470E-07
   6.5512887E+02   9.2637492E-07
   6.5546261E+02   9.2813360E-07
   6.5579635E+02   9.2738588E-07
   6.5613008E+02   9.2409675E-07
   6.5646382E+02   9.1824450E-07
   6.5679756E+02   9.0981666E-07
   6.5713130E+02   8.9881371E-07
   6.5746504E+02   8.8524712E-07
   6.5779878E+02   8.6914105E-07
   6.5813252E+02   8.5053080E-07
   6.5846625E+02   8.2946354E-07
   6.5879999E+02   8.0599818E-07
   6.5913373E+02   7.8020480E-07
   6.5946747E+02   7.5216485E-07
   6.5980121E+02   7.2197020E-07
   6.6013495E+02   6.8972315E-07
