  -7.8094826E+01   0.0000000E+00
  -7.7761087E+01   0.0000000E+00
  -7.7427349E+01   0.0000000E+00
  -7.7093610E+01   0.0000000E+00
  -7.6759871E+01   0.0000000E+00
  -7.6426133E+01   0.0000000E+00
  -7.6092394E+01   0.0000000E+00
  -7.5758656E+01   0.0000000E+00
  -7.5424917E+01   0.0000000E+00
  -7.5091178E+01   0.0000000E+00
  -7.4757440E+01   0.0000000E+00
  -7.4423701E+01   0.0000000E+00
  -7.4089963E+01   0.0000000E+00
  -7.3756224E+01   0.0000000E+00
  -7.3422485E+01   0.0000000E+00
  -7.3088747E+01   0.0000000E+00
  -7.2755008E+01   0.0000000E+00
  -7.2421270E+01   0.0000000E+00
  -7.2087531E+01   0.0000000E+00
  -7.1753792E+01   0.0000000E+00
  -7.1420054E+01   0.0000000E+00
  -7.1086315E+01   0.0000000E+00
  -7.0752577E+01   0.0000000E+00
  -7.0418838E+01   0.0000000E+00
  -7.0085099E+01   0.0000000E+00
  -6.9751361E+01   0.0000000E+00
  -6.9417622E+01   0.0000000E+00
  -6.9083884E+01   0.0000000E+00
  -6.8750145E+01   0.0000000E+00
  -6.8416406E+01   0.0000000E+00
  -6.8082668E+01   0.0000000E+00
  -6.7748929E+01   0.0000000E+00
  -6.7415191E+01   0.0000000E+00
  -6.7081452E+01   0.0000000E+00
  -6.6747714E+01   0.0000000E+00
  -6.6413975E+01   0.0000000E+00
  -6.6080236E+01   0.0000000E+00
  -6.5746498E+01   0.0000000E+00
  -6.5412759E+01   0.0000000E+00
  -6.5079021E+01   0.0000000E+00
  -6.4745282E+01   0.0000000E+00
  -6.4411543E+01   0.0000000E+00
  -6.4077805E+01   0.0000000E+00
  -6.3744066E+01   0.0000000E+00
  -6.3410328E+01   0.0000000E+00
  -6.3076589E+01   0.0000000E+00
  -6.2742850E+01   0.0000000E+00
  -6.2409112E+01   0.0000000E+00
  -6.2075373E+01   0.0000000E+00
  -6.1741635E+01   0.0000000E+00
  -6.1407896E+01   0.0000000E+00
  -6.1074157E+01   0.0000000E+00
  -6.0740419E+01   0.0000000E+00
  -6.0406680E+01   0.0000000E+00
  -6.0072942E+01   0.0000000E+00
  -5.9739203E+01   0.0000000E+00
  -5.9405464E+01   0.0000000E+00
  -5.9071726E+01   0.0000000E+00
  -5.8737987E+01   0.0000000E+00
  -5.8404249E+01   0.0000000E+00
  -5.8070510E+01   0.0000000E+00
  -5.7736771E+01   0.0000000E+00
  -5.7403033E+01   0.0000000E+00
  -5.7069294E+01   0.0000000E+00
  -5.6735556E+01   0.0000000E+00
  -5.6401817E+01   0.0000000E+00
  -5.6068078E+01   0.0000000E+00
  -5.5734340E+01   0.0000000E+00
  -5.5400601E+01   0.0000000E+00
  -5.5066863E+01   0.0000000E+00
  -5.4733124E+01   0.0000000E+00
  -5.4399385E+01   0.0000000E+00
  -5.4065647E+01   0.0000000E+00
  -5.3731908E+01   0.0000000E+00
  -5.3398170E+01   0.0000000E+00
  -5.3064431E+01   0.0000000E+00
  -5.2730693E+01   0.0000000E+00
  -5.2396954E+01   0.0000000E+00
  -5.2063215E+01   0.0000000E+00
  -5.1729477E+01   0.0000000E+00
  -5.1395738E+01   0.0000000E+00
  -5.1062000E+01   0.0000000E+00
  -5.0728261E+01   0.0000000E+00
  -5.0394522E+01   0.0000000E+00
  -5.0060784E+01   0.0000000E+00
  -4.9727045E+01   0.0000000E+00
  -4.9393307E+01   0.0000000E+00
  -4.9059568E+01   0.0000000E+00
  -4.8725829E+01   0.0000000E+00
  -4.8392091E+01   0.0000000E+00
  -4.8058352E+01   0.0000000E+00
  -4.7724614E+01   0.0000000E+00
  -4.7390875E+01   0.0000000E+00
  -4.7057136E+01   0.0000000E+00
  -4.6723398E+01   0.0000000E+00
  -4.6389659E+01   0.0000000E+00
  -4.6055921E+01   0.0000000E+00
  -4.5722182E+01   0.0000000E+00
  -4.5388443E+01   0.0000000E+00
  -4.5054705E+01   0.0000000E+00
  -4.4720966E+01   0.0000000E+00
  -4.4387228E+01   0.0000000E+00
  -4.4053489E+01   0.0000000E+00
  -4.3719750E+01   0.0000000E+00
  -4.3386012E+01   0.0000000E+00
  -4.3052273E+01   0.0000000E+00
  -4.2718535E+01   0.0000000E+00
  -4.2384796E+01   0.0000000E+00
  -4.2051057E+01   0.0000000E+00
  -4.1717319E+01   0.0000000E+00
  -4.1383580E+01   0.0000000E+00
  -4.1049842E+01   0.0000000E+00
  -4.0716103E+01   0.0000000E+00
  -4.0382364E+01   0.0000000E+00
  -4.0048626E+01   0.0000000E+00
  -3.9714887E+01   0.0000000E+00
  -3.9381149E+01   0.0000000E+00
  -3.9047410E+01   0.0000000E+00
  -3.8713672E+01   0.0000000E+00
  -3.8379933E+01   0.0000000E+00
  -3.8046194E+01   0.0000000E+00
  -3.7712456E+01   0.0000000E+00
  -3.7378717E+01   0.0000000E+00
  -3.7044979E+01   0.0000000E+00
  -3.6711240E+01   0.0000000E+00
  -3.6377501E+01   0.0000000E+00
  -3.6043763E+01   0.0000000E+00
  -3.5710024E+01   0.0000000E+00
  -3.5376286E+01   0.0000000E+00
  -3.5042547E+01   0.0000000E+00
  -3.4708808E+01   0.0000000E+00
  -3.4375070E+01   0.0000000E+00
  -3.4041331E+01   0.0000000E+00
  -3.3707593E+01   0.0000000E+00
  -3.3373854E+01   0.0000000E+00
  -3.3040115E+01   0.0000000E+00
  -3.2706377E+01   0.0000000E+00
  -3.2372638E+01   0.0000000E+00
  -3.2038900E+01   0.0000000E+00
  -3.1705161E+01   0.0000000E+00
  -3.1371422E+01   0.0000000E+00
  -3.1037684E+01   0.0000000E+00
  -3.0703945E+01   0.0000000E+00
  -3.0370207E+01   0.0000000E+00
  -3.0036468E+01   0.0000000E+00
  -2.9702729E+01   0.0000000E+00
  -2.9368991E+01   0.0000000E+00
  -2.9035252E+01   0.0000000E+00
  -2.8701514E+01   0.0000000E+00
  -2.8367775E+01   0.0000000E+00
  -2.8034036E+01   0.0000000E+00
  -2.7700298E+01   0.0000000E+00
  -2.7366559E+01   0.0000000E+00
  -2.7032821E+01   0.0000000E+00
  -2.6699082E+01   0.0000000E+00
  -2.6365343E+01   0.0000000E+00
  -2.6031605E+01   0.0000000E+00
  -2.5697866E+01   0.0000000E+00
  -2.5364128E+01   0.0000000E+00
  -2.5030389E+01   0.0000000E+00
  -2.4696651E+01   0.0000000E+00
  -2.4362912E+01   0.0000000E+00
  -2.4029173E+01   0.0000000E+00
  -2.3695435E+01   0.0000000E+00
  -2.3361696E+01   0.0000000E+00
  -2.3027958E+01   0.0000000E+00
  -2.2694219E+01   0.0000000E+00
  -2.2360480E+01   0.0000000E+00
  -2.2026742E+01   0.0000000E+00
  -2.1693003E+01   0.0000000E+00
  -2.1359265E+01   0.0000000E+00
  -2.1025526E+01   0.0000000E+00
  -2.0691787E+01   0.0000000E+00
  -2.0358049E+01   0.0000000E+00
  -2.0024310E+01   0.0000000E+00
  -1.9690572E+01   0.0000000E+00
  -1.9356833E+01   0.0000000E+00
  -1.9023094E+01   0.0000000E+00
  -1.8689356E+01   0.0000000E+00
  -1.8355617E+01   0.0000000E+00
  -1.8021879E+01   0.0000000E+00
  -1.7688140E+01   0.0000000E+00
  -1.7354401E+01   0.0000000E+00
  -1.7020663E+01   0.0000000E+00
  -1.6686924E+01   0.0000000E+00
  -1.6353186E+01   0.0000000E+00
  -1.6019447E+01   0.0000000E+00
  -1.5685708E+01   0.0000000E+00
  -1.5351970E+01   0.0000000E+00
  -1.5018231E+01   0.0000000E+00
  -1.4684493E+01   0.0000000E+00
  -1.4350754E+01   0.0000000E+00
  -1.4017015E+01   0.0000000E+00
  -1.3683277E+01   0.0000000E+00
  -1.3349538E+01   0.0000000E+00
  -1.3015800E+01   0.0000000E+00
  -1.2682061E+01   0.0000000E+00
  -1.2348322E+01   0.0000000E+00
  -1.2014584E+01   0.0000000E+00
  -1.1680845E+01   0.0000000E+00
  -1.1347107E+01   0.0000000E+00
  -1.1013368E+01   0.0000000E+00
  -1.0679630E+01   0.0000000E+00
  -1.0345891E+01   0.0000000E+00
  -1.0012152E+01   0.0000000E+00
  -9.6784137E+00   0.0000000E+00
  -9.3446751E+00   0.0000000E+00
  -9.0109365E+00   0.0000000E+00
  -8.6771979E+00   0.0000000E+00
  -8.3434593E+00   0.0000000E+00
  -8.0097207E+00   0.0000000E+00
  -7.6759821E+00   0.0000000E+00
  -7.3422436E+00   0.0000000E+00
  -7.0085050E+00   0.0000000E+00
  -6.6747664E+00   0.0000000E+00
  -6.3410278E+00   0.0000000E+00
  -6.0072892E+00   0.0000000E+00
  -5.6735506E+00   0.0000000E+00
  -5.3398120E+00   0.0000000E+00
  -5.0060734E+00   0.0000000E+00
  -4.6723348E+00   0.0000000E+00
  -4.3385962E+00   0.0000000E+00
  -4.0048576E+00   0.0000000E+00
  -3.6711190E+00   0.0000000E+00
  -3.3373804E+00   0.0000000E+00
  -3.0036418E+00   0.0000000E+00
  -2.6699032E+00   0.0000000E+00
  -2.3361646E+00   0.0000000E+00
  -2.0024260E+00   0.0000000E+00
  -1.6686874E+00   0.0000000E+00
  -1.3349488E+00   0.0000000E+00
  -1.0012102E+00   0.0000000E+00
  -6.6747165E-01   0.0000000E+00
  -3.3373305E-01   0.0000000E+00
   5.5432320E-06   0.0000000E+00
   3.3374414E-01   0.0000000E+00
   6.6748273E-01   0.0000000E+00
   1.0012213E+00   0.0000000E+00
   1.3349599E+00   0.0000000E+00
   1.6686985E+00   0.0000000E+00
   2.0024371E+00   0.0000000E+00
   2.3361757E+00   0.0000000E+00
   2.6699143E+00   0.0000000E+00
   3.0036529E+00   0.0000000E+00
   3.3373915E+00   0.0000000E+00
   3.6711301E+00   0.0000000E+00
   4.0048687E+00   0.0000000E+00
   4.3386073E+00   0.0000000E+00
   4.6723459E+00   0.0000000E+00
   5.0060845E+00   0.0000000E+00
   5.3398231E+00   0.0000000E+00
   5.6735617E+00   0.0000000E+00
   6.0073003E+00   0.0000000E+00
   6.3410389E+00   0.0000000E+00
   6.6747774E+00   0.0000000E+00
   7.0085160E+00   0.0000000E+00
   7.3422546E+00   0.0000000E+00
   7.6759932E+00   0.0000000E+00
   8.0097318E+00   0.0000000E+00
   8.3434704E+00   0.0000000E+00
   8.6772090E+00   0.0000000E+00
   9.0109476E+00   0.0000000E+00
   9.3446862E+00   0.0000000E+00
   9.6784248E+00   0.0000000E+00
   1.0012163E+01   0.0000000E+00
   1.0345902E+01   0.0000000E+00
   1.0679641E+01   0.0000000E+00
   1.1013379E+01   0.0000000E+00
   1.1347118E+01   0.0000000E+00
   1.1680856E+01   0.0000000E+00
   1.2014595E+01   0.0000000E+00
   1.2348334E+01   0.0000000E+00
   1.2682072E+01   0.0000000E+00
   1.3015811E+01   0.0000000E+00
   1.3349549E+01   0.0000000E+00
   1.3683288E+01   0.0000000E+00
   1.4017027E+01   0.0000000E+00
   1.4350765E+01   0.0000000E+00
   1.4684504E+01   0.0000000E+00
   1.5018242E+01   0.0000000E+00
   1.5351981E+01   0.0000000E+00
   1.5685720E+01   0.0000000E+00
   1.6019458E+01   0.0000000E+00
   1.6353197E+01   0.0000000E+00
   1.6686935E+01   0.0000000E+00
   1.7020674E+01   0.0000000E+00
   1.7354412E+01   0.0000000E+00
   1.7688151E+01   0.0000000E+00
   1.8021890E+01   0.0000000E+00
   1.8355628E+01   0.0000000E+00
   1.8689367E+01   0.0000000E+00
   1.9023105E+01   0.0000000E+00
   1.9356844E+01   0.0000000E+00
   1.9690583E+01   0.0000000E+00
   2.0024321E+01   0.0000000E+00
   2.0358060E+01   0.0000000E+00
   2.0691798E+01   0.0000000E+00
   2.1025537E+01   0.0000000E+00
   2.1359276E+01   0.0000000E+00
   2.1693014E+01   0.0000000E+00
   2.2026753E+01   0.0000000E+00
   2.2360491E+01   0.0000000E+00
   2.2694230E+01   0.0000000E+00
   2.3027969E+01   0.0000000E+00
   2.3361707E+01   0.0000000E+00
   2.3695446E+01   0.0000000E+00
   2.4029184E+01   0.0000000E+00
   2.4362923E+01   0.0000000E+00
   2.4696662E+01   0.0000000E+00
   2.5030400E+01   0.0000000E+00
   2.5364139E+01   0.0000000E+00
   2.5697877E+01   0.0000000E+00
   2.6031616E+01   0.0000000E+00
   2.6365355E+01   0.0000000E+00
   2.6699093E+01   0.0000000E+00
   2.7032832E+01   0.0000000E+00
   2.7366570E+01   0.0000000E+00
   2.7700309E+01   0.0000000E+00
   2.8034048E+01   0.0000000E+00
   2.8367786E+01   0.0000000E+00
   2.8701525E+01   0.0000000E+00
   2.9035263E+01   0.0000000E+00
   2.9369002E+01   0.0000000E+00
   2.9702741E+01   0.0000000E+00
   3.0036479E+01   0.0000000E+00
   3.0370218E+01   0.0000000E+00
   3.0703956E+01   0.0000000E+00
   3.1037695E+01   0.0000000E+00
   3.1371433E+01   0.0000000E+00
   3.1705172E+01   0.0000000E+00
   3.2038911E+01   0.0000000E+00
   3.2372649E+01   0.0000000E+00
   3.2706388E+01   0.0000000E+00
   3.3040126E+01   0.0000000E+00
   3.3373865E+01   0.0000000E+00
   3.3707604E+01   0.0000000E+00
   3.4041342E+01   0.0000000E+00
   3.4375081E+01   0.0000000E+00
   3.4708819E+01   0.0000000E+00
   3.5042558E+01   0.0000000E+00
   3.5376297E+01   0.0000000E+00
   3.5710035E+01   0.0000000E+00
   3.6043774E+01   0.0000000E+00
   3.6377512E+01   0.0000000E+00
   3.6711251E+01   0.0000000E+00
   3.7044990E+01   0.0000000E+00
   3.7378728E+01   0.0000000E+00
   3.7712467E+01   0.0000000E+00
   3.8046205E+01   0.0000000E+00
   3.8379944E+01   0.0000000E+00
   3.8713683E+01   0.0000000E+00
   3.9047421E+01   0.0000000E+00
   3.9381160E+01   0.0000000E+00
   3.9714898E+01   0.0000000E+00
   4.0048637E+01   0.0000000E+00
   4.0382376E+01   0.0000000E+00
   4.0716114E+01   0.0000000E+00
   4.1049853E+01   0.0000000E+00
   4.1383591E+01   0.0000000E+00
   4.1717330E+01   0.0000000E+00
   4.2051069E+01   0.0000000E+00
   4.2384807E+01   0.0000000E+00
   4.2718546E+01   0.0000000E+00
   4.3052284E+01   0.0000000E+00
   4.3386023E+01   0.0000000E+00
   4.3719762E+01   0.0000000E+00
   4.4053500E+01   0.0000000E+00
   4.4387239E+01   0.0000000E+00
   4.4720977E+01   0.0000000E+00
   4.5054716E+01   0.0000000E+00
   4.5388454E+01   0.0000000E+00
   4.5722193E+01   0.0000000E+00
   4.6055932E+01   0.0000000E+00
   4.6389670E+01   0.0000000E+00
   4.6723409E+01   0.0000000E+00
   4.7057147E+01   0.0000000E+00
   4.7390886E+01   0.0000000E+00
   4.7724625E+01   0.0000000E+00
   4.8058363E+01   0.0000000E+00
   4.8392102E+01   0.0000000E+00
   4.8725840E+01   0.0000000E+00
   4.9059579E+01   0.0000000E+00
   4.9393318E+01   0.0000000E+00
   4.9727056E+01   0.0000000E+00
   5.0060795E+01   0.0000000E+00
   5.0394533E+01   0.0000000E+00
   5.0728272E+01   0.0000000E+00
   5.1062011E+01   0.0000000E+00
   5.1395749E+01   0.0000000E+00
   5.1729488E+01   0.0000000E+00
   5.2063226E+01   0.0000000E+00
   5.2396965E+01   0.0000000E+00
   5.2730704E+01   0.0000000E+00
   5.3064442E+01   0.0000000E+00
   5.3398181E+01   0.0000000E+00
   5.3731919E+01   0.0000000E+00
   5.4065658E+01   0.0000000E+00
   5.4399397E+01   0.0000000E+00
   5.4733135E+01   0.0000000E+00
   5.5066874E+01   0.0000000E+00
   5.5400612E+01   0.0000000E+00
   5.5734351E+01   0.0000000E+00
   5.6068090E+01   0.0000000E+00
   5.6401828E+01   0.0000000E+00
   5.6735567E+01   0.0000000E+00
   5.7069305E+01   0.0000000E+00
   5.7403044E+01   0.0000000E+00
   5.7736783E+01   0.0000000E+00
   5.8070521E+01   0.0000000E+00
   5.8404260E+01   0.0000000E+00
   5.8737998E+01   0.0000000E+00
   5.9071737E+01   0.0000000E+00
   5.9405475E+01   0.0000000E+00
   5.9739214E+01   0.0000000E+00
   6.0072953E+01   0.0000000E+00
   6.0406691E+01   0.0000000E+00
   6.0740430E+01   0.0000000E+00
   6.1074168E+01   0.0000000E+00
   6.1407907E+01   0.0000000E+00
   6.1741646E+01   0.0000000E+00
   6.2075384E+01   0.0000000E+00
   6.2409123E+01   0.0000000E+00
   6.2742861E+01   0.0000000E+00
   6.3076600E+01   0.0000000E+00
   6.3410339E+01   0.0000000E+00
   6.3744077E+01   0.0000000E+00
   6.4077816E+01   0.0000000E+00
   6.4411554E+01   0.0000000E+00
   6.4745293E+01   0.0000000E+00
   6.5079032E+01   0.0000000E+00
   6.5412770E+01   0.0000000E+00
   6.5746509E+01   0.0000000E+00
   6.6080247E+01   0.0000000E+00
   6.6413986E+01   0.0000000E+00
   6.6747725E+01   0.0000000E+00
   6.7081463E+01   0.0000000E+00
   6.7415202E+01   0.0000000E+00
   6.7748940E+01   0.0000000E+00
   6.8082679E+01   0.0000000E+00
   6.8416418E+01   0.0000000E+00
   6.8750156E+01   0.0000000E+00
   6.9083895E+01   0.0000000E+00
   6.9417633E+01   0.0000000E+00
   6.9751372E+01   0.0000000E+00
   7.0085111E+01   0.0000000E+00
   7.0418849E+01   0.0000000E+00
   7.0752588E+01   0.0000000E+00
   7.1086326E+01   0.0000000E+00
   7.1420065E+01   0.0000000E+00
   7.1753804E+01   0.0000000E+00
   7.2087542E+01   0.0000000E+00
   7.2421281E+01   0.0000000E+00
   7.2755019E+01   0.0000000E+00
   7.3088758E+01   0.0000000E+00
   7.3422496E+01   0.0000000E+00
   7.3756235E+01   0.0000000E+00
   7.4089974E+01   0.0000000E+00
   7.4423712E+01   0.0000000E+00
   7.4757451E+01   0.0000000E+00
   7.5091189E+01   0.0000000E+00
   7.5424928E+01   0.0000000E+00
   7.5758667E+01   0.0000000E+00
   7.6092405E+01   0.0000000E+00
   7.6426144E+01   0.0000000E+00
   7.6759882E+01   0.0000000E+00
   7.7093621E+01   0.0000000E+00
   7.7427360E+01   0.0000000E+00
   7.7761098E+01   0.0000000E+00
   7.8094837E+01   0.0000000E+00
   7.8428575E+01   0.0000000E+00
   7.8762314E+01   0.0000000E+00
   7.9096053E+01   0.0000000E+00
   7.9429791E+01   0.0000000E+00
   7.9763530E+01   0.0000000E+00
   8.0097268E+01   0.0000000E+00
   8.0431007E+01   0.0000000E+00
   8.0764746E+01   0.0000000E+00
   8.1098484E+01   0.0000000E+00
   8.1432223E+01   0.0000000E+00
   8.1765961E+01   0.0000000E+00
   8.2099700E+01   0.0000000E+00
   8.2433439E+01   0.0000000E+00
   8.2767177E+01   0.0000000E+00
   8.3100916E+01   0.0000000E+00
   8.3434654E+01   0.0000000E+00
   8.3768393E+01   0.0000000E+00
   8.4102132E+01   0.0000000E+00
   8.4435870E+01   0.0000000E+00
   8.4769609E+01   0.0000000E+00
   8.5103347E+01   0.0000000E+00
   8.5437086E+01   0.0000000E+00
   8.5770825E+01   0.0000000E+00
   8.6104563E+01   0.0000000E+00
   8.6438302E+01   0.0000000E+00
   8.6772040E+01   0.0000000E+00
   8.7105779E+01   0.0000000E+00
   8.7439517E+01   0.0000000E+00
   8.7773256E+01   0.0000000E+00
   8.8106995E+01   0.0000000E+00
   8.8440733E+01   0.0000000E+00
   8.8774472E+01   0.0000000E+00
   8.9108210E+01   0.0000000E+00
   8.9441949E+01   0.0000000E+00
   8.9775688E+01   0.0000000E+00
   9.0109426E+01   0.0000000E+00
   9.0443165E+01   0.0000000E+00
   9.0776903E+01   0.0000000E+00
   9.1110642E+01   0.0000000E+00
   9.1444381E+01   0.0000000E+00
   9.1778119E+01   0.0000000E+00
   9.2111858E+01   0.0000000E+00
   9.2445596E+01   0.0000000E+00
   9.2779335E+01   0.0000000E+00
   9.3113074E+01   0.0000000E+00
   9.3446812E+01   0.0000000E+00
   9.3780551E+01   0.0000000E+00
   9.4114289E+01   0.0000000E+00
   9.4448028E+01   0.0000000E+00
   9.4781767E+01   0.0000000E+00
   9.5115505E+01   0.0000000E+00
   9.5449244E+01   0.0000000E+00
   9.5782982E+01   0.0000000E+00
   9.6116721E+01   0.0000000E+00
   9.6450460E+01   0.0000000E+00
   9.6784198E+01   0.0000000E+00
   9.7117937E+01   0.0000000E+00
   9.7451675E+01   0.0000000E+00
   9.7785414E+01   0.0000000E+00
   9.8119153E+01   0.0000000E+00
   9.8452891E+01   0.0000000E+00
   9.8786630E+01   0.0000000E+00
   9.9120368E+01   0.0000000E+00
   9.9454107E+01   0.0000000E+00
   9.9787846E+01   0.0000000E+00
   1.0012158E+02   0.0000000E+00
   1.0045532E+02   0.0000000E+00
   1.0078906E+02   0.0000000E+00
   1.0112280E+02   0.0000000E+00
   1.0145654E+02   0.0000000E+00
   1.0179028E+02   0.0000000E+00
   1.0212402E+02   0.0000000E+00
   1.0245775E+02   0.0000000E+00
   1.0279149E+02   0.0000000E+00
   1.0312523E+02   0.0000000E+00
   1.0345897E+02   0.0000000E+00
   1.0379271E+02   0.0000000E+00
   1.0412645E+02   0.0000000E+00
   1.0446019E+02   0.0000000E+00
   1.0479392E+02   0.0000000E+00
   1.0512766E+02   0.0000000E+00
   1.0546140E+02   0.0000000E+00
   1.0579514E+02   0.0000000E+00
   1.0612888E+02   0.0000000E+00
   1.0646262E+02   0.0000000E+00
   1.0679636E+02   0.0000000E+00
   1.0713009E+02   0.0000000E+00
   1.0746383E+02   0.0000000E+00
   1.0779757E+02   0.0000000E+00
   1.0813131E+02   0.0000000E+00
   1.0846505E+02   0.0000000E+00
   1.0879879E+02   0.0000000E+00
   1.0913253E+02   0.0000000E+00
   1.0946626E+02   0.0000000E+00
   1.0980000E+02   0.0000000E+00
   1.1013374E+02   0.0000000E+00
   1.1046748E+02   0.0000000E+00
   1.1080122E+02   0.0000000E+00
   1.1113496E+02   0.0000000E+00
   1.1146870E+02   0.0000000E+00
   1.1180243E+02   0.0000000E+00
   1.1213617E+02   0.0000000E+00
   1.1246991E+02   0.0000000E+00
   1.1280365E+02   0.0000000E+00
   1.1313739E+02   0.0000000E+00
   1.1347113E+02   0.0000000E+00
   1.1380487E+02   0.0000000E+00
   1.1413861E+02   0.0000000E+00
   1.1447234E+02   0.0000000E+00
   1.1480608E+02   0.0000000E+00
   1.1513982E+02   0.0000000E+00
   1.1547356E+02   0.0000000E+00
   1.1580730E+02   0.0000000E+00
   1.1614104E+02   0.0000000E+00
   1.1647478E+02   0.0000000E+00
   1.1680851E+02   0.0000000E+00
   1.1714225E+02   0.0000000E+00
   1.1747599E+02   0.0000000E+00
   1.1780973E+02   0.0000000E+00
   1.1814347E+02   0.0000000E+00
   1.1847721E+02   0.0000000E+00
   1.1881095E+02   0.0000000E+00
   1.1914468E+02   0.0000000E+00
   1.1947842E+02   0.0000000E+00
   1.1981216E+02   0.0000000E+00
   1.2014590E+02   0.0000000E+00
   1.2047964E+02   0.0000000E+00
   1.2081338E+02   0.0000000E+00
   1.2114712E+02   0.0000000E+00
   1.2148085E+02   0.0000000E+00
   1.2181459E+02   0.0000000E+00
   1.2214833E+02   0.0000000E+00
   1.2248207E+02   0.0000000E+00
   1.2281581E+02   0.0000000E+00
   1.2314955E+02   0.0000000E+00
   1.2348329E+02   0.0000000E+00
   1.2381702E+02   0.0000000E+00
   1.2415076E+02   0.0000000E+00
   1.2448450E+02   0.0000000E+00
   1.2481824E+02   0.0000000E+00
   1.2515198E+02   0.0000000E+00
   1.2548572E+02   0.0000000E+00
   1.2581946E+02   0.0000000E+00
   1.2615319E+02   0.0000000E+00
   1.2648693E+02   0.0000000E+00
   1.2682067E+02   0.0000000E+00
   1.2715441E+02   0.0000000E+00
   1.2748815E+02   0.0000000E+00
   1.2782189E+02   0.0000000E+00
   1.2815563E+02   0.0000000E+00
   1.2848936E+02   0.0000000E+00
   1.2882310E+02   0.0000000E+00
   1.2915684E+02   0.0000000E+00
   1.2949058E+02   0.0000000E+00
   1.2982432E+02   0.0000000E+00
   1.3015806E+02   0.0000000E+00
   1.3049180E+02   0.0000000E+00
   1.3082553E+02   0.0000000E+00
   1.3115927E+02   0.0000000E+00
   1.3149301E+02   0.0000000E+00
   1.3182675E+02   0.0000000E+00
   1.3216049E+02   0.0000000E+00
   1.3249423E+02   0.0000000E+00
   1.3282797E+02   0.0000000E+00
   1.3316171E+02   0.0000000E+00
   1.3349544E+02   0.0000000E+00
   1.3382918E+02   0.0000000E+00
   1.3416292E+02   0.0000000E+00
   1.3449666E+02   0.0000000E+00
   1.3483040E+02   0.0000000E+00
   1.3516414E+02   0.0000000E+00
   1.3549788E+02   0.0000000E+00
   1.3583161E+02   0.0000000E+00
   1.3616535E+02   0.0000000E+00
   1.3649909E+02   0.0000000E+00
   1.3683283E+02   0.0000000E+00
   1.3716657E+02   0.0000000E+00
   1.3750031E+02   0.0000000E+00
   1.3783405E+02   0.0000000E+00
   1.3816778E+02   0.0000000E+00
   1.3850152E+02   0.0000000E+00
   1.3883526E+02   0.0000000E+00
   1.3916900E+02   0.0000000E+00
   1.3950274E+02   0.0000000E+00
   1.3983648E+02   0.0000000E+00
   1.4017022E+02   0.0000000E+00
   1.4050395E+02   0.0000000E+00
   1.4083769E+02   0.0000000E+00
   1.4117143E+02   0.0000000E+00
   1.4150517E+02   0.0000000E+00
   1.4183891E+02   0.0000000E+00
   1.4217265E+02   0.0000000E+00
   1.4250639E+02   0.0000000E+00
   1.4284012E+02   0.0000000E+00
   1.4317386E+02   0.0000000E+00
   1.4350760E+02   0.0000000E+00
   1.4384134E+02   0.0000000E+00
   1.4417508E+02   0.0000000E+00
   1.4450882E+02   0.0000000E+00
   1.4484256E+02   0.0000000E+00
   1.4517629E+02   0.0000000E+00
   1.4551003E+02   0.0000000E+00
   1.4584377E+02   0.0000000E+00
   1.4617751E+02   1.4012985E-45
   1.4651125E+02   1.4012985E-45
   1.4684499E+02   4.2038954E-45
   1.4717873E+02   5.6051939E-45
   1.4751246E+02   7.0064923E-45
   1.4784620E+02   9.8090893E-45
   1.4817994E+02   9.8090893E-45
   1.4851368E+02   7.0064923E-45
   1.4884742E+02   5.6051939E-45
   1.4918116E+02   0.0000000E+00
   1.4951490E+02  -7.0064923E-45
   1.4984863E+02  -1.2611686E-44
   1.5018237E+02  -1.8216880E-44
   1.5051611E+02  -1.9618179E-44
   1.5084985E+02  -1.6815582E-44
   1.5118359E+02  -1.1210388E-44
   1.5151733E+02   2.8025969E-45
   1.5185107E+02   1.6815582E-44
   1.5218480E+02   3.3631163E-44
   1.5251854E+02   5.1848043E-44
   1.5285228E+02   6.8663625E-44
   1.5318602E+02   8.2676609E-44
   1.5351976E+02   8.5479206E-44
   1.5385350E+02   8.2676609E-44
   1.5418724E+02   7.1466222E-44
   1.5452098E+02   4.6242849E-44
   1.5485471E+02   1.1210388E-44
   1.5518845E+02  -2.3822074E-44
   1.5552219E+02  -6.3058431E-44
   1.5585593E+02  -9.5288296E-44
   1.5618967E+02  -1.1630777E-43
   1.5652341E+02  -1.2471556E-43
   1.5685715E+02  -1.0930128E-43
   1.5719088E+02  -7.0064923E-44
   1.5752462E+02  -1.6815582E-44
   1.5785836E+02   5.1848043E-44
   1.5819210E+02   1.2891946E-43
   1.5852584E+02   1.9758308E-43
   1.5885958E+02   2.5503632E-43
   1.5919332E+02   2.7465450E-43
   1.5952705E+02   2.5223372E-43
   1.5986079E+02   1.8777399E-43
   1.6019453E+02   7.1466222E-44
   1.6052827E+02  -7.8472714E-44
   1.6086201E+02  -2.4382593E-43
   1.6119575E+02  -4.0917915E-43
   1.6152949E+02  -5.3949991E-43
   1.6186322E+02  -6.1376873E-43
   1.6219696E+02  -6.0115704E-43
   1.6253070E+02  -4.8625057E-43
   1.6286444E+02  -2.6344411E-43
   1.6319818E+02   4.6242849E-44
   1.6353192E+02   4.1898824E-43
   1.6386566E+02   8.1135181E-43
   1.6419939E+02   1.1546699E-42
   1.6453313E+02   1.3984959E-42
   1.6486687E+02   1.4699621E-42
   1.6520061E+02   1.3354374E-42
   1.6553435E+02   9.6269204E-43
   1.6586809E+02   3.7694929E-43
   1.6620183E+02  -3.8956097E-43
   1.6653556E+02  -1.2373465E-42
   1.6686930E+02  -2.0641126E-42
   1.6720304E+02  -2.7227229E-42
   1.6753678E+02  -3.0814553E-42
   1.6787052E+02  -3.0211995E-42
   1.6820426E+02  -2.4718905E-42
   1.6853800E+02  -1.4167127E-42
   1.6887173E+02   6.8663625E-44
   1.6920547E+02   1.8455101E-42
   1.6953921E+02   3.6966253E-42
   1.6987295E+02   5.3473549E-42
   1.7020669E+02   6.4964197E-42
   1.7054043E+02   6.8691651E-42
   1.7087417E+02   6.2581989E-42
   1.7120790E+02   4.5654304E-42
   1.7154164E+02   1.8427075E-42
   1.7187538E+02  -1.6857621E-42
   1.7220912E+02  -5.6318185E-42
   1.7254286E+02  -9.4643698E-42
   1.7287660E+02  -1.2575252E-41
   1.7321034E+02  -1.4343691E-41
   1.7354408E+02  -1.4244199E-41
   1.7387781E+02  -1.1927853E-41
   1.7421155E+02  -7.3386001E-42
   1.7454529E+02  -7.4268819E-43
   1.7487903E+02   7.2236936E-42
   1.7521277E+02   1.5602057E-41
   1.7554651E+02   2.3191490E-41
   1.7588025E+02   2.8681777E-41
   1.7621398E+02   3.0855191E-41
   1.7654772E+02   2.8754644E-41
   1.7688146E+02   2.1921913E-41
   1.7721520E+02   1.0498528E-41
   1.7754894E+02  -4.6102719E-42
   1.7788268E+02  -2.1797198E-41
   1.7821642E+02  -3.8835586E-41
   1.7855015E+02  -5.3119021E-41
   1.7888389E+02  -6.1983635E-41
   1.7921763E+02  -6.3111680E-41
   1.7955137E+02  -5.4922492E-41
   1.7988511E+02  -3.6964852E-41
   1.8021885E+02  -1.0179032E-41
   1.8055259E+02   2.2995308E-41
   1.8088632E+02   5.8722813E-41
   1.8122006E+02   9.2096138E-41
   1.8155380E+02   1.1768805E-40
   1.8188754E+02   1.3028993E-40
   1.8222128E+02   1.2569787E-40
   1.8255502E+02   1.0155070E-40
   1.8288876E+02   5.7998342E-41
   1.8322249E+02  -1.8903516E-42
   1.8355623E+02  -7.2064576E-41
   1.8388997E+02  -1.4389373E-40
   1.8422371E+02  -2.0697178E-40
   1.8455745E+02  -2.5041764E-40
   1.8489119E+02  -2.6435496E-40
   1.8522493E+02  -2.4158806E-40
   1.8555866E+02  -1.7912238E-40
   1.8589240E+02  -7.9317697E-41
   1.8622614E+02   4.9516283E-41
   1.8655988E+02   1.9336237E-40
   1.8689362E+02   3.3358190E-40
   1.8722736E+02   4.4888915E-40
   1.8756110E+02   5.1803202E-40
   1.8789483E+02   5.2294076E-40
   1.8822857E+02   4.5192156E-40
   1.8856231E+02   3.0247027E-40
   1.8889605E+02   8.3160057E-41
   1.8922979E+02  -1.8572530E-40
   1.8956353E+02  -4.7321709E-40
   1.8989727E+02  -7.4040267E-40
   1.9023100E+02  -9.4478765E-40
   1.9056474E+02  -1.0459166E-39
   1.9089848E+02  -1.0116198E-39
   1.9123222E+02  -8.2411344E-40
   1.9156596E+02  -4.8494316E-40
   1.9189970E+02  -1.8009488E-41
   1.9223344E+02   5.3019529E-40
   1.9256718E+02   1.0936294E-39
   1.9290091E+02   1.5930185E-39
   1.9323465E+02   1.9451985E-39
   1.9356839E+02   2.0745019E-39
   1.9390213E+02   1.9250071E-39
   1.9423587E+02   1.4718314E-39
   1.9456961E+02   7.2991255E-40
   1.9490335E+02  -2.4162169E-40
   1.9523708E+02  -1.3406741E-39
   1.9557082E+02  -2.4298333E-39
   1.9590456E+02  -3.3503589E-39
   1.9623830E+02  -3.9415177E-39
   1.9657204E+02  -4.0634082E-39
   1.9690578E+02  -3.6204928E-39
   1.9723952E+02  -2.5826043E-39
   1.9757325E+02  -1.0000997E-39
   1.9790699E+02   9.9014909E-40
   1.9824073E+02   3.1701099E-39
   1.9857447E+02   5.2584566E-39
   1.9890821E+02   6.9404155E-39
   1.9924195E+02   7.9072890E-39
   1.9957569E+02   7.9016194E-39
   1.9990942E+02   6.7624170E-39
   2.0024316E+02   4.4641039E-39
   2.0057690E+02   1.1425375E-39
   2.0091064E+02  -2.8976806E-39
   2.0124438E+02  -7.1987351E-39
   2.0157812E+02  -1.1189464E-38
   2.0191186E+02  -1.4247975E-38
   2.0224559E+02  -1.5781831E-38
   2.0257933E+02  -1.5317266E-38
   2.0291307E+02  -1.2586363E-38
   2.0324681E+02  -7.5994700E-39
   2.0358055E+02  -6.9004421E-40
   2.0391429E+02   7.4788686E-39
   2.0424803E+02   1.5953876E-38
   2.0458176E+02   2.3578259E-38
   2.0491550E+02   2.9122340E-38
   2.0524924E+02   3.1446074E-38
   2.0558298E+02   2.9676060E-38
   2.0591672E+02   2.3374489E-38
   2.0625046E+02   1.2674590E-38
   2.0658420E+02  -1.6420654E-39
   2.0691793E+02  -1.8147366E-38
   2.0725167E+02  -3.4860382E-38
   2.0758541E+02  -4.9435484E-38
   2.0791915E+02  -5.9433956E-38
   2.0825289E+02  -6.2654896E-38
   2.0858663E+02  -5.7488477E-38
   2.0892037E+02  -4.3245265E-38
   2.0925410E+02  -2.0410763E-38
   2.0958784E+02   9.2235189E-39
   2.0992158E+02   4.2592405E-38
   2.1025532E+02   7.5575916E-38
   2.1058906E+02   1.0340558E-37
   2.1092280E+02   1.2123252E-37
   2.1125654E+02   1.2480439E-37
   2.1159027E+02   1.1117343E-37
   2.1192401E+02   7.9340241E-38
   2.1225775E+02   3.0730702E-38
   2.1259149E+02  -3.0590984E-38
   2.1292523E+02  -9.8048641E-38
   2.1325897E+02  -1.6306067E-37
   2.1359271E+02  -2.1592025E-37
   2.1392645E+02  -2.4698793E-37
   2.1426018E+02  -2.4808061E-37
   2.1459392E+02  -2.1389209E-37
   2.1492766E+02  -1.4324808E-37
   2.1526140E+02  -3.9986539E-38
   2.1559514E+02   8.6726351E-38
   2.1592888E+02   2.2278912E-37
   2.1626262E+02   3.5033246E-37
   2.1659635E+02   4.4962865E-37
   2.1693009E+02   5.0159822E-37
   2.1726383E+02   4.9065661E-37
   2.1759757E+02   4.0755342E-37
   2.1793131E+02   2.5179242E-37
   2.1826505E+02   3.3213498E-38
   2.1859879E+02  -2.2763605E-37
   2.1893252E+02  -5.0060551E-37
   2.1926626E+02  -7.4861597E-37
   2.1960000E+02  -9.3179415E-37
   2.1993374E+02  -1.0127223E-36
   2.2026748E+02  -9.6224157E-37
   2.2060122E+02  -7.6506699E-37
   2.2093496E+02  -4.2437281E-37
   2.2126869E+02   3.5489576E-38
   2.2160243E+02   5.6885920E-37
   2.2193617E+02   1.1116807E-36
   2.2226991E+02   1.5875713E-36
   2.2260365E+02   1.9167101E-36
   2.2293739E+02   2.0267455E-36
   2.2327113E+02   1.8645009E-36
   2.2360486E+02   1.4069092E-36
   2.2393860E+02   6.6948534E-37
   2.2427234E+02  -2.8933356E-37
   2.2460608E+02  -1.3692947E-36
   2.2493982E+02  -2.4356671E-36
   2.2527356E+02  -3.3328049E-36
   2.2560730E+02  -3.9030394E-36
   2.2594103E+02  -4.0090728E-36
   2.2627477E+02  -3.5572304E-36
   2.2660851E+02  -2.5183463E-36
   2.2694225E+02  -9.4287540E-37
   2.2727599E+02   1.0329569E-36
   2.2760973E+02   3.1923410E-36
   2.2794347E+02   5.2556012E-36
   2.2827720E+02   6.9099660E-36
   2.2861094E+02   7.8491210E-36
   2.2894468E+02   7.8184645E-36
   2.2927842E+02   6.6604813E-36
   2.2961216E+02   4.3536554E-36
   2.2994590E+02   1.0382668E-36
   2.3027964E+02  -2.9769104E-36
   2.3061337E+02  -7.2310968E-36
   2.3094711E+02  -1.1152706E-35
   2.3128085E+02  -1.4123361E-35
   2.3161459E+02  -1.5559276E-35
   2.3194833E+02  -1.5001061E-35
   2.3228207E+02  -1.2200440E-35
   2.3261581E+02  -7.1907452E-36
   2.3294955E+02  -3.2839046E-37
   2.3328328E+02   7.7054552E-36
   2.3361702E+02   1.5949752E-35
   2.3395076E+02   2.3256174E-35
   2.3428450E+02   2.8423806E-35
   2.3461824E+02   3.0363361E-35
   2.3495198E+02   2.8272031E-35
   2.3528572E+02   2.1795432E-35
   2.3561945E+02   1.1151241E-35
   2.3595319E+02  -2.8095883E-36
   2.3628693E+02  -1.8622870E-35
   2.3662067E+02  -3.4322682E-35
   2.3695441E+02  -4.7643079E-35
   2.3728815E+02  -5.6295262E-35
   2.3762189E+02  -5.8292507E-35
   2.3795562E+02  -5.2283612E-35
   2.3828936E+02  -3.7848307E-35
   2.3862310E+02  -1.5705961E-35
   2.3895684E+02   1.2206196E-35
   2.3929058E+02   4.2817261E-35
   2.3962432E+02   7.2182907E-35
   2.3995806E+02   9.5912143E-35
   2.4029179E+02   1.0972556E-34
   2.4062553E+02   1.1008547E-34
   2.4095927E+02   9.4819025E-35
   2.4129301E+02   6.3643549E-35
   2.4162675E+02   1.8503558E-35
   2.4196049E+02  -3.6358333E-35
   2.4229423E+02  -9.4648394E-35
   2.4262796E+02  -1.4860059E-34
   2.4296170E+02  -1.8985599E-34
   2.4329544E+02  -2.1056369E-34
   2.4362918E+02  -2.0457975E-34
   2.4396292E+02  -1.6860779E-34
   2.4429666E+02  -1.0310970E-34
   2.4463040E+02  -1.2820436E-35
   2.4496413E+02   9.3267889E-35
   2.4529787E+02   2.0253033E-34
   2.4563161E+02   2.9994756E-34
   2.4596535E+02   3.6987488E-34
   2.4629909E+02   3.9817052E-34
   2.4663283E+02   3.7443508E-34
   2.4696657E+02   2.9406001E-34
   2.4730030E+02   1.5976410E-34
   2.4763404E+02  -1.7676950E-35
   2.4796778E+02  -2.1973525E-34
   2.4830152E+02  -4.2158113E-34
   2.4863526E+02  -5.9464701E-34
   2.4896900E+02  -7.1010723E-34
   2.4930274E+02  -7.4291863E-34
   2.4963647E+02  -6.7593313E-34
   2.4997021E+02  -5.0350914E-34
   2.5030395E+02  -2.3403803E-34
   2.5063769E+02   1.0913733E-34
   2.5097143E+02   4.8877670E-34
   2.5130517E+02   8.5691738E-34
   2.5163891E+02   1.1600332E-33
   2.5197264E+02   1.3457454E-33
   2.5230638E+02   1.3703657E-33
   2.5264012E+02   1.2063342E-33
   2.5297386E+02   8.4848551E-34
   2.5330760E+02   3.1809309E-34
   2.5364134E+02  -3.3620851E-34
   2.5397508E+02  -1.0412045E-33
   2.5430882E+02  -1.7057406E-33
   2.5464255E+02  -2.2308488E-33
   2.5497629E+02  -2.5224544E-33
   2.5531003E+02  -2.5052481E-33
   2.5564377E+02  -2.1359625E-33
   2.5597751E+02  -1.4141025E-33
   2.5631125E+02  -3.8825600E-34
   2.5664499E+02   8.4351932E-34
   2.5697872E+02   2.1401548E-33
   2.5731246E+02   3.3309528E-33
   2.5764620E+02   4.2350222E-33
   2.5797994E+02   4.6849327E-33
   2.5831368E+02   4.5518980E-33
   2.5864742E+02   3.7692054E-33
   2.5898116E+02   2.3504114E-33
   2.5931489E+02   3.9899263E-34
   2.5964863E+02  -1.8930471E-33
   2.5998237E+02  -4.2590203E-33
   2.6031611E+02  -6.3836712E-33
   2.6064985E+02  -7.9397076E-33
   2.6098359E+02  -8.6311444E-33
   2.6131733E+02  -8.2384742E-33
   2.6165106E+02  -6.6596597E-33
   2.6198480E+02  -3.9407743E-33
   2.6231854E+02  -2.9057926E-34
   2.6265228E+02   3.9251428E-33
   2.6298602E+02   8.2115598E-33
   2.6331976E+02   1.1994320E-32
   2.6365350E+02   1.4686814E-32
   2.6398723E+02   1.5768456E-32
   2.6432097E+02   1.4864734E-32
   2.6465471E+02   1.1818457E-32
   2.6498845E+02   6.7411831E-33
   2.6532219E+02   3.5191729E-35
   2.6565593E+02  -7.6210054E-33
   2.6598967E+02  -1.5326607E-32
   2.6632340E+02  -2.2049882E-32
   2.6665714E+02  -2.6749643E-32
   2.6699088E+02  -2.8514451E-32
   2.6732462E+02  -2.6702991E-32
   2.6765836E+02  -2.1067007E-32
   2.6799210E+02  -1.1837618E-32
   2.6832584E+02   2.4117838E-34
   2.6865957E+02   1.3943599E-32
   2.6899331E+02   2.7661898E-32
   2.6932705E+02   3.9570616E-32
   2.6966079E+02   4.7841712E-32
   2.6999453E+02   5.0888250E-32
   2.7032827E+02   4.7607803E-32
   2.7066201E+02   3.7592968E-32
   2.7099574E+02   2.1276499E-32
   2.7132948E+02  -1.6546552E-35
   2.7166322E+02  -2.4128817E-32
   2.7199696E+02  -4.8249035E-32
   2.7233070E+02  -6.9200006E-32
   2.7266444E+02  -8.3812124E-32
   2.7299818E+02  -8.9343342E-32
   2.7333192E+02  -8.3895913E-32
   2.7366565E+02  -6.6773992E-32
   2.7399939E+02  -3.8727578E-32
   2.7433313E+02  -2.0360165E-33
   2.7466687E+02   3.9599748E-32
   2.7500061E+02   8.1365709E-32
   2.7533435E+02   1.1782817E-31
   2.7566809E+02   1.4356974E-31
   2.7600182E+02   1.5390135E-31
   2.7633556E+02   1.4556600E-31
   2.7666930E+02   1.1734036E-31
   2.7700304E+02   7.0443368E-32
   2.7733678E+02   8.6736613E-33
   2.7767052E+02  -6.1773674E-32
   2.7800426E+02  -1.3282597E-31
   2.7833799E+02  -1.9535973E-31
   2.7867173E+02  -2.4026308E-31
   2.7900547E+02  -2.5962279E-31
   2.7933921E+02  -2.4789575E-31
   2.7967295E+02  -2.0290899E-31
   2.8000669E+02  -1.2653860E-31
   2.8034043E+02  -2.4939611E-32
   2.8067416E+02   9.1752924E-32
   2.8100790E+02   2.1027643E-31
   2.8134164E+02   3.1559790E-31
   2.8167538E+02   3.9265696E-31
   2.8200912E+02   4.2831253E-31
   2.8234286E+02   4.1326230E-31
   2.8267660E+02   3.4368185E-31
   2.8301033E+02   2.2233860E-31
   2.8334407E+02   5.8976809E-32
   2.8367781E+02  -1.3015940E-31
   2.8401155E+02  -3.2369847E-31
   2.8434529E+02  -4.9733144E-31
   2.8467903E+02  -6.2662486E-31
   2.8501277E+02  -6.9016137E-31
   2.8534650E+02  -6.7263512E-31
   2.8568024E+02  -5.6749477E-31
   2.8601398E+02  -3.7874226E-31
   2.8634772E+02  -1.2156007E-31
   2.8668146E+02   1.7844031E-31
   2.8701520E+02   4.8740246E-31
   2.8734894E+02   7.6671149E-31
   2.8768267E+02   9.7747076E-31
   2.8801641E+02   1.0854944E-30
   2.8835015E+02   1.0662205E-30
   2.8868389E+02   9.0890182E-31
   2.8901763E+02   6.1944631E-31
   2.8935137E+02   2.2140013E-31
   2.8968511E+02  -2.4525234E-31
   2.9001884E+02  -7.2755060E-31
   2.9035258E+02  -1.1650635E-30
   2.9068632E+02  -1.4969445E-30
   2.9102006E+02  -1.6697719E-30
   2.9135380E+02  -1.6452467E-30
   2.9168754E+02  -1.4067163E-30
   2.9202128E+02  -9.6356429E-31
   2.9235501E+02  -3.5266267E-31
   2.9268875E+02   3.6360779E-31
   2.9302249E+02   1.1028635E-30
   2.9335623E+02   1.7714036E-30
   2.9368997E+02   2.2752701E-30
   2.9402371E+02   2.5324786E-30
   2.9435745E+02   2.4849492E-30
   2.9469119E+02   2.1085393E-30
   2.9502492E+02   1.4196731E-30
   2.9535866E+02   4.7734160E-31
   2.9569240E+02  -6.2026431E-31
   2.9602614E+02  -1.7446051E-30
   2.9635988E+02  -2.7505389E-30
   2.9669362E+02  -3.4936674E-30
   2.9702736E+02  -3.8493803E-30
   2.9736109E+02  -3.7312741E-30
   2.9769483E+02  -3.1064691E-30
   2.9802857E+02  -2.0054848E-30
   2.9836231E+02  -5.2480999E-31
   2.9869605E+02   1.1789196E-30
   2.9902979E+02   2.9032606E-30
   2.9936353E+02   4.4218193E-30
   2.9969726E+02   5.5115451E-30
   3.0003100E+02   5.9824349E-30
   3.0036474E+02   5.7060271E-30
   3.0069848E+02   4.6387945E-30
   3.0103222E+02   2.8368570E-30
   3.0136596E+02   4.5916728E-31
   3.0169970E+02  -2.2424610E-30
   3.0203343E+02  -4.9465205E-30
   3.0236717E+02  -7.2965556E-30
   3.0270091E+02  -8.9441375E-30
   3.0303465E+02  -9.5952975E-30
   3.0336839E+02  -9.0547416E-30
   3.0370213E+02  -7.2618182E-30
   3.0403587E+02  -4.3127372E-30
   3.0436960E+02  -4.6466427E-31
   3.0470334E+02   3.8806518E-30
   3.0503708E+02   8.2137549E-30
   3.0537082E+02   1.1972136E-29
   3.0570456E+02   1.4607416E-29
   3.0603830E+02   1.5657633E-29
   3.0637204E+02   1.4815786E-29
   3.0670577E+02   1.1985393E-29
   3.0703951E+02   7.3145962E-30
   3.0737325E+02   1.2022057E-30
   3.0770699E+02  -5.7277698E-30
   3.0804073E+02  -1.2683111E-29
   3.0837447E+02  -1.8787531E-29
   3.0870821E+02  -2.3183887E-29
   3.0904194E+02  -2.5145072E-29
   3.0937568E+02  -2.4179048E-29
   3.0970942E+02  -2.0114069E-29
   3.1004316E+02  -1.3151246E-29
   3.1037690E+02  -3.8746814E-30
   3.1071064E+02   6.7861097E-30
   3.1104438E+02   1.7641127E-29
   3.1137811E+02   2.7365659E-29
   3.1171185E+02   3.4654545E-29
   3.1204559E+02   3.8387997E-29
   3.1237933E+02   3.7788542E-29
   3.1271307E+02   3.2548809E-29
   3.1304681E+02   2.2910703E-29
   3.1338055E+02   9.6823179E-30
   3.1371429E+02  -5.8154418E-30
   3.1404802E+02  -2.1871401E-29
   3.1438176E+02  -3.6566115E-29
   3.1471550E+02  -4.7995119E-29
   3.1504924E+02  -5.4508367E-29
   3.1538298E+02  -5.4936682E-29
   3.1571672E+02  -4.8775295E-29
   3.1605046E+02  -3.6297779E-29
   3.1638419E+02  -1.8580197E-29
   3.1671793E+02   2.5743165E-30
   3.1705167E+02   2.4808731E-29
   3.1738541E+02   4.5468284E-29
   3.1771915E+02   6.1912858E-29
   3.1805289E+02   7.1850006E-29
   3.1838663E+02   7.3647254E-29
   3.1872036E+02   6.6582221E-29
   3.1905410E+02   5.0993840E-29
   3.1938784E+02   2.8308582E-29
   3.1972158E+02   9.2943385E-31
   3.2005532E+02  -2.8007358E-29
   3.2038906E+02  -5.4985210E-29
   3.2072280E+02  -7.6531400E-29
   3.2105653E+02  -8.9662403E-29
   3.2139027E+02  -9.2293368E-29
   3.2172401E+02  -8.3557085E-29
   3.2205775E+02  -6.3983834E-29
   3.2239149E+02  -3.5511277E-29
   3.2272523E+02  -1.3117727E-30
   3.2305897E+02   3.4551087E-29
   3.2339270E+02   6.7601297E-29
   3.2372644E+02   9.3509935E-29
   3.2406018E+02   1.0866566E-28
   3.2439392E+02   1.1068115E-28
   3.2472766E+02   9.8763860E-29
   3.2506140E+02   7.3895320E-29
   3.2539514E+02   3.8782376E-29
   3.2572887E+02  -2.4239393E-30
   3.2606261E+02  -4.4617026E-29
   3.2639635E+02  -8.2375791E-29
   3.2673009E+02  -1.1067852E-28
   3.2706383E+02  -1.2559540E-28
   3.2739757E+02  -1.2486287E-28
   3.2773131E+02  -1.0825511E-28
   3.2806504E+02  -7.7688138E-29
   3.2839878E+02  -3.7029873E-29
   3.2873252E+02   8.3738832E-30
   3.2906626E+02   5.2404560E-29
   3.2940000E+02   8.9019383E-29
   3.2973374E+02   1.1312799E-28
   3.3006748E+02   1.2137178E-28
   3.3040121E+02   1.1268611E-28
   3.3073495E+02   8.8549438E-29
   3.3106869E+02   5.2861758E-29
   3.3140243E+02   1.1447686E-29
   3.3173617E+02  -2.8767573E-29
   3.3206991E+02  -6.0807470E-29
   3.3240365E+02  -7.8775506E-29
   3.3273739E+02  -7.8902196E-29
   3.3307112E+02  -6.0339217E-29
   3.3340486E+02  -2.5557644E-29
   3.3373860E+02   1.9748943E-29
   3.3407234E+02   6.7286353E-29
   3.3440608E+02   1.0726319E-28
   3.3473982E+02   1.2985495E-28
   3.3507356E+02   1.2684155E-28
   3.3540729E+02   9.3185904E-29
   3.3574103E+02   2.8310641E-29
   3.3607477E+02  -6.3158802E-29
   3.3640851E+02  -1.7135324E-28
   3.3674225E+02  -2.8190992E-28
   3.3707599E+02  -3.7749472E-28
   3.3740973E+02  -4.3996334E-28
   3.3774346E+02  -4.5292407E-28
   3.3807720E+02  -4.0438087E-28
   3.3841094E+02  -2.8908789E-28
   3.3874468E+02  -1.1025713E-28
   3.3907842E+02   1.1970045E-28
   3.3941216E+02   3.7960387E-28
   3.3974590E+02   6.4116895E-28
   3.4007963E+02   8.7182303E-28
   3.4041337E+02   1.0384080E-27
   3.4074711E+02   1.1113632E-27
   3.4108085E+02   1.0688861E-27
   3.4141459E+02   9.0052343E-28
   3.4174833E+02   6.0966622E-28
   3.4208207E+02   2.1453531E-28
   3.4241580E+02  -2.5259890E-28
   3.4274954E+02  -7.4801309E-28
   3.4308328E+02  -1.2207422E-27
   3.4341702E+02  -1.6179996E-27
   3.4375076E+02  -1.8912012E-27
   3.4408450E+02  -2.0018775E-27
   3.4441824E+02  -1.9267176E-27
   3.4475197E+02  -1.6610770E-27
   3.4508571E+02  -1.2204102E-27
   3.4541945E+02  -6.3936839E-28
   3.4575319E+02   3.1430503E-29
   3.4608693E+02   7.3065401E-28
   3.4642067E+02   1.3929118E-27
   3.4675441E+02   1.9560218E-27
   3.4708814E+02   2.3679752E-27
   3.4742188E+02   2.5926769E-27
   3.4775562E+02   2.6137038E-27
   3.4808936E+02   2.4355520E-27
   3.4842310E+02   2.0821947E-27
   3.4875684E+02   1.5931256E-27
   3.4909058E+02   1.0174439E-27
   3.4942431E+02   4.0684745E-28
   3.4975805E+02  -1.9146166E-28
   3.5009179E+02  -7.4082706E-28
   3.5042553E+02  -1.2192168E-27
   3.5075927E+02  -1.6205972E-27
   3.5109301E+02  -1.9533263E-27
   3.5142675E+02  -2.2356950E-27
   3.5176048E+02  -2.4892762E-27
   3.5209422E+02  -2.7311114E-27
   3.5242796E+02  -2.9660590E-27
   3.5276170E+02  -3.1807546E-27
   3.5309544E+02  -3.3404496E-27
   3.5342918E+02  -3.3897858E-27
   3.5376292E+02  -3.2579031E-27
   3.5409666E+02  -2.8677831E-27
   3.5443039E+02  -2.1489311E-27
   3.5476413E+02  -1.0519567E-27
   3.5509787E+02   4.3692692E-28
   3.5543161E+02   2.2837015E-27
   3.5576535E+02   4.3988055E-27
   3.5609909E+02   6.6357030E-27
   3.5643283E+02   8.7969377E-27
   3.5676656E+02   1.0647995E-26
   3.5710030E+02   1.1938317E-26
   3.5743404E+02   1.2427715E-26
   3.5776778E+02   1.1915648E-26
   3.5810152E+02   1.0270097E-26
   3.5843526E+02   7.4525723E-27
   3.5876900E+02   3.5358025E-27
   3.5910273E+02  -1.2886316E-27
   3.5943647E+02  -6.7146793E-27
   3.5977021E+02  -1.2338771E-26
   3.6010395E+02  -1.7688656E-26
   3.6043769E+02  -2.2261884E-26
   3.6077143E+02  -2.5570718E-26
   3.6110517E+02  -2.7189151E-26
   3.6143890E+02  -2.6797377E-26
   3.6177264E+02  -2.4219235E-26
   3.6210638E+02  -1.9448572E-26
   3.6244012E+02  -1.2661614E-26
   3.6277386E+02  -4.2136666E-27
   3.6310760E+02   5.3796412E-27
   3.6344134E+02   1.5475482E-26
   3.6377507E+02   2.5348273E-26
   3.6410881E+02   3.4241811E-26
   3.6444255E+02   4.1424787E-26
   3.6477629E+02   4.6245128E-26
   3.6511003E+02   4.8179464E-26
   3.6544377E+02   4.6874047E-26
   3.6577751E+02   4.2174867E-26
   3.6611124E+02   3.4145743E-26
   3.6644498E+02   2.3073554E-26
   3.6677872E+02   9.4612949E-27
   3.6711246E+02  -5.9905920E-27
   3.6744620E+02  -2.2413380E-26
   3.6777994E+02  -3.8808894E-26
   3.6811368E+02  -5.4096932E-26
   3.6844741E+02  -6.7170520E-26
   3.6878115E+02  -7.6957942E-26
   3.6911489E+02  -8.2490359E-26
   3.6944863E+02  -8.2972316E-26
   3.6978237E+02  -7.7852837E-26
   3.7011611E+02  -6.6892385E-26
   3.7044985E+02  -5.0219896E-26
   3.7078358E+02  -2.8374119E-26
   3.7111732E+02  -2.3218842E-27
   3.7145106E+02   2.6552864E-26
   3.7178480E+02   5.6494582E-26
   3.7211854E+02   8.5458781E-26
   3.7245228E+02   1.1123153E-25
   3.7278602E+02   1.3158154E-25
   3.7311976E+02   1.4443575E-25
   3.7345349E+02   1.4806675E-25
   3.7378723E+02   1.4127499E-25
   3.7412097E+02   1.2354882E-25
   3.7445471E+02   9.5183538E-26
   3.7478845E+02   5.7342712E-26
   3.7512219E+02   1.2050519E-26
   3.7545593E+02  -3.7894154E-26
   3.7578966E+02  -8.9080713E-26
   3.7612340E+02  -1.3771899E-25
   3.7645714E+02  -1.7992582E-25
   3.7679088E+02  -2.1204285E-25
   3.7712462E+02  -2.3095875E-25
   3.7745836E+02  -2.3440494E-25
   3.7779210E+02  -2.2119507E-25
   3.7812583E+02  -1.9138436E-25
   3.7845957E+02  -1.4632442E-25
   3.7879331E+02  -8.8608191E-26
   3.7912705E+02  -2.1901446E-26
   3.7946079E+02   4.9325620E-26
   3.7979453E+02   1.2014671E-25
   3.8012827E+02   1.8557397E-25
   3.8046200E+02   2.4096343E-25
   3.8079574E+02   2.8239224E-25
   3.8112948E+02   3.0696619E-25
   3.8146322E+02   3.1303211E-25
   3.8179696E+02   3.0026625E-25
   3.8213070E+02   2.6963428E-25
   3.8246444E+02   2.2322740E-25
   3.8279817E+02   1.6399324E-25
   3.8313191E+02   9.5398632E-26
   3.8346565E+02   2.1064817E-26
   3.8379939E+02  -5.5572280E-26
   3.8413313E+02  -1.3152955E-25
   3.8446687E+02  -2.0442904E-25
   3.8480061E+02  -2.7250971E-25
   3.8513434E+02  -3.3448521E-25
   3.8546808E+02  -3.8926576E-25
   3.8580182E+02  -4.3557941E-25
   3.8613556E+02  -4.7155748E-25
   3.8646930E+02  -4.9435827E-25
   3.8680304E+02  -4.9992315E-25
   3.8713678E+02  -4.8294582E-25
   3.8747051E+02  -4.3712942E-25
   3.8780425E+02  -3.5578039E-25
   3.8813799E+02  -2.3272999E-25
   3.8847173E+02  -6.3555910E-26
   3.8880547E+02   1.5300434E-25
   3.8913921E+02   4.1359987E-25
   3.8947295E+02   7.0895289E-25
   3.8980668E+02   1.0229200E-24
   3.9014042E+02   1.3321424E-24
   3.9047416E+02   1.6064991E-24
   3.9080790E+02   1.8105040E-24
   3.9114164E+02   1.9057452E-24
   3.9147538E+02   1.8543146E-24
   3.9180912E+02   1.6230896E-24
   3.9214285E+02   1.1885984E-24
   3.9247659E+02   5.4203944E-25
   3.9281033E+02  -3.0604662E-25
   3.9314407E+02  -1.3220298E-24
   3.9347781E+02  -2.4470171E-24
   3.9381155E+02  -3.5968306E-24
   3.9414529E+02  -4.6646410E-24
   3.9447903E+02  -5.5266112E-24
   3.9481276E+02  -6.0506412E-24
   3.9514650E+02  -6.1080340E-24
   3.9548024E+02  -5.5875412E-24
   3.9581398E+02  -4.4108881E-24
   3.9614772E+02  -2.5484901E-24
   3.9648146E+02  -3.3730312E-26
   3.9681520E+02   3.0259904E-24
   3.9714893E+02   6.4434490E-24
   3.9748267E+02   9.9528703E-24
   3.9781641E+02   1.3219843E-23
   3.9815015E+02   1.5860858E-23
   3.9848389E+02   1.7472660E-23
   3.9881763E+02   1.7670541E-23
   3.9915137E+02   1.6133397E-23
   3.9948510E+02   1.2652236E-23
   3.9981884E+02   7.1774636E-24
   4.0015258E+02  -1.4070557E-25
   4.0048632E+02  -8.9247715E-24
   4.0082006E+02  -1.8561613E-23
   4.0115380E+02  -2.8218571E-23
   4.0148754E+02  -3.6887650E-23
   4.0182127E+02  -4.3459067E-23
   4.0215501E+02  -4.6822069E-23
   4.0248875E+02  -4.5987473E-23
   4.0282249E+02  -4.0222298E-23
   4.0315623E+02  -2.9183414E-23
   4.0348997E+02  -1.3034444E-23
   4.0382371E+02   7.4712338E-24
   4.0415744E+02   3.0958215E-23
   4.0449118E+02   5.5461566E-23
   4.0482492E+02   7.8533501E-23
   4.0515866E+02   9.7426461E-23
   4.0549240E+02   1.0934628E-22
   4.0582614E+02   1.1175915E-22
   4.0615988E+02   1.0272670E-22
   4.0649361E+02   8.1235293E-23
   4.0682735E+02   4.7478988E-23
   4.0716109E+02   3.0544394E-24
   4.0749483E+02  -4.8971740E-23
   4.0782857E+02  -1.0415485E-22
   4.0816231E+02  -1.5694121E-22
   4.0849605E+02  -2.0111450E-22
   4.0882978E+02  -2.3039805E-22
   4.0916352E+02  -2.3916917E-22
   4.0949726E+02  -2.2321964E-22
   4.0983100E+02  -1.8047942E-22
   4.1016474E+02  -1.1161048E-22
   4.1049848E+02  -2.0377014E-23
   4.1083222E+02   8.6291765E-23
   4.1116595E+02   1.9860535E-22
   4.1149969E+02   3.0460865E-22
   4.1183343E+02   3.9125249E-22
   4.1216717E+02   4.4577098E-22
   4.1250091E+02   4.5724817E-22
   4.1283465E+02   4.1821366E-22
   4.1316839E+02   3.2607632E-22
   4.1350213E+02   1.8419096E-22
   4.1383586E+02   2.3679419E-24
   4.1416960E+02  -2.0333114E-22
   4.1450334E+02  -4.1160142E-22
   4.1483708E+02  -5.9771186E-22
   4.1517082E+02  -7.3603646E-22
   4.1550456E+02  -8.0309625E-22
   4.1583830E+02  -7.8081397E-22
   4.1617203E+02  -6.5960283E-22
   4.1650577E+02  -4.4087298E-22
   4.1683951E+02  -1.3854387E-22
   4.1717325E+02   2.2079235E-22
   4.1750699E+02   5.9929538E-22
   4.1784073E+02   9.5096528E-22
   4.1817447E+02   1.2262715E-21
   4.1850820E+02   1.3779796E-21
   4.1884194E+02   1.3676267E-21
   4.1917568E+02   1.1719158E-21
   4.1950942E+02   7.8819629E-22
   4.1984316E+02   2.3817021E-22
   4.2017690E+02  -4.3094656E-22
   4.2051064E+02  -1.1483881E-21
   4.2084437E+02  -1.8251934E-21
   4.2117811E+02  -2.3628352E-21
   4.2151185E+02  -2.6645614E-21
   4.2184559E+02  -2.6484360E-21
   4.2217933E+02  -2.2606866E-21
   4.2251307E+02  -1.4876684E-21
   4.2284681E+02  -3.6465589E-22
   4.2318054E+02   1.0202336E-21
   4.2351428E+02   2.5283537E-21
   4.2384802E+02   3.9798592E-21
   4.2418176E+02   5.1700848E-21
   4.2451550E+02   5.8920523E-21
   4.2484924E+02   5.9632727E-21
   4.2518298E+02   5.2540671E-21
   4.2551671E+02   3.7139682E-21
   4.2585045E+02   1.3923846E-21
   4.2618419E+02  -1.5502011E-21
   4.2651793E+02  -4.8436768E-21
   4.2685167E+02  -8.1244282E-21
   4.2718541E+02  -1.0966628E-20
   4.2751915E+02  -1.2927206E-20
   4.2785288E+02  -1.3600956E-20
   4.2818662E+02  -1.2680184E-20
   4.2852036E+02  -1.0011790E-20
   4.2885410E+02  -5.6436110E-21
   4.2918784E+02   1.4799647E-22
   4.2952158E+02   6.8563377E-21
   4.2985532E+02   1.3773052E-20
   4.3018905E+02   2.0048614E-20
   4.3052279E+02   2.4781995E-20
   4.3085653E+02   2.7132219E-20
   4.3119027E+02   2.6440410E-20
   4.3152401E+02   2.2347386E-20
   4.3185775E+02   1.4889955E-20
   4.3219149E+02   4.5590318E-21
   4.3252522E+02  -7.6948170E-21
   4.3285896E+02  -2.0518079E-20
   4.3319270E+02  -3.2275851E-20
   4.3352644E+02  -4.1232184E-20
   4.3386018E+02  -4.5774068E-20
   4.3419392E+02  -4.4655074E-20
   4.3452766E+02  -3.7227813E-20
   4.3486140E+02  -2.3630944E-20
   4.3519513E+02  -4.8968002E-21
   4.3552887E+02   1.7048818E-20
   4.3586261E+02   3.9512505E-20
   4.3619635E+02   5.9288371E-20
   4.3653009E+02   7.3028028E-20
   4.3686383E+02   7.7692842E-20
   4.3719757E+02   7.1038646E-20
   4.3753130E+02   5.2070461E-20
   4.3786504E+02   2.1398907E-20
   4.3819878E+02  -1.8568219E-20
   4.3853252E+02  -6.3652647E-20
   4.3886626E+02  -1.0818297E-19
   4.3920000E+02  -1.4552524E-19
   4.3953374E+02  -1.6883475E-19
   4.3986747E+02  -1.7196094E-19
   4.4020121E+02  -1.5040633E-19
   4.4053495E+02  -1.0221644E-19
   4.4086869E+02  -2.8668626E-20
   4.4120243E+02   6.5365260E-20
   4.4153617E+02   1.7148177E-19
   4.4186991E+02   2.7829168E-19
   4.4220364E+02   3.7244877E-19
   4.4253738E+02   4.4009638E-19
   4.4287112E+02   4.6860211E-19
   4.4320486E+02   4.4839341E-19
   4.4353860E+02   3.7466624E-19
   4.4387234E+02   2.4872652E-19
   4.4420608E+02   7.8737739E-20
   4.4453981E+02  -1.2030326E-19
   4.4487355E+02  -3.2746243E-19
   4.4520729E+02  -5.1763634E-19
   4.4554103E+02  -6.6407812E-19
   4.4587477E+02  -7.4145554E-19
   4.4620851E+02  -7.2911985E-19
   4.4654225E+02  -6.1419939E-19
   4.4687598E+02  -3.9410640E-19
   4.4720972E+02  -7.8075355E-20
   4.4754346E+02   3.1257253E-19
   4.4787720E+02   7.4561704E-19
   4.4821094E+02   1.1805961E-18
   4.4854468E+02   1.5727677E-18
   4.4887842E+02   1.8780309E-18
   4.4921215E+02   2.0583045E-18
   4.4954589E+02   2.0867498E-18
   4.4987963E+02   1.9521754E-18
   4.5021337E+02   1.6619889E-18
   4.5054711E+02   1.2431743E-18
   4.5088085E+02   7.4094435E-19
   4.5121459E+02   2.1496465E-19
   4.5154832E+02  -2.6668422E-19
   4.5188206E+02  -6.3537128E-19
   4.5221580E+02  -8.3091187E-19
   4.5254954E+02  -8.1082622E-19
   4.5288328E+02  -5.5887734E-19
   4.5321702E+02  -9.1910106E-20
   4.5355076E+02   5.3585680E-19
   4.5388450E+02   1.2317096E-18
   4.5421823E+02   1.8667640E-18
   4.5455197E+02   2.2816069E-18
   4.5488571E+02   2.2946530E-18
   4.5521945E+02   1.7122327E-18
   4.5555319E+02   3.3907395E-19
   4.5588693E+02  -2.0123555E-18
   4.5622067E+02  -5.5152007E-18
   4.5655440E+02  -1.0325662E-17
   4.5688814E+02  -1.6585577E-17
   4.5722188E+02  -2.4430730E-17
   4.5755562E+02  -3.4004869E-17
   4.5788936E+02  -4.5478886E-17
   4.5822310E+02  -5.9073977E-17
   4.5855684E+02  -7.5087360E-17
   4.5889057E+02  -9.3918669E-17
   4.5922431E+02  -1.1609518E-16
   4.5955805E+02  -1.4229400E-16
   4.5989179E+02  -1.7335990E-16
   4.6022553E+02  -2.1031688E-16
   4.6055927E+02  -2.5437339E-16
   4.6089301E+02  -3.0691921E-16
   4.6122674E+02  -3.6951508E-16
   4.6156048E+02  -4.4387308E-16
   4.6189422E+02  -5.3182959E-16
   4.6222796E+02  -6.3530769E-16
   4.6256170E+02  -7.5627083E-16
   4.6289544E+02  -8.9666315E-16
   4.6322918E+02  -1.0583358E-15
   4.6356291E+02  -1.2429508E-15
   4.6389665E+02  -1.4518569E-15
   4.6423039E+02  -1.6859265E-15
   4.6456413E+02  -1.9453380E-15
   4.6489787E+02  -2.2292874E-15
   4.6523161E+02  -2.5356118E-15
   4.6556535E+02  -2.8602988E-15
   4.6589908E+02  -3.1968622E-15
   4.6623282E+02  -3.5355456E-15
   4.6656656E+02  -3.8623152E-15
   4.6690030E+02  -4.1576057E-15
   4.6723404E+02  -4.3947546E-15
   4.6756778E+02  -4.5380536E-15
   4.6790152E+02  -4.5403469E-15
   4.6823525E+02  -4.3400850E-15
   4.6856899E+02  -3.8576968E-15
   4.6890273E+02  -2.9911823E-15
   4.6923647E+02  -1.6107428E-15
   4.6957021E+02   4.4775729E-16
   4.6990395E+02   3.3906591E-15
   4.7023769E+02   7.4760348E-15
   4.7057142E+02   1.3025200E-14
   4.7090516E+02   2.0436572E-14
   4.7123890E+02   3.0202213E-14
   4.7157264E+02   4.2927721E-14
   4.7190638E+02   5.9355881E-14
   4.7224012E+02   8.0394940E-14
   4.7257386E+02   1.0715185E-13
   4.7290760E+02   1.4097192E-13
   4.7324133E+02   1.8348531E-13
   4.7357507E+02   2.3666223E-13
   4.7390881E+02   3.0287735E-13
   4.7424255E+02   3.8498585E-13
   4.7457629E+02   4.8641180E-13
   4.7491003E+02   6.1125275E-13
   4.7524377E+02   7.6440124E-13
   4.7557750E+02   9.5168610E-13
   4.7591124E+02   1.1800391E-12
   4.7624498E+02   1.4576868E-12
   4.7657872E+02   1.7943725E-12
   4.7691246E+02   2.2016174E-12
   4.7724620E+02   2.6930168E-12
   4.7757994E+02   3.2845892E-12
   4.7791367E+02   3.9951705E-12
   4.7824741E+02   4.8468768E-12
   4.7858115E+02   5.8656218E-12
   4.7891489E+02   7.0817271E-12
   4.7924863E+02   8.5306068E-12
   4.7958237E+02   1.0253555E-11
   4.7991611E+02   1.2298636E-11
   4.8024984E+02   1.4721717E-11
   4.8058358E+02   1.7587608E-11
   4.8091732E+02   2.0971384E-11
   4.8125106E+02   2.4959883E-11
   4.8158480E+02   2.9653363E-11
   4.8191854E+02   3.5167397E-11
   4.8225228E+02   4.1635011E-11
   4.8258601E+02   4.9209074E-11
   4.8291975E+02   5.8064976E-11
   4.8325349E+02   6.8403602E-11
   4.8358723E+02   8.0454698E-11
   4.8392097E+02   9.4480618E-11
   4.8425471E+02   1.1078045E-10
   4.8458845E+02   1.2969455E-10
   4.8492218E+02   1.5160984E-10
   4.8525592E+02   1.7696511E-10
   4.8558966E+02   2.0625765E-10
   4.8592340E+02   2.4004959E-10
   4.8625714E+02   2.7897573E-10
   4.8659088E+02   3.2375150E-10
   4.8692462E+02   3.7518211E-10
   4.8725835E+02   4.3417198E-10
   4.8759209E+02   5.0173588E-10
   4.8792583E+02   5.7900951E-10
   4.8825957E+02   6.6726252E-10
   4.8859331E+02   7.6791201E-10
   4.8892705E+02   8.8253599E-10
   4.8926079E+02   1.0128897E-09
   4.8959452E+02   1.1609209E-09
   4.8992826E+02   1.3287887E-09
   4.9026200E+02   1.5188802E-09
   4.9059574E+02   1.7338312E-09
   4.9092948E+02   1.9765463E-09
   4.9126322E+02   2.2502213E-09
   4.9159696E+02   2.5583637E-09
   4.9193069E+02   2.9048164E-09
   4.9226443E+02   3.2937844E-09
   4.9259817E+02   3.7298542E-09
   4.9293191E+02   4.2180237E-09
   4.9326565E+02   4.7637276E-09
   4.9359939E+02   5.3728555E-09
   4.9393313E+02   6.0517880E-09
   4.9426687E+02   6.8074151E-09
   4.9460060E+02   7.6471602E-09
   4.9493434E+02   8.5790086E-09
   4.9526808E+02   9.6115231E-09
   4.9560182E+02   1.0753873E-08
   4.9593556E+02   1.2015837E-08
   4.9626930E+02   1.3407838E-08
   4.9660304E+02   1.4940939E-08
   4.9693677E+02   1.6626867E-08
   4.9727051E+02   1.8477991E-08
   4.9760425E+02   2.0507350E-08
   4.9793799E+02   2.2728639E-08
   4.9827173E+02   2.5156179E-08
   4.9860547E+02   2.7804912E-08
   4.9893921E+02   3.0690380E-08
   4.9927294E+02   3.3828655E-08
   4.9960668E+02   3.7236347E-08
   4.9994042E+02   4.0930487E-08
   5.0027416E+02   4.4928509E-08
   5.0060790E+02   4.9248154E-08
   5.0094164E+02   5.3907350E-08
   5.0127538E+02   5.8924179E-08
   5.0160911E+02   6.4316666E-08
   5.0194285E+02   7.0102743E-08
   5.0227659E+02   7.6299997E-08
   5.0261033E+02   8.2925624E-08
   5.0294407E+02   8.9996199E-08
   5.0327781E+02   9.7527447E-08
   5.0361155E+02   1.0553406E-07
   5.0394528E+02   1.1402950E-07
   5.0427902E+02   1.2302579E-07
   5.0461276E+02   1.3253312E-07
   5.0494650E+02   1.4255978E-07
   5.0528024E+02   1.5311174E-07
   5.0561398E+02   1.6419234E-07
   5.0594772E+02   1.7580211E-07
   5.0628145E+02   1.8793838E-07
   5.0661519E+02   2.0059500E-07
   5.0694893E+02   2.1376194E-07
   5.0728267E+02   2.2742501E-07
   5.0761641E+02   2.4156563E-07
   5.0795015E+02   2.5616043E-07
   5.0828389E+02   2.7118085E-07
   5.0861762E+02   2.8659289E-07
   5.0895136E+02   3.0235711E-07
   5.0928510E+02   3.1842757E-07
   5.0961884E+02   3.3475266E-07
   5.0995258E+02   3.5127388E-07
   5.1028632E+02   3.6792619E-07
   5.1062006E+02   3.8463779E-07
   5.1095379E+02   4.0132974E-07
   5.1128753E+02   4.1791614E-07
   5.1162127E+02   4.3430398E-07
   5.1195501E+02   4.5039309E-07
   5.1228875E+02   4.6607624E-07
   5.1262249E+02   4.8123923E-07
   5.1295623E+02   4.9576147E-07
   5.1328997E+02   5.0951542E-07
   5.1362370E+02   5.2236749E-07
   5.1395744E+02   5.3417853E-07
   5.1429118E+02   5.4480358E-07
   5.1462492E+02   5.5409339E-07
   5.1495866E+02   5.6189424E-07
   5.1529240E+02   5.6804885E-07
   5.1562614E+02   5.7239748E-07
   5.1595987E+02   5.7477814E-07
   5.1629361E+02   5.7502780E-07
   5.1662735E+02   5.7298405E-07
   5.1696109E+02   5.6848501E-07
   5.1729483E+02   5.6137100E-07
   5.1762857E+02   5.5148587E-07
   5.1796231E+02   5.3867791E-07
   5.1829604E+02   5.2280097E-07
   5.1862978E+02   5.0371682E-07
   5.1896352E+02   4.8129527E-07
   5.1929726E+02   4.5541574E-07
   5.1963100E+02   4.2596918E-07
   5.1996474E+02   3.9285914E-07
   5.2029848E+02   3.5600326E-07
   5.2063221E+02   3.1533392E-07
   5.2096595E+02   2.7080085E-07
   5.2129969E+02   2.2237126E-07
   5.2163343E+02   1.7003146E-07
   5.2196717E+02   1.1378800E-07
   5.2230091E+02   5.3668561E-08
   5.2263465E+02  -1.0276676E-08
   5.2296838E+02  -7.7974804E-08
   5.2330212E+02  -1.4932908E-07
   5.2363586E+02  -2.2421844E-07
   5.2396960E+02  -3.0249714E-07
   5.2430334E+02  -3.8399457E-07
   5.2463708E+02  -4.6851494E-07
   5.2497082E+02  -5.5583723E-07
   5.2530455E+02  -6.4571600E-07
   5.2563829E+02  -7.3788112E-07
   5.2597203E+02  -8.3203918E-07
   5.2630577E+02  -9.2787354E-07
   5.2663951E+02  -1.0250457E-06
   5.2697325E+02  -1.1231969E-06
   5.2730699E+02  -1.2219484E-06
   5.2764072E+02  -1.3209046E-06
   5.2797446E+02  -1.4196536E-06
   5.2830820E+02  -1.5177699E-06
   5.2864194E+02  -1.6148149E-06
   5.2897568E+02  -1.7103425E-06
   5.2930942E+02  -1.8038982E-06
   5.2964316E+02  -1.8950230E-06
   5.2997689E+02  -1.9832562E-06
   5.3031063E+02  -2.0681380E-06
   5.3064437E+02  -2.1492124E-06
   5.3097811E+02  -2.2260292E-06
   5.3131185E+02  -2.2981492E-06
   5.3164559E+02  -2.3651435E-06
   5.3197933E+02  -2.4266003E-06
   5.3231306E+02  -2.4821254E-06
   5.3264680E+02  -2.5313454E-06
   5.3298054E+02  -2.5739114E-06
   5.3331428E+02  -2.6095004E-06
   5.3364802E+02  -2.6378184E-06
   5.3398176E+02  -2.6586024E-06
   5.3431550E+02  -2.6716250E-06
   5.3464924E+02  -2.6766913E-06
   5.3498297E+02  -2.6736470E-06
   5.3531671E+02  -2.6623743E-06
   5.3565045E+02  -2.6427977E-06
   5.3598419E+02  -2.6148805E-06
   5.3631793E+02  -2.5786312E-06
   5.3665167E+02  -2.5340994E-06
   5.3698541E+02  -2.4813789E-06
   5.3731914E+02  -2.4206040E-06
   5.3765288E+02  -2.3519538E-06
   5.3798662E+02  -2.2756490E-06
   5.3832036E+02  -2.1919502E-06
   5.3865410E+02  -2.1011597E-06
   5.3898784E+02  -2.0036148E-06
   5.3932158E+02  -1.8996916E-06
   5.3965531E+02  -1.7898006E-06
   5.3998905E+02  -1.6743835E-06
   5.4032279E+02  -1.5539108E-06
   5.4065653E+02  -1.4288802E-06
   5.4099027E+02  -1.2998137E-06
   5.4132401E+02  -1.1672535E-06
   5.4165775E+02  -1.0317577E-06
   5.4199148E+02  -8.9390034E-07
   5.4232522E+02  -7.5426419E-07
   5.4265896E+02  -6.1343923E-07
   5.4299270E+02  -4.7201814E-07
   5.4332644E+02  -3.3059382E-07
   5.4366018E+02  -1.8975422E-07
   5.4399392E+02  -5.0079919E-08
   5.4432765E+02   8.7859910E-08
   5.4466139E+02   2.2351077E-07
   5.4499513E+02   3.5633599E-07
   5.4532887E+02   4.8582007E-07
   5.4566261E+02   6.1147148E-07
   5.4599635E+02   7.3282570E-07
   5.4633009E+02   8.4944702E-07
   5.4666382E+02   9.6093208E-07
   5.4699756E+02   1.0669105E-06
   5.4733130E+02   1.1670476E-06
   5.4766504E+02   1.2610458E-06
   5.4799878E+02   1.3486454E-06
   5.4833252E+02   1.4296261E-06
   5.4866626E+02   1.5038072E-06
   5.4899999E+02   1.5710483E-06
   5.4933373E+02   1.6312490E-06
   5.4966747E+02   1.6843492E-06
   5.5000121E+02   1.7303273E-06
   5.5033495E+02   1.7692016E-06
   5.5066869E+02   1.8010277E-06
   5.5100243E+02   1.8258960E-06
   5.5133616E+02   1.8439341E-06
   5.5166990E+02   1.8553005E-06
   5.5200364E+02   1.8601866E-06
   5.5233738E+02   1.8588109E-06
   5.5267112E+02   1.8514199E-06
   5.5300486E+02   1.8382834E-06
   5.5333860E+02   1.8196947E-06
   5.5367234E+02   1.7959642E-06
   5.5400607E+02   1.7674198E-06
   5.5433981E+02   1.7344039E-06
   5.5467355E+02   1.6972682E-06
   5.5500729E+02   1.6563749E-06
   5.5534103E+02   1.6120907E-06
   5.5567477E+02   1.5647855E-06
   5.5600851E+02   1.5148304E-06
   5.5634224E+02   1.4625939E-06
   5.5667598E+02   1.4084411E-06
   5.5700972E+02   1.3527300E-06
   5.5734346E+02   1.2958105E-06
   5.5767720E+02   1.2380218E-06
   5.5801094E+02   1.1796909E-06
   5.5834468E+02   1.1211309E-06
   5.5867841E+02   1.0626406E-06
   5.5901215E+02   1.0045012E-06
   5.5934589E+02   9.4697651E-07
   5.5967963E+02   8.9031255E-07
   5.6001337E+02   8.3473537E-07
   5.6034711E+02   7.8045213E-07
   5.6068085E+02   7.2764936E-07
   5.6101458E+02   6.7649358E-07
   5.6134832E+02   6.2713139E-07
   5.6168206E+02   5.7968930E-07
   5.6201580E+02   5.3427345E-07
   5.6234954E+02   4.9097179E-07
   5.6268328E+02   4.4985271E-07
   5.6301702E+02   4.1096678E-07
   5.6335075E+02   3.7434677E-07
   5.6368449E+02   3.4000996E-07
   5.6401823E+02   3.0795690E-07
   5.6435197E+02   2.7817461E-07
   5.6468571E+02   2.5063576E-07
   5.6501945E+02   2.2530108E-07
   5.6535319E+02   2.0211974E-07
   5.6568692E+02   1.8103063E-07
   5.6602066E+02   1.6196357E-07
   5.6635440E+02   1.4484021E-07
   5.6668814E+02   1.2957517E-07
   5.6702188E+02   1.1607749E-07
   5.6735562E+02   1.0425099E-07
   5.6768936E+02   9.3995723E-08
   5.6802309E+02   8.5208853E-08
   5.6835683E+02   7.7785380E-08
   5.6869057E+02   7.1619191E-08
   5.6902431E+02   6.6603690E-08
   5.6935805E+02   6.2632651E-08
   5.6969179E+02   5.9600879E-08
   5.7002553E+02   5.7404691E-08
   5.7035926E+02   5.5942756E-08
   5.7069300E+02   5.5116388E-08
   5.7102674E+02   5.4830082E-08
   5.7136048E+02   5.4991858E-08
   5.7169422E+02   5.5513702E-08
   5.7202796E+02   5.6311833E-08
   5.7236170E+02   5.7306877E-08
   5.7269543E+02   5.8424156E-08
   5.7302917E+02   5.9594015E-08
   5.7336291E+02   6.0751660E-08
   5.7369665E+02   6.1837596E-08
   5.7403039E+02   6.2797575E-08
   5.7436413E+02   6.3582689E-08
   5.7469787E+02   6.4149496E-08
   5.7503161E+02   6.4459918E-08
   5.7536534E+02   6.4481412E-08
   5.7569908E+02   6.4186906E-08
   5.7603282E+02   6.3554836E-08
   5.7636656E+02   6.2569008E-08
   5.7670030E+02   6.1218770E-08
   5.7703404E+02   5.9498756E-08
   5.7736778E+02   5.7409046E-08
   5.7770151E+02   5.4954889E-08
   5.7803525E+02   5.2146810E-08
   5.7836899E+02   4.9000356E-08
   5.7870273E+02   4.5536069E-08
   5.7903647E+02   4.1779316E-08
   5.7937021E+02   3.7760167E-08
   5.7970395E+02   3.3513210E-08
   5.8003768E+02   2.9077359E-08
   5.8037142E+02   2.4495634E-08
   5.8070516E+02   1.9814912E-08
   5.8103890E+02   1.5085664E-08
   5.8137264E+02   1.0361749E-08
   5.8170638E+02   5.6999365E-09
   5.8204012E+02   1.1597372E-09
   5.8237385E+02  -3.1970853E-09
   5.8270759E+02  -7.3068787E-09
   5.8304133E+02  -1.1104470E-08
   5.8337507E+02  -1.4523779E-08
   5.8370881E+02  -1.7498095E-08
   5.8404255E+02  -1.9960797E-08
   5.8437629E+02  -2.1845736E-08
   5.8471002E+02  -2.3087896E-08
   5.8504376E+02  -2.3623869E-08
   5.8537750E+02  -2.3392515E-08
   5.8571124E+02  -2.2335454E-08
   5.8604498E+02  -2.0397675E-08
   5.8637872E+02  -1.7528169E-08
   5.8671246E+02  -1.3680438E-08
   5.8704619E+02  -8.8130889E-09
   5.8737993E+02  -2.8903449E-09
   5.8771367E+02   4.1173518E-09
   5.8804741E+02   1.2232944E-08
   5.8838115E+02   2.1472196E-08
   5.8871489E+02   3.1843335E-08
   5.8904863E+02   4.3346589E-08
   5.8938236E+02   5.5973899E-08
   5.8971610E+02   6.9708570E-08
   5.9004984E+02   8.4525027E-08
   5.9038358E+02   1.0038873E-07
   5.9071732E+02   1.1725588E-07
   5.9105106E+02   1.3507351E-07
   5.9138480E+02   1.5377944E-07
   5.9171853E+02   1.7330230E-07
   5.9205227E+02   1.9356187E-07
   5.9238601E+02   2.1446911E-07
   5.9271975E+02   2.3592656E-07
   5.9305349E+02   2.5782870E-07
   5.9338723E+02   2.8006247E-07
   5.9372097E+02   3.0250783E-07
   5.9405471E+02   3.2503803E-07
   5.9438844E+02   3.4752077E-07
   5.9472218E+02   3.6981845E-07
   5.9505592E+02   3.9178951E-07
   5.9538966E+02   4.1328855E-07
   5.9572340E+02   4.3416796E-07
   5.9605714E+02   4.5427828E-07
   5.9639088E+02   4.7346970E-07
   5.9672461E+02   4.9159235E-07
   5.9705835E+02   5.0849809E-07
   5.9739209E+02   5.2404130E-07
   5.9772583E+02   5.3807969E-07
   5.9805957E+02   5.5047548E-07
   5.9839331E+02   5.6109673E-07
   5.9872705E+02   5.6981816E-07
   5.9906078E+02   5.7652210E-07
   5.9939452E+02   5.8109993E-07
   5.9972826E+02   5.8345228E-07
   6.0006200E+02   5.8349076E-07
   6.0039574E+02   5.8113835E-07
   6.0072948E+02   5.7633031E-07
   6.0106322E+02   5.6901479E-07
   6.0139695E+02   5.5915405E-07
   6.0173069E+02   5.4672404E-07
   6.0206443E+02   5.3171607E-07
   6.0239817E+02   5.1413616E-07
   6.0273191E+02   4.9400614E-07
   6.0306565E+02   4.7136342E-07
   6.0339939E+02   4.4626103E-07
   6.0373312E+02   4.1876802E-07
   6.0406686E+02   3.8896889E-07
   6.0440060E+02   3.5696371E-07
   6.0473434E+02   3.2286744E-07
   6.0506808E+02   2.8680978E-07
   6.0540182E+02   2.4893450E-07
   6.0573556E+02   2.0939872E-07
   6.0606929E+02   1.6837222E-07
   6.0640303E+02   1.2603661E-07
   6.0673677E+02   8.2584151E-08
   6.0707051E+02   3.8217038E-08
   6.0740425E+02  -6.8540604E-09
   6.0773799E+02  -5.2410883E-08
   6.0807173E+02  -9.8229108E-08
   6.0840546E+02  -1.4407949E-07
   6.0873920E+02  -1.8972945E-07
   6.0907294E+02  -2.3494425E-07
   6.0940668E+02  -2.7948875E-07
   6.0974042E+02  -3.2312852E-07
   6.1007416E+02  -3.6563145E-07
   6.1040790E+02  -4.0676954E-07
   6.1074163E+02  -4.4631986E-07
   6.1107537E+02  -4.8406645E-07
   6.1140911E+02  -5.1980123E-07
   6.1174285E+02  -5.5332561E-07
   6.1207659E+02  -5.8445210E-07
   6.1241033E+02  -6.1300489E-07
   6.1274407E+02  -6.3882175E-07
   6.1307781E+02  -6.6175431E-07
   6.1341154E+02  -6.8166969E-07
   6.1374528E+02  -6.9845106E-07
   6.1407902E+02  -7.1199867E-07
   6.1441276E+02  -7.2222997E-07
   6.1474650E+02  -7.2908091E-07
   6.1508024E+02  -7.3250567E-07
   6.1541398E+02  -7.3247753E-07
   6.1574771E+02  -7.2898871E-07
   6.1608145E+02  -7.2205029E-07
   6.1641519E+02  -7.1169234E-07
   6.1674893E+02  -6.9796386E-07
   6.1708267E+02  -6.8093186E-07
   6.1741641E+02  -6.6068151E-07
   6.1775015E+02  -6.3731528E-07
   6.1808388E+02  -6.1095193E-07
   6.1841762E+02  -5.8172623E-07
   6.1875136E+02  -5.4978784E-07
   6.1908510E+02  -5.1530003E-07
   6.1941884E+02  -4.7843912E-07
   6.1975258E+02  -4.3939249E-07
   6.2008632E+02  -3.9835817E-07
   6.2042005E+02  -3.5554305E-07
   6.2075379E+02  -3.1116141E-07
   6.2108753E+02  -2.6543387E-07
   6.2142127E+02  -2.1858587E-07
   6.2175501E+02  -1.7084606E-07
   6.2208875E+02  -1.2244502E-07
   6.2242249E+02  -7.3613698E-08
   6.2275622E+02  -2.4582103E-08
   6.2308996E+02   2.4422118E-08
   6.2342370E+02   7.3175087E-08
   6.2375744E+02   1.2145786E-07
   6.2409118E+02   1.6905787E-07
   6.2442492E+02   2.1576980E-07
   6.2475866E+02   2.6139691E-07
   6.2509239E+02   3.0575220E-07
   6.2542613E+02   3.4865852E-07
   6.2575987E+02   3.8995063E-07
   6.2609361E+02   4.2947468E-07
   6.2642735E+02   4.6708976E-07
   6.2676109E+02   5.0266777E-07
   6.2709483E+02   5.3609415E-07
   6.2742856E+02   5.6726799E-07
   6.2776230E+02   5.9610227E-07
   6.2809604E+02   6.2252366E-07
   6.2842978E+02   6.4647287E-07
   6.2876352E+02   6.6790415E-07
   6.2909726E+02   6.8678514E-07
   6.2943100E+02   7.0309625E-07
   6.2976473E+02   7.1683070E-07
   6.3009847E+02   7.2799332E-07
   6.3043221E+02   7.3660016E-07
   6.3076595E+02   7.4267803E-07
   6.3109969E+02   7.4626359E-07
   6.3143343E+02   7.4740217E-07
   6.3176717E+02   7.4614672E-07
   6.3210090E+02   7.4255843E-07
   6.3243464E+02   7.3670350E-07
   6.3276838E+02   7.2865384E-07
   6.3310212E+02   7.1848621E-07
   6.3343586E+02   7.0627959E-07
   6.3376960E+02   6.9211637E-07
   6.3410334E+02   6.7607971E-07
   6.3443708E+02   6.5825355E-07
   6.3477081E+02   6.3872187E-07
   6.3510455E+02   6.1756742E-07
   6.3543829E+02   5.9487155E-07
   6.3577203E+02   5.7071270E-07
   6.3610577E+02   5.4516687E-07
   6.3643951E+02   5.1830636E-07
   6.3677325E+02   4.9020002E-07
   6.3710698E+02   4.6091208E-07
   6.3744072E+02   4.3050298E-07
   6.3777446E+02   3.9902804E-07
   6.3810820E+02   3.6653890E-07
   6.3844194E+02   3.3308220E-07
   6.3877568E+02   2.9870060E-07
   6.3910942E+02   2.6343250E-07
   6.3944315E+02   2.2731304E-07
   6.3977689E+02   1.9037365E-07
   6.4011063E+02   1.5264317E-07
   6.4044437E+02   1.1414860E-07
   6.4077811E+02   7.4914766E-08
   6.4111185E+02   3.4966028E-08
   6.4144559E+02  -5.6733782E-09
   6.4177932E+02  -4.6979018E-08
   6.4211306E+02  -8.8924708E-08
   6.4244680E+02  -1.3148205E-07
   6.4278054E+02  -1.7461980E-07
   6.4311428E+02  -2.1830303E-07
   6.4344802E+02  -2.6249236E-07
   6.4378176E+02  -3.0714290E-07
   6.4411549E+02  -3.5220404E-07
   6.4444923E+02  -3.9761841E-07
   6.4478297E+02  -4.4332165E-07
   6.4511671E+02  -4.8924181E-07
   6.4545045E+02  -5.3529874E-07
   6.4578419E+02  -5.8140358E-07
   6.4611793E+02  -6.2745949E-07
   6.4645166E+02  -6.7336055E-07
   6.4678540E+02  -7.1899200E-07
   6.4711914E+02  -7.6423032E-07
   6.4745288E+02  -8.0894404E-07
   6.4778662E+02  -8.5299320E-07
   6.4812036E+02  -8.9623052E-07
   6.4845410E+02  -9.3850133E-07
   6.4878783E+02  -9.7964505E-07
   6.4912157E+02  -1.0194951E-06
   6.4945531E+02  -1.0578808E-06
   6.4978905E+02  -1.0946274E-06
   6.5012279E+02  -1.1295577E-06
   6.5045653E+02  -1.1624941E-06
   6.5079027E+02  -1.1932577E-06
   6.5112400E+02  -1.2216718E-06
   6.5145774E+02  -1.2475626E-06
   6.5179148E+02  -1.2707595E-06
   6.5212522E+02  -1.2910980E-06
   6.5245896E+02  -1.3084206E-06
   6.5279270E+02  -1.3225784E-06
   6.5312644E+02  -1.3334317E-06
   6.5346018E+02  -1.3408533E-06
   6.5379391E+02  -1.3447276E-06
   6.5412765E+02  -1.3449535E-06
   6.5446139E+02  -1.3414442E-06
   6.5479513E+02  -1.3341307E-06
   6.5512887E+02  -1.3229601E-06
   6.5546261E+02  -1.3078977E-06
   6.5579635E+02  -1.2889286E-06
   6.5613008E+02  -1.2660554E-06
   6.5646382E+02  -1.2393040E-06
   6.5679756E+02  -1.2087181E-06
   6.5713130E+02  -1.1743625E-06
   6.5746504E+02  -1.1363226E-06
   6.5779878E+02  -1.0947052E-06
   6.5813252E+02  -1.0496356E-06
   6.5846625E+02  -1.0012591E-06
   6.5879999E+02  -9.4974121E-07
   6.5913373E+02  -8.9526372E-07
   6.5946747E+02  -8.3802695E-07
   6.5980121E+02  -7.7824694E-07
   6.6013495E+02  -7.1615449E-07
