  -7.8094826E+01   0.0000000E+00
  -7.7761087E+01   0.0000000E+00
  -7.7427349E+01   0.0000000E+00
  -7.7093610E+01   0.0000000E+00
  -7.6759871E+01   0.0000000E+00
  -7.6426133E+01   0.0000000E+00
  -7.6092394E+01   0.0000000E+00
  -7.5758656E+01   0.0000000E+00
  -7.5424917E+01   0.0000000E+00
  -7.5091178E+01   0.0000000E+00
  -7.4757440E+01   0.0000000E+00
  -7.4423701E+01   0.0000000E+00
  -7.4089963E+01   0.0000000E+00
  -7.3756224E+01   0.0000000E+00
  -7.3422485E+01   0.0000000E+00
  -7.3088747E+01   0.0000000E+00
  -7.2755008E+01   0.0000000E+00
  -7.2421270E+01   0.0000000E+00
  -7.2087531E+01   0.0000000E+00
  -7.1753792E+01   0.0000000E+00
  -7.1420054E+01   0.0000000E+00
  -7.1086315E+01   0.0000000E+00
  -7.0752577E+01   0.0000000E+00
  -7.0418838E+01   0.0000000E+00
  -7.0085099E+01   0.0000000E+00
  -6.9751361E+01   0.0000000E+00
  -6.9417622E+01   0.0000000E+00
  -6.9083884E+01   0.0000000E+00
  -6.8750145E+01   0.0000000E+00
  -6.8416406E+01   0.0000000E+00
  -6.8082668E+01   0.0000000E+00
  -6.7748929E+01   0.0000000E+00
  -6.7415191E+01   0.0000000E+00
  -6.7081452E+01   0.0000000E+00
  -6.6747714E+01   0.0000000E+00
  -6.6413975E+01   0.0000000E+00
  -6.6080236E+01   0.0000000E+00
  -6.5746498E+01   0.0000000E+00
  -6.5412759E+01   0.0000000E+00
  -6.5079021E+01   0.0000000E+00
  -6.4745282E+01   0.0000000E+00
  -6.4411543E+01   0.0000000E+00
  -6.4077805E+01   0.0000000E+00
  -6.3744066E+01   0.0000000E+00
  -6.3410328E+01   0.0000000E+00
  -6.3076589E+01   0.0000000E+00
  -6.2742850E+01   0.0000000E+00
  -6.2409112E+01   0.0000000E+00
  -6.2075373E+01   0.0000000E+00
  -6.1741635E+01   0.0000000E+00
  -6.1407896E+01   0.0000000E+00
  -6.1074157E+01   0.0000000E+00
  -6.0740419E+01   0.0000000E+00
  -6.0406680E+01   0.0000000E+00
  -6.0072942E+01   0.0000000E+00
  -5.9739203E+01   0.0000000E+00
  -5.9405464E+01   0.0000000E+00
  -5.9071726E+01   0.0000000E+00
  -5.8737987E+01   0.0000000E+00
  -5.8404249E+01   0.0000000E+00
  -5.8070510E+01   0.0000000E+00
  -5.7736771E+01   0.0000000E+00
  -5.7403033E+01   0.0000000E+00
  -5.7069294E+01   0.0000000E+00
  -5.6735556E+01   0.0000000E+00
  -5.6401817E+01   0.0000000E+00
  -5.6068078E+01   0.0000000E+00
  -5.5734340E+01   0.0000000E+00
  -5.5400601E+01   0.0000000E+00
  -5.5066863E+01   0.0000000E+00
  -5.4733124E+01   0.0000000E+00
  -5.4399385E+01   0.0000000E+00
  -5.4065647E+01   0.0000000E+00
  -5.3731908E+01   0.0000000E+00
  -5.3398170E+01   0.0000000E+00
  -5.3064431E+01   0.0000000E+00
  -5.2730693E+01   0.0000000E+00
  -5.2396954E+01   0.0000000E+00
  -5.2063215E+01   0.0000000E+00
  -5.1729477E+01   0.0000000E+00
  -5.1395738E+01   0.0000000E+00
  -5.1062000E+01   0.0000000E+00
  -5.0728261E+01   0.0000000E+00
  -5.0394522E+01   0.0000000E+00
  -5.0060784E+01   0.0000000E+00
  -4.9727045E+01   0.0000000E+00
  -4.9393307E+01   0.0000000E+00
  -4.9059568E+01   0.0000000E+00
  -4.8725829E+01   0.0000000E+00
  -4.8392091E+01   0.0000000E+00
  -4.8058352E+01   0.0000000E+00
  -4.7724614E+01   0.0000000E+00
  -4.7390875E+01   0.0000000E+00
  -4.7057136E+01   0.0000000E+00
  -4.6723398E+01   0.0000000E+00
  -4.6389659E+01   0.0000000E+00
  -4.6055921E+01   0.0000000E+00
  -4.5722182E+01   0.0000000E+00
  -4.5388443E+01   0.0000000E+00
  -4.5054705E+01   0.0000000E+00
  -4.4720966E+01   0.0000000E+00
  -4.4387228E+01   0.0000000E+00
  -4.4053489E+01   0.0000000E+00
  -4.3719750E+01   0.0000000E+00
  -4.3386012E+01   0.0000000E+00
  -4.3052273E+01   0.0000000E+00
  -4.2718535E+01   0.0000000E+00
  -4.2384796E+01   0.0000000E+00
  -4.2051057E+01   0.0000000E+00
  -4.1717319E+01   0.0000000E+00
  -4.1383580E+01   0.0000000E+00
  -4.1049842E+01   0.0000000E+00
  -4.0716103E+01   0.0000000E+00
  -4.0382364E+01   0.0000000E+00
  -4.0048626E+01   0.0000000E+00
  -3.9714887E+01   0.0000000E+00
  -3.9381149E+01   0.0000000E+00
  -3.9047410E+01   0.0000000E+00
  -3.8713672E+01   0.0000000E+00
  -3.8379933E+01   0.0000000E+00
  -3.8046194E+01   0.0000000E+00
  -3.7712456E+01   0.0000000E+00
  -3.7378717E+01   0.0000000E+00
  -3.7044979E+01   0.0000000E+00
  -3.6711240E+01   0.0000000E+00
  -3.6377501E+01   0.0000000E+00
  -3.6043763E+01   0.0000000E+00
  -3.5710024E+01   0.0000000E+00
  -3.5376286E+01   0.0000000E+00
  -3.5042547E+01   0.0000000E+00
  -3.4708808E+01   0.0000000E+00
  -3.4375070E+01   0.0000000E+00
  -3.4041331E+01   0.0000000E+00
  -3.3707593E+01   0.0000000E+00
  -3.3373854E+01   0.0000000E+00
  -3.3040115E+01   0.0000000E+00
  -3.2706377E+01   0.0000000E+00
  -3.2372638E+01   0.0000000E+00
  -3.2038900E+01   0.0000000E+00
  -3.1705161E+01   0.0000000E+00
  -3.1371422E+01   0.0000000E+00
  -3.1037684E+01   0.0000000E+00
  -3.0703945E+01   0.0000000E+00
  -3.0370207E+01   0.0000000E+00
  -3.0036468E+01   0.0000000E+00
  -2.9702729E+01   0.0000000E+00
  -2.9368991E+01   0.0000000E+00
  -2.9035252E+01   0.0000000E+00
  -2.8701514E+01   0.0000000E+00
  -2.8367775E+01   0.0000000E+00
  -2.8034036E+01   0.0000000E+00
  -2.7700298E+01   0.0000000E+00
  -2.7366559E+01   0.0000000E+00
  -2.7032821E+01   0.0000000E+00
  -2.6699082E+01   0.0000000E+00
  -2.6365343E+01   0.0000000E+00
  -2.6031605E+01   0.0000000E+00
  -2.5697866E+01   0.0000000E+00
  -2.5364128E+01   0.0000000E+00
  -2.5030389E+01   0.0000000E+00
  -2.4696651E+01   0.0000000E+00
  -2.4362912E+01   0.0000000E+00
  -2.4029173E+01   0.0000000E+00
  -2.3695435E+01   0.0000000E+00
  -2.3361696E+01   0.0000000E+00
  -2.3027958E+01   0.0000000E+00
  -2.2694219E+01   0.0000000E+00
  -2.2360480E+01   0.0000000E+00
  -2.2026742E+01   0.0000000E+00
  -2.1693003E+01   0.0000000E+00
  -2.1359265E+01   0.0000000E+00
  -2.1025526E+01   0.0000000E+00
  -2.0691787E+01   0.0000000E+00
  -2.0358049E+01   0.0000000E+00
  -2.0024310E+01   0.0000000E+00
  -1.9690572E+01   0.0000000E+00
  -1.9356833E+01   0.0000000E+00
  -1.9023094E+01   0.0000000E+00
  -1.8689356E+01   0.0000000E+00
  -1.8355617E+01   0.0000000E+00
  -1.8021879E+01   0.0000000E+00
  -1.7688140E+01   0.0000000E+00
  -1.7354401E+01   0.0000000E+00
  -1.7020663E+01   0.0000000E+00
  -1.6686924E+01   0.0000000E+00
  -1.6353186E+01   0.0000000E+00
  -1.6019447E+01   0.0000000E+00
  -1.5685708E+01   0.0000000E+00
  -1.5351970E+01   0.0000000E+00
  -1.5018231E+01   0.0000000E+00
  -1.4684493E+01   0.0000000E+00
  -1.4350754E+01   0.0000000E+00
  -1.4017015E+01   0.0000000E+00
  -1.3683277E+01   0.0000000E+00
  -1.3349538E+01   0.0000000E+00
  -1.3015800E+01   0.0000000E+00
  -1.2682061E+01   0.0000000E+00
  -1.2348322E+01   0.0000000E+00
  -1.2014584E+01   0.0000000E+00
  -1.1680845E+01   0.0000000E+00
  -1.1347107E+01   0.0000000E+00
  -1.1013368E+01   0.0000000E+00
  -1.0679630E+01   0.0000000E+00
  -1.0345891E+01   0.0000000E+00
  -1.0012152E+01   0.0000000E+00
  -9.6784137E+00   0.0000000E+00
  -9.3446751E+00   0.0000000E+00
  -9.0109365E+00   0.0000000E+00
  -8.6771979E+00   0.0000000E+00
  -8.3434593E+00   0.0000000E+00
  -8.0097207E+00   0.0000000E+00
  -7.6759821E+00   0.0000000E+00
  -7.3422436E+00   0.0000000E+00
  -7.0085050E+00   0.0000000E+00
  -6.6747664E+00   0.0000000E+00
  -6.3410278E+00   0.0000000E+00
  -6.0072892E+00   0.0000000E+00
  -5.6735506E+00   0.0000000E+00
  -5.3398120E+00   0.0000000E+00
  -5.0060734E+00   0.0000000E+00
  -4.6723348E+00   0.0000000E+00
  -4.3385962E+00   0.0000000E+00
  -4.0048576E+00   0.0000000E+00
  -3.6711190E+00   0.0000000E+00
  -3.3373804E+00   0.0000000E+00
  -3.0036418E+00   0.0000000E+00
  -2.6699032E+00   0.0000000E+00
  -2.3361646E+00   0.0000000E+00
  -2.0024260E+00   0.0000000E+00
  -1.6686874E+00   0.0000000E+00
  -1.3349488E+00   0.0000000E+00
  -1.0012102E+00   0.0000000E+00
  -6.6747165E-01   0.0000000E+00
  -3.3373305E-01   0.0000000E+00
   5.5432320E-06   0.0000000E+00
   3.3374414E-01   0.0000000E+00
   6.6748273E-01   0.0000000E+00
   1.0012213E+00   0.0000000E+00
   1.3349599E+00   0.0000000E+00
   1.6686985E+00   0.0000000E+00
   2.0024371E+00   0.0000000E+00
   2.3361757E+00   0.0000000E+00
   2.6699143E+00   0.0000000E+00
   3.0036529E+00   0.0000000E+00
   3.3373915E+00   0.0000000E+00
   3.6711301E+00   0.0000000E+00
   4.0048687E+00   0.0000000E+00
   4.3386073E+00   0.0000000E+00
   4.6723459E+00   0.0000000E+00
   5.0060845E+00   0.0000000E+00
   5.3398231E+00   0.0000000E+00
   5.6735617E+00   0.0000000E+00
   6.0073003E+00   0.0000000E+00
   6.3410389E+00   0.0000000E+00
   6.6747774E+00   0.0000000E+00
   7.0085160E+00   0.0000000E+00
   7.3422546E+00   0.0000000E+00
   7.6759932E+00   0.0000000E+00
   8.0097318E+00   0.0000000E+00
   8.3434704E+00   0.0000000E+00
   8.6772090E+00   0.0000000E+00
   9.0109476E+00   0.0000000E+00
   9.3446862E+00   0.0000000E+00
   9.6784248E+00   0.0000000E+00
   1.0012163E+01   0.0000000E+00
   1.0345902E+01   0.0000000E+00
   1.0679641E+01   0.0000000E+00
   1.1013379E+01   0.0000000E+00
   1.1347118E+01   0.0000000E+00
   1.1680856E+01   0.0000000E+00
   1.2014595E+01   0.0000000E+00
   1.2348334E+01   0.0000000E+00
   1.2682072E+01   0.0000000E+00
   1.3015811E+01   0.0000000E+00
   1.3349549E+01   0.0000000E+00
   1.3683288E+01   0.0000000E+00
   1.4017027E+01   0.0000000E+00
   1.4350765E+01   0.0000000E+00
   1.4684504E+01   0.0000000E+00
   1.5018242E+01   0.0000000E+00
   1.5351981E+01   0.0000000E+00
   1.5685720E+01   0.0000000E+00
   1.6019458E+01   0.0000000E+00
   1.6353197E+01   0.0000000E+00
   1.6686935E+01   0.0000000E+00
   1.7020674E+01   0.0000000E+00
   1.7354412E+01   0.0000000E+00
   1.7688151E+01   0.0000000E+00
   1.8021890E+01   0.0000000E+00
   1.8355628E+01   0.0000000E+00
   1.8689367E+01   0.0000000E+00
   1.9023105E+01   0.0000000E+00
   1.9356844E+01   0.0000000E+00
   1.9690583E+01   0.0000000E+00
   2.0024321E+01   0.0000000E+00
   2.0358060E+01   0.0000000E+00
   2.0691798E+01   0.0000000E+00
   2.1025537E+01   0.0000000E+00
   2.1359276E+01   0.0000000E+00
   2.1693014E+01   0.0000000E+00
   2.2026753E+01   0.0000000E+00
   2.2360491E+01   0.0000000E+00
   2.2694230E+01   0.0000000E+00
   2.3027969E+01   0.0000000E+00
   2.3361707E+01   0.0000000E+00
   2.3695446E+01   0.0000000E+00
   2.4029184E+01   0.0000000E+00
   2.4362923E+01   0.0000000E+00
   2.4696662E+01   0.0000000E+00
   2.5030400E+01   0.0000000E+00
   2.5364139E+01   0.0000000E+00
   2.5697877E+01   0.0000000E+00
   2.6031616E+01   0.0000000E+00
   2.6365355E+01   0.0000000E+00
   2.6699093E+01   0.0000000E+00
   2.7032832E+01   0.0000000E+00
   2.7366570E+01   0.0000000E+00
   2.7700309E+01   0.0000000E+00
   2.8034048E+01   0.0000000E+00
   2.8367786E+01   0.0000000E+00
   2.8701525E+01   0.0000000E+00
   2.9035263E+01   0.0000000E+00
   2.9369002E+01   0.0000000E+00
   2.9702741E+01   0.0000000E+00
   3.0036479E+01   0.0000000E+00
   3.0370218E+01   0.0000000E+00
   3.0703956E+01   0.0000000E+00
   3.1037695E+01   0.0000000E+00
   3.1371433E+01   0.0000000E+00
   3.1705172E+01   0.0000000E+00
   3.2038911E+01   0.0000000E+00
   3.2372649E+01   0.0000000E+00
   3.2706388E+01   0.0000000E+00
   3.3040126E+01   0.0000000E+00
   3.3373865E+01   0.0000000E+00
   3.3707604E+01   0.0000000E+00
   3.4041342E+01   0.0000000E+00
   3.4375081E+01   0.0000000E+00
   3.4708819E+01   0.0000000E+00
   3.5042558E+01   0.0000000E+00
   3.5376297E+01   0.0000000E+00
   3.5710035E+01   0.0000000E+00
   3.6043774E+01   0.0000000E+00
   3.6377512E+01   0.0000000E+00
   3.6711251E+01   0.0000000E+00
   3.7044990E+01   0.0000000E+00
   3.7378728E+01   0.0000000E+00
   3.7712467E+01   0.0000000E+00
   3.8046205E+01   0.0000000E+00
   3.8379944E+01   0.0000000E+00
   3.8713683E+01   0.0000000E+00
   3.9047421E+01   0.0000000E+00
   3.9381160E+01   0.0000000E+00
   3.9714898E+01   0.0000000E+00
   4.0048637E+01   0.0000000E+00
   4.0382376E+01   0.0000000E+00
   4.0716114E+01   0.0000000E+00
   4.1049853E+01   0.0000000E+00
   4.1383591E+01   0.0000000E+00
   4.1717330E+01   0.0000000E+00
   4.2051069E+01   0.0000000E+00
   4.2384807E+01   0.0000000E+00
   4.2718546E+01   0.0000000E+00
   4.3052284E+01   0.0000000E+00
   4.3386023E+01   0.0000000E+00
   4.3719762E+01   0.0000000E+00
   4.4053500E+01   0.0000000E+00
   4.4387239E+01   0.0000000E+00
   4.4720977E+01   0.0000000E+00
   4.5054716E+01   0.0000000E+00
   4.5388454E+01   0.0000000E+00
   4.5722193E+01   0.0000000E+00
   4.6055932E+01   0.0000000E+00
   4.6389670E+01   0.0000000E+00
   4.6723409E+01   0.0000000E+00
   4.7057147E+01   0.0000000E+00
   4.7390886E+01   0.0000000E+00
   4.7724625E+01   0.0000000E+00
   4.8058363E+01   0.0000000E+00
   4.8392102E+01   0.0000000E+00
   4.8725840E+01   0.0000000E+00
   4.9059579E+01   0.0000000E+00
   4.9393318E+01   0.0000000E+00
   4.9727056E+01   0.0000000E+00
   5.0060795E+01   0.0000000E+00
   5.0394533E+01   0.0000000E+00
   5.0728272E+01   0.0000000E+00
   5.1062011E+01   0.0000000E+00
   5.1395749E+01   0.0000000E+00
   5.1729488E+01   0.0000000E+00
   5.2063226E+01   0.0000000E+00
   5.2396965E+01   0.0000000E+00
   5.2730704E+01   0.0000000E+00
   5.3064442E+01   0.0000000E+00
   5.3398181E+01   0.0000000E+00
   5.3731919E+01   0.0000000E+00
   5.4065658E+01   0.0000000E+00
   5.4399397E+01   0.0000000E+00
   5.4733135E+01   0.0000000E+00
   5.5066874E+01   0.0000000E+00
   5.5400612E+01   0.0000000E+00
   5.5734351E+01   0.0000000E+00
   5.6068090E+01   0.0000000E+00
   5.6401828E+01   0.0000000E+00
   5.6735567E+01   0.0000000E+00
   5.7069305E+01   0.0000000E+00
   5.7403044E+01   0.0000000E+00
   5.7736783E+01   0.0000000E+00
   5.8070521E+01   0.0000000E+00
   5.8404260E+01   0.0000000E+00
   5.8737998E+01   0.0000000E+00
   5.9071737E+01   0.0000000E+00
   5.9405475E+01   0.0000000E+00
   5.9739214E+01   0.0000000E+00
   6.0072953E+01   0.0000000E+00
   6.0406691E+01   0.0000000E+00
   6.0740430E+01   0.0000000E+00
   6.1074168E+01   0.0000000E+00
   6.1407907E+01   0.0000000E+00
   6.1741646E+01   0.0000000E+00
   6.2075384E+01   0.0000000E+00
   6.2409123E+01   0.0000000E+00
   6.2742861E+01   0.0000000E+00
   6.3076600E+01   0.0000000E+00
   6.3410339E+01   0.0000000E+00
   6.3744077E+01   0.0000000E+00
   6.4077816E+01   0.0000000E+00
   6.4411554E+01   0.0000000E+00
   6.4745293E+01   0.0000000E+00
   6.5079032E+01   0.0000000E+00
   6.5412770E+01   0.0000000E+00
   6.5746509E+01   0.0000000E+00
   6.6080247E+01   0.0000000E+00
   6.6413986E+01   0.0000000E+00
   6.6747725E+01   0.0000000E+00
   6.7081463E+01   0.0000000E+00
   6.7415202E+01   0.0000000E+00
   6.7748940E+01   0.0000000E+00
   6.8082679E+01   0.0000000E+00
   6.8416418E+01   0.0000000E+00
   6.8750156E+01   0.0000000E+00
   6.9083895E+01   0.0000000E+00
   6.9417633E+01   0.0000000E+00
   6.9751372E+01   0.0000000E+00
   7.0085111E+01   0.0000000E+00
   7.0418849E+01   0.0000000E+00
   7.0752588E+01   0.0000000E+00
   7.1086326E+01   0.0000000E+00
   7.1420065E+01   0.0000000E+00
   7.1753804E+01   0.0000000E+00
   7.2087542E+01   0.0000000E+00
   7.2421281E+01   0.0000000E+00
   7.2755019E+01   0.0000000E+00
   7.3088758E+01   0.0000000E+00
   7.3422496E+01   0.0000000E+00
   7.3756235E+01   0.0000000E+00
   7.4089974E+01   0.0000000E+00
   7.4423712E+01   0.0000000E+00
   7.4757451E+01   0.0000000E+00
   7.5091189E+01   0.0000000E+00
   7.5424928E+01   0.0000000E+00
   7.5758667E+01   0.0000000E+00
   7.6092405E+01   0.0000000E+00
   7.6426144E+01   0.0000000E+00
   7.6759882E+01   0.0000000E+00
   7.7093621E+01   0.0000000E+00
   7.7427360E+01   0.0000000E+00
   7.7761098E+01   0.0000000E+00
   7.8094837E+01   0.0000000E+00
   7.8428575E+01   0.0000000E+00
   7.8762314E+01   0.0000000E+00
   7.9096053E+01   0.0000000E+00
   7.9429791E+01   0.0000000E+00
   7.9763530E+01   0.0000000E+00
   8.0097268E+01   0.0000000E+00
   8.0431007E+01   0.0000000E+00
   8.0764746E+01   0.0000000E+00
   8.1098484E+01   0.0000000E+00
   8.1432223E+01   0.0000000E+00
   8.1765961E+01   0.0000000E+00
   8.2099700E+01   0.0000000E+00
   8.2433439E+01   0.0000000E+00
   8.2767177E+01   0.0000000E+00
   8.3100916E+01   0.0000000E+00
   8.3434654E+01   0.0000000E+00
   8.3768393E+01   0.0000000E+00
   8.4102132E+01   0.0000000E+00
   8.4435870E+01   0.0000000E+00
   8.4769609E+01   0.0000000E+00
   8.5103347E+01   0.0000000E+00
   8.5437086E+01   0.0000000E+00
   8.5770825E+01   0.0000000E+00
   8.6104563E+01   0.0000000E+00
   8.6438302E+01   0.0000000E+00
   8.6772040E+01   0.0000000E+00
   8.7105779E+01   0.0000000E+00
   8.7439517E+01   0.0000000E+00
   8.7773256E+01   0.0000000E+00
   8.8106995E+01   0.0000000E+00
   8.8440733E+01   0.0000000E+00
   8.8774472E+01   0.0000000E+00
   8.9108210E+01   0.0000000E+00
   8.9441949E+01   0.0000000E+00
   8.9775688E+01   0.0000000E+00
   9.0109426E+01   0.0000000E+00
   9.0443165E+01   0.0000000E+00
   9.0776903E+01   0.0000000E+00
   9.1110642E+01   0.0000000E+00
   9.1444381E+01   0.0000000E+00
   9.1778119E+01   0.0000000E+00
   9.2111858E+01   0.0000000E+00
   9.2445596E+01   0.0000000E+00
   9.2779335E+01   0.0000000E+00
   9.3113074E+01   0.0000000E+00
   9.3446812E+01   0.0000000E+00
   9.3780551E+01   0.0000000E+00
   9.4114289E+01   0.0000000E+00
   9.4448028E+01   0.0000000E+00
   9.4781767E+01   0.0000000E+00
   9.5115505E+01   0.0000000E+00
   9.5449244E+01   0.0000000E+00
   9.5782982E+01   0.0000000E+00
   9.6116721E+01   0.0000000E+00
   9.6450460E+01   0.0000000E+00
   9.6784198E+01   0.0000000E+00
   9.7117937E+01   0.0000000E+00
   9.7451675E+01   0.0000000E+00
   9.7785414E+01   0.0000000E+00
   9.8119153E+01   0.0000000E+00
   9.8452891E+01   0.0000000E+00
   9.8786630E+01   0.0000000E+00
   9.9120368E+01   0.0000000E+00
   9.9454107E+01   0.0000000E+00
   9.9787846E+01   0.0000000E+00
   1.0012158E+02   0.0000000E+00
   1.0045532E+02   0.0000000E+00
   1.0078906E+02   0.0000000E+00
   1.0112280E+02   0.0000000E+00
   1.0145654E+02   0.0000000E+00
   1.0179028E+02   0.0000000E+00
   1.0212402E+02   0.0000000E+00
   1.0245775E+02   0.0000000E+00
   1.0279149E+02   0.0000000E+00
   1.0312523E+02   0.0000000E+00
   1.0345897E+02   0.0000000E+00
   1.0379271E+02   0.0000000E+00
   1.0412645E+02   0.0000000E+00
   1.0446019E+02   0.0000000E+00
   1.0479392E+02   0.0000000E+00
   1.0512766E+02   0.0000000E+00
   1.0546140E+02   0.0000000E+00
   1.0579514E+02   0.0000000E+00
   1.0612888E+02   0.0000000E+00
   1.0646262E+02   0.0000000E+00
   1.0679636E+02   0.0000000E+00
   1.0713009E+02   0.0000000E+00
   1.0746383E+02   0.0000000E+00
   1.0779757E+02   0.0000000E+00
   1.0813131E+02   0.0000000E+00
   1.0846505E+02   0.0000000E+00
   1.0879879E+02   0.0000000E+00
   1.0913253E+02   0.0000000E+00
   1.0946626E+02   0.0000000E+00
   1.0980000E+02   0.0000000E+00
   1.1013374E+02   0.0000000E+00
   1.1046748E+02   0.0000000E+00
   1.1080122E+02   0.0000000E+00
   1.1113496E+02   0.0000000E+00
   1.1146870E+02   0.0000000E+00
   1.1180243E+02   0.0000000E+00
   1.1213617E+02   0.0000000E+00
   1.1246991E+02   0.0000000E+00
   1.1280365E+02   0.0000000E+00
   1.1313739E+02   0.0000000E+00
   1.1347113E+02   0.0000000E+00
   1.1380487E+02   0.0000000E+00
   1.1413861E+02   0.0000000E+00
   1.1447234E+02   0.0000000E+00
   1.1480608E+02   0.0000000E+00
   1.1513982E+02   0.0000000E+00
   1.1547356E+02   0.0000000E+00
   1.1580730E+02   0.0000000E+00
   1.1614104E+02   0.0000000E+00
   1.1647478E+02   0.0000000E+00
   1.1680851E+02   0.0000000E+00
   1.1714225E+02   0.0000000E+00
   1.1747599E+02   0.0000000E+00
   1.1780973E+02   0.0000000E+00
   1.1814347E+02   0.0000000E+00
   1.1847721E+02   0.0000000E+00
   1.1881095E+02   0.0000000E+00
   1.1914468E+02   0.0000000E+00
   1.1947842E+02   0.0000000E+00
   1.1981216E+02   0.0000000E+00
   1.2014590E+02   0.0000000E+00
   1.2047964E+02   0.0000000E+00
   1.2081338E+02   0.0000000E+00
   1.2114712E+02   0.0000000E+00
   1.2148085E+02   0.0000000E+00
   1.2181459E+02   0.0000000E+00
   1.2214833E+02   0.0000000E+00
   1.2248207E+02   0.0000000E+00
   1.2281581E+02   0.0000000E+00
   1.2314955E+02   0.0000000E+00
   1.2348329E+02   0.0000000E+00
   1.2381702E+02   0.0000000E+00
   1.2415076E+02   0.0000000E+00
   1.2448450E+02   0.0000000E+00
   1.2481824E+02   0.0000000E+00
   1.2515198E+02   0.0000000E+00
   1.2548572E+02   0.0000000E+00
   1.2581946E+02   0.0000000E+00
   1.2615319E+02   0.0000000E+00
   1.2648693E+02   0.0000000E+00
   1.2682067E+02   0.0000000E+00
   1.2715441E+02   0.0000000E+00
   1.2748815E+02   0.0000000E+00
   1.2782189E+02   0.0000000E+00
   1.2815563E+02   0.0000000E+00
   1.2848936E+02   0.0000000E+00
   1.2882310E+02   0.0000000E+00
   1.2915684E+02   0.0000000E+00
   1.2949058E+02   0.0000000E+00
   1.2982432E+02   0.0000000E+00
   1.3015806E+02   0.0000000E+00
   1.3049180E+02   0.0000000E+00
   1.3082553E+02   0.0000000E+00
   1.3115927E+02   0.0000000E+00
   1.3149301E+02   0.0000000E+00
   1.3182675E+02   0.0000000E+00
   1.3216049E+02   0.0000000E+00
   1.3249423E+02   0.0000000E+00
   1.3282797E+02   0.0000000E+00
   1.3316171E+02   0.0000000E+00
   1.3349544E+02   0.0000000E+00
   1.3382918E+02   0.0000000E+00
   1.3416292E+02   0.0000000E+00
   1.3449666E+02   0.0000000E+00
   1.3483040E+02   0.0000000E+00
   1.3516414E+02   0.0000000E+00
   1.3549788E+02   0.0000000E+00
   1.3583161E+02   0.0000000E+00
   1.3616535E+02   0.0000000E+00
   1.3649909E+02   0.0000000E+00
   1.3683283E+02   0.0000000E+00
   1.3716657E+02   0.0000000E+00
   1.3750031E+02   0.0000000E+00
   1.3783405E+02   0.0000000E+00
   1.3816778E+02   0.0000000E+00
   1.3850152E+02   0.0000000E+00
   1.3883526E+02   0.0000000E+00
   1.3916900E+02   0.0000000E+00
   1.3950274E+02   0.0000000E+00
   1.3983648E+02   0.0000000E+00
   1.4017022E+02   0.0000000E+00
   1.4050395E+02   0.0000000E+00
   1.4083769E+02   0.0000000E+00
   1.4117143E+02   0.0000000E+00
   1.4150517E+02   0.0000000E+00
   1.4183891E+02   0.0000000E+00
   1.4217265E+02   0.0000000E+00
   1.4250639E+02   0.0000000E+00
   1.4284012E+02   0.0000000E+00
   1.4317386E+02   0.0000000E+00
   1.4350760E+02   0.0000000E+00
   1.4384134E+02   0.0000000E+00
   1.4417508E+02   0.0000000E+00
   1.4450882E+02   0.0000000E+00
   1.4484256E+02   0.0000000E+00
   1.4517629E+02   0.0000000E+00
   1.4551003E+02   0.0000000E+00
   1.4584377E+02   0.0000000E+00
   1.4617751E+02   1.4012985E-45
   1.4651125E+02   1.4012985E-45
   1.4684499E+02   4.2038954E-45
   1.4717873E+02   7.0064923E-45
   1.4751246E+02   7.0064923E-45
   1.4784620E+02   9.8090893E-45
   1.4817994E+02   9.8090893E-45
   1.4851368E+02   7.0064923E-45
   1.4884742E+02   7.0064923E-45
   1.4918116E+02   0.0000000E+00
   1.4951490E+02  -7.0064923E-45
   1.4984863E+02  -1.2611686E-44
   1.5018237E+02  -1.8216880E-44
   1.5051611E+02  -1.9618179E-44
   1.5084985E+02  -1.6815582E-44
   1.5118359E+02  -1.1210388E-44
   1.5151733E+02   1.4012985E-45
   1.5185107E+02   1.6815582E-44
   1.5218480E+02   3.3631163E-44
   1.5251854E+02   5.1848043E-44
   1.5285228E+02   6.8663625E-44
   1.5318602E+02   8.2676609E-44
   1.5351976E+02   8.5479206E-44
   1.5385350E+02   8.2676609E-44
   1.5418724E+02   7.1466222E-44
   1.5452098E+02   4.6242849E-44
   1.5485471E+02   1.2611686E-44
   1.5518845E+02  -2.3822074E-44
   1.5552219E+02  -6.3058431E-44
   1.5585593E+02  -9.6689594E-44
   1.5618967E+02  -1.1630777E-43
   1.5652341E+02  -1.2611686E-43
   1.5685715E+02  -1.0930128E-43
   1.5719088E+02  -7.2867520E-44
   1.5752462E+02  -1.8216880E-44
   1.5785836E+02   5.1848043E-44
   1.5819210E+02   1.2891946E-43
   1.5852584E+02   1.9758308E-43
   1.5885958E+02   2.5503632E-43
   1.5919332E+02   2.7325320E-43
   1.5952705E+02   2.5223372E-43
   1.5986079E+02   1.8917529E-43
   1.6019453E+02   7.1466222E-44
   1.6052827E+02  -7.7071416E-44
   1.6086201E+02  -2.4382593E-43
   1.6119575E+02  -4.0917915E-43
   1.6152949E+02  -5.3949991E-43
   1.6186322E+02  -6.1376873E-43
   1.6219696E+02  -6.0115704E-43
   1.6253070E+02  -4.8625057E-43
   1.6286444E+02  -2.6344411E-43
   1.6319818E+02   4.6242849E-44
   1.6353192E+02   4.1758694E-43
   1.6386566E+02   8.1135181E-43
   1.6419939E+02   1.1546699E-42
   1.6453313E+02   1.3970946E-42
   1.6486687E+02   1.4713634E-42
   1.6520061E+02   1.3340361E-42
   1.6553435E+02   9.6269204E-43
   1.6586809E+02   3.7554799E-43
   1.6620183E+02  -3.8815967E-43
   1.6653556E+02  -1.2373465E-42
   1.6686930E+02  -2.0599087E-42
   1.6720304E+02  -2.7227229E-42
   1.6753678E+02  -3.0800540E-42
   1.6787052E+02  -3.0183969E-42
   1.6820426E+02  -2.4676866E-42
   1.6853800E+02  -1.4167127E-42
   1.6887173E+02   7.0064923E-44
   1.6920547E+02   1.8455101E-42
   1.6953921E+02   3.6966253E-42
   1.6987295E+02   5.3487562E-42
   1.7020669E+02   6.4936171E-42
   1.7054043E+02   6.8649612E-42
   1.7087417E+02   6.2553963E-42
   1.7120790E+02   4.5598252E-42
   1.7154164E+02   1.8413062E-42
   1.7187538E+02  -1.6871634E-42
   1.7220912E+02  -5.6304172E-42
   1.7254286E+02  -9.4629685E-42
   1.7287660E+02  -1.2569647E-41
   1.7321034E+02  -1.4336685E-41
   1.7354408E+02  -1.4232989E-41
   1.7387781E+02  -1.1919445E-41
   1.7421155E+02  -7.3315936E-42
   1.7454529E+02  -7.3988559E-43
   1.7487903E+02   7.2250949E-42
   1.7521277E+02   1.5600656E-41
   1.7554651E+02   2.3183082E-41
   1.7588025E+02   2.8670567E-41
   1.7621398E+02   3.0836974E-41
   1.7654772E+02   2.8739230E-41
   1.7688146E+02   2.1903696E-41
   1.7721520E+02   1.0485916E-41
   1.7754894E+02  -4.6158771E-42
   1.7788268E+02  -2.1797198E-41
   1.7821642E+02  -3.8822974E-41
   1.7855015E+02  -5.3098001E-41
   1.7888389E+02  -6.1957010E-41
   1.7921763E+02  -6.3078049E-41
   1.7955137E+02  -5.4887460E-41
   1.7988511E+02  -3.6932622E-41
   1.8021885E+02  -1.0158013E-41
   1.8055259E+02   2.3002314E-41
   1.8088632E+02   5.8708800E-41
   1.8122006E+02   9.2065309E-41
   1.8155380E+02   1.1763760E-40
   1.8188754E+02   1.3022407E-40
   1.8222128E+02   1.2562360E-40
   1.8255502E+02   1.0147783E-40
   1.8288876E+02   5.7939488E-41
   1.8322249E+02  -1.9267854E-42
   1.8355623E+02  -7.2067379E-41
   1.8388997E+02  -1.4385170E-40
   1.8422371E+02  -2.0689331E-40
   1.8455745E+02  -2.5030133E-40
   1.8489119E+02  -2.6421202E-40
   1.8522493E+02  -2.4144092E-40
   1.8555866E+02  -1.7898505E-40
   1.8589240E+02  -7.9212600E-41
   1.8622614E+02   4.9565328E-41
   1.8655988E+02   1.9333995E-40
   1.8689362E+02   3.3348381E-40
   1.8722736E+02   4.4871118E-40
   1.8756110E+02   5.1778539E-40
   1.8789483E+02   5.2265350E-40
   1.8822857E+02   4.5162869E-40
   1.8856231E+02   3.0221243E-40
   1.8889605E+02   8.2979290E-41
   1.8922979E+02  -1.8578835E-40
   1.8956353E+02  -4.7313581E-40
   1.8989727E+02  -7.4016445E-40
   1.9023100E+02  -9.4439669E-40
   1.9056474E+02  -1.0454093E-39
   1.9089848E+02  -1.0110509E-39
   1.9123222E+02  -8.2355292E-40
   1.9156596E+02  -4.8447092E-40
   1.9189970E+02  -1.7715215E-41
   1.9223344E+02   5.3024573E-40
   1.9256718E+02   1.0933940E-39
   1.9290091E+02   1.5924776E-39
   1.9323465E+02   1.9443829E-39
   1.9356839E+02   2.0734859E-39
   1.9390213E+02   1.9238973E-39
   1.9423587E+02   1.4707804E-39
   1.9456961E+02   7.2907177E-40
   1.9490335E+02  -2.4209953E-40
   1.9523708E+02  -1.3406629E-39
   1.9557082E+02  -2.4292574E-39
   1.9590456E+02  -3.3492084E-39
   1.9623830E+02  -3.9398669E-39
   1.9657204E+02  -4.0614156E-39
   1.9690578E+02  -3.6183782E-39
   1.9723952E+02  -2.5806509E-39
   1.9757325E+02  -9.9860452E-40
   1.9790699E+02   9.9090439E-40
   1.9824073E+02   3.1699039E-39
   1.9857447E+02   5.2571716E-39
   1.9890821E+02   6.9380599E-39
   1.9924195E+02   7.9040268E-39
   1.9957569E+02   7.8977616E-39
   1.9990942E+02   6.7584092E-39
   2.0024316E+02   4.4604787E-39
   2.0057690E+02   1.1398540E-39
   2.0091064E+02  -2.8989096E-39
   2.0124438E+02  -7.1981087E-39
   2.0157812E+02  -1.1186783E-38
   2.0191186E+02  -1.4243295E-38
   2.0224559E+02  -1.5775479E-38
   2.0257933E+02  -1.5309850E-38
   2.0291307E+02  -1.2578742E-38
   2.0324681E+02  -7.5926499E-39
   2.0358055E+02  -6.8507660E-40
   2.0391429E+02   7.4810210E-39
   2.0424803E+02   1.5952474E-38
   2.0458176E+02   2.3572940E-38
   2.0491550E+02   2.9113217E-38
   2.0524924E+02   3.1433784E-38
   2.0558298E+02   2.9661758E-38
   2.0591672E+02   2.3359794E-38
   2.0625046E+02   1.2661421E-38
   2.0658420E+02  -1.6516979E-39
   2.0691793E+02  -1.8151602E-38
   2.0725167E+02  -3.4857793E-38
   2.0758541E+02  -4.9425321E-38
   2.0791915E+02  -5.9416367E-38
   2.0825289E+02  -6.2631029E-38
   2.0858663E+02  -5.7460518E-38
   2.0892037E+02  -4.3216280E-38
   2.0925410E+02  -2.0384470E-38
   2.0958784E+02   9.2431763E-39
   2.0992158E+02   4.2601704E-38
   2.1025532E+02   7.5571886E-38
   2.1058906E+02   1.0338657E-37
   2.1092280E+02   1.2119852E-37
   2.1125654E+02   1.2475745E-37
   2.1159027E+02   1.1111761E-37
   2.1192401E+02   7.9281510E-38
   2.1225775E+02   3.0676402E-38
   2.1259149E+02  -3.0632833E-38
   2.1292523E+02  -9.8070277E-38
   2.1325897E+02  -1.6305572E-37
   2.1359271E+02  -2.1588474E-37
   2.1392645E+02  -2.4692130E-37
   2.1426018E+02  -2.4798633E-37
   2.1459392E+02  -2.1377795E-37
   2.1492766E+02  -1.4312593E-37
   2.1526140E+02  -3.9871493E-38
   2.1559514E+02   8.6817564E-38
   2.1592888E+02   2.2283991E-37
   2.1626262E+02   3.5032861E-37
   2.1659635E+02   4.4956085E-37
   2.1693009E+02   5.0146400E-37
   2.1726383E+02   4.9046235E-37
   2.1759757E+02   4.0731455E-37
   2.1793131E+02   2.5153343E-37
   2.1826505E+02   3.2966141E-38
   2.1859879E+02  -2.2783588E-37
   2.1893252E+02  -5.0072156E-37
   2.1926626E+02  -7.4861687E-37
   2.1960000E+02  -9.3165855E-37
   2.1993374E+02  -1.0124435E-36
   2.2026748E+02  -9.6183189E-37
   2.2060122E+02  -7.6455849E-37
   2.2093496E+02  -4.2381786E-37
   2.2126869E+02   3.6022698E-38
   2.2160243E+02   5.6929246E-37
   2.2193617E+02   1.1119350E-36
   2.2226991E+02   1.5875782E-36
   2.2260365E+02   1.9164221E-36
   2.2293739E+02   2.0261484E-36
   2.2327113E+02   1.8636201E-36
   2.2360486E+02   1.4058165E-36
   2.2393860E+02   6.6829426E-37
   2.2427234E+02  -2.9047390E-37
   2.2460608E+02  -1.3702141E-36
   2.2493982E+02  -2.4361952E-36
   2.2527356E+02  -3.3327941E-36
   2.2560730E+02  -3.9023912E-36
   2.2594103E+02  -4.0077620E-36
   2.2627477E+02  -3.5553172E-36
   2.2660851E+02  -2.5159931E-36
   2.2694225E+02  -9.4033342E-37
   2.2727599E+02   1.0353599E-36
   2.2760973E+02   3.1942387E-36
   2.2794347E+02   5.2566304E-36
   2.2827720E+02   6.9098190E-36
   2.2861094E+02   7.8476029E-36
   2.2894468E+02   7.8155422E-36
   2.2927842E+02   6.6563135E-36
   2.2961216E+02   4.3486116E-36
   2.2994590E+02   1.0329061E-36
   2.3027964E+02  -2.9818758E-36
   2.3061337E+02  -7.2348850E-36
   2.3094711E+02  -1.1154560E-35
   2.3128085E+02  -1.4122666E-35
   2.3161459E+02  -1.5555667E-35
   2.3194833E+02  -1.4994530E-35
   2.3228207E+02  -1.2191400E-35
   2.3261581E+02  -7.1800406E-36
   2.3294955E+02  -3.1726330E-37
   2.3328328E+02   7.7154817E-36
   2.3361702E+02   1.5957037E-35
   2.3395076E+02   2.3259178E-35
   2.3428450E+02   2.8421335E-35
   2.3461824E+02   3.0354791E-35
   2.3495198E+02   2.8257512E-35
   2.3528572E+02   2.1776008E-35
   2.3561945E+02   1.1128839E-35
   2.3595319E+02  -2.8322713E-36
   2.3628693E+02  -1.8642603E-35
   2.3662067E+02  -3.4336104E-35
   2.3695441E+02  -4.7647140E-35
   2.3728815E+02  -5.6287738E-35
   2.3762189E+02  -5.8272446E-35
   2.3795562E+02  -5.2251734E-35
   2.3828936E+02  -3.7807130E-35
   2.3862310E+02  -1.5659828E-35
   2.3895684E+02   1.2251497E-35
   2.3929058E+02   4.2855043E-35
   2.3962432E+02   7.2206411E-35
   2.3995806E+02   9.5915512E-35
   2.4029179E+02   1.0970485E-34
   2.4062553E+02   1.1003951E-34
   2.4095927E+02   9.4750131E-35
   2.4129301E+02   6.3557734E-35
   2.4162675E+02   1.8410316E-35
   2.4196049E+02  -3.6446822E-35
   2.4229423E+02  -9.4718545E-35
   2.4262796E+02  -1.4863916E-34
   2.4296170E+02  -1.8985207E-34
   2.4329544E+02  -2.1051065E-34
   2.4362918E+02  -2.0447694E-34
   2.4396292E+02  -1.6846165E-34
   2.4429666E+02  -1.0293408E-34
   2.4463040E+02  -1.2635629E-35
   2.4496413E+02   9.3436740E-35
   2.4529787E+02   2.0265619E-34
   2.4563161E+02   3.0000517E-34
   2.4596535E+02   3.6984457E-34
   2.4629909E+02   3.9804204E-34
   2.4663283E+02   3.7421068E-34
   2.4696657E+02   2.9375618E-34
   2.4730030E+02   1.5941151E-34
   2.4763404E+02  -1.8035613E-35
   2.4796778E+02  -2.2004933E-34
   2.4830152E+02  -4.2179809E-34
   2.4863526E+02  -5.9471979E-34
   2.4896900E+02  -7.1000171E-34
   2.4930274E+02  -7.4262099E-34
   2.4963647E+02  -6.7545480E-34
   2.4997021E+02  -5.0288985E-34
   2.5030395E+02  -2.3334366E-34
   2.5063769E+02   1.0981901E-34
   2.5097143E+02   4.8934558E-34
   2.5130517E+02   8.5727352E-34
   2.5163891E+02   1.1600913E-33
   2.5197264E+02   1.3454493E-33
   2.5230638E+02   1.3697008E-33
   2.5264012E+02   1.2053370E-33
   2.5297386E+02   8.4724619E-34
   2.5330760E+02   3.1675098E-34
   2.5364134E+02  -3.3747736E-34
   2.5397508E+02  -1.0422066E-33
   2.5430882E+02  -1.7062897E-33
   2.5464255E+02  -2.2307948E-33
   2.5497629E+02  -2.5217085E-33
   2.5531003E+02  -2.5038085E-33
   2.5564377E+02  -2.1339263E-33
   2.5597751E+02  -1.4116664E-33
   2.5631125E+02  -3.8570596E-34
   2.5664499E+02   8.4583605E-34
   2.5697872E+02   2.1418706E-33
   2.5731246E+02   3.3317279E-33
   2.5764620E+02   4.2345986E-33
   2.5797994E+02   4.6831838E-33
   2.5831368E+02   4.5488660E-33
   2.5864742E+02   3.7651249E-33
   2.5898116E+02   2.3457003E-33
   2.5931489E+02   3.9422453E-34
   2.5964863E+02  -1.8972018E-33
   2.5998237E+02  -4.2618745E-33
   2.6031611E+02  -6.3846182E-33
   2.6064985E+02  -7.9383183E-33
   2.6098359E+02  -8.6272572E-33
   2.6131733E+02  -8.2322544E-33
   2.6165106E+02  -6.6516347E-33
   2.6198480E+02  -3.9318034E-33
   2.6231854E+02  -2.8179079E-34
   2.6265228E+02   3.9324753E-33
   2.6298602E+02   8.2161765E-33
   2.6331976E+02   1.1995155E-32
   2.6365350E+02   1.4683178E-32
   2.6398723E+02   1.5760179E-32
   2.6432097E+02   1.4852283E-32
   2.6465471E+02   1.1802957E-32
   2.6498845E+02   6.7243625E-33
   2.6532219E+02   1.9211618E-35
   2.6565593E+02  -7.6337690E-33
   2.6598967E+02  -1.5333877E-32
   2.6632340E+02  -2.2049817E-32
   2.6665714E+02  -2.6741162E-32
   2.6699088E+02  -2.8497489E-32
   2.6732462E+02  -2.6678673E-32
   2.6765836E+02  -2.1037631E-32
   2.6799210E+02  -1.1806545E-32
   2.6832584E+02   2.6985897E-34
   2.6865957E+02   1.3965539E-32
   2.6899331E+02   2.7673047E-32
   2.6932705E+02   3.9567857E-32
   2.6966079E+02   4.7823401E-32
   2.6999453E+02   5.0854666E-32
   2.7032827E+02   4.7561401E-32
   2.7066201E+02   3.7538310E-32
   2.7099574E+02   2.1219992E-32
   2.7132948E+02  -6.7360234E-35
   2.7166322E+02  -2.4166111E-32
   2.7199696E+02  -4.8265730E-32
   2.7233070E+02  -6.9190867E-32
   2.7266444E+02  -8.3774755E-32
   2.7299818E+02  -8.9278896E-32
   2.7333192E+02  -8.3809444E-32
   2.7366565E+02  -6.6674286E-32
   2.7399939E+02  -3.8626459E-32
   2.7433313E+02  -1.9471388E-33
   2.7466687E+02   3.9662525E-32
   2.7500061E+02   8.1390171E-32
   2.7533435E+02   1.1780573E-31
   2.7566809E+02   1.4349702E-31
   2.7600182E+02   1.5378137E-31
   2.7633556E+02   1.4540865E-31
   2.7666930E+02   1.1716200E-31
   2.7700304E+02   7.0265410E-32
   2.7733678E+02   8.5203093E-33
   2.7767052E+02  -6.1878340E-32
   2.7800426E+02  -1.3286131E-31
   2.7833799E+02  -1.9531172E-31
   2.7867173E+02  -2.4012719E-31
   2.7900547E+02  -2.5940588E-31
   2.7933921E+02  -2.4761638E-31
   2.7967295E+02  -2.0259676E-31
   2.8000669E+02  -1.2623119E-31
   2.8034043E+02  -2.4679057E-32
   2.8067416E+02   9.1925627E-32
   2.8100790E+02   2.1032688E-31
   2.8134164E+02   3.1550374E-31
   2.8167538E+02   3.9241255E-31
   2.8200912E+02   4.2793171E-31
   2.8234286E+02   4.1277888E-31
   2.8267660E+02   3.4314772E-31
   2.8301033E+02   2.2181889E-31
   2.8334407E+02   5.8542546E-32
   2.8367781E+02  -1.3043984E-31
   2.8401155E+02  -3.2376900E-31
   2.8434529E+02  -4.9715728E-31
   2.8467903E+02  -6.2619976E-31
   2.8501277E+02  -6.8951188E-31
   2.8534650E+02  -6.7182098E-31
   2.8568024E+02  -5.6660464E-31
   2.8601398E+02  -3.7788530E-31
   2.8634772E+02  -1.2085410E-31
   2.8668146E+02   1.7888406E-31
   2.8701520E+02   4.8749490E-31
   2.8734894E+02   7.6640012E-31
   2.8768267E+02   9.7675079E-31
   2.8801641E+02   1.0844147E-30
   2.8835015E+02   1.0648842E-30
   2.8868389E+02   9.0745738E-31
   2.8901763E+02   6.1807324E-31
   2.8935137E+02   2.2028861E-31
   2.8968511E+02  -2.4592633E-31
   2.9001884E+02  -7.2764925E-31
   2.9035258E+02  -1.1645109E-30
   2.9068632E+02  -1.4957433E-30
   2.9102006E+02  -1.6680122E-30
   2.9135380E+02  -1.6431019E-30
   2.9168754E+02  -1.4044306E-30
   2.9202128E+02  -9.6142743E-31
   2.9235501E+02  -3.5097522E-31
   2.9268875E+02   3.6457311E-31
   2.9302249E+02   1.1029010E-30
   2.9335623E+02   1.7704102E-30
   2.9368997E+02   2.2732699E-30
   2.9402371E+02   2.5296334E-30
   2.9435745E+02   2.4815510E-30
   2.9469119E+02   2.1049861E-30
   2.9502492E+02   1.4164257E-30
   2.9535866E+02   4.7486850E-31
   2.9569240E+02  -6.2154913E-31
   2.9602614E+02  -1.7444028E-30
   2.9635988E+02  -2.7487196E-30
   2.9669362E+02  -3.4903060E-30
   2.9702736E+02  -3.8447663E-30
   2.9736109E+02  -3.7258969E-30
   2.9769483E+02  -3.1009735E-30
   2.9802857E+02  -2.0006004E-30
   2.9836231E+02  -5.2126230E-31
   2.9869605E+02   1.1805076E-30
   2.9902979E+02   2.9024629E-30
   2.9936353E+02   4.4184854E-30
   2.9969726E+02   5.5058497E-30
   3.0003100E+02   5.9748900E-30
   3.0036474E+02   5.6974470E-30
   3.0069848E+02   4.6302222E-30
   3.0103222E+02   2.8294467E-30
   3.0136596E+02   4.5404128E-31
   3.0169970E+02  -2.2443633E-30
   3.0203343E+02  -4.9445870E-30
   3.0236717E+02  -7.2906236E-30
   3.0270091E+02  -8.9345545E-30
   3.0303465E+02  -9.5829376E-30
   3.0336839E+02  -9.0409411E-30
   3.0370213E+02  -7.2482509E-30
   3.0403587E+02  -4.3012185E-30
   3.0436960E+02  -4.5694211E-31
   3.0470334E+02   3.8831465E-30
   3.0503708E+02   8.2101227E-30
   3.0537082E+02   1.1962185E-29
   3.0570456E+02   1.4591762E-29
   3.0603830E+02   1.5637694E-29
   3.0637204E+02   1.4793697E-29
   3.0670577E+02   1.1963784E-29
   3.0703951E+02   7.2962998E-30
   3.0737325E+02   1.1899285E-30
   3.0770699E+02  -5.7318263E-30
   3.0804073E+02  -1.2677580E-29
   3.0837447E+02  -1.8772135E-29
   3.0870821E+02  -2.3159590E-29
   3.0904194E+02  -2.5114060E-29
   3.0937568E+02  -2.4144574E-29
   3.0970942E+02  -2.0080146E-29
   3.1004316E+02  -1.3122200E-29
   3.1037690E+02  -3.8546254E-30
   3.1071064E+02   6.7938097E-30
   3.1104438E+02   1.7634352E-29
   3.1137811E+02   2.7343917E-29
   3.1171185E+02   3.4619181E-29
   3.1204559E+02   3.8342175E-29
   3.1237933E+02   3.7737044E-29
   3.1271307E+02   3.2497474E-29
   3.1304681E+02   2.2865919E-29
   3.1338055E+02   9.6501654E-30
   3.1371429E+02  -5.8299502E-30
   3.1404802E+02  -2.1865019E-29
   3.1438176E+02  -3.6537945E-29
   3.1471550E+02  -4.7946884E-29
   3.1504924E+02  -5.4444402E-29
   3.1538298E+02  -5.4863629E-29
   3.1571672E+02  -4.8701424E-29
   3.1605046E+02  -3.6232075E-29
   3.1638419E+02  -1.8531324E-29
   3.1671793E+02   2.5991429E-30
   3.1705167E+02   2.4804738E-29
   3.1738541E+02   4.5433918E-29
   3.1771915E+02   6.1850217E-29
   3.1805289E+02   7.1764796E-29
   3.1838663E+02   7.3548394E-29
   3.1872036E+02   6.6480887E-29
   3.1905410E+02   5.0902274E-29
   3.1938784E+02   2.8238662E-29
   3.1972158E+02   8.9112449E-31
   3.2005532E+02  -2.8007331E-29
   3.2038906E+02  -5.4944410E-29
   3.2072280E+02  -7.6452245E-29
   3.2105653E+02  -8.9552167E-29
   3.2139027E+02  -9.2163632E-29
   3.2172401E+02  -8.3422474E-29
   3.2205775E+02  -6.3860479E-29
   3.2239149E+02  -3.5414866E-29
   3.2272523E+02  -1.2556386E-30
   3.2305897E+02   3.4557761E-29
   3.2339270E+02   6.7554822E-29
   3.2372644E+02   9.3412893E-29
   3.2406018E+02   1.0852690E-28
   3.2439392E+02   1.1051496E-28
   3.2472766E+02   9.8588631E-29
   3.2506140E+02   7.3731399E-29
   3.2539514E+02   3.8649737E-29
   3.2572887E+02  -2.5081341E-30
   3.2606261E+02  -4.4640604E-29
   3.2639635E+02  -8.2333252E-29
   3.2673009E+02  -1.1057189E-28
   3.2706383E+02  -1.2543423E-28
   3.2739757E+02  -1.2466357E-28
   3.2773131E+02  -1.0803878E-28
   3.2806504E+02  -7.7478519E-29
   3.2839878E+02  -3.6850379E-29
   3.2873252E+02   8.5028152E-30
   3.2906626E+02   5.2468079E-29
   3.2940000E+02   8.9009820E-29
   3.2973374E+02   1.1304601E-28
   3.3006748E+02   1.2122599E-28
   3.3040121E+02   1.1249233E-28
   3.3073495E+02   8.8328299E-29
   3.3106869E+02   5.2636255E-29
   3.3140243E+02   1.1240400E-29
   3.3173617E+02  -2.8937459E-29
   3.3206991E+02  -6.0926216E-29
   3.3240365E+02  -7.8836438E-29
   3.3273739E+02  -7.8905855E-29
   3.3307112E+02  -6.0292874E-29
   3.3340486E+02  -2.5473553E-29
   3.3373860E+02   1.9856169E-29
   3.3407234E+02   6.7402240E-29
   3.3440608E+02   1.0737644E-28
   3.3473982E+02   1.2995927E-28
   3.3507356E+02   1.2693712E-28
   3.3540729E+02   9.3278950E-29
   3.3574103E+02   2.8412859E-29
   3.3607477E+02  -6.3033809E-29
   3.3640851E+02  -1.7119276E-28
   3.3674225E+02  -2.8170606E-28
   3.3707599E+02  -3.7724851E-28
   3.3740973E+02  -4.3968682E-28
   3.3774346E+02  -4.5264217E-28
   3.3807720E+02  -4.0413050E-28
   3.3841094E+02  -2.8891559E-28
   3.3874468E+02  -1.1021356E-28
   3.3907842E+02   1.1956679E-28
   3.3941216E+02   3.7925357E-28
   3.3974590E+02   6.4058024E-28
   3.4007963E+02   8.7099883E-28
   3.4041337E+02   1.0373799E-27
   3.4074711E+02   1.1101943E-27
   3.4108085E+02   1.0676697E-27
   3.4141459E+02   8.9937597E-28
   3.4174833E+02   6.0872016E-28
   3.4208207E+02   2.1392618E-28
   3.4241580E+02  -2.5274682E-28
   3.4274954E+02  -7.4760267E-28
   3.4308328E+02  -1.2197167E-27
   3.4341702E+02  -1.6163544E-27
   3.4375076E+02  -1.8889918E-27
   3.4408450E+02  -1.9992212E-27
   3.4441824E+02  -1.9237916E-27
   3.4475197E+02  -1.6581055E-27
   3.4508571E+02  -1.2176516E-27
   3.4541945E+02  -6.3709507E-28
   3.4575319E+02   3.2957091E-29
   3.4608693E+02   7.3120526E-28
   3.4642067E+02   1.3923165E-27
   3.4675441E+02   1.9541862E-27
   3.4708814E+02   2.3648971E-27
   3.4742188E+02   2.5884545E-27
   3.4775562E+02   2.6085371E-27
   3.4808936E+02   2.4297349E-27
   3.4842310E+02   2.0761014E-27
   3.4875684E+02   1.5871890E-27
   3.4909058E+02   1.0121320E-27
   3.4942431E+02   4.0262841E-28
   3.4975805E+02  -1.9414794E-28
   3.5009179E+02  -7.4160359E-28
   3.5042553E+02  -1.2177976E-27
   3.5075927E+02  -1.6168180E-27
   3.5109301E+02  -1.9471662E-27
   3.5142675E+02  -2.2272921E-27
   3.5176048E+02  -2.4789384E-27
   3.5209422E+02  -2.7193172E-27
   3.5242796E+02  -2.9534475E-27
   3.5276170E+02  -3.1681049E-27
   3.5309544E+02  -3.3286564E-27
   3.5342918E+02  -3.3798075E-27
   3.5376292E+02  -3.2507132E-27
   3.5409666E+02  -2.8643023E-27
   3.5443039E+02  -2.1499560E-27
   3.5476413E+02  -1.0580838E-27
   3.5509787E+02   4.2538034E-28
   3.5543161E+02   2.2667689E-27
   3.5576535E+02   4.3769273E-27
   3.5609909E+02   6.6097608E-27
   3.5643283E+02   8.7682621E-27
   3.5676656E+02   1.0618338E-26
   3.5710030E+02   1.1909786E-26
   3.5743404E+02   1.2402662E-26
   3.5776778E+02   1.1896514E-26
   3.5810152E+02   1.0259243E-26
   3.5843526E+02   7.4520639E-27
   3.5876900E+02   3.5472074E-27
   3.5910273E+02  -1.2644689E-27
   3.5943647E+02  -6.6777892E-27
   3.5977021E+02  -1.2290208E-26
   3.6010395E+02  -1.7630542E-26
   3.6043769E+02  -2.2197412E-26
   3.6077143E+02  -2.5504010E-26
   3.6110517E+02  -2.7125056E-26
   3.6143890E+02  -2.6741192E-26
   3.6177264E+02  -2.4176328E-26
   3.6210638E+02  -1.9423943E-26
   3.6244012E+02  -1.2659469E-26
   3.6277386E+02  -4.2369773E-27
   3.6310760E+02   5.3295081E-27
   3.6344134E+02   1.5399053E-26
   3.6377507E+02   2.5248147E-26
   3.6410881E+02   3.4122671E-26
   3.6444255E+02   4.1293251E-26
   3.6477629E+02   4.6109478E-26
   3.6511003E+02   4.8049123E-26
   3.6544377E+02   4.6759061E-26
   3.6577751E+02   4.2085187E-26
   3.6611124E+02   3.4090501E-26
   3.6644498E+02   2.3060349E-26
   3.6677872E+02   9.4955064E-27
   3.6711246E+02  -5.9063376E-27
   3.6744620E+02  -2.2279628E-26
   3.6777994E+02  -3.8629606E-26
   3.6811368E+02  -5.3879465E-26
   3.6844741E+02  -6.6925431E-26
   3.6878115E+02  -7.6698616E-26
   3.6911489E+02  -8.2232328E-26
   3.6944863E+02  -8.2732564E-26
   3.6978237E+02  -7.7648861E-26
   3.7011611E+02  -6.6741201E-26
   3.7044985E+02  -5.0137066E-26
   3.7078358E+02  -2.8372664E-26
   3.7111732E+02  -2.4113074E-27
   3.7145106E+02   2.6367509E-26
   3.7178480E+02   5.6213408E-26
   3.7211854E+02   8.5087733E-26
   3.7245228E+02   1.1078281E-25
   3.7278602E+02   1.3107359E-25
   3.7311976E+02   1.4389323E-25
   3.7345349E+02   1.4751995E-25
   3.7378723E+02   1.4075879E-25
   3.7412097E+02   1.2310120E-25
   3.7445471E+02   9.4843810E-26
   3.7478845E+02   5.7149102E-26
   3.7512219E+02   1.2037463E-26
   3.7545593E+02  -3.7699059E-26
   3.7578966E+02  -8.8659732E-26
   3.7612340E+02  -1.3706729E-25
   3.7645714E+02  -1.7905407E-25
   3.7679088E+02  -2.1097895E-25
   3.7712462E+02  -2.2974911E-25
   3.7745836E+02  -2.3311377E-25
   3.7779210E+02  -2.1990292E-25
   3.7812583E+02  -1.9018436E-25
   3.7845957E+02  -1.4531724E-25
   3.7879331E+02  -8.7895603E-26
   3.7912705E+02  -2.1578635E-26
   3.7946079E+02   4.9178815E-26
   3.7979453E+02   1.1947409E-25
   3.8012827E+02   1.8435110E-25
   3.8046200E+02   2.3920422E-25
   3.8079574E+02   2.8015301E-25
   3.8112948E+02   3.0434779E-25
   3.8146322E+02   3.1017735E-25
   3.8179696E+02   2.9735466E-25
   3.8213070E+02   2.6687302E-25
   3.8246444E+02   2.2083811E-25
   3.8279817E+02   1.6219720E-25
   3.8313191E+02   9.4399521E-26
   3.8346565E+02   2.1031044E-26
   3.8379939E+02  -5.4523946E-26
   3.8413313E+02  -1.2934889E-25
   3.8446687E+02  -2.0114255E-25
   3.8480061E+02  -2.6822691E-25
   3.8513434E+02  -3.2939821E-25
   3.8546808E+02  -3.8364362E-25
   3.8580182E+02  -4.2975614E-25
   3.8613556E+02  -4.6591343E-25
   3.8646930E+02  -4.8929847E-25
   3.8680304E+02  -4.9585144E-25
   3.8713678E+02  -4.8023722E-25
   3.8747051E+02  -4.3610390E-25
   3.8780425E+02  -3.5667626E-25
   3.8813799E+02  -2.3568410E-25
   3.8847173E+02  -6.8585663E-26
   3.8880547E+02   1.4601046E-25
   3.8913921E+02   4.0488486E-25
   3.8947295E+02   6.9888915E-25
   3.8980668E+02   1.0119962E-24
   3.9014042E+02   1.3209478E-24
   3.9047416E+02   1.5956976E-24
   3.9080790E+02   1.8008069E-24
   3.9114164E+02   1.8978757E-24
   3.9147538E+02   1.8489693E-24
   3.9180912E+02   1.6208986E-24
   3.9214285E+02   1.1900830E-24
   3.9247659E+02   5.4756729E-25
   3.9281033E+02  -2.9630212E-25
   3.9314407E+02  -1.3081239E-24
   3.9347781E+02  -2.4292721E-24
   3.9381155E+02  -3.5758505E-24
   3.9414529E+02  -4.6413270E-24
   3.9447903E+02  -5.5021470E-24
   3.9481276E+02  -6.0264690E-24
   3.9514650E+02  -6.0858000E-24
   3.9548024E+02  -5.5690164E-24
   3.9581398E+02  -4.3978735E-24
   3.9614772E+02  -2.5426857E-24
   3.9648146E+02  -3.6602456E-26
   3.9681520E+02   3.0133617E-24
   3.9714893E+02   6.4205148E-24
   3.9748267E+02   9.9197444E-24
   3.9781641E+02   1.3177401E-23
   3.9815015E+02   1.5810787E-23
   3.9848389E+02   1.7417482E-23
   3.9881763E+02   1.7613529E-23
   3.9915137E+02   1.6078434E-23
   3.9948510E+02   1.2603628E-23
   3.9981884E+02   7.1396314E-24
   4.0015258E+02  -1.6352968E-25
   4.0048632E+02  -8.9289178E-24
   4.0082006E+02  -1.8544334E-23
   4.0115380E+02  -2.8178386E-23
   4.0148754E+02  -3.6824617E-23
   4.0182127E+02  -4.3374993E-23
   4.0215501E+02  -4.6720565E-23
   4.0248875E+02  -4.5873890E-23
   4.0282249E+02  -4.0103543E-23
   4.0315623E+02  -2.9067549E-23
   4.0348997E+02  -1.2930226E-23
   4.0382371E+02   7.5549769E-24
   4.0415744E+02   3.1013240E-23
   4.0449118E+02   5.5480890E-23
   4.0482492E+02   7.8512069E-23
   4.0515866E+02   9.7361718E-23
   4.0549240E+02   1.0923853E-22
   4.0582614E+02   1.1161179E-22
   4.0615988E+02   1.0254634E-22
   4.0649361E+02   8.1031382E-23
   4.0682735E+02   4.7263430E-23
   4.0716109E+02   2.8409232E-24
   4.0749483E+02  -4.9168605E-23
   4.0782857E+02  -1.0432046E-22
   4.0816231E+02  -1.5706200E-22
   4.0849605E+02  -2.0117891E-22
   4.0882978E+02  -2.3039744E-22
   4.0916352E+02  -2.3909854E-22
   4.0949726E+02  -2.2307815E-22
   4.0983100E+02  -1.8027061E-22
   4.1016474E+02  -1.1134243E-22
   4.1049848E+02  -2.0061864E-23
   4.1083222E+02   8.6638271E-23
   4.1116595E+02   1.9896464E-22
   4.1149969E+02   3.0496035E-22
   4.1183343E+02   3.9157548E-22
   4.1216717E+02   4.4604432E-22
   4.1250091E+02   4.5745279E-22
   4.1283465E+02   4.1833299E-22
   4.1316839E+02   3.2609735E-22
   4.1350213E+02   1.8410519E-22
   4.1383586E+02   2.1719344E-24
   4.1416960E+02  -2.0363542E-22
   4.1450334E+02  -4.1200632E-22
   4.1483708E+02  -5.9820421E-22
   4.1517082E+02  -7.3659772E-22
   4.1550456E+02  -8.0370341E-22
   4.1583830E+02  -7.8143966E-22
   4.1617203E+02  -6.6021665E-22
   4.1650577E+02  -4.4144262E-22
   4.1683951E+02  -1.3903614E-22
   4.1717325E+02   2.2041036E-22
   4.1750699E+02   5.9905451E-22
   4.1784073E+02   9.5089319E-22
   4.1817447E+02   1.2263906E-21
   4.1850820E+02   1.3783065E-21
   4.1884194E+02   1.3681697E-21
   4.1917568E+02   1.1726741E-21
   4.1950942E+02   7.8915848E-22
   4.1984316E+02   2.3931341E-22
   4.2017690E+02  -4.2965783E-22
   4.2051064E+02  -1.1470023E-21
   4.2084437E+02  -1.8237715E-21
   4.2117811E+02  -2.3614504E-21
   4.2151185E+02  -2.6632970E-21
   4.2184559E+02  -2.6473839E-21
   4.2217933E+02  -2.2599423E-21
   4.2251307E+02  -1.4873255E-21
   4.2284681E+02  -3.6480245E-22
   4.2318054E+02   1.0195262E-21
   4.2351428E+02   2.5270354E-21
   4.2384802E+02   3.9779124E-21
   4.2418176E+02   5.1675298E-21
   4.2451550E+02   5.8889561E-21
   4.2484924E+02   5.9597547E-21
   4.2518298E+02   5.2502963E-21
   4.2551671E+02   3.7101619E-21
   4.2585045E+02   1.3888017E-21
   4.2618419E+02  -1.5532750E-21
   4.2651793E+02  -4.8459463E-21
   4.2685167E+02  -8.1256116E-21
   4.2718541E+02  -1.0966484E-20
   4.2751915E+02  -1.2925565E-20
   4.2785288E+02  -1.3597728E-20
   4.2818662E+02  -1.2675406E-20
   4.2852036E+02  -1.0005616E-20
   4.2885410E+02  -5.6363255E-21
   4.2918784E+02   1.5598090E-22
   4.2952158E+02   6.8645134E-21
   4.2985532E+02   1.3780839E-20
   4.3018905E+02   2.0055419E-20
   4.3052279E+02   2.4787246E-20
   4.3085653E+02   2.7135424E-20
   4.3119027E+02   2.6441222E-20
   4.3152401E+02   2.2345628E-20
   4.3185775E+02   1.4885650E-20
   4.3219149E+02   4.5524152E-21
   4.3252522E+02  -7.7033133E-21
   4.3285896E+02  -2.0527871E-20
   4.3319270E+02  -3.2286252E-20
   4.3352644E+02  -4.1242489E-20
   4.3386018E+02  -4.5783636E-20
   4.3419392E+02  -4.4663378E-20
   4.3452766E+02  -3.7234540E-20
   4.3486140E+02  -2.3636011E-20
   4.3519513E+02  -4.9003581E-21
   4.3552887E+02   1.7046412E-20
   4.3586261E+02   3.9510770E-20
   4.3619635E+02   5.9286794E-20
   4.3653009E+02   7.3026232E-20
   4.3686383E+02   7.7690645E-20
   4.3719757E+02   7.1036248E-20
   4.3753130E+02   5.2068486E-20
   4.3786504E+02   2.1398410E-20
   4.3819878E+02  -1.8565789E-20
   4.3853252E+02  -6.3645603E-20
   4.3886626E+02  -1.0816963E-19
   4.3920000E+02  -1.4550417E-19
   4.3953374E+02  -1.6880510E-19
   4.3986747E+02  -1.7192274E-19
   4.4020121E+02  -1.5036081E-19
   4.4053495E+02  -1.0216612E-19
   4.4086869E+02  -2.8617328E-20
   4.4120243E+02   6.5412551E-20
   4.4153617E+02   1.7151931E-19
   4.4186991E+02   2.7831352E-19
   4.4220364E+02   3.7244947E-19
   4.4253738E+02   4.4007172E-19
   4.4287112E+02   4.6855025E-19
   4.4320486E+02   4.4831514E-19
   4.4353860E+02   3.7456579E-19
   4.4387234E+02   2.4861177E-19
   4.4420608E+02   7.8619905E-20
   4.4453981E+02  -1.2041015E-19
   4.4487355E+02  -3.2754271E-19
   4.4520729E+02  -5.1767424E-19
   4.4554103E+02  -6.6405930E-19
   4.4587477E+02  -7.4136926E-19
   4.4620851E+02  -7.2896098E-19
   4.4654225E+02  -6.1396974E-19
   4.4687598E+02  -3.9381593E-19
   4.4720972E+02  -7.7742880E-20
   4.4754346E+02   3.1291989E-19
   4.4787720E+02   7.4594496E-19
   4.4821094E+02   1.1808656E-18
   4.4854468E+02   1.5729372E-18
   4.4887842E+02   1.8780600E-18
   4.4921215E+02   2.0581581E-18
   4.4954589E+02   2.0864001E-18
   4.4987963E+02   1.9516057E-18
   4.5021337E+02   1.6611949E-18
   4.5054711E+02   1.2421642E-18
   4.5088085E+02   7.3973666E-19
   4.5121459E+02   2.1358525E-19
   4.5154832E+02  -2.6820838E-19
   4.5188206E+02  -6.3701991E-19
   4.5221580E+02  -8.3268126E-19
   4.5254954E+02  -8.1273866E-19
   4.5288328E+02  -5.6099627E-19
   4.5321702E+02  -9.4348427E-20
   4.5355076E+02   5.3292083E-19
   4.5388450E+02   1.2280243E-18
   4.5421823E+02   1.8619908E-18
   4.5455197E+02   2.2753129E-18
   4.5488571E+02   2.2863026E-18
   4.5521945E+02   1.7011790E-18
   4.5555319E+02   3.2455196E-19
   4.5588693E+02  -2.0312371E-18
   4.5622067E+02  -5.5394731E-18
   4.5655440E+02  -1.0356514E-17
   4.5688814E+02  -1.6624362E-17
   4.5722188E+02  -2.4479009E-17
   4.5755562E+02  -3.4064452E-17
   4.5788936E+02  -4.5551857E-17
   4.5822310E+02  -5.9162770E-17
   4.5855684E+02  -7.5194840E-17
   4.5889057E+02  -9.4048206E-17
   4.5922431E+02  -1.1625067E-16
   4.5955805E+02  -1.4248015E-16
   4.5989179E+02  -1.7358216E-16
   4.6022553E+02  -2.1058162E-16
   4.6055927E+02  -2.5468793E-16
   4.6089301E+02  -3.0729217E-16
   4.6122674E+02  -3.6995628E-16
   4.6156048E+02  -4.4439356E-16
   4.6189422E+02  -5.3244195E-16
   4.6222796E+02  -6.3602566E-16
   4.6256170E+02  -7.5710960E-16
   4.6289544E+02  -8.9763904E-16
   4.6322918E+02  -1.0594662E-15
   4.6356291E+02  -1.2442535E-15
   4.6389665E+02  -1.4533500E-15
   4.6423039E+02  -1.6876282E-15
   4.6456413E+02  -1.9472642E-15
   4.6489787E+02  -2.2314515E-15
   4.6523161E+02  -2.5380224E-15
   4.6556535E+02  -2.8629589E-15
   4.6589908E+02  -3.1997631E-15
   4.6623282E+02  -3.5386673E-15
   4.6656656E+02  -3.8656178E-15
   4.6690030E+02  -4.1610248E-15
   4.6723404E+02  -4.3981932E-15
   4.6756778E+02  -4.5413727E-15
   4.6790152E+02  -4.5433492E-15
   4.6823525E+02  -4.3425037E-15
   4.6856899E+02  -3.8591753E-15
   4.6890273E+02  -2.9912465E-15
   4.6923647E+02  -1.6087716E-15
   4.6957021E+02   4.5256716E-16
   4.6990395E+02   3.3993372E-15
   4.7023769E+02   7.4898965E-15
   4.7057142E+02   1.3045910E-14
   4.7090516E+02   2.0466230E-14
   4.7123890E+02   3.0243454E-14
   4.7157264E+02   4.2983819E-14
   4.7190638E+02   5.9430922E-14
   4.7224012E+02   8.0493961E-14
   4.7257386E+02   1.0728108E-13
   4.7290760E+02   1.4113903E-13
   4.7324133E+02   1.8369963E-13
   4.7357507E+02   2.3693520E-13
   4.7390881E+02   3.0322300E-13
   4.7424255E+02   3.8542102E-13
   4.7457629E+02   4.8695705E-13
   4.7491003E+02   6.1193281E-13
   4.7524377E+02   7.6524610E-13
   4.7557750E+02   9.5273171E-13
   4.7591124E+02   1.1813287E-12
   4.7624498E+02   1.4592722E-12
   4.7657872E+02   1.7963156E-12
   4.7691246E+02   2.2039920E-12
   4.7724620E+02   2.6959106E-12
   4.7757994E+02   3.2881072E-12
   4.7791367E+02   3.9994371E-12
   4.7824741E+02   4.8520385E-12
   4.7858115E+02   5.8718534E-12
   4.7891489E+02   7.0892324E-12
   4.7924863E+02   8.5396308E-12
   4.7958237E+02   1.0264378E-11
   4.7991611E+02   1.2311597E-11
   4.8024984E+02   1.4737206E-11
   4.8058358E+02   1.7606083E-11
   4.8091732E+02   2.0993384E-11
   4.8125106E+02   2.4986038E-11
   4.8158480E+02   2.9684401E-11
   4.8191854E+02   3.5204166E-11
   4.8225228E+02   4.1678508E-11
   4.8258601E+02   4.9260453E-11
   4.8291975E+02   5.8125550E-11
   4.8325349E+02   6.8474913E-11
   4.8358723E+02   8.0538534E-11
   4.8392097E+02   9.4579025E-11
   4.8425471E+02   1.1089577E-10
   4.8458845E+02   1.2982954E-10
   4.8492218E+02   1.5176757E-10
   4.8525592E+02   1.7714918E-10
   4.8558966E+02   2.0647214E-10
   4.8592340E+02   2.4029925E-10
   4.8625714E+02   2.7926589E-10
   4.8659088E+02   3.2408817E-10
   4.8692462E+02   3.7557227E-10
   4.8725835E+02   4.3462361E-10
   4.8759209E+02   5.0225779E-10
   4.8792583E+02   5.7961191E-10
   4.8825957E+02   6.6795708E-10
   4.8859331E+02   7.6871154E-10
   4.8892705E+02   8.8345531E-10
   4.8926079E+02   1.0139450E-09
   4.8959452E+02   1.1621311E-09
   4.8992826E+02   1.3301749E-09
   4.9026200E+02   1.5204653E-09
   4.9059574E+02   1.7356420E-09
   4.9092948E+02   1.9786119E-09
   4.9126322E+02   2.2525750E-09
   4.9159696E+02   2.5610414E-09
   4.9193069E+02   2.9078593E-09
   4.9226443E+02   3.2972380E-09
   4.9259817E+02   3.7337693E-09
   4.9293191E+02   4.2224562E-09
   4.9326565E+02   4.7687383E-09
   4.9359939E+02   5.3785141E-09
   4.9393313E+02   6.0581700E-09
   4.9426687E+02   6.8146018E-09
   4.9460060E+02   7.6552453E-09
   4.9493434E+02   8.5880920E-09
   4.9526808E+02   9.6217159E-09
   4.9560182E+02   1.0765294E-08
   4.9593556E+02   1.2028620E-08
   4.9626930E+02   1.3422126E-08
   4.9660304E+02   1.4956889E-08
   4.9693677E+02   1.6644648E-08
   4.9727051E+02   1.8497788E-08
   4.9760425E+02   2.0529372E-08
   4.9793799E+02   2.2753092E-08
   4.9827173E+02   2.5183308E-08
   4.9860547E+02   2.7834968E-08
   4.9893921E+02   3.0723633E-08
   4.9927294E+02   3.3865398E-08
   4.9960668E+02   3.7276891E-08
   4.9994042E+02   4.0975184E-08
   5.0027416E+02   4.4977710E-08
   5.0060790E+02   4.9302237E-08
   5.0094164E+02   5.3966737E-08
   5.0127538E+02   5.8989286E-08
   5.0160911E+02   6.4387969E-08
   5.0194285E+02   7.0180725E-08
   5.0227659E+02   7.6385177E-08
   5.0261033E+02   8.3018556E-08
   5.0294407E+02   9.0097430E-08
   5.0327781E+02   9.7637574E-08
   5.0361155E+02   1.0565373E-07
   5.0394528E+02   1.1415936E-07
   5.0427902E+02   1.2316650E-07
   5.0461276E+02   1.3268541E-07
   5.0494650E+02   1.4272437E-07
   5.0528024E+02   1.5328942E-07
   5.0561398E+02   1.6438386E-07
   5.0594772E+02   1.7600830E-07
   5.0628145E+02   1.8816007E-07
   5.0661519E+02   2.0083301E-07
   5.0694893E+02   2.1401709E-07
   5.0728267E+02   2.2769822E-07
   5.0761641E+02   2.4185780E-07
   5.0795015E+02   2.5647239E-07
   5.0828389E+02   2.7151350E-07
   5.0861762E+02   2.8694714E-07
   5.0895136E+02   3.0273378E-07
   5.0928510E+02   3.1882763E-07
   5.0961884E+02   3.3517685E-07
   5.0995258E+02   3.5172312E-07
   5.1028632E+02   3.6840123E-07
   5.1062006E+02   3.8513934E-07
   5.1095379E+02   4.0185853E-07
   5.1128753E+02   4.1847292E-07
   5.1162127E+02   4.3488936E-07
   5.1195501E+02   4.5100762E-07
   5.1228875E+02   4.6672045E-07
   5.1262249E+02   4.8191350E-07
   5.1295623E+02   4.9646610E-07
   5.1328997E+02   5.1025069E-07
   5.1362370E+02   5.2313362E-07
   5.1395744E+02   5.3497553E-07
   5.1429118E+02   5.4563134E-07
   5.1462492E+02   5.5495178E-07
   5.1495866E+02   5.6278299E-07
   5.1529240E+02   5.6896749E-07
   5.1562614E+02   5.7334535E-07
   5.1595987E+02   5.7575471E-07
   5.1629361E+02   5.7603211E-07
   5.1662735E+02   5.7401513E-07
   5.1696109E+02   5.6954173E-07
   5.1729483E+02   5.6245204E-07
   5.1762857E+02   5.5258982E-07
   5.1796231E+02   5.3980295E-07
   5.1829604E+02   5.2394557E-07
   5.1862978E+02   5.0487881E-07
   5.1896352E+02   4.8247261E-07
   5.1929726E+02   4.5660622E-07
   5.1963100E+02   4.2717042E-07
   5.1996474E+02   3.9406851E-07
   5.2029848E+02   3.5721808E-07
   5.2063221E+02   3.1655134E-07
   5.2096595E+02   2.7201796E-07
   5.2129969E+02   2.2358492E-07
   5.2163343E+02   1.7123848E-07
   5.2196717E+02   1.1498508E-07
   5.2230091E+02   5.4852439E-08
   5.2263465E+02  -9.1095416E-09
   5.2296838E+02  -7.6827881E-08
   5.2330212E+02  -1.4820591E-07
   5.2363586E+02  -2.2312258E-07
   5.2396960E+02  -3.0143229E-07
   5.2430334E+02  -3.8296417E-07
   5.2463708E+02  -4.6752265E-07
   5.2497082E+02  -5.5488664E-07
   5.2530455E+02  -6.4481060E-07
   5.2563829E+02  -7.3702415E-07
   5.2597203E+02  -8.3123393E-07
   5.2630577E+02  -9.2712327E-07
   5.2663951E+02  -1.0243537E-06
   5.2697325E+02  -1.1225657E-06
   5.2730699E+02  -1.2213809E-06
   5.2764072E+02  -1.3204036E-06
   5.2797446E+02  -1.4192212E-06
   5.2830820E+02  -1.5174081E-06
   5.2864194E+02  -1.6145261E-06
   5.2897568E+02  -1.7101285E-06
   5.2930942E+02  -1.8037601E-06
   5.2964316E+02  -1.8949620E-06
   5.2997689E+02  -1.9832733E-06
   5.3031063E+02  -2.0682339E-06
   5.3064437E+02  -2.1493875E-06
   5.3097811E+02  -2.2262836E-06
   5.3131185E+02  -2.2984825E-06
   5.3164559E+02  -2.3655550E-06
   5.3197933E+02  -2.4270898E-06
   5.3231306E+02  -2.4826909E-06
   5.3264680E+02  -2.5319864E-06
   5.3298054E+02  -2.5746258E-06
   5.3331428E+02  -2.6102857E-06
   5.3364802E+02  -2.6386731E-06
   5.3398176E+02  -2.6595239E-06
   5.3431550E+02  -2.6726102E-06
   5.3464924E+02  -2.6777377E-06
   5.3498297E+02  -2.6747507E-06
   5.3531671E+02  -2.6635323E-06
   5.3565045E+02  -2.6440055E-06
   5.3598419E+02  -2.6161356E-06
   5.3631793E+02  -2.5799288E-06
   5.3665167E+02  -2.5354357E-06
   5.3698541E+02  -2.4827486E-06
   5.3731914E+02  -2.4220039E-06
   5.3765288E+02  -2.3533794E-06
   5.3798662E+02  -2.2770955E-06
   5.3832036E+02  -2.1934129E-06
   5.3865410E+02  -2.1026337E-06
   5.3898784E+02  -2.0050966E-06
   5.3932158E+02  -1.9011761E-06
   5.3965531E+02  -1.7912831E-06
   5.3998905E+02  -1.6758599E-06
   5.4032279E+02  -1.5553768E-06
   5.4065653E+02  -1.4303316E-06
   5.4099027E+02  -1.3012461E-06
   5.4132401E+02  -1.1686629E-06
   5.4165775E+02  -1.0331407E-06
   5.4199148E+02  -8.9525315E-07
   5.4232522E+02  -7.5558324E-07
   5.4265896E+02  -6.1472116E-07
   5.4299270E+02  -4.7326017E-07
   5.4332644E+02  -3.3179302E-07
   5.4366018E+02  -1.9090776E-07
   5.4399392E+02  -5.1185680E-08
   5.4432765E+02   8.6804100E-08
   5.4466139E+02   2.2250687E-07
   5.4499513E+02   3.5538568E-07
   5.4532887E+02   4.8492484E-07
   5.4566261E+02   6.1063247E-07
   5.4599635E+02   7.3204365E-07
   5.4633009E+02   8.4872295E-07
   5.4666382E+02   9.6026611E-07
   5.4699756E+02   1.0663031E-06
   5.4733130E+02   1.1664987E-06
   5.4766504E+02   1.2605549E-06
   5.4799878E+02   1.3482121E-06
   5.4833252E+02   1.4292500E-06
   5.4866626E+02   1.5034875E-06
   5.4899999E+02   1.5707838E-06
   5.4933373E+02   1.6310385E-06
   5.4966747E+02   1.6841911E-06
   5.5000121E+02   1.7302208E-06
   5.5033495E+02   1.7691445E-06
   5.5066869E+02   1.8010179E-06
   5.5100243E+02   1.8259324E-06
   5.5133616E+02   1.8440142E-06
   5.5166990E+02   1.8554222E-06
   5.5200364E+02   1.8603475E-06
   5.5233738E+02   1.8590092E-06
   5.5267112E+02   1.8516530E-06
   5.5300486E+02   1.8385493E-06
   5.5333860E+02   1.8199911E-06
   5.5367234E+02   1.7962878E-06
   5.5400607E+02   1.7677694E-06
   5.5433981E+02   1.7347763E-06
   5.5467355E+02   1.6976614E-06
   5.5500729E+02   1.6567865E-06
   5.5534103E+02   1.6125182E-06
   5.5567477E+02   1.5652265E-06
   5.5600851E+02   1.5152831E-06
   5.5634224E+02   1.4630558E-06
   5.5667598E+02   1.4089103E-06
   5.5700972E+02   1.3532042E-06
   5.5734346E+02   1.2962878E-06
   5.5767720E+02   1.2385004E-06
   5.5801094E+02   1.1801689E-06
   5.5834468E+02   1.1216065E-06
   5.5867841E+02   1.0631124E-06
   5.5901215E+02   1.0049674E-06
   5.5934589E+02   9.4743586E-07
   5.5967963E+02   8.9076377E-07
   5.6001337E+02   8.3517699E-07
   5.6034711E+02   7.8088306E-07
   5.6068085E+02   7.2806858E-07
   5.6101458E+02   6.7690030E-07
   5.6134832E+02   6.2752474E-07
   5.6168206E+02   5.8006844E-07
   5.6201580E+02   5.3463793E-07
   5.6234954E+02   4.9132086E-07
   5.6268328E+02   4.5018601E-07
   5.6301702E+02   4.1128405E-07
   5.6335075E+02   3.7464770E-07
   5.6368449E+02   3.4029429E-07
   5.6401823E+02   3.0822468E-07
   5.6435197E+02   2.7842574E-07
   5.6468571E+02   2.5087036E-07
   5.6501945E+02   2.2551930E-07
   5.6535319E+02   2.0232169E-07
   5.6568692E+02   1.8121671E-07
   5.6602066E+02   1.6213406E-07
   5.6635440E+02   1.4499551E-07
   5.6668814E+02   1.2971574E-07
   5.6702188E+02   1.1620382E-07
   5.6735562E+02   1.0436362E-07
   5.6768936E+02   9.4095213E-08
   5.6802309E+02   8.5295817E-08
   5.6835683E+02   7.7860463E-08
   5.6869057E+02   7.1683040E-08
   5.6902431E+02   6.6657009E-08
   5.6935805E+02   6.2676136E-08
   5.6969179E+02   5.9635248E-08
   5.7002553E+02   5.7430675E-08
   5.7035926E+02   5.5961053E-08
   5.7069300E+02   5.5127749E-08
   5.7102674E+02   5.4835247E-08
   5.7136048E+02   5.4991567E-08
   5.7169422E+02   5.5508643E-08
   5.7202796E+02   5.6302717E-08
   5.7236170E+02   5.7294379E-08
   5.7269543E+02   5.8408979E-08
   5.7302917E+02   5.9576799E-08
   5.7336291E+02   6.0733058E-08
   5.7369665E+02   6.1818177E-08
   5.7403039E+02   6.2777964E-08
   5.7436413E+02   6.3563419E-08
   5.7469787E+02   6.4131129E-08
   5.7503161E+02   6.4442915E-08
   5.7536534E+02   6.4466249E-08
   5.7569908E+02   6.4174039E-08
   5.7603282E+02   6.3544675E-08
   5.7636656E+02   6.2561909E-08
   5.7670030E+02   6.1215047E-08
   5.7703404E+02   5.9498724E-08
   5.7736778E+02   5.7412958E-08
   5.7770151E+02   5.4962992E-08
   5.7803525E+02   5.2159304E-08
   5.7836899E+02   4.9017366E-08
   5.7870273E+02   4.5557719E-08
   5.7903647E+02   4.1805720E-08
   5.7937021E+02   3.7791363E-08
   5.7970395E+02   3.3549199E-08
   5.8003768E+02   2.9118155E-08
   5.8037142E+02   2.4541151E-08
   5.8070516E+02   1.9865059E-08
   5.8103890E+02   1.5140383E-08
   5.8137264E+02   1.0420859E-08
   5.8170638E+02   5.7632548E-09
   5.8204012E+02   1.2270807E-09
   5.8237385E+02  -3.1259582E-09
   5.8270759E+02  -7.2322326E-09
   5.8304133E+02  -1.1026588E-08
   5.8337507E+02  -1.4442946E-08
   5.8370881E+02  -1.7414649E-08
   5.8404255E+02  -1.9875070E-08
   5.8437629E+02  -2.1758115E-08
   5.8471002E+02  -2.2998737E-08
   5.8504376E+02  -2.3533584E-08
   5.8537750E+02  -2.3301505E-08
   5.8571124E+02  -2.2244116E-08
   5.8604498E+02  -2.0306457E-08
   5.8637872E+02  -1.7437479E-08
   5.8671246E+02  -1.3590724E-08
   5.8704619E+02  -8.7247818E-09
   5.8737993E+02  -2.8038842E-09
   5.8771367E+02   4.2015689E-09
   5.8804741E+02   1.2314450E-08
   5.8838115E+02   2.1550607E-08
   5.8871489E+02   3.1918244E-08
   5.8904863E+02   4.3417607E-08
   5.8938236E+02   5.6040626E-08
   5.8971610E+02   6.9770650E-08
   5.9004984E+02   8.4582119E-08
   5.9038358E+02   1.0044052E-07
   5.9071732E+02   1.1730206E-07
   5.9105106E+02   1.3511379E-07
   5.9138480E+02   1.5381356E-07
   5.9171853E+02   1.7333005E-07
   5.9205227E+02   1.9358305E-07
   5.9238601E+02   2.1448352E-07
   5.9271975E+02   2.3593407E-07
   5.9305349E+02   2.5782919E-07
   5.9338723E+02   2.8005590E-07
   5.9372097E+02   3.0249407E-07
   5.9405471E+02   3.2501708E-07
   5.9438844E+02   3.4749263E-07
   5.9472218E+02   3.6978315E-07
   5.9505592E+02   3.9174711E-07
   5.9538966E+02   4.1323909E-07
   5.9572340E+02   4.3411160E-07
   5.9605714E+02   4.5421518E-07
   5.9639088E+02   4.7339989E-07
   5.9672461E+02   4.9151606E-07
   5.9705835E+02   5.0841567E-07
   5.9739209E+02   5.2395285E-07
   5.9772583E+02   5.3798522E-07
   5.9805957E+02   5.5037549E-07
   5.9839331E+02   5.6099134E-07
   5.9872705E+02   5.6970765E-07
   5.9906078E+02   5.7640682E-07
   5.9939452E+02   5.8097999E-07
   5.9972826E+02   5.8332802E-07
   6.0006200E+02   5.8336252E-07
   6.0039574E+02   5.8100625E-07
   6.0072948E+02   5.7619462E-07
   6.0106322E+02   5.6887592E-07
   6.0139695E+02   5.5901194E-07
   6.0173069E+02   5.4657914E-07
   6.0206443E+02   5.3156845E-07
   6.0239817E+02   5.1398609E-07
   6.0273191E+02   4.9385380E-07
   6.0306565E+02   4.7120895E-07
   6.0339939E+02   4.4610456E-07
   6.0373312E+02   4.1860966E-07
   6.0406686E+02   3.8880881E-07
   6.0440060E+02   3.5680185E-07
   6.0473434E+02   3.2270395E-07
   6.0506808E+02   2.8664459E-07
   6.0540182E+02   2.4876763E-07
   6.0573556E+02   2.0923019E-07
   6.0606929E+02   1.6820201E-07
   6.0640303E+02   1.2586460E-07
   6.0673677E+02   8.2410274E-08
   6.0707051E+02   3.8041222E-08
   6.0740425E+02  -7.0319457E-09
   6.0773799E+02  -5.2590977E-08
   6.0807173E+02  -9.8411533E-08
   6.0840546E+02  -1.4426448E-07
   6.0873920E+02  -1.8991716E-07
   6.0907294E+02  -2.3513485E-07
   6.0940668E+02  -2.7968244E-07
   6.0974042E+02  -3.2332548E-07
   6.1007416E+02  -3.6583191E-07
   6.1040790E+02  -4.0697375E-07
   6.1074163E+02  -4.4652802E-07
   6.1107537E+02  -4.8427876E-07
   6.1140911E+02  -5.2001781E-07
   6.1174285E+02  -5.5354661E-07
   6.1207659E+02  -5.8467788E-07
   6.1241033E+02  -6.1323567E-07
   6.1274407E+02  -6.3905748E-07
   6.1307781E+02  -6.6199527E-07
   6.1341154E+02  -6.8191594E-07
   6.1374528E+02  -6.9870271E-07
   6.1407902E+02  -7.1225566E-07
   6.1441276E+02  -7.2249253E-07
   6.1474650E+02  -7.2934893E-07
   6.1508024E+02  -7.3277926E-07
   6.1541398E+02  -7.3275658E-07
   6.1574771E+02  -7.2927298E-07
   6.1608145E+02  -7.2233985E-07
   6.1641519E+02  -7.1198701E-07
   6.1674893E+02  -6.9826331E-07
   6.1708267E+02  -6.8123597E-07
   6.1741641E+02  -6.6098994E-07
   6.1775015E+02  -6.3762764E-07
   6.1808388E+02  -6.1126781E-07
   6.1841762E+02  -5.8204529E-07
   6.1875136E+02  -5.5010952E-07
   6.1908510E+02  -5.1562381E-07
   6.1941884E+02  -4.7876432E-07
   6.1975258E+02  -4.3971858E-07
   6.2008632E+02  -3.9868439E-07
   6.2042005E+02  -3.5586862E-07
   6.2075379E+02  -3.1148554E-07
   6.2108753E+02  -2.6575577E-07
   6.2142127E+02  -2.1890455E-07
   6.2175501E+02  -1.7116056E-07
   6.2208875E+02  -1.2275433E-07
   6.2242249E+02  -7.3916759E-08
   6.2275622E+02  -2.4877805E-08
   6.2308996E+02   2.4134934E-08
   6.2342370E+02   7.2897613E-08
   6.2375744E+02   1.2119139E-07
   6.2409118E+02   1.6880361E-07
   6.2442492E+02   2.1552914E-07
   6.2475866E+02   2.6117121E-07
   6.2509239E+02   3.0554270E-07
   6.2542613E+02   3.4846681E-07
   6.2575987E+02   3.8977802E-07
   6.2609361E+02   4.2932265E-07
   6.2642735E+02   4.6695982E-07
   6.2676109E+02   5.0256119E-07
   6.2709483E+02   5.3601258E-07
   6.2742856E+02   5.6721274E-07
   6.2776230E+02   5.9607470E-07
   6.2809604E+02   6.2252548E-07
   6.2842978E+02   6.4650533E-07
   6.2876352E+02   6.6796855E-07
   6.2909726E+02   6.8688286E-07
   6.2943100E+02   7.0322858E-07
   6.2976473E+02   7.1699878E-07
   6.3009847E+02   7.2819830E-07
   6.3043221E+02   7.3684322E-07
   6.3076595E+02   7.4296020E-07
   6.3109969E+02   7.4658567E-07
   6.3143343E+02   7.4776500E-07
   6.3176717E+02   7.4655117E-07
   6.3210090E+02   7.4300488E-07
   6.3243464E+02   7.3719264E-07
   6.3276838E+02   7.2918607E-07
   6.3310212E+02   7.1906163E-07
   6.3343586E+02   7.0689845E-07
   6.3376960E+02   6.9277837E-07
   6.3410334E+02   6.7678491E-07
   6.3443708E+02   6.5900144E-07
   6.3477081E+02   6.3951211E-07
   6.3510455E+02   6.1839921E-07
   6.3543829E+02   5.9574404E-07
   6.3577203E+02   5.7162487E-07
   6.3610577E+02   5.4611746E-07
   6.3643951E+02   5.1929413E-07
   6.3677325E+02   4.9122320E-07
   6.3710698E+02   4.6196914E-07
   6.3744072E+02   4.3159184E-07
   6.3777446E+02   4.0014672E-07
   6.3810820E+02   3.6768512E-07
   6.3844194E+02   3.3425351E-07
   6.3877568E+02   2.9989457E-07
   6.3910942E+02   2.6464630E-07
   6.3944315E+02   2.2854374E-07
   6.3977689E+02   1.9161830E-07
   6.4011063E+02   1.5389854E-07
   6.4044437E+02   1.1541154E-07
   6.4077811E+02   7.6181848E-08
   6.4111185E+02   3.6233931E-08
   6.4144559E+02  -4.4083990E-09
   6.4177932E+02  -4.5720299E-08
   6.4211306E+02  -8.7676000E-08
   6.4244680E+02  -1.3024689E-07
   6.4278054E+02  -1.7340201E-07
   6.4311428E+02  -2.1710621E-07
   6.4344802E+02  -2.6132011E-07
   6.4378176E+02  -3.0599875E-07
   6.4411549E+02  -3.5109161E-07
   6.4444923E+02  -3.9654117E-07
   6.4478297E+02  -4.4228292E-07
   6.4511671E+02  -4.8824478E-07
   6.4545045E+02  -5.3434650E-07
   6.4578419E+02  -5.8049909E-07
   6.4611793E+02  -6.2660553E-07
   6.4645166E+02  -6.7255968E-07
   6.4678540E+02  -7.1824655E-07
   6.4711914E+02  -7.6354240E-07
   6.4745288E+02  -8.0831592E-07
   6.4778662E+02  -8.5242641E-07
   6.4812036E+02  -8.9572626E-07
   6.4845410E+02  -9.3806113E-07
   6.4878783E+02  -9.7926954E-07
   6.4912157E+02  -1.0191850E-06
   6.4945531E+02  -1.0576363E-06
   6.4978905E+02  -1.0944486E-06
   6.5012279E+02  -1.1294447E-06
   6.5045653E+02  -1.1624462E-06
   6.5079027E+02  -1.1932742E-06
   6.5112400E+02  -1.2217516E-06
   6.5145774E+02  -1.2477045E-06
   6.5179148E+02  -1.2709618E-06
   6.5212522E+02  -1.2913588E-06
   6.5245896E+02  -1.3087380E-06
   6.5279270E+02  -1.3229499E-06
   6.5312644E+02  -1.3338547E-06
   6.5346018E+02  -1.3413252E-06
   6.5379391E+02  -1.3452457E-06
   6.5412765E+02  -1.3455145E-06
   6.5446139E+02  -1.3420453E-06
   6.5479513E+02  -1.3347682E-06
   6.5512887E+02  -1.3236308E-06
   6.5546261E+02  -1.3085980E-06
   6.5579635E+02  -1.2896546E-06
   6.5613008E+02  -1.2668044E-06
   6.5646382E+02  -1.2400719E-06
   6.5679756E+02  -1.2095012E-06
   6.5713130E+02  -1.1751572E-06
   6.5746504E+02  -1.1371262E-06
   6.5779878E+02  -1.0955133E-06
   6.5813252E+02  -1.0504450E-06
   6.5846625E+02  -1.0020672E-06
   6.5879999E+02  -9.5054446E-07
   6.5913373E+02  -8.9605913E-07
   6.5946747E+02  -8.3881179E-07
   6.5980121E+02  -7.7901871E-07
   6.6013495E+02  -7.1691068E-07
