  -7.8094826E+01   0.0000000E+00
  -7.7761087E+01   0.0000000E+00
  -7.7427349E+01   0.0000000E+00
  -7.7093610E+01   0.0000000E+00
  -7.6759871E+01   0.0000000E+00
  -7.6426133E+01   0.0000000E+00
  -7.6092394E+01   0.0000000E+00
  -7.5758656E+01   0.0000000E+00
  -7.5424917E+01   0.0000000E+00
  -7.5091178E+01   0.0000000E+00
  -7.4757440E+01   0.0000000E+00
  -7.4423701E+01   0.0000000E+00
  -7.4089963E+01   0.0000000E+00
  -7.3756224E+01   0.0000000E+00
  -7.3422485E+01   0.0000000E+00
  -7.3088747E+01   0.0000000E+00
  -7.2755008E+01   0.0000000E+00
  -7.2421270E+01   0.0000000E+00
  -7.2087531E+01   0.0000000E+00
  -7.1753792E+01   0.0000000E+00
  -7.1420054E+01   0.0000000E+00
  -7.1086315E+01   0.0000000E+00
  -7.0752577E+01   0.0000000E+00
  -7.0418838E+01   0.0000000E+00
  -7.0085099E+01   0.0000000E+00
  -6.9751361E+01   0.0000000E+00
  -6.9417622E+01   0.0000000E+00
  -6.9083884E+01   0.0000000E+00
  -6.8750145E+01   0.0000000E+00
  -6.8416406E+01   0.0000000E+00
  -6.8082668E+01   0.0000000E+00
  -6.7748929E+01   0.0000000E+00
  -6.7415191E+01   0.0000000E+00
  -6.7081452E+01   0.0000000E+00
  -6.6747714E+01   0.0000000E+00
  -6.6413975E+01   0.0000000E+00
  -6.6080236E+01   0.0000000E+00
  -6.5746498E+01   0.0000000E+00
  -6.5412759E+01   0.0000000E+00
  -6.5079021E+01   0.0000000E+00
  -6.4745282E+01   0.0000000E+00
  -6.4411543E+01   0.0000000E+00
  -6.4077805E+01   0.0000000E+00
  -6.3744066E+01   0.0000000E+00
  -6.3410328E+01   0.0000000E+00
  -6.3076589E+01   0.0000000E+00
  -6.2742850E+01   0.0000000E+00
  -6.2409112E+01   0.0000000E+00
  -6.2075373E+01   0.0000000E+00
  -6.1741635E+01   0.0000000E+00
  -6.1407896E+01   0.0000000E+00
  -6.1074157E+01   0.0000000E+00
  -6.0740419E+01   0.0000000E+00
  -6.0406680E+01   0.0000000E+00
  -6.0072942E+01   0.0000000E+00
  -5.9739203E+01   0.0000000E+00
  -5.9405464E+01   0.0000000E+00
  -5.9071726E+01   0.0000000E+00
  -5.8737987E+01   0.0000000E+00
  -5.8404249E+01   0.0000000E+00
  -5.8070510E+01   0.0000000E+00
  -5.7736771E+01   0.0000000E+00
  -5.7403033E+01   0.0000000E+00
  -5.7069294E+01   0.0000000E+00
  -5.6735556E+01   0.0000000E+00
  -5.6401817E+01   0.0000000E+00
  -5.6068078E+01   0.0000000E+00
  -5.5734340E+01   0.0000000E+00
  -5.5400601E+01   0.0000000E+00
  -5.5066863E+01   0.0000000E+00
  -5.4733124E+01   0.0000000E+00
  -5.4399385E+01   0.0000000E+00
  -5.4065647E+01   0.0000000E+00
  -5.3731908E+01   0.0000000E+00
  -5.3398170E+01   0.0000000E+00
  -5.3064431E+01   0.0000000E+00
  -5.2730693E+01   0.0000000E+00
  -5.2396954E+01   0.0000000E+00
  -5.2063215E+01   0.0000000E+00
  -5.1729477E+01   0.0000000E+00
  -5.1395738E+01   0.0000000E+00
  -5.1062000E+01   0.0000000E+00
  -5.0728261E+01   0.0000000E+00
  -5.0394522E+01   0.0000000E+00
  -5.0060784E+01   0.0000000E+00
  -4.9727045E+01   0.0000000E+00
  -4.9393307E+01   0.0000000E+00
  -4.9059568E+01   0.0000000E+00
  -4.8725829E+01   0.0000000E+00
  -4.8392091E+01   0.0000000E+00
  -4.8058352E+01   0.0000000E+00
  -4.7724614E+01   0.0000000E+00
  -4.7390875E+01   0.0000000E+00
  -4.7057136E+01   0.0000000E+00
  -4.6723398E+01   0.0000000E+00
  -4.6389659E+01   0.0000000E+00
  -4.6055921E+01   0.0000000E+00
  -4.5722182E+01   0.0000000E+00
  -4.5388443E+01   0.0000000E+00
  -4.5054705E+01   0.0000000E+00
  -4.4720966E+01   0.0000000E+00
  -4.4387228E+01   0.0000000E+00
  -4.4053489E+01   0.0000000E+00
  -4.3719750E+01   0.0000000E+00
  -4.3386012E+01   0.0000000E+00
  -4.3052273E+01   0.0000000E+00
  -4.2718535E+01   0.0000000E+00
  -4.2384796E+01   0.0000000E+00
  -4.2051057E+01   0.0000000E+00
  -4.1717319E+01   0.0000000E+00
  -4.1383580E+01   0.0000000E+00
  -4.1049842E+01   0.0000000E+00
  -4.0716103E+01   0.0000000E+00
  -4.0382364E+01   0.0000000E+00
  -4.0048626E+01   0.0000000E+00
  -3.9714887E+01   0.0000000E+00
  -3.9381149E+01   0.0000000E+00
  -3.9047410E+01   0.0000000E+00
  -3.8713672E+01   0.0000000E+00
  -3.8379933E+01   0.0000000E+00
  -3.8046194E+01   0.0000000E+00
  -3.7712456E+01   0.0000000E+00
  -3.7378717E+01   0.0000000E+00
  -3.7044979E+01   0.0000000E+00
  -3.6711240E+01   0.0000000E+00
  -3.6377501E+01   0.0000000E+00
  -3.6043763E+01   0.0000000E+00
  -3.5710024E+01   0.0000000E+00
  -3.5376286E+01   0.0000000E+00
  -3.5042547E+01   0.0000000E+00
  -3.4708808E+01   0.0000000E+00
  -3.4375070E+01   0.0000000E+00
  -3.4041331E+01   0.0000000E+00
  -3.3707593E+01   0.0000000E+00
  -3.3373854E+01   0.0000000E+00
  -3.3040115E+01   0.0000000E+00
  -3.2706377E+01   0.0000000E+00
  -3.2372638E+01   0.0000000E+00
  -3.2038900E+01   0.0000000E+00
  -3.1705161E+01   0.0000000E+00
  -3.1371422E+01   0.0000000E+00
  -3.1037684E+01   0.0000000E+00
  -3.0703945E+01   0.0000000E+00
  -3.0370207E+01   0.0000000E+00
  -3.0036468E+01   0.0000000E+00
  -2.9702729E+01   0.0000000E+00
  -2.9368991E+01   0.0000000E+00
  -2.9035252E+01   0.0000000E+00
  -2.8701514E+01   0.0000000E+00
  -2.8367775E+01   0.0000000E+00
  -2.8034036E+01   0.0000000E+00
  -2.7700298E+01   0.0000000E+00
  -2.7366559E+01   0.0000000E+00
  -2.7032821E+01   0.0000000E+00
  -2.6699082E+01   0.0000000E+00
  -2.6365343E+01   0.0000000E+00
  -2.6031605E+01   0.0000000E+00
  -2.5697866E+01   0.0000000E+00
  -2.5364128E+01   0.0000000E+00
  -2.5030389E+01   0.0000000E+00
  -2.4696651E+01   0.0000000E+00
  -2.4362912E+01   0.0000000E+00
  -2.4029173E+01   0.0000000E+00
  -2.3695435E+01   0.0000000E+00
  -2.3361696E+01   0.0000000E+00
  -2.3027958E+01   0.0000000E+00
  -2.2694219E+01   0.0000000E+00
  -2.2360480E+01   0.0000000E+00
  -2.2026742E+01   0.0000000E+00
  -2.1693003E+01   0.0000000E+00
  -2.1359265E+01   0.0000000E+00
  -2.1025526E+01   0.0000000E+00
  -2.0691787E+01   0.0000000E+00
  -2.0358049E+01   0.0000000E+00
  -2.0024310E+01   0.0000000E+00
  -1.9690572E+01   0.0000000E+00
  -1.9356833E+01   0.0000000E+00
  -1.9023094E+01   0.0000000E+00
  -1.8689356E+01   0.0000000E+00
  -1.8355617E+01   0.0000000E+00
  -1.8021879E+01   0.0000000E+00
  -1.7688140E+01   0.0000000E+00
  -1.7354401E+01   0.0000000E+00
  -1.7020663E+01   0.0000000E+00
  -1.6686924E+01   0.0000000E+00
  -1.6353186E+01   0.0000000E+00
  -1.6019447E+01   0.0000000E+00
  -1.5685708E+01   0.0000000E+00
  -1.5351970E+01   0.0000000E+00
  -1.5018231E+01   0.0000000E+00
  -1.4684493E+01   0.0000000E+00
  -1.4350754E+01   0.0000000E+00
  -1.4017015E+01   0.0000000E+00
  -1.3683277E+01   0.0000000E+00
  -1.3349538E+01   0.0000000E+00
  -1.3015800E+01   0.0000000E+00
  -1.2682061E+01   0.0000000E+00
  -1.2348322E+01   0.0000000E+00
  -1.2014584E+01   0.0000000E+00
  -1.1680845E+01   0.0000000E+00
  -1.1347107E+01   0.0000000E+00
  -1.1013368E+01   0.0000000E+00
  -1.0679630E+01   0.0000000E+00
  -1.0345891E+01   0.0000000E+00
  -1.0012152E+01   0.0000000E+00
  -9.6784137E+00   0.0000000E+00
  -9.3446751E+00   0.0000000E+00
  -9.0109365E+00   0.0000000E+00
  -8.6771979E+00   0.0000000E+00
  -8.3434593E+00   0.0000000E+00
  -8.0097207E+00   0.0000000E+00
  -7.6759821E+00   0.0000000E+00
  -7.3422436E+00   0.0000000E+00
  -7.0085050E+00   0.0000000E+00
  -6.6747664E+00   0.0000000E+00
  -6.3410278E+00   0.0000000E+00
  -6.0072892E+00   0.0000000E+00
  -5.6735506E+00   0.0000000E+00
  -5.3398120E+00   0.0000000E+00
  -5.0060734E+00   0.0000000E+00
  -4.6723348E+00   0.0000000E+00
  -4.3385962E+00   0.0000000E+00
  -4.0048576E+00   0.0000000E+00
  -3.6711190E+00   0.0000000E+00
  -3.3373804E+00   0.0000000E+00
  -3.0036418E+00   0.0000000E+00
  -2.6699032E+00   0.0000000E+00
  -2.3361646E+00   0.0000000E+00
  -2.0024260E+00   0.0000000E+00
  -1.6686874E+00   0.0000000E+00
  -1.3349488E+00   0.0000000E+00
  -1.0012102E+00   0.0000000E+00
  -6.6747165E-01   0.0000000E+00
  -3.3373305E-01   0.0000000E+00
   5.5432320E-06   0.0000000E+00
   3.3374414E-01   0.0000000E+00
   6.6748273E-01   0.0000000E+00
   1.0012213E+00   0.0000000E+00
   1.3349599E+00   0.0000000E+00
   1.6686985E+00   0.0000000E+00
   2.0024371E+00   0.0000000E+00
   2.3361757E+00   0.0000000E+00
   2.6699143E+00   0.0000000E+00
   3.0036529E+00   0.0000000E+00
   3.3373915E+00   0.0000000E+00
   3.6711301E+00   0.0000000E+00
   4.0048687E+00   0.0000000E+00
   4.3386073E+00   0.0000000E+00
   4.6723459E+00   0.0000000E+00
   5.0060845E+00   0.0000000E+00
   5.3398231E+00   0.0000000E+00
   5.6735617E+00   0.0000000E+00
   6.0073003E+00   0.0000000E+00
   6.3410389E+00   0.0000000E+00
   6.6747774E+00   0.0000000E+00
   7.0085160E+00   0.0000000E+00
   7.3422546E+00   0.0000000E+00
   7.6759932E+00   0.0000000E+00
   8.0097318E+00   0.0000000E+00
   8.3434704E+00   0.0000000E+00
   8.6772090E+00   0.0000000E+00
   9.0109476E+00   0.0000000E+00
   9.3446862E+00   0.0000000E+00
   9.6784248E+00   0.0000000E+00
   1.0012163E+01   0.0000000E+00
   1.0345902E+01   0.0000000E+00
   1.0679641E+01   0.0000000E+00
   1.1013379E+01   0.0000000E+00
   1.1347118E+01   0.0000000E+00
   1.1680856E+01   0.0000000E+00
   1.2014595E+01   0.0000000E+00
   1.2348334E+01   0.0000000E+00
   1.2682072E+01   0.0000000E+00
   1.3015811E+01   0.0000000E+00
   1.3349549E+01   0.0000000E+00
   1.3683288E+01   0.0000000E+00
   1.4017027E+01   0.0000000E+00
   1.4350765E+01   0.0000000E+00
   1.4684504E+01   0.0000000E+00
   1.5018242E+01   0.0000000E+00
   1.5351981E+01   0.0000000E+00
   1.5685720E+01   0.0000000E+00
   1.6019458E+01   0.0000000E+00
   1.6353197E+01   0.0000000E+00
   1.6686935E+01   0.0000000E+00
   1.7020674E+01   0.0000000E+00
   1.7354412E+01   0.0000000E+00
   1.7688151E+01   0.0000000E+00
   1.8021890E+01   0.0000000E+00
   1.8355628E+01   0.0000000E+00
   1.8689367E+01   0.0000000E+00
   1.9023105E+01   0.0000000E+00
   1.9356844E+01   0.0000000E+00
   1.9690583E+01   0.0000000E+00
   2.0024321E+01   0.0000000E+00
   2.0358060E+01   0.0000000E+00
   2.0691798E+01   0.0000000E+00
   2.1025537E+01   0.0000000E+00
   2.1359276E+01   0.0000000E+00
   2.1693014E+01   0.0000000E+00
   2.2026753E+01   0.0000000E+00
   2.2360491E+01   0.0000000E+00
   2.2694230E+01   0.0000000E+00
   2.3027969E+01   0.0000000E+00
   2.3361707E+01   0.0000000E+00
   2.3695446E+01   0.0000000E+00
   2.4029184E+01   0.0000000E+00
   2.4362923E+01   0.0000000E+00
   2.4696662E+01   0.0000000E+00
   2.5030400E+01   0.0000000E+00
   2.5364139E+01   0.0000000E+00
   2.5697877E+01   0.0000000E+00
   2.6031616E+01   0.0000000E+00
   2.6365355E+01   0.0000000E+00
   2.6699093E+01   0.0000000E+00
   2.7032832E+01   0.0000000E+00
   2.7366570E+01   0.0000000E+00
   2.7700309E+01   0.0000000E+00
   2.8034048E+01   0.0000000E+00
   2.8367786E+01   0.0000000E+00
   2.8701525E+01   0.0000000E+00
   2.9035263E+01   0.0000000E+00
   2.9369002E+01   0.0000000E+00
   2.9702741E+01   0.0000000E+00
   3.0036479E+01   0.0000000E+00
   3.0370218E+01   0.0000000E+00
   3.0703956E+01   0.0000000E+00
   3.1037695E+01   0.0000000E+00
   3.1371433E+01   0.0000000E+00
   3.1705172E+01   0.0000000E+00
   3.2038911E+01   0.0000000E+00
   3.2372649E+01   0.0000000E+00
   3.2706388E+01   0.0000000E+00
   3.3040126E+01   0.0000000E+00
   3.3373865E+01   0.0000000E+00
   3.3707604E+01   0.0000000E+00
   3.4041342E+01   0.0000000E+00
   3.4375081E+01   0.0000000E+00
   3.4708819E+01   0.0000000E+00
   3.5042558E+01   0.0000000E+00
   3.5376297E+01   0.0000000E+00
   3.5710035E+01   0.0000000E+00
   3.6043774E+01   0.0000000E+00
   3.6377512E+01   0.0000000E+00
   3.6711251E+01   0.0000000E+00
   3.7044990E+01   0.0000000E+00
   3.7378728E+01   0.0000000E+00
   3.7712467E+01   0.0000000E+00
   3.8046205E+01   0.0000000E+00
   3.8379944E+01   0.0000000E+00
   3.8713683E+01   0.0000000E+00
   3.9047421E+01   0.0000000E+00
   3.9381160E+01   0.0000000E+00
   3.9714898E+01   0.0000000E+00
   4.0048637E+01   0.0000000E+00
   4.0382376E+01   0.0000000E+00
   4.0716114E+01   0.0000000E+00
   4.1049853E+01   0.0000000E+00
   4.1383591E+01   0.0000000E+00
   4.1717330E+01   0.0000000E+00
   4.2051069E+01   0.0000000E+00
   4.2384807E+01   0.0000000E+00
   4.2718546E+01   0.0000000E+00
   4.3052284E+01   0.0000000E+00
   4.3386023E+01   0.0000000E+00
   4.3719762E+01   0.0000000E+00
   4.4053500E+01   0.0000000E+00
   4.4387239E+01   0.0000000E+00
   4.4720977E+01   0.0000000E+00
   4.5054716E+01   0.0000000E+00
   4.5388454E+01   0.0000000E+00
   4.5722193E+01   0.0000000E+00
   4.6055932E+01   0.0000000E+00
   4.6389670E+01   0.0000000E+00
   4.6723409E+01   0.0000000E+00
   4.7057147E+01   0.0000000E+00
   4.7390886E+01   0.0000000E+00
   4.7724625E+01   0.0000000E+00
   4.8058363E+01   0.0000000E+00
   4.8392102E+01   0.0000000E+00
   4.8725840E+01   0.0000000E+00
   4.9059579E+01   0.0000000E+00
   4.9393318E+01   0.0000000E+00
   4.9727056E+01   0.0000000E+00
   5.0060795E+01   0.0000000E+00
   5.0394533E+01   0.0000000E+00
   5.0728272E+01   0.0000000E+00
   5.1062011E+01   0.0000000E+00
   5.1395749E+01   0.0000000E+00
   5.1729488E+01   0.0000000E+00
   5.2063226E+01   0.0000000E+00
   5.2396965E+01   0.0000000E+00
   5.2730704E+01   0.0000000E+00
   5.3064442E+01   0.0000000E+00
   5.3398181E+01   0.0000000E+00
   5.3731919E+01   0.0000000E+00
   5.4065658E+01   0.0000000E+00
   5.4399397E+01   0.0000000E+00
   5.4733135E+01   0.0000000E+00
   5.5066874E+01   0.0000000E+00
   5.5400612E+01   0.0000000E+00
   5.5734351E+01   0.0000000E+00
   5.6068090E+01   0.0000000E+00
   5.6401828E+01   0.0000000E+00
   5.6735567E+01   0.0000000E+00
   5.7069305E+01   0.0000000E+00
   5.7403044E+01   0.0000000E+00
   5.7736783E+01   0.0000000E+00
   5.8070521E+01   0.0000000E+00
   5.8404260E+01   0.0000000E+00
   5.8737998E+01   0.0000000E+00
   5.9071737E+01   0.0000000E+00
   5.9405475E+01   0.0000000E+00
   5.9739214E+01   0.0000000E+00
   6.0072953E+01   0.0000000E+00
   6.0406691E+01   0.0000000E+00
   6.0740430E+01   0.0000000E+00
   6.1074168E+01   0.0000000E+00
   6.1407907E+01   0.0000000E+00
   6.1741646E+01   0.0000000E+00
   6.2075384E+01   0.0000000E+00
   6.2409123E+01   0.0000000E+00
   6.2742861E+01   0.0000000E+00
   6.3076600E+01   0.0000000E+00
   6.3410339E+01   0.0000000E+00
   6.3744077E+01   0.0000000E+00
   6.4077816E+01   0.0000000E+00
   6.4411554E+01   0.0000000E+00
   6.4745293E+01   0.0000000E+00
   6.5079032E+01   0.0000000E+00
   6.5412770E+01   0.0000000E+00
   6.5746509E+01   0.0000000E+00
   6.6080247E+01   0.0000000E+00
   6.6413986E+01   0.0000000E+00
   6.6747725E+01   0.0000000E+00
   6.7081463E+01   0.0000000E+00
   6.7415202E+01   0.0000000E+00
   6.7748940E+01   0.0000000E+00
   6.8082679E+01   0.0000000E+00
   6.8416418E+01   0.0000000E+00
   6.8750156E+01   0.0000000E+00
   6.9083895E+01   0.0000000E+00
   6.9417633E+01   0.0000000E+00
   6.9751372E+01   0.0000000E+00
   7.0085111E+01   0.0000000E+00
   7.0418849E+01   0.0000000E+00
   7.0752588E+01   0.0000000E+00
   7.1086326E+01   0.0000000E+00
   7.1420065E+01   0.0000000E+00
   7.1753804E+01   0.0000000E+00
   7.2087542E+01   0.0000000E+00
   7.2421281E+01   0.0000000E+00
   7.2755019E+01   0.0000000E+00
   7.3088758E+01   0.0000000E+00
   7.3422496E+01   0.0000000E+00
   7.3756235E+01   0.0000000E+00
   7.4089974E+01   0.0000000E+00
   7.4423712E+01   0.0000000E+00
   7.4757451E+01   0.0000000E+00
   7.5091189E+01   0.0000000E+00
   7.5424928E+01   0.0000000E+00
   7.5758667E+01   0.0000000E+00
   7.6092405E+01   0.0000000E+00
   7.6426144E+01   0.0000000E+00
   7.6759882E+01   0.0000000E+00
   7.7093621E+01   0.0000000E+00
   7.7427360E+01   0.0000000E+00
   7.7761098E+01   0.0000000E+00
   7.8094837E+01   0.0000000E+00
   7.8428575E+01   0.0000000E+00
   7.8762314E+01   0.0000000E+00
   7.9096053E+01   0.0000000E+00
   7.9429791E+01   0.0000000E+00
   7.9763530E+01   0.0000000E+00
   8.0097268E+01   0.0000000E+00
   8.0431007E+01   0.0000000E+00
   8.0764746E+01   0.0000000E+00
   8.1098484E+01   0.0000000E+00
   8.1432223E+01   0.0000000E+00
   8.1765961E+01   0.0000000E+00
   8.2099700E+01   0.0000000E+00
   8.2433439E+01   0.0000000E+00
   8.2767177E+01   0.0000000E+00
   8.3100916E+01   0.0000000E+00
   8.3434654E+01   0.0000000E+00
   8.3768393E+01   0.0000000E+00
   8.4102132E+01   0.0000000E+00
   8.4435870E+01   0.0000000E+00
   8.4769609E+01   0.0000000E+00
   8.5103347E+01   0.0000000E+00
   8.5437086E+01   0.0000000E+00
   8.5770825E+01   0.0000000E+00
   8.6104563E+01   0.0000000E+00
   8.6438302E+01   0.0000000E+00
   8.6772040E+01   0.0000000E+00
   8.7105779E+01   0.0000000E+00
   8.7439517E+01   0.0000000E+00
   8.7773256E+01   0.0000000E+00
   8.8106995E+01   0.0000000E+00
   8.8440733E+01   0.0000000E+00
   8.8774472E+01   0.0000000E+00
   8.9108210E+01   0.0000000E+00
   8.9441949E+01   0.0000000E+00
   8.9775688E+01   0.0000000E+00
   9.0109426E+01   0.0000000E+00
   9.0443165E+01   0.0000000E+00
   9.0776903E+01   0.0000000E+00
   9.1110642E+01   0.0000000E+00
   9.1444381E+01   0.0000000E+00
   9.1778119E+01   0.0000000E+00
   9.2111858E+01   0.0000000E+00
   9.2445596E+01   0.0000000E+00
   9.2779335E+01   0.0000000E+00
   9.3113074E+01   0.0000000E+00
   9.3446812E+01   0.0000000E+00
   9.3780551E+01   0.0000000E+00
   9.4114289E+01   0.0000000E+00
   9.4448028E+01   0.0000000E+00
   9.4781767E+01   0.0000000E+00
   9.5115505E+01   0.0000000E+00
   9.5449244E+01   0.0000000E+00
   9.5782982E+01   0.0000000E+00
   9.6116721E+01   0.0000000E+00
   9.6450460E+01   0.0000000E+00
   9.6784198E+01   0.0000000E+00
   9.7117937E+01   0.0000000E+00
   9.7451675E+01   0.0000000E+00
   9.7785414E+01   0.0000000E+00
   9.8119153E+01   0.0000000E+00
   9.8452891E+01   0.0000000E+00
   9.8786630E+01   0.0000000E+00
   9.9120368E+01   0.0000000E+00
   9.9454107E+01   0.0000000E+00
   9.9787846E+01   0.0000000E+00
   1.0012158E+02   0.0000000E+00
   1.0045532E+02   0.0000000E+00
   1.0078906E+02   0.0000000E+00
   1.0112280E+02   0.0000000E+00
   1.0145654E+02   0.0000000E+00
   1.0179028E+02   0.0000000E+00
   1.0212402E+02   0.0000000E+00
   1.0245775E+02   0.0000000E+00
   1.0279149E+02   0.0000000E+00
   1.0312523E+02   0.0000000E+00
   1.0345897E+02   0.0000000E+00
   1.0379271E+02   0.0000000E+00
   1.0412645E+02   0.0000000E+00
   1.0446019E+02   0.0000000E+00
   1.0479392E+02   0.0000000E+00
   1.0512766E+02   0.0000000E+00
   1.0546140E+02   0.0000000E+00
   1.0579514E+02   0.0000000E+00
   1.0612888E+02   0.0000000E+00
   1.0646262E+02   0.0000000E+00
   1.0679636E+02   0.0000000E+00
   1.0713009E+02   0.0000000E+00
   1.0746383E+02   0.0000000E+00
   1.0779757E+02   0.0000000E+00
   1.0813131E+02   0.0000000E+00
   1.0846505E+02   0.0000000E+00
   1.0879879E+02   0.0000000E+00
   1.0913253E+02   0.0000000E+00
   1.0946626E+02   0.0000000E+00
   1.0980000E+02   0.0000000E+00
   1.1013374E+02   0.0000000E+00
   1.1046748E+02   0.0000000E+00
   1.1080122E+02   0.0000000E+00
   1.1113496E+02   0.0000000E+00
   1.1146870E+02   0.0000000E+00
   1.1180243E+02   0.0000000E+00
   1.1213617E+02   0.0000000E+00
   1.1246991E+02   0.0000000E+00
   1.1280365E+02   0.0000000E+00
   1.1313739E+02   0.0000000E+00
   1.1347113E+02   0.0000000E+00
   1.1380487E+02   0.0000000E+00
   1.1413861E+02   0.0000000E+00
   1.1447234E+02   0.0000000E+00
   1.1480608E+02   0.0000000E+00
   1.1513982E+02   0.0000000E+00
   1.1547356E+02   0.0000000E+00
   1.1580730E+02   0.0000000E+00
   1.1614104E+02   0.0000000E+00
   1.1647478E+02   0.0000000E+00
   1.1680851E+02   0.0000000E+00
   1.1714225E+02   0.0000000E+00
   1.1747599E+02   0.0000000E+00
   1.1780973E+02   0.0000000E+00
   1.1814347E+02   0.0000000E+00
   1.1847721E+02   0.0000000E+00
   1.1881095E+02   0.0000000E+00
   1.1914468E+02   0.0000000E+00
   1.1947842E+02   0.0000000E+00
   1.1981216E+02   0.0000000E+00
   1.2014590E+02   0.0000000E+00
   1.2047964E+02   0.0000000E+00
   1.2081338E+02   0.0000000E+00
   1.2114712E+02   0.0000000E+00
   1.2148085E+02   0.0000000E+00
   1.2181459E+02   0.0000000E+00
   1.2214833E+02   0.0000000E+00
   1.2248207E+02   0.0000000E+00
   1.2281581E+02   0.0000000E+00
   1.2314955E+02   0.0000000E+00
   1.2348329E+02   0.0000000E+00
   1.2381702E+02   0.0000000E+00
   1.2415076E+02   0.0000000E+00
   1.2448450E+02   0.0000000E+00
   1.2481824E+02   0.0000000E+00
   1.2515198E+02   0.0000000E+00
   1.2548572E+02   0.0000000E+00
   1.2581946E+02   0.0000000E+00
   1.2615319E+02   0.0000000E+00
   1.2648693E+02   0.0000000E+00
   1.2682067E+02   0.0000000E+00
   1.2715441E+02   0.0000000E+00
   1.2748815E+02   0.0000000E+00
   1.2782189E+02   0.0000000E+00
   1.2815563E+02   0.0000000E+00
   1.2848936E+02   0.0000000E+00
   1.2882310E+02   0.0000000E+00
   1.2915684E+02   0.0000000E+00
   1.2949058E+02   0.0000000E+00
   1.2982432E+02   0.0000000E+00
   1.3015806E+02   0.0000000E+00
   1.3049180E+02   0.0000000E+00
   1.3082553E+02   0.0000000E+00
   1.3115927E+02   0.0000000E+00
   1.3149301E+02   0.0000000E+00
   1.3182675E+02   0.0000000E+00
   1.3216049E+02   0.0000000E+00
   1.3249423E+02   0.0000000E+00
   1.3282797E+02   0.0000000E+00
   1.3316171E+02   0.0000000E+00
   1.3349544E+02   0.0000000E+00
   1.3382918E+02   0.0000000E+00
   1.3416292E+02   0.0000000E+00
   1.3449666E+02   0.0000000E+00
   1.3483040E+02   0.0000000E+00
   1.3516414E+02   0.0000000E+00
   1.3549788E+02   0.0000000E+00
   1.3583161E+02   0.0000000E+00
   1.3616535E+02   0.0000000E+00
   1.3649909E+02   0.0000000E+00
   1.3683283E+02   0.0000000E+00
   1.3716657E+02   0.0000000E+00
   1.3750031E+02   0.0000000E+00
   1.3783405E+02   0.0000000E+00
   1.3816778E+02   0.0000000E+00
   1.3850152E+02   0.0000000E+00
   1.3883526E+02   0.0000000E+00
   1.3916900E+02   0.0000000E+00
   1.3950274E+02   0.0000000E+00
   1.3983648E+02   0.0000000E+00
   1.4017022E+02   0.0000000E+00
   1.4050395E+02   0.0000000E+00
   1.4083769E+02   0.0000000E+00
   1.4117143E+02   0.0000000E+00
   1.4150517E+02   0.0000000E+00
   1.4183891E+02   0.0000000E+00
   1.4217265E+02   0.0000000E+00
   1.4250639E+02   0.0000000E+00
   1.4284012E+02   0.0000000E+00
   1.4317386E+02   0.0000000E+00
   1.4350760E+02   0.0000000E+00
   1.4384134E+02   0.0000000E+00
   1.4417508E+02   0.0000000E+00
   1.4450882E+02   0.0000000E+00
   1.4484256E+02   0.0000000E+00
   1.4517629E+02   0.0000000E+00
   1.4551003E+02   0.0000000E+00
   1.4584377E+02   0.0000000E+00
   1.4617751E+02  -1.4012985E-45
   1.4651125E+02  -4.2038954E-45
   1.4684499E+02  -5.6051939E-45
   1.4717873E+02  -5.6051939E-45
   1.4751246E+02  -7.0064923E-45
   1.4784620E+02  -8.4077908E-45
   1.4817994E+02  -8.4077908E-45
   1.4851368E+02  -7.0064923E-45
   1.4884742E+02  -5.6051939E-45
   1.4918116E+02   0.0000000E+00
   1.4951490E+02   7.0064923E-45
   1.4984863E+02   1.2611686E-44
   1.5018237E+02   1.8216880E-44
   1.5051611E+02   2.2420775E-44
   1.5084985E+02   2.3822074E-44
   1.5118359E+02   2.2420775E-44
   1.5151733E+02   1.4012985E-44
   1.5185107E+02   2.8025969E-45
   1.5218480E+02  -1.1210388E-44
   1.5251854E+02  -2.8025969E-44
   1.5285228E+02  -4.6242849E-44
   1.5318602E+02  -6.5861028E-44
   1.5351976E+02  -7.9874012E-44
   1.5385350E+02  -8.8281803E-44
   1.5418724E+02  -8.4077908E-44
   1.5452098E+02  -7.1466222E-44
   1.5485471E+02  -4.6242849E-44
   1.5518845E+02  -1.5414283E-44
   1.5552219E+02   2.6624671E-44
   1.5585593E+02   7.0064923E-44
   1.5618967E+02   1.0789998E-43
   1.5652341E+02   1.3452465E-43
   1.5685715E+02   1.4433374E-43
   1.5719088E+02   1.3732725E-43
   1.5752462E+02   1.0089349E-43
   1.5785836E+02   4.2038954E-44
   1.5819210E+02  -3.6433760E-44
   1.5852584E+02  -1.2611686E-43
   1.5885958E+02  -2.1439867E-43
   1.5919332E+02  -2.9006878E-43
   1.5952705E+02  -3.3350903E-43
   1.5986079E+02  -3.3491033E-43
   1.6019453E+02  -2.8726619E-43
   1.6052827E+02  -1.8637270E-43
   1.6086201E+02  -3.5032462E-44
   1.6119575E+02   1.5414283E-43
   1.6152949E+02   3.5312721E-43
   1.6186322E+02   5.3389471E-43
   1.6219696E+02   6.6001158E-43
   1.6253070E+02   7.1185962E-43
   1.6286444E+02   6.6141288E-43
   1.6319818E+02   4.9325706E-43
   1.6353192E+02   2.1299737E-43
   1.6386566E+02  -1.6395192E-43
   1.6419939E+02  -5.8574276E-43
   1.6453313E+02  -1.0075336E-42
   1.6486687E+02  -1.3522530E-42
   1.6520061E+02  -1.5554413E-42
   1.6553435E+02  -1.5554413E-42
   1.6586809E+02  -1.3102141E-42
   1.6620183E+02  -8.0714792E-43
   1.6653556E+02  -8.1275311E-44
   1.6686930E+02   8.0014142E-43
   1.6720304E+02   1.7320049E-42
   1.6753678E+02   2.5727840E-42
   1.6787052E+02   3.1739410E-42
   1.6820426E+02   3.3925436E-42
   1.6853800E+02   3.1178891E-42
   1.6887173E+02   2.2939256E-42
   1.6920547E+02   9.4167257E-43
   1.6953921E+02  -8.3237129E-43
   1.6987295E+02  -2.8348268E-42
   1.7020669E+02  -4.7938420E-42
   1.7054043E+02  -6.4067366E-42
   1.7087417E+02  -7.3428040E-42
   1.7120790E+02  -7.3259884E-42
   1.7154164E+02  -6.1797262E-42
   1.7187538E+02  -3.8591760E-42
   1.7220912E+02  -4.9746095E-43
   1.7254286E+02   3.5831202E-42
   1.7287660E+02   7.8921130E-42
   1.7321034E+02   1.1810143E-41
   1.7354408E+02   1.4649174E-41
   1.7387781E+02   1.5774417E-41
   1.7421155E+02   1.4680003E-41
   1.7454529E+02   1.1106692E-41
   1.7487903E+02   5.1441667E-42
   1.7521277E+02  -2.7535515E-42
   1.7554651E+02  -1.1735875E-41
   1.7588025E+02  -2.0638324E-41
   1.7621398E+02  -2.8080620E-41
   1.7654772E+02  -3.2653057E-41
   1.7688146E+02  -3.3128097E-41
   1.7721520E+02  -2.8666363E-41
   1.7754894E+02  -1.9036640E-41
   1.7788268E+02  -4.7475992E-42
   1.7821642E+02   1.2886341E-41
   1.7855015E+02   3.1805271E-41
   1.7888389E+02   4.9377554E-41
   1.7921763E+02   6.2689889E-41
   1.7955137E+02   6.8953694E-41
   1.7988511E+02   6.5947908E-41
   1.8021885E+02   5.2430983E-41
   1.8055259E+02   2.8548654E-41
   1.8088632E+02  -3.9754837E-42
   1.8122006E+02  -4.1802134E-41
   1.8155380E+02  -8.0201916E-41
   1.8188754E+02  -1.1350658E-40
   1.8222128E+02  -1.3579983E-40
   1.8255502E+02  -1.4178758E-40
   1.8288876E+02  -1.2766530E-40
   1.8322249E+02  -9.1972823E-41
   1.8355623E+02  -3.6224967E-41
   1.8388997E+02   3.4809655E-41
   1.8422371E+02   1.1323753E-40
   1.8455745E+02   1.8868063E-40
   1.8489119E+02   2.4938909E-40
   1.8522493E+02   2.8377135E-40
   1.8555866E+02   2.8212762E-40
   1.8589240E+02   2.3841692E-40
   1.8622614E+02   1.5180547E-40
   1.8655988E+02   2.7667237E-41
   1.8689362E+02  -1.2213998E-40
   1.8722736E+02  -2.7992478E-40
   1.8756110E+02  -4.2377788E-40
   1.8789483E+02  -5.3009860E-40
   1.8822857E+02  -5.7677165E-40
   1.8856231E+02  -5.4671379E-40
   1.8889605E+02  -4.3120756E-40
   1.8922979E+02  -2.3262255E-40
   1.8956353E+02   3.4062763E-41
   1.8989727E+02   3.4135771E-40
   1.9023100E+02   6.5114696E-40
   1.9056474E+02   9.1852732E-40
   1.9089848E+02   1.0972125E-39
   1.9123222E+02   1.1460996E-39
   1.9156596E+02   1.0361229E-39
   1.9189970E+02   7.5650919E-40
   1.9223344E+02   3.1940637E-40
   1.9256718E+02  -2.3805959E-40
   1.9290091E+02  -8.5504850E-40
   1.9323465E+02  -1.4518825E-39
   1.9356839E+02  -1.9385129E-39
   1.9390213E+02  -2.2258687E-39
   1.9423587E+02  -2.2389162E-39
   1.9456961E+02  -1.9298710E-39
   1.9490335E+02  -1.2896318E-39
   1.9523708E+02  -3.5548420E-40
   1.9557082E+02   7.8660628E-40
   1.9590456E+02   2.0063651E-39
   1.9623830E+02   3.1406686E-39
   1.9657204E+02   4.0116653E-39
   1.9690578E+02   4.4499242E-39
   1.9723952E+02   4.3202284E-39
   1.9757325E+02   3.5466836E-39
   1.9790699E+02   2.1333774E-39
   1.9824073E+02   1.7704145E-40
   1.9857447E+02  -2.1315725E-39
   1.9890821E+02  -4.5195211E-39
   1.9924195E+02  -6.6572089E-39
   1.9957569E+02  -8.1962578E-39
   1.9990942E+02  -8.8162679E-39
   2.0024316E+02  -8.2752910E-39
   2.0057690E+02  -6.4573963E-39
   2.0091064E+02  -3.4101131E-39
   2.0124438E+02   6.3531229E-40
   2.0157812E+02   5.2664874E-39
   2.0191186E+02   9.9186904E-39
   2.0224559E+02   1.3930171E-38
   2.0257933E+02   1.6620416E-38
   2.0291307E+02   1.7384045E-38
   2.0324681E+02   1.5789617E-38
   2.0358055E+02   1.1670037E-38
   2.0391429E+02   5.1904922E-39
   2.0424803E+02  -3.1196477E-39
   2.0458176E+02  -1.2381341E-38
   2.0491550E+02  -2.1432517E-38
   2.0524924E+02  -2.8946124E-38
   2.0558298E+02  -3.3591282E-38
   2.0591672E+02  -3.4222127E-38
   2.0625046E+02  -3.0071921E-38
   2.0658420E+02  -2.0926010E-38
   2.0691793E+02  -7.2453759E-39
   2.0725167E+02   9.7849645E-39
   2.0758541E+02   2.8302317E-38
   2.0791915E+02   4.5916829E-38
   2.0825289E+02   5.9962329E-38
   2.0858663E+02   6.7829196E-38
   2.0892037E+02   6.7345339E-38
   2.0925410E+02   5.7160052E-38
   2.0958784E+02   3.7076059E-38
   2.0992158E+02   8.2741223E-39
   2.1025532E+02  -2.6620187E-38
   2.1058906E+02  -6.3664095E-38
   2.1092280E+02  -9.7934552E-38
   2.1125654E+02  -1.2406270E-37
   2.1159027E+02  -1.3692334E-37
   2.1192401E+02  -1.3240797E-37
   2.1225775E+02  -1.0818577E-37
   2.1259149E+02  -6.4341477E-38
   2.1292523E+02  -3.7785677E-39
   2.1325897E+02   6.7710944E-38
   2.1359271E+02   1.4177719E-37
   2.1392645E+02   2.0826571E-37
   2.1426018E+02   2.5635890E-37
   2.1459392E+02   2.7600934E-37
   2.1492766E+02   2.5951097E-37
   2.1526140E+02   2.0300622E-37
   2.1559514E+02   1.0770302E-37
   2.1592888E+02  -1.9423224E-38
   2.1626262E+02  -1.6563323E-37
   2.1659635E+02  -3.1325455E-37
   2.1693009E+02  -4.4136359E-37
   2.1726383E+02  -5.2822589E-37
   2.1759757E+02  -5.5427592E-37
   2.1793131E+02  -5.0530065E-37
   2.1826505E+02  -3.7540618E-37
   2.1859879E+02  -1.6930246E-37
   2.1893252E+02   9.6541628E-38
   2.1926626E+02   3.9423436E-37
   2.1960000E+02   6.8649921E-37
   2.1993374E+02   9.3041653E-37
   2.2026748E+02   1.0826255E-36
   2.2060122E+02   1.1054868E-36
   2.2093496E+02   9.7348971E-37
   2.2126869E+02   6.7901323E-37
   2.2160243E+02   2.3650611E-37
   2.2193617E+02  -3.1579662E-37
   2.2226991E+02  -9.1729195E-37
   2.2260365E+02  -1.4898971E-36
   2.2293739E+02  -1.9463023E-36
   2.2327113E+02  -2.2009745E-36
   2.2360486E+02  -2.1827936E-36
   2.2393860E+02  -1.8477761E-36
   2.2427234E+02  -1.1900636E-36
   2.2460608E+02  -2.4928476E-37
   2.2493982E+02   8.8739277E-37
   2.2527356E+02   2.0897271E-36
   2.2560730E+02   3.1958516E-36
   2.2594103E+02   4.0302485E-36
   2.2627477E+02   4.4267479E-36
   2.2660851E+02   4.2541011E-36
   2.2694225E+02   3.4408353E-36
   2.2727599E+02   1.9956958E-36
   2.2760973E+02   1.9955656E-38
   2.2794347E+02  -2.2915661E-36
   2.2827720E+02  -4.6628332E-36
   2.2861094E+02  -6.7627372E-36
   2.2894468E+02  -8.2436033E-36
   2.2927842E+02  -8.7885702E-36
   2.2961216E+02  -8.1624709E-36
   2.2994590E+02  -6.2594400E-36
   2.3027964E+02  -3.1398158E-36
   2.3061337E+02   9.5080733E-37
   2.3094711E+02   5.5860992E-36
   2.3128085E+02   1.0190377E-35
   2.3161459E+02   1.4096769E-35
   2.3194833E+02   1.6628207E-35
   2.3228207E+02   1.7193337E-35
   2.3261581E+02   1.5385885E-35
   2.3294955E+02   1.1073785E-35
   2.3328328E+02   4.4634021E-36
   2.3361702E+02  -3.8744739E-36
   2.3395076E+02  -1.3026933E-35
   2.3428450E+02  -2.1814239E-35
   2.3461824E+02  -2.8915938E-35
   2.3495198E+02  -3.3037857E-35
   2.3528572E+02  -3.3102575E-35
   2.3561945E+02  -2.8439697E-35
   2.3595319E+02  -1.8948438E-35
   2.3628693E+02  -5.2046239E-36
   2.3662067E+02   1.1512461E-35
   2.3695441E+02   2.9290045E-35
   2.3728815E+02   4.5754301E-35
   2.3762189E+02   5.8336938E-35
   2.3795562E+02   6.4612539E-35
   2.3828936E+02   6.2669564E-35
   2.3862310E+02   5.1467069E-35
   2.3895684E+02   3.1123199E-35
   2.3929058E+02   3.0834887E-36
   2.3962432E+02  -2.9874649E-35
   2.3995806E+02  -6.3827903E-35
   2.4029179E+02  -9.4086924E-35
   2.4062553E+02  -1.1574625E-34
   2.4095927E+02  -1.2435216E-34
   2.4129301E+02  -1.1661146E-34
   2.4162675E+02  -9.1045401E-35
   2.4196049E+02  -4.8486938E-35
   2.4229423E+02   7.6750913E-36
   2.4262796E+02   7.1579065E-35
   2.4296170E+02   1.3534052E-34
   2.4329544E+02   1.8986149E-34
   2.4362918E+02   2.2593954E-34
   2.4396292E+02   2.3556420E-34
   2.4429666E+02   2.1324480E-34
   2.4463040E+02   1.5718398E-34
   2.4496413E+02   7.0106345E-35
   2.4529787E+02  -4.0430178E-35
   2.4563161E+02  -1.6236392E-34
   2.4596535E+02  -2.8015169E-34
   2.4629909E+02  -3.7644378E-34
   2.4663283E+02  -4.3427367E-34
   2.4696657E+02  -4.3952799E-34
   2.4730030E+02  -3.8338808E-34
   2.4763404E+02  -2.6439233E-34
   2.4796778E+02  -8.9765656E-35
   2.4830152E+02   1.2428144E-34
   2.4863526E+02   3.5348511E-34
   2.4896900E+02   5.6774403E-34
   2.4930274E+02   7.3449924E-34
   2.4963647E+02   8.2297177E-34
   2.4997021E+02   8.0878934E-34
   2.5030395E+02   6.7839900E-34
   2.5063769E+02   4.3261562E-34
   2.5097143E+02   8.8666873E-35
   2.5130517E+02  -3.1977487E-34
   2.5163891E+02  -7.4487913E-34
   2.5197264E+02  -1.1292869E-33
   2.5230638E+02  -1.4127735E-33
   2.5264012E+02  -1.5403098E-33
   2.5297386E+02  -1.4705877E-33
   2.5330760E+02  -1.1838778E-33
   2.5364134E+02  -6.8801198E-34
   2.5397508E+02  -2.1372209E-35
   2.5430882E+02   7.4797578E-34
   2.5464255E+02   1.5274501E-33
   2.5497629E+02   2.2093238E-33
   2.5531003E+02   2.6836002E-33
   2.5564377E+02   2.8530965E-33
   2.5597751E+02   2.6489405E-33
   2.5631125E+02   2.0443687E-33
   2.5664499E+02   1.0646446E-33
   2.5697872E+02  -2.0885504E-34
   2.5731246E+02  -1.6418030E-33
   2.5764620E+02  -3.0579415E-33
   2.5797994E+02  -4.2575505E-33
   2.5831368E+02  -5.0418709E-33
   2.5864742E+02  -5.2409151E-33
   2.5898116E+02  -4.7413006E-33
   2.5931489E+02  -3.5102036E-33
   2.5964863E+02  -1.6115701E-33
   2.5998237E+02   7.8879326E-34
   2.6031611E+02   3.4315329E-33
   2.6064985E+02   5.9862296E-33
   2.6098359E+02   8.0869331E-33
   2.6131733E+02   9.3776891E-33
   2.6165106E+02   9.5631513E-33
   2.6198480E+02   8.4580250E-33
   2.6231854E+02   6.0283101E-33
   2.6265228E+02   2.4175118E-33
   2.6298602E+02  -2.0479033E-33
   2.6331976E+02  -6.8774788E-33
   2.6365350E+02  -1.1460970E-32
   2.6398723E+02  -1.5135204E-32
   2.6432097E+02  -1.7267559E-32
   2.6465471E+02  -1.7346960E-32
   2.6498845E+02  -1.5070838E-32
   2.6532219E+02  -1.0415695E-32
   2.6565593E+02  -3.6792900E-33
   2.6598967E+02   4.5152674E-33
   2.6632340E+02   1.3259215E-32
   2.6665714E+02   2.1442289E-32
   2.6699088E+02   2.7875870E-32
   2.6732462E+02   3.1443680E-32
   2.6765836E+02   3.1263277E-32
   2.6799210E+02   2.6837753E-32
   2.6832584E+02   1.8175837E-32
   2.6865957E+02   5.8597159E-33
   2.6899331E+02  -8.9556088E-33
   2.6932705E+02  -2.4620538E-32
   2.6966079E+02  -3.9146410E-32
   2.6999453E+02  -5.0427720E-32
   2.7032827E+02  -5.6509822E-32
   2.7066201E+02  -5.5871893E-32
   2.7099574E+02  -4.7689324E-32
   2.7132948E+02  -3.2037088E-32
   2.7166322E+02  -9.9992700E-33
   2.7199696E+02   1.6342472E-32
   2.7233070E+02   4.4055662E-32
   2.7266444E+02   6.9636979E-32
   2.7299818E+02   8.9405056E-32
   2.7333192E+02   9.9968307E-32
   2.7366565E+02   9.8714466E-32
   2.7399939E+02   8.4259653E-32
   2.7433313E+02   5.6791071E-32
   2.7466687E+02   1.8244720E-32
   2.7500061E+02  -2.7727099E-32
   2.7533435E+02  -7.6020654E-32
   2.7566809E+02  -1.2057216E-31
   2.7600182E+02  -1.5503864E-31
   2.7633556E+02  -1.7360186E-31
   2.7666930E+02  -1.7180333E-31
   2.7700304E+02  -1.4730404E-31
   2.7733678E+02  -1.0045802E-31
   2.7767052E+02  -3.4601099E-32
   2.7800426E+02   4.4018555E-32
   2.7833799E+02   1.2670347E-31
   2.7867173E+02   2.0314980E-31
   2.7900547E+02   2.6260532E-31
   2.7933921E+02   2.9522748E-31
   2.7967295E+02   2.9348685E-31
   2.8000669E+02   2.5343555E-31
   2.8034043E+02   1.7565690E-31
   2.8067416E+02   6.5733397E-32
   2.8100790E+02  -6.5886646E-32
   2.8134164E+02  -2.0467792E-31
   2.8167538E+02  -3.3345584E-31
   2.8200912E+02  -4.3431107E-31
   2.8234286E+02  -4.9086688E-31
   2.8267660E+02  -4.9060028E-31
   2.8301033E+02  -4.2692864E-31
   2.8334407E+02  -3.0076072E-31
   2.8367781E+02  -1.2124561E-31
   2.8401155E+02   9.4472394E-32
   2.8434529E+02   3.2257403E-31
   2.8467903E+02   5.3491110E-31
   2.8501277E+02   7.0218842E-31
   2.8534650E+02   7.9765727E-31
   2.8568024E+02   8.0089515E-31
   2.8601398E+02   7.0118483E-31
   2.8634772E+02   5.0000207E-31
   2.8668146E+02   2.1218696E-31
   2.8701520E+02  -1.3450437E-31
   2.8734894E+02  -5.0158885E-31
   2.8768267E+02  -8.4369565E-31
   2.8801641E+02  -1.1137320E-30
   2.8835015E+02  -1.2688474E-30
   2.8868389E+02  -1.2764983E-30
   2.8901763E+02  -1.1198286E-30
   2.8935137E+02  -8.0158352E-31
   2.8968511E+02  -3.4588110E-31
   2.9001884E+02   2.0262859E-31
   2.9035258E+02   7.8238892E-31
   2.9068632E+02   1.3211781E-30
   2.9102006E+02   1.7444257E-30
   2.9135380E+02   1.9847393E-30
   2.9168754E+02   1.9915154E-30
   2.9202128E+02   1.7393796E-30
   2.9235501E+02   1.2342149E-30
   2.9268875E+02   5.1572323E-31
   2.9302249E+02  -3.4419072E-31
   2.9335623E+02  -1.2474536E-30
   2.9368997E+02  -2.0799553E-30
   2.9402371E+02  -2.7248770E-30
   2.9435745E+02  -3.0778070E-30
   2.9469119E+02  -3.0618318E-30
   2.9502492E+02  -2.6406117E-30
   2.9535866E+02  -1.8274841E-30
   2.9569240E+02  -6.8898009E-31
   2.9602614E+02   6.5832470E-31
   2.9635988E+02   2.0579175E-30
   2.9669362E+02   3.3298230E-30
   2.9702736E+02   4.2919443E-30
   2.9736109E+02   4.7839671E-30
   2.9769483E+02   4.6909368E-30
   2.9802857E+02   3.9633396E-30
   2.9836231E+02   2.6306552E-30
   2.9869605E+02   8.0589288E-31
   2.9902979E+02  -1.3204760E-30
   2.9936353E+02  -3.4975080E-30
   2.9969726E+02  -5.4406250E-30
   3.0003100E+02  -6.8657883E-30
   3.0036474E+02  -7.5272760E-30
   3.0069848E+02  -7.2544282E-30
   3.0103222E+02  -5.9823838E-30
   3.0136596E+02  -3.7720831E-30
   3.0169970E+02  -8.1572810E-31
   3.0203343E+02   2.5745574E-30
   3.0236717E+02   5.9952010E-30
   3.0270091E+02   8.9948196E-30
   3.0303465E+02   1.1128882E-29
   3.0336839E+02   1.2019320E-29
   3.0370213E+02   1.1411735E-29
   3.0403587E+02   9.2223802E-30
   3.0436960E+02   5.5675855E-30
   3.0470334E+02   7.6990159E-31
   3.0503708E+02  -4.6623687E-30
   3.0537082E+02  -1.0082315E-29
   3.0570456E+02  -1.4774883E-29
   3.0603830E+02  -1.8043783E-29
   3.0637204E+02  -1.9305173E-29
   3.0670577E+02  -1.8176326E-29
   3.0703951E+02  -1.4547280E-29
   3.0737325E+02  -8.6240194E-30
   3.0770699E+02  -9.3470308E-31
   3.0804073E+02   7.7058263E-30
   3.0837447E+02   1.6272865E-29
   3.0870821E+02   2.3644175E-29
   3.0904194E+02   2.8736716E-29
   3.0937568E+02   3.0652255E-29
   3.0970942E+02   2.8813699E-29
   3.1004316E+02   2.3073205E-29
   3.1037690E+02   1.3775039E-29
   3.1071064E+02   1.7603835E-30
   3.1104438E+02  -1.1692497E-29
   3.1137811E+02  -2.4991209E-29
   3.1171185E+02  -3.6405553E-29
   3.1204559E+02  -4.4279395E-29
   3.1237933E+02  -4.7253630E-29
   3.1271307E+02  -4.4472235E-29
   3.1304681E+02  -3.5742588E-29
   3.1338055E+02  -2.1624475E-29
   3.1371429E+02  -3.4292533E-30
   3.1404802E+02   1.6879471E-29
   3.1438176E+02   3.6880168E-29
   3.1471550E+02   5.3966080E-29
   3.1504924E+02   6.5668168E-29
   3.1538298E+02   6.9990353E-29
   3.1571672E+02   6.5714180E-29
   3.1605046E+02   5.2629821E-29
   3.1638419E+02   3.1655987E-29
   3.1671793E+02   4.8225188E-30
   3.1705167E+02  -2.4894864E-29
   3.1738541E+02  -5.3879756E-29
   3.1771915E+02  -7.8292639E-29
   3.1805289E+02  -9.4556095E-29
   3.1838663E+02  -9.9849657E-29
   3.1872036E+02  -9.2549510E-29
   3.1905410E+02  -7.2549528E-29
   3.1938784E+02  -4.1410190E-29
   3.1972158E+02  -2.2997029E-30
   3.2005532E+02   4.0283786E-29
   3.2038906E+02   8.0992029E-29
   3.2072280E+02   1.1426290E-28
   3.2105653E+02   1.3504254E-28
   3.2139027E+02   1.3950443E-28
   3.2172401E+02   1.2566941E-28
   3.2205775E+02   9.3833979E-29
   3.2239149E+02   4.6732705E-29
   3.2272523E+02  -1.0611872E-29
   3.2305897E+02  -7.1359948E-29
   3.2339270E+02  -1.2761176E-28
   3.2372644E+02  -1.7137583E-28
   3.2406018E+02  -1.9563734E-28
   3.2439392E+02  -1.9539167E-28
   3.2472766E+02  -1.6850059E-28
   3.2506140E+02  -1.1624001E-28
   3.2539514E+02  -4.3436196E-29
   3.2572887E+02   4.1864734E-29
   3.2606261E+02   1.2919278E-28
   3.2639635E+02   2.0685075E-28
   3.2673009E+02   2.6338628E-28
   3.2706383E+02   2.8916613E-28
   3.2739757E+02   2.7784866E-28
   3.2773131E+02   2.2754612E-28
   3.2806504E+02   1.4149116E-28
   3.2839878E+02   2.8070793E-29
   3.2873252E+02  -9.9834563E-29
   3.2906626E+02  -2.2618184E-28
   3.2940000E+02  -3.3364825E-28
   3.2973374E+02  -4.0586181E-28
   3.3006748E+02  -4.2970997E-28
   3.3040121E+02  -3.9742164E-28
   3.3073495E+02  -3.0811814E-28
   3.3106869E+02  -1.6857593E-28
   3.3140243E+02   6.9774531E-30
   3.3173617E+02   1.9809470E-28
   3.3206991E+02   3.8029702E-28
   3.3240365E+02   5.2801257E-28
   3.3273739E+02   6.1793732E-28
   3.3307112E+02   6.3240240E-28
   3.3340486E+02   5.6229677E-28
   3.3373860E+02   4.0910474E-28
   3.3407234E+02   1.8570568E-28
   3.3440608E+02  -8.4289961E-29
   3.3473982E+02  -3.6871471E-28
   3.3507356E+02  -6.3037420E-28
   3.3540729E+02  -8.3158496E-28
   3.3574103E+02  -9.3920622E-28
   3.3607477E+02  -9.2953015E-28
   3.3640851E+02  -7.9236773E-28
   3.3674225E+02  -5.3370278E-28
   3.3707599E+02  -1.7643178E-28
   3.3740973E+02   2.4109022E-28
   3.3774346E+02   6.6870262E-28
   3.3807720E+02   1.0500062E-27
   3.3841094E+02   1.3292790E-27
   3.3874468E+02   1.4589443E-27
   3.3907842E+02   1.4066500E-27
   3.3941216E+02   1.1609841E-27
   3.3974590E+02   7.3495389E-28
   3.4007963E+02   1.6656232E-28
   3.4041337E+02  -4.8384907E-28
   3.4074711E+02  -1.1394270E-27
   3.4108085E+02  -1.7153185E-27
   3.4141459E+02  -2.1289834E-27
   3.4174833E+02  -2.3111190E-27
   3.4208207E+02  -2.2158167E-27
   3.4241580E+02  -1.8285647E-27
   3.4274954E+02  -1.1708749E-27
   3.4308328E+02  -3.0064869E-28
   3.4341702E+02   6.9211364E-28
   3.4375076E+02   1.6940880E-27
   3.4408450E+02   2.5811109E-27
   3.4441824E+02   3.2330497E-27
   3.4475197E+02   3.5493441E-27
   3.4508571E+02   3.4632450E-27
   3.4541945E+02   2.9528470E-27
   3.4575319E+02   2.0472269E-27
   3.4608693E+02   8.2655858E-28
   3.4642067E+02  -5.8427365E-28
   3.4675441E+02  -2.0281814E-27
   3.4708814E+02  -3.3333603E-27
   3.4742188E+02  -4.3338358E-27
   3.4775562E+02  -4.8906449E-27
   3.4808936E+02  -4.9109788E-27
   3.4842310E+02  -4.3626724E-27
   3.4875684E+02  -3.2818790E-27
   3.4909058E+02  -1.7724759E-27
   3.4942431E+02   3.2318188E-30
   3.4975805E+02   1.8418908E-27
   3.5009179E+02   3.5227893E-27
   3.5042553E+02   4.8351939E-27
   3.5075927E+02   5.6059715E-27
   3.5109301E+02   5.7239096E-27
   3.5142675E+02   5.1573230E-27
   3.5176048E+02   3.9621941E-27
   3.5209422E+02   2.2791850E-27
   3.5242796E+02   3.1917185E-28
   3.5276170E+02  -1.6614780E-27
   3.5309544E+02  -3.3933125E-27
   3.5342918E+02  -4.6299995E-27
   3.5376292E+02  -5.1837587E-27
   3.5409666E+02  -4.9551670E-27
   3.5443039E+02  -3.9528946E-27
   3.5476413E+02  -2.2999515E-27
   3.5509787E+02  -2.2455623E-28
   3.5543161E+02   1.9643407E-27
   3.5576535E+02   3.9148112E-27
   3.5609909E+02   5.2789513E-27
   3.5643283E+02   5.7635418E-27
   3.5676656E+02   5.1778835E-27
   3.5710030E+02   3.4719848E-27
   3.5743404E+02   7.5922662E-28
   3.5776778E+02  -2.6811433E-27
   3.5810152E+02  -6.4238419E-27
   3.5843526E+02  -9.9393470E-27
   3.5876900E+02  -1.2654270E-26
   3.5910273E+02  -1.4024264E-26
   3.5943647E+02  -1.3611357E-26
   3.5977021E+02  -1.1156022E-26
   3.6010395E+02  -6.6344080E-27
   3.6043769E+02  -2.9183231E-28
   3.6077143E+02   7.3540811E-27
   3.6110517E+02   1.5544124E-26
   3.6143890E+02   2.3341726E-26
   3.6177264E+02   2.9726279E-26
   3.6210638E+02   3.3707059E-26
   3.6244012E+02   3.4446240E-26
   3.6277386E+02   3.1376955E-26
   3.6310760E+02   2.4302305E-26
   3.6344134E+02   1.3461351E-26
   3.6377507E+02  -4.4841196E-28
   3.6410881E+02  -1.6299030E-26
   3.6444255E+02  -3.2612040E-26
   3.6477629E+02  -4.7686004E-26
   3.6511003E+02  -5.9761649E-26
   3.6544377E+02  -6.7209365E-26
   3.6577751E+02  -6.8719954E-26
   3.6611124E+02  -6.3478047E-26
   3.6644498E+02  -5.1297067E-26
   3.6677872E+02  -3.2698149E-26
   3.6711246E+02  -8.9193722E-27
   3.6744620E+02   1.8151216E-26
   3.6777994E+02   4.6117591E-26
   3.6811368E+02   7.2283337E-26
   3.6844741E+02   9.3907494E-26
   3.6878115E+02   1.0848514E-25
   3.6911489E+02   1.1402380E-25
   3.6944863E+02   1.0928679E-25
   3.6978237E+02   9.3974115E-26
   3.7011611E+02   6.8818413E-26
   3.7044985E+02   3.5578992E-26
   3.7078358E+02  -3.0719415E-27
   3.7111732E+02  -4.3765510E-26
   3.7145106E+02  -8.2738936E-26
   3.7178480E+02  -1.1619763E-25
   3.7211854E+02  -1.4070150E-25
   3.7245228E+02  -1.5353595E-25
   3.7278602E+02  -1.5302581E-25
   3.7311976E+02  -1.3875618E-25
   3.7345349E+02  -1.1166984E-25
   3.7378723E+02  -7.4024076E-26
   3.7412097E+02  -2.9203902E-26
   3.7445471E+02   1.8595578E-26
   3.7478845E+02   6.4790194E-26
   3.7512219E+02   1.0488812E-25
   3.7545593E+02   1.3498241E-25
   3.7578966E+02   1.5219761E-25
   3.7612340E+02   1.5503780E-25
   3.7645714E+02   1.4359003E-25
   3.7679088E+02   1.1955066E-25
   3.7712462E+02   8.6062814E-26
   3.7745836E+02   4.7371218E-26
   3.7779210E+02   8.3263960E-27
   3.7812583E+02  -2.6211130E-26
   3.7845957E+02  -5.2002155E-26
   3.7879331E+02  -6.6016423E-26
   3.7912705E+02  -6.6904014E-26
   3.7946079E+02  -5.5279157E-26
   3.7979453E+02  -3.3767145E-26
   3.8012827E+02  -6.7871435E-27
   3.8046200E+02   1.9925986E-26
   3.8079574E+02   4.0023567E-26
   3.8112948E+02   4.7404168E-26
   3.8146322E+02   3.7138659E-26
   3.8179696E+02   6.3518094E-27
   3.8213070E+02  -4.5056647E-26
   3.8246444E+02  -1.1395950E-25
   3.8279817E+02  -1.9390588E-25
   3.8313191E+02  -2.7543813E-25
   3.8346565E+02  -3.4683152E-25
   3.8379939E+02  -3.9522395E-25
   3.8413313E+02  -4.0804967E-25
   3.8446687E+02  -3.7465090E-25
   3.8480061E+02  -2.8789698E-25
   3.8513434E+02  -1.4563694E-25
   3.8546808E+02   4.8207419E-26
   3.8580182E+02   2.8307083E-25
   3.8613556E+02   5.4182675E-25
   3.8646930E+02   8.0159578E-25
   3.8680304E+02   1.0352855E-24
   3.8713678E+02   1.2137891E-24
   3.8747051E+02   1.3086948E-24
   3.8780425E+02   1.2952944E-24
   3.8813799E+02   1.1556141E-24
   3.8847173E+02   8.8117834E-25
   3.8880547E+02   4.7520182E-25
   3.8913921E+02  -4.6073242E-26
   3.8947295E+02  -6.5310061E-25
   3.8980668E+02  -1.3039632E-24
   3.9014042E+02  -1.9465470E-24
   3.9047416E+02  -2.5218938E-24
   3.9080790E+02  -2.9685321E-24
   3.9114164E+02  -3.2275218E-24
   3.9147538E+02  -3.2478431E-24
   3.9180912E+02  -2.9917069E-24
   3.9214285E+02  -2.4393816E-24
   3.9247659E+02  -1.5930910E-24
   3.9281033E+02  -4.7963483E-25
   3.9314407E+02   8.4855904E-25
   3.9347781E+02   2.3141838E-24
   3.9381155E+02   3.8176726E-24
   3.9414529E+02   5.2417417E-24
   3.9447903E+02   6.4577369E-24
   3.9481276E+02   7.3336509E-24
   3.9514650E+02   7.7435241E-24
   3.9548024E+02   7.5779012E-24
   3.9581398E+02   6.7549047E-24
   3.9614772E+02   5.2313208E-24
   3.9648146E+02   3.0129838E-24
   3.9681520E+02   1.6360522E-25
   3.9714893E+02  -3.1890680E-24
   3.9748267E+02  -6.8508917E-24
   3.9781641E+02  -1.0564010E-23
   3.9815015E+02  -1.4015734E-23
   3.9848389E+02  -1.6854520E-23
   3.9881763E+02  -1.8713451E-23
   3.9915137E+02  -1.9240952E-23
   3.9948510E+02  -1.8137529E-23
   3.9981884E+02  -1.5196269E-23
   4.0015258E+02  -1.0343620E-23
   4.0048632E+02  -3.6760697E-24
   4.0082006E+02   4.5125565E-24
   4.0115380E+02   1.3718621E-23
   4.0148754E+02   2.3236253E-23
   4.0182127E+02   3.2188958E-23
   4.0215501E+02   3.9587240E-23
   4.0248875E+02   4.4411705E-23
   4.0282249E+02   4.5717538E-23
   4.0315623E+02   4.2752664E-23
   4.0348997E+02   3.5078631E-23
   4.0382371E+02   2.2680177E-23
   4.0415744E+02   6.0479560E-24
   4.0449118E+02  -1.3781217E-23
   4.0482492E+02  -3.5240020E-23
   4.0515866E+02  -5.6311712E-23
   4.0549240E+02  -7.4679600E-23
   4.0582614E+02  -8.7939992E-23
   4.0615988E+02  -9.3865032E-23
   4.0649361E+02  -9.0692284E-23
   4.0682735E+02  -7.7411003E-23
   4.0716109E+02  -5.4008990E-23
   4.0749483E+02  -2.1642282E-23
   4.0782857E+02   1.7307184E-23
   4.0816231E+02   5.9313366E-23
   4.0849605E+02   9.9942404E-23
   4.0882978E+02   1.3424141E-22
   4.0916352E+02   1.5725831E-22
   4.0949726E+02   1.6465090E-22
   4.0983100E+02   1.5332417E-22
   4.1016474E+02   1.2202068E-22
   4.1049848E+02   7.1780833E-23
   4.1083222E+02   6.1919759E-24
   4.1116595E+02  -6.8643300E-23
   4.1149969E+02  -1.4446479E-22
   4.1183343E+02  -2.1155052E-22
   4.1216717E+02  -2.5972189E-22
   4.1250091E+02  -2.7958392E-22
   4.1283465E+02  -2.6388233E-22
   4.1316839E+02  -2.0882396E-22
   4.1350213E+02  -1.1518231E-22
   4.1383586E+02   1.0993458E-23
   4.1416960E+02   1.5822956E-22
   4.1450334E+02   3.1016029E-22
   4.1483708E+02   4.4679517E-22
   4.1517082E+02   5.4649098E-22
   4.1550456E+02   5.8849852E-22
   4.1583830E+02   5.5585891E-22
   4.1617203E+02   4.3833469E-22
   4.1650577E+02   2.3500313E-22
   4.1683951E+02  -4.3888333E-23
   4.1717325E+02  -3.7617682E-22
   4.1750699E+02  -7.2844845E-22
   4.1784073E+02  -1.0582800E-21
   4.1817447E+02  -1.3180529E-21
   4.1850820E+02  -1.4601325E-21
   4.1884194E+02  -1.4429873E-21
   4.1917568E+02  -1.2376355E-21
   4.1950942E+02  -8.3364756E-22
   4.1984316E+02  -2.4385864E-22
   4.2017690E+02   4.9303524E-22
   4.2051064E+02   1.3127077E-21
   4.2084437E+02   2.1287202E-21
   4.2117811E+02   2.8394639E-21
   4.2151185E+02   3.3382376E-21
   4.2184559E+02   3.5257342E-21
   4.2217933E+02   3.3237781E-21
   4.2251307E+02   2.6887835E-21
   4.2284681E+02   1.6231961E-21
   4.2318054E+02   1.8311138E-22
   4.2351428E+02  -1.5195467E-21
   4.2384802E+02  -3.3215050E-21
   4.2418176E+02  -5.0198611E-21
   4.2451550E+02  -6.3908063E-21
   4.2484924E+02  -7.2141879E-21
   4.2518298E+02  -7.3017955E-21
   4.2551671E+02  -6.5264130E-21
   4.2585045E+02  -4.8480660E-21
   4.2618419E+02  -2.3336163E-21
   4.2651793E+02   8.3395386E-22
   4.2685167E+02   4.3595524E-21
   4.2718541E+02   7.8550735E-21
   4.2751915E+02   1.0873741E-20
   4.2785288E+02   1.2957870E-20
   4.2818662E+02   1.3696237E-20
   4.2852036E+02   1.2785188E-20
   4.2885410E+02   1.0086181E-20
   4.2918784E+02   5.6716018E-21
   4.2952158E+02  -1.4923239E-22
   4.2985532E+02  -6.8307816E-21
   4.3018905E+02  -1.3623280E-20
   4.3052279E+02  -1.9637250E-20
   4.3085653E+02  -2.3937701E-20
   4.3119027E+02  -2.5660661E-20
   4.3152401E+02  -2.4140400E-20
   4.3185775E+02  -1.9032339E-20
   4.3219149E+02  -1.0414325E-20
   4.3252522E+02   1.1508893E-21
   4.3285896E+02   1.4607226E-20
   4.3319270E+02   2.8461359E-20
   4.3352644E+02   4.0907028E-20
   4.3386018E+02   5.0012594E-20
   4.3419392E+02   5.3957799E-20
   4.3452766E+02   5.1296216E-20
   4.3486140E+02   4.1212633E-20
   4.3519513E+02   2.3740038E-20
   4.3552887E+02  -9.9829148E-23
   4.3586261E+02  -2.8264128E-20
   4.3619635E+02  -5.7787283E-20
   4.3653009E+02  -8.5018800E-20
   4.3686383E+02  -1.0599198E-19
   4.3719757E+02  -1.1689572E-19
   4.3753130E+02  -1.1460362E-19
   4.3786504E+02  -9.7198931E-20
   4.3819878E+02  -6.4424600E-20
   4.3853252E+02  -1.7986532E-20
   4.3886626E+02   3.8354077E-20
   4.3920000E+02   9.8945393E-20
   4.3953374E+02   1.5668533E-19
   4.3986747E+02   2.0372325E-19
   4.4020121E+02   2.3237085E-19
   4.4053495E+02   2.3613465E-19
   4.4086869E+02   2.1075290E-19
   4.4120243E+02   1.5510119E-19
   4.4153617E+02   7.1828241E-20
   4.4186991E+02  -3.2402409E-20
   4.4220364E+02  -1.4715497E-19
   4.4253738E+02  -2.5898888E-19
   4.4287112E+02  -3.5272809E-19
   4.4320486E+02  -4.1314182E-19
   4.4353860E+02  -4.2687811E-19
   4.4387234E+02  -3.8443855E-19
   4.4420608E+02  -2.8194485E-19
   4.4453981E+02  -1.2244389E-19
   4.4487355E+02   8.3480728E-20
   4.4520729E+02   3.1796357E-19
   4.4554103E+02   5.5706370E-19
   4.4587477E+02   7.7290050E-19
   4.4620851E+02   9.3657297E-19
   4.4654225E+02   1.0216045E-18
   4.4687598E+02   1.0075496E-18
   4.4720972E+02   8.8334390E-19
   4.4754346E+02   6.4994279E-19
   4.4787720E+02   3.2184579E-19
   4.4821094E+02  -7.2828936E-20
   4.4854468E+02  -4.9390355E-19
   4.4887842E+02  -8.9234890E-19
   4.4921215E+02  -1.2149567E-18
   4.4954589E+02  -1.4100956E-18
   4.4987963E+02  -1.4339948E-18
   4.5021337E+02  -1.2568772E-18
   4.5054711E+02  -8.6820753E-19
   4.5088085E+02  -2.8035196E-19
   4.5121459E+02   4.6994571E-19
   4.5154832E+02   1.3226560E-18
   4.5188206E+02   2.1982455E-18
   4.5221580E+02   3.0039525E-18
   4.5254954E+02   3.6420440E-18
   4.5288328E+02   4.0192172E-18
   4.5321702E+02   4.0561066E-18
   4.5355076E+02   3.6956755E-18
   4.5388450E+02   2.9093131E-18
   4.5421823E+02   1.6995420E-18
   4.5455197E+02   9.8573304E-20
   4.5488571E+02  -1.8376899E-18
   4.5521945E+02  -4.0400701E-18
   4.5555319E+02  -6.4403062E-18
   4.5588693E+02  -8.9878964E-18
   4.5622067E+02  -1.1668048E-17
   4.5655440E+02  -1.4519028E-17
   4.5688814E+02  -1.7647137E-17
   4.5722188E+02  -2.1237872E-17
   4.5755562E+02  -2.5562161E-17
   4.5788936E+02  -3.0977312E-17
   4.5822310E+02  -3.7922985E-17
   4.5855684E+02  -4.6913221E-17
   4.5889057E+02  -5.8526191E-17
   4.5922431E+02  -7.3393962E-17
   4.5955805E+02  -9.2194560E-17
   4.5989179E+02  -1.1564874E-16
   4.6022553E+02  -1.4452345E-16
   4.6055927E+02  -1.7964339E-16
   4.6089301E+02  -2.2191141E-16
   4.6122674E+02  -2.7233695E-16
   4.6156048E+02  -3.3207148E-16
   4.6189422E+02  -4.0244904E-16
   4.6222796E+02  -4.8502652E-16
   4.6256170E+02  -5.8162274E-16
   4.6289544E+02  -6.9434859E-16
   4.6322918E+02  -8.2562594E-16
   4.6356291E+02  -9.7818880E-16
   4.6389665E+02  -1.1550662E-15
   4.6423039E+02  -1.3595413E-15
   4.6456413E+02  -1.5950845E-15
   4.6489787E+02  -1.8652604E-15
   4.6523161E+02  -2.1736075E-15
   4.6556535E+02  -2.5234835E-15
   4.6589908E+02  -2.9178746E-15
   4.6623282E+02  -3.3591631E-15
   4.6656656E+02  -3.8488305E-15
   4.6690030E+02  -4.3870958E-15
   4.6723404E+02  -4.9724548E-15
   4.6756778E+02  -5.6010943E-15
   4.6790152E+02  -6.2661439E-15
   4.6823525E+02  -6.9567383E-15
   4.6856899E+02  -7.6568145E-15
   4.6890273E+02  -8.3435752E-15
   4.6923647E+02  -8.9855932E-15
   4.6957021E+02  -9.5404201E-15
   4.6990395E+02  -9.9516410E-15
   4.7023769E+02  -1.0145252E-14
   4.7057142E+02  -1.0025257E-14
   4.7090516E+02  -9.4683918E-15
   4.7123890E+02  -8.3176713E-15
   4.7157264E+02  -6.3747886E-15
   4.7190638E+02  -3.3909727E-15
   4.7224012E+02   9.4390472E-16
   4.7257386E+02   7.0142595E-15
   4.7290760E+02   1.5294278E-14
   4.7324133E+02   2.6366157E-14
   4.7357507E+02   4.0941974E-14
   4.7390881E+02   5.9889553E-14
   4.7424255E+02   8.4262899E-14
   4.7457629E+02   1.1533821E-13
   4.7491003E+02   1.5465648E-13
   4.7524377E+02   2.0407336E-13
   4.7557750E+02   2.6581688E-13
   4.7591124E+02   3.4255679E-13
   4.7624498E+02   4.3748325E-13
   4.7657872E+02   5.5439849E-13
   4.7691246E+02   6.9782548E-13
   4.7724620E+02   8.7312996E-13
   4.7757994E+02   1.0866674E-12
   4.7791367E+02   1.3459451E-12
   4.7824741E+02   1.6598157E-12
   4.7858115E+02   2.0386971E-12
   4.7891489E+02   2.4948238E-12
   4.7924863E+02   3.0425432E-12
   4.7958237E+02   3.6986373E-12
   4.7991611E+02   4.4827163E-12
   4.8024984E+02   5.4176403E-12
   4.8058358E+02   6.5300213E-12
   4.8091732E+02   7.8507773E-12
   4.8125106E+02   9.4157876E-12
   4.8158480E+02   1.1266592E-11
   4.8191854E+02   1.3451216E-11
   4.8225228E+02   1.6025120E-11
   4.8258601E+02   1.9052189E-11
   4.8291975E+02   2.2605931E-11
   4.8325349E+02   2.6770794E-11
   4.8358723E+02   3.1643608E-11
   4.8392097E+02   3.7335253E-11
   4.8425471E+02   4.3972437E-11
   4.8458845E+02   5.1699783E-11
   4.8492218E+02   6.0682105E-11
   4.8525592E+02   7.1106794E-11
   4.8558966E+02   8.3186819E-11
   4.8592340E+02   9.7163527E-11
   4.8625714E+02   1.1331019E-10
   4.8659088E+02   1.3193566E-10
   4.8692462E+02   1.5338851E-10
   4.8725835E+02   1.7806145E-10
   4.8759209E+02   2.0639612E-10
   4.8792583E+02   2.3888827E-10
   4.8825957E+02   2.7609387E-10
   4.8859331E+02   3.1863492E-10
   4.8892705E+02   3.6720643E-10
   4.8926079E+02   4.2258327E-10
   4.8959452E+02   4.8562820E-10
   4.8992826E+02   5.5730104E-10
   4.9026200E+02   6.3866468E-10
   4.9059574E+02   7.3089812E-10
   4.9092948E+02   8.3530377E-10
   4.9126322E+02   9.5331987E-10
   4.9159696E+02   1.0865291E-09
   4.9193069E+02   1.2366730E-09
   4.9226443E+02   1.4056625E-09
   4.9259817E+02   1.5955893E-09
   4.9293191E+02   1.8087409E-09
   4.9326565E+02   2.0476136E-09
   4.9359939E+02   2.3149231E-09
   4.9393313E+02   2.6136224E-09
   4.9426687E+02   2.9469103E-09
   4.9460060E+02   3.3182523E-09
   4.9493434E+02   3.7313832E-09
   4.9526808E+02   4.1903330E-09
   4.9560182E+02   4.6994288E-09
   4.9593556E+02   5.2633089E-09
   4.9626930E+02   5.8869363E-09
   4.9660304E+02   6.5756045E-09
   4.9693677E+02   7.3349535E-09
   4.9727051E+02   8.1709572E-09
   4.9760425E+02   9.0899492E-09
   4.9793799E+02   1.0098611E-08
   4.9827173E+02   1.1203974E-08
   4.9860547E+02   1.2413409E-08
   4.9893921E+02   1.3734637E-08
   4.9927294E+02   1.5175688E-08
   4.9960668E+02   1.6744917E-08
   4.9994042E+02   1.8450960E-08
   5.0027416E+02   2.0302700E-08
   5.0060790E+02   2.2309283E-08
   5.0094164E+02   2.4480016E-08
   5.0127538E+02   2.6824374E-08
   5.0160911E+02   2.9351922E-08
   5.0194285E+02   3.2072265E-08
   5.0227659E+02   3.4994969E-08
   5.0261033E+02   3.8129528E-08
   5.0294407E+02   4.1485258E-08
   5.0327781E+02   4.5071175E-08
   5.0361155E+02   4.8895966E-08
   5.0394528E+02   5.2967835E-08
   5.0427902E+02   5.7294375E-08
   5.0461276E+02   6.1882503E-08
   5.0494650E+02   6.6738338E-08
   5.0528024E+02   7.1866978E-08
   5.0561398E+02   7.7272375E-08
   5.0594772E+02   8.2957293E-08
   5.0628145E+02   8.8923045E-08
   5.0661519E+02   9.5169312E-08
   5.0694893E+02   1.0169404E-07
   5.0728267E+02   1.0849327E-07
   5.0761641E+02   1.1556097E-07
   5.0795015E+02   1.2288879E-07
   5.0828389E+02   1.3046596E-07
   5.0861762E+02   1.3827906E-07
   5.0895136E+02   1.4631200E-07
   5.0928510E+02   1.5454555E-07
   5.0961884E+02   1.6295759E-07
   5.0995258E+02   1.7152260E-07
   5.1028632E+02   1.8021173E-07
   5.1062006E+02   1.8899269E-07
   5.1095379E+02   1.9782945E-07
   5.1128753E+02   2.0668253E-07
   5.1162127E+02   2.1550839E-07
   5.1195501E+02   2.2425991E-07
   5.1228875E+02   2.3288607E-07
   5.1262249E+02   2.4133197E-07
   5.1295623E+02   2.4953908E-07
   5.1328997E+02   2.5744509E-07
   5.1362370E+02   2.6498404E-07
   5.1395744E+02   2.7208671E-07
   5.1429118E+02   2.7868020E-07
   5.1462492E+02   2.8468875E-07
   5.1495866E+02   2.9003391E-07
   5.1529240E+02   2.9463428E-07
   5.1562614E+02   2.9840655E-07
   5.1595987E+02   3.0126529E-07
   5.1629361E+02   3.0312370E-07
   5.1662735E+02   3.0389407E-07
   5.1696109E+02   3.0348798E-07
   5.1729483E+02   3.0181704E-07
   5.1762857E+02   2.9879337E-07
   5.1796231E+02   2.9432994E-07
   5.1829604E+02   2.8834168E-07
   5.1862978E+02   2.8074601E-07
   5.1896352E+02   2.7146314E-07
   5.1929726E+02   2.6041673E-07
   5.1963100E+02   2.4753527E-07
   5.1996474E+02   2.3275200E-07
   5.2029848E+02   2.1600611E-07
   5.2063221E+02   1.9724304E-07
   5.2096595E+02   1.7641580E-07
   5.2129969E+02   1.5348510E-07
   5.2163343E+02   1.2842018E-07
   5.2196717E+02   1.0119945E-07
   5.2230091E+02   7.1811357E-08
   5.2263465E+02   4.0254648E-08
   5.2296838E+02   6.5391061E-09
   5.2330212E+02  -2.9314098E-08
   5.2363586E+02  -6.7271806E-08
   5.2396960E+02  -1.0728862E-07
   5.2430334E+02  -1.4930653E-07
   5.2463708E+02  -1.9325468E-07
   5.2497082E+02  -2.3904914E-07
   5.2530455E+02  -2.8659298E-07
   5.2563829E+02  -3.3577572E-07
   5.2597203E+02  -3.8647451E-07
   5.2630577E+02  -4.3855326E-07
   5.2663951E+02  -4.9186315E-07
   5.2697325E+02  -5.4624354E-07
   5.2730699E+02  -6.0152132E-07
   5.2764072E+02  -6.5751289E-07
   5.2797446E+02  -7.1402371E-07
   5.2830820E+02  -7.7084906E-07
   5.2864194E+02  -8.2777558E-07
   5.2897568E+02  -8.8458188E-07
   5.2930942E+02  -9.4103865E-07
   5.2964316E+02  -9.9691101E-07
   5.2997689E+02  -1.0519595E-06
   5.3031063E+02  -1.1059401E-06
   5.3064437E+02  -1.1586071E-06
   5.3097811E+02  -1.2097127E-06
   5.3131185E+02  -1.2590101E-06
   5.3164559E+02  -1.3062534E-06
   5.3197933E+02  -1.3512007E-06
   5.3231306E+02  -1.3936132E-06
   5.3264680E+02  -1.4332592E-06
   5.3298054E+02  -1.4699137E-06
   5.3331428E+02  -1.5033601E-06
   5.3364802E+02  -1.5333927E-06
   5.3398176E+02  -1.5598168E-06
   5.3431550E+02  -1.5824507E-06
   5.3464924E+02  -1.6011270E-06
   5.3498297E+02  -1.6156931E-06
   5.3531671E+02  -1.6260130E-06
   5.3565045E+02  -1.6319683E-06
   5.3598419E+02  -1.6334591E-06
   5.3631793E+02  -1.6304040E-06
   5.3665167E+02  -1.6227422E-06
   5.3698541E+02  -1.6104342E-06
   5.3731914E+02  -1.5934602E-06
   5.3765288E+02  -1.5718226E-06
   5.3798662E+02  -1.5455454E-06
   5.3832036E+02  -1.5146746E-06
   5.3865410E+02  -1.4792787E-06
   5.3898784E+02  -1.4394470E-06
   5.3932158E+02  -1.3952897E-06
   5.3965531E+02  -1.3469395E-06
   5.3998905E+02  -1.2945493E-06
   5.4032279E+02  -1.2382907E-06
   5.4065653E+02  -1.1783552E-06
   5.4099027E+02  -1.1149521E-06
   5.4132401E+02  -1.0483081E-06
   5.4165775E+02  -9.7866518E-07
   5.4199148E+02  -9.0628077E-07
   5.4232522E+02  -8.3142487E-07
   5.4265896E+02  -7.5437947E-07
   5.4299270E+02  -6.7543743E-07
   5.4332644E+02  -5.9489980E-07
   5.4366018E+02  -5.1307529E-07
   5.4399392E+02  -4.3027808E-07
   5.4432765E+02  -3.4682606E-07
   5.4466139E+02  -2.6303948E-07
   5.4499513E+02  -1.7923901E-07
   5.4532887E+02  -9.5744014E-08
   5.4566261E+02  -1.2871041E-08
   5.4599635E+02   6.9068193E-08
   5.4633009E+02   1.4976821E-07
   5.4666382E+02   2.2893113E-07
   5.4699756E+02   3.0626859E-07
   5.4733130E+02   3.8150336E-07
   5.4766504E+02   4.5436985E-07
   5.4799878E+02   5.2461655E-07
   5.4833252E+02   5.9200647E-07
   5.4866626E+02   6.5631838E-07
   5.4899999E+02   7.1734786E-07
   5.4933373E+02   7.7490836E-07
   5.4966747E+02   8.2883179E-07
   5.5000121E+02   8.7896899E-07
   5.5033495E+02   9.2519076E-07
   5.5066869E+02   9.6738790E-07
   5.5100243E+02   1.0054716E-06
   5.5133616E+02   1.0393736E-06
   5.5166990E+02   1.0690460E-06
   5.5200364E+02   1.0944620E-06
   5.5233738E+02   1.1156142E-06
   5.5267112E+02   1.1325156E-06
   5.5300486E+02   1.1451988E-06
   5.5333860E+02   1.1537156E-06
   5.5367234E+02   1.1581348E-06
   5.5400607E+02   1.1585446E-06
   5.5433981E+02   1.1550488E-06
   5.5467355E+02   1.1477673E-06
   5.5500729E+02   1.1368350E-06
   5.5534103E+02   1.1224001E-06
   5.5567477E+02   1.1046241E-06
   5.5600851E+02   1.0836799E-06
   5.5634224E+02   1.0597504E-06
   5.5667598E+02   1.0330277E-06
   5.5700972E+02   1.0037121E-06
   5.5734346E+02   9.7200950E-07
   5.5767720E+02   9.3813236E-07
   5.5801094E+02   9.0229571E-07
   5.5834468E+02   8.6471778E-07
   5.5867841E+02   8.2561900E-07
   5.5901215E+02   7.8521879E-07
   5.5934589E+02   7.4373622E-07
   5.5967963E+02   7.0138827E-07
   5.6001337E+02   6.5838793E-07
   5.6034711E+02   6.1494467E-07
   5.6068085E+02   5.7126215E-07
   5.6101458E+02   5.2753762E-07
   5.6134832E+02   4.8396140E-07
   5.6168206E+02   4.4071541E-07
   5.6201580E+02   3.9797294E-07
   5.6234954E+02   3.5589790E-07
   5.6268328E+02   3.1464404E-07
   5.6301702E+02   2.7435473E-07
   5.6335075E+02   2.3516164E-07
   5.6368449E+02   1.9718601E-07
   5.6401823E+02   1.6053669E-07
   5.6435197E+02   1.2531113E-07
   5.6468571E+02   9.1594316E-08
   5.6501945E+02   5.9459708E-08
   5.6535319E+02   2.8968387E-08
   5.6568692E+02   1.6991208E-10
   5.6602066E+02  -2.6898121E-08
   5.6635440E+02  -5.2209508E-08
   5.6668814E+02  -7.5749135E-08
   5.6702188E+02  -9.7512576E-08
   5.6735562E+02  -1.1750588E-07
   5.6768936E+02  -1.3574488E-07
   5.6802309E+02  -1.5225473E-07
   5.6835683E+02  -1.6706943E-07
   5.6869057E+02  -1.8023104E-07
   5.6902431E+02  -1.9178934E-07
   5.6935805E+02  -2.0180086E-07
   5.6969179E+02  -2.1032832E-07
   5.7002553E+02  -2.1744005E-07
   5.7035926E+02  -2.2320907E-07
   5.7069300E+02  -2.2771246E-07
   5.7102674E+02  -2.3103065E-07
   5.7136048E+02  -2.3324668E-07
   5.7169422E+02  -2.3444557E-07
   5.7202796E+02  -2.3471348E-07
   5.7236170E+02  -2.3413709E-07
   5.7269543E+02  -2.3280310E-07
   5.7302917E+02  -2.3079744E-07
   5.7336291E+02  -2.2820467E-07
   5.7369665E+02  -2.2510747E-07
   5.7403039E+02  -2.2158623E-07
   5.7436413E+02  -2.1771829E-07
   5.7469787E+02  -2.1357778E-07
   5.7503161E+02  -2.0923494E-07
   5.7536534E+02  -2.0475605E-07
   5.7569908E+02  -2.0020289E-07
   5.7603282E+02  -1.9563252E-07
   5.7636656E+02  -1.9109723E-07
   5.7670030E+02  -1.8664412E-07
   5.7703404E+02  -1.8231519E-07
   5.7736778E+02  -1.7814712E-07
   5.7770151E+02  -1.7417136E-07
   5.7803525E+02  -1.7041401E-07
   5.7836899E+02  -1.6689603E-07
   5.7870273E+02  -1.6363322E-07
   5.7903647E+02  -1.6063629E-07
   5.7937021E+02  -1.5791133E-07
   5.7970395E+02  -1.5545970E-07
   5.8003768E+02  -1.5327839E-07
   5.8037142E+02  -1.5136040E-07
   5.8070516E+02  -1.4969486E-07
   5.8103890E+02  -1.4826747E-07
   5.8137264E+02  -1.4706075E-07
   5.8170638E+02  -1.4605449E-07
   5.8204012E+02  -1.4522595E-07
   5.8237385E+02  -1.4455033E-07
   5.8270759E+02  -1.4400111E-07
   5.8304133E+02  -1.4355041E-07
   5.8337507E+02  -1.4316936E-07
   5.8370881E+02  -1.4282844E-07
   5.8404255E+02  -1.4249794E-07
   5.8437629E+02  -1.4214817E-07
   5.8471002E+02  -1.4174987E-07
   5.8504376E+02  -1.4127448E-07
   5.8537750E+02  -1.4069454E-07
   5.8571124E+02  -1.3998387E-07
   5.8604498E+02  -1.3911783E-07
   5.8637872E+02  -1.3807363E-07
   5.8671246E+02  -1.3683049E-07
   5.8704619E+02  -1.3536985E-07
   5.8737993E+02  -1.3367546E-07
   5.8771367E+02  -1.3173370E-07
   5.8804741E+02  -1.2953349E-07
   5.8838115E+02  -1.2706656E-07
   5.8871489E+02  -1.2432733E-07
   5.8904863E+02  -1.2131309E-07
   5.8938236E+02  -1.1802407E-07
   5.8971610E+02  -1.1446319E-07
   5.9004984E+02  -1.1063627E-07
   5.9038358E+02  -1.0655184E-07
   5.9071732E+02  -1.0222117E-07
   5.9105106E+02  -9.7658031E-08
   5.9138480E+02  -9.2878750E-08
   5.9171853E+02  -8.7902023E-08
   5.9205227E+02  -8.2748755E-08
   5.9238601E+02  -7.7441953E-08
   5.9271975E+02  -7.2006557E-08
   5.9305349E+02  -6.6469227E-08
   5.9338723E+02  -6.0858206E-08
   5.9372097E+02  -5.5203138E-08
   5.9405471E+02  -4.9534833E-08
   5.9438844E+02  -4.3884974E-08
   5.9472218E+02  -3.8286132E-08
   5.9505592E+02  -3.2771311E-08
   5.9538966E+02  -2.7373844E-08
   5.9572340E+02  -2.2127210E-08
   5.9605714E+02  -1.7064792E-08
   5.9639088E+02  -1.2219559E-08
   5.9672461E+02  -7.6240525E-09
   5.9705835E+02  -3.3099639E-09
   5.9739209E+02   6.9194073E-10
   5.9772583E+02   4.3520600E-09
   5.9805957E+02   7.6421998E-09
   5.9839331E+02   1.0535786E-08
   5.9872705E+02   1.3007821E-08
   5.9906078E+02   1.5035454E-08
   5.9939452E+02   1.6597795E-08
   5.9972826E+02   1.7676328E-08
   6.0006200E+02   1.8254852E-08
   6.0039574E+02   1.8319838E-08
   6.0072948E+02   1.7860344E-08
   6.0106322E+02   1.6868356E-08
   6.0139695E+02   1.5338671E-08
   6.0173069E+02   1.3269130E-08
   6.0206443E+02   1.0660671E-08
   6.0239817E+02   7.5174427E-09
   6.0273191E+02   3.8466652E-09
   6.0306565E+02  -3.4111736E-10
   6.0339939E+02  -5.0321773E-09
   6.0373312E+02  -1.0209391E-08
   6.0406686E+02  -1.5852791E-08
   6.0440060E+02  -2.1938888E-08
   6.0473434E+02  -2.8441256E-08
   6.0506808E+02  -3.5330558E-08
   6.0540182E+02  -4.2574428E-08
   6.0573556E+02  -5.0137849E-08
   6.0606929E+02  -5.7983112E-08
   6.0640303E+02  -6.6070079E-08
   6.0673677E+02  -7.4356315E-08
   6.0707051E+02  -8.2797328E-08
   6.0740425E+02  -9.1346763E-08
   6.0773799E+02  -9.9956601E-08
   6.0807173E+02  -1.0857747E-07
   6.0840546E+02  -1.1715884E-07
   6.0873920E+02  -1.2564944E-07
   6.0907294E+02  -1.3399733E-07
   6.0940668E+02  -1.4215057E-07
   6.0974042E+02  -1.5005695E-07
   6.1007416E+02  -1.5766489E-07
   6.1040790E+02  -1.6492342E-07
   6.1074163E+02  -1.7178255E-07
   6.1107537E+02  -1.7819369E-07
   6.1140911E+02  -1.8410989E-07
   6.1174285E+02  -1.8948600E-07
   6.1207659E+02  -1.9427947E-07
   6.1241033E+02  -1.9844975E-07
   6.1274407E+02  -2.0195954E-07
   6.1307781E+02  -2.0477432E-07
   6.1341154E+02  -2.0686295E-07
   6.1374528E+02  -2.0819778E-07
   6.1407902E+02  -2.0875498E-07
   6.1441276E+02  -2.0851442E-07
   6.1474650E+02  -2.0746010E-07
   6.1508024E+02  -2.0558025E-07
   6.1541398E+02  -2.0286711E-07
   6.1574771E+02  -1.9931761E-07
   6.1608145E+02  -1.9493254E-07
   6.1641519E+02  -1.8971751E-07
   6.1674893E+02  -1.8368210E-07
   6.1708267E+02  -1.7684042E-07
   6.1741641E+02  -1.6921059E-07
   6.1775015E+02  -1.6081495E-07
   6.1808388E+02  -1.5167952E-07
   6.1841762E+02  -1.4183442E-07
   6.1875136E+02  -1.3131296E-07
   6.1908510E+02  -1.2015198E-07
   6.1941884E+02  -1.0839154E-07
   6.1975258E+02  -9.6074118E-08
   6.2008632E+02  -8.3245091E-08
   6.2042005E+02  -6.9951852E-08
   6.2075379E+02  -5.6243827E-08
   6.2108753E+02  -4.2171951E-08
   6.2142127E+02  -2.7788477E-08
   6.2175501E+02  -1.3146575E-08
   6.2208875E+02   1.6999007E-09
   6.2242249E+02   1.6696877E-08
   6.2275622E+02   3.1790261E-08
   6.2308996E+02   4.6926328E-08
   6.2342370E+02   6.2051981E-08
   6.2375744E+02   7.7115040E-08
   6.2409118E+02   9.2064496E-08
   6.2442492E+02   1.0685076E-07
   6.2475866E+02   1.2142584E-07
   6.2509239E+02   1.3574373E-07
   6.2542613E+02   1.4976027E-07
   6.2575987E+02   1.6343347E-07
   6.2609361E+02   1.7672363E-07
   6.2642735E+02   1.8959342E-07
   6.2676109E+02   2.0200766E-07
   6.2709483E+02   2.1393387E-07
   6.2742856E+02   2.2534161E-07
   6.2776230E+02   2.3620292E-07
   6.2809604E+02   2.4649219E-07
   6.2842978E+02   2.5618561E-07
   6.2876352E+02   2.6526141E-07
   6.2909726E+02   2.7369995E-07
   6.2943100E+02   2.8148278E-07
   6.2976473E+02   2.8859318E-07
   6.3009847E+02   2.9501555E-07
   6.3043221E+02   3.0073511E-07
   6.3076595E+02   3.0573813E-07
   6.3109969E+02   3.1001107E-07
   6.3143343E+02   3.1354094E-07
   6.3176717E+02   3.1631433E-07
   6.3210090E+02   3.1831789E-07
   6.3243464E+02   3.1953775E-07
   6.3276838E+02   3.1995916E-07
   6.3310212E+02   3.1956688E-07
   6.3343586E+02   3.1834412E-07
   6.3376960E+02   3.1627334E-07
   6.3410334E+02   3.1333542E-07
   6.3443708E+02   3.0950980E-07
   6.3477081E+02   3.0477469E-07
   6.3510455E+02   2.9910666E-07
   6.3543829E+02   2.9248091E-07
   6.3577203E+02   2.8487116E-07
   6.3610577E+02   2.7624995E-07
   6.3643951E+02   2.6658876E-07
   6.3677325E+02   2.5585797E-07
   6.3710698E+02   2.4402743E-07
   6.3744072E+02   2.3106651E-07
   6.3777446E+02   2.1694446E-07
   6.3810820E+02   2.0163105E-07
   6.3844194E+02   1.8509634E-07
   6.3877568E+02   1.6731188E-07
   6.3910942E+02   1.4825021E-07
   6.3944315E+02   1.2788639E-07
   6.3977689E+02   1.0619786E-07
   6.4011063E+02   8.3164771E-08
   6.4044437E+02   5.8771384E-08
   6.4077811E+02   3.3005577E-08
   6.4111185E+02   5.8600840E-09
   6.4144559E+02  -2.2667313E-08
   6.4177932E+02  -5.2573114E-08
   6.4211306E+02  -8.3847894E-08
   6.4244680E+02  -1.1647518E-07
   6.4278054E+02  -1.5043187E-07
   6.4311428E+02  -1.8568721E-07
   6.4344802E+02  -2.2220284E-07
   6.4378176E+02  -2.5993199E-07
   6.4411549E+02  -2.9881971E-07
   6.4444923E+02  -3.3880229E-07
   6.4478297E+02  -3.7980743E-07
   6.4511671E+02  -4.2175395E-07
   6.4545045E+02  -4.6455176E-07
   6.4578419E+02  -5.0810195E-07
   6.4611793E+02  -5.5229708E-07
   6.4645166E+02  -5.9702148E-07
   6.4678540E+02  -6.4215084E-07
   6.4711914E+02  -6.8755327E-07
   6.4745288E+02  -7.3308979E-07
   6.4778662E+02  -7.7861421E-07
   6.4812036E+02  -8.2397401E-07
   6.4845410E+02  -8.6901133E-07
   6.4878783E+02  -9.1356333E-07
   6.4912157E+02  -9.5746248E-07
   6.4945531E+02  -1.0005384E-06
   6.4978905E+02  -1.0426184E-06
   6.5012279E+02  -1.0835274E-06
   6.5045653E+02  -1.1230907E-06
   6.5079027E+02  -1.1611330E-06
   6.5112400E+02  -1.1974814E-06
   6.5145774E+02  -1.2319649E-06
   6.5179148E+02  -1.2644163E-06
   6.5212522E+02  -1.2946726E-06
   6.5245896E+02  -1.3225764E-06
   6.5279270E+02  -1.3479771E-06
   6.5312644E+02  -1.3707320E-06
   6.5346018E+02  -1.3907068E-06
   6.5379391E+02  -1.4077762E-06
   6.5412765E+02  -1.4218265E-06
   6.5446139E+02  -1.4327543E-06
   6.5479513E+02  -1.4404687E-06
   6.5512887E+02  -1.4448920E-06
   6.5546261E+02  -1.4459587E-06
   6.5579635E+02  -1.4436193E-06
   6.5613008E+02  -1.4378368E-06
   6.5646382E+02  -1.4285906E-06
   6.5679756E+02  -1.4158746E-06
   6.5713130E+02  -1.3996982E-06
   6.5746504E+02  -1.3800867E-06
   6.5779878E+02  -1.3570805E-06
   6.5813252E+02  -1.3307359E-06
   6.5846625E+02  -1.3011248E-06
   6.5879999E+02  -1.2683339E-06
   6.5913373E+02  -1.2324643E-06
   6.5946747E+02  -1.1936322E-06
   6.5980121E+02  -1.1519675E-06
   6.6013495E+02  -1.1076122E-06
