  -7.8094826E+01   0.0000000E+00
  -7.7761087E+01   0.0000000E+00
  -7.7427349E+01   0.0000000E+00
  -7.7093610E+01   0.0000000E+00
  -7.6759871E+01   0.0000000E+00
  -7.6426133E+01   0.0000000E+00
  -7.6092394E+01   0.0000000E+00
  -7.5758656E+01   0.0000000E+00
  -7.5424917E+01   0.0000000E+00
  -7.5091178E+01   0.0000000E+00
  -7.4757440E+01   0.0000000E+00
  -7.4423701E+01   0.0000000E+00
  -7.4089963E+01   0.0000000E+00
  -7.3756224E+01   0.0000000E+00
  -7.3422485E+01   0.0000000E+00
  -7.3088747E+01   0.0000000E+00
  -7.2755008E+01   0.0000000E+00
  -7.2421270E+01   0.0000000E+00
  -7.2087531E+01   0.0000000E+00
  -7.1753792E+01   0.0000000E+00
  -7.1420054E+01   0.0000000E+00
  -7.1086315E+01   0.0000000E+00
  -7.0752577E+01   0.0000000E+00
  -7.0418838E+01   0.0000000E+00
  -7.0085099E+01   0.0000000E+00
  -6.9751361E+01   0.0000000E+00
  -6.9417622E+01   0.0000000E+00
  -6.9083884E+01   0.0000000E+00
  -6.8750145E+01   0.0000000E+00
  -6.8416406E+01   0.0000000E+00
  -6.8082668E+01   0.0000000E+00
  -6.7748929E+01   0.0000000E+00
  -6.7415191E+01   0.0000000E+00
  -6.7081452E+01   0.0000000E+00
  -6.6747714E+01   0.0000000E+00
  -6.6413975E+01   0.0000000E+00
  -6.6080236E+01   0.0000000E+00
  -6.5746498E+01   0.0000000E+00
  -6.5412759E+01   0.0000000E+00
  -6.5079021E+01   0.0000000E+00
  -6.4745282E+01   0.0000000E+00
  -6.4411543E+01   0.0000000E+00
  -6.4077805E+01   0.0000000E+00
  -6.3744066E+01   0.0000000E+00
  -6.3410328E+01   0.0000000E+00
  -6.3076589E+01   0.0000000E+00
  -6.2742850E+01   0.0000000E+00
  -6.2409112E+01   0.0000000E+00
  -6.2075373E+01   0.0000000E+00
  -6.1741635E+01   0.0000000E+00
  -6.1407896E+01   0.0000000E+00
  -6.1074157E+01   0.0000000E+00
  -6.0740419E+01   0.0000000E+00
  -6.0406680E+01   0.0000000E+00
  -6.0072942E+01   0.0000000E+00
  -5.9739203E+01   0.0000000E+00
  -5.9405464E+01   0.0000000E+00
  -5.9071726E+01   0.0000000E+00
  -5.8737987E+01   0.0000000E+00
  -5.8404249E+01   0.0000000E+00
  -5.8070510E+01   0.0000000E+00
  -5.7736771E+01   0.0000000E+00
  -5.7403033E+01   0.0000000E+00
  -5.7069294E+01   0.0000000E+00
  -5.6735556E+01   0.0000000E+00
  -5.6401817E+01   0.0000000E+00
  -5.6068078E+01   0.0000000E+00
  -5.5734340E+01   0.0000000E+00
  -5.5400601E+01   0.0000000E+00
  -5.5066863E+01   0.0000000E+00
  -5.4733124E+01   0.0000000E+00
  -5.4399385E+01   0.0000000E+00
  -5.4065647E+01   0.0000000E+00
  -5.3731908E+01   0.0000000E+00
  -5.3398170E+01   0.0000000E+00
  -5.3064431E+01   0.0000000E+00
  -5.2730693E+01   0.0000000E+00
  -5.2396954E+01   0.0000000E+00
  -5.2063215E+01   0.0000000E+00
  -5.1729477E+01   0.0000000E+00
  -5.1395738E+01   0.0000000E+00
  -5.1062000E+01   0.0000000E+00
  -5.0728261E+01   0.0000000E+00
  -5.0394522E+01   0.0000000E+00
  -5.0060784E+01   0.0000000E+00
  -4.9727045E+01   0.0000000E+00
  -4.9393307E+01   0.0000000E+00
  -4.9059568E+01   0.0000000E+00
  -4.8725829E+01   0.0000000E+00
  -4.8392091E+01   0.0000000E+00
  -4.8058352E+01   0.0000000E+00
  -4.7724614E+01   0.0000000E+00
  -4.7390875E+01   0.0000000E+00
  -4.7057136E+01   0.0000000E+00
  -4.6723398E+01   0.0000000E+00
  -4.6389659E+01   0.0000000E+00
  -4.6055921E+01   0.0000000E+00
  -4.5722182E+01   0.0000000E+00
  -4.5388443E+01   0.0000000E+00
  -4.5054705E+01   0.0000000E+00
  -4.4720966E+01   0.0000000E+00
  -4.4387228E+01   0.0000000E+00
  -4.4053489E+01   0.0000000E+00
  -4.3719750E+01   0.0000000E+00
  -4.3386012E+01   0.0000000E+00
  -4.3052273E+01   0.0000000E+00
  -4.2718535E+01   0.0000000E+00
  -4.2384796E+01   0.0000000E+00
  -4.2051057E+01   0.0000000E+00
  -4.1717319E+01   0.0000000E+00
  -4.1383580E+01   0.0000000E+00
  -4.1049842E+01   0.0000000E+00
  -4.0716103E+01   0.0000000E+00
  -4.0382364E+01   0.0000000E+00
  -4.0048626E+01   0.0000000E+00
  -3.9714887E+01   0.0000000E+00
  -3.9381149E+01   0.0000000E+00
  -3.9047410E+01   0.0000000E+00
  -3.8713672E+01   0.0000000E+00
  -3.8379933E+01   0.0000000E+00
  -3.8046194E+01   0.0000000E+00
  -3.7712456E+01   0.0000000E+00
  -3.7378717E+01   0.0000000E+00
  -3.7044979E+01   0.0000000E+00
  -3.6711240E+01   0.0000000E+00
  -3.6377501E+01   0.0000000E+00
  -3.6043763E+01   0.0000000E+00
  -3.5710024E+01   0.0000000E+00
  -3.5376286E+01   0.0000000E+00
  -3.5042547E+01   0.0000000E+00
  -3.4708808E+01   0.0000000E+00
  -3.4375070E+01   0.0000000E+00
  -3.4041331E+01   0.0000000E+00
  -3.3707593E+01   0.0000000E+00
  -3.3373854E+01   0.0000000E+00
  -3.3040115E+01   0.0000000E+00
  -3.2706377E+01   0.0000000E+00
  -3.2372638E+01   0.0000000E+00
  -3.2038900E+01   0.0000000E+00
  -3.1705161E+01   0.0000000E+00
  -3.1371422E+01   0.0000000E+00
  -3.1037684E+01   0.0000000E+00
  -3.0703945E+01   0.0000000E+00
  -3.0370207E+01   0.0000000E+00
  -3.0036468E+01   0.0000000E+00
  -2.9702729E+01   0.0000000E+00
  -2.9368991E+01   0.0000000E+00
  -2.9035252E+01   0.0000000E+00
  -2.8701514E+01   0.0000000E+00
  -2.8367775E+01   0.0000000E+00
  -2.8034036E+01   0.0000000E+00
  -2.7700298E+01   0.0000000E+00
  -2.7366559E+01   0.0000000E+00
  -2.7032821E+01   0.0000000E+00
  -2.6699082E+01   0.0000000E+00
  -2.6365343E+01   0.0000000E+00
  -2.6031605E+01   0.0000000E+00
  -2.5697866E+01   0.0000000E+00
  -2.5364128E+01   0.0000000E+00
  -2.5030389E+01   0.0000000E+00
  -2.4696651E+01   0.0000000E+00
  -2.4362912E+01   0.0000000E+00
  -2.4029173E+01   0.0000000E+00
  -2.3695435E+01   0.0000000E+00
  -2.3361696E+01   0.0000000E+00
  -2.3027958E+01   0.0000000E+00
  -2.2694219E+01   0.0000000E+00
  -2.2360480E+01   0.0000000E+00
  -2.2026742E+01   0.0000000E+00
  -2.1693003E+01   0.0000000E+00
  -2.1359265E+01   0.0000000E+00
  -2.1025526E+01   0.0000000E+00
  -2.0691787E+01   0.0000000E+00
  -2.0358049E+01   0.0000000E+00
  -2.0024310E+01   0.0000000E+00
  -1.9690572E+01   0.0000000E+00
  -1.9356833E+01   0.0000000E+00
  -1.9023094E+01   0.0000000E+00
  -1.8689356E+01   0.0000000E+00
  -1.8355617E+01   0.0000000E+00
  -1.8021879E+01   0.0000000E+00
  -1.7688140E+01   0.0000000E+00
  -1.7354401E+01   0.0000000E+00
  -1.7020663E+01   0.0000000E+00
  -1.6686924E+01   0.0000000E+00
  -1.6353186E+01   0.0000000E+00
  -1.6019447E+01   0.0000000E+00
  -1.5685708E+01   0.0000000E+00
  -1.5351970E+01   0.0000000E+00
  -1.5018231E+01   0.0000000E+00
  -1.4684493E+01   0.0000000E+00
  -1.4350754E+01   0.0000000E+00
  -1.4017015E+01   0.0000000E+00
  -1.3683277E+01   0.0000000E+00
  -1.3349538E+01   0.0000000E+00
  -1.3015800E+01   0.0000000E+00
  -1.2682061E+01   0.0000000E+00
  -1.2348322E+01   0.0000000E+00
  -1.2014584E+01   0.0000000E+00
  -1.1680845E+01   0.0000000E+00
  -1.1347107E+01   0.0000000E+00
  -1.1013368E+01   0.0000000E+00
  -1.0679630E+01   0.0000000E+00
  -1.0345891E+01   0.0000000E+00
  -1.0012152E+01   0.0000000E+00
  -9.6784137E+00   0.0000000E+00
  -9.3446751E+00   0.0000000E+00
  -9.0109365E+00   0.0000000E+00
  -8.6771979E+00   0.0000000E+00
  -8.3434593E+00   0.0000000E+00
  -8.0097207E+00   0.0000000E+00
  -7.6759821E+00   0.0000000E+00
  -7.3422436E+00   0.0000000E+00
  -7.0085050E+00   0.0000000E+00
  -6.6747664E+00   0.0000000E+00
  -6.3410278E+00   0.0000000E+00
  -6.0072892E+00   0.0000000E+00
  -5.6735506E+00   0.0000000E+00
  -5.3398120E+00   0.0000000E+00
  -5.0060734E+00   0.0000000E+00
  -4.6723348E+00   0.0000000E+00
  -4.3385962E+00   0.0000000E+00
  -4.0048576E+00   0.0000000E+00
  -3.6711190E+00   0.0000000E+00
  -3.3373804E+00   0.0000000E+00
  -3.0036418E+00   0.0000000E+00
  -2.6699032E+00   0.0000000E+00
  -2.3361646E+00   0.0000000E+00
  -2.0024260E+00   0.0000000E+00
  -1.6686874E+00   0.0000000E+00
  -1.3349488E+00   0.0000000E+00
  -1.0012102E+00   0.0000000E+00
  -6.6747165E-01   0.0000000E+00
  -3.3373305E-01   0.0000000E+00
   5.5432320E-06   0.0000000E+00
   3.3374414E-01   0.0000000E+00
   6.6748273E-01   0.0000000E+00
   1.0012213E+00   0.0000000E+00
   1.3349599E+00   0.0000000E+00
   1.6686985E+00   0.0000000E+00
   2.0024371E+00   0.0000000E+00
   2.3361757E+00   0.0000000E+00
   2.6699143E+00   0.0000000E+00
   3.0036529E+00   0.0000000E+00
   3.3373915E+00   0.0000000E+00
   3.6711301E+00   0.0000000E+00
   4.0048687E+00   0.0000000E+00
   4.3386073E+00   0.0000000E+00
   4.6723459E+00   0.0000000E+00
   5.0060845E+00   0.0000000E+00
   5.3398231E+00   0.0000000E+00
   5.6735617E+00   0.0000000E+00
   6.0073003E+00   0.0000000E+00
   6.3410389E+00   0.0000000E+00
   6.6747774E+00   0.0000000E+00
   7.0085160E+00   0.0000000E+00
   7.3422546E+00   0.0000000E+00
   7.6759932E+00   0.0000000E+00
   8.0097318E+00   0.0000000E+00
   8.3434704E+00   0.0000000E+00
   8.6772090E+00   0.0000000E+00
   9.0109476E+00   0.0000000E+00
   9.3446862E+00   0.0000000E+00
   9.6784248E+00   0.0000000E+00
   1.0012163E+01   0.0000000E+00
   1.0345902E+01   0.0000000E+00
   1.0679641E+01   0.0000000E+00
   1.1013379E+01   0.0000000E+00
   1.1347118E+01   0.0000000E+00
   1.1680856E+01   0.0000000E+00
   1.2014595E+01   0.0000000E+00
   1.2348334E+01   0.0000000E+00
   1.2682072E+01   0.0000000E+00
   1.3015811E+01   0.0000000E+00
   1.3349549E+01   0.0000000E+00
   1.3683288E+01   0.0000000E+00
   1.4017027E+01   0.0000000E+00
   1.4350765E+01   0.0000000E+00
   1.4684504E+01   0.0000000E+00
   1.5018242E+01   0.0000000E+00
   1.5351981E+01   0.0000000E+00
   1.5685720E+01   0.0000000E+00
   1.6019458E+01   0.0000000E+00
   1.6353197E+01   0.0000000E+00
   1.6686935E+01   0.0000000E+00
   1.7020674E+01   0.0000000E+00
   1.7354412E+01   0.0000000E+00
   1.7688151E+01   0.0000000E+00
   1.8021890E+01   0.0000000E+00
   1.8355628E+01   0.0000000E+00
   1.8689367E+01   0.0000000E+00
   1.9023105E+01   0.0000000E+00
   1.9356844E+01   0.0000000E+00
   1.9690583E+01   0.0000000E+00
   2.0024321E+01   0.0000000E+00
   2.0358060E+01   0.0000000E+00
   2.0691798E+01   0.0000000E+00
   2.1025537E+01   0.0000000E+00
   2.1359276E+01   0.0000000E+00
   2.1693014E+01   0.0000000E+00
   2.2026753E+01   0.0000000E+00
   2.2360491E+01   0.0000000E+00
   2.2694230E+01   0.0000000E+00
   2.3027969E+01   0.0000000E+00
   2.3361707E+01   0.0000000E+00
   2.3695446E+01   0.0000000E+00
   2.4029184E+01   0.0000000E+00
   2.4362923E+01   0.0000000E+00
   2.4696662E+01   0.0000000E+00
   2.5030400E+01   0.0000000E+00
   2.5364139E+01   0.0000000E+00
   2.5697877E+01   0.0000000E+00
   2.6031616E+01   0.0000000E+00
   2.6365355E+01   0.0000000E+00
   2.6699093E+01   0.0000000E+00
   2.7032832E+01   0.0000000E+00
   2.7366570E+01   0.0000000E+00
   2.7700309E+01   0.0000000E+00
   2.8034048E+01   0.0000000E+00
   2.8367786E+01   0.0000000E+00
   2.8701525E+01   0.0000000E+00
   2.9035263E+01   0.0000000E+00
   2.9369002E+01   0.0000000E+00
   2.9702741E+01   0.0000000E+00
   3.0036479E+01   0.0000000E+00
   3.0370218E+01   0.0000000E+00
   3.0703956E+01   0.0000000E+00
   3.1037695E+01   0.0000000E+00
   3.1371433E+01   0.0000000E+00
   3.1705172E+01   0.0000000E+00
   3.2038911E+01   0.0000000E+00
   3.2372649E+01   0.0000000E+00
   3.2706388E+01   0.0000000E+00
   3.3040126E+01   0.0000000E+00
   3.3373865E+01   0.0000000E+00
   3.3707604E+01   0.0000000E+00
   3.4041342E+01   0.0000000E+00
   3.4375081E+01   0.0000000E+00
   3.4708819E+01   0.0000000E+00
   3.5042558E+01   0.0000000E+00
   3.5376297E+01   0.0000000E+00
   3.5710035E+01   0.0000000E+00
   3.6043774E+01   0.0000000E+00
   3.6377512E+01   0.0000000E+00
   3.6711251E+01   0.0000000E+00
   3.7044990E+01   0.0000000E+00
   3.7378728E+01   0.0000000E+00
   3.7712467E+01   0.0000000E+00
   3.8046205E+01   0.0000000E+00
   3.8379944E+01   0.0000000E+00
   3.8713683E+01   0.0000000E+00
   3.9047421E+01   0.0000000E+00
   3.9381160E+01   0.0000000E+00
   3.9714898E+01   0.0000000E+00
   4.0048637E+01   0.0000000E+00
   4.0382376E+01   0.0000000E+00
   4.0716114E+01   0.0000000E+00
   4.1049853E+01   0.0000000E+00
   4.1383591E+01   0.0000000E+00
   4.1717330E+01   0.0000000E+00
   4.2051069E+01   0.0000000E+00
   4.2384807E+01   0.0000000E+00
   4.2718546E+01   0.0000000E+00
   4.3052284E+01   0.0000000E+00
   4.3386023E+01   0.0000000E+00
   4.3719762E+01   0.0000000E+00
   4.4053500E+01   0.0000000E+00
   4.4387239E+01   0.0000000E+00
   4.4720977E+01   0.0000000E+00
   4.5054716E+01   0.0000000E+00
   4.5388454E+01   0.0000000E+00
   4.5722193E+01   0.0000000E+00
   4.6055932E+01   0.0000000E+00
   4.6389670E+01   0.0000000E+00
   4.6723409E+01   0.0000000E+00
   4.7057147E+01   0.0000000E+00
   4.7390886E+01   0.0000000E+00
   4.7724625E+01   0.0000000E+00
   4.8058363E+01   0.0000000E+00
   4.8392102E+01   0.0000000E+00
   4.8725840E+01   0.0000000E+00
   4.9059579E+01   0.0000000E+00
   4.9393318E+01   0.0000000E+00
   4.9727056E+01   0.0000000E+00
   5.0060795E+01   0.0000000E+00
   5.0394533E+01   0.0000000E+00
   5.0728272E+01   0.0000000E+00
   5.1062011E+01   0.0000000E+00
   5.1395749E+01   0.0000000E+00
   5.1729488E+01   0.0000000E+00
   5.2063226E+01   0.0000000E+00
   5.2396965E+01   0.0000000E+00
   5.2730704E+01   0.0000000E+00
   5.3064442E+01   0.0000000E+00
   5.3398181E+01   0.0000000E+00
   5.3731919E+01   0.0000000E+00
   5.4065658E+01   0.0000000E+00
   5.4399397E+01   0.0000000E+00
   5.4733135E+01   0.0000000E+00
   5.5066874E+01   0.0000000E+00
   5.5400612E+01   0.0000000E+00
   5.5734351E+01   0.0000000E+00
   5.6068090E+01   0.0000000E+00
   5.6401828E+01   0.0000000E+00
   5.6735567E+01   0.0000000E+00
   5.7069305E+01   0.0000000E+00
   5.7403044E+01   0.0000000E+00
   5.7736783E+01   0.0000000E+00
   5.8070521E+01   0.0000000E+00
   5.8404260E+01   0.0000000E+00
   5.8737998E+01   0.0000000E+00
   5.9071737E+01   0.0000000E+00
   5.9405475E+01   0.0000000E+00
   5.9739214E+01   0.0000000E+00
   6.0072953E+01   0.0000000E+00
   6.0406691E+01   0.0000000E+00
   6.0740430E+01   0.0000000E+00
   6.1074168E+01   0.0000000E+00
   6.1407907E+01   0.0000000E+00
   6.1741646E+01   0.0000000E+00
   6.2075384E+01   0.0000000E+00
   6.2409123E+01   0.0000000E+00
   6.2742861E+01   0.0000000E+00
   6.3076600E+01   0.0000000E+00
   6.3410339E+01   0.0000000E+00
   6.3744077E+01   0.0000000E+00
   6.4077816E+01   0.0000000E+00
   6.4411554E+01   0.0000000E+00
   6.4745293E+01   0.0000000E+00
   6.5079032E+01   0.0000000E+00
   6.5412770E+01   0.0000000E+00
   6.5746509E+01   0.0000000E+00
   6.6080247E+01   0.0000000E+00
   6.6413986E+01   0.0000000E+00
   6.6747725E+01   0.0000000E+00
   6.7081463E+01   0.0000000E+00
   6.7415202E+01   0.0000000E+00
   6.7748940E+01   0.0000000E+00
   6.8082679E+01   0.0000000E+00
   6.8416418E+01   0.0000000E+00
   6.8750156E+01   0.0000000E+00
   6.9083895E+01   0.0000000E+00
   6.9417633E+01   0.0000000E+00
   6.9751372E+01   0.0000000E+00
   7.0085111E+01   0.0000000E+00
   7.0418849E+01   0.0000000E+00
   7.0752588E+01   0.0000000E+00
   7.1086326E+01   0.0000000E+00
   7.1420065E+01   0.0000000E+00
   7.1753804E+01   0.0000000E+00
   7.2087542E+01   0.0000000E+00
   7.2421281E+01   0.0000000E+00
   7.2755019E+01   0.0000000E+00
   7.3088758E+01   0.0000000E+00
   7.3422496E+01   0.0000000E+00
   7.3756235E+01   0.0000000E+00
   7.4089974E+01   0.0000000E+00
   7.4423712E+01   0.0000000E+00
   7.4757451E+01   0.0000000E+00
   7.5091189E+01   0.0000000E+00
   7.5424928E+01   0.0000000E+00
   7.5758667E+01   0.0000000E+00
   7.6092405E+01   0.0000000E+00
   7.6426144E+01   0.0000000E+00
   7.6759882E+01   0.0000000E+00
   7.7093621E+01   0.0000000E+00
   7.7427360E+01   0.0000000E+00
   7.7761098E+01   0.0000000E+00
   7.8094837E+01   0.0000000E+00
   7.8428575E+01   0.0000000E+00
   7.8762314E+01   0.0000000E+00
   7.9096053E+01   0.0000000E+00
   7.9429791E+01   0.0000000E+00
   7.9763530E+01   0.0000000E+00
   8.0097268E+01   0.0000000E+00
   8.0431007E+01   0.0000000E+00
   8.0764746E+01   0.0000000E+00
   8.1098484E+01   0.0000000E+00
   8.1432223E+01   0.0000000E+00
   8.1765961E+01   0.0000000E+00
   8.2099700E+01   0.0000000E+00
   8.2433439E+01   0.0000000E+00
   8.2767177E+01   0.0000000E+00
   8.3100916E+01   0.0000000E+00
   8.3434654E+01   0.0000000E+00
   8.3768393E+01   0.0000000E+00
   8.4102132E+01   0.0000000E+00
   8.4435870E+01   0.0000000E+00
   8.4769609E+01   0.0000000E+00
   8.5103347E+01   0.0000000E+00
   8.5437086E+01   0.0000000E+00
   8.5770825E+01   0.0000000E+00
   8.6104563E+01   0.0000000E+00
   8.6438302E+01   0.0000000E+00
   8.6772040E+01   0.0000000E+00
   8.7105779E+01   0.0000000E+00
   8.7439517E+01   0.0000000E+00
   8.7773256E+01   0.0000000E+00
   8.8106995E+01   0.0000000E+00
   8.8440733E+01   0.0000000E+00
   8.8774472E+01   0.0000000E+00
   8.9108210E+01   0.0000000E+00
   8.9441949E+01   0.0000000E+00
   8.9775688E+01   0.0000000E+00
   9.0109426E+01   0.0000000E+00
   9.0443165E+01   0.0000000E+00
   9.0776903E+01   0.0000000E+00
   9.1110642E+01   0.0000000E+00
   9.1444381E+01   0.0000000E+00
   9.1778119E+01   0.0000000E+00
   9.2111858E+01   0.0000000E+00
   9.2445596E+01   0.0000000E+00
   9.2779335E+01   0.0000000E+00
   9.3113074E+01   0.0000000E+00
   9.3446812E+01   0.0000000E+00
   9.3780551E+01   0.0000000E+00
   9.4114289E+01   0.0000000E+00
   9.4448028E+01   0.0000000E+00
   9.4781767E+01   0.0000000E+00
   9.5115505E+01   0.0000000E+00
   9.5449244E+01   0.0000000E+00
   9.5782982E+01   0.0000000E+00
   9.6116721E+01   0.0000000E+00
   9.6450460E+01   0.0000000E+00
   9.6784198E+01   0.0000000E+00
   9.7117937E+01   0.0000000E+00
   9.7451675E+01   0.0000000E+00
   9.7785414E+01   0.0000000E+00
   9.8119153E+01   0.0000000E+00
   9.8452891E+01   0.0000000E+00
   9.8786630E+01   0.0000000E+00
   9.9120368E+01   0.0000000E+00
   9.9454107E+01   0.0000000E+00
   9.9787846E+01   0.0000000E+00
   1.0012158E+02   0.0000000E+00
   1.0045532E+02   0.0000000E+00
   1.0078906E+02   0.0000000E+00
   1.0112280E+02   0.0000000E+00
   1.0145654E+02   0.0000000E+00
   1.0179028E+02   0.0000000E+00
   1.0212402E+02   0.0000000E+00
   1.0245775E+02   0.0000000E+00
   1.0279149E+02   0.0000000E+00
   1.0312523E+02   0.0000000E+00
   1.0345897E+02   0.0000000E+00
   1.0379271E+02   0.0000000E+00
   1.0412645E+02   0.0000000E+00
   1.0446019E+02   0.0000000E+00
   1.0479392E+02   0.0000000E+00
   1.0512766E+02   0.0000000E+00
   1.0546140E+02   0.0000000E+00
   1.0579514E+02   0.0000000E+00
   1.0612888E+02   0.0000000E+00
   1.0646262E+02   0.0000000E+00
   1.0679636E+02   0.0000000E+00
   1.0713009E+02   0.0000000E+00
   1.0746383E+02   0.0000000E+00
   1.0779757E+02   0.0000000E+00
   1.0813131E+02   0.0000000E+00
   1.0846505E+02   0.0000000E+00
   1.0879879E+02   0.0000000E+00
   1.0913253E+02   0.0000000E+00
   1.0946626E+02   0.0000000E+00
   1.0980000E+02   0.0000000E+00
   1.1013374E+02   0.0000000E+00
   1.1046748E+02   0.0000000E+00
   1.1080122E+02   0.0000000E+00
   1.1113496E+02   0.0000000E+00
   1.1146870E+02   0.0000000E+00
   1.1180243E+02   0.0000000E+00
   1.1213617E+02   0.0000000E+00
   1.1246991E+02   0.0000000E+00
   1.1280365E+02   0.0000000E+00
   1.1313739E+02   0.0000000E+00
   1.1347113E+02   0.0000000E+00
   1.1380487E+02   0.0000000E+00
   1.1413861E+02   0.0000000E+00
   1.1447234E+02   0.0000000E+00
   1.1480608E+02   0.0000000E+00
   1.1513982E+02   0.0000000E+00
   1.1547356E+02   0.0000000E+00
   1.1580730E+02   0.0000000E+00
   1.1614104E+02   0.0000000E+00
   1.1647478E+02   0.0000000E+00
   1.1680851E+02   0.0000000E+00
   1.1714225E+02   0.0000000E+00
   1.1747599E+02   0.0000000E+00
   1.1780973E+02   0.0000000E+00
   1.1814347E+02   0.0000000E+00
   1.1847721E+02   0.0000000E+00
   1.1881095E+02   0.0000000E+00
   1.1914468E+02   0.0000000E+00
   1.1947842E+02   0.0000000E+00
   1.1981216E+02   0.0000000E+00
   1.2014590E+02   0.0000000E+00
   1.2047964E+02   0.0000000E+00
   1.2081338E+02   0.0000000E+00
   1.2114712E+02   0.0000000E+00
   1.2148085E+02   0.0000000E+00
   1.2181459E+02   0.0000000E+00
   1.2214833E+02   0.0000000E+00
   1.2248207E+02   0.0000000E+00
   1.2281581E+02   0.0000000E+00
   1.2314955E+02   0.0000000E+00
   1.2348329E+02   0.0000000E+00
   1.2381702E+02   0.0000000E+00
   1.2415076E+02   0.0000000E+00
   1.2448450E+02   0.0000000E+00
   1.2481824E+02   0.0000000E+00
   1.2515198E+02   0.0000000E+00
   1.2548572E+02   0.0000000E+00
   1.2581946E+02   0.0000000E+00
   1.2615319E+02   0.0000000E+00
   1.2648693E+02   0.0000000E+00
   1.2682067E+02   0.0000000E+00
   1.2715441E+02   0.0000000E+00
   1.2748815E+02   0.0000000E+00
   1.2782189E+02   0.0000000E+00
   1.2815563E+02   0.0000000E+00
   1.2848936E+02   0.0000000E+00
   1.2882310E+02   0.0000000E+00
   1.2915684E+02   0.0000000E+00
   1.2949058E+02   0.0000000E+00
   1.2982432E+02   0.0000000E+00
   1.3015806E+02   0.0000000E+00
   1.3049180E+02   0.0000000E+00
   1.3082553E+02   0.0000000E+00
   1.3115927E+02   0.0000000E+00
   1.3149301E+02   0.0000000E+00
   1.3182675E+02   0.0000000E+00
   1.3216049E+02   0.0000000E+00
   1.3249423E+02   0.0000000E+00
   1.3282797E+02   0.0000000E+00
   1.3316171E+02   0.0000000E+00
   1.3349544E+02   0.0000000E+00
   1.3382918E+02   0.0000000E+00
   1.3416292E+02   0.0000000E+00
   1.3449666E+02   0.0000000E+00
   1.3483040E+02   0.0000000E+00
   1.3516414E+02   0.0000000E+00
   1.3549788E+02   0.0000000E+00
   1.3583161E+02   0.0000000E+00
   1.3616535E+02   0.0000000E+00
   1.3649909E+02   0.0000000E+00
   1.3683283E+02   0.0000000E+00
   1.3716657E+02   0.0000000E+00
   1.3750031E+02   0.0000000E+00
   1.3783405E+02   0.0000000E+00
   1.3816778E+02   0.0000000E+00
   1.3850152E+02   0.0000000E+00
   1.3883526E+02   0.0000000E+00
   1.3916900E+02   0.0000000E+00
   1.3950274E+02   0.0000000E+00
   1.3983648E+02   0.0000000E+00
   1.4017022E+02   0.0000000E+00
   1.4050395E+02   0.0000000E+00
   1.4083769E+02   0.0000000E+00
   1.4117143E+02   0.0000000E+00
   1.4150517E+02   0.0000000E+00
   1.4183891E+02   0.0000000E+00
   1.4217265E+02   0.0000000E+00
   1.4250639E+02   0.0000000E+00
   1.4284012E+02   0.0000000E+00
   1.4317386E+02   0.0000000E+00
   1.4350760E+02   0.0000000E+00
   1.4384134E+02   0.0000000E+00
   1.4417508E+02   0.0000000E+00
   1.4450882E+02   0.0000000E+00
   1.4484256E+02   0.0000000E+00
   1.4517629E+02   0.0000000E+00
   1.4551003E+02   0.0000000E+00
   1.4584377E+02   0.0000000E+00
   1.4617751E+02   1.4012985E-45
   1.4651125E+02   1.4012985E-45
   1.4684499E+02   4.2038954E-45
   1.4717873E+02   4.2038954E-45
   1.4751246E+02   4.2038954E-45
   1.4784620E+02   7.0064923E-45
   1.4817994E+02   7.0064923E-45
   1.4851368E+02   4.2038954E-45
   1.4884742E+02   4.2038954E-45
   1.4918116E+02   0.0000000E+00
   1.4951490E+02  -4.2038954E-45
   1.4984863E+02  -9.8090893E-45
   1.5018237E+02  -1.2611686E-44
   1.5051611E+02  -1.6815582E-44
   1.5084985E+02  -1.9618179E-44
   1.5118359E+02  -1.5414283E-44
   1.5151733E+02  -1.1210388E-44
   1.5185107E+02  -2.8025969E-45
   1.5218480E+02   8.4077908E-45
   1.5251854E+02   2.1019477E-44
   1.5285228E+02   3.6433760E-44
   1.5318602E+02   5.1848043E-44
   1.5351976E+02   6.1657132E-44
   1.5385350E+02   6.7262326E-44
   1.5418724E+02   6.4459729E-44
   1.5452098E+02   5.4650640E-44
   1.5485471E+02   3.6433760E-44
   1.5518845E+02   1.1210388E-44
   1.5552219E+02  -1.9618179E-44
   1.5585593E+02  -5.3249342E-44
   1.5618967E+02  -8.2676609E-44
   1.5652341E+02  -1.0369609E-43
   1.5685715E+02  -1.1070258E-43
   1.5719088E+02  -1.0509738E-43
   1.5752462E+02  -7.7071416E-44
   1.5785836E+02  -3.2229865E-44
   1.5819210E+02   2.6624671E-44
   1.5852584E+02   9.5288296E-44
   1.5885958E+02   1.6535322E-43
   1.5919332E+02   2.2420775E-43
   1.5952705E+02   2.5503632E-43
   1.5986079E+02   2.5643762E-43
   1.6019453E+02   2.2140516E-43
   1.6052827E+02   1.4293244E-43
   1.6086201E+02   2.5223372E-44
   1.6119575E+02  -1.1770907E-43
   1.6152949E+02  -2.7045060E-43
   1.6186322E+02  -4.0357396E-43
   1.6219696E+02  -5.0586875E-43
   1.6253070E+02  -5.4510510E-43
   1.6286444E+02  -5.0586875E-43
   1.6319818E+02  -3.7835059E-43
   1.6353192E+02  -1.6395192E-43
   1.6386566E+02   1.2471556E-43
   1.6419939E+02   4.4981681E-43
   1.6453313E+02   7.7071416E-43
   1.6486687E+02   1.0341583E-42
   1.6520061E+02   1.1897024E-42
   1.6553435E+02   1.1925050E-42
   1.6586809E+02   1.0047310E-42
   1.6620183E+02   6.1937392E-43
   1.6653556E+02   6.4459729E-44
   1.6686930E+02  -6.0956483E-43
   1.6720304E+02  -1.3228258E-42
   1.6753678E+02  -1.9660217E-42
   1.6787052E+02  -2.4256476E-42
   1.6820426E+02  -2.5952048E-42
   1.6853800E+02  -2.3864113E-42
   1.6887173E+02  -1.7530244E-42
   1.6920547E+02  -7.1886611E-43
   1.6953921E+02   6.4739989E-43
   1.6987295E+02   2.1748152E-42
   1.7020669E+02   3.6728033E-42
   1.7054043E+02   4.9017420E-42
   1.7087417E+02   5.6136016E-42
   1.7120790E+02   5.5925822E-42
   1.7154164E+02   4.7125667E-42
   1.7187538E+02   2.9273125E-42
   1.7220912E+02   3.4892332E-43
   1.7254286E+02  -2.7773736E-42
   1.7287660E+02  -6.0816353E-42
   1.7321034E+02  -9.0762102E-42
   1.7354408E+02  -1.1248223E-41
   1.7387781E+02  -1.2100212E-41
   1.7421155E+02  -1.1253828E-41
   1.7454529E+02  -8.5114869E-42
   1.7487903E+02  -3.9390500E-42
   1.7521277E+02   2.1117568E-42
   1.7554651E+02   8.9893296E-42
   1.7588025E+02   1.5798239E-41
   1.7621398E+02   2.1484708E-41
   1.7654772E+02   2.4968336E-41
   1.7688146E+02   2.5304648E-41
   1.7721520E+02   2.1864460E-41
   1.7754894E+02   1.4461400E-41
   1.7788268E+02   3.4948384E-42
   1.7821642E+02  -1.0029093E-41
   1.7855015E+02  -2.4526927E-41
   1.7888389E+02  -3.7979392E-41
   1.7921763E+02  -4.8162628E-41
   1.7955137E+02  -5.2936852E-41
   1.7988511E+02  -5.0598085E-41
   1.8021885E+02  -4.0211661E-41
   1.8055259E+02  -2.1882677E-41
   1.8088632E+02   3.0576332E-42
   1.8122006E+02   3.2047696E-41
   1.8155380E+02   6.1453944E-41
   1.8188754E+02   8.6936557E-41
   1.8222128E+02   1.0396794E-40
   1.8255502E+02   1.0848993E-40
   1.8288876E+02   9.7599037E-41
   1.8322249E+02   7.0185435E-41
   1.8355623E+02   2.7416404E-41
   1.8388997E+02  -2.7040856E-41
   1.8422371E+02  -8.7125732E-41
   1.8455745E+02  -1.4488165E-40
   1.8489119E+02  -1.9131367E-40
   1.8522493E+02  -2.1753477E-40
   1.8555866E+02  -2.1612647E-40
   1.8589240E+02  -1.8248549E-40
   1.8622614E+02  -1.1598127E-40
   1.8655988E+02  -2.0761638E-41
   1.8689362E+02   9.4067765E-41
   1.8722736E+02   2.1494377E-40
   1.8756110E+02   3.2506481E-40
   1.8789483E+02   4.0634573E-40
   1.8822857E+02   4.4186584E-40
   1.8856231E+02   4.1855104E-40
   1.8889605E+02   3.2976336E-40
   1.8922979E+02   1.7735954E-40
   1.8956353E+02  -2.7151559E-41
   1.8989727E+02  -2.6265658E-40
   1.9023100E+02  -4.9993004E-40
   1.9056474E+02  -7.0456166E-40
   1.9089848E+02  -8.4109157E-40
   1.9123222E+02  -8.7805362E-40
   1.9156596E+02  -7.9323723E-40
   1.9189970E+02  -5.7844760E-40
   1.9223344E+02  -2.4309025E-40
   1.9256718E+02   1.8433100E-40
   1.9290091E+02   6.5711509E-40
   1.9323465E+02   1.1141794E-39
   1.9356839E+02   1.4865128E-39
   1.9390213E+02   1.7058959E-39
   1.9423587E+02   1.7149091E-39
   1.9456961E+02   1.4770457E-39
   1.9490335E+02   9.8547576E-40
   1.9523708E+02   2.6891198E-40
   1.9557082E+02  -6.0662491E-40
   1.9590456E+02  -1.5411985E-39
   1.9623830E+02  -2.4097555E-39
   1.9657204E+02  -3.0760099E-39
   1.9690578E+02  -3.4102168E-39
   1.9723952E+02  -3.3089071E-39
   1.9757325E+02  -2.7141554E-39
   1.9790699E+02  -1.6293626E-39
   1.9824073E+02  -1.2892366E-40
   1.9857447E+02   1.6407201E-39
   1.9890821E+02   3.4702386E-39
   1.9924195E+02   5.1069594E-39
   1.9957569E+02   6.2839534E-39
   1.9990942E+02   6.7558827E-39
   2.0024316E+02   6.3376498E-39
   2.0057690E+02   4.9408607E-39
   2.0091064E+02   2.6024242E-39
   2.0124438E+02  -4.9992023E-40
   2.0157812E+02  -4.0496993E-39
   2.0191186E+02  -7.6138151E-39
   2.0224559E+02  -1.0685020E-38
   2.0257933E+02  -1.2741919E-38
   2.0291307E+02  -1.3320960E-38
   2.0324681E+02  -1.2092132E-38
   2.0358055E+02  -8.9282176E-39
   2.0391429E+02  -3.9567498E-39
   2.0424803E+02   2.4156354E-39
   2.0458176E+02   9.5144522E-39
   2.0491550E+02   1.6448558E-38
   2.0524924E+02   2.2200749E-38
   2.0558298E+02   2.5751348E-38
   2.0591672E+02   2.6222924E-38
   2.0625046E+02   2.3029083E-38
   2.0658420E+02   1.6006888E-38
   2.0691793E+02   5.5114050E-39
   2.0725167E+02  -7.5474145E-39
   2.0758541E+02  -2.1740488E-38
   2.0791915E+02  -3.5235176E-38
   2.0825289E+02  -4.5987824E-38
   2.0858663E+02  -5.1998901E-38
   2.0892037E+02  -5.1605148E-38
   2.0925410E+02  -4.3773672E-38
   2.0958784E+02  -2.8356261E-38
   2.0992158E+02  -6.2612510E-39
   2.1025532E+02   2.0495672E-38
   2.1058906E+02   4.8889756E-38
   2.1092280E+02   7.5145807E-38
   2.1125654E+02   9.5148289E-38
   2.1159027E+02   1.0496999E-37
   2.1192401E+02   1.0146471E-37
   2.1225775E+02   8.2850415E-38
   2.1259149E+02   4.9197751E-38
   2.1292523E+02   2.7386809E-39
   2.1325897E+02  -5.2080894E-38
   2.1359271E+02  -1.0885533E-37
   2.1392645E+02  -1.5979754E-37
   2.1426018E+02  -1.9661469E-37
   2.1459392E+02  -2.1160741E-37
   2.1492766E+02  -1.9887425E-37
   2.1526140E+02  -1.5546695E-37
   2.1559514E+02  -8.2322697E-38
   2.1592888E+02   1.5199044E-38
   2.1626262E+02   1.2732052E-37
   2.1659635E+02   2.4048407E-37
   2.1693009E+02   3.3864339E-37
   2.1726383E+02   4.0513561E-37
   2.1759757E+02   4.2496643E-37
   2.1793131E+02   3.8725127E-37
   2.1826505E+02   2.8748929E-37
   2.1859879E+02   1.2931321E-37
   2.1893252E+02  -7.4626901E-38
   2.1926626E+02  -3.0292436E-37
   2.1960000E+02  -5.2698136E-37
   2.1993374E+02  -7.1388081E-37
   2.2026748E+02  -8.3037763E-37
   2.2060122E+02  -8.4762495E-37
   2.2093496E+02  -7.4608744E-37
   2.2126869E+02  -5.1995769E-37
   2.2160243E+02  -1.8035731E-37
   2.2193617E+02   2.4335012E-37
   2.2226991E+02   7.0465300E-37
   2.2260365E+02   1.1436454E-36
   2.2293739E+02   1.4933618E-36
   2.2327113E+02   1.6882196E-36
   2.2360486E+02   1.6737109E-36
   2.2393860E+02   1.4161607E-36
   2.2427234E+02   9.1114946E-37
   2.2460608E+02   1.8915233E-37
   2.2493982E+02  -6.8289637E-37
   2.2527356E+02  -1.6050373E-36
   2.2560730E+02  -2.4530813E-36
   2.2594103E+02  -3.0924003E-36
   2.2627477E+02  -3.3955787E-36
   2.2660851E+02  -3.2620270E-36
   2.2694225E+02  -2.6370435E-36
   2.2727599E+02  -1.5274853E-36
   2.2760973E+02  -1.1194065E-38
   2.2794347E+02   1.7622416E-36
   2.2827720E+02   3.5809652E-36
   2.2861094E+02   5.1909268E-36
   2.2894468E+02   6.3254410E-36
   2.2927842E+02   6.7415390E-36
   2.2961216E+02   6.2590016E-36
   2.2994590E+02   4.7968715E-36
   2.3027964E+02   2.4017368E-36
   2.3061337E+02  -7.3768584E-37
   2.3094711E+02  -4.2940563E-36
   2.3128085E+02  -7.8255279E-36
   2.3161459E+02  -1.0820414E-35
   2.3194833E+02  -1.2759354E-35
   2.3228207E+02  -1.3188900E-35
   2.3261581E+02  -1.1797759E-35
   2.3294955E+02  -8.4851400E-36
   2.3328328E+02  -3.4099743E-36
   2.3361702E+02   2.9892088E-36
   2.3395076E+02   1.0011473E-35
   2.3428450E+02   1.6751334E-35
   2.3461824E+02   2.2195580E-35
   2.3495198E+02   2.5351479E-35
   2.3528572E+02   2.5392908E-35
   2.3561945E+02   2.1806354E-35
   2.3595319E+02   1.4515590E-35
   2.3628693E+02   3.9636494E-36
   2.3662067E+02  -8.8666971E-36
   2.3695441E+02  -2.2506812E-35
   2.3728815E+02  -3.5134662E-35
   2.3762189E+02  -4.4779505E-35
   2.3795562E+02  -4.9580871E-35
   2.3828936E+02  -4.8073213E-35
   2.3862310E+02  -3.9459618E-35
   2.3895684E+02  -2.3833006E-35
   2.3929058E+02  -2.3050423E-36
   2.3962432E+02   2.2990732E-35
   2.3995806E+02   4.9041923E-35
   2.4029179E+02   7.2249143E-35
   2.4062553E+02   8.8848219E-35
   2.4095927E+02   9.5422975E-35
   2.4129301E+02   8.9448961E-35
   2.4162675E+02   6.9795287E-35
   2.4196049E+02   3.7105785E-35
   2.4229423E+02  -6.0140828E-36
   2.4262796E+02  -5.5061676E-35
   2.4296170E+02  -1.0398306E-34
   2.4329544E+02  -1.4579481E-34
   2.4362918E+02  -1.7343564E-34
   2.4396292E+02  -1.8076148E-34
   2.4429666E+02  -1.6356464E-34
   2.4463040E+02  -1.2047381E-34
   2.4496413E+02  -5.3589364E-35
   2.4529787E+02   3.1278745E-35
   2.4563161E+02   1.2486528E-34
   2.4596535E+02   2.1523563E-34
   2.4629909E+02   2.8907245E-34
   2.4663283E+02   3.3335716E-34
   2.4696657E+02   3.3726609E-34
   2.4730030E+02   2.9404390E-34
   2.4763404E+02   2.0258557E-34
   2.4796778E+02   6.8455189E-35
   2.4830152E+02  -9.5886980E-35
   2.4863526E+02  -2.7180253E-34
   2.4896900E+02  -4.3617847E-34
   2.4930274E+02  -5.6402331E-34
   2.4963647E+02  -6.3172141E-34
   2.4997021E+02  -6.2058461E-34
   2.5030395E+02  -5.2023817E-34
   2.5063769E+02  -3.3134210E-34
   2.5097143E+02  -6.7156957E-35
   2.5130517E+02   2.4643594E-34
   2.5163891E+02   5.7269529E-34
   2.5197264E+02   8.6757847E-34
   2.5230638E+02   1.0848600E-33
   2.5264012E+02   1.1823218E-33
   2.5297386E+02   1.1282975E-33
   2.5330760E+02   9.0770186E-34
   2.5364134E+02   5.2661642E-34
   2.5397508E+02   1.4577645E-35
   2.5430882E+02  -5.7609922E-34
   2.5464255E+02  -1.1742966E-33
   2.5497629E+02  -1.6972979E-33
   2.5531003E+02  -2.0606805E-33
   2.5564377E+02  -2.1898951E-33
   2.5597751E+02  -2.0321636E-33
   2.5631125E+02  -1.5670640E-33
   2.5664499E+02  -8.1413113E-34
   2.5697872E+02   1.6402113E-34
   2.5731246E+02   1.2641492E-33
   2.5764620E+02   2.3508594E-33
   2.5797994E+02   3.2708042E-33
   2.5831368E+02   3.8714458E-33
   2.5864742E+02   4.0224087E-33
   2.5898116E+02   3.6368465E-33
   2.5931489E+02   2.6898139E-33
   2.5964863E+02   1.2306845E-33
   2.5998237E+02  -6.1297163E-34
   2.6031611E+02  -2.6418150E-33
   2.6064985E+02  -4.6020321E-33
   2.6098359E+02  -6.2126529E-33
   2.6131733E+02  -7.2005230E-33
   2.6165106E+02  -7.3391725E-33
   2.6198480E+02  -6.4867569E-33
   2.6231854E+02  -4.6176864E-33
   2.6265228E+02  -1.8426965E-33
   2.6298602E+02   1.5870357E-33
   2.6331976E+02   5.2945357E-33
   2.6365350E+02   8.8110435E-33
   2.6398723E+02   1.1627408E-32
   2.6432097E+02   1.3258229E-32
   2.6465471E+02   1.3311704E-32
   2.6498845E+02   1.1556383E-32
   2.6532219E+02   7.9752575E-33
   2.6565593E+02   2.7980310E-33
   2.6598967E+02  -3.4958673E-33
   2.6632340E+02  -1.0207927E-32
   2.6665714E+02  -1.6485302E-32
   2.6699088E+02  -2.1415485E-32
   2.6732462E+02  -2.4142087E-32
   2.6765836E+02  -2.3988786E-32
   2.6799210E+02  -2.0575780E-32
   2.6832584E+02  -1.3911805E-32
   2.6865957E+02  -4.4459775E-33
   2.6899331E+02   6.9329716E-33
   2.6932705E+02   1.8957045E-32
   2.6966079E+02   3.0098674E-32
   2.6999453E+02   3.8741578E-32
   2.7032827E+02   4.3386356E-32
   2.7066201E+02   4.2867813E-32
   2.7099574E+02   3.6556164E-32
   2.7132948E+02   2.4512898E-32
   2.7166322E+02   7.5744330E-33
   2.7199696E+02  -1.2657312E-32
   2.7233070E+02  -3.3928135E-32
   2.7266444E+02  -5.3547059E-32
   2.7299818E+02  -6.8688249E-32
   2.7333192E+02  -7.6750489E-32
   2.7366565E+02  -7.5732905E-32
   2.7399939E+02  -6.4579409E-32
   2.7433313E+02  -4.3441205E-32
   2.7466687E+02  -1.3812367E-32
   2.7500061E+02   2.1496165E-32
   2.7533435E+02   5.8560977E-32
   2.7566809E+02   9.2724370E-32
   2.7600182E+02   1.1911792E-31
   2.7633556E+02   1.3327990E-31
   2.7666930E+02   1.3179631E-31
   2.7700304E+02   1.1288345E-31
   2.7733678E+02   7.6826966E-32
   2.7767052E+02   2.6202163E-32
   2.7800426E+02  -3.4181495E-32
   2.7833799E+02  -9.7637630E-32
   2.7867173E+02  -1.5625193E-31
   2.7900547E+02  -2.0177238E-31
   2.7933921E+02  -2.2665247E-31
   2.7967295E+02  -2.2512837E-31
   2.8000669E+02  -1.9419117E-31
   2.8034043E+02  -1.3431408E-31
   2.8067416E+02  -4.9808452E-32
   2.8100790E+02   5.1282011E-32
   2.8134164E+02   1.5779027E-31
   2.8167538E+02   2.5651732E-31
   2.8200912E+02   3.3371979E-31
   2.8234286E+02   3.7684332E-31
   2.8267660E+02   3.7630424E-31
   2.8301033E+02   3.2708869E-31
   2.8334407E+02   2.2993911E-31
   2.8367781E+02   9.1924187E-32
   2.8401155E+02  -7.3755723E-32
   2.8434529E+02  -2.4878807E-31
   2.8467903E+02  -4.1155421E-31
   2.8501277E+02  -5.3957612E-31
   2.8534650E+02  -6.1235253E-31
   2.8568024E+02  -6.1425918E-31
   2.8601398E+02  -5.3713791E-31
   2.8634772E+02  -3.8219939E-31
   2.8668146E+02  -1.6091272E-31
   2.8701520E+02   1.0534940E-31
   2.8734894E+02   3.8700126E-31
   2.8768267E+02   6.4920009E-31
   2.8801641E+02   8.5581744E-31
   2.8835015E+02   9.7401894E-31
   2.8868389E+02   9.7891596E-31
   2.8901763E+02   8.5768789E-31
   2.8935137E+02   6.1257390E-31
   2.8968511E+02   2.6221567E-31
   2.9001884E+02  -1.5900569E-31
   2.9035258E+02  -6.0376945E-31
   2.9068632E+02  -1.0166205E-30
   2.9102006E+02  -1.3403622E-30
   2.9135380E+02  -1.5233696E-30
   2.9168754E+02  -1.5269606E-30
   2.9202128E+02  -1.3318593E-30
   2.9235501E+02  -9.4279979E-31
   2.9268875E+02  -3.9046488E-31
   2.9302249E+02   2.6978352E-31
   2.9335623E+02   9.6256512E-31
   2.9368997E+02   1.6002793E-30
   2.9402371E+02   2.0933486E-30
   2.9435745E+02   2.3618194E-30
   2.9469119E+02   2.3469343E-30
   2.9502492E+02   2.0211375E-30
   2.9535866E+02   1.3950244E-30
   2.9569240E+02   5.1999413E-31
   2.9602614E+02  -5.1421779E-31
   2.9635988E+02  -1.5873398E-30
   2.9669362E+02  -2.5612455E-30
   2.9702736E+02  -3.2963465E-30
   2.9736109E+02  -3.6699389E-30
   2.9769483E+02  -3.5942686E-30
   2.9802857E+02  -3.0318971E-30
   2.9836231E+02  -2.0060343E-30
   2.9869605E+02  -6.0394163E-31
   2.9902979E+02   1.0278024E-30
   2.9936353E+02   2.6964135E-30
   2.9969726E+02   4.1835487E-30
   3.0003100E+02   5.2715546E-30
   3.0036474E+02   5.7724491E-30
   3.0069848E+02   5.5560694E-30
   3.0103222E+02   4.5735702E-30
   3.0136596E+02   2.8726690E-30
   3.0169970E+02   6.0170199E-31
   3.0203343E+02  -1.9992037E-30
   3.0236717E+02  -4.6200896E-30
   3.0270091E+02  -6.9147340E-30
   3.0303465E+02  -8.5426188E-30
   3.0336839E+02  -9.2146509E-30
   3.0370213E+02  -8.7369631E-30
   3.0403587E+02  -7.0468234E-30
   3.0436960E+02  -4.2350274E-30
   3.0470334E+02  -5.5040144E-31
   3.0503708E+02   3.6161065E-30
   3.0537082E+02   7.7677675E-30
   3.0570456E+02   1.1356258E-29
   3.0603830E+02   1.3848372E-29
   3.0637204E+02   1.4797841E-29
   3.0670577E+02   1.3913208E-29
   3.0703951E+02   1.1112569E-29
   3.0737325E+02   6.5563816E-30
   3.0770699E+02   6.5193425E-31
   3.0804073E+02  -5.9742166E-30
   3.0837447E+02  -1.2535441E-29
   3.0870821E+02  -1.8171378E-29
   3.0904194E+02  -2.2052870E-29
   3.0937568E+02  -2.3493541E-29
   3.0970942E+02  -2.2054158E-29
   3.1004316E+02  -1.7625145E-29
   3.1037690E+02  -1.0474339E-29
   3.1071064E+02  -1.2501546E-30
   3.1104438E+02   9.0647895E-30
   3.1137811E+02   1.9248385E-29
   3.1171185E+02   2.7974524E-29
   3.1204559E+02   3.3975625E-29
   3.1237933E+02   3.6213483E-29
   3.1271307E+02   3.4036858E-29
   3.1304681E+02   2.7303858E-29
   3.1338055E+02   1.6449432E-29
   3.1371429E+02   2.4839625E-30
   3.1404802E+02  -1.3083652E-29
   3.1438176E+02  -2.8395592E-29
   3.1471550E+02  -4.1454586E-29
   3.1504924E+02  -5.0371557E-29
   3.1538298E+02  -5.3622392E-29
   3.1571672E+02  -5.0280855E-29
   3.1605046E+02  -4.0194802E-29
   3.1638419E+02  -2.4076953E-29
   3.1671793E+02  -3.4903839E-30
   3.1705167E+02   1.9279291E-29
   3.1738541E+02   4.1458742E-29
   3.1771915E+02   6.0107509E-29
   3.1805289E+02   7.2489945E-29
   3.1838663E+02   7.6454050E-29
   3.1872036E+02   7.0767453E-29
   3.1905410E+02   5.5361982E-29
   3.1938784E+02   3.1446115E-29
   3.1972158E+02   1.4580189E-30
   3.2005532E+02  -3.1148998E-29
   3.2038906E+02  -6.2275504E-29
   3.2072280E+02  -8.7664196E-29
   3.2105653E+02  -1.0345323E-28
   3.2139027E+02  -1.0672631E-28
   3.2172401E+02  -9.5986182E-29
   3.2205775E+02  -7.1480559E-29
   3.2239149E+02  -3.5323716E-29
   3.2272523E+02   8.6211674E-30
   3.2305897E+02   5.5105273E-29
   3.2339270E+02   9.8076177E-29
   3.2372644E+02   1.3142067E-28
   3.2406018E+02   1.4978297E-28
   3.2439392E+02   1.4935500E-28
   3.2472766E+02   1.2852973E-28
   3.2506140E+02   8.8316930E-29
   3.2539514E+02   3.2443482E-29
   3.2572887E+02  -3.2904296E-29
   3.2606261E+02  -9.9694078E-29
   3.2639635E+02  -1.5896708E-28
   3.2673009E+02  -2.0196686E-28
   3.2706383E+02  -2.2134458E-28
   3.2739757E+02  -2.1228445E-28
   3.2773131E+02  -1.7338952E-28
   3.2806504E+02  -1.0718650E-28
   3.2839878E+02  -2.0145146E-29
   3.2873252E+02   7.7834557E-29
   3.2906626E+02   1.7444741E-28
   3.2940000E+02   2.5642912E-28
   3.2973374E+02   3.1126641E-28
   3.3006748E+02   3.2896395E-28
   3.3040121E+02   3.0363441E-28
   3.3073495E+02   2.3467996E-28
   3.3106869E+02   1.2736684E-28
   3.3140243E+02  -7.3404127E-30
   3.3173617E+02  -1.5373233E-28
   3.3206991E+02  -2.9303847E-28
   3.3240365E+02  -4.0568352E-28
   3.3273739E+02  -4.7386307E-28
   3.3307112E+02  -4.8411985E-28
   3.3340486E+02  -4.2957506E-28
   3.3373860E+02  -3.1147752E-28
   3.3407234E+02  -1.3980260E-28
   3.3440608E+02   6.7271770E-29
   3.3473982E+02   2.8504449E-28
   3.3507356E+02   4.8500670E-28
   3.3540729E+02   6.3832449E-28
   3.3574103E+02   7.1969354E-28
   3.3607477E+02   7.1107953E-28
   3.3640851E+02   6.0483450E-28
   3.3674225E+02   4.0571226E-28
   3.3707599E+02   1.3141275E-28
   3.3740973E+02  -1.8855446E-28
   3.3774346E+02  -5.1568970E-28
   3.3807720E+02  -8.0678337E-28
   3.3841094E+02  -1.0192227E-27
   3.3874468E+02  -1.1167114E-27
   3.3907842E+02  -1.0746804E-27
   3.3941216E+02  -8.8464626E-28
   3.3974590E+02  -5.5684610E-28
   3.4007963E+02  -1.2064492E-28
   3.4041337E+02   3.7753598E-28
   3.4074711E+02   8.7871459E-28
   3.4108085E+02   1.3178927E-27
   3.4141459E+02   1.6319691E-27
   3.4174833E+02   1.7681067E-27
   3.4208207E+02   1.6914923E-27
   3.4241580E+02   1.3914368E-27
   3.4274954E+02   8.8487304E-28
   3.4308328E+02   2.1658132E-28
   3.4341702E+02  -5.4415119E-28
   3.4375076E+02  -1.3103048E-27
   3.4408450E+02  -1.9867281E-27
   3.4441824E+02  -2.4815551E-27
   3.4475197E+02  -2.7181050E-27
   3.4508571E+02  -2.6457736E-27
   3.4541945E+02  -2.2484319E-27
   3.4575319E+02  -1.5490682E-27
   3.4608693E+02  -6.0979704E-28
   3.4642067E+02   4.7311514E-28
   3.4675441E+02   1.5789080E-27
   3.4708814E+02   2.5757826E-27
   3.4742188E+02   3.3366821E-27
   3.4775562E+02   3.7555256E-27
   3.4808936E+02   3.7618481E-27
   3.4842310E+02   3.3318465E-27
   3.4875684E+02   2.4941756E-27
   3.4909058E+02   1.3293945E-27
   3.4942431E+02  -3.7262881E-29
   3.4975805E+02  -1.4493044E-27
   3.5009179E+02  -2.7372087E-27
   3.5042553E+02  -3.7394237E-27
   3.5075927E+02  -4.3235456E-27
   3.5109301E+02  -4.4049250E-27
   3.5142675E+02  -3.9600979E-27
   3.5176048E+02  -3.0329250E-27
   3.5209422E+02  -1.7321924E-27
   3.5242796E+02  -2.2040949E-28
   3.5276170E+02   1.3052415E-27
   3.5309544E+02   2.6378176E-27
   3.5342918E+02   3.5883954E-27
   3.5376292E+02   4.0132224E-27
   3.5409666E+02   3.8365014E-27
   3.5443039E+02   3.0654276E-27
   3.5476413E+02   1.7948564E-27
   3.5509787E+02   2.0017645E-28
   3.5543161E+02  -1.4815595E-27
   3.5576535E+02  -2.9806543E-27
   3.5609909E+02  -4.0308165E-27
   3.5643283E+02  -4.4079598E-27
   3.5676656E+02  -3.9667601E-27
   3.5710030E+02  -2.6697719E-27
   3.5743404E+02  -6.0458947E-28
   3.5776778E+02   2.0144511E-27
   3.5810152E+02   4.8616943E-27
   3.5843526E+02   7.5323374E-27
   3.5876900E+02   9.5887930E-27
   3.5910273E+02   1.0616525E-26
   3.5943647E+02   1.0283162E-26
   3.5977021E+02   8.3934500E-27
   3.6010395E+02   4.9327068E-27
   3.6043769E+02   9.2017851E-29
   3.6077143E+02  -5.7298696E-27
   3.6110517E+02  -1.1950592E-26
   3.6143890E+02  -1.7853771E-26
   3.6177264E+02  -2.2660792E-26
   3.6210638E+02  -2.5618135E-26
   3.6244012E+02  -2.6091445E-26
   3.6277386E+02  -2.3655524E-26
   3.6310760E+02  -1.8169504E-26
   3.6344134E+02  -9.8264929E-27
   3.6377507E+02   8.3026070E-28
   3.6410881E+02   1.2929888E-26
   3.6444255E+02   2.5336180E-26
   3.6477629E+02   3.6746158E-26
   3.6511003E+02   4.5817091E-26
   3.6544377E+02   5.1310361E-26
   3.6577751E+02   5.2237272E-26
   3.6611124E+02   4.7991139E-26
   3.6644498E+02   3.8449500E-26
   3.6677872E+02   2.4032940E-26
   3.6711246E+02   5.7103345E-27
   3.6744620E+02  -1.5054406E-26
   3.6777994E+02  -3.6413074E-26
   3.6811368E+02  -5.6293817E-26
   3.6844741E+02  -7.2598351E-26
   3.6878115E+02  -8.3417616E-26
   3.6911489E+02  -8.7243505E-26
   3.6944863E+02  -8.3154500E-26
   3.6978237E+02  -7.0952905E-26
   3.7011611E+02  -5.1236223E-26
   3.7044985E+02  -2.5390004E-26
   3.7078358E+02   4.5021116E-27
   3.7111732E+02   3.5827079E-26
   3.7145106E+02   6.5677157E-26
   3.7178480E+02   9.1129766E-26
   3.7211854E+02   1.0954534E-25
   3.7245228E+02   1.1885263E-25
   3.7278602E+02   1.1778959E-25
   3.7311976E+02   1.0607198E-25
   3.7345349E+02   8.4466499E-26
   3.7378723E+02   5.4755680E-26
   3.7412097E+02   1.9591700E-26
   3.7445471E+02  -1.7750233E-26
   3.7478845E+02  -5.3698181E-26
   3.7512219E+02  -8.4756128E-26
   3.7545593E+02  -1.0788517E-25
   3.7578966E+02  -1.2084919E-25
   3.7612340E+02  -1.2248469E-25
   3.7645714E+02  -1.1285925E-25
   3.7679088E+02  -9.3293427E-26
   3.7712462E+02  -6.6237248E-26
   3.7745836E+02  -3.5005641E-26
   3.7779210E+02  -3.3972418E-27
   3.7812583E+02   2.4764624E-26
   3.7845957E+02   4.6119508E-26
   3.7879331E+02   5.8225404E-26
   3.7912705E+02   5.9926657E-26
   3.7946079E+02   5.1579011E-26
   3.7979453E+02   3.5094323E-26
   3.8012827E+02   1.3783193E-26
   3.8046200E+02  -8.0025748E-27
   3.8079574E+02  -2.5399509E-26
   3.8112948E+02  -3.3686197E-26
   3.8146322E+02  -2.8987557E-26
   3.8179696E+02  -8.9502186E-27
   3.8213070E+02   2.6702535E-26
   3.8246444E+02   7.5816177E-26
   3.8279817E+02   1.3371964E-25
   3.8313191E+02   1.9345216E-25
   3.8346565E+02   2.4631033E-25
   3.8379939E+02   2.8269205E-25
   3.8413313E+02   2.9317175E-25
   3.8446687E+02   2.6971317E-25
   3.8480061E+02   2.0689028E-25
   3.8513434E+02   1.0298524E-25
   3.8546808E+02  -3.9182647E-26
   3.8580182E+02  -2.1182047E-25
   3.8613556E+02  -4.0221602E-25
   3.8646930E+02  -5.9333976E-25
   3.8680304E+02  -7.6499786E-25
   3.8713678E+02  -8.9548275E-25
   3.8747051E+02  -9.6360770E-25
   3.8780425E+02  -9.5096867E-25
   3.8813799E+02  -8.4422168E-25
   3.8847173E+02  -6.3715930E-25
   3.8880547E+02  -3.3235336E-25
   3.8913921E+02   5.7844902E-26
   3.8947295E+02   5.1110835E-25
   3.8980668E+02   9.9584815E-25
   3.9014042E+02   1.4728663E-24
   3.9047416E+02   1.8978928E-24
   3.9080790E+02   2.2248599E-24
   3.9114164E+02   2.4097117E-24
   3.9147538E+02   2.4144648E-24
   3.9180912E+02   2.2112063E-24
   3.9214285E+02   1.7857164E-24
   3.9247659E+02   1.1403808E-24
   3.9281033E+02   2.9613363E-25
   3.9314407E+02  -7.0679142E-25
   3.9347781E+02  -1.8094757E-24
   3.9381155E+02  -2.9363458E-24
   3.9414529E+02  -3.9986476E-24
   3.9447903E+02  -4.8992924E-24
   3.9481276E+02  -5.5389427E-24
   3.9514650E+02  -5.8231416E-24
   3.9548024E+02  -5.6702225E-24
   3.9581398E+02  -5.0196710E-24
   3.9614772E+02  -3.8404739E-24
   3.9648146E+02  -2.1389265E-24
   3.9681520E+02   3.4768256E-26
   3.9714893E+02   2.5819291E-24
   3.9748267E+02   5.3537276E-24
   3.9781641E+02   8.1533492E-24
   3.9815015E+02   1.0742866E-23
   3.9848389E+02   1.2855492E-23
   3.9881763E+02   1.4213530E-23
   3.9915137E+02   1.4551762E-23
   3.9948510E+02   1.3645441E-23
   3.9981884E+02   1.1341015E-23
   4.0015258E+02   7.5870780E-24
   4.0048632E+02   2.4620828E-24
   4.0082006E+02  -3.8051432E-24
   4.0115380E+02  -1.0826219E-23
   4.0148754E+02  -1.8059393E-23
   4.0182127E+02  -2.4834021E-23
   4.0215501E+02  -3.0394918E-23
   4.0248875E+02  -3.3966069E-23
   4.0282249E+02  -3.4830566E-23
   4.0315623E+02  -3.2420833E-23
   4.0348997E+02  -2.6410841E-23
   4.0382371E+02  -1.6799407E-23
   4.0415744E+02  -3.9728708E-24
   4.0449118E+02   1.1264890E-23
   4.0482492E+02   2.7705281E-23
   4.0515866E+02   4.3797930E-23
   4.0549240E+02   5.7765861E-23
   4.0582614E+02   6.7769160E-23
   4.0615988E+02   7.2106689E-23
   4.0649361E+02   6.9437847E-23
   4.0682735E+02   5.9001678E-23
   4.0716109E+02   4.0805282E-23
   4.0749483E+02   1.5753030E-23
   4.0782857E+02  -1.4310562E-23
   4.0816231E+02  -4.6664713E-23
   4.0849605E+02  -7.7894934E-23
   4.0882978E+02  -1.0419233E-22
   4.0916352E+02  -1.2175311E-22
   4.0949726E+02  -1.2724639E-22
   4.0983100E+02  -1.1830321E-22
   4.1016474E+02  -9.3969281E-23
   4.1049848E+02  -5.5057619E-23
   4.1083222E+02  -4.3387350E-24
   4.1116595E+02   5.3484466E-23
   4.1149969E+02   1.1205220E-22
   4.1183343E+02   1.6388255E-22
   4.1216717E+02   2.0114361E-22
   4.1250091E+02   2.1660586E-22
   4.1283465E+02   2.0468406E-22
   4.1316839E+02   1.6245105E-22
   4.1350213E+02   9.0486360E-23
   4.1383586E+02  -6.5787418E-24
   4.1416960E+02  -1.1994622E-22
   4.1450334E+02  -2.3705879E-22
   4.1483708E+02  -3.4257081E-22
   4.1517082E+02  -4.1985969E-22
   4.1550456E+02  -4.5297867E-22
   4.1583830E+02  -4.2887729E-22
   4.1617203E+02  -3.3965023E-22
   4.1650577E+02  -1.8452692E-22
   4.1683951E+02   2.8703196E-23
   4.1717325E+02   2.8311562E-22
   4.1750699E+02   5.5315593E-22
   4.1784073E+02   8.0635307E-22
   4.1817447E+02   1.0062374E-21
   4.1850820E+02   1.1163059E-21
   4.1884194E+02   1.1047079E-21
   4.1917568E+02   9.4918248E-22
   4.1950942E+02   6.4165719E-22
   4.1984316E+02   1.9186122E-22
   4.2017690E+02  -3.7068417E-22
   4.2051064E+02  -9.9683564E-22
   4.2084437E+02  -1.6205179E-21
   4.2117811E+02  -2.1640319E-21
   4.2151185E+02  -2.5457695E-21
   4.2184559E+02  -2.6897676E-21
   4.2217933E+02  -2.5362218E-21
   4.2251307E+02  -2.0517892E-21
   4.2284681E+02  -1.2383429E-21
   4.2318054E+02  -1.3880191E-22
   4.2351428E+02   1.1612063E-21
   4.2384802E+02   2.5367792E-21
   4.2418176E+02   3.8327192E-21
   4.2451550E+02   4.8778707E-21
   4.2484924E+02   5.5039305E-21
   4.2518298E+02   5.5671028E-21
   4.2551671E+02   4.9703344E-21
   4.2585045E+02   3.6834038E-21
   4.2618419E+02   1.7578963E-21
   4.2651793E+02  -6.6570874E-22
   4.2685167E+02  -3.3611537E-21
   4.2718541E+02  -6.0310611E-21
   4.2751915E+02  -8.3332816E-21
   4.2785288E+02  -9.9175046E-21
   4.2818662E+02  -1.0469232E-20
   4.2852036E+02  -9.7565889E-21
   4.2885410E+02  -7.6743927E-21
   4.2918784E+02  -4.2792258E-21
   4.2952158E+02   1.9071764E-22
   4.2985532E+02   5.3162389E-21
   4.3018905E+02   1.0521751E-20
   4.3052279E+02   1.5124817E-20
   4.3085653E+02   1.8408425E-20
   4.3119027E+02   1.9710384E-20
   4.3152401E+02   1.8520894E-20
   4.3185775E+02   1.4576761E-20
   4.3219149E+02   7.9390364E-21
   4.3252522E+02  -9.5913975E-22
   4.3285896E+02  -1.1306162E-20
   4.3319270E+02  -2.1955060E-20
   4.3352644E+02  -3.1518897E-20
   4.3386018E+02  -3.8514731E-20
   4.3419392E+02  -4.1545250E-20
   4.3452766E+02  -3.9500097E-20
   4.3486140E+02  -3.1753360E-20
   4.3519513E+02  -1.8330027E-20
   4.3552887E+02  -1.3796306E-23
   4.3586261E+02   2.1628038E-20
   4.3619635E+02   4.4319988E-20
   4.3653009E+02   6.5260763E-20
   4.3686383E+02   8.1405946E-20
   4.3719757E+02   8.9829928E-20
   4.3753130E+02   8.8131642E-20
   4.3786504E+02   7.4837247E-20
   4.3819878E+02   4.9745466E-20
   4.3853252E+02   1.4160271E-20
   4.3886626E+02  -2.9037969E-20
   4.3920000E+02  -7.5518423E-20
   4.3953374E+02  -1.1983727E-19
   4.3986747E+02  -1.5597535E-19
   4.4020121E+02  -1.7803631E-19
   4.4053495E+02  -1.8103834E-19
   4.4086869E+02  -1.6170898E-19
   4.4120243E+02  -1.1917970E-19
   4.4153617E+02  -5.5473814E-20
   4.4186991E+02   2.4307982E-20
   4.4220364E+02   1.1217279E-19
   4.4253738E+02   1.9782331E-19
   4.4287112E+02   2.6963007E-19
   4.4320486E+02   3.1591961E-19
   4.4353860E+02   3.2645588E-19
   4.4387234E+02   2.9395393E-19
   4.4420608E+02   2.1543420E-19
   4.4453981E+02   9.3222712E-20
   4.4487355E+02  -6.4579231E-20
   4.4520729E+02  -2.4429001E-19
   4.4554103E+02  -4.2757139E-19
   4.4587477E+02  -5.9306472E-19
   4.4620851E+02  -7.1862763E-19
   4.4654225E+02  -7.8397325E-19
   4.4687598E+02  -7.7343445E-19
   4.4720972E+02  -6.7853036E-19
   4.4754346E+02  -4.9998932E-19
   4.4787720E+02  -2.4891609E-19
   4.4821094E+02   5.3149870E-20
   4.4854468E+02   3.7542957E-19
   4.4887842E+02   6.8036272E-19
   4.4921215E+02   9.2718923E-19
   4.4954589E+02   1.0763591E-18
   4.4987963E+02   1.0943495E-18
   4.5021337E+02   9.5836629E-19
   4.5054711E+02   6.6036584E-19
   4.5088085E+02   2.0986239E-19
   4.5121459E+02  -3.6493738E-19
   4.5154832E+02  -1.0179684E-18
   4.5188206E+02  -1.6882008E-18
   4.5221580E+02  -2.3044450E-18
   4.5254954E+02  -2.7916676E-18
   4.5288328E+02  -3.0781926E-18
   4.5321702E+02  -3.1029702E-18
   4.5355076E+02  -2.8219982E-18
   4.5388450E+02  -2.2129741E-18
   4.5421823E+02  -1.2773485E-18
   4.5455197E+02  -3.9192438E-20
   4.5488571E+02   1.4594298E-18
   4.5521945E+02   3.1664809E-18
   4.5555319E+02   5.0308686E-18
   4.5588693E+02   7.0154048E-18
   4.5622067E+02   9.1106243E-18
   4.5655440E+02   1.1348145E-17
   4.5688814E+02   1.3812225E-17
   4.5722188E+02   1.6648399E-17
   4.5755562E+02   2.0068394E-17
   4.5788936E+02   2.4350917E-17
   4.5822310E+02   2.9838761E-17
   4.5855684E+02   3.6932827E-17
   4.5889057E+02   4.6084502E-17
   4.5922431E+02   5.7787910E-17
   4.5955805E+02   7.2574273E-17
   4.5989179E+02   9.1009455E-17
   4.6022553E+02   1.1369721E-16
   4.6055927E+02   1.4128825E-16
   4.6089301E+02   1.7449636E-16
   4.6122674E+02   2.1412049E-16
   4.6156048E+02   2.6107276E-16
   4.6189422E+02   3.1640982E-16
   4.6222796E+02   3.8136430E-16
   4.6256170E+02   4.5737572E-16
   4.6289544E+02   5.4611380E-16
   4.6322918E+02   6.4949396E-16
   4.6356291E+02   7.6967888E-16
   4.6389665E+02   9.0906562E-16
   4.6423039E+02   1.0702554E-15
   4.6456413E+02   1.2560014E-15
   4.6489787E+02   1.4691402E-15
   4.6523161E+02   1.7124956E-15
   4.6556535E+02   1.9887624E-15
   4.6589908E+02   2.3003568E-15
   4.6623282E+02   2.6492378E-15
   4.6656656E+02   3.0366775E-15
   4.6690030E+02   3.4629788E-15
   4.6723404E+02   3.9271145E-15
   4.6756778E+02   4.4262740E-15
   4.6790152E+02   4.9552774E-15
   4.6823525E+02   5.5058387E-15
   4.6856899E+02   6.0656364E-15
   4.6890273E+02   6.6171057E-15
   4.6923647E+02   7.1359595E-15
   4.6957021E+02   7.5893161E-15
   4.6990395E+02   7.9333817E-15
   4.7023769E+02   8.1106462E-15
   4.7057142E+02   8.0464268E-15
   4.7090516E+02   7.6447070E-15
   4.7123890E+02   6.7831288E-15
   4.7157264E+02   5.3069884E-15
   4.7190638E+02   3.0220662E-15
   4.7224012E+02  -3.1387314E-16
   4.7257386E+02  -5.0013094E-15
   4.7290760E+02  -1.1411018E-14
   4.7324133E+02  -1.9998529E-14
   4.7357507E+02  -3.1321212E-14
   4.7390881E+02  -4.6058643E-14
   4.7424255E+02  -6.5036667E-14
   4.7457629E+02  -8.9255521E-14
   4.7491003E+02  -1.1992344E-13
   4.7524377E+02  -1.5849578E-13
   4.7557750E+02  -2.0672093E-13
   4.7591124E+02  -2.6669438E-13
   4.7624498E+02  -3.4092098E-13
   4.7657872E+02  -4.3238720E-13
   4.7691246E+02  -5.4464706E-13
   4.7724620E+02  -6.8191730E-13
   4.7757994E+02  -8.4919539E-13
   4.7791367E+02  -1.0523851E-12
   4.7824741E+02  -1.2984513E-12
   4.7858115E+02  -1.5955921E-12
   4.7891489E+02  -1.9534394E-12
   4.7924863E+02  -2.3832900E-12
   4.7958237E+02  -2.8983647E-12
   4.7991611E+02  -3.5141135E-12
   4.8024984E+02  -4.2485590E-12
   4.8058358E+02  -5.1226783E-12
   4.8091732E+02  -6.1608626E-12
   4.8125106E+02  -7.3914165E-12
   4.8158480E+02  -8.8471270E-12
   4.8191854E+02  -1.0565907E-11
   4.8225228E+02  -1.2591553E-11
   4.8258601E+02  -1.4974542E-11
   4.8291975E+02  -1.7772955E-11
   4.8325349E+02  -2.1053565E-11
   4.8358723E+02  -2.4892940E-11
   4.8392097E+02  -2.9378784E-11
   4.8425471E+02  -3.4611414E-11
   4.8458845E+02  -4.0705304E-11
   4.8492218E+02  -4.7790983E-11
   4.8525592E+02  -5.6016927E-11
   4.8558966E+02  -6.5551932E-11
   4.8592340E+02  -7.6587403E-11
   4.8625714E+02  -8.9340049E-11
   4.8659088E+02  -1.0405505E-10
   4.8692462E+02  -1.2100915E-10
   4.8725835E+02  -1.4051420E-10
   4.8759209E+02  -1.6292118E-10
   4.8792583E+02  -1.8862424E-10
   4.8825957E+02  -2.1806562E-10
   4.8859331E+02  -2.5174027E-10
   4.8892705E+02  -2.9020150E-10
   4.8926079E+02  -3.3406675E-10
   4.8959452E+02  -3.8402387E-10
   4.8992826E+02  -4.4083781E-10
   4.9026200E+02  -5.0535726E-10
   4.9059574E+02  -5.7852356E-10
   4.9092948E+02  -6.6137723E-10
   4.9126322E+02  -7.5506801E-10
   4.9159696E+02  -8.6086288E-10
   4.9193069E+02  -9.8015518E-10
   4.9226443E+02  -1.1144768E-09
   4.9259817E+02  -1.2655044E-09
   4.9293191E+02  -1.4350737E-09
   4.9326565E+02  -1.6251900E-09
   4.9359939E+02  -1.8380366E-09
   4.9393313E+02  -2.0759883E-09
   4.9426687E+02  -2.3416231E-09
   4.9460060E+02  -2.6377331E-09
   4.9493434E+02  -2.9673348E-09
   4.9526808E+02  -3.3336813E-09
   4.9560182E+02  -3.7402765E-09
   4.9593556E+02  -4.1908743E-09
   4.9626930E+02  -4.6895012E-09
   4.9660304E+02  -5.2404565E-09
   4.9693677E+02  -5.8483258E-09
   4.9727051E+02  -6.5179799E-09
   4.9760425E+02  -7.2545880E-09
   4.9793799E+02  -8.0636022E-09
   4.9827173E+02  -8.9507948E-09
   4.9860547E+02  -9.9222106E-09
   4.9893921E+02  -1.0984204E-08
   4.9927294E+02  -1.2143390E-08
   4.9960668E+02  -1.3406691E-08
   4.9994042E+02  -1.4781264E-08
   5.0027416E+02  -1.6274505E-08
   5.0060790E+02  -1.7894047E-08
   5.0094164E+02  -1.9647693E-08
   5.0127538E+02  -2.1543419E-08
   5.0160911E+02  -2.3589333E-08
   5.0194285E+02  -2.5793598E-08
   5.0227659E+02  -2.8164406E-08
   5.0261033E+02  -3.0709966E-08
   5.0294407E+02  -3.3438365E-08
   5.0327781E+02  -3.6357541E-08
   5.0361155E+02  -3.9475236E-08
   5.0394528E+02  -4.2798849E-08
   5.0427902E+02  -4.6335412E-08
   5.0461276E+02  -5.0091472E-08
   5.0494650E+02  -5.4072974E-08
   5.0528024E+02  -5.8285217E-08
   5.0561398E+02  -6.2732624E-08
   5.0594772E+02  -6.7418767E-08
   5.0628145E+02  -7.2346111E-08
   5.0661519E+02  -7.7516013E-08
   5.0694893E+02  -8.2928459E-08
   5.0728267E+02  -8.8582070E-08
   5.0761641E+02  -9.4473862E-08
   5.0795015E+02  -1.0059913E-07
   5.0828389E+02  -1.0695130E-07
   5.0861762E+02  -1.1352191E-07
   5.0895136E+02  -1.2030030E-07
   5.0928510E+02  -1.2727358E-07
   5.0961884E+02  -1.3442644E-07
   5.0995258E+02  -1.4174115E-07
   5.1028632E+02  -1.4919726E-07
   5.1062006E+02  -1.5677165E-07
   5.1095379E+02  -1.6443850E-07
   5.1128753E+02  -1.7216902E-07
   5.1162127E+02  -1.7993145E-07
   5.1195501E+02  -1.8769101E-07
   5.1228875E+02  -1.9541007E-07
   5.1262249E+02  -2.0304772E-07
   5.1295623E+02  -2.1056043E-07
   5.1328997E+02  -2.1790133E-07
   5.1362370E+02  -2.2502078E-07
   5.1395744E+02  -2.3186638E-07
   5.1429118E+02  -2.3838281E-07
   5.1462492E+02  -2.4451253E-07
   5.1495866E+02  -2.5019554E-07
   5.1529240E+02  -2.5536934E-07
   5.1562614E+02  -2.5996991E-07
   5.1595987E+02  -2.6393133E-07
   5.1629361E+02  -2.6718624E-07
   5.1662735E+02  -2.6966654E-07
   5.1696109E+02  -2.7130318E-07
   5.1729483E+02  -2.7202688E-07
   5.1762857E+02  -2.7176847E-07
   5.1796231E+02  -2.7045922E-07
   5.1829604E+02  -2.6803161E-07
   5.1862978E+02  -2.6441950E-07
   5.1896352E+02  -2.5955882E-07
   5.1929726E+02  -2.5338801E-07
   5.1963100E+02  -2.4584830E-07
   5.1996474E+02  -2.3688472E-07
   5.2029848E+02  -2.2644662E-07
   5.2063221E+02  -2.1448770E-07
   5.2096595E+02  -2.0096709E-07
   5.2129969E+02  -1.8584960E-07
   5.2163343E+02  -1.6910637E-07
   5.2196717E+02  -1.5071544E-07
   5.2230091E+02  -1.3066200E-07
   5.2263465E+02  -1.0893912E-07
   5.2296838E+02  -8.5548074E-08
   5.2330212E+02  -6.0498749E-08
   5.2363586E+02  -3.3809989E-08
   5.2396960E+02  -5.5098752E-09
   5.2430334E+02   2.4363771E-08
   5.2463708E+02   5.5763707E-08
   5.2497082E+02   8.8632348E-08
   5.2530455E+02   1.2290232E-07
   5.2563829E+02   1.5849616E-07
   5.2597203E+02   1.9532638E-07
   5.2630577E+02   2.3329559E-07
   5.2663951E+02   2.7229655E-07
   5.2697325E+02   3.1221253E-07
   5.2730699E+02   3.5291745E-07
   5.2764072E+02   3.9427695E-07
   5.2797446E+02   4.3614745E-07
   5.2830820E+02   4.7837847E-07
   5.2864194E+02   5.2081128E-07
   5.2897568E+02   5.6328184E-07
   5.2930942E+02   6.0561882E-07
   5.2964316E+02   6.4764697E-07
   5.2997689E+02   6.8918627E-07
   5.3031063E+02   7.3005384E-07
   5.3064437E+02   7.7006371E-07
   5.3097811E+02   8.0902907E-07
   5.3131185E+02   8.4676316E-07
   5.3164559E+02   8.8307837E-07
   5.3197933E+02   9.1779117E-07
   5.3231306E+02   9.5071846E-07
   5.3264680E+02   9.8168323E-07
   5.3298054E+02   1.0105121E-06
   5.3331428E+02   1.0370380E-06
   5.3364802E+02   1.0611020E-06
   5.3398176E+02   1.0825521E-06
   5.3431550E+02   1.1012467E-06
   5.3464924E+02   1.1170539E-06
   5.3498297E+02   1.1298528E-06
   5.3531671E+02   1.1395350E-06
   5.3565045E+02   1.1460050E-06
   5.3598419E+02   1.1491804E-06
   5.3631793E+02   1.1489935E-06
   5.3665167E+02   1.1453913E-06
   5.3698541E+02   1.1383363E-06
   5.3731914E+02   1.1278070E-06
   5.3765288E+02   1.1137972E-06
   5.3798662E+02   1.0963182E-06
   5.3832036E+02   1.0753965E-06
   5.3865410E+02   1.0510761E-06
   5.3898784E+02   1.0234170E-06
   5.3932158E+02   9.9249473E-07
   5.3965531E+02   9.5840232E-07
   5.3998905E+02   9.2124782E-07
   5.4032279E+02   8.8115314E-07
   5.4065653E+02   8.3825603E-07
   5.4099027E+02   7.9270797E-07
   5.4132401E+02   7.4467329E-07
   5.4165775E+02   6.9432804E-07
   5.4199148E+02   6.4186059E-07
   5.4232522E+02   5.8746895E-07
   5.4265896E+02   5.3136074E-07
   5.4299270E+02   4.7375136E-07
   5.4332644E+02   4.1486373E-07
   5.4366018E+02   3.5492636E-07
   5.4399392E+02   2.9417242E-07
   5.4432765E+02   2.3283806E-07
   5.4466139E+02   1.7116176E-07
   5.4499513E+02   1.0938282E-07
   5.4532887E+02   4.7739803E-08
   5.4566261E+02  -1.3530610E-08
   5.4599635E+02  -7.4194588E-08
   5.4633009E+02  -1.3402288E-07
   5.4666382E+02  -1.9279165E-07
   5.4699756E+02  -2.5028379E-07
   5.4733130E+02  -3.0629008E-07
   5.4766504E+02  -3.6060973E-07
   5.4799878E+02  -4.1305231E-07
   5.4833252E+02  -4.6343797E-07
   5.4866626E+02  -5.1159844E-07
   5.4899999E+02  -5.5737809E-07
   5.4933373E+02  -6.0063388E-07
   5.4966747E+02  -6.4123685E-07
   5.5000121E+02  -6.7907234E-07
   5.5033495E+02  -7.1403969E-07
   5.5066869E+02  -7.4605407E-07
   5.5100243E+02  -7.7504501E-07
   5.5133616E+02  -8.0095748E-07
   5.5166990E+02  -8.2375226E-07
   5.5200364E+02  -8.4340576E-07
   5.5233738E+02  -8.5990848E-07
   5.5267112E+02  -8.7326583E-07
   5.5300486E+02  -8.8349930E-07
   5.5333860E+02  -8.9064389E-07
   5.5367234E+02  -8.9474702E-07
   5.5400607E+02  -8.9587195E-07
   5.5433981E+02  -8.9409218E-07
   5.5467355E+02  -8.8949480E-07
   5.5500729E+02  -8.8217723E-07
   5.5534103E+02  -8.7224799E-07
   5.5567477E+02  -8.5982424E-07
   5.5600851E+02  -8.4503324E-07
   5.5634224E+02  -8.2800898E-07
   5.5667598E+02  -8.0889293E-07
   5.5700972E+02  -7.8783233E-07
   5.5734346E+02  -7.6497980E-07
   5.5767720E+02  -7.4049177E-07
   5.5801094E+02  -7.1452752E-07
   5.5834468E+02  -6.8724898E-07
   5.5867841E+02  -6.5881954E-07
   5.5901215E+02  -6.2940188E-07
   5.5934589E+02  -5.9915908E-07
   5.5967963E+02  -5.6825240E-07
   5.6001337E+02  -5.3684039E-07
   5.6034711E+02  -5.0507896E-07
   5.6068085E+02  -4.7311991E-07
   5.6101458E+02  -4.4111050E-07
   5.6134832E+02  -4.0919269E-07
   5.6168206E+02  -3.7750237E-07
   5.6201580E+02  -3.4616906E-07
   5.6234954E+02  -3.1531530E-07
   5.6268328E+02  -2.8505630E-07
   5.6301702E+02  -2.5549934E-07
   5.6335075E+02  -2.2674308E-07
   5.6368449E+02  -1.9887852E-07
   5.6401823E+02  -1.7198739E-07
   5.6435197E+02  -1.4614287E-07
   5.6468571E+02  -1.2140907E-07
   5.6501945E+02  -9.7841294E-08
   5.6535319E+02  -7.5485680E-08
   5.6568692E+02  -5.4379754E-08
   5.6602066E+02  -3.4552102E-08
   5.6635440E+02  -1.6022859E-08
   5.6668814E+02   1.1962840E-09
   5.6702188E+02   1.7101488E-08
   5.6735562E+02   3.1696828E-08
   5.6768936E+02   4.4993641E-08
   5.6802309E+02   5.7010364E-08
   5.6835683E+02   6.7771950E-08
   5.6869057E+02   7.7309473E-08
   5.6902431E+02   8.5659735E-08
   5.6935805E+02   9.2864603E-08
   5.6969179E+02   9.8970666E-08
   5.7002553E+02   1.0402859E-07
   5.7035926E+02   1.0809268E-07
   5.7069300E+02   1.1122019E-07
   5.7102674E+02   1.1347097E-07
   5.7136048E+02   1.1490673E-07
   5.7169422E+02   1.1559074E-07
   5.7202796E+02   1.1558705E-07
   5.7236170E+02   1.1496017E-07
   5.7269543E+02   1.1377447E-07
   5.7302917E+02   1.1209382E-07
   5.7336291E+02   1.0998110E-07
   5.7369665E+02   1.0749765E-07
   5.7403039E+02   1.0470312E-07
   5.7436413E+02   1.0165482E-07
   5.7469787E+02   9.8407661E-08
   5.7503161E+02   9.5013604E-08
   5.7536534E+02   9.1521585E-08
   5.7569908E+02   8.7977142E-08
   5.7603282E+02   8.4422325E-08
   5.7636656E+02   8.0895461E-08
   5.7670030E+02   7.7431068E-08
   5.7703404E+02   7.4059770E-08
   5.7736778E+02   7.0808184E-08
   5.7770151E+02   6.7699006E-08
   5.7803525E+02   6.4750864E-08
   5.7836899E+02   6.1978589E-08
   5.7870273E+02   5.9393031E-08
   5.7903647E+02   5.7001404E-08
   5.7937021E+02   5.4807217E-08
   5.7970395E+02   5.2810631E-08
   5.8003768E+02   5.1008470E-08
   5.8037142E+02   4.9394544E-08
   5.8070516E+02   4.7959880E-08
   5.8103890E+02   4.6692847E-08
   5.8137264E+02   4.5579569E-08
   5.8170638E+02   4.4604079E-08
   5.8204012E+02   4.3748585E-08
   5.8237385E+02   4.2993832E-08
   5.8270759E+02   4.2319325E-08
   5.8304133E+02   4.1703565E-08
   5.8337507E+02   4.1124448E-08
   5.8370881E+02   4.0559431E-08
   5.8404255E+02   3.9985888E-08
   5.8437629E+02   3.9381327E-08
   5.8471002E+02   3.8723659E-08
   5.8504376E+02   3.7991441E-08
   5.8537750E+02   3.7164096E-08
   5.8571124E+02   3.6222136E-08
   5.8604498E+02   3.5147394E-08
   5.8637872E+02   3.3923101E-08
   5.8671246E+02   3.2534128E-08
   5.8704619E+02   3.0967158E-08
   5.8737993E+02   2.9210707E-08
   5.8771367E+02   2.7255313E-08
   5.8804741E+02   2.5093577E-08
   5.8838115E+02   2.2720300E-08
   5.8871489E+02   2.0132402E-08
   5.8904863E+02   1.7329064E-08
   5.8938236E+02   1.4311691E-08
   5.8971610E+02   1.1083870E-08
   5.9004984E+02   7.6514262E-09
   5.9038358E+02   4.0223114E-09
   5.9071732E+02   2.0649082E-10
   5.9105106E+02  -3.7839740E-09
   5.9138480E+02  -7.9351565E-09
   5.9171853E+02  -1.2231290E-08
   5.9205227E+02  -1.6654901E-08
   5.9238601E+02  -2.1186892E-08
   5.9271975E+02  -2.5806749E-08
   5.9305349E+02  -3.0492600E-08
   5.9338723E+02  -3.5221362E-08
   5.9372097E+02  -3.9968981E-08
   5.9405471E+02  -4.4710504E-08
   5.9438844E+02  -4.9420265E-08
   5.9472218E+02  -5.4072103E-08
   5.9505592E+02  -5.8639472E-08
   5.9538966E+02  -6.3095584E-08
   5.9572340E+02  -6.7413708E-08
   5.9605714E+02  -7.1567143E-08
   5.9639088E+02  -7.5529613E-08
   5.9672461E+02  -7.9275225E-08
   5.9705835E+02  -8.2778811E-08
   5.9739209E+02  -8.6016058E-08
   5.9772583E+02  -8.8963375E-08
   5.9805957E+02  -9.1598707E-08
   5.9839331E+02  -9.3900951E-08
   5.9872705E+02  -9.5850510E-08
   5.9906078E+02  -9.7429535E-08
   5.9939452E+02  -9.8621598E-08
   5.9972826E+02  -9.9412432E-08
   6.0006200E+02  -9.9789332E-08
   6.0039574E+02  -9.9741840E-08
   6.0072948E+02  -9.9261683E-08
   6.0106322E+02  -9.8342838E-08
   6.0139695E+02  -9.6981395E-08
   6.0173069E+02  -9.5175963E-08
   6.0206443E+02  -9.2927706E-08
   6.0239817E+02  -9.0240064E-08
   6.0273191E+02  -8.7119190E-08
   6.0306565E+02  -8.3573596E-08
   6.0339939E+02  -7.9614423E-08
   6.0373312E+02  -7.5255500E-08
   6.0406686E+02  -7.0512854E-08
   6.0440060E+02  -6.5405331E-08
   6.0473434E+02  -5.9953891E-08
   6.0506808E+02  -5.4182031E-08
   6.0540182E+02  -4.8115432E-08
   6.0573556E+02  -4.1781952E-08
   6.0606929E+02  -3.5211499E-08
   6.0640303E+02  -2.8435931E-08
   6.0673677E+02  -2.1488784E-08
   6.0707051E+02  -1.4405371E-08
   6.0740425E+02  -7.2223174E-09
   6.0773799E+02   2.2378543E-11
   6.0807173E+02   7.2897208E-09
   6.0840546E+02   1.4539864E-08
   6.0873920E+02   2.1732177E-08
   6.0907294E+02   2.8825760E-08
   6.0940668E+02   3.5779522E-08
   6.0974042E+02   4.2552372E-08
   6.1007416E+02   4.9103477E-08
   6.1040790E+02   5.5392633E-08
   6.1074163E+02   6.1380433E-08
   6.1107537E+02   6.7028594E-08
   6.1140911E+02   7.2299784E-08
   6.1174285E+02   7.7158518E-08
   6.1207659E+02   8.1570988E-08
   6.1241033E+02   8.5505292E-08
   6.1274407E+02   8.8931614E-08
   6.1307781E+02   9.1822812E-08
   6.1341154E+02   9.4153961E-08
   6.1374528E+02   9.5903033E-08
   6.1407902E+02   9.7050957E-08
   6.1441276E+02   9.7581392E-08
   6.1474650E+02   9.7481461E-08
   6.1508024E+02   9.6741218E-08
   6.1541398E+02   9.5354181E-08
   6.1574771E+02   9.3317169E-08
   6.1608145E+02   9.0630408E-08
   6.1641519E+02   8.7297224E-08
   6.1674893E+02   8.3324579E-08
   6.1708267E+02   7.8722650E-08
   6.1741641E+02   7.3504765E-08
   6.1775015E+02   6.7687409E-08
   6.1808388E+02   6.1290137E-08
   6.1841762E+02   5.4335317E-08
   6.1875136E+02   4.6848044E-08
   6.1908510E+02   3.8856001E-08
   6.1941884E+02   3.0389316E-08
   6.1975258E+02   2.1479963E-08
   6.2008632E+02   1.2162133E-08
   6.2042005E+02   2.4714666E-09
   6.2075379E+02  -7.5548172E-09
   6.2108753E+02  -1.7878378E-08
   6.2142127E+02  -2.8459887E-08
   6.2175501E+02  -3.9259419E-08
   6.2208875E+02  -5.0236569E-08
   6.2242249E+02  -6.1350846E-08
   6.2275622E+02  -7.2561768E-08
   6.2308996E+02  -8.3829228E-08
   6.2342370E+02  -9.5113677E-08
   6.2375744E+02  -1.0637639E-07
   6.2409118E+02  -1.1757953E-07
   6.2442492E+02  -1.2868657E-07
   6.2475866E+02  -1.3966219E-07
   6.2509239E+02  -1.5047272E-07
   6.2542613E+02  -1.6108595E-07
   6.2575987E+02  -1.7147157E-07
   6.2609361E+02  -1.8160094E-07
   6.2642735E+02  -1.9144744E-07
   6.2676109E+02  -2.0098612E-07
   6.2709483E+02  -2.1019422E-07
   6.2742856E+02  -2.1905059E-07
   6.2776230E+02  -2.2753606E-07
   6.2809604E+02  -2.3563348E-07
   6.2842978E+02  -2.4332661E-07
   6.2876352E+02  -2.5060154E-07
   6.2909726E+02  -2.5744555E-07
   6.2943100E+02  -2.6384703E-07
   6.2976473E+02  -2.6979555E-07
   6.3009847E+02  -2.7528168E-07
   6.3043221E+02  -2.8029660E-07
   6.3076595E+02  -2.8483208E-07
   6.3109969E+02  -2.8888030E-07
   6.3143343E+02  -2.9243336E-07
   6.3176717E+02  -2.9548346E-07
   6.3210090E+02  -2.9802226E-07
   6.3243464E+02  -3.0004111E-07
   6.3276838E+02  -3.0153069E-07
   6.3310212E+02  -3.0248080E-07
   6.3343586E+02  -3.0288024E-07
   6.3376960E+02  -3.0271667E-07
   6.3410334E+02  -3.0197663E-07
   6.3443708E+02  -3.0064496E-07
   6.3477081E+02  -2.9870563E-07
   6.3510455E+02  -2.9614071E-07
   6.3543829E+02  -2.9293128E-07
   6.3577203E+02  -2.8905674E-07
   6.3610577E+02  -2.8449534E-07
   6.3643951E+02  -2.7922408E-07
   6.3677325E+02  -2.7321886E-07
   6.3710698E+02  -2.6645466E-07
   6.3744072E+02  -2.5890603E-07
   6.3777446E+02  -2.5054661E-07
   6.3810820E+02  -2.4135028E-07
   6.3844194E+02  -2.3129091E-07
   6.3877568E+02  -2.2034274E-07
   6.3910942E+02  -2.0848080E-07
   6.3944315E+02  -1.9568139E-07
   6.3977689E+02  -1.8192215E-07
   6.4011063E+02  -1.6718285E-07
   6.4044437E+02  -1.5144579E-07
   6.4077811E+02  -1.3469564E-07
   6.4111185E+02  -1.1692079E-07
   6.4144559E+02  -9.8112771E-08
   6.4177932E+02  -7.8267632E-08
   6.4211306E+02  -5.7385549E-08
   6.4244680E+02  -3.5471842E-08
   6.4278054E+02  -1.2536759E-08
   6.4311428E+02   1.1403763E-08
   6.4344802E+02   3.6328018E-08
   6.4378176E+02   6.2208031E-08
   6.4411549E+02   8.9009632E-08
   6.4444923E+02   1.1669194E-07
   6.4478297E+02   1.4520725E-07
   6.4511671E+02   1.7450128E-07
   6.4545045E+02   2.0451277E-07
   6.4578419E+02   2.3517359E-07
   6.4611793E+02   2.6640890E-07
   6.4645166E+02   2.9813702E-07
   6.4678540E+02   3.3026987E-07
   6.4711914E+02   3.6271291E-07
   6.4745288E+02   3.9536610E-07
   6.4778662E+02   4.2812323E-07
   6.4812036E+02   4.6087322E-07
   6.4845410E+02   4.9350029E-07
   6.4878783E+02   5.2588399E-07
   6.4912157E+02   5.5790053E-07
   6.4945531E+02   5.8942294E-07
   6.4978905E+02   6.2032177E-07
   6.5012279E+02   6.5046595E-07
   6.5045653E+02   6.7972360E-07
   6.5079027E+02   7.0796182E-07
   6.5112400E+02   7.3504896E-07
   6.5145774E+02   7.6085450E-07
   6.5179148E+02   7.8524994E-07
   6.5212522E+02   8.0810952E-07
   6.5245896E+02   8.2931143E-07
   6.5279270E+02   8.4873813E-07
   6.5312644E+02   8.6627779E-07
   6.5346018E+02   8.8182412E-07
   6.5379391E+02   8.9527833E-07
   6.5412765E+02   9.0654817E-07
   6.5446139E+02   9.1555034E-07
   6.5479513E+02   9.2221023E-07
   6.5512887E+02   9.2646246E-07
   6.5546261E+02   9.2825144E-07
   6.5579635E+02   9.2753271E-07
   6.5613008E+02   9.2427121E-07
   6.5646382E+02   9.1844504E-07
   6.5679756E+02   9.1004159E-07
   6.5713130E+02   8.9906126E-07
   6.5746504E+02   8.8551587E-07
   6.5779878E+02   8.6942919E-07
   6.5813252E+02   8.5083633E-07
   6.5846625E+02   8.2978494E-07
   6.5879999E+02   8.0633362E-07
   6.5913373E+02   7.8055245E-07
   6.5946747E+02   7.5252285E-07
   6.5980121E+02   7.2233689E-07
   6.6013495E+02   6.9009673E-07
