  -7.8094826E+01   0.0000000E+00
  -7.7761087E+01   0.0000000E+00
  -7.7427349E+01   0.0000000E+00
  -7.7093610E+01   0.0000000E+00
  -7.6759871E+01   0.0000000E+00
  -7.6426133E+01   0.0000000E+00
  -7.6092394E+01   0.0000000E+00
  -7.5758656E+01   0.0000000E+00
  -7.5424917E+01   0.0000000E+00
  -7.5091178E+01   0.0000000E+00
  -7.4757440E+01   0.0000000E+00
  -7.4423701E+01   0.0000000E+00
  -7.4089963E+01   0.0000000E+00
  -7.3756224E+01   0.0000000E+00
  -7.3422485E+01   0.0000000E+00
  -7.3088747E+01   0.0000000E+00
  -7.2755008E+01   0.0000000E+00
  -7.2421270E+01   0.0000000E+00
  -7.2087531E+01   0.0000000E+00
  -7.1753792E+01   0.0000000E+00
  -7.1420054E+01   0.0000000E+00
  -7.1086315E+01   0.0000000E+00
  -7.0752577E+01   0.0000000E+00
  -7.0418838E+01   0.0000000E+00
  -7.0085099E+01   0.0000000E+00
  -6.9751361E+01   0.0000000E+00
  -6.9417622E+01   0.0000000E+00
  -6.9083884E+01   0.0000000E+00
  -6.8750145E+01   0.0000000E+00
  -6.8416406E+01   0.0000000E+00
  -6.8082668E+01   0.0000000E+00
  -6.7748929E+01   0.0000000E+00
  -6.7415191E+01   0.0000000E+00
  -6.7081452E+01   0.0000000E+00
  -6.6747714E+01   0.0000000E+00
  -6.6413975E+01   0.0000000E+00
  -6.6080236E+01   0.0000000E+00
  -6.5746498E+01   0.0000000E+00
  -6.5412759E+01   0.0000000E+00
  -6.5079021E+01   0.0000000E+00
  -6.4745282E+01   0.0000000E+00
  -6.4411543E+01   0.0000000E+00
  -6.4077805E+01   0.0000000E+00
  -6.3744066E+01   0.0000000E+00
  -6.3410328E+01   0.0000000E+00
  -6.3076589E+01   0.0000000E+00
  -6.2742850E+01   0.0000000E+00
  -6.2409112E+01   0.0000000E+00
  -6.2075373E+01   0.0000000E+00
  -6.1741635E+01   0.0000000E+00
  -6.1407896E+01   0.0000000E+00
  -6.1074157E+01   0.0000000E+00
  -6.0740419E+01   0.0000000E+00
  -6.0406680E+01   0.0000000E+00
  -6.0072942E+01   0.0000000E+00
  -5.9739203E+01   0.0000000E+00
  -5.9405464E+01   0.0000000E+00
  -5.9071726E+01   0.0000000E+00
  -5.8737987E+01   0.0000000E+00
  -5.8404249E+01   0.0000000E+00
  -5.8070510E+01   0.0000000E+00
  -5.7736771E+01   0.0000000E+00
  -5.7403033E+01   0.0000000E+00
  -5.7069294E+01   0.0000000E+00
  -5.6735556E+01   0.0000000E+00
  -5.6401817E+01   0.0000000E+00
  -5.6068078E+01   0.0000000E+00
  -5.5734340E+01   0.0000000E+00
  -5.5400601E+01   0.0000000E+00
  -5.5066863E+01   0.0000000E+00
  -5.4733124E+01   0.0000000E+00
  -5.4399385E+01   0.0000000E+00
  -5.4065647E+01   0.0000000E+00
  -5.3731908E+01   0.0000000E+00
  -5.3398170E+01   0.0000000E+00
  -5.3064431E+01   0.0000000E+00
  -5.2730693E+01   0.0000000E+00
  -5.2396954E+01   0.0000000E+00
  -5.2063215E+01   0.0000000E+00
  -5.1729477E+01   0.0000000E+00
  -5.1395738E+01   0.0000000E+00
  -5.1062000E+01   0.0000000E+00
  -5.0728261E+01   0.0000000E+00
  -5.0394522E+01   0.0000000E+00
  -5.0060784E+01   0.0000000E+00
  -4.9727045E+01   0.0000000E+00
  -4.9393307E+01   0.0000000E+00
  -4.9059568E+01   0.0000000E+00
  -4.8725829E+01   0.0000000E+00
  -4.8392091E+01   0.0000000E+00
  -4.8058352E+01   0.0000000E+00
  -4.7724614E+01   0.0000000E+00
  -4.7390875E+01   0.0000000E+00
  -4.7057136E+01   0.0000000E+00
  -4.6723398E+01   0.0000000E+00
  -4.6389659E+01   0.0000000E+00
  -4.6055921E+01   0.0000000E+00
  -4.5722182E+01   0.0000000E+00
  -4.5388443E+01   0.0000000E+00
  -4.5054705E+01   0.0000000E+00
  -4.4720966E+01   0.0000000E+00
  -4.4387228E+01   0.0000000E+00
  -4.4053489E+01   0.0000000E+00
  -4.3719750E+01   0.0000000E+00
  -4.3386012E+01   0.0000000E+00
  -4.3052273E+01   0.0000000E+00
  -4.2718535E+01   0.0000000E+00
  -4.2384796E+01   0.0000000E+00
  -4.2051057E+01   0.0000000E+00
  -4.1717319E+01   0.0000000E+00
  -4.1383580E+01   0.0000000E+00
  -4.1049842E+01   0.0000000E+00
  -4.0716103E+01   0.0000000E+00
  -4.0382364E+01   0.0000000E+00
  -4.0048626E+01   0.0000000E+00
  -3.9714887E+01   0.0000000E+00
  -3.9381149E+01   0.0000000E+00
  -3.9047410E+01   0.0000000E+00
  -3.8713672E+01   0.0000000E+00
  -3.8379933E+01   0.0000000E+00
  -3.8046194E+01   0.0000000E+00
  -3.7712456E+01   0.0000000E+00
  -3.7378717E+01   0.0000000E+00
  -3.7044979E+01   0.0000000E+00
  -3.6711240E+01   0.0000000E+00
  -3.6377501E+01   0.0000000E+00
  -3.6043763E+01   0.0000000E+00
  -3.5710024E+01   0.0000000E+00
  -3.5376286E+01   0.0000000E+00
  -3.5042547E+01   0.0000000E+00
  -3.4708808E+01   0.0000000E+00
  -3.4375070E+01   0.0000000E+00
  -3.4041331E+01   0.0000000E+00
  -3.3707593E+01   0.0000000E+00
  -3.3373854E+01   0.0000000E+00
  -3.3040115E+01   0.0000000E+00
  -3.2706377E+01   0.0000000E+00
  -3.2372638E+01   0.0000000E+00
  -3.2038900E+01   0.0000000E+00
  -3.1705161E+01   0.0000000E+00
  -3.1371422E+01   0.0000000E+00
  -3.1037684E+01   0.0000000E+00
  -3.0703945E+01   0.0000000E+00
  -3.0370207E+01   0.0000000E+00
  -3.0036468E+01   0.0000000E+00
  -2.9702729E+01   0.0000000E+00
  -2.9368991E+01   0.0000000E+00
  -2.9035252E+01   0.0000000E+00
  -2.8701514E+01   0.0000000E+00
  -2.8367775E+01   0.0000000E+00
  -2.8034036E+01   0.0000000E+00
  -2.7700298E+01   0.0000000E+00
  -2.7366559E+01   0.0000000E+00
  -2.7032821E+01   0.0000000E+00
  -2.6699082E+01   0.0000000E+00
  -2.6365343E+01   0.0000000E+00
  -2.6031605E+01   0.0000000E+00
  -2.5697866E+01   0.0000000E+00
  -2.5364128E+01   0.0000000E+00
  -2.5030389E+01   0.0000000E+00
  -2.4696651E+01   0.0000000E+00
  -2.4362912E+01   0.0000000E+00
  -2.4029173E+01   0.0000000E+00
  -2.3695435E+01   0.0000000E+00
  -2.3361696E+01   0.0000000E+00
  -2.3027958E+01   0.0000000E+00
  -2.2694219E+01   0.0000000E+00
  -2.2360480E+01   0.0000000E+00
  -2.2026742E+01   0.0000000E+00
  -2.1693003E+01   0.0000000E+00
  -2.1359265E+01   0.0000000E+00
  -2.1025526E+01   0.0000000E+00
  -2.0691787E+01   0.0000000E+00
  -2.0358049E+01   0.0000000E+00
  -2.0024310E+01   0.0000000E+00
  -1.9690572E+01   0.0000000E+00
  -1.9356833E+01   0.0000000E+00
  -1.9023094E+01   0.0000000E+00
  -1.8689356E+01   0.0000000E+00
  -1.8355617E+01   0.0000000E+00
  -1.8021879E+01   0.0000000E+00
  -1.7688140E+01   0.0000000E+00
  -1.7354401E+01   0.0000000E+00
  -1.7020663E+01   0.0000000E+00
  -1.6686924E+01   0.0000000E+00
  -1.6353186E+01   0.0000000E+00
  -1.6019447E+01   0.0000000E+00
  -1.5685708E+01   0.0000000E+00
  -1.5351970E+01   0.0000000E+00
  -1.5018231E+01   0.0000000E+00
  -1.4684493E+01   0.0000000E+00
  -1.4350754E+01   0.0000000E+00
  -1.4017015E+01   0.0000000E+00
  -1.3683277E+01   0.0000000E+00
  -1.3349538E+01   0.0000000E+00
  -1.3015800E+01   0.0000000E+00
  -1.2682061E+01   0.0000000E+00
  -1.2348322E+01   0.0000000E+00
  -1.2014584E+01   0.0000000E+00
  -1.1680845E+01   0.0000000E+00
  -1.1347107E+01   0.0000000E+00
  -1.1013368E+01   0.0000000E+00
  -1.0679630E+01   0.0000000E+00
  -1.0345891E+01   0.0000000E+00
  -1.0012152E+01   0.0000000E+00
  -9.6784137E+00   0.0000000E+00
  -9.3446751E+00   0.0000000E+00
  -9.0109365E+00   0.0000000E+00
  -8.6771979E+00   0.0000000E+00
  -8.3434593E+00   0.0000000E+00
  -8.0097207E+00   0.0000000E+00
  -7.6759821E+00   0.0000000E+00
  -7.3422436E+00   0.0000000E+00
  -7.0085050E+00   0.0000000E+00
  -6.6747664E+00   0.0000000E+00
  -6.3410278E+00   0.0000000E+00
  -6.0072892E+00   0.0000000E+00
  -5.6735506E+00   0.0000000E+00
  -5.3398120E+00   0.0000000E+00
  -5.0060734E+00   0.0000000E+00
  -4.6723348E+00   0.0000000E+00
  -4.3385962E+00   0.0000000E+00
  -4.0048576E+00   0.0000000E+00
  -3.6711190E+00   0.0000000E+00
  -3.3373804E+00   0.0000000E+00
  -3.0036418E+00   0.0000000E+00
  -2.6699032E+00   0.0000000E+00
  -2.3361646E+00   0.0000000E+00
  -2.0024260E+00   0.0000000E+00
  -1.6686874E+00   0.0000000E+00
  -1.3349488E+00   0.0000000E+00
  -1.0012102E+00   0.0000000E+00
  -6.6747165E-01   0.0000000E+00
  -3.3373305E-01   0.0000000E+00
   5.5432320E-06   0.0000000E+00
   3.3374414E-01   0.0000000E+00
   6.6748273E-01   0.0000000E+00
   1.0012213E+00   0.0000000E+00
   1.3349599E+00   0.0000000E+00
   1.6686985E+00   0.0000000E+00
   2.0024371E+00   0.0000000E+00
   2.3361757E+00   0.0000000E+00
   2.6699143E+00   0.0000000E+00
   3.0036529E+00   0.0000000E+00
   3.3373915E+00   0.0000000E+00
   3.6711301E+00   0.0000000E+00
   4.0048687E+00   0.0000000E+00
   4.3386073E+00   0.0000000E+00
   4.6723459E+00   0.0000000E+00
   5.0060845E+00   0.0000000E+00
   5.3398231E+00   0.0000000E+00
   5.6735617E+00   0.0000000E+00
   6.0073003E+00   0.0000000E+00
   6.3410389E+00   0.0000000E+00
   6.6747774E+00   0.0000000E+00
   7.0085160E+00   0.0000000E+00
   7.3422546E+00   0.0000000E+00
   7.6759932E+00   0.0000000E+00
   8.0097318E+00   0.0000000E+00
   8.3434704E+00   0.0000000E+00
   8.6772090E+00   0.0000000E+00
   9.0109476E+00   0.0000000E+00
   9.3446862E+00   0.0000000E+00
   9.6784248E+00   0.0000000E+00
   1.0012163E+01   0.0000000E+00
   1.0345902E+01   0.0000000E+00
   1.0679641E+01   0.0000000E+00
   1.1013379E+01   0.0000000E+00
   1.1347118E+01   0.0000000E+00
   1.1680856E+01   0.0000000E+00
   1.2014595E+01   0.0000000E+00
   1.2348334E+01   0.0000000E+00
   1.2682072E+01   0.0000000E+00
   1.3015811E+01   0.0000000E+00
   1.3349549E+01   0.0000000E+00
   1.3683288E+01   0.0000000E+00
   1.4017027E+01   0.0000000E+00
   1.4350765E+01   0.0000000E+00
   1.4684504E+01   0.0000000E+00
   1.5018242E+01   0.0000000E+00
   1.5351981E+01   0.0000000E+00
   1.5685720E+01   0.0000000E+00
   1.6019458E+01   0.0000000E+00
   1.6353197E+01   0.0000000E+00
   1.6686935E+01   0.0000000E+00
   1.7020674E+01   0.0000000E+00
   1.7354412E+01   0.0000000E+00
   1.7688151E+01   0.0000000E+00
   1.8021890E+01   0.0000000E+00
   1.8355628E+01   0.0000000E+00
   1.8689367E+01   0.0000000E+00
   1.9023105E+01   0.0000000E+00
   1.9356844E+01   0.0000000E+00
   1.9690583E+01   0.0000000E+00
   2.0024321E+01   0.0000000E+00
   2.0358060E+01   0.0000000E+00
   2.0691798E+01   0.0000000E+00
   2.1025537E+01   0.0000000E+00
   2.1359276E+01   0.0000000E+00
   2.1693014E+01   0.0000000E+00
   2.2026753E+01   0.0000000E+00
   2.2360491E+01   0.0000000E+00
   2.2694230E+01   0.0000000E+00
   2.3027969E+01   0.0000000E+00
   2.3361707E+01   0.0000000E+00
   2.3695446E+01   0.0000000E+00
   2.4029184E+01   0.0000000E+00
   2.4362923E+01   0.0000000E+00
   2.4696662E+01   0.0000000E+00
   2.5030400E+01   0.0000000E+00
   2.5364139E+01   0.0000000E+00
   2.5697877E+01   0.0000000E+00
   2.6031616E+01   0.0000000E+00
   2.6365355E+01   0.0000000E+00
   2.6699093E+01   0.0000000E+00
   2.7032832E+01   0.0000000E+00
   2.7366570E+01   0.0000000E+00
   2.7700309E+01   0.0000000E+00
   2.8034048E+01   0.0000000E+00
   2.8367786E+01   0.0000000E+00
   2.8701525E+01   0.0000000E+00
   2.9035263E+01   0.0000000E+00
   2.9369002E+01   0.0000000E+00
   2.9702741E+01   0.0000000E+00
   3.0036479E+01   0.0000000E+00
   3.0370218E+01   0.0000000E+00
   3.0703956E+01   0.0000000E+00
   3.1037695E+01   0.0000000E+00
   3.1371433E+01   0.0000000E+00
   3.1705172E+01   0.0000000E+00
   3.2038911E+01   0.0000000E+00
   3.2372649E+01   0.0000000E+00
   3.2706388E+01   0.0000000E+00
   3.3040126E+01   0.0000000E+00
   3.3373865E+01   0.0000000E+00
   3.3707604E+01   0.0000000E+00
   3.4041342E+01   0.0000000E+00
   3.4375081E+01   0.0000000E+00
   3.4708819E+01   0.0000000E+00
   3.5042558E+01   0.0000000E+00
   3.5376297E+01   0.0000000E+00
   3.5710035E+01   0.0000000E+00
   3.6043774E+01   0.0000000E+00
   3.6377512E+01   0.0000000E+00
   3.6711251E+01   0.0000000E+00
   3.7044990E+01   0.0000000E+00
   3.7378728E+01   0.0000000E+00
   3.7712467E+01   0.0000000E+00
   3.8046205E+01   0.0000000E+00
   3.8379944E+01   0.0000000E+00
   3.8713683E+01   0.0000000E+00
   3.9047421E+01   0.0000000E+00
   3.9381160E+01   0.0000000E+00
   3.9714898E+01   0.0000000E+00
   4.0048637E+01   0.0000000E+00
   4.0382376E+01   0.0000000E+00
   4.0716114E+01   0.0000000E+00
   4.1049853E+01   0.0000000E+00
   4.1383591E+01   0.0000000E+00
   4.1717330E+01   0.0000000E+00
   4.2051069E+01   0.0000000E+00
   4.2384807E+01   0.0000000E+00
   4.2718546E+01   0.0000000E+00
   4.3052284E+01   0.0000000E+00
   4.3386023E+01   0.0000000E+00
   4.3719762E+01   0.0000000E+00
   4.4053500E+01   0.0000000E+00
   4.4387239E+01   0.0000000E+00
   4.4720977E+01   0.0000000E+00
   4.5054716E+01   0.0000000E+00
   4.5388454E+01   0.0000000E+00
   4.5722193E+01   0.0000000E+00
   4.6055932E+01   0.0000000E+00
   4.6389670E+01   0.0000000E+00
   4.6723409E+01   0.0000000E+00
   4.7057147E+01   0.0000000E+00
   4.7390886E+01   0.0000000E+00
   4.7724625E+01   0.0000000E+00
   4.8058363E+01   0.0000000E+00
   4.8392102E+01   0.0000000E+00
   4.8725840E+01   0.0000000E+00
   4.9059579E+01   0.0000000E+00
   4.9393318E+01   0.0000000E+00
   4.9727056E+01   0.0000000E+00
   5.0060795E+01   0.0000000E+00
   5.0394533E+01   0.0000000E+00
   5.0728272E+01   0.0000000E+00
   5.1062011E+01   0.0000000E+00
   5.1395749E+01   0.0000000E+00
   5.1729488E+01   0.0000000E+00
   5.2063226E+01   0.0000000E+00
   5.2396965E+01   0.0000000E+00
   5.2730704E+01   0.0000000E+00
   5.3064442E+01   0.0000000E+00
   5.3398181E+01   0.0000000E+00
   5.3731919E+01   0.0000000E+00
   5.4065658E+01   0.0000000E+00
   5.4399397E+01   0.0000000E+00
   5.4733135E+01   0.0000000E+00
   5.5066874E+01   0.0000000E+00
   5.5400612E+01   0.0000000E+00
   5.5734351E+01   0.0000000E+00
   5.6068090E+01   0.0000000E+00
   5.6401828E+01   0.0000000E+00
   5.6735567E+01   0.0000000E+00
   5.7069305E+01   0.0000000E+00
   5.7403044E+01   0.0000000E+00
   5.7736783E+01   0.0000000E+00
   5.8070521E+01   0.0000000E+00
   5.8404260E+01   0.0000000E+00
   5.8737998E+01   0.0000000E+00
   5.9071737E+01   0.0000000E+00
   5.9405475E+01   0.0000000E+00
   5.9739214E+01   0.0000000E+00
   6.0072953E+01   0.0000000E+00
   6.0406691E+01   0.0000000E+00
   6.0740430E+01   0.0000000E+00
   6.1074168E+01   0.0000000E+00
   6.1407907E+01   0.0000000E+00
   6.1741646E+01   0.0000000E+00
   6.2075384E+01   0.0000000E+00
   6.2409123E+01   0.0000000E+00
   6.2742861E+01   0.0000000E+00
   6.3076600E+01   0.0000000E+00
   6.3410339E+01   0.0000000E+00
   6.3744077E+01   0.0000000E+00
   6.4077816E+01   0.0000000E+00
   6.4411554E+01   0.0000000E+00
   6.4745293E+01   0.0000000E+00
   6.5079032E+01   0.0000000E+00
   6.5412770E+01   0.0000000E+00
   6.5746509E+01   0.0000000E+00
   6.6080247E+01   0.0000000E+00
   6.6413986E+01   0.0000000E+00
   6.6747725E+01   0.0000000E+00
   6.7081463E+01   0.0000000E+00
   6.7415202E+01   0.0000000E+00
   6.7748940E+01   0.0000000E+00
   6.8082679E+01   0.0000000E+00
   6.8416418E+01   0.0000000E+00
   6.8750156E+01   0.0000000E+00
   6.9083895E+01   0.0000000E+00
   6.9417633E+01   0.0000000E+00
   6.9751372E+01   0.0000000E+00
   7.0085111E+01   0.0000000E+00
   7.0418849E+01   0.0000000E+00
   7.0752588E+01   0.0000000E+00
   7.1086326E+01   0.0000000E+00
   7.1420065E+01   0.0000000E+00
   7.1753804E+01   0.0000000E+00
   7.2087542E+01   0.0000000E+00
   7.2421281E+01   0.0000000E+00
   7.2755019E+01   0.0000000E+00
   7.3088758E+01   0.0000000E+00
   7.3422496E+01   0.0000000E+00
   7.3756235E+01   0.0000000E+00
   7.4089974E+01   0.0000000E+00
   7.4423712E+01   0.0000000E+00
   7.4757451E+01   0.0000000E+00
   7.5091189E+01   0.0000000E+00
   7.5424928E+01   0.0000000E+00
   7.5758667E+01   0.0000000E+00
   7.6092405E+01   0.0000000E+00
   7.6426144E+01   0.0000000E+00
   7.6759882E+01   0.0000000E+00
   7.7093621E+01   0.0000000E+00
   7.7427360E+01   0.0000000E+00
   7.7761098E+01   0.0000000E+00
   7.8094837E+01   0.0000000E+00
   7.8428575E+01   0.0000000E+00
   7.8762314E+01   0.0000000E+00
   7.9096053E+01   0.0000000E+00
   7.9429791E+01   0.0000000E+00
   7.9763530E+01   0.0000000E+00
   8.0097268E+01   0.0000000E+00
   8.0431007E+01   0.0000000E+00
   8.0764746E+01   0.0000000E+00
   8.1098484E+01   0.0000000E+00
   8.1432223E+01   0.0000000E+00
   8.1765961E+01   0.0000000E+00
   8.2099700E+01   0.0000000E+00
   8.2433439E+01   0.0000000E+00
   8.2767177E+01   0.0000000E+00
   8.3100916E+01   0.0000000E+00
   8.3434654E+01   0.0000000E+00
   8.3768393E+01   0.0000000E+00
   8.4102132E+01   0.0000000E+00
   8.4435870E+01   0.0000000E+00
   8.4769609E+01   0.0000000E+00
   8.5103347E+01   0.0000000E+00
   8.5437086E+01   0.0000000E+00
   8.5770825E+01   0.0000000E+00
   8.6104563E+01   0.0000000E+00
   8.6438302E+01   0.0000000E+00
   8.6772040E+01   0.0000000E+00
   8.7105779E+01   0.0000000E+00
   8.7439517E+01   0.0000000E+00
   8.7773256E+01   0.0000000E+00
   8.8106995E+01   0.0000000E+00
   8.8440733E+01   0.0000000E+00
   8.8774472E+01   0.0000000E+00
   8.9108210E+01   0.0000000E+00
   8.9441949E+01   0.0000000E+00
   8.9775688E+01   0.0000000E+00
   9.0109426E+01   0.0000000E+00
   9.0443165E+01   0.0000000E+00
   9.0776903E+01   0.0000000E+00
   9.1110642E+01   0.0000000E+00
   9.1444381E+01   0.0000000E+00
   9.1778119E+01   0.0000000E+00
   9.2111858E+01   0.0000000E+00
   9.2445596E+01   0.0000000E+00
   9.2779335E+01   0.0000000E+00
   9.3113074E+01   0.0000000E+00
   9.3446812E+01   0.0000000E+00
   9.3780551E+01   0.0000000E+00
   9.4114289E+01   0.0000000E+00
   9.4448028E+01   0.0000000E+00
   9.4781767E+01   0.0000000E+00
   9.5115505E+01   0.0000000E+00
   9.5449244E+01   0.0000000E+00
   9.5782982E+01   0.0000000E+00
   9.6116721E+01   0.0000000E+00
   9.6450460E+01   0.0000000E+00
   9.6784198E+01   0.0000000E+00
   9.7117937E+01   0.0000000E+00
   9.7451675E+01   0.0000000E+00
   9.7785414E+01   0.0000000E+00
   9.8119153E+01   0.0000000E+00
   9.8452891E+01   0.0000000E+00
   9.8786630E+01   0.0000000E+00
   9.9120368E+01   0.0000000E+00
   9.9454107E+01   0.0000000E+00
   9.9787846E+01   0.0000000E+00
   1.0012158E+02   0.0000000E+00
   1.0045532E+02   0.0000000E+00
   1.0078906E+02   0.0000000E+00
   1.0112280E+02   0.0000000E+00
   1.0145654E+02   0.0000000E+00
   1.0179028E+02   0.0000000E+00
   1.0212402E+02   0.0000000E+00
   1.0245775E+02   0.0000000E+00
   1.0279149E+02   0.0000000E+00
   1.0312523E+02   0.0000000E+00
   1.0345897E+02   0.0000000E+00
   1.0379271E+02   0.0000000E+00
   1.0412645E+02   0.0000000E+00
   1.0446019E+02   0.0000000E+00
   1.0479392E+02   0.0000000E+00
   1.0512766E+02   0.0000000E+00
   1.0546140E+02   0.0000000E+00
   1.0579514E+02   0.0000000E+00
   1.0612888E+02   0.0000000E+00
   1.0646262E+02   0.0000000E+00
   1.0679636E+02   0.0000000E+00
   1.0713009E+02   0.0000000E+00
   1.0746383E+02   0.0000000E+00
   1.0779757E+02   0.0000000E+00
   1.0813131E+02   0.0000000E+00
   1.0846505E+02   0.0000000E+00
   1.0879879E+02   0.0000000E+00
   1.0913253E+02   0.0000000E+00
   1.0946626E+02   0.0000000E+00
   1.0980000E+02   0.0000000E+00
   1.1013374E+02   0.0000000E+00
   1.1046748E+02   0.0000000E+00
   1.1080122E+02   0.0000000E+00
   1.1113496E+02   0.0000000E+00
   1.1146870E+02   0.0000000E+00
   1.1180243E+02   0.0000000E+00
   1.1213617E+02   0.0000000E+00
   1.1246991E+02   0.0000000E+00
   1.1280365E+02   0.0000000E+00
   1.1313739E+02   0.0000000E+00
   1.1347113E+02   0.0000000E+00
   1.1380487E+02   0.0000000E+00
   1.1413861E+02   0.0000000E+00
   1.1447234E+02   0.0000000E+00
   1.1480608E+02   0.0000000E+00
   1.1513982E+02   0.0000000E+00
   1.1547356E+02   0.0000000E+00
   1.1580730E+02   0.0000000E+00
   1.1614104E+02   0.0000000E+00
   1.1647478E+02   0.0000000E+00
   1.1680851E+02   0.0000000E+00
   1.1714225E+02   0.0000000E+00
   1.1747599E+02   0.0000000E+00
   1.1780973E+02   0.0000000E+00
   1.1814347E+02   0.0000000E+00
   1.1847721E+02   0.0000000E+00
   1.1881095E+02   0.0000000E+00
   1.1914468E+02   0.0000000E+00
   1.1947842E+02   0.0000000E+00
   1.1981216E+02   0.0000000E+00
   1.2014590E+02   0.0000000E+00
   1.2047964E+02   0.0000000E+00
   1.2081338E+02   0.0000000E+00
   1.2114712E+02   0.0000000E+00
   1.2148085E+02   0.0000000E+00
   1.2181459E+02   0.0000000E+00
   1.2214833E+02   0.0000000E+00
   1.2248207E+02   0.0000000E+00
   1.2281581E+02   0.0000000E+00
   1.2314955E+02   0.0000000E+00
   1.2348329E+02   0.0000000E+00
   1.2381702E+02   0.0000000E+00
   1.2415076E+02   0.0000000E+00
   1.2448450E+02   0.0000000E+00
   1.2481824E+02   0.0000000E+00
   1.2515198E+02   0.0000000E+00
   1.2548572E+02   0.0000000E+00
   1.2581946E+02   0.0000000E+00
   1.2615319E+02   0.0000000E+00
   1.2648693E+02   0.0000000E+00
   1.2682067E+02   0.0000000E+00
   1.2715441E+02   0.0000000E+00
   1.2748815E+02   0.0000000E+00
   1.2782189E+02   0.0000000E+00
   1.2815563E+02   0.0000000E+00
   1.2848936E+02   0.0000000E+00
   1.2882310E+02   0.0000000E+00
   1.2915684E+02   0.0000000E+00
   1.2949058E+02   0.0000000E+00
   1.2982432E+02   0.0000000E+00
   1.3015806E+02   0.0000000E+00
   1.3049180E+02   0.0000000E+00
   1.3082553E+02   0.0000000E+00
   1.3115927E+02   0.0000000E+00
   1.3149301E+02   0.0000000E+00
   1.3182675E+02   0.0000000E+00
   1.3216049E+02   0.0000000E+00
   1.3249423E+02   0.0000000E+00
   1.3282797E+02   0.0000000E+00
   1.3316171E+02   0.0000000E+00
   1.3349544E+02   0.0000000E+00
   1.3382918E+02   0.0000000E+00
   1.3416292E+02   0.0000000E+00
   1.3449666E+02   0.0000000E+00
   1.3483040E+02   0.0000000E+00
   1.3516414E+02   0.0000000E+00
   1.3549788E+02   0.0000000E+00
   1.3583161E+02   0.0000000E+00
   1.3616535E+02   0.0000000E+00
   1.3649909E+02   0.0000000E+00
   1.3683283E+02   0.0000000E+00
   1.3716657E+02   0.0000000E+00
   1.3750031E+02   0.0000000E+00
   1.3783405E+02   0.0000000E+00
   1.3816778E+02   0.0000000E+00
   1.3850152E+02   0.0000000E+00
   1.3883526E+02   0.0000000E+00
   1.3916900E+02   0.0000000E+00
   1.3950274E+02   0.0000000E+00
   1.3983648E+02   0.0000000E+00
   1.4017022E+02   0.0000000E+00
   1.4050395E+02   0.0000000E+00
   1.4083769E+02   0.0000000E+00
   1.4117143E+02   0.0000000E+00
   1.4150517E+02   0.0000000E+00
   1.4183891E+02   0.0000000E+00
   1.4217265E+02   0.0000000E+00
   1.4250639E+02   0.0000000E+00
   1.4284012E+02   0.0000000E+00
   1.4317386E+02   0.0000000E+00
   1.4350760E+02   0.0000000E+00
   1.4384134E+02   0.0000000E+00
   1.4417508E+02   0.0000000E+00
   1.4450882E+02   0.0000000E+00
   1.4484256E+02   0.0000000E+00
   1.4517629E+02   0.0000000E+00
   1.4551003E+02   0.0000000E+00
   1.4584377E+02   0.0000000E+00
   1.4617751E+02   1.4012985E-45
   1.4651125E+02   1.4012985E-45
   1.4684499E+02   4.2038954E-45
   1.4717873E+02   7.0064923E-45
   1.4751246E+02   7.0064923E-45
   1.4784620E+02   9.8090893E-45
   1.4817994E+02   9.8090893E-45
   1.4851368E+02   7.0064923E-45
   1.4884742E+02   7.0064923E-45
   1.4918116E+02   0.0000000E+00
   1.4951490E+02  -7.0064923E-45
   1.4984863E+02  -1.2611686E-44
   1.5018237E+02  -1.8216880E-44
   1.5051611E+02  -1.9618179E-44
   1.5084985E+02  -1.6815582E-44
   1.5118359E+02  -1.1210388E-44
   1.5151733E+02   1.4012985E-45
   1.5185107E+02   1.6815582E-44
   1.5218480E+02   3.3631163E-44
   1.5251854E+02   5.1848043E-44
   1.5285228E+02   6.8663625E-44
   1.5318602E+02   8.2676609E-44
   1.5351976E+02   8.5479206E-44
   1.5385350E+02   8.2676609E-44
   1.5418724E+02   7.1466222E-44
   1.5452098E+02   4.6242849E-44
   1.5485471E+02   1.2611686E-44
   1.5518845E+02  -2.5223372E-44
   1.5552219E+02  -6.3058431E-44
   1.5585593E+02  -9.5288296E-44
   1.5618967E+02  -1.1630777E-43
   1.5652341E+02  -1.2471556E-43
   1.5685715E+02  -1.0789998E-43
   1.5719088E+02  -7.2867520E-44
   1.5752462E+02  -1.8216880E-44
   1.5785836E+02   5.1848043E-44
   1.5819210E+02   1.2891946E-43
   1.5852584E+02   1.9478049E-43
   1.5885958E+02   2.5503632E-43
   1.5919332E+02   2.7325320E-43
   1.5952705E+02   2.5223372E-43
   1.5986079E+02   1.8917529E-43
   1.6019453E+02   7.2867520E-44
   1.6052827E+02  -7.8472714E-44
   1.6086201E+02  -2.4382593E-43
   1.6119575E+02  -4.0637655E-43
   1.6152949E+02  -5.3809861E-43
   1.6186322E+02  -6.1236743E-43
   1.6219696E+02  -5.9975574E-43
   1.6253070E+02  -4.8484927E-43
   1.6286444E+02  -2.6204281E-43
   1.6319818E+02   4.6242849E-44
   1.6353192E+02   4.1758694E-43
   1.6386566E+02   8.0854921E-43
   1.6419939E+02   1.1546699E-42
   1.6453313E+02   1.3970946E-42
   1.6486687E+02   1.4685608E-42
   1.6520061E+02   1.3340361E-42
   1.6553435E+02   9.6269204E-43
   1.6586809E+02   3.7554799E-43
   1.6620183E+02  -3.8675838E-43
   1.6653556E+02  -1.2373465E-42
   1.6686930E+02  -2.0585074E-42
   1.6720304E+02  -2.7213216E-42
   1.6753678E+02  -3.0786527E-42
   1.6787052E+02  -3.0155943E-42
   1.6820426E+02  -2.4676866E-42
   1.6853800E+02  -1.4125089E-42
   1.6887173E+02   7.0064923E-44
   1.6920547E+02   1.8441088E-42
   1.6953921E+02   3.6938228E-42
   1.6987295E+02   5.3445523E-42
   1.7020669E+02   6.4894132E-42
   1.7054043E+02   6.8593560E-42
   1.7087417E+02   6.2497912E-42
   1.7120790E+02   4.5542200E-42
   1.7154164E+02   1.8357010E-42
   1.7187538E+02  -1.6913672E-42
   1.7220912E+02  -5.6304172E-42
   1.7254286E+02  -9.4573633E-42
   1.7287660E+02  -1.2565443E-41
   1.7321034E+02  -1.4325474E-41
   1.7354408E+02  -1.4223179E-41
   1.7387781E+02  -1.1906833E-41
   1.7421155E+02  -7.3203832E-42
   1.7454529E+02  -7.3428040E-43
   1.7487903E+02   7.2236936E-42
   1.7521277E+02   1.5593649E-41
   1.7554651E+02   2.3169069E-41
   1.7588025E+02   2.8652350E-41
   1.7621398E+02   3.0815955E-41
   1.7654772E+02   2.8714007E-41
   1.7688146E+02   2.1879874E-41
   1.7721520E+02   1.0467700E-41
   1.7754894E+02  -4.6256862E-42
   1.7788268E+02  -2.1791592E-41
   1.7821642E+02  -3.8807560E-41
   1.7855015E+02  -5.3064370E-41
   1.7888389E+02  -6.1914971E-41
   1.7921763E+02  -6.3029004E-41
   1.7955137E+02  -5.4837013E-41
   1.7988511E+02  -3.6889182E-41
   1.8021885E+02  -1.0125783E-41
   1.8055259E+02   2.3010722E-41
   1.8088632E+02   5.8693386E-41
   1.8122006E+02   9.2019066E-41
   1.8155380E+02   1.1756614E-40
   1.8188754E+02   1.3013438E-40
   1.8222128E+02   1.2552131E-40
   1.8255502E+02   1.0138114E-40
   1.8288876E+02   5.7858212E-41
   1.8322249E+02  -1.9730282E-42
   1.8355623E+02  -7.2065977E-41
   1.8388997E+02  -1.4380125E-40
   1.8422371E+02  -2.0678121E-40
   1.8455745E+02  -2.5014579E-40
   1.8489119E+02  -2.6402285E-40
   1.8522493E+02  -2.4123353E-40
   1.8555866E+02  -1.7879307E-40
   1.8589240E+02  -7.9069667E-41
   1.8622614E+02   4.9638196E-41
   1.8655988E+02   1.9331613E-40
   1.8689362E+02   3.3334648E-40
   1.8722736E+02   4.4846175E-40
   1.8756110E+02   5.1744627E-40
   1.8789483E+02   5.2225833E-40
   1.8822857E+02   4.5122231E-40
   1.8856231E+02   3.0185230E-40
   1.8889605E+02   8.2729859E-41
   1.8922979E+02  -1.8587523E-40
   1.8956353E+02  -4.7302231E-40
   1.8989727E+02  -7.3982954E-40
   1.9023100E+02  -9.4385719E-40
   1.9056474E+02  -1.0447100E-39
   1.9089848E+02  -1.0102647E-39
   1.9123222E+02  -8.2277660E-40
   1.9156596E+02  -4.8382072E-40
   1.9189970E+02  -1.7300431E-41
   1.9223344E+02   5.3032561E-40
   1.9256718E+02   1.0930661E-39
   1.9290091E+02   1.5917307E-39
   1.9323465E+02   1.9432591E-39
   1.9356839E+02   2.0720832E-39
   1.9390213E+02   1.9223713E-39
   1.9423587E+02   1.4693231E-39
   1.9456961E+02   7.2790729E-40
   1.9490335E+02  -2.4275814E-40
   1.9523708E+02  -1.3406461E-39
   1.9557082E+02  -2.4284600E-39
   1.9590456E+02  -3.3476208E-39
   1.9623830E+02  -3.9375898E-39
   1.9657204E+02  -4.0586592E-39
   1.9690578E+02  -3.6154579E-39
   1.9723952E+02  -2.5779534E-39
   1.9757325E+02  -9.9654181E-40
   1.9790699E+02   9.9194835E-40
   1.9824073E+02   3.1696222E-39
   1.9857447E+02   5.2553947E-39
   1.9890821E+02   6.9348103E-39
   1.9924195E+02   7.8995230E-39
   1.9957569E+02   7.8924367E-39
   1.9990942E+02   6.7528755E-39
   2.0024316E+02   4.4554677E-39
   2.0057690E+02   1.1361448E-39
   2.0091064E+02  -2.9006037E-39
   2.0124438E+02  -7.1972441E-39
   2.0157812E+02  -1.1183085E-38
   2.0191186E+02  -1.4236831E-38
   2.0224559E+02  -1.5766708E-38
   2.0257933E+02  -1.5299615E-38
   2.0291307E+02  -1.2568221E-38
   2.0324681E+02  -7.5832261E-39
   2.0358055E+02  -6.7821164E-40
   2.0391429E+02   7.4839918E-39
   2.0424803E+02   1.5950549E-38
   2.0458176E+02   2.3565608E-38
   2.0491550E+02   2.9100625E-38
   2.0524924E+02   3.1416814E-38
   2.0558298E+02   2.9642014E-38
   2.0591672E+02   2.3339502E-38
   2.0625046E+02   1.2643228E-38
   2.0658420E+02  -1.6650060E-39
   2.0691793E+02  -1.8157459E-38
   2.0725167E+02  -3.4854228E-38
   2.0758541E+02  -4.9411297E-38
   2.0791915E+02  -5.9392074E-38
   2.0825289E+02  -6.2598082E-38
   2.0858663E+02  -5.7421915E-38
   2.0892037E+02  -4.3176259E-38
   2.0925410E+02  -2.0348147E-38
   2.0958784E+02   9.2703348E-39
   2.0992158E+02   4.2614562E-38
   2.1025532E+02   7.5566354E-38
   2.1058906E+02   1.0336029E-37
   2.1092280E+02   1.2115159E-37
   2.1125654E+02   1.2469263E-37
   2.1159027E+02   1.1104055E-37
   2.1192401E+02   7.9200403E-38
   2.1225775E+02   3.0601410E-38
   2.1259149E+02  -3.0690639E-38
   2.1292523E+02  -9.8100186E-38
   2.1325897E+02  -1.6304889E-37
   2.1359271E+02  -2.1583570E-37
   2.1392645E+02  -2.4682926E-37
   2.1426018E+02  -2.4785611E-37
   2.1459392E+02  -2.1362028E-37
   2.1492766E+02  -1.4295724E-37
   2.1526140E+02  -3.9712535E-38
   2.1559514E+02   8.6943574E-38
   2.1592888E+02   2.2291004E-37
   2.1626262E+02   3.5032332E-37
   2.1659635E+02   4.4946722E-37
   2.1693009E+02   5.0127885E-37
   2.1726383E+02   4.9019416E-37
   2.1759757E+02   4.0698479E-37
   2.1793131E+02   2.5117573E-37
   2.1826505E+02   3.2624437E-38
   2.1859879E+02  -2.2811186E-37
   2.1893252E+02  -5.0088192E-37
   2.1926626E+02  -7.4861821E-37
   2.1960000E+02  -9.3147129E-37
   2.1993374E+02  -1.0120587E-36
   2.2026748E+02  -9.6126599E-37
   2.2060122E+02  -7.6385636E-37
   2.2093496E+02  -4.2305133E-37
   2.2126869E+02   3.6759063E-38
   2.2160243E+02   5.6989078E-37
   2.2193617E+02   1.1122862E-36
   2.2226991E+02   1.5875873E-36
   2.2260365E+02   1.9160242E-36
   2.2293739E+02   2.0253237E-36
   2.2327113E+02   1.8624045E-36
   2.2360486E+02   1.4043073E-36
   2.2393860E+02   6.6664907E-37
   2.2427234E+02  -2.9204876E-37
   2.2460608E+02  -1.3714839E-36
   2.2493982E+02  -2.4369238E-36
   2.2527356E+02  -3.3327783E-36
   2.2560730E+02  -3.9014962E-36
   2.2594103E+02  -4.0059497E-36
   2.2627477E+02  -3.5526766E-36
   2.2660851E+02  -2.5127429E-36
   2.2694225E+02  -9.3682403E-37
   2.2727599E+02   1.0386786E-36
   2.2760973E+02   3.1968589E-36
   2.2794347E+02   5.2580507E-36
   2.2827720E+02   6.9096159E-36
   2.2861094E+02   7.8455086E-36
   2.2894468E+02   7.8115079E-36
   2.2927842E+02   6.6505587E-36
   2.2961216E+02   4.3416450E-36
   2.2994590E+02   1.0255053E-36
   2.3027964E+02  -2.9887324E-36
   2.3061337E+02  -7.2401154E-36
   2.3094711E+02  -1.1157119E-35
   2.3128085E+02  -1.4121702E-35
   2.3161459E+02  -1.5550680E-35
   2.3194833E+02  -1.4985510E-35
   2.3228207E+02  -1.2178914E-35
   2.3261581E+02  -7.1652594E-36
   2.3294955E+02  -3.0189843E-37
   2.3328328E+02   7.7293259E-36
   2.3361702E+02   1.5967093E-35
   2.3395076E+02   2.3263326E-35
   2.3428450E+02   2.8417917E-35
   2.3461824E+02   3.0342956E-35
   2.3495198E+02   2.8237466E-35
   2.3528572E+02   2.1749182E-35
   2.3561945E+02   1.1097896E-35
   2.3595319E+02  -2.8635879E-36
   2.3628693E+02  -1.8669851E-35
   2.3662067E+02  -3.4354637E-35
   2.3695441E+02  -4.7652750E-35
   2.3728815E+02  -5.6277343E-35
   2.3762189E+02  -5.8244752E-35
   2.3795562E+02  -5.2207699E-35
   2.3828936E+02  -3.7750286E-35
   2.3862310E+02  -1.5596128E-35
   2.3895684E+02   1.2314045E-35
   2.3929058E+02   4.2907208E-35
   2.3962432E+02   7.2238869E-35
   2.3995806E+02   9.5920178E-35
   2.4029179E+02   1.0967623E-34
   2.4062553E+02   1.0997606E-34
   2.4095927E+02   9.4655001E-35
   2.4129301E+02   6.3439215E-35
   2.4162675E+02   1.8281543E-35
   2.4196049E+02  -3.6569024E-35
   2.4229423E+02  -9.4815415E-35
   2.4262796E+02  -1.4869244E-34
   2.4296170E+02  -1.8984667E-34
   2.4329544E+02  -2.1043741E-34
   2.4362918E+02  -2.0433499E-34
   2.4396292E+02  -1.6825989E-34
   2.4429666E+02  -1.0269157E-34
   2.4463040E+02  -1.2380475E-35
   2.4496413E+02   9.3669841E-35
   2.4529787E+02   2.0282999E-34
   2.4563161E+02   3.0008470E-34
   2.4596535E+02   3.6980267E-34
   2.4629909E+02   3.9786466E-34
   2.4663283E+02   3.7390090E-34
   2.4696657E+02   2.9333672E-34
   2.4730030E+02   1.5892462E-34
   2.4763404E+02  -1.8530807E-35
   2.4796778E+02  -2.2048298E-34
   2.4830152E+02  -4.2209771E-34
   2.4863526E+02  -5.9482021E-34
   2.4896900E+02  -7.0985601E-34
   2.4930274E+02  -7.4220998E-34
   2.4963647E+02  -6.7479451E-34
   2.4997021E+02  -5.0203449E-34
   2.5030395E+02  -2.3238504E-34
   2.5063769E+02   1.1076013E-34
   2.5097143E+02   4.9013109E-34
   2.5130517E+02   8.5776539E-34
   2.5163891E+02   1.1601715E-33
   2.5197264E+02   1.3450401E-33
   2.5230638E+02   1.3687829E-33
   2.5264012E+02   1.2039603E-33
   2.5297386E+02   8.4553529E-34
   2.5330760E+02   3.1489781E-34
   2.5364134E+02  -3.3922939E-34
   2.5397508E+02  -1.0435901E-33
   2.5430882E+02  -1.7070478E-33
   2.5464255E+02  -2.2307195E-33
   2.5497629E+02  -2.5206788E-33
   2.5531003E+02  -2.5018206E-33
   2.5564377E+02  -2.1311143E-33
   2.5597751E+02  -1.4083032E-33
   2.5631125E+02  -3.8218540E-34
   2.5664499E+02   8.4903487E-34
   2.5697872E+02   2.1442393E-33
   2.5731246E+02   3.3327980E-33
   2.5764620E+02   4.2340138E-33
   2.5797994E+02   4.6807696E-33
   2.5831368E+02   4.5446816E-33
   2.5864742E+02   3.7594914E-33
   2.5898116E+02   2.3391957E-33
   2.5931489E+02   3.8764121E-34
   2.5964863E+02  -1.9029380E-33
   2.5998237E+02  -4.2658154E-33
   2.6031611E+02  -6.3859260E-33
   2.6064985E+02  -7.9363993E-33
   2.6098359E+02  -8.6218867E-33
   2.6131733E+02  -8.2236666E-33
   2.6165106E+02  -6.6405535E-33
   2.6198480E+02  -3.9194178E-33
   2.6231854E+02  -2.6965767E-34
   2.6265228E+02   3.9426000E-33
   2.6298602E+02   8.2225521E-33
   2.6331976E+02   1.1996309E-32
   2.6365350E+02   1.4678156E-32
   2.6398723E+02   1.5748752E-32
   2.6432097E+02   1.4835091E-32
   2.6465471E+02   1.1781559E-32
   2.6498845E+02   6.7011333E-33
   2.6532219E+02  -2.8498391E-36
   2.6565593E+02  -7.6513875E-33
   2.6598967E+02  -1.5343916E-32
   2.6632340E+02  -2.2049732E-32
   2.6665714E+02  -2.6729460E-32
   2.6699088E+02  -2.8474076E-32
   2.6732462E+02  -2.6645083E-32
   2.6765836E+02  -2.0997067E-32
   2.6799210E+02  -1.1763647E-32
   2.6832584E+02   3.0945917E-34
   2.6865957E+02   1.3995828E-32
   2.6899331E+02   2.7688446E-32
   2.6932705E+02   3.9564045E-32
   2.6966079E+02   4.7798113E-32
   2.6999453E+02   5.0808292E-32
   2.7032827E+02   4.7497319E-32
   2.7066201E+02   3.7462864E-32
   2.7099574E+02   2.1141971E-32
   2.7132948E+02  -1.3752696E-34
   2.7166322E+02  -2.4217605E-32
   2.7199696E+02  -4.8288776E-32
   2.7233070E+02  -6.9178248E-32
   2.7266444E+02  -8.3723169E-32
   2.7299818E+02  -8.9189929E-32
   2.7333192E+02  -8.3690055E-32
   2.7366565E+02  -6.6536613E-32
   2.7399939E+02  -3.8486825E-32
   2.7433313E+02  -1.8244084E-33
   2.7466687E+02   3.9749200E-32
   2.7500061E+02   8.1423966E-32
   2.7533435E+02   1.1777474E-31
   2.7566809E+02   1.4339656E-31
   2.7600182E+02   1.5361568E-31
   2.7633556E+02   1.4519140E-31
   2.7666930E+02   1.1691577E-31
   2.7700304E+02   7.0019696E-32
   2.7733678E+02   8.3085410E-33
   2.7767052E+02  -6.2022885E-32
   2.7800426E+02  -1.3291009E-31
   2.7833799E+02  -1.9524545E-31
   2.7867173E+02  -2.3993960E-31
   2.7900547E+02  -2.5910634E-31
   2.7933921E+02  -2.4723068E-31
   2.7967295E+02  -2.0216563E-31
   2.8000669E+02  -1.2580675E-31
   2.8034043E+02  -2.4319256E-32
   2.8067416E+02   9.2164094E-32
   2.8100790E+02   2.1039651E-31
   2.8134164E+02   3.1537383E-31
   2.8167538E+02   3.9207514E-31
   2.8200912E+02   4.2740589E-31
   2.8234286E+02   4.1211149E-31
   2.8267660E+02   3.4241036E-31
   2.8301033E+02   2.2110122E-31
   2.8334407E+02   5.7942897E-32
   2.8367781E+02  -1.3082711E-31
   2.8401155E+02  -3.2386647E-31
   2.8434529E+02  -4.9691687E-31
   2.8467903E+02  -6.2561290E-31
   2.8501277E+02  -6.8861522E-31
   2.8534650E+02  -6.7069673E-31
   2.8568024E+02  -5.6537550E-31
   2.8601398E+02  -3.7670205E-31
   2.8634772E+02  -1.1987932E-31
   2.8668146E+02   1.7949687E-31
   2.8701520E+02   4.8762266E-31
   2.8734894E+02   7.6597027E-31
   2.8768267E+02   9.7575680E-31
   2.8801641E+02   1.0829245E-30
   2.8835015E+02   1.0630394E-30
   2.8868389E+02   9.0546299E-31
   2.8901763E+02   6.1617726E-31
   2.8935137E+02   2.1875353E-31
   2.8968511E+02  -2.4685689E-31
   2.9001884E+02  -7.2778560E-31
   2.9035258E+02  -1.1637483E-30
   2.9068632E+02  -1.4940852E-30
   2.9102006E+02  -1.6655826E-30
   2.9135380E+02  -1.6401406E-30
   2.9168754E+02  -1.4012748E-30
   2.9202128E+02  -9.5847656E-31
   2.9235501E+02  -3.4864485E-31
   2.9268875E+02   3.6590621E-31
   2.9302249E+02   1.1029532E-30
   2.9335623E+02   1.7690389E-30
   2.9368997E+02   2.2705085E-30
   2.9402371E+02   2.5257048E-30
   2.9435745E+02   2.4768593E-30
   2.9469119E+02   2.1000801E-30
   2.9502492E+02   1.4119415E-30
   2.9535866E+02   4.7145312E-31
   2.9569240E+02  -6.2332351E-31
   2.9602614E+02  -1.7441242E-30
   2.9635988E+02  -2.7462091E-30
   2.9669362E+02  -3.4856658E-30
   2.9702736E+02  -3.8383957E-30
   2.9736109E+02  -3.7184727E-30
   2.9769483E+02  -3.0933862E-30
   2.9802857E+02  -1.9938562E-30
   2.9836231E+02  -5.1636392E-31
   2.9869605E+02   1.1827005E-30
   2.9902979E+02   2.9013623E-30
   2.9936353E+02   4.4138839E-30
   2.9969726E+02   5.4979876E-30
   3.0003100E+02   5.9644726E-30
   3.0036474E+02   5.6856010E-30
   3.0069848E+02   4.6183868E-30
   3.0103222E+02   2.8192133E-30
   3.0136596E+02   4.4696254E-31
   3.0169970E+02  -2.2469900E-30
   3.0203343E+02  -4.9419193E-30
   3.0236717E+02  -7.2824324E-30
   3.0270091E+02  -8.9213258E-30
   3.0303465E+02  -9.5658736E-30
   3.0336839E+02  -9.0218894E-30
   3.0370213E+02  -7.2295144E-30
   3.0403587E+02  -4.2853152E-30
   3.0436960E+02  -4.4627878E-31
   3.0470334E+02   3.8865913E-30
   3.0503708E+02   8.2051078E-30
   3.0537082E+02   1.1948447E-29
   3.0570456E+02   1.4570148E-29
   3.0603830E+02   1.5610168E-29
   3.0637204E+02   1.4763202E-29
   3.0670577E+02   1.1933945E-29
   3.0703951E+02   7.2710386E-30
   3.0737325E+02   1.1729760E-30
   3.0770699E+02  -5.7374311E-30
   3.0804073E+02  -1.2669948E-29
   3.0837447E+02  -1.8750886E-29
   3.0870821E+02  -2.3126039E-29
   3.0904194E+02  -2.5071232E-29
   3.0937568E+02  -2.4096978E-29
   3.0970942E+02  -2.0033310E-29
   3.1004316E+02  -1.3082091E-29
   3.1037690E+02  -3.8269289E-30
   3.1071064E+02   6.8044459E-30
   3.1104438E+02   1.7625005E-29
   3.1137811E+02   2.7313906E-29
   3.1171185E+02   3.4570358E-29
   3.1204559E+02   3.8278917E-29
   3.1237933E+02   3.7665911E-29
   3.1271307E+02   3.2426600E-29
   3.1304681E+02   2.2804076E-29
   3.1338055E+02   9.6057562E-30
   3.1371429E+02  -5.8499911E-30
   3.1404802E+02  -2.1856223E-29
   3.1438176E+02  -3.6499057E-29
   3.1471550E+02  -4.7880264E-29
   3.1504924E+02  -5.4356081E-29
   3.1538298E+02  -5.4762747E-29
   3.1571672E+02  -4.8599410E-29
   3.1605046E+02  -3.6141339E-29
   3.1638419E+02  -1.8463827E-29
   3.1671793E+02   2.6334397E-30
   3.1705167E+02   2.4799247E-29
   3.1738541E+02   4.5386495E-29
   3.1771915E+02   6.1763731E-29
   3.1805289E+02   7.1647176E-29
   3.1838663E+02   7.3411875E-29
   3.1872036E+02   6.6340956E-29
   3.1905410E+02   5.0775831E-29
   3.1938784E+02   2.8142101E-29
   3.1972158E+02   8.3819368E-31
   3.2005532E+02  -2.8007331E-29
   3.2038906E+02  -5.4888113E-29
   3.2072280E+02  -7.6342984E-29
   3.2105653E+02  -8.9399989E-29
   3.2139027E+02  -9.1984503E-29
   3.2172401E+02  -8.3236586E-29
   3.2205775E+02  -6.3690136E-29
   3.2239149E+02  -3.5281719E-29
   3.2272523E+02  -1.1780962E-30
   3.2305897E+02   3.4567030E-29
   3.2339270E+02   6.7490718E-29
   3.2372644E+02   9.3278962E-29
   3.2406018E+02   1.0833532E-28
   3.2439392E+02   1.1028549E-28
   3.2472766E+02   9.8346674E-29
   3.2506140E+02   7.3505018E-29
   3.2539514E+02   3.8466524E-29
   3.2572887E+02  -2.6244587E-30
   3.2606261E+02  -4.4673227E-29
   3.2639635E+02  -8.2274542E-29
   3.2673009E+02  -1.1042466E-28
   3.2706383E+02  -1.2521183E-28
   3.2739757E+02  -1.2438838E-28
   3.2773131E+02  -1.0774007E-28
   3.2806504E+02  -7.7188997E-29
   3.2839878E+02  -3.6602443E-29
   3.2873252E+02   8.6810028E-30
   3.2906626E+02   5.2555902E-29
   3.2940000E+02   8.8996765E-29
   3.2973374E+02   1.1293281E-28
   3.3006748E+02   1.2102480E-28
   3.3040121E+02   1.1222476E-28
   3.3073495E+02   8.8022883E-29
   3.3106869E+02   5.2324796E-29
   3.3140243E+02   1.0953970E-29
   3.3173617E+02  -2.9172278E-29
   3.3206991E+02  -6.1090462E-29
   3.3240365E+02  -7.8920793E-29
   3.3273739E+02  -7.8911128E-29
   3.3307112E+02  -6.0229102E-29
   3.3340486E+02  -2.5357552E-29
   3.3373860E+02   2.0004213E-29
   3.3407234E+02   6.7562477E-29
   3.3440608E+02   1.0753309E-28
   3.3473982E+02   1.3010371E-28
   3.3507356E+02   1.2706945E-28
   3.3540729E+02   9.3408156E-29
   3.3574103E+02   2.8554415E-29
   3.3607477E+02  -6.2860813E-29
   3.3640851E+02  -1.7097080E-28
   3.3674225E+02  -2.8142444E-28
   3.3707599E+02  -3.7690844E-28
   3.3740973E+02  -4.3930510E-28
   3.3774346E+02  -4.5225327E-28
   3.3807720E+02  -4.0378532E-28
   3.3841094E+02  -2.8867810E-28
   3.3874468E+02  -1.1015395E-28
   3.3907842E+02   1.1938118E-28
   3.3941216E+02   3.7876891E-28
   3.3974590E+02   6.3976682E-28
   3.4007963E+02   8.6986013E-28
   3.4041337E+02   1.0359602E-27
   3.4074711E+02   1.1085804E-27
   3.4108085E+02   1.0659897E-27
   3.4141459E+02   8.9779160E-28
   3.4174833E+02   6.0741505E-28
   3.4208207E+02   2.1308643E-28
   3.4241580E+02  -2.5295029E-28
   3.4274954E+02  -7.4703500E-28
   3.4308328E+02  -1.2182994E-27
   3.4341702E+02  -1.6140811E-27
   3.4375076E+02  -1.8859395E-27
   3.4408450E+02  -1.9955523E-27
   3.4441824E+02  -1.9197493E-27
   3.4475197E+02  -1.6540010E-27
   3.4508571E+02  -1.2138416E-27
   3.4541945E+02  -6.3395590E-28
   3.4575319E+02   3.5063962E-29
   3.4608693E+02   7.3196513E-28
   3.4642067E+02   1.3914929E-27
   3.4675441E+02   1.9516492E-27
   3.4708814E+02   2.3606447E-27
   3.4742188E+02   2.5826212E-27
   3.4775562E+02   2.6013986E-27
   3.4808936E+02   2.4216990E-27
   3.4842310E+02   2.0676842E-27
   3.4875684E+02   1.5789897E-27
   3.4909058E+02   1.0047952E-27
   3.4942431E+02   3.9680187E-28
   3.4975805E+02  -1.9785690E-28
   3.5009179E+02  -7.4267296E-28
   3.5042553E+02  -1.2158346E-27
   3.5075927E+02  -1.6115951E-27
   3.5109301E+02  -1.9386534E-27
   3.5142675E+02  -2.2156817E-27
   3.5176048E+02  -2.4646557E-27
   3.5209422E+02  -2.7030221E-27
   3.5242796E+02  -2.9360243E-27
   3.5276170E+02  -3.1506334E-27
   3.5309544E+02  -3.3123676E-27
   3.5342918E+02  -3.3660263E-27
   3.5376292E+02  -3.2407850E-27
   3.5409666E+02  -2.8594991E-27
   3.5443039E+02  -2.1513805E-27
   3.5476413E+02  -1.0665567E-27
   3.5509787E+02   4.0942271E-28
   3.5543161E+02   2.2433715E-27
   3.5576535E+02   4.3466991E-27
   3.5609909E+02   6.5739200E-27
   3.5643283E+02   8.7286496E-27
   3.5676656E+02   1.0577375E-26
   3.5710030E+02   1.1870381E-26
   3.5743404E+02   1.2368060E-26
   3.5776778E+02   1.1870095E-26
   3.5810152E+02   1.0244265E-26
   3.5843526E+02   7.4513844E-27
   3.5876900E+02   3.5629766E-27
   3.5910273E+02  -1.2310714E-27
   3.5943647E+02  -6.6268168E-27
   3.5977021E+02  -1.2223112E-26
   3.6010395E+02  -1.7550266E-26
   3.6043769E+02  -2.2108351E-26
   3.6077143E+02  -2.5411860E-26
   3.6110517E+02  -2.7036534E-26
   3.6143890E+02  -2.6663606E-26
   3.6177264E+02  -2.4117080E-26
   3.6210638E+02  -1.9389951E-26
   3.6244012E+02  -1.2656531E-26
   3.6277386E+02  -4.2692089E-27
   3.6310760E+02   5.2602254E-27
   3.6344134E+02   1.5293455E-26
   3.6377507E+02   2.5109820E-26
   3.6410881E+02   3.3958080E-26
   3.6444255E+02   4.1111557E-26
   3.6477629E+02   4.5922080E-26
   3.6511003E+02   4.7869087E-26
   3.6544377E+02   4.6600235E-26
   3.6577751E+02   4.1961327E-26
   3.6611124E+02   3.4014219E-26
   3.6644498E+02   2.3042146E-26
   3.6677872E+02   9.5428180E-27
   3.6711246E+02  -5.7898958E-27
   3.6744620E+02  -2.2094821E-26
   3.6777994E+02  -3.8381886E-26
   3.6811368E+02  -5.3579007E-26
   3.6844741E+02  -6.6586812E-26
   3.6878115E+02  -7.6340338E-26
   3.6911489E+02  -8.1875861E-26
   3.6944863E+02  -8.2401341E-26
   3.6978237E+02  -7.7367090E-26
   3.7011611E+02  -6.6532424E-26
   3.7044985E+02  -5.0022742E-26
   3.7078358E+02  -2.8370757E-26
   3.7111732E+02  -2.5349460E-27
   3.7145106E+02   2.6111308E-26
   3.7178480E+02   5.5824839E-26
   3.7211854E+02   8.4575035E-26
   3.7245228E+02   1.1016275E-25
   3.7278602E+02   1.3037179E-25
   3.7311976E+02   1.4314375E-25
   3.7345349E+02   1.4676460E-25
   3.7378723E+02   1.4004566E-25
   3.7412097E+02   1.2248293E-25
   3.7445471E+02   9.4374647E-26
   3.7478845E+02   5.6881851E-26
   3.7512219E+02   1.2019649E-26
   3.7545593E+02  -3.7429265E-26
   3.7578966E+02  -8.8077898E-26
   3.7612340E+02  -1.3616671E-25
   3.7645714E+02  -1.7784946E-25
   3.7679088E+02  -2.0950906E-25
   3.7712462E+02  -2.2807791E-25
   3.7745836E+02  -2.3133011E-25
   3.7779210E+02  -2.1811792E-25
   3.7812583E+02  -1.8852674E-25
   3.7845957E+02  -1.4392611E-25
   3.7879331E+02  -8.6911672E-26
   3.7912705E+02  -2.1133157E-26
   3.7946079E+02   4.8975452E-26
   3.7979453E+02   1.1854431E-25
   3.8012827E+02   1.8266120E-25
   3.8046200E+02   2.3677337E-25
   3.8079574E+02   2.7705939E-25
   3.8112948E+02   3.0073029E-25
   3.8146322E+02   3.0623349E-25
   3.8179696E+02   2.9333255E-25
   3.8213070E+02   2.6305854E-25
   3.8246444E+02   2.1753779E-25
   3.8279817E+02   1.5971669E-25
   3.8313191E+02   9.3020093E-26
   3.8346565E+02   2.0985500E-26
   3.8379939E+02  -5.3074697E-26
   3.8413313E+02  -1.2633531E-25
   3.8446687E+02  -1.9660162E-25
   3.8480061E+02  -2.6230949E-25
   3.8513434E+02  -3.2237003E-25
   3.8546808E+02  -3.7587672E-25
   3.8580182E+02  -4.2171114E-25
   3.8613556E+02  -4.5811643E-25
   3.8646930E+02  -4.8230916E-25
   3.8680304E+02  -4.9022750E-25
   3.8713678E+02  -4.7649703E-25
   3.8747051E+02  -4.3468913E-25
   3.8780425E+02  -3.5791625E-25
   3.8813799E+02  -2.3976717E-25
   3.8847173E+02  -7.5536291E-26
   3.8880547E+02   1.3634620E-25
   3.8913921E+02   3.9284322E-25
   3.8947295E+02   6.8498429E-25
   3.8980668E+02   9.9690423E-25
   3.9014042E+02   1.3054828E-24
   3.9047416E+02   1.5807769E-24
   3.9080790E+02   1.7874141E-24
   3.9114164E+02   1.8870074E-24
   3.9147538E+02   1.8415885E-24
   3.9180912E+02   1.6178761E-24
   3.9214285E+02   1.1921375E-24
   3.9247659E+02   5.5520770E-25
   3.9281033E+02  -2.8283498E-25
   3.9314407E+02  -1.2889102E-24
   3.9347781E+02  -2.4047551E-24
   3.9381155E+02  -3.5468673E-24
   3.9414529E+02  -4.6091198E-24
   3.9447903E+02  -5.4683530E-24
   3.9481276E+02  -5.9930796E-24
   3.9514650E+02  -6.0550873E-24
   3.9548024E+02  -5.5434321E-24
   3.9581398E+02  -4.3799001E-24
   3.9614772E+02  -2.5346740E-24
   3.9648146E+02  -4.0576737E-26
   3.9681520E+02   2.9959103E-24
   3.9714893E+02   6.3888275E-24
   3.9748267E+02   9.8739763E-24
   3.9781641E+02   1.3118762E-23
   3.9815015E+02   1.5741620E-23
   3.9848389E+02   1.7341259E-23
   3.9881763E+02   1.7534769E-23
   3.9915137E+02   1.6002514E-23
   3.9948510E+02   1.2536479E-23
   3.9981884E+02   7.0873772E-24
   4.0015258E+02  -1.9505296E-25
   4.0048632E+02  -8.9346370E-24
   4.0082006E+02  -1.8520454E-23
   4.0115380E+02  -2.8122860E-23
   4.0148754E+02  -3.6737530E-23
   4.0182127E+02  -4.3258841E-23
   4.0215501E+02  -4.6580324E-23
   4.0248875E+02  -4.5716982E-23
   4.0282249E+02  -3.9939482E-23
   4.0315623E+02  -2.8907489E-23
   4.0348997E+02  -1.2786250E-23
   4.0382371E+02   7.6706626E-24
   4.0415744E+02   3.1089239E-23
   4.0449118E+02   5.5507573E-23
   4.0482492E+02   7.8482459E-23
   4.0515866E+02   9.7272242E-23
   4.0549240E+02   1.0908962E-22
   4.0582614E+02   1.1140821E-22
   4.0615988E+02   1.0229715E-22
   4.0649361E+02   8.0749670E-23
   4.0682735E+02   4.6965654E-23
   4.0716109E+02   2.5459460E-24
   4.0749483E+02  -4.9440557E-23
   4.0782857E+02  -1.0454924E-22
   4.0816231E+02  -1.5722888E-22
   4.0849605E+02  -2.0126790E-22
   4.0882978E+02  -2.3039658E-22
   4.0916352E+02  -2.3900095E-22
   4.0949726E+02  -2.2288261E-22
   4.0983100E+02  -1.7998216E-22
   4.1016474E+02  -1.1097211E-22
   4.1049848E+02  -1.9626460E-23
   4.1083222E+02   8.7116964E-23
   4.1116595E+02   1.9946102E-22
   4.1149969E+02   3.0544619E-22
   4.1183343E+02   3.9202154E-22
   4.1216717E+02   4.4642197E-22
   4.1250091E+02   4.5773542E-22
   4.1283465E+02   4.1849780E-22
   4.1316839E+02   3.2612641E-22
   4.1350213E+02   1.8398671E-22
   4.1383586E+02   1.9011402E-24
   4.1416960E+02  -2.0405577E-22
   4.1450334E+02  -4.1256572E-22
   4.1483708E+02  -5.9888442E-22
   4.1517082E+02  -7.3737320E-22
   4.1550456E+02  -8.0454210E-22
   4.1583830E+02  -7.8230404E-22
   4.1617203E+02  -6.6106473E-22
   4.1650577E+02  -4.4222967E-22
   4.1683951E+02  -1.3971610E-22
   4.1717325E+02   2.1988262E-22
   4.1750699E+02   5.9872180E-22
   4.1784073E+02   9.5079343E-22
   4.1817447E+02   1.2265552E-21
   4.1850820E+02   1.3787580E-21
   4.1884194E+02   1.3689197E-21
   4.1917568E+02   1.1737216E-21
   4.1950942E+02   7.9048775E-22
   4.1984316E+02   2.4089280E-22
   4.2017690E+02  -4.2787745E-22
   4.2051064E+02  -1.1450875E-21
   4.2084437E+02  -1.8218067E-21
   4.2117811E+02  -2.3595375E-21
   4.2151185E+02  -2.6615508E-21
   4.2184559E+02  -2.6459307E-21
   4.2217933E+02  -2.2589143E-21
   4.2251307E+02  -1.4868524E-21
   4.2284681E+02  -3.6500460E-22
   4.2318054E+02   1.0185484E-21
   4.2351428E+02   2.5252136E-21
   4.2384802E+02   3.9752220E-21
   4.2418176E+02   5.1639997E-21
   4.2451550E+02   5.8846800E-21
   4.2484924E+02   5.9548934E-21
   4.2518298E+02   5.2450860E-21
   4.2551671E+02   3.7049032E-21
   4.2585045E+02   1.3838511E-21
   4.2618419E+02  -1.5575213E-21
   4.2651793E+02  -4.8490814E-21
   4.2685167E+02  -8.1272474E-21
   4.2718541E+02  -1.0966287E-20
   4.2751915E+02  -1.2923292E-20
   4.2785288E+02  -1.3593269E-20
   4.2818662E+02  -1.2668802E-20
   4.2852036E+02  -9.9970835E-21
   4.2885410E+02  -5.6262620E-21
   4.2918784E+02   1.6701193E-22
   4.2952158E+02   6.8758072E-21
   4.2985532E+02   1.3791602E-20
   4.3018905E+02   2.0064820E-20
   4.3052279E+02   2.4794500E-20
   4.3085653E+02   2.7139857E-20
   4.3119027E+02   2.6442349E-20
   4.3152401E+02   2.2343202E-20
   4.3185775E+02   1.4879705E-20
   4.3219149E+02   4.5432766E-21
   4.3252522E+02  -7.7150506E-21
   4.3285896E+02  -2.0541397E-20
   4.3319270E+02  -3.2300621E-20
   4.3352644E+02  -4.1256725E-20
   4.3386018E+02  -4.5796848E-20
   4.3419392E+02  -4.4674849E-20
   4.3452766E+02  -3.7243833E-20
   4.3486140E+02  -2.3643009E-20
   4.3519513E+02  -4.9052743E-21
   4.3552887E+02   1.7043089E-20
   4.3586261E+02   3.9508369E-20
   4.3619635E+02   5.9284636E-20
   4.3653009E+02   7.3023737E-20
   4.3686383E+02   7.7687614E-20
   4.3719757E+02   7.1032933E-20
   4.3753130E+02   5.2065762E-20
   4.3786504E+02   2.1397742E-20
   4.3819878E+02  -1.8562416E-20
   4.3853252E+02  -6.3635877E-20
   4.3886626E+02  -1.0815117E-19
   4.3920000E+02  -1.4547504E-19
   4.3953374E+02  -1.6876412E-19
   4.3986747E+02  -1.7186999E-19
   4.4020121E+02  -1.5029794E-19
   4.4053495E+02  -1.0209662E-19
   4.4086869E+02  -2.8546507E-20
   4.4120243E+02   6.5477840E-20
   4.4153617E+02   1.7157114E-19
   4.4186991E+02   2.7834361E-19
   4.4220364E+02   3.7245032E-19
   4.4253738E+02   4.4003775E-19
   4.4287112E+02   4.6847860E-19
   4.4320486E+02   4.4820704E-19
   4.4353860E+02   3.7442708E-19
   4.4387234E+02   2.4845331E-19
   4.4420608E+02   7.8457189E-20
   4.4453981E+02  -1.2055775E-19
   4.4487355E+02  -3.2765353E-19
   4.4520729E+02  -5.1772645E-19
   4.4554103E+02  -6.6403309E-19
   4.4587477E+02  -7.4125009E-19
   4.4620851E+02  -7.2874136E-19
   4.4654225E+02  -6.1365242E-19
   4.4687598E+02  -3.9341462E-19
   4.4720972E+02  -7.7283614E-20
   4.4754346E+02   3.1339966E-19
   4.4787720E+02   7.4639800E-19
   4.4821094E+02   1.1812375E-18
   4.4854468E+02   1.5731708E-18
   4.4887842E+02   1.8781001E-18
   4.4921215E+02   2.0579555E-18
   4.4954589E+02   2.0859167E-18
   4.4987963E+02   1.9508186E-18
   4.5021337E+02   1.6600981E-18
   4.5054711E+02   1.2407687E-18
   4.5088085E+02   7.3806850E-19
   4.5121459E+02   2.1168002E-19
   4.5154832E+02  -2.7031353E-19
   4.5188206E+02  -6.3929682E-19
   4.5221580E+02  -8.3512449E-19
   4.5254954E+02  -8.1538036E-19
   4.5288328E+02  -5.6392190E-19
   4.5321702E+02  -9.7716087E-20
   4.5355076E+02   5.2886640E-19
   4.5388450E+02   1.2229338E-18
   4.5421823E+02   1.8553980E-18
   4.5455197E+02   2.2666200E-18
   4.5488571E+02   2.2747692E-18
   4.5521945E+02   1.6859120E-18
   4.5555319E+02   3.0449387E-19
   4.5588693E+02  -2.0573198E-18
   4.5622067E+02  -5.5730003E-18
   4.5655440E+02  -1.0399127E-17
   4.5688814E+02  -1.6677933E-17
   4.5722188E+02  -2.4545698E-17
   4.5755562E+02  -3.4146750E-17
   4.5788936E+02  -4.5652647E-17
   4.5822310E+02  -5.9285424E-17
   4.5855684E+02  -7.5343296E-17
   4.5889057E+02  -9.4227075E-17
   4.5922431E+02  -1.1646547E-16
   4.5955805E+02  -1.4273724E-16
   4.5989179E+02  -1.7388911E-16
   4.6022553E+02  -2.1094723E-16
   4.6055927E+02  -2.5512243E-16
   4.6089301E+02  -3.0780741E-16
   4.6122674E+02  -3.7056574E-16
   4.6156048E+02  -4.4511264E-16
   4.6189422E+02  -5.3328776E-16
   4.6222796E+02  -6.3701737E-16
   4.6256170E+02  -7.5826824E-16
   4.6289544E+02  -8.9898688E-16
   4.6322918E+02  -1.0610275E-15
   4.6356291E+02  -1.2460531E-15
   4.6389665E+02  -1.4554127E-15
   4.6423039E+02  -1.6899787E-15
   4.6456413E+02  -1.9499245E-15
   4.6489787E+02  -2.2344403E-15
   4.6523161E+02  -2.5413525E-15
   4.6556535E+02  -2.8666322E-15
   4.6589908E+02  -3.2037710E-15
   4.6623282E+02  -3.5429796E-15
   4.6656656E+02  -3.8701799E-15
   4.6690030E+02  -4.1657487E-15
   4.6723404E+02  -4.4029438E-15
   4.6756778E+02  -4.5459564E-15
   4.6790152E+02  -4.5474963E-15
   4.6823525E+02  -4.3458465E-15
   4.6856899E+02  -3.8612162E-15
   4.6890273E+02  -2.9913331E-15
   4.6923647E+02  -1.6060475E-15
   4.6957021E+02   4.5920917E-16
   4.6990395E+02   3.4113242E-15
   4.7023769E+02   7.5090419E-15
   4.7057142E+02   1.3074516E-14
   4.7090516E+02   2.0507196E-14
   4.7123890E+02   3.0300408E-14
   4.7157264E+02   4.3061305E-14
   4.7190638E+02   5.9534558E-14
   4.7224012E+02   8.0630740E-14
   4.7257386E+02   1.0745959E-13
   4.7290760E+02   1.4136983E-13
   4.7324133E+02   1.8399567E-13
   4.7357507E+02   2.3731229E-13
   4.7390881E+02   3.0370037E-13
   4.7424255E+02   3.8602205E-13
   4.7457629E+02   4.8771013E-13
   4.7491003E+02   6.1287227E-13
   4.7524377E+02   7.6641308E-13
   4.7557750E+02   9.5417597E-13
   4.7591124E+02   1.1831100E-12
   4.7624498E+02   1.4614619E-12
   4.7657872E+02   1.7989992E-12
   4.7691246E+02   2.2072717E-12
   4.7724620E+02   2.6999080E-12
   4.7757994E+02   3.2929666E-12
   4.7791367E+02   4.0053299E-12
   4.7824741E+02   4.8591678E-12
   4.7858115E+02   5.8804602E-12
   4.7891489E+02   7.0996009E-12
   4.7924863E+02   8.5520922E-12
   4.7958237E+02   1.0279328E-11
   4.7991611E+02   1.2329499E-11
   4.8024984E+02   1.4758597E-11
   4.8058358E+02   1.7631605E-11
   4.8091732E+02   2.1023776E-11
   4.8125106E+02   2.5022168E-11
   4.8158480E+02   2.9727276E-11
   4.8191854E+02   3.5254969E-11
   4.8225228E+02   4.1738599E-11
   4.8258601E+02   4.9331407E-11
   4.8291975E+02   5.8209229E-11
   4.8325349E+02   6.8573425E-11
   4.8358723E+02   8.0654337E-11
   4.8392097E+02   9.4714930E-11
   4.8425471E+02   1.1105508E-10
   4.8458845E+02   1.3001596E-10
   4.8492218E+02   1.5198545E-10
   4.8525592E+02   1.7740344E-10
   4.8558966E+02   2.0676845E-10
   4.8592340E+02   2.4064406E-10
   4.8625714E+02   2.7966651E-10
   4.8659088E+02   3.2455316E-10
   4.8692462E+02   3.7611120E-10
   4.8725835E+02   4.3524728E-10
   4.8759209E+02   5.0297871E-10
   4.8792583E+02   5.8044408E-10
   4.8825957E+02   6.6891626E-10
   4.8859331E+02   7.6981588E-10
   4.8892705E+02   8.8472485E-10
   4.8926079E+02   1.0154029E-09
   4.8959452E+02   1.1638028E-09
   4.8992826E+02   1.3320892E-09
   4.9026200E+02   1.5226550E-09
   4.9059574E+02   1.7381432E-09
   4.9092948E+02   1.9814657E-09
   4.9126322E+02   2.2558257E-09
   4.9159696E+02   2.5647404E-09
   4.9193069E+02   2.9120630E-09
   4.9226443E+02   3.3020087E-09
   4.9259817E+02   3.7391774E-09
   4.9293191E+02   4.2285775E-09
   4.9326565E+02   4.7756599E-09
   4.9359939E+02   5.3863296E-09
   4.9393313E+02   6.0669829E-09
   4.9426687E+02   6.8245294E-09
   4.9460060E+02   7.6664133E-09
   4.9493434E+02   8.6006375E-09
   4.9526808E+02   9.6357926E-09
   4.9560182E+02   1.0781069E-08
   4.9593556E+02   1.2046275E-08
   4.9626930E+02   1.3441859E-08
   4.9660304E+02   1.4978919E-08
   4.9693677E+02   1.6669208E-08
   4.9727051E+02   1.8525141E-08
   4.9760425E+02   2.0559785E-08
   4.9793799E+02   2.2786875E-08
   4.9827173E+02   2.5220778E-08
   4.9860547E+02   2.7876478E-08
   4.9893921E+02   3.0769559E-08
   4.9927294E+02   3.3916155E-08
   4.9960668E+02   3.7332903E-08
   4.9994042E+02   4.1036920E-08
   5.0027416E+02   4.5045667E-08
   5.0060790E+02   4.9376951E-08
   5.0094164E+02   5.4048755E-08
   5.0127538E+02   5.9079227E-08
   5.0160911E+02   6.4486464E-08
   5.0194285E+02   7.0288436E-08
   5.0227659E+02   7.6502829E-08
   5.0261033E+02   8.3146894E-08
   5.0294407E+02   9.0237251E-08
   5.0327781E+02   9.7789695E-08
   5.0361155E+02   1.0581901E-07
   5.0394528E+02   1.1433873E-07
   5.0427902E+02   1.2336089E-07
   5.0461276E+02   1.3289576E-07
   5.0494650E+02   1.4295176E-07
   5.0528024E+02   1.5353484E-07
   5.0561398E+02   1.6464843E-07
   5.0594772E+02   1.7629310E-07
   5.0628145E+02   1.8846625E-07
   5.0661519E+02   2.0116174E-07
   5.0694893E+02   2.1436955E-07
   5.0728267E+02   2.2807563E-07
   5.0761641E+02   2.4226134E-07
   5.0795015E+02   2.5690332E-07
   5.0828389E+02   2.7197302E-07
   5.0861762E+02   2.8743645E-07
   5.0895136E+02   3.0325410E-07
   5.0928510E+02   3.1938015E-07
   5.0961884E+02   3.3576282E-07
   5.0995258E+02   3.5234356E-07
   5.1028632E+02   3.6905732E-07
   5.1062006E+02   3.8583210E-07
   5.1095379E+02   4.0258902E-07
   5.1128753E+02   4.1924204E-07
   5.1162127E+02   4.3569793E-07
   5.1195501E+02   4.5185652E-07
   5.1228875E+02   4.6761016E-07
   5.1262249E+02   4.8284477E-07
   5.1295623E+02   4.9743937E-07
   5.1328997E+02   5.1126642E-07
   5.1362370E+02   5.2419188E-07
   5.1395744E+02   5.3607630E-07
   5.1429118E+02   5.4677469E-07
   5.1462492E+02   5.5613748E-07
   5.1495866E+02   5.6401046E-07
   5.1529240E+02   5.7023635E-07
   5.1562614E+02   5.7465473E-07
   5.1595987E+02   5.7710361E-07
   5.1629361E+02   5.7741943E-07
   5.1662735E+02   5.7543934E-07
   5.1696109E+02   5.7100135E-07
   5.1729483E+02   5.6394521E-07
   5.1762857E+02   5.5411448E-07
   5.1796231E+02   5.4135705E-07
   5.1829604E+02   5.2552639E-07
   5.1862978E+02   5.0648384E-07
   5.1896352E+02   4.8409885E-07
   5.1929726E+02   4.5825053E-07
   5.1963100E+02   4.2882957E-07
   5.1996474E+02   3.9573894E-07
   5.2029848E+02   3.5889599E-07
   5.2063221E+02   3.1823294E-07
   5.2096595E+02   2.7369904E-07
   5.2129969E+02   2.2526129E-07
   5.2163343E+02   1.7290571E-07
   5.2196717E+02   1.1663865E-07
   5.2230091E+02   5.6487618E-08
   5.2263465E+02  -7.4974089E-09
   5.2296838E+02  -7.5243712E-08
   5.2330212E+02  -1.4665454E-07
   5.2363586E+02  -2.2160903E-07
   5.2396960E+02  -2.9996147E-07
   5.2430334E+02  -3.8154110E-07
   5.2463708E+02  -4.6615216E-07
   5.2497082E+02  -5.5357367E-07
   5.2530455E+02  -6.4355970E-07
   5.2563829E+02  -7.3584044E-07
   5.2597203E+02  -8.3012173E-07
   5.2630577E+02  -9.2608707E-07
   5.2663951E+02  -1.0233977E-06
   5.2697325E+02  -1.1216939E-06
   5.2730699E+02  -1.2205974E-06
   5.2764072E+02  -1.3197116E-06
   5.2797446E+02  -1.4186242E-06
   5.2830820E+02  -1.5169089E-06
   5.2864194E+02  -1.6141277E-06
   5.2897568E+02  -1.7098330E-06
   5.2930942E+02  -1.8035698E-06
   5.2964316E+02  -1.8948783E-06
   5.2997689E+02  -1.9832976E-06
   5.3031063E+02  -2.0683669E-06
   5.3064437E+02  -2.1496298E-06
   5.3097811E+02  -2.2266349E-06
   5.3131185E+02  -2.2989432E-06
   5.3164559E+02  -2.3661244E-06
   5.3197933E+02  -2.4277660E-06
   5.3231306E+02  -2.4834733E-06
   5.3264680E+02  -2.5328720E-06
   5.3298054E+02  -2.5756126E-06
   5.3331428E+02  -2.6113719E-06
   5.3364802E+02  -2.6398545E-06
   5.3398176E+02  -2.6607972E-06
   5.3431550E+02  -2.6739719E-06
   5.3464924E+02  -2.6791836E-06
   5.3498297E+02  -2.6762757E-06
   5.3531671E+02  -2.6651323E-06
   5.3565045E+02  -2.6456751E-06
   5.3598419E+02  -2.6178695E-06
   5.3631793E+02  -2.5817214E-06
   5.3665167E+02  -2.5372815E-06
   5.3698541E+02  -2.4846422E-06
   5.3731914E+02  -2.4239384E-06
   5.3765288E+02  -2.3553489E-06
   5.3798662E+02  -2.2790937E-06
   5.3832036E+02  -2.1954338E-06
   5.3865410E+02  -2.1046715E-06
   5.3898784E+02  -2.0071438E-06
   5.3932158E+02  -1.9032271E-06
   5.3965531E+02  -1.7933318E-06
   5.3998905E+02  -1.6779001E-06
   5.4032279E+02  -1.5574021E-06
   5.4065653E+02  -1.4323368E-06
   5.4099027E+02  -1.3032254E-06
   5.4132401E+02  -1.1706109E-06
   5.4165775E+02  -1.0350518E-06
   5.4199148E+02  -8.9712239E-07
   5.4232522E+02  -7.5740587E-07
   5.4265896E+02  -6.1649280E-07
   5.4299270E+02  -4.7497622E-07
   5.4332644E+02  -3.3345000E-07
   5.4366018E+02  -1.9250189E-07
   5.4399392E+02  -5.2713673E-08
   5.4432765E+02   8.5345270E-08
   5.4466139E+02   2.2111976E-07
   5.4499513E+02   3.5407268E-07
   5.4532887E+02   4.8368787E-07
   5.4566261E+02   6.0947303E-07
   5.4599635E+02   7.3096317E-07
   5.4633009E+02   8.4772228E-07
   5.4666382E+02   9.5934615E-07
   5.4699756E+02   1.0654637E-06
   5.4733130E+02   1.1657399E-06
   5.4766504E+02   1.2598766E-06
   5.4799878E+02   1.3476138E-06
   5.4833252E+02   1.4287306E-06
   5.4866626E+02   1.5030460E-06
   5.4899999E+02   1.5704182E-06
   5.4933373E+02   1.6307478E-06
   5.4966747E+02   1.6839734E-06
   5.5000121E+02   1.7300733E-06
   5.5033495E+02   1.7690653E-06
   5.5066869E+02   1.8010046E-06
   5.5100243E+02   1.8259825E-06
   5.5133616E+02   1.8441249E-06
   5.5166990E+02   1.8555907E-06
   5.5200364E+02   1.8605704E-06
   5.5233738E+02   1.8592834E-06
   5.5267112E+02   1.8519759E-06
   5.5300486E+02   1.8389172E-06
   5.5333860E+02   1.8204006E-06
   5.5367234E+02   1.7967363E-06
   5.5400607E+02   1.7682526E-06
   5.5433981E+02   1.7352912E-06
   5.5467355E+02   1.6982052E-06
   5.5500729E+02   1.6573556E-06
   5.5534103E+02   1.6131091E-06
   5.5567477E+02   1.5658366E-06
   5.5600851E+02   1.5159088E-06
   5.5634224E+02   1.4636946E-06
   5.5667598E+02   1.4095586E-06
   5.5700972E+02   1.3538597E-06
   5.5734346E+02   1.2969479E-06
   5.5767720E+02   1.2391617E-06
   5.5801094E+02   1.1808294E-06
   5.5834468E+02   1.1222643E-06
   5.5867841E+02   1.0637647E-06
   5.5901215E+02   1.0056121E-06
   5.5934589E+02   9.4807103E-07
   5.5967963E+02   8.9138746E-07
   5.6001337E+02   8.3578772E-07
   5.6034711E+02   7.8147912E-07
   5.6068085E+02   7.2864850E-07
   5.6101458E+02   6.7746282E-07
   5.6134832E+02   6.2806873E-07
   5.6168206E+02   5.8059277E-07
   5.6201580E+02   5.3514185E-07
   5.6234954E+02   4.9180363E-07
   5.6268328E+02   4.5064698E-07
   5.6301702E+02   4.1172271E-07
   5.6335075E+02   3.7506376E-07
   5.6368449E+02   3.4068748E-07
   5.6401823E+02   3.0859485E-07
   5.6435197E+02   2.7877294E-07
   5.6468571E+02   2.5119465E-07
   5.6501945E+02   2.2582090E-07
   5.6535319E+02   2.0260097E-07
   5.6568692E+02   1.8147392E-07
   5.6602066E+02   1.6236976E-07
   5.6635440E+02   1.4521018E-07
   5.6668814E+02   1.2991003E-07
   5.6702188E+02   1.1637843E-07
   5.6735562E+02   1.0451924E-07
   5.6768936E+02   9.4232689E-08
   5.6802309E+02   8.5415962E-08
   5.6835683E+02   7.7964160E-08
   5.6869057E+02   7.1771240E-08
   5.6902431E+02   6.6730628E-08
   5.6935805E+02   6.2736184E-08
   5.6969179E+02   5.9682655E-08
   5.7002553E+02   5.7466480E-08
   5.7035926E+02   5.5986270E-08
   5.7069300E+02   5.5143396E-08
   5.7102674E+02   5.4842296E-08
   5.7136048E+02   5.4991034E-08
   5.7169422E+02   5.5501552E-08
   5.7202796E+02   5.6290006E-08
   5.7236170E+02   5.7276999E-08
   5.7269543E+02   5.8387890E-08
   5.7302917E+02   5.9552889E-08
   5.7336291E+02   6.0707208E-08
   5.7369665E+02   6.1791255E-08
   5.7403039E+02   6.2750779E-08
   5.7436413E+02   6.3536689E-08
   5.7469787E+02   6.4105620E-08
   5.7503161E+02   6.4419311E-08
   5.7536534E+02   6.4445224E-08
   5.7569908E+02   6.4156183E-08
   5.7603282E+02   6.3530507E-08
   5.7636656E+02   6.2551983E-08
   5.7670030E+02   6.1209803E-08
   5.7703404E+02   5.9498607E-08
   5.7736778E+02   5.7418298E-08
   5.7770151E+02   5.4974119E-08
   5.7803525E+02   5.2176478E-08
   5.7836899E+02   4.9040807E-08
   5.7870273E+02   4.5587587E-08
   5.7903647E+02   4.1842139E-08
   5.7937021E+02   3.7834379E-08
   5.7970395E+02   3.3598877E-08
   5.8003768E+02   2.9174441E-08
   5.8037142E+02   2.4603999E-08
   5.8070516E+02   1.9934333E-08
   5.8103890E+02   1.5215903E-08
   5.8137264E+02   1.0502459E-08
   5.8170638E+02   5.8507101E-09
   5.8204012E+02   1.3200712E-09
   5.8237385E+02  -3.0277558E-09
   5.8270759E+02  -7.1291399E-09
   5.8304133E+02  -1.0919024E-08
   5.8337507E+02  -1.4331314E-08
   5.8370881E+02  -1.7299396E-08
   5.8404255E+02  -1.9756680E-08
   5.8437629E+02  -2.1637074E-08
   5.8471002E+02  -2.2875609E-08
   5.8504376E+02  -2.3408885E-08
   5.8537750E+02  -2.3175781E-08
   5.8571124E+02  -2.2117970E-08
   5.8604498E+02  -2.0180456E-08
   5.8637872E+02  -1.7312225E-08
   5.8671246E+02  -1.3466811E-08
   5.8704619E+02  -8.6028020E-09
   5.8737993E+02  -2.6844447E-09
   5.8771367E+02   4.3178687E-09
   5.8804741E+02   1.2427057E-08
   5.8838115E+02   2.1658913E-08
   5.8871489E+02   3.2021710E-08
   5.8904863E+02   4.3515659E-08
   5.8938236E+02   5.6132777E-08
   5.8971610E+02   6.9856398E-08
   5.9004984E+02   8.4660982E-08
   5.9038358E+02   1.0051204E-07
   5.9071732E+02   1.1736581E-07
   5.9105106E+02   1.3516940E-07
   5.9138480E+02   1.5386068E-07
   5.9171853E+02   1.7336836E-07
   5.9205227E+02   1.9361227E-07
   5.9238601E+02   2.1450342E-07
   5.9271975E+02   2.3594443E-07
   5.9305349E+02   2.5782990E-07
   5.9338723E+02   2.8004678E-07
   5.9372097E+02   3.0247503E-07
   5.9405471E+02   3.2498815E-07
   5.9438844E+02   3.4745375E-07
   5.9472218E+02   3.6973438E-07
   5.9505592E+02   3.9168853E-07
   5.9538966E+02   4.1317077E-07
   5.9572340E+02   4.3403372E-07
   5.9605714E+02   4.5412793E-07
   5.9639088E+02   4.7330349E-07
   5.9672461E+02   4.9141079E-07
   5.9705835E+02   5.0830170E-07
   5.9739209E+02   5.2383041E-07
   5.9772583E+02   5.3785487E-07
   5.9805957E+02   5.5023736E-07
   5.9839331E+02   5.6084582E-07
   5.9872705E+02   5.6955508E-07
   5.9906078E+02   5.7624749E-07
   5.9939452E+02   5.8081440E-07
   5.9972826E+02   5.8315641E-07
   6.0006200E+02   5.8318528E-07
   6.0039574E+02   5.8082378E-07
   6.0072948E+02   5.7600727E-07
   6.0106322E+02   5.6868390E-07
   6.0139695E+02   5.5881571E-07
   6.0173069E+02   5.4637894E-07
   6.0206443E+02   5.3136466E-07
   6.0239817E+02   5.1377890E-07
   6.0273191E+02   4.9364343E-07
   6.0306565E+02   4.7099559E-07
   6.0339939E+02   4.4588847E-07
   6.0373312E+02   4.1839098E-07
   6.0406686E+02   3.8858758E-07
   6.0440060E+02   3.5657825E-07
   6.0473434E+02   3.2247800E-07
   6.0506808E+02   2.8641637E-07
   6.0540182E+02   2.4853716E-07
   6.0573556E+02   2.0899742E-07
   6.0606929E+02   1.6796683E-07
   6.0640303E+02   1.2562700E-07
   6.0673677E+02   8.2170146E-08
   6.0707051E+02   3.7798369E-08
   6.0740425E+02  -7.2776700E-09
   6.0773799E+02  -5.2839734E-08
   6.0807173E+02  -9.8663577E-08
   6.0840546E+02  -1.4452002E-07
   6.0873920E+02  -1.9017642E-07
   6.0907294E+02  -2.3539815E-07
   6.0940668E+02  -2.7994997E-07
   6.0974042E+02  -3.2359759E-07
   6.1007416E+02  -3.6610891E-07
   6.1040790E+02  -4.0725581E-07
   6.1074163E+02  -4.4681545E-07
   6.1107537E+02  -4.8457190E-07
   6.1140911E+02  -5.2031692E-07
   6.1174285E+02  -5.5385209E-07
   6.1207659E+02  -5.8498972E-07
   6.1241033E+02  -6.1355428E-07
   6.1274407E+02  -6.3938307E-07
   6.1307781E+02  -6.6232798E-07
   6.1341154E+02  -6.8225597E-07
   6.1374528E+02  -6.9905019E-07
   6.1407902E+02  -7.1261076E-07
   6.1441276E+02  -7.2285513E-07
   6.1474650E+02  -7.2971909E-07
   6.1508024E+02  -7.3315704E-07
   6.1541398E+02  -7.3314186E-07
   6.1574771E+02  -7.2966571E-07
   6.1608145E+02  -7.2273974E-07
   6.1641519E+02  -7.1239396E-07
   6.1674893E+02  -6.9867701E-07
   6.1708267E+02  -6.8165599E-07
   6.1741641E+02  -6.6141587E-07
   6.1775015E+02  -6.3805896E-07
   6.1808388E+02  -6.1170408E-07
   6.1841762E+02  -5.8248594E-07
   6.1875136E+02  -5.5055381E-07
   6.1908510E+02  -5.1607094E-07
   6.1941884E+02  -4.7921355E-07
   6.1975258E+02  -4.4016898E-07
   6.2008632E+02  -3.9913499E-07
   6.2042005E+02  -3.5631837E-07
   6.2075379E+02  -3.1193329E-07
   6.2108753E+02  -2.6620032E-07
   6.2142127E+02  -2.1934467E-07
   6.2175501E+02  -1.7159493E-07
   6.2208875E+02  -1.2318155E-07
   6.2242249E+02  -7.4335340E-08
   6.2275622E+02  -2.5286212E-08
   6.2308996E+02   2.3738306E-08
   6.2342370E+02   7.2514425E-08
   6.2375744E+02   1.2082334E-07
   6.2409118E+02   1.6845249E-07
   6.2442492E+02   2.1519676E-07
   6.2475866E+02   2.6085942E-07
   6.2509239E+02   3.0525348E-07
   6.2542613E+02   3.4820206E-07
   6.2575987E+02   3.8953965E-07
   6.2609361E+02   4.2911273E-07
   6.2642735E+02   4.6678025E-07
   6.2676109E+02   5.0241414E-07
   6.2709483E+02   5.3589986E-07
   6.2742856E+02   5.6713651E-07
   6.2776230E+02   5.9603695E-07
   6.2809604E+02   6.2252792E-07
   6.2842978E+02   6.4655012E-07
   6.2876352E+02   6.6805757E-07
   6.2909726E+02   6.8701792E-07
   6.2943100E+02   7.0341139E-07
   6.2976473E+02   7.1723105E-07
   6.3009847E+02   7.2848167E-07
   6.3043221E+02   7.3717905E-07
   6.3076595E+02   7.4334991E-07
   6.3109969E+02   7.4703064E-07
   6.3143343E+02   7.4826630E-07
   6.3176717E+02   7.4710977E-07
   6.3210090E+02   7.4362174E-07
   6.3243464E+02   7.3786839E-07
   6.3276838E+02   7.2992134E-07
   6.3310212E+02   7.1985659E-07
   6.3343586E+02   7.0775320E-07
   6.3376960E+02   6.9369304E-07
   6.3410334E+02   6.7775892E-07
   6.3443708E+02   6.6003463E-07
   6.3477081E+02   6.4060362E-07
   6.3510455E+02   6.1954819E-07
   6.3543829E+02   5.9694923E-07
   6.3577203E+02   5.7288480E-07
   6.3610577E+02   5.4743055E-07
   6.3643951E+02   5.2065843E-07
   6.3677325E+02   4.9263667E-07
   6.3710698E+02   4.6342922E-07
   6.3744072E+02   4.3309598E-07
   6.3777446E+02   4.0169201E-07
   6.3810820E+02   3.6926855E-07
   6.3844194E+02   3.3587159E-07
   6.3877568E+02   3.0154374E-07
   6.3910942E+02   2.6632290E-07
   6.3944315E+02   2.3024371E-07
   6.3977689E+02   1.9333754E-07
   6.4011063E+02   1.5563276E-07
   6.4044437E+02   1.1715609E-07
   6.4077811E+02   7.7932221E-08
   6.4111185E+02   3.7985274E-08
   6.4144559E+02  -2.6608156E-09
   6.4177932E+02  -4.3981615E-08
   6.4211306E+02  -8.5951044E-08
   6.4244680E+02  -1.2854085E-07
   6.4278054E+02  -1.7171988E-07
   6.4311428E+02  -2.1545287E-07
   6.4344802E+02  -2.5970084E-07
   6.4378176E+02  -3.0441845E-07
   6.4411549E+02  -3.4955502E-07
   6.4444923E+02  -3.9505312E-07
   6.4478297E+02  -4.4084817E-07
   6.4511671E+02  -4.8686758E-07
   6.4545045E+02  -5.3303114E-07
   6.4578419E+02  -5.7924973E-07
   6.4611793E+02  -6.2542591E-07
   6.4645166E+02  -6.7145351E-07
   6.4678540E+02  -7.1721701E-07
   6.4711914E+02  -7.6259266E-07
   6.4745288E+02  -8.0744820E-07
   6.4778662E+02  -8.5164328E-07
   6.4812036E+02  -8.9502998E-07
   6.4845410E+02  -9.3745291E-07
   6.4878783E+02  -9.7875090E-07
   6.4912157E+02  -1.0187567E-06
   6.4945531E+02  -1.0572991E-06
   6.4978905E+02  -1.0942022E-06
   6.5012279E+02  -1.1292891E-06
   6.5045653E+02  -1.1623805E-06
   6.5079027E+02  -1.1932973E-06
   6.5112400E+02  -1.2218622E-06
   6.5145774E+02  -1.2479005E-06
   6.5179148E+02  -1.2712413E-06
   6.5212522E+02  -1.2917194E-06
   6.5245896E+02  -1.3091765E-06
   6.5279270E+02  -1.3234632E-06
   6.5312644E+02  -1.3344398E-06
   6.5346018E+02  -1.3419778E-06
   6.5379391E+02  -1.3459620E-06
   6.5412765E+02  -1.3462901E-06
   6.5446139E+02  -1.3428760E-06
   6.5479513E+02  -1.3356492E-06
   6.5512887E+02  -1.3245576E-06
   6.5546261E+02  -1.3095656E-06
   6.5579635E+02  -1.2906587E-06
   6.5613008E+02  -1.2678395E-06
   6.5646382E+02  -1.2411328E-06
   6.5679756E+02  -1.2105834E-06
   6.5713130E+02  -1.1762560E-06
   6.5746504E+02  -1.1382359E-06
   6.5779878E+02  -1.0966301E-06
   6.5813252E+02  -1.0515641E-06
   6.5846625E+02  -1.0031838E-06
   6.5879999E+02  -9.5165427E-07
   6.5913373E+02  -8.9715866E-07
   6.5946747E+02  -8.3989693E-07
   6.5980121E+02  -7.8008543E-07
   6.6013495E+02  -7.1795597E-07
