  -7.8094826E+01   0.0000000E+00
  -7.7761087E+01   0.0000000E+00
  -7.7427349E+01   0.0000000E+00
  -7.7093610E+01   0.0000000E+00
  -7.6759871E+01   0.0000000E+00
  -7.6426133E+01   0.0000000E+00
  -7.6092394E+01   0.0000000E+00
  -7.5758656E+01   0.0000000E+00
  -7.5424917E+01   0.0000000E+00
  -7.5091178E+01   0.0000000E+00
  -7.4757440E+01   0.0000000E+00
  -7.4423701E+01   0.0000000E+00
  -7.4089963E+01   0.0000000E+00
  -7.3756224E+01   0.0000000E+00
  -7.3422485E+01   0.0000000E+00
  -7.3088747E+01   0.0000000E+00
  -7.2755008E+01   0.0000000E+00
  -7.2421270E+01   0.0000000E+00
  -7.2087531E+01   0.0000000E+00
  -7.1753792E+01   0.0000000E+00
  -7.1420054E+01   0.0000000E+00
  -7.1086315E+01   0.0000000E+00
  -7.0752577E+01   0.0000000E+00
  -7.0418838E+01   0.0000000E+00
  -7.0085099E+01   0.0000000E+00
  -6.9751361E+01   0.0000000E+00
  -6.9417622E+01   0.0000000E+00
  -6.9083884E+01   0.0000000E+00
  -6.8750145E+01   0.0000000E+00
  -6.8416406E+01   0.0000000E+00
  -6.8082668E+01   0.0000000E+00
  -6.7748929E+01   0.0000000E+00
  -6.7415191E+01   0.0000000E+00
  -6.7081452E+01   0.0000000E+00
  -6.6747714E+01   0.0000000E+00
  -6.6413975E+01   0.0000000E+00
  -6.6080236E+01   0.0000000E+00
  -6.5746498E+01   0.0000000E+00
  -6.5412759E+01   0.0000000E+00
  -6.5079021E+01   0.0000000E+00
  -6.4745282E+01   0.0000000E+00
  -6.4411543E+01   0.0000000E+00
  -6.4077805E+01   0.0000000E+00
  -6.3744066E+01   0.0000000E+00
  -6.3410328E+01   0.0000000E+00
  -6.3076589E+01   0.0000000E+00
  -6.2742850E+01   0.0000000E+00
  -6.2409112E+01   0.0000000E+00
  -6.2075373E+01   0.0000000E+00
  -6.1741635E+01   0.0000000E+00
  -6.1407896E+01   0.0000000E+00
  -6.1074157E+01   0.0000000E+00
  -6.0740419E+01   0.0000000E+00
  -6.0406680E+01   0.0000000E+00
  -6.0072942E+01   0.0000000E+00
  -5.9739203E+01   0.0000000E+00
  -5.9405464E+01   0.0000000E+00
  -5.9071726E+01   0.0000000E+00
  -5.8737987E+01   0.0000000E+00
  -5.8404249E+01   0.0000000E+00
  -5.8070510E+01   0.0000000E+00
  -5.7736771E+01   0.0000000E+00
  -5.7403033E+01   0.0000000E+00
  -5.7069294E+01   0.0000000E+00
  -5.6735556E+01   0.0000000E+00
  -5.6401817E+01   0.0000000E+00
  -5.6068078E+01   0.0000000E+00
  -5.5734340E+01   0.0000000E+00
  -5.5400601E+01   0.0000000E+00
  -5.5066863E+01   0.0000000E+00
  -5.4733124E+01   0.0000000E+00
  -5.4399385E+01   0.0000000E+00
  -5.4065647E+01   0.0000000E+00
  -5.3731908E+01   0.0000000E+00
  -5.3398170E+01   0.0000000E+00
  -5.3064431E+01   0.0000000E+00
  -5.2730693E+01   0.0000000E+00
  -5.2396954E+01   0.0000000E+00
  -5.2063215E+01   0.0000000E+00
  -5.1729477E+01   0.0000000E+00
  -5.1395738E+01   0.0000000E+00
  -5.1062000E+01   0.0000000E+00
  -5.0728261E+01   0.0000000E+00
  -5.0394522E+01   0.0000000E+00
  -5.0060784E+01   0.0000000E+00
  -4.9727045E+01   0.0000000E+00
  -4.9393307E+01   0.0000000E+00
  -4.9059568E+01   0.0000000E+00
  -4.8725829E+01   0.0000000E+00
  -4.8392091E+01   0.0000000E+00
  -4.8058352E+01   0.0000000E+00
  -4.7724614E+01   0.0000000E+00
  -4.7390875E+01   0.0000000E+00
  -4.7057136E+01   0.0000000E+00
  -4.6723398E+01   0.0000000E+00
  -4.6389659E+01   0.0000000E+00
  -4.6055921E+01   0.0000000E+00
  -4.5722182E+01   0.0000000E+00
  -4.5388443E+01   0.0000000E+00
  -4.5054705E+01   0.0000000E+00
  -4.4720966E+01   0.0000000E+00
  -4.4387228E+01   0.0000000E+00
  -4.4053489E+01   0.0000000E+00
  -4.3719750E+01   0.0000000E+00
  -4.3386012E+01   0.0000000E+00
  -4.3052273E+01   0.0000000E+00
  -4.2718535E+01   0.0000000E+00
  -4.2384796E+01   0.0000000E+00
  -4.2051057E+01   0.0000000E+00
  -4.1717319E+01   0.0000000E+00
  -4.1383580E+01   0.0000000E+00
  -4.1049842E+01   0.0000000E+00
  -4.0716103E+01   0.0000000E+00
  -4.0382364E+01   0.0000000E+00
  -4.0048626E+01   0.0000000E+00
  -3.9714887E+01   0.0000000E+00
  -3.9381149E+01   0.0000000E+00
  -3.9047410E+01   0.0000000E+00
  -3.8713672E+01   0.0000000E+00
  -3.8379933E+01   0.0000000E+00
  -3.8046194E+01   0.0000000E+00
  -3.7712456E+01   0.0000000E+00
  -3.7378717E+01   0.0000000E+00
  -3.7044979E+01   0.0000000E+00
  -3.6711240E+01   0.0000000E+00
  -3.6377501E+01   0.0000000E+00
  -3.6043763E+01   0.0000000E+00
  -3.5710024E+01   0.0000000E+00
  -3.5376286E+01   0.0000000E+00
  -3.5042547E+01   0.0000000E+00
  -3.4708808E+01   0.0000000E+00
  -3.4375070E+01   0.0000000E+00
  -3.4041331E+01   0.0000000E+00
  -3.3707593E+01   0.0000000E+00
  -3.3373854E+01   0.0000000E+00
  -3.3040115E+01   0.0000000E+00
  -3.2706377E+01   0.0000000E+00
  -3.2372638E+01   0.0000000E+00
  -3.2038900E+01   0.0000000E+00
  -3.1705161E+01   0.0000000E+00
  -3.1371422E+01   0.0000000E+00
  -3.1037684E+01   0.0000000E+00
  -3.0703945E+01   0.0000000E+00
  -3.0370207E+01   0.0000000E+00
  -3.0036468E+01   0.0000000E+00
  -2.9702729E+01   0.0000000E+00
  -2.9368991E+01   0.0000000E+00
  -2.9035252E+01   0.0000000E+00
  -2.8701514E+01   0.0000000E+00
  -2.8367775E+01   0.0000000E+00
  -2.8034036E+01   0.0000000E+00
  -2.7700298E+01   0.0000000E+00
  -2.7366559E+01   0.0000000E+00
  -2.7032821E+01   0.0000000E+00
  -2.6699082E+01   0.0000000E+00
  -2.6365343E+01   0.0000000E+00
  -2.6031605E+01   0.0000000E+00
  -2.5697866E+01   0.0000000E+00
  -2.5364128E+01   0.0000000E+00
  -2.5030389E+01   0.0000000E+00
  -2.4696651E+01   0.0000000E+00
  -2.4362912E+01   0.0000000E+00
  -2.4029173E+01   0.0000000E+00
  -2.3695435E+01   0.0000000E+00
  -2.3361696E+01   0.0000000E+00
  -2.3027958E+01   0.0000000E+00
  -2.2694219E+01   0.0000000E+00
  -2.2360480E+01   0.0000000E+00
  -2.2026742E+01   0.0000000E+00
  -2.1693003E+01   0.0000000E+00
  -2.1359265E+01   0.0000000E+00
  -2.1025526E+01   0.0000000E+00
  -2.0691787E+01   0.0000000E+00
  -2.0358049E+01   0.0000000E+00
  -2.0024310E+01   0.0000000E+00
  -1.9690572E+01   0.0000000E+00
  -1.9356833E+01   0.0000000E+00
  -1.9023094E+01   0.0000000E+00
  -1.8689356E+01   0.0000000E+00
  -1.8355617E+01   0.0000000E+00
  -1.8021879E+01   0.0000000E+00
  -1.7688140E+01   0.0000000E+00
  -1.7354401E+01   0.0000000E+00
  -1.7020663E+01   0.0000000E+00
  -1.6686924E+01   0.0000000E+00
  -1.6353186E+01   0.0000000E+00
  -1.6019447E+01   0.0000000E+00
  -1.5685708E+01   0.0000000E+00
  -1.5351970E+01   0.0000000E+00
  -1.5018231E+01   0.0000000E+00
  -1.4684493E+01   0.0000000E+00
  -1.4350754E+01   0.0000000E+00
  -1.4017015E+01   0.0000000E+00
  -1.3683277E+01   0.0000000E+00
  -1.3349538E+01   0.0000000E+00
  -1.3015800E+01   0.0000000E+00
  -1.2682061E+01   0.0000000E+00
  -1.2348322E+01   0.0000000E+00
  -1.2014584E+01   0.0000000E+00
  -1.1680845E+01   0.0000000E+00
  -1.1347107E+01   0.0000000E+00
  -1.1013368E+01   0.0000000E+00
  -1.0679630E+01   0.0000000E+00
  -1.0345891E+01   0.0000000E+00
  -1.0012152E+01   0.0000000E+00
  -9.6784137E+00   0.0000000E+00
  -9.3446751E+00   0.0000000E+00
  -9.0109365E+00   0.0000000E+00
  -8.6771979E+00   0.0000000E+00
  -8.3434593E+00   0.0000000E+00
  -8.0097207E+00   0.0000000E+00
  -7.6759821E+00   0.0000000E+00
  -7.3422436E+00   0.0000000E+00
  -7.0085050E+00   0.0000000E+00
  -6.6747664E+00   0.0000000E+00
  -6.3410278E+00   0.0000000E+00
  -6.0072892E+00   0.0000000E+00
  -5.6735506E+00   0.0000000E+00
  -5.3398120E+00   0.0000000E+00
  -5.0060734E+00   0.0000000E+00
  -4.6723348E+00   0.0000000E+00
  -4.3385962E+00   0.0000000E+00
  -4.0048576E+00   0.0000000E+00
  -3.6711190E+00   0.0000000E+00
  -3.3373804E+00   0.0000000E+00
  -3.0036418E+00   0.0000000E+00
  -2.6699032E+00   0.0000000E+00
  -2.3361646E+00   0.0000000E+00
  -2.0024260E+00   0.0000000E+00
  -1.6686874E+00   0.0000000E+00
  -1.3349488E+00   0.0000000E+00
  -1.0012102E+00   0.0000000E+00
  -6.6747165E-01   0.0000000E+00
  -3.3373305E-01   0.0000000E+00
   5.5432320E-06   0.0000000E+00
   3.3374414E-01   0.0000000E+00
   6.6748273E-01   0.0000000E+00
   1.0012213E+00   0.0000000E+00
   1.3349599E+00   0.0000000E+00
   1.6686985E+00   0.0000000E+00
   2.0024371E+00   0.0000000E+00
   2.3361757E+00   0.0000000E+00
   2.6699143E+00   0.0000000E+00
   3.0036529E+00   0.0000000E+00
   3.3373915E+00   0.0000000E+00
   3.6711301E+00   0.0000000E+00
   4.0048687E+00   0.0000000E+00
   4.3386073E+00   0.0000000E+00
   4.6723459E+00   0.0000000E+00
   5.0060845E+00   0.0000000E+00
   5.3398231E+00   0.0000000E+00
   5.6735617E+00   0.0000000E+00
   6.0073003E+00   0.0000000E+00
   6.3410389E+00   0.0000000E+00
   6.6747774E+00   0.0000000E+00
   7.0085160E+00   0.0000000E+00
   7.3422546E+00   0.0000000E+00
   7.6759932E+00   0.0000000E+00
   8.0097318E+00   0.0000000E+00
   8.3434704E+00   0.0000000E+00
   8.6772090E+00   0.0000000E+00
   9.0109476E+00   0.0000000E+00
   9.3446862E+00   0.0000000E+00
   9.6784248E+00   0.0000000E+00
   1.0012163E+01   0.0000000E+00
   1.0345902E+01   0.0000000E+00
   1.0679641E+01   0.0000000E+00
   1.1013379E+01   0.0000000E+00
   1.1347118E+01   0.0000000E+00
   1.1680856E+01   0.0000000E+00
   1.2014595E+01   0.0000000E+00
   1.2348334E+01   0.0000000E+00
   1.2682072E+01   0.0000000E+00
   1.3015811E+01   0.0000000E+00
   1.3349549E+01   0.0000000E+00
   1.3683288E+01   0.0000000E+00
   1.4017027E+01   0.0000000E+00
   1.4350765E+01   0.0000000E+00
   1.4684504E+01   0.0000000E+00
   1.5018242E+01   0.0000000E+00
   1.5351981E+01   0.0000000E+00
   1.5685720E+01   0.0000000E+00
   1.6019458E+01   0.0000000E+00
   1.6353197E+01   0.0000000E+00
   1.6686935E+01   0.0000000E+00
   1.7020674E+01   0.0000000E+00
   1.7354412E+01   0.0000000E+00
   1.7688151E+01   0.0000000E+00
   1.8021890E+01   0.0000000E+00
   1.8355628E+01   0.0000000E+00
   1.8689367E+01   0.0000000E+00
   1.9023105E+01   0.0000000E+00
   1.9356844E+01   0.0000000E+00
   1.9690583E+01   0.0000000E+00
   2.0024321E+01   0.0000000E+00
   2.0358060E+01   0.0000000E+00
   2.0691798E+01   0.0000000E+00
   2.1025537E+01   0.0000000E+00
   2.1359276E+01   0.0000000E+00
   2.1693014E+01   0.0000000E+00
   2.2026753E+01   0.0000000E+00
   2.2360491E+01   0.0000000E+00
   2.2694230E+01   0.0000000E+00
   2.3027969E+01   0.0000000E+00
   2.3361707E+01   0.0000000E+00
   2.3695446E+01   0.0000000E+00
   2.4029184E+01   0.0000000E+00
   2.4362923E+01   0.0000000E+00
   2.4696662E+01   0.0000000E+00
   2.5030400E+01   0.0000000E+00
   2.5364139E+01   0.0000000E+00
   2.5697877E+01   0.0000000E+00
   2.6031616E+01   0.0000000E+00
   2.6365355E+01   0.0000000E+00
   2.6699093E+01   0.0000000E+00
   2.7032832E+01   0.0000000E+00
   2.7366570E+01   0.0000000E+00
   2.7700309E+01   0.0000000E+00
   2.8034048E+01   0.0000000E+00
   2.8367786E+01   0.0000000E+00
   2.8701525E+01   0.0000000E+00
   2.9035263E+01   0.0000000E+00
   2.9369002E+01   0.0000000E+00
   2.9702741E+01   0.0000000E+00
   3.0036479E+01   0.0000000E+00
   3.0370218E+01   0.0000000E+00
   3.0703956E+01   0.0000000E+00
   3.1037695E+01   0.0000000E+00
   3.1371433E+01   0.0000000E+00
   3.1705172E+01   0.0000000E+00
   3.2038911E+01   0.0000000E+00
   3.2372649E+01   0.0000000E+00
   3.2706388E+01   0.0000000E+00
   3.3040126E+01   0.0000000E+00
   3.3373865E+01   0.0000000E+00
   3.3707604E+01   0.0000000E+00
   3.4041342E+01   0.0000000E+00
   3.4375081E+01   0.0000000E+00
   3.4708819E+01   0.0000000E+00
   3.5042558E+01   0.0000000E+00
   3.5376297E+01   0.0000000E+00
   3.5710035E+01   0.0000000E+00
   3.6043774E+01   0.0000000E+00
   3.6377512E+01   0.0000000E+00
   3.6711251E+01   0.0000000E+00
   3.7044990E+01   0.0000000E+00
   3.7378728E+01   0.0000000E+00
   3.7712467E+01   0.0000000E+00
   3.8046205E+01   0.0000000E+00
   3.8379944E+01   0.0000000E+00
   3.8713683E+01   0.0000000E+00
   3.9047421E+01   0.0000000E+00
   3.9381160E+01   0.0000000E+00
   3.9714898E+01   0.0000000E+00
   4.0048637E+01   0.0000000E+00
   4.0382376E+01   0.0000000E+00
   4.0716114E+01   0.0000000E+00
   4.1049853E+01   0.0000000E+00
   4.1383591E+01   0.0000000E+00
   4.1717330E+01   0.0000000E+00
   4.2051069E+01   0.0000000E+00
   4.2384807E+01   0.0000000E+00
   4.2718546E+01   0.0000000E+00
   4.3052284E+01   0.0000000E+00
   4.3386023E+01   0.0000000E+00
   4.3719762E+01   0.0000000E+00
   4.4053500E+01   0.0000000E+00
   4.4387239E+01   0.0000000E+00
   4.4720977E+01   0.0000000E+00
   4.5054716E+01   0.0000000E+00
   4.5388454E+01   0.0000000E+00
   4.5722193E+01   0.0000000E+00
   4.6055932E+01   0.0000000E+00
   4.6389670E+01   0.0000000E+00
   4.6723409E+01   0.0000000E+00
   4.7057147E+01   0.0000000E+00
   4.7390886E+01   0.0000000E+00
   4.7724625E+01   0.0000000E+00
   4.8058363E+01   0.0000000E+00
   4.8392102E+01   0.0000000E+00
   4.8725840E+01   0.0000000E+00
   4.9059579E+01   0.0000000E+00
   4.9393318E+01   0.0000000E+00
   4.9727056E+01   0.0000000E+00
   5.0060795E+01   0.0000000E+00
   5.0394533E+01   0.0000000E+00
   5.0728272E+01   0.0000000E+00
   5.1062011E+01   0.0000000E+00
   5.1395749E+01   0.0000000E+00
   5.1729488E+01   0.0000000E+00
   5.2063226E+01   0.0000000E+00
   5.2396965E+01   0.0000000E+00
   5.2730704E+01   0.0000000E+00
   5.3064442E+01   0.0000000E+00
   5.3398181E+01   0.0000000E+00
   5.3731919E+01   0.0000000E+00
   5.4065658E+01   0.0000000E+00
   5.4399397E+01   0.0000000E+00
   5.4733135E+01   0.0000000E+00
   5.5066874E+01   0.0000000E+00
   5.5400612E+01   0.0000000E+00
   5.5734351E+01   0.0000000E+00
   5.6068090E+01   0.0000000E+00
   5.6401828E+01   0.0000000E+00
   5.6735567E+01   0.0000000E+00
   5.7069305E+01   0.0000000E+00
   5.7403044E+01   0.0000000E+00
   5.7736783E+01   0.0000000E+00
   5.8070521E+01   0.0000000E+00
   5.8404260E+01   0.0000000E+00
   5.8737998E+01   0.0000000E+00
   5.9071737E+01   0.0000000E+00
   5.9405475E+01   0.0000000E+00
   5.9739214E+01   0.0000000E+00
   6.0072953E+01   0.0000000E+00
   6.0406691E+01   0.0000000E+00
   6.0740430E+01   0.0000000E+00
   6.1074168E+01   0.0000000E+00
   6.1407907E+01   0.0000000E+00
   6.1741646E+01   0.0000000E+00
   6.2075384E+01   0.0000000E+00
   6.2409123E+01   0.0000000E+00
   6.2742861E+01   0.0000000E+00
   6.3076600E+01   0.0000000E+00
   6.3410339E+01   0.0000000E+00
   6.3744077E+01   0.0000000E+00
   6.4077816E+01   0.0000000E+00
   6.4411554E+01   0.0000000E+00
   6.4745293E+01   0.0000000E+00
   6.5079032E+01   0.0000000E+00
   6.5412770E+01   0.0000000E+00
   6.5746509E+01   0.0000000E+00
   6.6080247E+01   0.0000000E+00
   6.6413986E+01   0.0000000E+00
   6.6747725E+01   0.0000000E+00
   6.7081463E+01   0.0000000E+00
   6.7415202E+01   0.0000000E+00
   6.7748940E+01   0.0000000E+00
   6.8082679E+01   0.0000000E+00
   6.8416418E+01   0.0000000E+00
   6.8750156E+01   0.0000000E+00
   6.9083895E+01   0.0000000E+00
   6.9417633E+01   0.0000000E+00
   6.9751372E+01   0.0000000E+00
   7.0085111E+01   0.0000000E+00
   7.0418849E+01   0.0000000E+00
   7.0752588E+01   0.0000000E+00
   7.1086326E+01   0.0000000E+00
   7.1420065E+01   0.0000000E+00
   7.1753804E+01   0.0000000E+00
   7.2087542E+01   0.0000000E+00
   7.2421281E+01   0.0000000E+00
   7.2755019E+01   0.0000000E+00
   7.3088758E+01   0.0000000E+00
   7.3422496E+01   0.0000000E+00
   7.3756235E+01   0.0000000E+00
   7.4089974E+01   0.0000000E+00
   7.4423712E+01   0.0000000E+00
   7.4757451E+01   0.0000000E+00
   7.5091189E+01   0.0000000E+00
   7.5424928E+01   0.0000000E+00
   7.5758667E+01   0.0000000E+00
   7.6092405E+01   0.0000000E+00
   7.6426144E+01   0.0000000E+00
   7.6759882E+01   0.0000000E+00
   7.7093621E+01   0.0000000E+00
   7.7427360E+01   0.0000000E+00
   7.7761098E+01   0.0000000E+00
   7.8094837E+01   0.0000000E+00
   7.8428575E+01   0.0000000E+00
   7.8762314E+01   0.0000000E+00
   7.9096053E+01   0.0000000E+00
   7.9429791E+01   0.0000000E+00
   7.9763530E+01   0.0000000E+00
   8.0097268E+01   0.0000000E+00
   8.0431007E+01   0.0000000E+00
   8.0764746E+01   0.0000000E+00
   8.1098484E+01   0.0000000E+00
   8.1432223E+01   0.0000000E+00
   8.1765961E+01   0.0000000E+00
   8.2099700E+01   0.0000000E+00
   8.2433439E+01   0.0000000E+00
   8.2767177E+01   0.0000000E+00
   8.3100916E+01   0.0000000E+00
   8.3434654E+01   0.0000000E+00
   8.3768393E+01   0.0000000E+00
   8.4102132E+01   0.0000000E+00
   8.4435870E+01   0.0000000E+00
   8.4769609E+01   0.0000000E+00
   8.5103347E+01   0.0000000E+00
   8.5437086E+01   0.0000000E+00
   8.5770825E+01   0.0000000E+00
   8.6104563E+01   0.0000000E+00
   8.6438302E+01   0.0000000E+00
   8.6772040E+01   0.0000000E+00
   8.7105779E+01   0.0000000E+00
   8.7439517E+01   0.0000000E+00
   8.7773256E+01   0.0000000E+00
   8.8106995E+01   0.0000000E+00
   8.8440733E+01   0.0000000E+00
   8.8774472E+01   0.0000000E+00
   8.9108210E+01   0.0000000E+00
   8.9441949E+01   0.0000000E+00
   8.9775688E+01   0.0000000E+00
   9.0109426E+01   0.0000000E+00
   9.0443165E+01   0.0000000E+00
   9.0776903E+01   0.0000000E+00
   9.1110642E+01   0.0000000E+00
   9.1444381E+01   0.0000000E+00
   9.1778119E+01   0.0000000E+00
   9.2111858E+01   0.0000000E+00
   9.2445596E+01   0.0000000E+00
   9.2779335E+01   0.0000000E+00
   9.3113074E+01   0.0000000E+00
   9.3446812E+01   0.0000000E+00
   9.3780551E+01   0.0000000E+00
   9.4114289E+01   0.0000000E+00
   9.4448028E+01   0.0000000E+00
   9.4781767E+01   0.0000000E+00
   9.5115505E+01   0.0000000E+00
   9.5449244E+01   0.0000000E+00
   9.5782982E+01   0.0000000E+00
   9.6116721E+01   0.0000000E+00
   9.6450460E+01   0.0000000E+00
   9.6784198E+01   0.0000000E+00
   9.7117937E+01   0.0000000E+00
   9.7451675E+01   0.0000000E+00
   9.7785414E+01   0.0000000E+00
   9.8119153E+01   0.0000000E+00
   9.8452891E+01   0.0000000E+00
   9.8786630E+01   0.0000000E+00
   9.9120368E+01   0.0000000E+00
   9.9454107E+01   0.0000000E+00
   9.9787846E+01   0.0000000E+00
   1.0012158E+02   0.0000000E+00
   1.0045532E+02   0.0000000E+00
   1.0078906E+02   0.0000000E+00
   1.0112280E+02   0.0000000E+00
   1.0145654E+02   0.0000000E+00
   1.0179028E+02   0.0000000E+00
   1.0212402E+02   0.0000000E+00
   1.0245775E+02   0.0000000E+00
   1.0279149E+02   0.0000000E+00
   1.0312523E+02   0.0000000E+00
   1.0345897E+02   0.0000000E+00
   1.0379271E+02   0.0000000E+00
   1.0412645E+02   0.0000000E+00
   1.0446019E+02   0.0000000E+00
   1.0479392E+02   0.0000000E+00
   1.0512766E+02   0.0000000E+00
   1.0546140E+02   0.0000000E+00
   1.0579514E+02   0.0000000E+00
   1.0612888E+02   0.0000000E+00
   1.0646262E+02   0.0000000E+00
   1.0679636E+02   0.0000000E+00
   1.0713009E+02   0.0000000E+00
   1.0746383E+02   0.0000000E+00
   1.0779757E+02   0.0000000E+00
   1.0813131E+02   0.0000000E+00
   1.0846505E+02   0.0000000E+00
   1.0879879E+02   0.0000000E+00
   1.0913253E+02   0.0000000E+00
   1.0946626E+02   0.0000000E+00
   1.0980000E+02   0.0000000E+00
   1.1013374E+02   0.0000000E+00
   1.1046748E+02   0.0000000E+00
   1.1080122E+02   0.0000000E+00
   1.1113496E+02   0.0000000E+00
   1.1146870E+02   0.0000000E+00
   1.1180243E+02   0.0000000E+00
   1.1213617E+02   0.0000000E+00
   1.1246991E+02   0.0000000E+00
   1.1280365E+02   0.0000000E+00
   1.1313739E+02   0.0000000E+00
   1.1347113E+02   0.0000000E+00
   1.1380487E+02   0.0000000E+00
   1.1413861E+02   0.0000000E+00
   1.1447234E+02   0.0000000E+00
   1.1480608E+02   0.0000000E+00
   1.1513982E+02   0.0000000E+00
   1.1547356E+02   0.0000000E+00
   1.1580730E+02   0.0000000E+00
   1.1614104E+02   0.0000000E+00
   1.1647478E+02   0.0000000E+00
   1.1680851E+02   0.0000000E+00
   1.1714225E+02   0.0000000E+00
   1.1747599E+02   0.0000000E+00
   1.1780973E+02   0.0000000E+00
   1.1814347E+02   0.0000000E+00
   1.1847721E+02   0.0000000E+00
   1.1881095E+02   0.0000000E+00
   1.1914468E+02   0.0000000E+00
   1.1947842E+02   0.0000000E+00
   1.1981216E+02   0.0000000E+00
   1.2014590E+02   0.0000000E+00
   1.2047964E+02   0.0000000E+00
   1.2081338E+02   0.0000000E+00
   1.2114712E+02   0.0000000E+00
   1.2148085E+02   0.0000000E+00
   1.2181459E+02   0.0000000E+00
   1.2214833E+02   0.0000000E+00
   1.2248207E+02   0.0000000E+00
   1.2281581E+02   0.0000000E+00
   1.2314955E+02   0.0000000E+00
   1.2348329E+02   0.0000000E+00
   1.2381702E+02   0.0000000E+00
   1.2415076E+02   0.0000000E+00
   1.2448450E+02   0.0000000E+00
   1.2481824E+02   0.0000000E+00
   1.2515198E+02   0.0000000E+00
   1.2548572E+02   0.0000000E+00
   1.2581946E+02   0.0000000E+00
   1.2615319E+02   0.0000000E+00
   1.2648693E+02   0.0000000E+00
   1.2682067E+02   0.0000000E+00
   1.2715441E+02   0.0000000E+00
   1.2748815E+02   0.0000000E+00
   1.2782189E+02   0.0000000E+00
   1.2815563E+02   0.0000000E+00
   1.2848936E+02   0.0000000E+00
   1.2882310E+02   0.0000000E+00
   1.2915684E+02   0.0000000E+00
   1.2949058E+02   0.0000000E+00
   1.2982432E+02   0.0000000E+00
   1.3015806E+02   0.0000000E+00
   1.3049180E+02   0.0000000E+00
   1.3082553E+02   0.0000000E+00
   1.3115927E+02   0.0000000E+00
   1.3149301E+02   0.0000000E+00
   1.3182675E+02   0.0000000E+00
   1.3216049E+02   0.0000000E+00
   1.3249423E+02   0.0000000E+00
   1.3282797E+02   0.0000000E+00
   1.3316171E+02   0.0000000E+00
   1.3349544E+02   0.0000000E+00
   1.3382918E+02   0.0000000E+00
   1.3416292E+02   0.0000000E+00
   1.3449666E+02   0.0000000E+00
   1.3483040E+02   0.0000000E+00
   1.3516414E+02   0.0000000E+00
   1.3549788E+02   0.0000000E+00
   1.3583161E+02   0.0000000E+00
   1.3616535E+02   0.0000000E+00
   1.3649909E+02   0.0000000E+00
   1.3683283E+02   0.0000000E+00
   1.3716657E+02   0.0000000E+00
   1.3750031E+02   0.0000000E+00
   1.3783405E+02   0.0000000E+00
   1.3816778E+02   0.0000000E+00
   1.3850152E+02   0.0000000E+00
   1.3883526E+02   0.0000000E+00
   1.3916900E+02   0.0000000E+00
   1.3950274E+02   0.0000000E+00
   1.3983648E+02   0.0000000E+00
   1.4017022E+02   0.0000000E+00
   1.4050395E+02   0.0000000E+00
   1.4083769E+02   0.0000000E+00
   1.4117143E+02   0.0000000E+00
   1.4150517E+02   0.0000000E+00
   1.4183891E+02   0.0000000E+00
   1.4217265E+02   0.0000000E+00
   1.4250639E+02   0.0000000E+00
   1.4284012E+02   0.0000000E+00
   1.4317386E+02   0.0000000E+00
   1.4350760E+02   0.0000000E+00
   1.4384134E+02   0.0000000E+00
   1.4417508E+02   0.0000000E+00
   1.4450882E+02   0.0000000E+00
   1.4484256E+02   0.0000000E+00
   1.4517629E+02   0.0000000E+00
   1.4551003E+02   0.0000000E+00
   1.4584377E+02   0.0000000E+00
   1.4617751E+02   0.0000000E+00
   1.4651125E+02   0.0000000E+00
   1.4684499E+02   0.0000000E+00
   1.4717873E+02   0.0000000E+00
   1.4751246E+02   0.0000000E+00
   1.4784620E+02   1.4012985E-45
   1.4817994E+02   1.4012985E-45
   1.4851368E+02   5.6051939E-45
   1.4884742E+02   5.6051939E-45
   1.4918116E+02   9.8090893E-45
   1.4951490E+02   1.1210388E-44
   1.4984863E+02   1.2611686E-44
   1.5018237E+02   1.6815582E-44
   1.5051611E+02   1.2611686E-44
   1.5084985E+02   9.8090893E-45
   1.5118359E+02   7.0064923E-45
   1.5151733E+02   0.0000000E+00
   1.5185107E+02  -4.2038954E-45
   1.5218480E+02  -1.2611686E-44
   1.5251854E+02  -2.1019477E-44
   1.5285228E+02  -2.2420775E-44
   1.5318602E+02  -2.5223372E-44
   1.5351976E+02  -2.3822074E-44
   1.5385350E+02  -1.6815582E-44
   1.5418724E+02  -1.1210388E-44
   1.5452098E+02   1.4012985E-45
   1.5485471E+02   1.6815582E-44
   1.5518845E+02   3.2229865E-44
   1.5552219E+02   4.6242849E-44
   1.5585593E+02   5.6051939E-44
   1.5618967E+02   5.8854536E-44
   1.5652341E+02   5.6051939E-44
   1.5685715E+02   4.3440252E-44
   1.5719088E+02   2.8025969E-44
   1.5752462E+02   1.4012985E-45
   1.5785836E+02  -2.8025969E-44
   1.5819210E+02  -5.6051939E-44
   1.5852584E+02  -7.9874012E-44
   1.5885958E+02  -9.2485699E-44
   1.5919332E+02  -9.2485699E-44
   1.5952705E+02  -7.4268819E-44
   1.5986079E+02  -3.7835059E-44
   1.6019453E+02   1.2611686E-44
   1.6052827E+02   7.0064923E-44
   1.6086201E+02   1.3032076E-43
   1.6119575E+02   1.8497140E-43
   1.6152949E+02   2.2420775E-43
   1.6186322E+02   2.3822074E-43
   1.6219696E+02   2.1860256E-43
   1.6253070E+02   1.6114932E-43
   1.6286444E+02   6.7262326E-44
   1.6319818E+02  -5.6051939E-44
   1.6353192E+02  -1.9618179E-43
   1.6386566E+02  -3.3210774E-43
   1.6419939E+02  -4.4841551E-43
   1.6453313E+02  -5.0867134E-43
   1.6486687E+02  -5.0867134E-43
   1.6520061E+02  -4.2319214E-43
   1.6553435E+02  -2.4943113E-43
   1.6586809E+02   0.0000000E+00
   1.6620183E+02   2.9987787E-43
   1.6653556E+02   6.2217652E-43
   1.6686930E+02   9.1084400E-43
   1.6720304E+02   1.1266440E-42
   1.6753678E+02   1.2079193E-42
   1.6787052E+02   1.1224401E-42
   1.6820426E+02   8.4638427E-43
   1.6853800E+02   3.8815967E-43
   1.6887173E+02  -2.1439867E-43
   1.6920547E+02  -9.0103491E-43
   1.6953921E+02  -1.5792634E-42
   1.6987295E+02  -2.1397828E-42
   1.7020669E+02  -2.4746931E-42
   1.7054043E+02  -2.4831009E-42
   1.7087417E+02  -2.0977438E-42
   1.7120790E+02  -1.3074115E-42
   1.7154164E+02  -1.4853764E-43
   1.7187538E+02   1.2667738E-42
   1.7220912E+02   2.7647619E-42
   1.7254286E+02   4.1352318E-42
   1.7287660E+02   5.1385615E-42
   1.7321034E+02   5.5435367E-42
   1.7354408E+02   5.1721926E-42
   1.7387781E+02   3.9320435E-42
   1.7421155E+02   1.8469114E-42
   1.7454529E+02  -9.3186348E-43
   1.7487903E+02  -4.1072058E-42
   1.7521277E+02  -7.2713377E-42
   1.7554651E+02  -9.9352061E-42
   1.7588025E+02  -1.1591541E-41
   1.7621398E+02  -1.1797532E-41
   1.7654772E+02  -1.0243492E-41
   1.7688146E+02  -6.8257248E-42
   1.7721520E+02  -1.7165906E-42
   1.7754894E+02   4.6312914E-42
   1.7788268E+02   1.1476634E-41
   1.7821642E+02   1.7879167E-41
   1.7855015E+02   2.2780909E-41
   1.7888389E+02   2.5154709E-41
   1.7921763E+02   2.4170997E-41
   1.7955137E+02   1.9350530E-41
   1.7988511E+02   1.0711525E-41
   1.8021885E+02  -1.1448608E-42
   1.8055259E+02  -1.5019117E-41
   1.8088632E+02  -2.9198856E-41
   1.8122006E+02  -4.1600348E-41
   1.8155380E+02  -5.0034763E-41
   1.8188754E+02  -5.2509456E-41
   1.8222128E+02  -4.7572682E-41
   1.8255502E+02  -3.4613473E-41
   1.8288876E+02  -1.4136299E-41
   1.8322249E+02   1.2152060E-41
   1.8355623E+02   4.1364929E-41
   1.8388997E+02   6.9659948E-41
   1.8422371E+02   9.2644045E-41
   1.8455745E+02   1.0593676E-40
   1.8489119E+02   1.0583867E-40
   1.8522493E+02   8.9975973E-41
   1.8555866E+02   5.7912863E-41
   1.8589240E+02   1.1550903E-41
   1.8622614E+02  -4.4749065E-41
   1.8655988E+02  -1.0437852E-40
   1.8689362E+02  -1.5908941E-40
   1.8722736E+02  -1.9992185E-40
   1.8756110E+02  -2.1839517E-40
   1.8789483E+02  -2.0788263E-40
   1.8822857E+02  -1.6488519E-40
   1.8856231E+02  -9.0097886E-41
   1.8889605E+02   1.0963759E-41
   1.8922979E+02   1.2796938E-40
   1.8956353E+02   2.4645617E-40
   1.8989727E+02   3.4925122E-40
   1.9023100E+02   4.1855804E-40
   1.9056474E+02   4.3844387E-40
   1.9089848E+02   3.9752175E-40
   1.9123222E+02   2.9137059E-40
   1.9156596E+02   1.2439467E-40
   1.9189970E+02  -8.9365007E-41
   1.9223344E+02  -3.2662305E-40
   1.9256718E+02  -5.5672327E-40
   1.9290091E+02  -7.4485740E-40
   1.9323465E+02  -8.5647783E-40
   1.9356839E+02  -8.6234927E-40
   1.9390213E+02  -7.4372655E-40
   1.9423587E+02  -4.9683738E-40
   1.9456961E+02  -1.3592735E-40
   1.9490335E+02   3.0578434E-40
   1.9523708E+02   7.7777250E-40
   1.9557082E+02   1.2166424E-39
   1.9590456E+02   1.5532020E-39
   1.9623830E+02   1.7215008E-39
   1.9657204E+02   1.6689297E-39
   1.9690578E+02   1.3660572E-39
   1.9723952E+02   8.1473595E-40
   1.9757325E+02   5.3018127E-41
   1.9790699E+02  -8.4430755E-40
   1.9824073E+02  -1.7704187E-39
   1.9857447E+02  -2.5965402E-39
   1.9890821E+02  -3.1868666E-39
   1.9924195E+02  -3.4169388E-39
   1.9957569E+02  -3.1934177E-39
   1.9990942E+02  -2.4726850E-39
   2.0024316E+02  -1.2753456E-39
   2.0057690E+02   3.0610244E-40
   2.0091064E+02   2.1085814E-39
   2.0124438E+02   3.9101748E-39
   2.0157812E+02   5.4521188E-39
   2.0191186E+02   6.4697908E-39
   2.0224559E+02   6.7296098E-39
   2.0257933E+02   6.0676294E-39
   2.0291307E+02   4.4245453E-39
   2.0324681E+02   1.8715742E-39
   2.0358055E+02  -1.3780439E-39
   2.0391429E+02  -4.9758245E-39
   2.0424803E+02  -8.4653309E-39
   2.0458176E+02  -1.1329313E-38
   2.0491550E+02  -1.3053352E-38
   2.0524924E+02  -1.3199754E-38
   2.0558298E+02  -1.1482722E-38
   2.0591672E+02  -7.8345392E-39
   2.0625046E+02  -2.4516698E-39
   2.0658420E+02   4.1889688E-39
   2.0691793E+02   1.1350960E-38
   2.0725167E+02   1.8099726E-38
   2.0758541E+02   2.3402343E-38
   2.0791915E+02   2.6258094E-38
   2.0825289E+02   2.5846387E-38
   2.0858663E+02   2.1673906E-38
   2.0892037E+02   1.3700021E-38
   2.0925410E+02   2.4189943E-39
   2.0958784E+02  -1.1119965E-38
   2.0992158E+02  -2.5368255E-38
   2.1025532E+02  -3.8413733E-38
   2.1058906E+02  -4.8191439E-38
   2.1092280E+02  -5.2751466E-38
   2.1125654E+02  -5.0556450E-38
   2.1159027E+02  -4.0770389E-38
   2.1192401E+02  -2.3497253E-38
   2.1225775E+02   7.3876455E-41
   2.1259149E+02   2.7653201E-38
   2.1292523E+02   5.5988667E-38
   2.1325897E+02   8.1165247E-38
   2.1359271E+02   9.9049829E-38
   2.1392645E+02   1.0584314E-37
   2.1426018E+02   9.8678978E-38
   2.1459392E+02   7.6192801E-38
   2.1492766E+02   3.8973933E-38
   2.1526140E+02  -1.0183651E-38
   2.1559514E+02  -6.6301551E-38
   2.1592888E+02  -1.2255335E-37
   2.1626262E+02  -1.7092223E-37
   2.1659635E+02  -2.0314196E-37
   2.1693009E+02  -2.1183588E-37
   2.1726383E+02  -1.9172440E-37
   2.1759757E+02  -1.4074120E-37
   2.1793131E+02  -6.0881800E-38
   2.1826505E+02   4.1383012E-38
   2.1859879E+02   1.5526320E-37
   2.1893252E+02   2.6645083E-37
   2.1926626E+02   3.5856407E-37
   2.1960000E+02   4.1513752E-37
   2.1993374E+02   4.2196756E-37
   2.2026748E+02   3.6953835E-37
   2.2060122E+02   2.5519331E-37
   2.2093496E+02   8.4696901E-38
   2.2126869E+02  -1.2714418E-37
   2.2160243E+02  -3.5705058E-37
   2.2193617E+02  -5.7515432E-37
   2.2226991E+02  -7.4815679E-37
   2.2260365E+02  -8.4352123E-37
   2.2293739E+02  -8.3427687E-37
   2.2327113E+02  -7.0385034E-37
   2.2360486E+02  -4.5023069E-37
   2.2393860E+02  -8.8755061E-38
   2.2427234E+02   3.4712526E-37
   2.2460608E+02   8.0755364E-37
   2.2493982E+02   1.2306304E-36
   2.2527356E+02   1.5492612E-36
   2.2560730E+02   1.6999175E-36
   2.2594103E+02   1.6323872E-36
   2.2627477E+02   1.3192695E-36
   2.2660851E+02   7.6380049E-37
   2.2694225E+02   4.6011019E-39
   2.2727599E+02  -8.8386715E-37
   2.2760973E+02  -1.7959386E-36
   2.2794347E+02  -2.6046577E-36
   2.2827720E+02  -3.1764470E-36
   2.2861094E+02  -3.3892173E-36
   2.2894468E+02  -3.1518853E-36
   2.2927842E+02  -2.4227079E-36
   2.2961216E+02  -1.2236179E-36
   2.2994590E+02   3.5222213E-37
   2.3027964E+02   2.1418534E-36
   2.3061337E+02   3.9242656E-36
   2.3094711E+02   5.4424599E-36
   2.3128085E+02   6.4344375E-36
   2.3161459E+02   6.6700408E-36
   2.3194833E+02   5.9894070E-36
   2.3228207E+02   4.3376660E-36
   2.3261581E+02   1.7903201E-36
   2.3294955E+02  -1.4359585E-36
   2.3328328E+02  -4.9910842E-36
   2.3361702E+02  -8.4197997E-36
   2.3395076E+02  -1.1209761E-35
   2.3428450E+02  -1.2855756E-35
   2.3461824E+02  -1.2933520E-35
   2.3495198E+02  -1.1174040E-35
   2.3528572E+02  -7.5277061E-36
   2.3561945E+02  -2.2074412E-36
   2.3595319E+02   4.2989344E-36
   2.3628693E+02   1.1253783E-35
   2.3662067E+02   1.7734835E-35
   2.3695441E+02   2.2737505E-35
   2.3728815E+02   2.5305730E-35
   2.3762189E+02   2.4676981E-35
   2.3795562E+02   2.0423095E-35
   2.3828936E+02   1.2565748E-35
   2.3862310E+02   1.6459963E-36
   2.3895684E+02  -1.1269501E-35
   2.3929058E+02  -2.4656872E-35
   2.3962432E+02  -3.6679792E-35
   2.3995806E+02  -4.5402557E-35
   2.4029179E+02  -4.9051296E-35
   2.4062553E+02  -4.6293860E-35
   2.4095927E+02  -3.6500936E-35
   2.4129301E+02  -1.9948070E-35
   2.4162675E+02   2.0799248E-36
   2.4196049E+02   2.7312428E-35
   2.4229423E+02   5.2661493E-35
   2.4262796E+02   7.4533884E-35
   2.4296170E+02   8.9264464E-35
   2.4329544E+02   9.3628521E-35
   2.4362918E+02   8.5371333E-35
   2.4396292E+02   6.3682383E-35
   2.4429666E+02   2.9537418E-35
   2.4463040E+02  -1.4160827E-35
   2.4496413E+02  -6.2695680E-35
   2.4529787E+02  -1.0992525E-34
   2.4563161E+02  -1.4893557E-34
   2.4596535E+02  -1.7290503E-34
   2.4629909E+02  -1.7609005E-34
   2.4663283E+02  -1.5480900E-34
   2.4696657E+02  -1.0828537E-34
   2.4730030E+02  -3.9206777E-35
   2.4763404E+02   4.6122495E-35
   2.4796778E+02   1.3811994E-34
   2.4830152E+02   2.2478129E-34
   2.4863526E+02   2.9301263E-34
   2.4896900E+02   3.3032108E-34
   2.4930274E+02   3.2667794E-34
   2.4963647E+02   2.7631666E-34
   2.4997021E+02   1.7920035E-34
   2.5030395E+02   4.1899807E-35
   2.5063769E+02  -1.2233057E-34
   2.5097143E+02  -2.9441386E-34
   2.5130517E+02  -4.5126218E-34
   2.5163891E+02  -5.6843394E-34
   2.5197264E+02  -6.2337921E-34
   2.5230638E+02  -5.9890859E-34
   2.5264012E+02  -4.8642673E-34
   2.5297386E+02  -2.8843794E-34
   2.5330760E+02  -1.9861538E-35
   2.5364134E+02   2.9220383E-34
   2.5397508E+02   6.1046820E-34
   2.5430882E+02   8.9116936E-34
   2.5464255E+02   1.0892550E-33
   2.5497629E+02   1.1645175E-33
   2.5531003E+02   1.0879599E-33
   2.5564377E+02   8.4753032E-34
   2.5597751E+02   4.5233059E-34
   2.5631125E+02  -6.5520218E-35
   2.5664499E+02  -6.5196957E-34
   2.5697872E+02  -1.2353450E-33
   2.5731246E+02  -1.7337649E-33
   2.5764620E+02  -2.0650662E-33
   2.5797994E+02  -2.1582205E-33
   2.5831368E+02  -1.9648798E-33
   2.5864742E+02  -1.4694305E-33
   2.5898116E+02  -6.9596906E-34
   2.5931489E+02   2.8923590E-34
   2.5964863E+02   1.3807915E-33
   2.5998237E+02   2.4430953E-33
   2.6031611E+02   3.3247381E-33
   2.6064985E+02   3.8771808E-33
   2.6098359E+02   3.9757203E-33
   2.6131733E+02   3.5401834E-33
   2.6165106E+02   2.5524317E-33
   2.6198480E+02   1.0678183E-33
   2.6231854E+02  -7.8186831E-34
   2.6265228E+02  -2.7955577E-33
   2.6298602E+02  -4.7206178E-33
   2.6331976E+02  -6.2801946E-33
   2.6365350E+02  -7.2077317E-33
   2.6398723E+02  -7.2849947E-33
   2.6432097E+02  -6.3788083E-33
   2.6465471E+02  -4.4713520E-33
   2.6498845E+02  -1.6789086E-33
   2.6532219E+02   1.7450919E-33
   2.6565593E+02   5.4252811E-33
   2.6598967E+02   8.8983732E-33
   2.6632340E+02   1.1663838E-32
   2.6665714E+02   1.3246721E-32
   2.6699088E+02   1.3265633E-32
   2.6732462E+02   1.1497473E-32
   2.6765836E+02   7.9295455E-33
   2.6799210E+02   2.7903620E-33
   2.6832584E+02  -3.4480070E-33
   2.6865957E+02  -1.0100141E-32
   2.6899331E+02  -1.6330482E-32
   2.6932705E+02  -2.1245232E-32
   2.6966079E+02  -2.4004656E-32
   2.6999453E+02  -2.3943207E-32
   2.7032827E+02  -2.0682315E-32
   2.7066201E+02  -1.4219829E-32
   2.7099574E+02  -4.9808458E-33
   2.7132948E+02   6.1818601E-33
   2.7166322E+02   1.8044743E-32
   2.7199696E+02   2.9127381E-32
   2.7233070E+02   3.7855699E-32
   2.7266444E+02   4.2759171E-32
   2.7299818E+02   4.2679984E-32
   2.7333192E+02   3.6967822E-32
   2.7366565E+02   2.5632462E-32
   2.7399939E+02   9.4282699E-33
   2.7433313E+02  -1.0149065E-32
   2.7466687E+02  -3.0964802E-32
   2.7500061E+02  -5.0445024E-32
   2.7533435E+02  -6.5860274E-32
   2.7566809E+02  -7.4665761E-32
   2.7600182E+02  -7.4860206E-32
   2.7633556E+02  -6.5318189E-32
   2.7666930E+02  -4.6048710E-32
   2.7700304E+02  -1.8336360E-32
   2.7733678E+02   1.5267650E-32
   2.7767052E+02   5.1122508E-32
   2.7800426E+02   8.4840082E-32
   2.7833799E+02   1.1176739E-31
   2.7867173E+02   1.2756305E-31
   2.7900547E+02   1.2880332E-31
   2.7933921E+02   1.1354192E-31
   2.7967295E+02   8.1743289E-32
   2.8000669E+02   3.5518761E-32
   2.8034043E+02  -2.0890486E-32
   2.8067416E+02  -8.1410601E-32
   2.8100790E+02  -1.3870768E-31
   2.8134164E+02  -1.8499241E-31
   2.8167538E+02  -2.1298025E-31
   2.8200912E+02  -2.1689794E-31
   2.8234286E+02  -1.9341144E-31
   2.8267660E+02  -1.4234440E-31
   2.8301033E+02  -6.7067924E-32
   2.8334407E+02   2.5525249E-32
   2.8367781E+02   1.2550979E-31
   2.8401155E+02   2.2086580E-31
   2.8434529E+02   2.9879905E-31
   2.8467903E+02   3.4731001E-31
   2.8501277E+02   3.5683972E-31
   2.8534650E+02   3.2178283E-31
   2.8568024E+02   2.4165850E-31
   2.8601398E+02   1.2174524E-31
   2.8634772E+02  -2.6960198E-32
   2.8668146E+02  -1.8853255E-31
   2.8701520E+02  -3.4363574E-31
   2.8734894E+02  -4.7164910E-31
   2.8768267E+02  -5.5319733E-31
   2.8801641E+02  -5.7279348E-31
   2.8835015E+02  -5.2126601E-31
   2.8868389E+02  -3.9763029E-31
   2.8901763E+02  -2.1009770E-31
   2.8935137E+02   2.3999927E-32
   2.8968511E+02   2.7948140E-31
   2.9001884E+02   5.2574069E-31
   2.9035258E+02   7.3013913E-31
   2.9068632E+02   8.6202076E-31
   2.9102006E+02   8.9689768E-31
   2.9135380E+02   8.2027641E-31
   2.9168754E+02   6.3058652E-31
   2.9202128E+02   3.4073274E-31
   2.9235501E+02  -2.2073903E-32
   2.9268875E+02  -4.1836446E-31
   2.9302249E+02  -8.0028295E-31
   2.9335623E+02  -1.1169430E-30
   2.9368997E+02  -1.3207465E-30
   2.9402371E+02  -1.3739251E-30
   2.9435745E+02  -1.2544777E-30
   2.9469119E+02  -9.6065856E-31
   2.9502492E+02  -5.1327989E-31
   2.9535866E+02   4.4698126E-32
   2.9569240E+02   6.5152593E-31
   2.9602614E+02   1.2328265E-30
   2.9635988E+02   1.7100539E-30
   2.9669362E+02   2.0103588E-30
   2.9702736E+02   2.0767370E-30
   2.9736109E+02   1.8771229E-30
   2.9769483E+02   1.4111511E-30
   2.9802857E+02   7.1343968E-31
   2.9836231E+02  -1.4739195E-31
   2.9869605E+02  -1.0742754E-30
   2.9902979E+02  -1.9515726E-30
   2.9936353E+02  -2.6584138E-30
   2.9969726E+02  -3.0840858E-30
   3.0003100E+02  -3.1436838E-30
   3.0036474E+02  -2.7919603E-30
   3.0069848E+02  -2.0333686E-30
   3.0103222E+02  -9.2659950E-31
   3.0136596E+02   4.1758525E-31
   3.0169970E+02   1.8456126E-30
   3.0203343E+02   3.1769125E-30
   3.0236717E+02   4.2250069E-30
   3.0270091E+02   4.8214757E-30
   3.0303465E+02   4.8400433E-30
   3.0336839E+02   4.2176004E-30
   3.0370213E+02   2.9690497E-30
   3.0403587E+02   1.1934070E-30
   3.0436960E+02  -9.3052960E-31
   3.0470334E+02  -3.1594760E-30
   3.0503708E+02  -5.2109856E-30
   3.0537082E+02  -6.7965458E-30
   3.0570456E+02  -7.6587907E-30
   3.0603830E+02  -7.6084886E-30
   3.0637204E+02  -6.5563019E-30
   3.0670577E+02  -4.5346645E-30
   3.0703951E+02  -1.7059571E-30
   3.0737325E+02   1.6455807E-30
   3.0770699E+02   5.1386068E-30
   3.0804073E+02   8.3346785E-30
   3.0837447E+02   1.0789646E-29
   3.0870821E+02   1.2110888E-29
   3.0904194E+02   1.2013436E-29
   3.0937568E+02   1.0367585E-29
   3.0970942E+02   7.2308272E-30
   3.1004316E+02   2.8585946E-30
   3.1037690E+02  -2.3098460E-30
   3.1071064E+02  -7.6907408E-30
   3.1104438E+02  -1.2617667E-29
   3.1137811E+02  -1.6419985E-29
   3.1171185E+02  -1.8509106E-29
   3.1204559E+02  -1.8462124E-29
   3.1237933E+02  -1.6091536E-29
   3.1271307E+02  -1.1490667E-29
   3.1304681E+02  -5.0467700E-30
   3.1338055E+02   2.5830512E-30
   3.1371429E+02   1.0533164E-29
   3.1404802E+02   1.7823254E-29
   3.1438176E+02   2.3475332E-29
   3.1471550E+02   2.6640537E-29
   3.1504924E+02   2.6719913E-29
   3.1538298E+02   2.3462846E-29
   3.1571672E+02   1.7028083E-29
   3.1605046E+02   7.9962204E-30
   3.1638419E+02  -2.6721435E-30
   3.1671793E+02  -1.3731760E-29
   3.1705167E+02  -2.3793348E-29
   3.1738541E+02  -3.1494600E-29
   3.1771915E+02  -3.5681430E-29
   3.1805289E+02  -3.5576112E-29
   3.1838663E+02  -3.0908618E-29
   3.1872036E+02  -2.1990822E-29
   3.1905410E+02  -9.7184953E-30
   3.1938784E+02   4.5046418E-30
   3.1972158E+02   1.8917423E-29
   3.2005532E+02   3.1611925E-29
   3.2038906E+02   4.0780152E-29
   3.2072280E+02   4.4967019E-29
   3.2105653E+02   4.3295089E-29
   3.2139027E+02   3.5627703E-29
   3.2172401E+02   2.2643887E-29
   3.2205775E+02   5.8063056E-30
   3.2239149E+02  -1.2781470E-29
   3.2272523E+02  -3.0618458E-29
   3.2305897E+02  -4.5124731E-29
   3.2339270E+02  -5.3997900E-29
   3.2372644E+02  -5.5560130E-29
   3.2406018E+02  -4.9046785E-29
   3.2439392E+02  -3.4791214E-29
   3.2472766E+02  -1.4270250E-29
   3.2506140E+02   1.0008456E-29
   3.2539514E+02   3.4775458E-29
   3.2572887E+02   5.6401653E-29
   3.2606261E+02   7.1388517E-29
   3.2639635E+02   7.6885194E-29
   3.2673009E+02   7.1161787E-29
   3.2706383E+02   5.3967560E-29
   3.2739757E+02   2.6711204E-29
   3.2773131E+02  -7.5789195E-30
   3.2806504E+02  -4.4531111E-29
   3.2839878E+02  -7.8926992E-29
   3.2873252E+02  -1.0537141E-28
   3.2906626E+02  -1.1905406E-28
   3.2940000E+02  -1.1650894E-28
   3.2973374E+02  -9.6258580E-29
   3.3006748E+02  -5.9242387E-29
   3.3040121E+02  -8.9444279E-30
   3.3073495E+02   4.8828656E-29
   3.3106869E+02   1.0652501E-28
   3.3140243E+02   1.5573710E-28
   3.3173617E+02   1.8830939E-28
   3.3206991E+02   1.9753219E-28
   3.3240365E+02   1.7926243E-28
   3.3273739E+02   1.3280530E-28
   3.3307112E+02   6.1407169E-29
   3.3340486E+02  -2.7752097E-29
   3.3373860E+02  -1.2412021E-28
   3.3407234E+02  -2.1486974E-28
   3.3440608E+02  -2.8643711E-28
   3.3473982E+02  -3.2633583E-28
   3.3507356E+02  -3.2502581E-28
   3.3540729E+02  -2.7758284E-28
   3.3574103E+02  -1.8491726E-28
   3.3607477E+02  -5.4324417E-29
   3.3640851E+02   1.0078136E-28
   3.3674225E+02   2.6200072E-28
   3.3707599E+02   4.0789275E-28
   3.3740973E+02   5.1654674E-28
   3.3774346E+02   5.6850414E-28
   3.3807720E+02   5.4967057E-28
   3.3841094E+02   4.5382281E-28
   3.3874468E+02   2.8433267E-28
   3.3907842E+02   5.4792225E-29
   3.3941216E+02  -2.1165633E-28
   3.3974590E+02  -4.8433200E-28
   3.4007963E+02  -7.2823687E-28
   3.4041337E+02  -9.0818295E-28
   3.4074711E+02  -9.9337194E-28
   3.4108085E+02  -9.6186816E-28
   3.4141459E+02  -8.0436233E-28
   3.4174833E+02  -5.2667241E-28
   3.4208207E+02  -1.5052625E-28
   3.4241580E+02   2.8763610E-28
   3.4274954E+02   7.3986544E-28
   3.4308328E+02   1.1516878E-27
   3.4341702E+02   1.4683744E-27
   3.4375076E+02   1.6418141E-27
   3.4408450E+02   1.6371441E-27
   3.4441824E+02   1.4382739E-27
   3.4475197E+02   1.0514915E-27
   3.4508571E+02   5.0653970E-28
   3.4541945E+02  -1.4518161E-28
   3.4575319E+02  -8.3528602E-28
   3.4608693E+02  -1.4855659E-27
   3.4642067E+02  -2.0169186E-27
   3.4675441E+02  -2.3590302E-27
   3.4708814E+02  -2.4596234E-27
   3.4742188E+02  -2.2920654E-27
   3.4775562E+02  -1.8602315E-27
   3.4808936E+02  -1.1998413E-27
   3.4842310E+02  -3.7583907E-28
   3.4875684E+02   5.2407057E-28
   3.4909058E+02   1.3991642E-27
   3.4942431E+02   2.1476137E-27
   3.4975805E+02   2.6791974E-27
   3.5009179E+02   2.9271639E-27
   3.5042553E+02   2.8576429E-27
   3.5075927E+02   2.4752352E-27
   3.5109301E+02   1.8238179E-27
   3.5142675E+02   9.8216996E-28
   3.5176048E+02   5.4738781E-29
   3.5209422E+02  -8.4149734E-28
   3.5242796E+02  -1.5925006E-27
   3.5276170E+02  -2.1030065E-27
   3.5309544E+02  -2.3105358E-27
   3.5342918E+02  -2.1955391E-27
   3.5376292E+02  -1.7860094E-27
   3.5409666E+02  -1.1555304E-27
   3.5443039E+02  -4.1459340E-28
   3.5476413E+02   3.0407776E-28
   3.5509787E+02   8.6455612E-28
   3.5543161E+02   1.1487298E-27
   3.5576535E+02   1.0764462E-27
   3.5609909E+02   6.2182866E-28
   3.5643283E+02  -1.7691003E-28
   3.5676656E+02  -1.2161609E-27
   3.5710030E+02  -2.3351671E-27
   3.5743404E+02  -3.3335683E-27
   3.5776778E+02  -3.9967630E-27
   3.5810152E+02  -4.1263496E-27
   3.5843526E+02  -3.5719541E-27
   3.5876900E+02  -2.2602660E-27
   3.5910273E+02  -2.1697315E-28
   3.5943647E+02   2.4221030E-27
   3.5977021E+02   5.4133781E-27
   3.6010395E+02   8.4225323E-27
   3.6043769E+02   1.1055629E-26
   3.6077143E+02   1.2901815E-26
   3.6110517E+02   1.3583481E-26
   3.6143890E+02   1.2808285E-26
   3.6177264E+02   1.0416881E-26
   3.6210638E+02   6.4199007E-27
   3.6244012E+02   1.0187283E-27
   3.6277386E+02  -5.3941924E-27
   3.6310760E+02  -1.2257490E-26
   3.6344134E+02  -1.8885065E-26
   3.6377507E+02  -2.4529195E-26
   3.6410881E+02  -2.8457267E-26
   3.6444255E+02  -3.0034270E-26
   3.6477629E+02  -2.8802640E-26
   3.6511003E+02  -2.4549983E-26
   3.6544377E+02  -1.7356374E-26
   3.6577751E+02  -7.6143797E-27
   3.6611124E+02   3.9826197E-27
   3.6644498E+02   1.6484836E-26
   3.6677872E+02   2.8761043E-26
   3.6711246E+02   3.9598195E-26
   3.6744620E+02   4.7817284E-26
   3.6777994E+02   5.2394145E-26
   3.6811368E+02   5.2573253E-26
   3.6844741E+02   4.7962521E-26
   3.6878115E+02   3.8598117E-26
   3.6911489E+02   2.4970890E-26
   3.6944863E+02   8.0098872E-27
   3.6978237E+02  -1.0978263E-26
   3.7011611E+02  -3.0410187E-26
   3.7044985E+02  -4.8559387E-26
   3.7078358E+02  -6.3710860E-26
   3.7111732E+02  -7.4323042E-26
   3.7145106E+02  -7.9181728E-26
   3.7178480E+02  -7.7530464E-26
   3.7211854E+02  -6.9163848E-26
   3.7245228E+02  -5.4472996E-26
   3.7278602E+02  -3.4437066E-26
   3.7311976E+02  -1.0558423E-26
   3.7345349E+02   1.5254203E-26
   3.7378723E+02   4.0845504E-26
   3.7412097E+02   6.4003552E-26
   3.7445471E+02   8.2661801E-26
   3.7478845E+02   9.5095567E-26
   3.7512219E+02   1.0009219E-25
   3.7545593E+02   9.7078523E-26
   3.7578966E+02   8.6190844E-26
   3.7612340E+02   6.8278173E-26
   3.7645714E+02   4.4835816E-26
   3.7679088E+02   1.7873450E-26
   3.7712462E+02  -1.0272399E-26
   3.7745836E+02  -3.7164008E-26
   3.7779210E+02  -6.0504670E-26
   3.7812583E+02  -7.8372745E-26
   3.7845957E+02  -8.9422597E-26
   3.7879331E+02  -9.3028887E-26
   3.7912705E+02  -8.9355205E-26
   3.7946079E+02  -7.9336419E-26
   3.7979453E+02  -6.4570163E-26
   3.8012827E+02  -4.7126094E-26
   3.8046200E+02  -2.9288261E-26
   3.8079574E+02  -1.3257287E-26
   3.8112948E+02  -8.4525213E-28
   3.8146322E+02   6.8011027E-27
   3.8179696E+02   9.4098040E-27
   3.8213070E+02   7.6934646E-27
   3.8246444E+02   3.3335413E-27
   3.8279817E+02  -1.1730731E-27
   3.8313191E+02  -2.8061323E-27
   3.8346565E+02   1.5693463E-27
   3.8379939E+02   1.4709002E-26
   3.8413313E+02   3.8464587E-26
   3.8446687E+02   7.3289295E-26
   3.8480061E+02   1.1784044E-25
   3.8513434E+02   1.6875017E-25
   3.8546808E+02   2.2062125E-25
   3.8580182E+02   2.6628838E-25
   3.8613556E+02   2.9736499E-25
   3.8646930E+02   3.0505626E-25
   3.8680304E+02   2.8119544E-25
   3.8713678E+02   2.1940978E-25
   3.8747051E+02   1.1631510E-25
   3.8780425E+02  -2.7413459E-26
   3.8813799E+02  -2.0623112E-25
   3.8847173E+02  -4.0931941E-25
   3.8880547E+02  -6.2071274E-25
   3.8913921E+02  -8.2002545E-25
   3.8947295E+02  -9.8381230E-25
   3.8980668E+02  -1.0875137E-24
   3.9014042E+02  -1.1078686E-24
   3.9047416E+02  -1.0256073E-24
   3.9080790E+02  -8.2818079E-25
   3.9114164E+02  -5.1223509E-25
   3.9147538E+02  -8.5539048E-26
   3.9180912E+02   4.3191959E-25
   3.9214285E+02   1.0078979E-24
   3.9247659E+02   1.5990520E-24
   3.9281033E+02   2.1533439E-24
   3.9314407E+02   2.6135912E-24
   3.9347781E+02   2.9219735E-24
   3.9381155E+02   3.0251735E-24
   3.9414529E+02   2.8797460E-24
   3.9447903E+02   2.4572966E-24
   3.9481276E+02   1.7489606E-24
   3.9514650E+02   7.6882285E-25
   3.9548024E+02  -4.4413500E-25
   3.9581398E+02  -1.8257716E-24
   3.9614772E+02  -3.2883996E-24
   3.9648146E+02  -4.7242694E-24
   3.9681520E+02  -6.0109059E-24
   3.9714893E+02  -7.0181192E-24
   3.9748267E+02  -7.6164954E-24
   3.9781641E+02  -7.6870709E-24
   3.9815015E+02  -7.1318848E-24
   3.9848389E+02  -5.8849410E-24
   3.9881763E+02  -3.9230786E-24
   3.9915137E+02  -1.2760366E-24
   3.9948510E+02   1.9651716E-24
   3.9981884E+02   5.6426771E-24
   4.0015258E+02   9.5301750E-24
   4.0048632E+02   1.3336748E-23
   4.0082006E+02   1.6717338E-23
   4.0115380E+02   1.9290969E-23
   4.0148754E+02   2.0667039E-23
   4.0182127E+02   2.0479656E-23
   4.0215501E+02   1.8428359E-23
   4.0248875E+02   1.4322839E-23
   4.0282249E+02   8.1276126E-24
   4.0315623E+02   1.6487193E-27
   4.0348997E+02  -9.6731039E-24
   4.0382371E+02  -2.0280374E-23
   4.0415744E+02  -3.0981363E-23
   4.0449118E+02  -4.0753911E-23
   4.0482492E+02  -4.8461253E-23
   4.0515866E+02  -5.2949240E-23
   4.0549240E+02  -5.3167041E-23
   4.0582614E+02  -4.8302477E-23
   4.0615988E+02  -3.7918745E-23
   4.0649361E+02  -2.2076970E-23
   4.0682735E+02  -1.4263362E-24
   4.0716109E+02   2.2755362E-23
   4.0749483E+02   4.8585861E-23
   4.0782857E+02   7.3677419E-23
   4.0816231E+02   9.5313254E-23
   4.0849605E+02   1.1069504E-22
   4.0882978E+02   1.1724514E-22
   4.0916352E+02   1.1293684E-22
   4.0949726E+02   9.6617664E-23
   4.0983100E+02   6.8285340E-23
   4.1016474E+02   2.9273606E-23
   4.1049848E+02  -1.7690174E-23
   4.1083222E+02  -6.8585094E-23
   4.1116595E+02  -1.1836953E-22
   4.1149969E+02  -1.6142188E-22
   4.1183343E+02  -1.9212257E-22
   4.1216717E+02  -2.0552822E-22
   4.1250091E+02  -1.9806853E-22
   4.1283465E+02  -1.6818118E-22
   4.1316839E+02  -1.1679415E-22
   4.1350213E+02  -4.7569196E-23
   4.1383586E+02   3.3165151E-23
   4.1416960E+02   1.1683025E-22
   4.1450334E+02   1.9337047E-22
   4.1483708E+02   2.5233613E-22
   4.1517082E+02   2.8418814E-22
   4.1550456E+02   2.8168663E-22
   4.1583830E+02   2.4119456E-22
   4.1617203E+02   1.6370886E-22
   4.1650577E+02   5.5436601E-23
   4.1683951E+02  -7.2238959E-23
   4.1717325E+02  -2.0349567E-22
   4.1750699E+02  -3.1953961E-22
   4.1784073E+02  -4.0072077E-22
   4.1817447E+02  -4.2912610E-22
   4.1850820E+02  -3.9137926E-22
   4.1884194E+02  -2.8130336E-22
   4.1917568E+02  -1.0205937E-22
   4.1950942E+02   1.3262001E-22
   4.1984316E+02   3.9842913E-22
   4.2017690E+02   6.6194018E-22
   4.2051064E+02   8.8356339E-22
   4.2084437E+02   1.0218910E-21
   4.2117811E+02   1.0390779E-21
   4.2151185E+02   9.0672142E-22
   4.2184559E+02   6.1153709E-22
   4.2217933E+02   1.6002693E-22
   4.2251307E+02  -4.1866507E-22
   4.2284681E+02  -1.0724221E-21
   4.2318054E+02  -1.7288412E-21
   4.2351428E+02  -2.3011274E-21
   4.2384802E+02  -2.6969695E-21
   4.2418176E+02  -2.8297598E-21
   4.2451550E+02  -2.6310757E-21
   4.2484924E+02  -2.0629872E-21
   4.2518298E+02  -1.1285213E-21
   4.2551671E+02   1.2141824E-22
   4.2585045E+02   1.5862347E-21
   4.2618419E+02   3.1200429E-21
   4.2651793E+02   4.5428101E-21
   4.2685167E+02   5.6579081E-21
   4.2718541E+02   6.2748770E-21
   4.2751915E+02   6.2352503E-21
   4.2785288E+02   5.4385639E-21
   4.2818662E+02   3.8650878E-21
   4.2852036E+02   1.5917290E-21
   4.2885410E+02  -1.2021988E-21
   4.2918784E+02  -4.2418064E-21
   4.2952158E+02  -7.1772927E-21
   4.2985532E+02  -9.6179828E-21
   4.3018905E+02  -1.1177457E-20
   4.3052279E+02  -1.1525519E-20
   4.3085653E+02  -1.0441249E-20
   4.3119027E+02  -7.8600802E-21
   4.3152401E+02  -3.9076295E-21
   4.3185775E+02   1.0865163E-21
   4.3219149E+02   6.6003181E-21
   4.3252522E+02   1.1958696E-20
   4.3285896E+02   1.6400234E-20
   4.3319270E+02   1.9166680E-20
   4.3352644E+02   1.9606846E-20
   4.3386018E+02   1.7283351E-20
   4.3419392E+02   1.2068066E-20
   4.3452766E+02   4.2115400E-21
   4.3486140E+02  -5.6274680E-21
   4.3519513E+02  -1.6402924E-20
   4.3552887E+02  -2.6758504E-20
   4.3586261E+02  -3.5159654E-20
   4.3619635E+02  -4.0071808E-20
   4.3653009E+02  -4.0168556E-20
   4.3686383E+02  -3.4546617E-20
   4.3719757E+02  -2.2919818E-20
   4.3753130E+02  -5.7626636E-21
   4.3786504E+02   1.5623813E-20
   4.3819878E+02   3.9145405E-20
   4.3853252E+02   6.2058592E-20
   4.3886626E+02   8.1223708E-20
   4.3920000E+02   9.3450820E-20
   4.3953374E+02   9.5907960E-20
   4.3986747E+02   8.6547016E-20
   4.4020121E+02   6.4494587E-20
   4.4053495E+02   3.0351499E-20
   4.4086869E+02  -1.3652409E-20
   4.4120243E+02  -6.3689624E-20
   4.4153617E+02  -1.1457682E-19
   4.4186991E+02  -1.6022673E-19
   4.4220364E+02  -1.9428296E-19
   4.4253738E+02  -2.1088355E-19
   4.4287112E+02  -2.0547404E-19
   4.4320486E+02  -1.7557405E-19
   4.4353860E+02  -1.2139423E-19
   4.4387234E+02  -4.6204500E-20
   4.4420608E+02   4.3626178E-20
   4.4453981E+02   1.3896846E-19
   4.4487355E+02   2.2865898E-19
   4.4520729E+02   3.0057500E-19
   4.4554103E+02   3.4297214E-19
   4.4587477E+02   3.4595366E-19
   4.4620851E+02   3.0290977E-19
   4.4654225E+02   2.1174788E-19
   4.4687598E+02   7.5737329E-20
   4.4720972E+02  -9.6180736E-20
   4.4754346E+02  -2.8972399E-19
   4.4787720E+02  -4.8627849E-19
   4.4821094E+02  -6.6455442E-19
   4.4854468E+02  -8.0276824E-19
   4.4887842E+02  -8.8116232E-19
   4.4921215E+02  -8.8460411E-19
   4.4954589E+02  -8.0497267E-19
   4.4987963E+02  -6.4302343E-19
   4.5021337E+02  -4.0945523E-19
   4.5054711E+02  -1.2495101E-19
   4.5088085E+02   1.8093728E-19
   4.5121459E+02   4.7207053E-19
   4.5154832E+02   7.0906935E-19
   4.5188206E+02   8.5346397E-19
   4.5221580E+02   8.7229659E-19
   4.5254954E+02   7.4271715E-19
   4.5288328E+02   4.5607151E-19
   4.5321702E+02   2.0984952E-20
   4.5355076E+02  -5.3499540E-19
   4.5388450E+02  -1.1655128E-18
   4.5421823E+02  -1.8074004E-18
   4.5455197E+02  -2.3845032E-18
   4.5488571E+02  -2.8129931E-18
   4.5521945E+02  -3.0076535E-18
   4.5555319E+02  -2.8884026E-18
   4.5588693E+02  -2.3862173E-18
   4.5622067E+02  -1.4475869E-18
   4.5655440E+02  -3.6693525E-20
   4.5688814E+02   1.8652867E-18
   4.5722188E+02   4.2641318E-18
   4.5755562E+02   7.1598140E-18
   4.5788936E+02   1.0556683E-17
   4.5822310E+02   1.4476054E-17
   4.5855684E+02   1.8970244E-17
   4.5889057E+02   2.4137046E-17
   4.5922431E+02   3.0133621E-17
   4.5955805E+02   3.7188770E-17
   4.5989179E+02   4.5612823E-17
   4.6022553E+02   5.5804648E-17
   4.6055927E+02   6.8255781E-17
   4.6089301E+02   8.3551734E-17
   4.6122674E+02   1.0237158E-16
   4.6156048E+02   1.2548618E-16
   4.6189422E+02   1.5375722E-16
   4.6222796E+02   1.8813780E-16
   4.6256170E+02   2.2967642E-16
   4.6289544E+02   2.7952543E-16
   4.6322918E+02   3.3895368E-16
   4.6356291E+02   4.0936464E-16
   4.6389665E+02   4.9231694E-16
   4.6423039E+02   5.8954520E-16
   4.6456413E+02   7.0297890E-16
   4.6489787E+02   8.3475213E-16
   4.6523161E+02   9.8720547E-16
   4.6556535E+02   1.1628657E-15
   4.6589908E+02   1.3644123E-15
   4.6623282E+02   1.5946117E-15
   4.6656656E+02   1.8562255E-15
   4.6690030E+02   2.1518789E-15
   4.6723404E+02   2.4838962E-15
   4.6756778E+02   2.8540771E-15
   4.6790152E+02   3.2634221E-15
   4.6823525E+02   3.7117839E-15
   4.6856899E+02   4.1974362E-15
   4.6890273E+02   4.7165395E-15
   4.6923647E+02   5.2624628E-15
   4.6957021E+02   5.8249596E-15
   4.6990395E+02   6.3891225E-15
   4.7023769E+02   6.9340849E-15
   4.7057142E+02   7.4313843E-15
   4.7090516E+02   7.8429373E-15
   4.7123890E+02   8.1185381E-15
   4.7157264E+02   8.1927331E-15
   4.7190638E+02   7.9810883E-15
   4.7224012E+02   7.3755428E-15
   4.7257386E+02   6.2388517E-15
   4.7290760E+02   4.3979865E-15
   4.7324133E+02   1.6361255E-15
   4.7357507E+02  -2.3167300E-15
   4.7390881E+02  -7.7950680E-15
   4.7424255E+02  -1.5211126E-14
   4.7457629E+02  -2.5070908E-14
   4.7491003E+02  -3.7992558E-14
   4.7524377E+02  -5.4728601E-14
   4.7557750E+02  -7.6192118E-14
   4.7591124E+02  -1.0348711E-13
   4.7624498E+02  -1.3794499E-13
   4.7657872E+02  -1.8116623E-13
   4.7691246E+02  -2.3507056E-13
   4.7724620E+02  -3.0195540E-13
   4.7757994E+02  -3.8456261E-13
   4.7791367E+02  -4.8615766E-13
   4.7824741E+02  -6.1062174E-13
   4.7858115E+02  -7.6255625E-13
   4.7891489E+02  -9.4740622E-13
   4.7924863E+02  -1.1716004E-12
   4.7958237E+02  -1.4427166E-12
   4.7991611E+02  -1.7696673E-12
   4.8024984E+02  -2.1629139E-12
   4.8058358E+02  -2.6347184E-12
   4.8091732E+02  -3.1994164E-12
   4.8125106E+02  -3.8737459E-12
   4.8158480E+02  -4.6772152E-12
   4.8191854E+02  -5.6325266E-12
   4.8225228E+02  -6.7660296E-12
   4.8258601E+02  -8.1082857E-12
   4.8291975E+02  -9.6946704E-12
   4.8325349E+02  -1.1566057E-11
   4.8358723E+02  -1.3769612E-11
   4.8392097E+02  -1.6359664E-11
   4.8425471E+02  -1.9398667E-11
   4.8458845E+02  -2.2958392E-11
   4.8492218E+02  -2.7121042E-11
   4.8525592E+02  -3.1980734E-11
   4.8558966E+02  -3.7645016E-11
   4.8592340E+02  -4.4236514E-11
   4.8625714E+02  -5.1894978E-11
   4.8659088E+02  -6.0779236E-11
   4.8692462E+02  -7.1069713E-11
   4.8725835E+02  -8.2970762E-11
   4.8759209E+02  -9.6713769E-11
   4.8792583E+02  -1.1256011E-10
   4.8825957E+02  -1.3080466E-10
   4.8859331E+02  -1.5177945E-10
   4.8892705E+02  -1.7585791E-10
   4.8926079E+02  -2.0345904E-10
   4.8959452E+02  -2.3505267E-10
   4.8992826E+02  -2.7116395E-10
   4.9026200E+02  -3.1237982E-10
   4.9059574E+02  -3.5935466E-10
   4.9092948E+02  -4.1281642E-10
   4.9126322E+02  -4.7357468E-10
   4.9159696E+02  -5.4252652E-10
   4.9193069E+02  -6.2066591E-10
   4.9226443E+02  -7.0909129E-10
   4.9259817E+02  -8.0901424E-10
   4.9293191E+02  -9.2177022E-10
   4.9326565E+02  -1.0488251E-09
   4.9359939E+02  -1.1917902E-09
   4.9393313E+02  -1.3524268E-09
   4.9426687E+02  -1.5326629E-09
   4.9460060E+02  -1.7345996E-09
   4.9493434E+02  -1.9605255E-09
   4.9526808E+02  -2.2129267E-09
   4.9560182E+02  -2.4944982E-09
   4.9593556E+02  -2.8081566E-09
   4.9626930E+02  -3.1570506E-09
   4.9660304E+02  -3.5445722E-09
   4.9693677E+02  -3.9743648E-09
   4.9727051E+02  -4.4503401E-09
   4.9760425E+02  -4.9766786E-09
   4.9793799E+02  -5.5578449E-09
   4.9827173E+02  -6.1985901E-09
   4.9860547E+02  -6.9039561E-09
   4.9893921E+02  -7.6792892E-09
   4.9927294E+02  -8.5302245E-09
   4.9960668E+02  -9.4627080E-09
   4.9994042E+02  -1.0482972E-08
   5.0027416E+02  -1.1597548E-08
   5.0060790E+02  -1.2813230E-08
   5.0094164E+02  -1.4137117E-08
   5.0127538E+02  -1.5576529E-08
   5.0160911E+02  -1.7139026E-08
   5.0194285E+02  -1.8832376E-08
   5.0227659E+02  -2.0664537E-08
   5.0261033E+02  -2.2643610E-08
   5.0294407E+02  -2.4777767E-08
   5.0327781E+02  -2.7075284E-08
   5.0361155E+02  -2.9544427E-08
   5.0394528E+02  -3.2193402E-08
   5.0427902E+02  -3.5030304E-08
   5.0461276E+02  -3.8063057E-08
   5.0494650E+02  -4.1299288E-08
   5.0528024E+02  -4.4746319E-08
   5.0561398E+02  -4.8411021E-08
   5.0594772E+02  -5.2299733E-08
   5.0628145E+02  -5.6418148E-08
   5.0661519E+02  -6.0771193E-08
   5.0694893E+02  -6.5363011E-08
   5.0728267E+02  -7.0196670E-08
   5.0761641E+02  -7.5274208E-08
   5.0795015E+02  -8.0596365E-08
   5.0828389E+02  -8.6162501E-08
   5.0861762E+02  -9.1970513E-08
   5.0895136E+02  -9.8016699E-08
   5.0928510E+02  -1.0429547E-07
   5.0961884E+02  -1.1079936E-07
   5.0995258E+02  -1.1751879E-07
   5.1028632E+02  -1.2444211E-07
   5.1062006E+02  -1.3155525E-07
   5.1095379E+02  -1.3884170E-07
   5.1128753E+02  -1.4628242E-07
   5.1162127E+02  -1.5385565E-07
   5.1195501E+02  -1.6153689E-07
   5.1228875E+02  -1.6929877E-07
   5.1262249E+02  -1.7711102E-07
   5.1295623E+02  -1.8494033E-07
   5.1328997E+02  -1.9275049E-07
   5.1362370E+02  -2.0050204E-07
   5.1395744E+02  -2.0815280E-07
   5.1429118E+02  -2.1565722E-07
   5.1462492E+02  -2.2296696E-07
   5.1495866E+02  -2.3003106E-07
   5.1529240E+02  -2.3679526E-07
   5.1562614E+02  -2.4320306E-07
   5.1595987E+02  -2.4919507E-07
   5.1629361E+02  -2.5471019E-07
   5.1662735E+02  -2.5968473E-07
   5.1696109E+02  -2.6405337E-07
   5.1729483E+02  -2.6774933E-07
   5.1762857E+02  -2.7070442E-07
   5.1796231E+02  -2.7284958E-07
   5.1829604E+02  -2.7411551E-07
   5.1862978E+02  -2.7443235E-07
   5.1896352E+02  -2.7373099E-07
   5.1929726E+02  -2.7194270E-07
   5.1963100E+02  -2.6900017E-07
   5.1996474E+02  -2.6483784E-07
   5.2029848E+02  -2.5939241E-07
   5.2063221E+02  -2.5260320E-07
   5.2096595E+02  -2.4441306E-07
   5.2129969E+02  -2.3476848E-07
   5.2163343E+02  -2.2362059E-07
   5.2196717E+02  -2.1092526E-07
   5.2230091E+02  -1.9664421E-07
   5.2263465E+02  -1.8074466E-07
   5.2296838E+02  -1.6320108E-07
   5.2330212E+02  -1.4399441E-07
   5.2363586E+02  -1.2311341E-07
   5.2396960E+02  -1.0055491E-07
   5.2430334E+02  -7.6324021E-08
   5.2463708E+02  -5.0434828E-08
   5.2497082E+02  -2.2910456E-08
   5.2530455E+02   6.2163821E-09
   5.2563829E+02   3.6903458E-08
   5.2597203E+02   6.9098533E-08
   5.2630577E+02   1.0273925E-07
   5.2663951E+02   1.3775335E-07
   5.2697325E+02   1.7405836E-07
   5.2730699E+02   2.1156183E-07
   5.2764072E+02   2.5016138E-07
   5.2797446E+02   2.8974492E-07
   5.2830820E+02   3.3019106E-07
   5.2864194E+02   3.7136908E-07
   5.2897568E+02   4.1313984E-07
   5.2930942E+02   4.5535603E-07
   5.2964316E+02   4.9786274E-07
   5.2997689E+02   5.4049787E-07
   5.3031063E+02   5.8309359E-07
   5.3064437E+02   6.2547593E-07
   5.3097811E+02   6.6746662E-07
   5.3131185E+02   7.0888348E-07
   5.3164559E+02   7.4954136E-07
   5.3197933E+02   7.8925387E-07
   5.3231306E+02   8.2783231E-07
   5.3264680E+02   8.6508959E-07
   5.3298054E+02   9.0083881E-07
   5.3331428E+02   9.3489564E-07
   5.3364802E+02   9.6707959E-07
   5.3398176E+02   9.9721410E-07
   5.3431550E+02   1.0251281E-06
   5.3464924E+02   1.0506578E-06
   5.3498297E+02   1.0736462E-06
   5.3531671E+02   1.0939461E-06
   5.3565045E+02   1.1114197E-06
   5.3598419E+02   1.1259388E-06
   5.3631793E+02   1.1373891E-06
   5.3665167E+02   1.1456660E-06
   5.3698541E+02   1.1506809E-06
   5.3731914E+02   1.1523578E-06
   5.3765288E+02   1.1506348E-06
   5.3798662E+02   1.1454661E-06
   5.3832036E+02   1.1368204E-06
   5.3865410E+02   1.1246844E-06
   5.3898784E+02   1.1090594E-06
   5.3932158E+02   1.0899631E-06
   5.3965531E+02   1.0674310E-06
   5.3998905E+02   1.0415133E-06
   5.4032279E+02   1.0122791E-06
   5.4065653E+02   9.7981115E-07
   5.4099027E+02   9.4420932E-07
   5.4132401E+02   9.0558888E-07
   5.4165775E+02   8.6407965E-07
   5.4199148E+02   8.1982557E-07
   5.4232522E+02   7.7298489E-07
   5.4265896E+02   7.2372762E-07
   5.4299270E+02   6.7223624E-07
   5.4332644E+02   6.1870423E-07
   5.4366018E+02   5.6333482E-07
   5.4399392E+02   5.0633975E-07
   5.4432765E+02   4.4793904E-07
   5.4466139E+02   3.8835907E-07
   5.4499513E+02   3.2783103E-07
   5.4532887E+02   2.6659066E-07
   5.4566261E+02   2.0487602E-07
   5.4599635E+02   1.4292706E-07
   5.4633009E+02   8.0983511E-08
   5.4666382E+02   1.9284045E-08
   5.4699756E+02  -4.1934783E-08
   5.4733130E+02  -1.0244040E-07
   5.4766504E+02  -1.6200491E-07
   5.4799878E+02  -2.2040655E-07
   5.4833252E+02  -2.7743096E-07
   5.4866626E+02  -3.3287171E-07
   5.4899999E+02  -3.8653172E-07
   5.4933373E+02  -4.3822450E-07
   5.4966747E+02  -4.8777468E-07
   5.5000121E+02  -5.3501873E-07
   5.5033495E+02  -5.7980594E-07
   5.5066869E+02  -6.2199950E-07
   5.5100243E+02  -6.6147567E-07
   5.5133616E+02  -6.9812563E-07
   5.5166990E+02  -7.3185538E-07
   5.5200364E+02  -7.6258607E-07
   5.5233738E+02  -7.9025426E-07
   5.5267112E+02  -8.1481141E-07
   5.5300486E+02  -8.3622484E-07
   5.5333860E+02  -8.5447698E-07
   5.5367234E+02  -8.6956538E-07
   5.5400607E+02  -8.8150318E-07
   5.5433981E+02  -8.9031744E-07
   5.5467355E+02  -8.9604947E-07
   5.5500729E+02  -8.9875357E-07
   5.5534103E+02  -8.9849834E-07
   5.5567477E+02  -8.9536366E-07
   5.5600851E+02  -8.8944171E-07
   5.5634224E+02  -8.8083584E-07
   5.5667598E+02  -8.6965827E-07
   5.5700972E+02  -8.5603199E-07
   5.5734346E+02  -8.4008752E-07
   5.5767720E+02  -8.2196345E-07
   5.5801094E+02  -8.0180439E-07
   5.5834468E+02  -7.7976097E-07
   5.5867841E+02  -7.5598871E-07
   5.5901215E+02  -7.3064621E-07
   5.5934589E+02  -7.0389490E-07
   5.5967963E+02  -6.7589860E-07
   5.6001337E+02  -6.4682115E-07
   5.6034711E+02  -6.1682664E-07
   5.6068085E+02  -5.8607810E-07
   5.6101458E+02  -5.5473674E-07
   5.6134832E+02  -5.2296133E-07
   5.6168206E+02  -4.9090659E-07
   5.6201580E+02  -4.5872332E-07
   5.6234954E+02  -4.2655734E-07
   5.6268328E+02  -3.9454895E-07
   5.6301702E+02  -3.6283203E-07
   5.6335075E+02  -3.3153370E-07
   5.6368449E+02  -3.0077410E-07
   5.6401823E+02  -2.7066520E-07
   5.6435197E+02  -2.4131148E-07
   5.6468571E+02  -2.1280857E-07
   5.6501945E+02  -1.8524389E-07
   5.6535319E+02  -1.5869566E-07
   5.6568692E+02  -1.3323353E-07
   5.6602066E+02  -1.0891797E-07
   5.6635440E+02  -8.5800551E-08
   5.6668814E+02  -6.3923736E-08
   5.6702188E+02  -4.3321208E-08
   5.6735562E+02  -2.4017851E-08
   5.6768936E+02  -6.0299996E-09
   5.6802309E+02   1.0634210E-08
   5.6835683E+02   2.5974700E-08
   5.6869057E+02   3.9998962E-08
   5.6902431E+02   5.2721823E-08
   5.6935805E+02   6.4164922E-08
   5.6969179E+02   7.4356258E-08
   5.7002553E+02   8.3329851E-08
   5.7035926E+02   9.1125138E-08
   5.7069300E+02   9.7786533E-08
   5.7102674E+02   1.0336286E-07
   5.7136048E+02   1.0790696E-07
   5.7169422E+02   1.1147491E-07
   5.7202796E+02   1.1412575E-07
   5.7236170E+02   1.1592073E-07
   5.7269543E+02   1.1692283E-07
   5.7302917E+02   1.1719631E-07
   5.7336291E+02   1.1680608E-07
   5.7369665E+02   1.1581720E-07
   5.7403039E+02   1.1429446E-07
   5.7436413E+02   1.1230194E-07
   5.7469787E+02   1.0990252E-07
   5.7503161E+02   1.0715737E-07
   5.7536534E+02   1.0412579E-07
   5.7569908E+02   1.0086468E-07
   5.7603282E+02   9.7428249E-08
   5.7636656E+02   9.3867776E-08
   5.7670030E+02   9.0231197E-08
   5.7703404E+02   8.6563162E-08
   5.7736778E+02   8.2904535E-08
   5.7770151E+02   7.9292477E-08
   5.7803525E+02   7.5760191E-08
   5.7836899E+02   7.2336931E-08
   5.7870273E+02   6.9048006E-08
   5.7903647E+02   6.5914620E-08
   5.7937021E+02   6.2954044E-08
   5.7970395E+02   6.0179588E-08
   5.8003768E+02   5.7600715E-08
   5.8037142E+02   5.5223133E-08
   5.8070516E+02   5.3048939E-08
   5.8103890E+02   5.1076817E-08
   5.8137264E+02   4.9302180E-08
   5.8170638E+02   4.7717418E-08
   5.8204012E+02   4.6312177E-08
   5.8237385E+02   4.5073492E-08
   5.8270759E+02   4.3986145E-08
   5.8304133E+02   4.3032927E-08
   5.8337507E+02   4.2194902E-08
   5.8370881E+02   4.1451660E-08
   5.8404255E+02   4.0781607E-08
   5.8437629E+02   4.0162313E-08
   5.8471002E+02   3.9570725E-08
   5.8504376E+02   3.8983487E-08
   5.8537750E+02   3.8377209E-08
   5.8571124E+02   3.7728761E-08
   5.8604498E+02   3.7015489E-08
   5.8637872E+02   3.6215518E-08
   5.8671246E+02   3.5307956E-08
   5.8704619E+02   3.4273089E-08
   5.8737993E+02   3.3092686E-08
   5.8771367E+02   3.1749984E-08
   5.8804741E+02   3.0230055E-08
   5.8838115E+02   2.8519858E-08
   5.8871489E+02   2.6608378E-08
   5.8904863E+02   2.4486702E-08
   5.8938236E+02   2.2148264E-08
   5.8971610E+02   1.9588732E-08
   5.9004984E+02   1.6806167E-08
   5.9038358E+02   1.3801081E-08
   5.9071732E+02   1.0576393E-08
   5.9105106E+02   7.1373663E-09
   5.9138480E+02   3.4917313E-09
   5.9171853E+02  -3.5051073E-10
   5.9205227E+02  -4.3770711E-09
   5.9238601E+02  -8.5735365E-09
   5.9271975E+02  -1.2923373E-08
   5.9305349E+02  -1.7408112E-08
   5.9338723E+02  -2.2007441E-08
   5.9372097E+02  -2.6699269E-08
   5.9405471E+02  -3.1460011E-08
   5.9438844E+02  -3.6264652E-08
   5.9472218E+02  -4.1086949E-08
   5.9505592E+02  -4.5899583E-08
   5.9538966E+02  -5.0674473E-08
   5.9572340E+02  -5.5382770E-08
   5.9605714E+02  -5.9995202E-08
   5.9639088E+02  -6.4482393E-08
   5.9672461E+02  -6.8814657E-08
   5.9705835E+02  -7.2962720E-08
   5.9739209E+02  -7.6897493E-08
   5.9772583E+02  -8.0590553E-08
   5.9805957E+02  -8.4014005E-08
   5.9839331E+02  -8.7141260E-08
   5.9872705E+02  -8.9946596E-08
   5.9906078E+02  -9.2405784E-08
   5.9939452E+02  -9.4496130E-08
   5.9972826E+02  -9.6196700E-08
   6.0006200E+02  -9.7488382E-08
   6.0039574E+02  -9.8354235E-08
   6.0072948E+02  -9.8779651E-08
   6.0106322E+02  -9.8752210E-08
   6.0139695E+02  -9.8261964E-08
   6.0173069E+02  -9.7301779E-08
   6.0206443E+02  -9.5866994E-08
   6.0239817E+02  -9.3955876E-08
   6.0273191E+02  -9.1569348E-08
   6.0306565E+02  -8.8711460E-08
   6.0339939E+02  -8.5389061E-08
   6.0373312E+02  -8.1611930E-08
   6.0406686E+02  -7.7392997E-08
   6.0440060E+02  -7.2747852E-08
   6.0473434E+02  -6.7695183E-08
   6.0506808E+02  -6.2256390E-08
   6.0540182E+02  -5.6455718E-08
   6.0573556E+02  -5.0320033E-08
   6.0606929E+02  -4.3878572E-08
   6.0640303E+02  -3.7163176E-08
   6.0673677E+02  -3.0207730E-08
   6.0707051E+02  -2.3048351E-08
   6.0740425E+02  -1.5722865E-08
   6.0773799E+02  -8.2708898E-09
   6.0807173E+02  -7.3342044E-10
   6.0840546E+02   6.8472765E-09
   6.0873920E+02   1.4428018E-08
   6.0907294E+02   2.1964862E-08
   6.0940668E+02   2.9413492E-08
   6.0974042E+02   3.6729347E-08
   6.1007416E+02   4.3868049E-08
   6.1040790E+02   5.0785687E-08
   6.1074163E+02   5.7438811E-08
   6.1107537E+02   6.3785194E-08
   6.1140911E+02   6.9783511E-08
   6.1174285E+02   7.5394297E-08
   6.1207659E+02   8.0579568E-08
   6.1241033E+02   8.5303355E-08
   6.1274407E+02   8.9532193E-08
   6.1307781E+02   9.3234803E-08
   6.1341154E+02   9.6382763E-08
   6.1374528E+02   9.8950636E-08
   6.1407902E+02   1.0091571E-07
   6.1441276E+02   1.0225889E-07
   6.1474650E+02   1.0296435E-07
   6.1508024E+02   1.0301943E-07
   6.1541398E+02   1.0241527E-07
   6.1574771E+02   1.0114661E-07
   6.1608145E+02   9.9211491E-08
   6.1641519E+02   9.6611871E-08
   6.1674893E+02   9.3353123E-08
   6.1708267E+02   8.9444313E-08
   6.1741641E+02   8.4897664E-08
   6.1775015E+02   7.9729290E-08
   6.1808388E+02   7.3957978E-08
   6.1841762E+02   6.7605981E-08
   6.1875136E+02   6.0698540E-08
   6.1908510E+02   5.3263221E-08
   6.1941884E+02   4.5330353E-08
   6.1975258E+02   3.6932647E-08
   6.2008632E+02   2.8104481E-08
   6.2042005E+02   1.8882389E-08
   6.2075379E+02   9.3043013E-09
   6.2108753E+02  -5.9074523E-10
   6.2142127E+02  -1.0762662E-08
   6.2175501E+02  -2.1170607E-08
   6.2208875E+02  -3.1773531E-08
   6.2242249E+02  -4.2530139E-08
   6.2275622E+02  -5.3399393E-08
   6.2308996E+02  -6.4340604E-08
   6.2342370E+02  -7.5313878E-08
   6.2375744E+02  -8.6280167E-08
   6.2409118E+02  -9.7201749E-08
   6.2442492E+02  -1.0804213E-07
   6.2475866E+02  -1.1876651E-07
   6.2509239E+02  -1.2934181E-07
   6.2542613E+02  -1.3973684E-07
   6.2575987E+02  -1.4992233E-07
   6.2609361E+02  -1.5987126E-07
   6.2642735E+02  -1.6955882E-07
   6.2676109E+02  -1.7896224E-07
   6.2709483E+02  -1.8806122E-07
   6.2742856E+02  -1.9683762E-07
   6.2776230E+02  -2.0527536E-07
   6.2809604E+02  -2.1336101E-07
   6.2842978E+02  -2.2108269E-07
   6.2876352E+02  -2.2843081E-07
   6.2909726E+02  -2.3539741E-07
   6.2943100E+02  -2.4197630E-07
   6.2976473E+02  -2.4816279E-07
   6.3009847E+02  -2.5395354E-07
   6.3043221E+02  -2.5934608E-07
   6.3076595E+02  -2.6433881E-07
   6.3109969E+02  -2.6893093E-07
   6.3143343E+02  -2.7312191E-07
   6.3176717E+02  -2.7691104E-07
   6.3210090E+02  -2.8029820E-07
   6.3243464E+02  -2.8328216E-07
   6.3276838E+02  -2.8586135E-07
   6.3310212E+02  -2.8803339E-07
   6.3343586E+02  -2.8979488E-07
   6.3376960E+02  -2.9114085E-07
   6.3410334E+02  -2.9206507E-07
   6.3443708E+02  -2.9255972E-07
   6.3477081E+02  -2.9261497E-07
   6.3510455E+02  -2.9221926E-07
   6.3543829E+02  -2.9135907E-07
   6.3577203E+02  -2.9001870E-07
   6.3610577E+02  -2.8818027E-07
   6.3643951E+02  -2.8582400E-07
   6.3677325E+02  -2.8292808E-07
   6.3710698E+02  -2.7946854E-07
   6.3744072E+02  -2.7541952E-07
   6.3777446E+02  -2.7075350E-07
   6.3810820E+02  -2.6544140E-07
   6.3844194E+02  -2.5945280E-07
   6.3877568E+02  -2.5275628E-07
   6.3910942E+02  -2.4531948E-07
   6.3944315E+02  -2.3710969E-07
   6.3977689E+02  -2.2809405E-07
   6.4011063E+02  -2.1823988E-07
   6.4044437E+02  -2.0751517E-07
   6.4077811E+02  -1.9588899E-07
   6.4111185E+02  -1.8333171E-07
   6.4144559E+02  -1.6981578E-07
   6.4177932E+02  -1.5531580E-07
   6.4211306E+02  -1.3980961E-07
   6.4244680E+02  -1.2327821E-07
   6.4278054E+02  -1.0570623E-07
   6.4311428E+02  -8.7082498E-08
   6.4344802E+02  -6.7400620E-08
   6.4378176E+02  -4.6659167E-08
   6.4411549E+02  -2.4862196E-08
   6.4444923E+02  -2.0197604E-09
   6.4478297E+02   2.1852415E-08
   6.4511671E+02   4.6731834E-08
   6.4545045E+02   7.2589486E-08
   6.4578419E+02   9.9389339E-08
   6.4611793E+02   1.2708841E-07
   6.4645166E+02   1.5563650E-07
   6.4678540E+02   1.8497605E-07
   6.4711914E+02   2.1504250E-07
   6.4745288E+02   2.4576383E-07
   6.4778662E+02   2.7706116E-07
   6.4812036E+02   3.0884831E-07
   6.4845410E+02   3.4103303E-07
   6.4878783E+02   3.7351623E-07
   6.4912157E+02   4.0619287E-07
   6.4945531E+02   4.3895238E-07
   6.4978905E+02   4.7167916E-07
   6.5012279E+02   5.0425257E-07
   6.5045653E+02   5.3654816E-07
   6.5079027E+02   5.6843754E-07
   6.5112400E+02   5.9978993E-07
   6.5145774E+02   6.3047253E-07
   6.5179148E+02   6.6035011E-07
   6.5212522E+02   6.8928836E-07
   6.5245896E+02   7.1715181E-07
   6.5279270E+02   7.4380671E-07
   6.5312644E+02   7.6912096E-07
   6.5346018E+02   7.9296456E-07
   6.5379391E+02   8.1521188E-07
   6.5412765E+02   8.3574076E-07
   6.5446139E+02   8.5443423E-07
   6.5479513E+02   8.7118178E-07
   6.5512887E+02   8.8587831E-07
   6.5546261E+02   8.9842769E-07
   6.5579635E+02   9.0874022E-07
   6.5613008E+02   9.1673593E-07
   6.5646382E+02   9.2234393E-07
   6.5679756E+02   9.2550385E-07
   6.5713130E+02   9.2616449E-07
   6.5746504E+02   9.2428650E-07
   6.5779878E+02   9.1984151E-07
   6.5813252E+02   9.1281277E-07
   6.5846625E+02   9.0319475E-07
   6.5879999E+02   8.9099444E-07
   6.5913373E+02   8.7623073E-07
   6.5946747E+02   8.5893447E-07
   6.5980121E+02   8.3914836E-07
   6.6013495E+02   8.1692724E-07
