  -7.8094826E+01   0.0000000E+00
  -7.7761087E+01   0.0000000E+00
  -7.7427349E+01   0.0000000E+00
  -7.7093610E+01   0.0000000E+00
  -7.6759871E+01   0.0000000E+00
  -7.6426133E+01   0.0000000E+00
  -7.6092394E+01   0.0000000E+00
  -7.5758656E+01   0.0000000E+00
  -7.5424917E+01   0.0000000E+00
  -7.5091178E+01   0.0000000E+00
  -7.4757440E+01   0.0000000E+00
  -7.4423701E+01   0.0000000E+00
  -7.4089963E+01   0.0000000E+00
  -7.3756224E+01   0.0000000E+00
  -7.3422485E+01   0.0000000E+00
  -7.3088747E+01   0.0000000E+00
  -7.2755008E+01   0.0000000E+00
  -7.2421270E+01   0.0000000E+00
  -7.2087531E+01   0.0000000E+00
  -7.1753792E+01   0.0000000E+00
  -7.1420054E+01   0.0000000E+00
  -7.1086315E+01   0.0000000E+00
  -7.0752577E+01   0.0000000E+00
  -7.0418838E+01   0.0000000E+00
  -7.0085099E+01   0.0000000E+00
  -6.9751361E+01   0.0000000E+00
  -6.9417622E+01   0.0000000E+00
  -6.9083884E+01   0.0000000E+00
  -6.8750145E+01   0.0000000E+00
  -6.8416406E+01   0.0000000E+00
  -6.8082668E+01   0.0000000E+00
  -6.7748929E+01   0.0000000E+00
  -6.7415191E+01   0.0000000E+00
  -6.7081452E+01   0.0000000E+00
  -6.6747714E+01   0.0000000E+00
  -6.6413975E+01   0.0000000E+00
  -6.6080236E+01   0.0000000E+00
  -6.5746498E+01   0.0000000E+00
  -6.5412759E+01   0.0000000E+00
  -6.5079021E+01   0.0000000E+00
  -6.4745282E+01   0.0000000E+00
  -6.4411543E+01   0.0000000E+00
  -6.4077805E+01   0.0000000E+00
  -6.3744066E+01   0.0000000E+00
  -6.3410328E+01   0.0000000E+00
  -6.3076589E+01   0.0000000E+00
  -6.2742850E+01   0.0000000E+00
  -6.2409112E+01   0.0000000E+00
  -6.2075373E+01   0.0000000E+00
  -6.1741635E+01   0.0000000E+00
  -6.1407896E+01   0.0000000E+00
  -6.1074157E+01   0.0000000E+00
  -6.0740419E+01   0.0000000E+00
  -6.0406680E+01   0.0000000E+00
  -6.0072942E+01   0.0000000E+00
  -5.9739203E+01   0.0000000E+00
  -5.9405464E+01   0.0000000E+00
  -5.9071726E+01   0.0000000E+00
  -5.8737987E+01   0.0000000E+00
  -5.8404249E+01   0.0000000E+00
  -5.8070510E+01   0.0000000E+00
  -5.7736771E+01   0.0000000E+00
  -5.7403033E+01   0.0000000E+00
  -5.7069294E+01   0.0000000E+00
  -5.6735556E+01   0.0000000E+00
  -5.6401817E+01   0.0000000E+00
  -5.6068078E+01   0.0000000E+00
  -5.5734340E+01   0.0000000E+00
  -5.5400601E+01   0.0000000E+00
  -5.5066863E+01   0.0000000E+00
  -5.4733124E+01   0.0000000E+00
  -5.4399385E+01   0.0000000E+00
  -5.4065647E+01   0.0000000E+00
  -5.3731908E+01   0.0000000E+00
  -5.3398170E+01   0.0000000E+00
  -5.3064431E+01   0.0000000E+00
  -5.2730693E+01   0.0000000E+00
  -5.2396954E+01   0.0000000E+00
  -5.2063215E+01   0.0000000E+00
  -5.1729477E+01   0.0000000E+00
  -5.1395738E+01   0.0000000E+00
  -5.1062000E+01   0.0000000E+00
  -5.0728261E+01   0.0000000E+00
  -5.0394522E+01   0.0000000E+00
  -5.0060784E+01   0.0000000E+00
  -4.9727045E+01   0.0000000E+00
  -4.9393307E+01   0.0000000E+00
  -4.9059568E+01   0.0000000E+00
  -4.8725829E+01   0.0000000E+00
  -4.8392091E+01   0.0000000E+00
  -4.8058352E+01   0.0000000E+00
  -4.7724614E+01   0.0000000E+00
  -4.7390875E+01   0.0000000E+00
  -4.7057136E+01   0.0000000E+00
  -4.6723398E+01   0.0000000E+00
  -4.6389659E+01   0.0000000E+00
  -4.6055921E+01   0.0000000E+00
  -4.5722182E+01   0.0000000E+00
  -4.5388443E+01   0.0000000E+00
  -4.5054705E+01   0.0000000E+00
  -4.4720966E+01   0.0000000E+00
  -4.4387228E+01   0.0000000E+00
  -4.4053489E+01   0.0000000E+00
  -4.3719750E+01   0.0000000E+00
  -4.3386012E+01   0.0000000E+00
  -4.3052273E+01   0.0000000E+00
  -4.2718535E+01   0.0000000E+00
  -4.2384796E+01   0.0000000E+00
  -4.2051057E+01   0.0000000E+00
  -4.1717319E+01   0.0000000E+00
  -4.1383580E+01   0.0000000E+00
  -4.1049842E+01   0.0000000E+00
  -4.0716103E+01   0.0000000E+00
  -4.0382364E+01   0.0000000E+00
  -4.0048626E+01   0.0000000E+00
  -3.9714887E+01   0.0000000E+00
  -3.9381149E+01   0.0000000E+00
  -3.9047410E+01   0.0000000E+00
  -3.8713672E+01   0.0000000E+00
  -3.8379933E+01   0.0000000E+00
  -3.8046194E+01   0.0000000E+00
  -3.7712456E+01   0.0000000E+00
  -3.7378717E+01   0.0000000E+00
  -3.7044979E+01   0.0000000E+00
  -3.6711240E+01   0.0000000E+00
  -3.6377501E+01   0.0000000E+00
  -3.6043763E+01   0.0000000E+00
  -3.5710024E+01   0.0000000E+00
  -3.5376286E+01   0.0000000E+00
  -3.5042547E+01   0.0000000E+00
  -3.4708808E+01   0.0000000E+00
  -3.4375070E+01   0.0000000E+00
  -3.4041331E+01   0.0000000E+00
  -3.3707593E+01   0.0000000E+00
  -3.3373854E+01   0.0000000E+00
  -3.3040115E+01   0.0000000E+00
  -3.2706377E+01   0.0000000E+00
  -3.2372638E+01   0.0000000E+00
  -3.2038900E+01   0.0000000E+00
  -3.1705161E+01   0.0000000E+00
  -3.1371422E+01   0.0000000E+00
  -3.1037684E+01   0.0000000E+00
  -3.0703945E+01   0.0000000E+00
  -3.0370207E+01   0.0000000E+00
  -3.0036468E+01   0.0000000E+00
  -2.9702729E+01   0.0000000E+00
  -2.9368991E+01   0.0000000E+00
  -2.9035252E+01   0.0000000E+00
  -2.8701514E+01   0.0000000E+00
  -2.8367775E+01   0.0000000E+00
  -2.8034036E+01   0.0000000E+00
  -2.7700298E+01   0.0000000E+00
  -2.7366559E+01   0.0000000E+00
  -2.7032821E+01   0.0000000E+00
  -2.6699082E+01   0.0000000E+00
  -2.6365343E+01   0.0000000E+00
  -2.6031605E+01   0.0000000E+00
  -2.5697866E+01   0.0000000E+00
  -2.5364128E+01   0.0000000E+00
  -2.5030389E+01   0.0000000E+00
  -2.4696651E+01   0.0000000E+00
  -2.4362912E+01   0.0000000E+00
  -2.4029173E+01   0.0000000E+00
  -2.3695435E+01   0.0000000E+00
  -2.3361696E+01   0.0000000E+00
  -2.3027958E+01   0.0000000E+00
  -2.2694219E+01   0.0000000E+00
  -2.2360480E+01   0.0000000E+00
  -2.2026742E+01   0.0000000E+00
  -2.1693003E+01   0.0000000E+00
  -2.1359265E+01   0.0000000E+00
  -2.1025526E+01   0.0000000E+00
  -2.0691787E+01   0.0000000E+00
  -2.0358049E+01   0.0000000E+00
  -2.0024310E+01   0.0000000E+00
  -1.9690572E+01   0.0000000E+00
  -1.9356833E+01   0.0000000E+00
  -1.9023094E+01   0.0000000E+00
  -1.8689356E+01   0.0000000E+00
  -1.8355617E+01   0.0000000E+00
  -1.8021879E+01   0.0000000E+00
  -1.7688140E+01   0.0000000E+00
  -1.7354401E+01   0.0000000E+00
  -1.7020663E+01   0.0000000E+00
  -1.6686924E+01   0.0000000E+00
  -1.6353186E+01   0.0000000E+00
  -1.6019447E+01   0.0000000E+00
  -1.5685708E+01   0.0000000E+00
  -1.5351970E+01   0.0000000E+00
  -1.5018231E+01   0.0000000E+00
  -1.4684493E+01   0.0000000E+00
  -1.4350754E+01   0.0000000E+00
  -1.4017015E+01   0.0000000E+00
  -1.3683277E+01   0.0000000E+00
  -1.3349538E+01   0.0000000E+00
  -1.3015800E+01   0.0000000E+00
  -1.2682061E+01   0.0000000E+00
  -1.2348322E+01   0.0000000E+00
  -1.2014584E+01   0.0000000E+00
  -1.1680845E+01   0.0000000E+00
  -1.1347107E+01   0.0000000E+00
  -1.1013368E+01   0.0000000E+00
  -1.0679630E+01   0.0000000E+00
  -1.0345891E+01   0.0000000E+00
  -1.0012152E+01   0.0000000E+00
  -9.6784137E+00   0.0000000E+00
  -9.3446751E+00   0.0000000E+00
  -9.0109365E+00   0.0000000E+00
  -8.6771979E+00   0.0000000E+00
  -8.3434593E+00   0.0000000E+00
  -8.0097207E+00   0.0000000E+00
  -7.6759821E+00   0.0000000E+00
  -7.3422436E+00   0.0000000E+00
  -7.0085050E+00   0.0000000E+00
  -6.6747664E+00   0.0000000E+00
  -6.3410278E+00   0.0000000E+00
  -6.0072892E+00   0.0000000E+00
  -5.6735506E+00   0.0000000E+00
  -5.3398120E+00   0.0000000E+00
  -5.0060734E+00   0.0000000E+00
  -4.6723348E+00   0.0000000E+00
  -4.3385962E+00   0.0000000E+00
  -4.0048576E+00   0.0000000E+00
  -3.6711190E+00   0.0000000E+00
  -3.3373804E+00   0.0000000E+00
  -3.0036418E+00   0.0000000E+00
  -2.6699032E+00   0.0000000E+00
  -2.3361646E+00   0.0000000E+00
  -2.0024260E+00   0.0000000E+00
  -1.6686874E+00   0.0000000E+00
  -1.3349488E+00   0.0000000E+00
  -1.0012102E+00   0.0000000E+00
  -6.6747165E-01   0.0000000E+00
  -3.3373305E-01   0.0000000E+00
   5.5432320E-06   0.0000000E+00
   3.3374414E-01   0.0000000E+00
   6.6748273E-01   0.0000000E+00
   1.0012213E+00   0.0000000E+00
   1.3349599E+00   0.0000000E+00
   1.6686985E+00   0.0000000E+00
   2.0024371E+00   0.0000000E+00
   2.3361757E+00   0.0000000E+00
   2.6699143E+00   0.0000000E+00
   3.0036529E+00   0.0000000E+00
   3.3373915E+00   0.0000000E+00
   3.6711301E+00   0.0000000E+00
   4.0048687E+00   0.0000000E+00
   4.3386073E+00   0.0000000E+00
   4.6723459E+00   0.0000000E+00
   5.0060845E+00   0.0000000E+00
   5.3398231E+00   0.0000000E+00
   5.6735617E+00   0.0000000E+00
   6.0073003E+00   0.0000000E+00
   6.3410389E+00   0.0000000E+00
   6.6747774E+00   0.0000000E+00
   7.0085160E+00   0.0000000E+00
   7.3422546E+00   0.0000000E+00
   7.6759932E+00   0.0000000E+00
   8.0097318E+00   0.0000000E+00
   8.3434704E+00   0.0000000E+00
   8.6772090E+00   0.0000000E+00
   9.0109476E+00   0.0000000E+00
   9.3446862E+00   0.0000000E+00
   9.6784248E+00   0.0000000E+00
   1.0012163E+01   0.0000000E+00
   1.0345902E+01   0.0000000E+00
   1.0679641E+01   0.0000000E+00
   1.1013379E+01   0.0000000E+00
   1.1347118E+01   0.0000000E+00
   1.1680856E+01   0.0000000E+00
   1.2014595E+01   0.0000000E+00
   1.2348334E+01   0.0000000E+00
   1.2682072E+01   0.0000000E+00
   1.3015811E+01   0.0000000E+00
   1.3349549E+01   0.0000000E+00
   1.3683288E+01   0.0000000E+00
   1.4017027E+01   0.0000000E+00
   1.4350765E+01   0.0000000E+00
   1.4684504E+01   0.0000000E+00
   1.5018242E+01   0.0000000E+00
   1.5351981E+01   0.0000000E+00
   1.5685720E+01   0.0000000E+00
   1.6019458E+01   0.0000000E+00
   1.6353197E+01   0.0000000E+00
   1.6686935E+01   0.0000000E+00
   1.7020674E+01   0.0000000E+00
   1.7354412E+01   0.0000000E+00
   1.7688151E+01   0.0000000E+00
   1.8021890E+01   0.0000000E+00
   1.8355628E+01   0.0000000E+00
   1.8689367E+01   0.0000000E+00
   1.9023105E+01   0.0000000E+00
   1.9356844E+01   0.0000000E+00
   1.9690583E+01   0.0000000E+00
   2.0024321E+01   0.0000000E+00
   2.0358060E+01   0.0000000E+00
   2.0691798E+01   0.0000000E+00
   2.1025537E+01   0.0000000E+00
   2.1359276E+01   0.0000000E+00
   2.1693014E+01   0.0000000E+00
   2.2026753E+01   0.0000000E+00
   2.2360491E+01   0.0000000E+00
   2.2694230E+01   0.0000000E+00
   2.3027969E+01   0.0000000E+00
   2.3361707E+01   0.0000000E+00
   2.3695446E+01   0.0000000E+00
   2.4029184E+01   0.0000000E+00
   2.4362923E+01   0.0000000E+00
   2.4696662E+01   0.0000000E+00
   2.5030400E+01   0.0000000E+00
   2.5364139E+01   0.0000000E+00
   2.5697877E+01   0.0000000E+00
   2.6031616E+01   0.0000000E+00
   2.6365355E+01   0.0000000E+00
   2.6699093E+01   0.0000000E+00
   2.7032832E+01   0.0000000E+00
   2.7366570E+01   0.0000000E+00
   2.7700309E+01   0.0000000E+00
   2.8034048E+01   0.0000000E+00
   2.8367786E+01   0.0000000E+00
   2.8701525E+01   0.0000000E+00
   2.9035263E+01   0.0000000E+00
   2.9369002E+01   0.0000000E+00
   2.9702741E+01   0.0000000E+00
   3.0036479E+01   0.0000000E+00
   3.0370218E+01   0.0000000E+00
   3.0703956E+01   0.0000000E+00
   3.1037695E+01   0.0000000E+00
   3.1371433E+01   0.0000000E+00
   3.1705172E+01   0.0000000E+00
   3.2038911E+01   0.0000000E+00
   3.2372649E+01   0.0000000E+00
   3.2706388E+01   0.0000000E+00
   3.3040126E+01   0.0000000E+00
   3.3373865E+01   0.0000000E+00
   3.3707604E+01   0.0000000E+00
   3.4041342E+01   0.0000000E+00
   3.4375081E+01   0.0000000E+00
   3.4708819E+01   0.0000000E+00
   3.5042558E+01   0.0000000E+00
   3.5376297E+01   0.0000000E+00
   3.5710035E+01   0.0000000E+00
   3.6043774E+01   0.0000000E+00
   3.6377512E+01   0.0000000E+00
   3.6711251E+01   0.0000000E+00
   3.7044990E+01   0.0000000E+00
   3.7378728E+01   0.0000000E+00
   3.7712467E+01   0.0000000E+00
   3.8046205E+01   0.0000000E+00
   3.8379944E+01   0.0000000E+00
   3.8713683E+01   0.0000000E+00
   3.9047421E+01   0.0000000E+00
   3.9381160E+01   0.0000000E+00
   3.9714898E+01   0.0000000E+00
   4.0048637E+01   0.0000000E+00
   4.0382376E+01   0.0000000E+00
   4.0716114E+01   0.0000000E+00
   4.1049853E+01   0.0000000E+00
   4.1383591E+01   0.0000000E+00
   4.1717330E+01   0.0000000E+00
   4.2051069E+01   0.0000000E+00
   4.2384807E+01   0.0000000E+00
   4.2718546E+01   0.0000000E+00
   4.3052284E+01   0.0000000E+00
   4.3386023E+01   0.0000000E+00
   4.3719762E+01   0.0000000E+00
   4.4053500E+01   0.0000000E+00
   4.4387239E+01   0.0000000E+00
   4.4720977E+01   0.0000000E+00
   4.5054716E+01   0.0000000E+00
   4.5388454E+01   0.0000000E+00
   4.5722193E+01   0.0000000E+00
   4.6055932E+01   0.0000000E+00
   4.6389670E+01   0.0000000E+00
   4.6723409E+01   0.0000000E+00
   4.7057147E+01   0.0000000E+00
   4.7390886E+01   0.0000000E+00
   4.7724625E+01   0.0000000E+00
   4.8058363E+01   0.0000000E+00
   4.8392102E+01   0.0000000E+00
   4.8725840E+01   0.0000000E+00
   4.9059579E+01   0.0000000E+00
   4.9393318E+01   0.0000000E+00
   4.9727056E+01   0.0000000E+00
   5.0060795E+01   0.0000000E+00
   5.0394533E+01   0.0000000E+00
   5.0728272E+01   0.0000000E+00
   5.1062011E+01   0.0000000E+00
   5.1395749E+01   0.0000000E+00
   5.1729488E+01   0.0000000E+00
   5.2063226E+01   0.0000000E+00
   5.2396965E+01   0.0000000E+00
   5.2730704E+01   0.0000000E+00
   5.3064442E+01   0.0000000E+00
   5.3398181E+01   0.0000000E+00
   5.3731919E+01   0.0000000E+00
   5.4065658E+01   0.0000000E+00
   5.4399397E+01   0.0000000E+00
   5.4733135E+01   0.0000000E+00
   5.5066874E+01   0.0000000E+00
   5.5400612E+01   0.0000000E+00
   5.5734351E+01   0.0000000E+00
   5.6068090E+01   0.0000000E+00
   5.6401828E+01   0.0000000E+00
   5.6735567E+01   0.0000000E+00
   5.7069305E+01   0.0000000E+00
   5.7403044E+01   0.0000000E+00
   5.7736783E+01   0.0000000E+00
   5.8070521E+01   0.0000000E+00
   5.8404260E+01   0.0000000E+00
   5.8737998E+01   0.0000000E+00
   5.9071737E+01   0.0000000E+00
   5.9405475E+01   0.0000000E+00
   5.9739214E+01   0.0000000E+00
   6.0072953E+01   0.0000000E+00
   6.0406691E+01   0.0000000E+00
   6.0740430E+01   0.0000000E+00
   6.1074168E+01   0.0000000E+00
   6.1407907E+01   0.0000000E+00
   6.1741646E+01   0.0000000E+00
   6.2075384E+01   0.0000000E+00
   6.2409123E+01   0.0000000E+00
   6.2742861E+01   0.0000000E+00
   6.3076600E+01   0.0000000E+00
   6.3410339E+01   0.0000000E+00
   6.3744077E+01   0.0000000E+00
   6.4077816E+01   0.0000000E+00
   6.4411554E+01   0.0000000E+00
   6.4745293E+01   0.0000000E+00
   6.5079032E+01   0.0000000E+00
   6.5412770E+01   0.0000000E+00
   6.5746509E+01   0.0000000E+00
   6.6080247E+01   0.0000000E+00
   6.6413986E+01   0.0000000E+00
   6.6747725E+01   0.0000000E+00
   6.7081463E+01   0.0000000E+00
   6.7415202E+01   0.0000000E+00
   6.7748940E+01   0.0000000E+00
   6.8082679E+01   0.0000000E+00
   6.8416418E+01   0.0000000E+00
   6.8750156E+01   0.0000000E+00
   6.9083895E+01   0.0000000E+00
   6.9417633E+01   0.0000000E+00
   6.9751372E+01   0.0000000E+00
   7.0085111E+01   0.0000000E+00
   7.0418849E+01   0.0000000E+00
   7.0752588E+01   0.0000000E+00
   7.1086326E+01   0.0000000E+00
   7.1420065E+01   0.0000000E+00
   7.1753804E+01   0.0000000E+00
   7.2087542E+01   0.0000000E+00
   7.2421281E+01   0.0000000E+00
   7.2755019E+01   0.0000000E+00
   7.3088758E+01   0.0000000E+00
   7.3422496E+01   0.0000000E+00
   7.3756235E+01   0.0000000E+00
   7.4089974E+01   0.0000000E+00
   7.4423712E+01   0.0000000E+00
   7.4757451E+01   0.0000000E+00
   7.5091189E+01   0.0000000E+00
   7.5424928E+01   0.0000000E+00
   7.5758667E+01   0.0000000E+00
   7.6092405E+01   0.0000000E+00
   7.6426144E+01   0.0000000E+00
   7.6759882E+01   0.0000000E+00
   7.7093621E+01   0.0000000E+00
   7.7427360E+01   0.0000000E+00
   7.7761098E+01   0.0000000E+00
   7.8094837E+01   0.0000000E+00
   7.8428575E+01   0.0000000E+00
   7.8762314E+01   0.0000000E+00
   7.9096053E+01   0.0000000E+00
   7.9429791E+01   0.0000000E+00
   7.9763530E+01   0.0000000E+00
   8.0097268E+01   0.0000000E+00
   8.0431007E+01   0.0000000E+00
   8.0764746E+01   0.0000000E+00
   8.1098484E+01   0.0000000E+00
   8.1432223E+01   0.0000000E+00
   8.1765961E+01   0.0000000E+00
   8.2099700E+01   0.0000000E+00
   8.2433439E+01   0.0000000E+00
   8.2767177E+01   0.0000000E+00
   8.3100916E+01   0.0000000E+00
   8.3434654E+01   0.0000000E+00
   8.3768393E+01   0.0000000E+00
   8.4102132E+01   0.0000000E+00
   8.4435870E+01   0.0000000E+00
   8.4769609E+01   0.0000000E+00
   8.5103347E+01   0.0000000E+00
   8.5437086E+01   0.0000000E+00
   8.5770825E+01   0.0000000E+00
   8.6104563E+01   0.0000000E+00
   8.6438302E+01   0.0000000E+00
   8.6772040E+01   0.0000000E+00
   8.7105779E+01   0.0000000E+00
   8.7439517E+01   0.0000000E+00
   8.7773256E+01   0.0000000E+00
   8.8106995E+01   0.0000000E+00
   8.8440733E+01   0.0000000E+00
   8.8774472E+01   0.0000000E+00
   8.9108210E+01   0.0000000E+00
   8.9441949E+01   0.0000000E+00
   8.9775688E+01   0.0000000E+00
   9.0109426E+01   0.0000000E+00
   9.0443165E+01   0.0000000E+00
   9.0776903E+01   0.0000000E+00
   9.1110642E+01   0.0000000E+00
   9.1444381E+01   0.0000000E+00
   9.1778119E+01   0.0000000E+00
   9.2111858E+01   0.0000000E+00
   9.2445596E+01   0.0000000E+00
   9.2779335E+01   0.0000000E+00
   9.3113074E+01   0.0000000E+00
   9.3446812E+01   0.0000000E+00
   9.3780551E+01   0.0000000E+00
   9.4114289E+01   0.0000000E+00
   9.4448028E+01   0.0000000E+00
   9.4781767E+01   0.0000000E+00
   9.5115505E+01   0.0000000E+00
   9.5449244E+01   0.0000000E+00
   9.5782982E+01   0.0000000E+00
   9.6116721E+01   0.0000000E+00
   9.6450460E+01   0.0000000E+00
   9.6784198E+01   0.0000000E+00
   9.7117937E+01   0.0000000E+00
   9.7451675E+01   0.0000000E+00
   9.7785414E+01   0.0000000E+00
   9.8119153E+01   0.0000000E+00
   9.8452891E+01   0.0000000E+00
   9.8786630E+01   0.0000000E+00
   9.9120368E+01   0.0000000E+00
   9.9454107E+01   0.0000000E+00
   9.9787846E+01   0.0000000E+00
   1.0012158E+02   0.0000000E+00
   1.0045532E+02   0.0000000E+00
   1.0078906E+02   0.0000000E+00
   1.0112280E+02   0.0000000E+00
   1.0145654E+02   0.0000000E+00
   1.0179028E+02   0.0000000E+00
   1.0212402E+02   0.0000000E+00
   1.0245775E+02   0.0000000E+00
   1.0279149E+02   0.0000000E+00
   1.0312523E+02   0.0000000E+00
   1.0345897E+02   0.0000000E+00
   1.0379271E+02   0.0000000E+00
   1.0412645E+02   0.0000000E+00
   1.0446019E+02   0.0000000E+00
   1.0479392E+02   0.0000000E+00
   1.0512766E+02   0.0000000E+00
   1.0546140E+02   0.0000000E+00
   1.0579514E+02   0.0000000E+00
   1.0612888E+02   0.0000000E+00
   1.0646262E+02   0.0000000E+00
   1.0679636E+02   0.0000000E+00
   1.0713009E+02   0.0000000E+00
   1.0746383E+02   0.0000000E+00
   1.0779757E+02   0.0000000E+00
   1.0813131E+02   0.0000000E+00
   1.0846505E+02   0.0000000E+00
   1.0879879E+02   0.0000000E+00
   1.0913253E+02   0.0000000E+00
   1.0946626E+02   0.0000000E+00
   1.0980000E+02   0.0000000E+00
   1.1013374E+02   0.0000000E+00
   1.1046748E+02   0.0000000E+00
   1.1080122E+02   0.0000000E+00
   1.1113496E+02   0.0000000E+00
   1.1146870E+02   0.0000000E+00
   1.1180243E+02   0.0000000E+00
   1.1213617E+02   0.0000000E+00
   1.1246991E+02   0.0000000E+00
   1.1280365E+02   0.0000000E+00
   1.1313739E+02   0.0000000E+00
   1.1347113E+02   0.0000000E+00
   1.1380487E+02   0.0000000E+00
   1.1413861E+02   0.0000000E+00
   1.1447234E+02   0.0000000E+00
   1.1480608E+02   0.0000000E+00
   1.1513982E+02   0.0000000E+00
   1.1547356E+02   0.0000000E+00
   1.1580730E+02   0.0000000E+00
   1.1614104E+02   0.0000000E+00
   1.1647478E+02   0.0000000E+00
   1.1680851E+02   0.0000000E+00
   1.1714225E+02   0.0000000E+00
   1.1747599E+02   0.0000000E+00
   1.1780973E+02   0.0000000E+00
   1.1814347E+02   0.0000000E+00
   1.1847721E+02   0.0000000E+00
   1.1881095E+02   0.0000000E+00
   1.1914468E+02   0.0000000E+00
   1.1947842E+02   0.0000000E+00
   1.1981216E+02   0.0000000E+00
   1.2014590E+02   0.0000000E+00
   1.2047964E+02   0.0000000E+00
   1.2081338E+02   0.0000000E+00
   1.2114712E+02   0.0000000E+00
   1.2148085E+02   0.0000000E+00
   1.2181459E+02   0.0000000E+00
   1.2214833E+02   0.0000000E+00
   1.2248207E+02   0.0000000E+00
   1.2281581E+02   0.0000000E+00
   1.2314955E+02   0.0000000E+00
   1.2348329E+02   0.0000000E+00
   1.2381702E+02   0.0000000E+00
   1.2415076E+02   0.0000000E+00
   1.2448450E+02   0.0000000E+00
   1.2481824E+02   0.0000000E+00
   1.2515198E+02   0.0000000E+00
   1.2548572E+02   0.0000000E+00
   1.2581946E+02   0.0000000E+00
   1.2615319E+02   0.0000000E+00
   1.2648693E+02   0.0000000E+00
   1.2682067E+02   0.0000000E+00
   1.2715441E+02   0.0000000E+00
   1.2748815E+02   0.0000000E+00
   1.2782189E+02   0.0000000E+00
   1.2815563E+02   0.0000000E+00
   1.2848936E+02   0.0000000E+00
   1.2882310E+02   0.0000000E+00
   1.2915684E+02   0.0000000E+00
   1.2949058E+02   0.0000000E+00
   1.2982432E+02   0.0000000E+00
   1.3015806E+02   0.0000000E+00
   1.3049180E+02   0.0000000E+00
   1.3082553E+02   0.0000000E+00
   1.3115927E+02   0.0000000E+00
   1.3149301E+02   0.0000000E+00
   1.3182675E+02   0.0000000E+00
   1.3216049E+02   0.0000000E+00
   1.3249423E+02   0.0000000E+00
   1.3282797E+02   0.0000000E+00
   1.3316171E+02   0.0000000E+00
   1.3349544E+02   0.0000000E+00
   1.3382918E+02   0.0000000E+00
   1.3416292E+02   0.0000000E+00
   1.3449666E+02   0.0000000E+00
   1.3483040E+02   0.0000000E+00
   1.3516414E+02   0.0000000E+00
   1.3549788E+02   0.0000000E+00
   1.3583161E+02   0.0000000E+00
   1.3616535E+02   0.0000000E+00
   1.3649909E+02   0.0000000E+00
   1.3683283E+02   0.0000000E+00
   1.3716657E+02   0.0000000E+00
   1.3750031E+02   0.0000000E+00
   1.3783405E+02   0.0000000E+00
   1.3816778E+02   0.0000000E+00
   1.3850152E+02   0.0000000E+00
   1.3883526E+02   0.0000000E+00
   1.3916900E+02   0.0000000E+00
   1.3950274E+02   0.0000000E+00
   1.3983648E+02   0.0000000E+00
   1.4017022E+02   0.0000000E+00
   1.4050395E+02   0.0000000E+00
   1.4083769E+02   0.0000000E+00
   1.4117143E+02   0.0000000E+00
   1.4150517E+02   0.0000000E+00
   1.4183891E+02   0.0000000E+00
   1.4217265E+02   0.0000000E+00
   1.4250639E+02   0.0000000E+00
   1.4284012E+02   0.0000000E+00
   1.4317386E+02   0.0000000E+00
   1.4350760E+02   0.0000000E+00
   1.4384134E+02   0.0000000E+00
   1.4417508E+02   0.0000000E+00
   1.4450882E+02   0.0000000E+00
   1.4484256E+02   0.0000000E+00
   1.4517629E+02   0.0000000E+00
   1.4551003E+02   0.0000000E+00
   1.4584377E+02   0.0000000E+00
   1.4617751E+02   0.0000000E+00
   1.4651125E+02   0.0000000E+00
   1.4684499E+02   0.0000000E+00
   1.4717873E+02   0.0000000E+00
   1.4751246E+02   0.0000000E+00
   1.4784620E+02   1.4012985E-45
   1.4817994E+02   1.4012985E-45
   1.4851368E+02   5.6051939E-45
   1.4884742E+02   5.6051939E-45
   1.4918116E+02   9.8090893E-45
   1.4951490E+02   1.1210388E-44
   1.4984863E+02   1.2611686E-44
   1.5018237E+02   1.6815582E-44
   1.5051611E+02   1.2611686E-44
   1.5084985E+02   9.8090893E-45
   1.5118359E+02   7.0064923E-45
   1.5151733E+02   0.0000000E+00
   1.5185107E+02  -4.2038954E-45
   1.5218480E+02  -1.2611686E-44
   1.5251854E+02  -2.1019477E-44
   1.5285228E+02  -2.2420775E-44
   1.5318602E+02  -2.5223372E-44
   1.5351976E+02  -2.3822074E-44
   1.5385350E+02  -1.6815582E-44
   1.5418724E+02  -1.1210388E-44
   1.5452098E+02   1.4012985E-45
   1.5485471E+02   1.6815582E-44
   1.5518845E+02   3.2229865E-44
   1.5552219E+02   4.6242849E-44
   1.5585593E+02   5.6051939E-44
   1.5618967E+02   5.8854536E-44
   1.5652341E+02   5.6051939E-44
   1.5685715E+02   4.3440252E-44
   1.5719088E+02   2.8025969E-44
   1.5752462E+02   1.4012985E-45
   1.5785836E+02  -2.8025969E-44
   1.5819210E+02  -5.8854536E-44
   1.5852584E+02  -8.1275311E-44
   1.5885958E+02  -9.2485699E-44
   1.5919332E+02  -9.2485699E-44
   1.5952705E+02  -7.4268819E-44
   1.5986079E+02  -3.7835059E-44
   1.6019453E+02   1.1210388E-44
   1.6052827E+02   7.0064923E-44
   1.6086201E+02   1.3172206E-43
   1.6119575E+02   1.8357010E-43
   1.6152949E+02   2.2420775E-43
   1.6186322E+02   2.3822074E-43
   1.6219696E+02   2.2000386E-43
   1.6253070E+02   1.6114932E-43
   1.6286444E+02   6.5861028E-44
   1.6319818E+02  -5.7453237E-44
   1.6353192E+02  -1.9618179E-43
   1.6386566E+02  -3.3491033E-43
   1.6419939E+02  -4.4701421E-43
   1.6453313E+02  -5.0867134E-43
   1.6486687E+02  -5.0586875E-43
   1.6520061E+02  -4.2179084E-43
   1.6553435E+02  -2.4943113E-43
   1.6586809E+02  -1.4012985E-45
   1.6620183E+02   2.9987787E-43
   1.6653556E+02   6.2077522E-43
   1.6686930E+02   9.0944270E-43
   1.6720304E+02   1.1266440E-42
   1.6753678E+02   1.2065180E-42
   1.6787052E+02   1.1224401E-42
   1.6820426E+02   8.4638427E-43
   1.6853800E+02   3.8956097E-43
   1.6887173E+02  -2.1579996E-43
   1.6920547E+02  -8.9963361E-43
   1.6953921E+02  -1.5792634E-42
   1.6987295E+02  -2.1369802E-42
   1.7020669E+02  -2.4732918E-42
   1.7054043E+02  -2.4802983E-42
   1.7087417E+02  -2.0949412E-42
   1.7120790E+02  -1.3046089E-42
   1.7154164E+02  -1.4713634E-43
   1.7187538E+02   1.2681751E-42
   1.7220912E+02   2.7633606E-42
   1.7254286E+02   4.1310279E-42
   1.7287660E+02   5.1357589E-42
   1.7321034E+02   5.5393328E-42
   1.7354408E+02   5.1665874E-42
   1.7387781E+02   3.9278396E-42
   1.7421155E+02   1.8441088E-42
   1.7454529E+02  -9.3326478E-43
   1.7487903E+02  -4.1086071E-42
   1.7521277E+02  -7.2685351E-42
   1.7554651E+02  -9.9296009E-42
   1.7588025E+02  -1.1585936E-41
   1.7621398E+02  -1.1789124E-41
   1.7654772E+02  -1.0232281E-41
   1.7688146E+02  -6.8173170E-42
   1.7721520E+02  -1.7095841E-42
   1.7754894E+02   4.6298901E-42
   1.7788268E+02   1.1473832E-41
   1.7821642E+02   1.7867957E-41
   1.7855015E+02   2.2765495E-41
   1.7888389E+02   2.5133689E-41
   1.7921763E+02   2.4148576E-41
   1.7955137E+02   1.9328110E-41
   1.7988511E+02   1.0694710E-41
   1.8021885E+02  -1.1504660E-42
   1.8055259E+02  -1.5017716E-41
   1.8088632E+02  -2.9186244E-41
   1.8122006E+02  -4.1575124E-41
   1.8155380E+02  -4.9996928E-41
   1.8188754E+02  -5.2467417E-41
   1.8222128E+02  -4.7527840E-41
   1.8255502E+02  -3.4575638E-41
   1.8288876E+02  -1.4108273E-41
   1.8322249E+02   1.2163271E-41
   1.8355623E+02   4.1352318E-41
   1.8388997E+02   6.9620712E-41
   1.8422371E+02   9.2585191E-41
   1.8455745E+02   1.0585689E-40
   1.8489119E+02   1.0575039E-40
   1.8522493E+02   8.9886290E-41
   1.8555866E+02   5.7838594E-41
   1.8589240E+02   1.1506062E-41
   1.8622614E+02  -4.4754670E-41
   1.8655988E+02  -1.0433788E-40
   1.8689362E+02  -1.5899973E-40
   1.8722736E+02  -1.9978452E-40
   1.8756110E+02  -2.1822982E-40
   1.8789483E+02  -2.0770186E-40
   1.8822857E+02  -1.6471283E-40
   1.8856231E+02  -8.9964763E-41
   1.8889605E+02   1.1036627E-41
   1.8922979E+02   1.2795537E-40
   1.8956353E+02   2.4634547E-40
   1.8989727E+02   3.4904383E-40
   1.9023100E+02   4.1826657E-40
   1.9056474E+02   4.3809915E-40
   1.9089848E+02   3.9716302E-40
   1.9123222E+02   2.9104969E-40
   1.9156596E+02   1.2416065E-40
   1.9189970E+02  -8.9463098E-41
   1.9223344E+02  -3.2654458E-40
   1.9256718E+02  -5.5645142E-40
   1.9290091E+02  -7.4440618E-40
   1.9323465E+02  -8.5587667E-40
   1.9356839E+02  -8.6166263E-40
   1.9390213E+02  -7.4303711E-40
   1.9423587E+02  -4.9624463E-40
   1.9456961E+02  -1.3553078E-40
   1.9490335E+02   3.0589365E-40
   1.9523708E+02   7.7753007E-40
   1.9557082E+02   1.2160314E-39
   1.9590456E+02   1.5522449E-39
   1.9623830E+02   1.7202816E-39
   1.9657204E+02   1.6675760E-39
   1.9690578E+02   1.3647470E-39
   1.9723952E+02   8.1365414E-40
   1.9757325E+02   5.2359517E-41
   1.9790699E+02  -8.4437901E-40
   1.9824073E+02  -1.7697979E-39
   1.9857447E+02  -2.5952104E-39
   1.9890821E+02  -3.1848978E-39
   1.9924195E+02  -3.4145089E-39
   1.9957569E+02  -3.1907986E-39
   1.9990942E+02  -2.4702159E-39
   2.0024316E+02  -1.2733949E-39
   2.0057690E+02   3.0717163E-40
   2.0091064E+02   2.1084876E-39
   2.0124438E+02   3.9087399E-39
   2.0157812E+02   5.4493344E-39
   2.0191186E+02   6.4658335E-39
   2.0224559E+02   6.7248467E-39
   2.0257933E+02   6.0626015E-39
   2.0291307E+02   4.4199056E-39
   2.0324681E+02   1.8680345E-39
   2.0358055E+02  -1.3798166E-39
   2.0391429E+02  -4.9753060E-39
   2.0424803E+02  -8.4622284E-39
   2.0458176E+02  -1.1323648E-38
   2.0491550E+02  -1.3045506E-38
   2.0524924E+02  -1.3190463E-38
   2.0558298E+02  -1.1473047E-38
   2.0591672E+02  -7.8257503E-39
   2.0625046E+02  -2.4451229E-39
   2.0658420E+02   4.1920152E-39
   2.0691793E+02   1.1349537E-38
   2.0725167E+02   1.8093311E-38
   2.0758541E+02   2.3391023E-38
   2.0791915E+02   2.6242643E-38
   2.0825289E+02   2.5828257E-38
   2.0858663E+02   2.1655141E-38
   2.0892037E+02   1.3683091E-38
   2.0925410E+02   2.4065059E-39
   2.0958784E+02  -1.1125587E-38
   2.0992158E+02  -2.5365145E-38
   2.1025532E+02  -3.8400914E-38
   2.1058906E+02  -4.8169041E-38
   2.1092280E+02  -5.2721018E-38
   2.1125654E+02  -5.0520767E-38
   2.1159027E+02  -4.0733462E-38
   2.1192401E+02  -2.3463896E-38
   2.1225775E+02   9.8561729E-41
   2.1259149E+02   2.7664412E-38
   2.1292523E+02   5.5982703E-38
   2.1325897E+02   8.1140069E-38
   2.1359271E+02   9.9005593E-38
   2.1392645E+02   1.0578274E-37
   2.1426018E+02   9.8607860E-38
   2.1459392E+02   7.6118790E-38
   2.1492766E+02   3.8906603E-38
   2.1526140E+02  -1.0233985E-38
   2.1559514E+02  -6.6325317E-38
   2.1592888E+02  -1.2254277E-37
   2.1626262E+02  -1.7087290E-37
   2.1659635E+02  -2.0305393E-37
   2.1693009E+02  -2.1171449E-37
   2.1726383E+02  -1.9158041E-37
   2.1759757E+02  -1.4059034E-37
   2.1793131E+02  -6.0743351E-38
   2.1826505E+02   4.1488120E-38
   2.1859879E+02   1.5531481E-37
   2.1893252E+02   2.6643258E-37
   2.1926626E+02   3.5846623E-37
   2.1960000E+02   4.1495963E-37
   2.1993374E+02   4.2171981E-37
   2.2026748E+02   3.6924235E-37
   2.2060122E+02   2.5488121E-37
   2.2093496E+02   8.4408569E-38
   2.2126869E+02  -1.2736525E-37
   2.2160243E+02  -3.5716134E-37
   2.2193617E+02  -5.7512087E-37
   2.2226991E+02  -7.4795779E-37
   2.2260365E+02  -8.4315443E-37
   2.2293739E+02  -8.3376308E-37
   2.2327113E+02  -7.0323435E-37
   2.2360486E+02  -4.4957933E-37
   2.2393860E+02  -8.8152211E-38
   2.2427234E+02   3.4758767E-37
   2.2460608E+02   8.0778592E-37
   2.2493982E+02   1.2305598E-36
   2.2527356E+02   1.5488421E-36
   2.2560730E+02   1.6991457E-36
   2.2594103E+02   1.6313076E-36
   2.2627477E+02   1.3179774E-36
   2.2660851E+02   7.6243784E-37
   2.2694225E+02   3.3462559E-39
   2.2727599E+02  -8.8482030E-37
   2.2760973E+02  -1.7964024E-36
   2.2794347E+02  -2.6044769E-36
   2.2827720E+02  -3.1755326E-36
   2.2861094E+02  -3.3875664E-36
   2.2894468E+02  -3.1495966E-36
   2.2927842E+02  -2.4199898E-36
   2.2961216E+02  -1.2207757E-36
   2.2994590E+02   3.5480931E-37
   2.3027964E+02   2.1437755E-36
   2.3061337E+02   3.9251309E-36
   2.3094711E+02   5.4419591E-36
   2.3128085E+02   6.4323935E-36
   2.3161459E+02   6.6664700E-36
   2.3194833E+02   5.9845394E-36
   2.3228207E+02   4.3319600E-36
   2.3261581E+02   1.7844405E-36
   2.3294955E+02  -1.4412146E-36
   2.3328328E+02  -4.9948595E-36
   2.3361702E+02  -8.4212892E-36
   2.3395076E+02  -1.1208353E-35
   2.3428450E+02  -1.2851126E-35
   2.3461824E+02  -1.2925766E-35
   2.3495198E+02  -1.1163710E-35
   2.3528572E+02  -7.5158184E-36
   2.3561945E+02  -2.1954050E-36
   2.3595319E+02   4.3094208E-36
   2.3628693E+02   1.1260946E-35
   2.3662067E+02   1.7737079E-35
   2.3695441E+02   2.2733633E-35
   2.3728815E+02   2.5295226E-35
   2.3762189E+02   2.4660193E-35
   2.3795562E+02   2.0401316E-35
   2.3828936E+02   1.2541213E-35
   2.3862310E+02   1.6217460E-36
   2.3895684E+02  -1.1289969E-35
   2.3929058E+02  -2.4669959E-35
   2.3962432E+02  -3.6682346E-35
   2.3995806E+02  -4.5392392E-35
   2.4029179E+02  -4.9027677E-35
   2.4062553E+02  -4.6257824E-35
   2.4095927E+02  -3.6455506E-35
   2.4129301E+02  -1.9898146E-35
   2.4162675E+02   2.1280006E-36
   2.4196049E+02   2.7351446E-35
   2.4229423E+02   5.2684325E-35
   2.4262796E+02   7.4534469E-35
   2.4296170E+02   8.9238928E-35
   2.4329544E+02   9.3576089E-35
   2.4362918E+02   8.5294920E-35
   2.4396292E+02   6.3588855E-35
   2.4429666E+02   2.9437352E-35
   2.4463040E+02  -1.4254338E-35
   2.4496413E+02  -6.2768046E-35
   2.4529787E+02  -1.0996256E-34
   2.4563161E+02  -1.4892657E-34
   2.4596535E+02  -1.7284331E-34
   2.4629909E+02  -1.7597561E-34
   2.4663283E+02  -1.5464944E-34
   2.4696657E+02  -1.0809597E-34
   2.4730030E+02  -3.9009630E-35
   2.4763404E+02   4.6300427E-35
   2.4796778E+02   1.3824989E-34
   2.4830152E+02   2.2483680E-34
   2.4863526E+02   2.9297355E-34
   2.4896900E+02   3.3017728E-34
   2.4930274E+02   3.2643271E-34
   2.4963647E+02   2.7598846E-34
   2.4997021E+02   1.7882258E-34
   2.5030395E+02   4.1518415E-35
   2.5063769E+02  -1.2266183E-34
   2.5097143E+02  -2.9463904E-34
   2.5130517E+02  -4.5133207E-34
   2.5163891E+02  -5.6831309E-34
   2.5197264E+02  -6.2305407E-34
   2.5230638E+02  -5.9839247E-34
   2.5264012E+02  -4.8576262E-34
   2.5297386E+02  -2.8769673E-34
   2.5330760E+02  -1.9136956E-35
   2.5364134E+02   2.9280554E-34
   2.5397508E+02   6.1084123E-34
   2.5430882E+02   8.9122363E-34
   2.5464255E+02   1.0889318E-33
   2.5497629E+02   1.1638022E-33
   2.5531003E+02   1.0868922E-33
   2.5564377E+02   8.4620606E-34
   2.5597751E+02   4.5089814E-34
   2.5631125E+02  -6.6873874E-35
   2.5664499E+02  -6.5303817E-34
   2.5697872E+02  -1.2359311E-33
   2.5731246E+02  -1.7337076E-33
   2.5764620E+02  -2.0642719E-33
   2.5797994E+02  -2.1566865E-33
   2.5831368E+02  -1.9627064E-33
   2.5864742E+02  -1.4668275E-33
   2.5898116E+02  -6.9323898E-34
   2.5931489E+02   2.9172427E-34
   2.5964863E+02   1.3826466E-33
   2.5998237E+02   2.4439527E-33
   2.6031611E+02   3.3243197E-33
   2.6064985E+02   3.8753455E-33
   2.6098359E+02   3.9725053E-33
   2.6131733E+02   3.5358304E-33
   2.6165106E+02   2.5473818E-33
   2.6198480E+02   1.0626777E-33
   2.6231854E+02  -7.8638441E-34
   2.6265228E+02  -2.7987125E-33
   2.6298602E+02  -4.7217536E-33
   2.6331976E+02  -6.2788370E-33
   2.6365350E+02  -7.2036851E-33
   2.6398723E+02  -7.2784134E-33
   2.6432097E+02  -6.3702309E-33
   2.6465471E+02  -4.4616806E-33
   2.6498845E+02  -1.6693342E-33
   2.6532219E+02   1.7532028E-33
   2.6565593E+02   5.4305635E-33
   2.6598967E+02   8.8996545E-33
   2.6632340E+02   1.1660319E-32
   2.6665714E+02   1.3238171E-32
   2.6699088E+02   1.3252479E-32
   2.6732462E+02   1.1480860E-32
   2.6765836E+02   7.9112695E-33
   2.6799210E+02   2.7727296E-33
   2.6832584E+02  -3.4624451E-33
   2.6865957E+02  -1.0108881E-32
   2.6899331E+02  -1.6331455E-32
   2.6932705E+02  -2.1237136E-32
   2.6966079E+02  -2.3987261E-32
   2.6999453E+02  -2.3917543E-32
   2.7032827E+02  -2.0650716E-32
   2.7066201E+02  -1.4185786E-32
   2.7099574E+02  -4.9487313E-33
   2.7132948E+02   6.2073449E-33
   2.7166322E+02   1.8059096E-32
   2.7199696E+02   2.9126987E-32
   2.7233070E+02   3.7838455E-32
   2.7266444E+02   4.2724997E-32
   2.7299818E+02   4.2631133E-32
   2.7333192E+02   3.6908895E-32
   2.7366565E+02   2.5570061E-32
   2.7399939E+02   9.3704767E-33
   2.7433313E+02  -1.0193664E-32
   2.7466687E+02  -3.0988276E-32
   2.7500061E+02  -5.0441109E-32
   2.7533435E+02  -6.5825644E-32
   2.7566809E+02  -7.4600821E-32
   2.7600182E+02  -7.4769516E-32
   2.7633556E+02  -6.5210496E-32
   2.7666930E+02  -4.5936262E-32
   2.7700304E+02  -1.8233775E-32
   2.7733678E+02   1.5345080E-32
   2.7767052E+02   5.1160841E-32
   2.7800426E+02   8.4828821E-32
   2.7833799E+02   1.1170119E-31
   2.7867173E+02   1.2744341E-31
   2.7900547E+02   1.2863919E-31
   2.7933921E+02   1.1334941E-31
   2.7967295E+02   8.1544478E-32
   2.8000669E+02   3.5339568E-32
   2.8034043E+02  -2.1023364E-32
   2.8067416E+02  -8.1473231E-32
   2.8100790E+02  -1.3868228E-31
   2.8134164E+02  -1.8487098E-31
   2.8167538E+02  -2.1276645E-31
   2.8200912E+02  -2.1660844E-31
   2.8234286E+02  -1.9307519E-31
   2.8267660E+02  -1.4200016E-31
   2.8301033E+02  -6.6760791E-32
   2.8334407E+02   2.5749768E-32
   2.8367781E+02   1.2561116E-31
   2.8401155E+02   2.2081511E-31
   2.8434529E+02   2.9858405E-31
   2.8467903E+02   3.4693893E-31
   2.8501277E+02   3.5634241E-31
   2.8534650E+02   3.2120990E-31
   2.8568024E+02   2.4107659E-31
   2.8601398E+02   1.2123057E-31
   2.8634772E+02  -2.7331184E-32
   2.8668146E+02  -1.8869355E-31
   2.8701520E+02  -3.4354029E-31
   2.8734894E+02  -4.7127938E-31
   2.8768267E+02  -5.5256971E-31
   2.8801641E+02  -5.7196071E-31
   2.8835015E+02  -5.2031442E-31
   2.8868389E+02  -3.9667207E-31
   2.8901763E+02  -2.0925887E-31
   2.8935137E+02   2.4594915E-32
   2.8968511E+02   2.7972628E-31
   2.9001884E+02   5.2556240E-31
   2.9035258E+02   7.2951396E-31
   2.9068632E+02   8.6098087E-31
   2.9102006E+02   8.9553448E-31
   2.9135380E+02   8.1873426E-31
   2.9168754E+02   6.2905010E-31
   2.9202128E+02   3.3940566E-31
   2.9235501E+02  -2.2991729E-32
   2.9268875E+02  -4.1870733E-31
   2.9302249E+02  -7.9994177E-31
   2.9335623E+02  -1.1158897E-30
   2.9368997E+02  -1.3190435E-30
   2.9402371E+02  -1.3717291E-30
   2.9435745E+02  -1.2520281E-30
   2.9469119E+02  -9.5825434E-31
   2.9502492E+02  -5.1124657E-31
   2.9535866E+02   4.6049662E-32
   2.9569240E+02   6.5194233E-31
   2.9602614E+02   1.2321528E-30
   2.9635988E+02   1.7082630E-30
   2.9669362E+02   2.0075728E-30
   2.9702736E+02   2.0732230E-30
   2.9736109E+02   1.8732744E-30
   2.9769483E+02   1.4074499E-30
   2.9802857E+02   7.1039769E-31
   2.9836231E+02  -1.4929418E-31
   2.9869605E+02  -1.0746606E-30
   2.9902979E+02  -1.9502271E-30
   2.9936353E+02  -2.6553315E-30
   2.9969726E+02  -3.0794965E-30
   3.0003100E+02  -3.1380437E-30
   3.0036474E+02  -2.7859145E-30
   3.0069848E+02  -2.0276894E-30
   3.0103222E+02  -9.2209087E-31
   3.0136596E+02   4.2019127E-31
   3.0169970E+02   1.8457503E-30
   3.0203343E+02   3.1743034E-30
   3.0236717E+02   4.2196971E-30
   3.0270091E+02   4.8138811E-30
   3.0303465E+02   4.8309346E-30
   3.0336839E+02   4.2080328E-30
   3.0370213E+02   2.9602529E-30
   3.0403587E+02   1.1866429E-30
   3.0436960E+02  -9.3413621E-31
   3.0470334E+02  -3.1590954E-30
   3.0503708E+02  -5.2062340E-30
   3.0537082E+02  -6.7875699E-30
   3.0570456E+02  -7.6463210E-30
   3.0603830E+02  -7.5937921E-30
   3.0637204E+02  -6.5410765E-30
   3.0670577E+02  -4.5208557E-30
   3.0703951E+02  -1.6955285E-30
   3.0737325E+02   1.6508951E-30
   3.0770699E+02   5.1375566E-30
   3.0804073E+02   8.3267340E-30
   3.0837447E+02   1.0775110E-29
   3.0870821E+02   1.2090955E-29
   3.0904194E+02   1.1990125E-29
   3.0937568E+02   1.0343556E-29
   3.0970942E+02   7.2091079E-30
   3.1004316E+02   2.8422182E-30
   3.1037690E+02  -2.3182629E-30
   3.1071064E+02  -7.6893084E-30
   3.1104438E+02  -1.2605606E-29
   3.1137811E+02  -1.6397795E-29
   3.1171185E+02  -1.8478639E-29
   3.1204559E+02  -1.8426461E-29
   3.1237933E+02  -1.6054701E-29
   3.1271307E+02  -1.1457225E-29
   3.1304681E+02  -5.0212484E-30
   3.1338055E+02   2.5967133E-30
   3.1371429E+02   1.0532201E-29
   3.1404802E+02   1.7806498E-29
   3.1438176E+02   2.3443539E-29
   3.1471550E+02   2.6596418E-29
   3.1504924E+02   2.6667991E-29
   3.1538298E+02   2.3408989E-29
   3.1571672E+02   1.6978905E-29
   3.1605046E+02   7.9582615E-30
   3.1638419E+02  -2.6932385E-30
   3.1671793E+02  -1.3732055E-29
   3.1705167E+02  -2.3771236E-29
   3.1738541E+02  -3.1451206E-29
   3.1771915E+02  -3.5620658E-29
   3.1805289E+02  -3.5504368E-29
   3.1838663E+02  -3.0834181E-29
   3.1872036E+02  -2.1922903E-29
   3.1905410E+02  -9.6661461E-30
   3.1938784E+02   4.5337474E-30
   3.1972158E+02   1.8918049E-29
   3.2005532E+02   3.1582097E-29
   3.2038906E+02   4.0721766E-29
   3.2072280E+02   4.4885669E-29
   3.2105653E+02   4.3199788E-29
   3.2139027E+02   3.5529838E-29
   3.2172401E+02   2.2555950E-29
   3.2205775E+02   5.7402462E-30
   3.2239149E+02  -1.2815667E-29
   3.2272523E+02  -3.0614390E-29
   3.2305897E+02  -4.5080651E-29
   3.2339270E+02  -5.3917143E-29
   3.2372644E+02  -5.5451062E-29
   3.2406018E+02  -4.8922090E-29
   3.2439392E+02  -3.4666432E-29
   3.2472766E+02  -1.4161868E-29
   3.2506140E+02   1.0084964E-29
   3.2539514E+02   3.4808006E-29
   3.2572887E+02   5.6383212E-29
   3.2606261E+02   7.1318341E-29
   3.2639635E+02   7.6769638E-29
   3.2673009E+02   7.1013515E-29
   3.2706383E+02   5.3804506E-29
   3.2739757E+02   2.6554397E-29
   3.2773131E+02  -7.7079327E-30
   3.2806504E+02  -4.4613228E-29
   3.2839878E+02  -7.8948443E-29
   3.2873252E+02  -1.0532552E-28
   3.2906626E+02  -1.1894307E-28
   3.2940000E+02  -1.1634427E-28
   3.2973374E+02  -9.6059572E-29
   3.3006748E+02  -5.9034267E-29
   3.3040121E+02  -8.7552294E-30
   3.3073495E+02   4.8971848E-29
   3.3106869E+02   1.0659998E-28
   3.3140243E+02   1.5572997E-28
   3.3173617E+02   1.8821680E-28
   3.3206991E+02   1.9736290E-28
   3.3240365E+02   1.7903681E-28
   3.3273739E+02   1.3255310E-28
   3.3307112E+02   6.1163924E-29
   3.3340486E+02  -2.7949914E-29
   3.3373860E+02  -1.2424034E-28
   3.3407234E+02  -2.1488944E-28
   3.3440608E+02  -2.8634702E-28
   3.3473982E+02  -3.2614275E-28
   3.3507356E+02  -3.2475332E-28
   3.3540729E+02  -2.7726910E-28
   3.3574103E+02  -1.8461038E-28
   3.3607477E+02  -5.4076622E-29
   3.3640851E+02   1.0092162E-28
   3.3674225E+02   2.6199638E-28
   3.3707599E+02   4.0772495E-28
   3.3740973E+02   5.1622058E-28
   3.3774346E+02   5.6805005E-28
   3.3807720E+02   5.4914353E-28
   3.3841094E+02   4.5329727E-28
   3.3874468E+02   2.8389435E-28
   3.3907842E+02   5.4526592E-29
   3.3941216E+02  -2.1167597E-28
   3.3974590E+02  -4.8405688E-28
   3.4007963E+02  -7.2765379E-28
   3.4041337E+02  -9.0732014E-28
   3.4074711E+02  -9.9230266E-28
   3.4108085E+02  -9.6070480E-28
   3.4141459E+02  -8.0324847E-28
   3.4174833E+02  -5.2576727E-28
   3.4208207E+02  -1.4998594E-28
   3.4241580E+02   2.8767895E-28
   3.4274954E+02   7.3932348E-28
   3.4308328E+02   1.1505337E-27
   3.4341702E+02   1.4666536E-27
   3.4375076E+02   1.6396489E-27
   3.4408450E+02   1.6347264E-27
   3.4441824E+02   1.4358512E-27
   3.4475197E+02   1.0493438E-27
   3.4508571E+02   5.0495023E-28
   3.4541945E+02  -1.4596026E-28
   3.4575319E+02  -8.3506358E-28
   3.4608693E+02  -1.4842429E-27
   3.4642067E+02  -2.0145071E-27
   3.4675441E+02  -2.3556627E-27
   3.4708814E+02  -2.4555493E-27
   3.4742188E+02  -2.2876323E-27
   3.4775562E+02  -1.8558567E-27
   3.4808936E+02  -1.1959725E-27
   3.4842310E+02  -3.7290703E-28
   3.4875684E+02   5.2569953E-28
   3.4909058E+02   1.3992266E-27
   3.4942431E+02   2.1459855E-27
   3.4975805E+02   2.6759133E-27
   3.5009179E+02   2.9224192E-27
   3.5042553E+02   2.8517807E-27
   3.5075927E+02   2.4687171E-27
   3.5109301E+02   1.8171769E-27
   3.5142675E+02   9.7596500E-28
   3.5176048E+02   4.9496400E-29
   3.5209422E+02  -8.4532994E-28
   3.5242796E+02  -1.5945968E-27
   3.5276170E+02  -2.1031852E-27
   3.5309544E+02  -2.3087727E-27
   3.5342918E+02  -2.1919561E-27
   3.5376292E+02  -1.7808508E-27
   3.5409666E+02  -1.1491294E-27
   3.5443039E+02  -4.0733033E-28
   3.5476413E+02   3.1181653E-28
   3.5509787E+02   8.7240967E-28
   3.5543161E+02   1.1563826E-27
   3.5576535E+02   1.0836318E-27
   3.5609909E+02   6.2831962E-28
   3.5643283E+02  -1.7132724E-28
   3.5676656E+02  -1.2117184E-27
   3.5710030E+02  -2.3321506E-27
   3.5743404E+02  -3.3323372E-27
   3.5776778E+02  -3.9977579E-27
   3.5810152E+02  -4.1300728E-27
   3.5843526E+02  -3.5789179E-27
   3.5876900E+02  -2.2709148E-27
   3.5910273E+02  -2.3158451E-28
   3.5943647E+02   2.4035359E-27
   3.5977021E+02   5.3912588E-27
   3.6010395E+02   8.3977510E-27
   3.6043769E+02   1.1029614E-26
   3.6077143E+02   1.2876532E-26
   3.6110517E+02   1.3561354E-26
   3.6143890E+02   1.2792037E-26
   3.6177264E+02   1.0409319E-26
   3.6210638E+02   6.4236192E-27
   3.6244012E+02   1.0357813E-27
   3.6277386E+02  -5.3626225E-27
   3.6310760E+02  -1.2211405E-26
   3.6344134E+02  -1.8825870E-26
   3.6377507E+02  -2.4459833E-26
   3.6410881E+02  -2.8382198E-26
   3.6444255E+02  -2.9959286E-26
   3.6477629E+02  -2.8734511E-26
   3.6511003E+02  -2.4495935E-26
   3.6544377E+02  -1.7323473E-26
   3.6577751E+02  -7.6088284E-27
   3.6611124E+02   3.9562114E-27
   3.6644498E+02   1.6424130E-26
   3.6677872E+02   2.8666441E-26
   3.6711246E+02   3.9473247E-26
   3.6744620E+02   4.7668670E-26
   3.6777994E+02   5.2231497E-26
   3.6811368E+02   5.2408603E-26
   3.6844741E+02   4.7809479E-26
   3.6878115E+02   3.8470860E-26
   3.6911489E+02   2.4882944E-26
   3.6944863E+02   7.9729093E-27
   3.6978237E+02  -1.0955669E-26
   3.7011611E+02  -3.0323499E-26
   3.7044985E+02  -4.8408881E-26
   3.7078358E+02  -6.3501978E-26
   3.7111732E+02  -7.4066372E-26
   3.7145106E+02  -7.8892537E-26
   3.7178480E+02  -7.7227806E-26
   3.7211854E+02  -6.8869295E-26
   3.7245228E+02  -5.4209178E-26
   3.7278602E+02  -3.4226043E-26
   3.7311976E+02  -1.0419977E-26
   3.7345349E+02   1.5304068E-26
   3.7378723E+02   4.0795979E-26
   3.7412097E+02   6.3849853E-26
   3.7445471E+02   8.2405963E-26
   3.7478845E+02   9.4746472E-26
   3.7512219E+02   9.9665328E-26
   3.7545593E+02   9.6595340E-26
   3.7578966E+02   8.5677788E-26
   3.7612340E+02   6.7765296E-26
   3.7645714E+02   4.4355424E-26
   3.7679088E+02   1.7458459E-26
   3.7712462E+02  -1.0590217E-26
   3.7745836E+02  -3.7355670E-26
   3.7779210E+02  -6.0545574E-26
   3.7812583E+02  -7.8244401E-26
   3.7845957E+02  -8.9114215E-26
   3.7879331E+02  -9.2538684E-26
   3.7912705E+02  -8.8691897E-26
   3.7946079E+02  -7.8519997E-26
   3.7979453E+02  -6.3632405E-26
   3.8012827E+02  -4.6110858E-26
   3.8046200E+02  -2.8250588E-26
   3.8079574E+02  -1.2261786E-26
   3.8112948E+02   3.6333824E-29
   3.8146322E+02   7.4936486E-27
   3.8179696E+02   9.8393758E-27
   3.8213070E+02   7.7926638E-27
   3.8246444E+02   3.0480846E-27
   3.8279817E+02  -1.8786784E-27
   3.8313191E+02  -3.9421167E-27
   3.8346565E+02   2.2588847E-29
   3.8379939E+02   1.2804525E-26
   3.8413313E+02   3.6290018E-26
   3.8446687E+02   7.0965311E-26
   3.8480061E+02   1.1551643E-25
   3.8513434E+02   1.6659628E-25
   3.8546808E+02   2.1881808E-25
   3.8580182E+02   2.6501464E-25
   3.8613556E+02   2.9678180E-25
   3.8646930E+02   3.0529393E-25
   3.8680304E+02   2.8233790E-25
   3.8713678E+02   2.2148340E-25
   3.8747051E+02   1.1927868E-25
   3.8780425E+02  -2.3671398E-26
   3.8813799E+02  -2.0189297E-25
   3.8847173E+02  -4.0463092E-25
   3.8880547E+02  -6.1597114E-25
   3.8913921E+02  -8.1556227E-25
   3.8947295E+02  -9.7997202E-25
   3.8980668E+02  -1.0846296E-24
   3.9014042E+02  -1.1062388E-24
   3.9047416E+02  -1.0254693E-24
   3.9080790E+02  -8.2969126E-25
   3.9114164E+02  -5.1545237E-25
   3.9147538E+02  -9.0414109E-26
   3.9180912E+02   4.2555052E-25
   3.9214285E+02   1.0003083E-24
   3.9247659E+02   1.5906165E-24
   3.9281033E+02   2.1445221E-24
   3.9314407E+02   2.6049055E-24
   3.9347781E+02   2.9139847E-24
   3.9381155E+02   3.0184504E-24
   3.9414529E+02   2.8748371E-24
   3.9447903E+02   2.4546932E-24
   3.9481276E+02   1.7490723E-24
   3.9514650E+02   7.7194329E-25
   3.9548024E+02  -4.3785232E-25
   3.9581398E+02  -1.8163412E-24
   3.9614772E+02  -3.2760202E-24
   3.9648146E+02  -4.7093426E-24
   3.9681520E+02  -5.9940365E-24
   3.9714893E+02  -7.0001182E-24
   3.9748267E+02  -7.5983603E-24
   3.9781641E+02  -7.6699605E-24
   3.9815015E+02  -7.1170684E-24
   3.9848389E+02  -5.8737364E-24
   3.9881763E+02  -3.9167701E-24
   3.9915137E+02  -1.2757825E-24
   3.9948510E+02   1.9584525E-24
   3.9981884E+02   5.6284141E-24
   4.0015258E+02   9.5082525E-24
   4.0048632E+02   1.3307596E-23
   4.0082006E+02   1.6682008E-23
   4.0115380E+02   1.9251137E-23
   4.0148754E+02   2.0625013E-23
   4.0182127E+02   2.0438263E-23
   4.0215501E+02   1.8390831E-23
   4.0248875E+02   1.4292577E-23
   4.0282249E+02   8.1079779E-24
   4.0315623E+02  -4.3876444E-27
   4.0348997E+02  -9.6632132E-24
   4.0382371E+02  -2.0253204E-23
   4.0415744E+02  -3.0936764E-23
   4.0449118E+02  -4.0693150E-23
   4.0482492E+02  -4.8387068E-23
   4.0515866E+02  -5.2865823E-23
   4.0549240E+02  -5.3079869E-23
   4.0582614E+02  -4.8217984E-23
   4.0615988E+02  -3.7843926E-23
   4.0649361E+02  -2.2018799E-23
   4.0682735E+02  -1.3912035E-24
   4.0716109E+02   2.2762260E-23
   4.0749483E+02   4.8561116E-23
   4.0782857E+02   7.3619857E-23
   4.0816231E+02   9.5224271E-23
   4.0849605E+02   1.1057874E-22
   4.0882978E+02   1.1710814E-22
   4.0916352E+02   1.1278809E-22
   4.0949726E+02   9.6467768E-23
   4.0983100E+02   6.8145838E-23
   4.1016474E+02   2.9155996E-23
   4.1049848E+02  -1.7775207E-23
   4.1083222E+02  -6.8628766E-23
   4.1116595E+02  -1.1836581E-22
   4.1149969E+02  -1.6136807E-22
   4.1183343E+02  -1.9201975E-22
   4.1216717E+02  -2.0538140E-22
   4.1250091E+02  -1.9788630E-22
   4.1283465E+02  -1.6797531E-22
   4.1316839E+02  -1.1657880E-22
   4.1350213E+02  -4.7359372E-23
   4.1383586E+02   3.3353872E-23
   4.1416960E+02   1.1698386E-22
   4.1450334E+02   1.9347700E-22
   4.1483708E+02   2.5238707E-22
   4.1517082E+02   2.8417872E-22
   4.1550456E+02   2.8161663E-22
   4.1583830E+02   2.4106787E-22
   4.1617203E+02   1.6353336E-22
   4.1650577E+02   5.5223293E-23
   4.1683951E+02  -7.2476501E-23
   4.1717325E+02  -2.0374311E-22
   4.1750699E+02  -3.1978260E-22
   4.1784073E+02  -4.0094599E-22
   4.1817447E+02  -4.2932234E-22
   4.1850820E+02  -3.9153787E-22
   4.1884194E+02  -2.8141829E-22
   4.1917568E+02  -1.0212712E-22
   4.1950942E+02   1.3260073E-22
   4.1984316E+02   3.9845841E-22
   4.2017690E+02   6.6201742E-22
   4.2051064E+02   8.8368880E-22
   4.2084437E+02   1.0220657E-21
   4.2117811E+02   1.0393044E-21
   4.2151185E+02   9.0700253E-22
   4.2184559E+02   6.1187530E-22
   4.2217933E+02   1.6042225E-22
   4.2251307E+02  -4.1821735E-22
   4.2284681E+02  -1.0719334E-21
   4.2318054E+02  -1.7283337E-21
   4.2351428E+02  -2.3006338E-21
   4.2384802E+02  -2.6965341E-21
   4.2418176E+02  -2.8294401E-21
   4.2451550E+02  -2.6309364E-21
   4.2484924E+02  -2.0630947E-21
   4.2518298E+02  -1.1289380E-21
   4.2551671E+02   1.2064558E-22
   4.2585045E+02   1.5850840E-21
   4.2618419E+02   3.1185279E-21
   4.2651793E+02   4.5409873E-21
   4.2685167E+02   5.6558878E-21
   4.2718541E+02   6.2728212E-21
   4.2751915E+02   6.2333673E-21
   4.2785288E+02   5.4370941E-21
   4.2818662E+02   3.8642865E-21
   4.2852036E+02   1.5918412E-21
   4.2885410E+02  -1.2009734E-21
   4.2918784E+02  -4.2393410E-21
   4.2952158E+02  -7.1735760E-21
   4.2985532E+02  -9.6131385E-21
   4.3018905E+02  -1.1171753E-20
   4.3052279E+02  -1.1519382E-20
   4.3085653E+02  -1.0435237E-20
   4.3119027E+02  -7.8548514E-21
   4.3152401E+02  -3.9038942E-21
   4.3185775E+02   1.0880818E-21
   4.3219149E+02   6.5991419E-21
   4.3252522E+02   1.1954392E-20
   4.3285896E+02   1.6392687E-20
   4.3319270E+02   1.9156101E-20
   4.3352644E+02   1.9593796E-20
   4.3386018E+02   1.7268752E-20
   4.3419392E+02   1.2053159E-20
   4.3452766E+02   4.1977833E-21
   4.3486140E+02  -5.6385090E-21
   4.3519513E+02  -1.6409725E-20
   4.3552887E+02  -2.6759797E-20
   4.3586261E+02  -3.5154549E-20
   4.3619635E+02  -4.0059963E-20
   4.3653009E+02  -4.0150284E-20
   4.3686383E+02  -3.4522945E-20
   4.3719757E+02  -2.2892458E-20
   4.3753130E+02  -5.7339191E-21
   4.3786504E+02   1.5651246E-20
   4.3819878E+02   3.9168611E-20
   4.3853252E+02   6.2074877E-20
   4.3886626E+02   8.1230719E-20
   4.3920000E+02   9.3447020E-20
   4.3953374E+02   9.5892767E-20
   4.3986747E+02   8.6520985E-20
   4.4020121E+02   6.4459458E-20
   4.4053495E+02   3.0310121E-20
   4.4086869E+02  -1.3696198E-20
   4.4120243E+02  -6.3731552E-20
   4.4153617E+02  -1.1461239E-19
   4.4186991E+02  -1.6025190E-19
   4.4220364E+02  -1.9429440E-19
   4.4253738E+02  -2.1087943E-19
   4.4287112E+02  -2.0545422E-19
   4.4320486E+02  -1.7554029E-19
   4.4353860E+02  -1.2135014E-19
   4.4387234E+02  -4.6155593E-20
   4.4420608E+02   4.3673172E-20
   4.4453981E+02   1.3900589E-19
   4.4487355E+02   2.2867935E-19
   4.4520729E+02   3.0057166E-19
   4.4554103E+02   3.4293996E-19
   4.4587477E+02   3.4588992E-19
   4.4620851E+02   3.0281467E-19
   4.4654225E+02   2.1162482E-19
   4.4687598E+02   7.5593089E-20
   4.4720972E+02  -9.6336815E-20
   4.4754346E+02  -2.8988007E-19
   4.4787720E+02  -4.8642175E-19
   4.4821094E+02  -6.6467147E-19
   4.4854468E+02  -8.0284791E-19
   4.4887842E+02  -8.8119561E-19
   4.4921215E+02  -8.8458643E-19
   4.4954589E+02  -8.0490376E-19
   4.4987963E+02  -6.4290861E-19
   4.5021337E+02  -4.0930499E-19
   4.5054711E+02  -1.2477916E-19
   4.5088085E+02   1.8111244E-19
   4.5121459E+02   4.7223162E-19
   4.5154832E+02   7.0920005E-19
   4.5188206E+02   8.5355330E-19
   4.5221580E+02   8.7234178E-19
   4.5254954E+02   7.4272744E-19
   4.5288328E+02   4.5606991E-19
   4.5321702E+02   2.1011939E-20
   4.5355076E+02  -5.3488083E-19
   4.5388450E+02  -1.1652311E-18
   4.5421823E+02  -1.8068522E-18
   4.5455197E+02  -2.3835673E-18
   4.5488571E+02  -2.8115267E-18
   4.5521945E+02  -3.0054925E-18
   4.5555319E+02  -2.8853584E-18
   4.5588693E+02  -2.3820738E-18
   4.5622067E+02  -1.4420955E-18
   4.5655440E+02  -2.9562194E-20
   4.5688814E+02   1.8744037E-18
   4.5722188E+02   4.2756494E-18
   4.5755562E+02   7.1742409E-18
   4.5788936E+02   1.0574645E-17
   4.5822310E+02   1.4498319E-17
   4.5855684E+02   1.8997760E-17
   4.5889057E+02   2.4170979E-17
   4.5922431E+02   3.0175393E-17
   4.5955805E+02   3.7240121E-17
   4.5989179E+02   4.5675815E-17
   4.6022553E+02   5.5881774E-17
   4.6055927E+02   6.8349974E-17
   4.6089301E+02   8.3666513E-17
   4.6122674E+02   1.0251101E-16
   4.6156048E+02   1.2565501E-16
   4.6189422E+02   1.5396098E-16
   4.6222796E+02   1.8838287E-16
   4.6256170E+02   2.2997016E-16
   4.6289544E+02   2.7987639E-16
   4.6322918E+02   3.3937148E-16
   4.6356291E+02   4.0986050E-16
   4.6389665E+02   4.9290356E-16
   4.6423039E+02   5.9023696E-16
   4.6456413E+02   7.0379216E-16
   4.6489787E+02   8.3570536E-16
   4.6523161E+02   9.8831878E-16
   4.6556535E+02   1.1641621E-15
   4.6589908E+02   1.3659169E-15
   4.6623282E+02   1.5963519E-15
   4.6656656E+02   1.8582300E-15
   4.6690030E+02   2.1541793E-15
   4.6723404E+02   2.4865243E-15
   4.6756778E+02   2.8570661E-15
   4.6790152E+02   3.2668017E-15
   4.6823525E+02   3.7155858E-15
   4.6856899E+02   4.2016845E-15
   4.6890273E+02   4.7212524E-15
   4.6923647E+02   5.2676475E-15
   4.6957021E+02   5.8306080E-15
   4.6990395E+02   6.3952063E-15
   4.7023769E+02   6.9405465E-15
   4.7057142E+02   7.4381300E-15
   4.7090516E+02   7.8498219E-15
   4.7123890E+02   8.1253533E-15
   4.7157264E+02   8.1991874E-15
   4.7190638E+02   7.9867863E-15
   4.7224012E+02   7.3799550E-15
   4.7257386E+02   6.2412860E-15
   4.7290760E+02   4.3975410E-15
   4.7324133E+02   1.6316294E-15
   4.7357507E+02  -2.3267487E-15
   4.7390881E+02  -7.8124830E-15
   4.7424255E+02  -1.5238319E-14
   4.7457629E+02  -2.5110780E-14
   4.7491003E+02  -3.8048815E-14
   4.7524377E+02  -5.4805783E-14
   4.7557750E+02  -7.6295795E-14
   4.7591124E+02  -1.0362421E-13
   4.7624498E+02  -1.3812378E-13
   4.7657872E+02  -1.8139692E-13
   4.7691246E+02  -2.3536579E-13
   4.7724620E+02  -3.0233005E-13
   4.7757994E+02  -3.8503483E-13
   4.7791367E+02  -4.8674964E-13
   4.7824741E+02  -6.1135954E-13
   4.7858115E+02  -7.6347143E-13
   4.7891489E+02  -9.4853628E-13
   4.7924863E+02  -1.1729908E-12
   4.7958237E+02  -1.4444216E-12
   4.7991611E+02  -1.7717494E-12
   4.8024984E+02  -2.1654488E-12
   4.8058358E+02  -2.6377964E-12
   4.8091732E+02  -3.2031443E-12
   4.8125106E+02  -3.8782480E-12
   4.8158480E+02  -4.6826362E-12
   4.8191854E+02  -5.6390431E-12
   4.8225228E+02  -6.7738410E-12
   4.8258601E+02  -8.1176324E-12
   4.8291975E+02  -9.7058221E-12
   4.8325349E+02  -1.1579348E-11
   4.8358723E+02  -1.3785414E-11
   4.8392097E+02  -1.6378411E-11
   4.8425471E+02  -1.9420882E-11
   4.8458845E+02  -2.2984658E-11
   4.8492218E+02  -2.7152034E-11
   4.8525592E+02  -3.2017271E-11
   4.8558966E+02  -3.7687978E-11
   4.8592340E+02  -4.4287001E-11
   4.8625714E+02  -5.1954149E-11
   4.8659088E+02  -6.0848535E-11
   4.8692462E+02  -7.1150703E-11
   4.8725835E+02  -8.3065284E-11
   4.8759209E+02  -9.6823966E-11
   4.8792583E+02  -1.1268836E-10
   4.8825957E+02  -1.3095368E-10
   4.8859331E+02  -1.5195240E-10
   4.8892705E+02  -1.7605829E-10
   4.8926079E+02  -2.0369091E-10
   4.8959452E+02  -2.3532054E-10
   4.8992826E+02  -2.7147309E-10
   4.9026200E+02  -3.1273603E-10
   4.9059574E+02  -3.5976466E-10
   4.9092948E+02  -4.1328771E-10
   4.9126322E+02  -4.7411547E-10
   4.9159696E+02  -5.4314653E-10
   4.9193069E+02  -6.2137551E-10
   4.9226443E+02  -7.0990280E-10
   4.9259817E+02  -8.0994084E-10
   4.9293191E+02  -9.2282654E-10
   4.9326565E+02  -1.0500282E-09
   4.9359939E+02  -1.1931580E-09
   4.9393313E+02  -1.3539818E-09
   4.9426687E+02  -1.5344255E-09
   4.9460060E+02  -1.7365968E-09
   4.9493434E+02  -1.9627866E-09
   4.9526808E+02  -2.2154814E-09
   4.9560182E+02  -2.4973810E-09
   4.9593556E+02  -2.8114058E-09
   4.9626930E+02  -3.1607092E-09
   4.9660304E+02  -3.5486860E-09
   4.9693677E+02  -3.9789851E-09
   4.9727051E+02  -4.4555226E-09
   4.9760425E+02  -4.9824833E-09
   4.9793799E+02  -5.5643401E-09
   4.9827173E+02  -6.2058452E-09
   4.9860547E+02  -6.9120532E-09
   4.9893921E+02  -7.6883113E-09
   4.9927294E+02  -8.5402680E-09
   4.9960668E+02  -9.4738750E-09
   4.9994042E+02  -1.0495372E-08
   5.0027416E+02  -1.1611296E-08
   5.0060790E+02  -1.2828465E-08
   5.0094164E+02  -1.4153965E-08
   5.0127538E+02  -1.5595141E-08
   5.0160911E+02  -1.7159564E-08
   5.0194285E+02  -1.8855003E-08
   5.0227659E+02  -2.0689448E-08
   5.0261033E+02  -2.2670978E-08
   5.0294407E+02  -2.4807820E-08
   5.0327781E+02  -2.7108236E-08
   5.0361155E+02  -2.9580510E-08
   5.0394528E+02  -3.2232862E-08
   5.0427902E+02  -3.5073391E-08
   5.0461276E+02  -3.8110059E-08
   5.0494650E+02  -4.1350493E-08
   5.0528024E+02  -4.4802043E-08
   5.0561398E+02  -4.8471566E-08
   5.0594772E+02  -5.2365422E-08
   5.0628145E+02  -5.6489348E-08
   5.0661519E+02  -6.0848279E-08
   5.0694893E+02  -6.5446315E-08
   5.0728267E+02  -7.0286617E-08
   5.0761641E+02  -7.5371190E-08
   5.0795015E+02  -8.0700779E-08
   5.0828389E+02  -8.6274774E-08
   5.0861762E+02  -9.2091092E-08
   5.0895136E+02  -9.8146046E-08
   5.0928510E+02  -1.0443402E-07
   5.0961884E+02  -1.1094757E-07
   5.0995258E+02  -1.1767713E-07
   5.1028632E+02  -1.2461103E-07
   5.1062006E+02  -1.3173525E-07
   5.1095379E+02  -1.3903323E-07
   5.1128753E+02  -1.4648593E-07
   5.1162127E+02  -1.5407159E-07
   5.1195501E+02  -1.6176571E-07
   5.1228875E+02  -1.6954091E-07
   5.1262249E+02  -1.7736697E-07
   5.1295623E+02  -1.8521048E-07
   5.1328997E+02  -1.9303518E-07
   5.1362370E+02  -2.0080174E-07
   5.1395744E+02  -2.0846770E-07
   5.1429118E+02  -2.1598774E-07
   5.1462492E+02  -2.2331341E-07
   5.1495866E+02  -2.3039362E-07
   5.1529240E+02  -2.3717418E-07
   5.1562614E+02  -2.4359844E-07
   5.1595987E+02  -2.4960704E-07
   5.1629361E+02  -2.5513884E-07
   5.1662735E+02  -2.6013009E-07
   5.1696109E+02  -2.6451548E-07
   5.1729483E+02  -2.6822801E-07
   5.1762857E+02  -2.7119950E-07
   5.1796231E+02  -2.7336097E-07
   5.1829604E+02  -2.7464273E-07
   5.1862978E+02  -2.7497509E-07
   5.1896352E+02  -2.7428888E-07
   5.1929726E+02  -2.7251519E-07
   5.1963100E+02  -2.6958671E-07
   5.1996474E+02  -2.6543782E-07
   5.2029848E+02  -2.6000509E-07
   5.2063221E+02  -2.5322777E-07
   5.2096595E+02  -2.4504862E-07
   5.2129969E+02  -2.3541415E-07
   5.2163343E+02  -2.2427521E-07
   5.2196717E+02  -2.1158789E-07
   5.2230091E+02  -1.9731355E-07
   5.2263465E+02  -1.8141952E-07
   5.2296838E+02  -1.6388010E-07
   5.2330212E+02  -1.4467628E-07
   5.2363586E+02  -1.2379667E-07
   5.2396960E+02  -1.0123808E-07
   5.2430334E+02  -7.7005552E-08
   5.2463708E+02  -5.1113140E-08
   5.2497082E+02  -2.3583958E-08
   5.2530455E+02   5.5494098E-09
   5.2563829E+02   3.6244629E-08
   5.2597203E+02   6.8449594E-08
   5.2630577E+02   1.0210201E-07
   5.2663951E+02   1.3712946E-07
   5.2697325E+02   1.7344962E-07
   5.2730699E+02   2.1096994E-07
   5.2764072E+02   2.4958811E-07
   5.2797446E+02   2.8919192E-07
   5.2830820E+02   3.2966000E-07
   5.2864194E+02   3.7086167E-07
   5.2897568E+02   4.1265761E-07
   5.2930942E+02   4.5490060E-07
   5.2964316E+02   4.9743539E-07
   5.2997689E+02   5.4010053E-07
   5.3031063E+02   5.8272695E-07
   5.3064437E+02   6.2514192E-07
   5.3097811E+02   6.6716581E-07
   5.3131185E+02   7.0861716E-07
   5.3164559E+02   7.4931091E-07
   5.3197933E+02   7.8905936E-07
   5.3231306E+02   8.2767525E-07
   5.3264680E+02   8.6497016E-07
   5.3298054E+02   9.0075815E-07
   5.3331428E+02   9.3485369E-07
   5.3364802E+02   9.6707663E-07
   5.3398176E+02   9.9725025E-07
   5.3431550E+02   1.0252036E-06
   5.3464924E+02   1.0507727E-06
   5.3498297E+02   1.0738001E-06
   5.3531671E+02   1.0941387E-06
   5.3565045E+02   1.1116499E-06
   5.3598419E+02   1.1262064E-06
   5.3631793E+02   1.1376936E-06
   5.3665167E+02   1.1460063E-06
   5.3698541E+02   1.1510563E-06
   5.3731914E+02   1.1527665E-06
   5.3765288E+02   1.1510758E-06
   5.3798662E+02   1.1459381E-06
   5.3832036E+02   1.1373224E-06
   5.3865410E+02   1.1252143E-06
   5.3898784E+02   1.1096154E-06
   5.3932158E+02   1.0905441E-06
   5.3965531E+02   1.0680345E-06
   5.3998905E+02   1.0421380E-06
   5.4032279E+02   1.0129228E-06
   5.4065653E+02   9.8047144E-07
   5.4099027E+02   9.4488462E-07
   5.4132401E+02   9.0627668E-07
   5.4165775E+02   8.6477814E-07
   5.4199148E+02   8.2053270E-07
   5.4232522E+02   7.7369816E-07
   5.4265896E+02   7.2444504E-07
   5.4299270E+02   6.7295554E-07
   5.4332644E+02   6.1942319E-07
   5.4366018E+02   5.6405128E-07
   5.4399392E+02   5.0705160E-07
   5.4432765E+02   4.4864424E-07
   5.4466139E+02   3.8905557E-07
   5.4499513E+02   3.2851688E-07
   5.4532887E+02   2.6726383E-07
   5.4566261E+02   2.0553466E-07
   5.4599635E+02   1.4356942E-07
   5.4633009E+02   8.1607809E-08
   5.4666382E+02   1.9888716E-08
   5.4699756E+02  -4.1351313E-08
   5.4733130E+02  -1.0187955E-07
   5.4766504E+02  -1.6146799E-07
   5.4799878E+02  -2.1989499E-07
   5.4833252E+02  -2.7694560E-07
   5.4866626E+02  -3.3241363E-07
   5.4899999E+02  -3.8610182E-07
   5.4933373E+02  -4.3782373E-07
   5.4966747E+02  -4.8740355E-07
   5.5000121E+02  -5.3467801E-07
   5.5033495E+02  -5.7949615E-07
   5.5066869E+02  -6.2172052E-07
   5.5100243E+02  -6.6122777E-07
   5.5133616E+02  -6.9790934E-07
   5.5166990E+02  -7.3167047E-07
   5.5200364E+02  -7.6243236E-07
   5.5233738E+02  -7.9013131E-07
   5.5267112E+02  -8.1471893E-07
   5.5300486E+02  -8.3616231E-07
   5.5333860E+02  -8.5444395E-07
   5.5367234E+02  -8.6956157E-07
   5.5400607E+02  -8.8152774E-07
   5.5433981E+02  -8.9036899E-07
   5.5467355E+02  -8.9612769E-07
   5.5500729E+02  -8.9885748E-07
   5.5534103E+02  -8.9862669E-07
   5.5567477E+02  -8.9551520E-07
   5.5600851E+02  -8.8961588E-07
   5.5634224E+02  -8.8103093E-07
   5.5667598E+02  -8.6987325E-07
   5.5700972E+02  -8.5626556E-07
   5.5734346E+02  -8.4033832E-07
   5.5767720E+02  -8.2223045E-07
   5.5801094E+02  -8.0208611E-07
   5.5834468E+02  -7.8005610E-07
   5.5867841E+02  -7.5629578E-07
   5.5901215E+02  -7.3096419E-07
   5.5934589E+02  -7.0422215E-07
   5.5967963E+02  -6.7623387E-07
   5.6001337E+02  -6.4716301E-07
   5.6034711E+02  -6.1717401E-07
   5.6068085E+02  -5.8642979E-07
   5.6101458E+02  -5.5509162E-07
   5.6134832E+02  -5.2331796E-07
   5.6168206E+02  -4.9126390E-07
   5.6201580E+02  -4.5908021E-07
   5.6234954E+02  -4.2691283E-07
   5.6268328E+02  -3.9490209E-07
   5.6301702E+02  -3.6318173E-07
   5.6335075E+02  -3.3187931E-07
   5.6368449E+02  -3.0111460E-07
   5.6401823E+02  -2.7099995E-07
   5.6435197E+02  -2.4163961E-07
   5.6468571E+02  -2.1312954E-07
   5.6501945E+02  -1.8555710E-07
   5.6535319E+02  -1.5900054E-07
   5.6568692E+02  -1.3352965E-07
   5.6602066E+02  -1.0920488E-07
   5.6635440E+02  -8.6077939E-08
   5.6668814E+02  -6.4191262E-08
   5.6702188E+02  -4.3578694E-08
   5.6735562E+02  -2.4265063E-08
   5.6768936E+02  -6.2668448E-09
   5.6802309E+02   1.0407817E-08
   5.6835683E+02   2.5758784E-08
   5.6869057E+02   3.9793505E-08
   5.6902431E+02   5.2526747E-08
   5.6935805E+02   6.3980110E-08
   5.6969179E+02   7.4181571E-08
   5.7002553E+02   8.3165062E-08
   5.7035926E+02   9.0970047E-08
   5.7069300E+02   9.7640871E-08
   5.7102674E+02   1.0322631E-07
   5.7136048E+02   1.0777921E-07
   5.7169422E+02   1.1135560E-07
   5.7202796E+02   1.1401450E-07
   5.7236170E+02   1.1581714E-07
   5.7269543E+02   1.1682651E-07
   5.7302917E+02   1.1710681E-07
   5.7336291E+02   1.1672293E-07
   5.7369665E+02   1.1573998E-07
   5.7403039E+02   1.1422266E-07
   5.7436413E+02   1.1223511E-07
   5.7469787E+02   1.0984015E-07
   5.7503161E+02   1.0709901E-07
   5.7536534E+02   1.0407096E-07
   5.7569908E+02   1.0081289E-07
   5.7603282E+02   9.7379015E-08
   5.7636656E+02   9.3820617E-08
   5.7670030E+02   9.0185658E-08
   5.7703404E+02   8.6518803E-08
   5.7736778E+02   8.2860893E-08
   5.7770151E+02   7.9249077E-08
   5.7803525E+02   7.5716621E-08
   5.7836899E+02   7.2292835E-08
   5.7870273E+02   6.9002951E-08
   5.7903647E+02   6.5868250E-08
   5.7937021E+02   6.2905983E-08
   5.7970395E+02   6.0129508E-08
   5.8003768E+02   5.7548309E-08
   5.8037142E+02   5.5168108E-08
   5.8070516E+02   5.2991023E-08
   5.8103890E+02   5.1015764E-08
   5.8137264E+02   4.9237737E-08
   5.8170638E+02   4.7649422E-08
   5.8204012E+02   4.6240430E-08
   5.8237385E+02   4.4997886E-08
   5.8270759E+02   4.3906518E-08
   5.8304133E+02   4.2949210E-08
   5.8337507E+02   4.2107004E-08
   5.8370881E+02   4.1359556E-08
   5.8404255E+02   4.0685279E-08
   5.8437629E+02   4.0061785E-08
   5.8471002E+02   3.9466030E-08
   5.8504376E+02   3.8874710E-08
   5.8537750E+02   3.8264417E-08
   5.8571124E+02   3.7612086E-08
   5.8604498E+02   3.6895074E-08
   5.8637872E+02   3.6091546E-08
   5.8671246E+02   3.5180609E-08
   5.8704619E+02   3.4142587E-08
   5.8737993E+02   3.2959260E-08
   5.8771367E+02   3.1613901E-08
   5.8804741E+02   3.0091602E-08
   5.8838115E+02   2.8379315E-08
   5.8871489E+02   2.6466083E-08
   5.8904863E+02   2.4342981E-08
   5.8938236E+02   2.2003448E-08
   5.8971610E+02   1.9443199E-08
   5.9004984E+02   1.6660294E-08
   5.9038358E+02   1.3655255E-08
   5.9071732E+02   1.0430981E-08
   5.9105106E+02   6.9927992E-09
   5.9138480E+02   3.3483794E-09
   5.9171853E+02  -4.9221427E-10
   5.9205227E+02  -4.5167283E-09
   5.9238601E+02  -8.7107495E-09
   5.9271975E+02  -1.3057729E-08
   5.9305349E+02  -1.7539186E-08
   5.9338723E+02  -2.2134842E-08
   5.9372097E+02  -2.6822633E-08
   5.9405471E+02  -3.1578921E-08
   5.9438844E+02  -3.6378751E-08
   5.9472218E+02  -4.1195875E-08
   5.9505592E+02  -4.6002995E-08
   5.9538966E+02  -5.0771988E-08
   5.9572340E+02  -5.5474075E-08
   5.9605714E+02  -6.0080026E-08
   5.9639088E+02  -6.4560410E-08
   5.9672461E+02  -6.8885626E-08
   5.9705835E+02  -7.3026456E-08
   5.9739209E+02  -7.6953697E-08
   5.9772583E+02  -8.0638983E-08
   5.9805957E+02  -8.4054577E-08
   5.9839331E+02  -8.7173746E-08
   5.9872705E+02  -8.9970854E-08
   5.9906078E+02  -9.2421800E-08
   5.9939452E+02  -9.4503761E-08
   5.9972826E+02  -9.6195791E-08
   6.0006200E+02  -9.7479074E-08
   6.0039574E+02  -9.8336415E-08
   6.0072948E+02  -9.8753333E-08
   6.0106322E+02  -9.8717464E-08
   6.0139695E+02  -9.8218862E-08
   6.0173069E+02  -9.7250393E-08
   6.0206443E+02  -9.5807493E-08
   6.0239817E+02  -9.3888318E-08
   6.0273191E+02  -9.1493973E-08
   6.0306565E+02  -8.8628411E-08
   6.0339939E+02  -8.5298510E-08
   6.0373312E+02  -8.1514202E-08
   6.0406686E+02  -7.7288220E-08
   6.0440060E+02  -7.2636396E-08
   6.0473434E+02  -6.7577261E-08
   6.0506808E+02  -6.2132344E-08
   6.0540182E+02  -5.6325845E-08
   6.0573556E+02  -5.0184632E-08
   6.0606929E+02  -4.3738034E-08
   6.0640303E+02  -3.7017834E-08
   6.0673677E+02  -3.0057926E-08
   6.0707051E+02  -2.2894465E-08
   6.0740425E+02  -1.5565263E-08
   6.0773799E+02  -8.1099394E-09
   6.0807173E+02  -5.6950067E-10
   6.0840546E+02   7.0137833E-09
   6.0873920E+02   1.4596743E-08
   6.0907294E+02   2.2135460E-08
   6.0940668E+02   2.9585536E-08
   6.0974042E+02   3.6902534E-08
   6.1007416E+02   4.4042011E-08
   6.1040790E+02   5.0959983E-08
   6.1074163E+02   5.7613207E-08
   6.1107537E+02   6.3959334E-08
   6.1140911E+02   6.9957096E-08
   6.1174285E+02   7.5567030E-08
   6.1207659E+02   8.0751121E-08
   6.1241033E+02   8.5473559E-08
   6.1274407E+02   8.9700691E-08
   6.1307781E+02   9.3401439E-08
   6.1341154E+02   9.6547296E-08
   6.1374528E+02   9.9112782E-08
   6.1407902E+02   1.0107553E-07
   6.1441276E+02   1.0241612E-07
   6.1474650E+02   1.0311877E-07
   6.1508024E+02   1.0317098E-07
   6.1541398E+02   1.0256386E-07
   6.1574771E+02   1.0129213E-07
   6.1608145E+02   9.9353883E-08
   6.1641519E+02   9.6751137E-08
   6.1674893E+02   9.3489234E-08
   6.1708267E+02   8.9577242E-08
   6.1741641E+02   8.5027523E-08
   6.1775015E+02   7.9855880E-08
   6.1808388E+02   7.4081470E-08
   6.1841762E+02   6.7726432E-08
   6.1875136E+02   6.0815808E-08
   6.1908510E+02   5.3377505E-08
   6.1941884E+02   4.5441709E-08
   6.1975258E+02   3.7041019E-08
   6.2008632E+02   2.8210010E-08
   6.2042005E+02   1.8985077E-08
   6.2075379E+02   9.4041184E-09
   6.2108753E+02  -4.9374194E-10
   6.2142127E+02  -1.0668458E-08
   6.2175501E+02  -2.1079259E-08
   6.2208875E+02  -3.1685055E-08
   6.2242249E+02  -4.2444611E-08
   6.2275622E+02  -5.3316882E-08
   6.2308996E+02  -6.4261236E-08
   6.2342370E+02  -7.5237793E-08
   6.2375744E+02  -8.6207564E-08
   6.2409118E+02  -9.7132805E-08
   6.2442492E+02  -1.0797712E-07
   6.2475866E+02  -1.1870574E-07
   6.2509239E+02  -1.2928561E-07
   6.2542613E+02  -1.3968554E-07
   6.2575987E+02  -1.4987636E-07
   6.2609361E+02  -1.5983119E-07
   6.2642735E+02  -1.6952504E-07
   6.2676109E+02  -1.7893535E-07
   6.2709483E+02  -1.8804181E-07
   6.2742856E+02  -1.9682631E-07
   6.2776230E+02  -2.0527298E-07
   6.2809604E+02  -2.1336815E-07
   6.2842978E+02  -2.2110022E-07
   6.2876352E+02  -2.2845943E-07
   6.2909726E+02  -2.3543811E-07
   6.2943100E+02  -2.4202996E-07
   6.2976473E+02  -2.4823032E-07
   6.3009847E+02  -2.5403580E-07
   6.3043221E+02  -2.5944402E-07
   6.3076595E+02  -2.6445352E-07
   6.3109969E+02  -2.6906343E-07
   6.3143343E+02  -2.7327309E-07
   6.3176717E+02  -2.7708211E-07
   6.3210090E+02  -2.8048996E-07
   6.3243464E+02  -2.8349564E-07
   6.3276838E+02  -2.8609773E-07
   6.3310212E+02  -2.8829334E-07
   6.3343586E+02  -2.9007950E-07
   6.3376960E+02  -2.9145099E-07
   6.3410334E+02  -2.9240167E-07
   6.3443708E+02  -2.9292357E-07
   6.3477081E+02  -2.9300668E-07
   6.3510455E+02  -2.9263956E-07
   6.3543829E+02  -2.9180859E-07
   6.3577203E+02  -2.9049784E-07
   6.3610577E+02  -2.8868965E-07
   6.3643951E+02  -2.8636390E-07
   6.3677325E+02  -2.8349871E-07
   6.3710698E+02  -2.8007003E-07
   6.3744072E+02  -2.7605196E-07
   6.3777446E+02  -2.7141675E-07
   6.3810820E+02  -2.6613526E-07
   6.3844194E+02  -2.6017690E-07
   6.3877568E+02  -2.5351019E-07
   6.3910942E+02  -2.4610267E-07
   6.3944315E+02  -2.3792136E-07
   6.3977689E+02  -2.2893337E-07
   6.4011063E+02  -2.1910586E-07
   6.4044437E+02  -2.0840670E-07
   6.4077811E+02  -1.9680473E-07
   6.4111185E+02  -1.8427035E-07
   6.4144559E+02  -1.7077578E-07
   6.4177932E+02  -1.5629558E-07
   6.4211306E+02  -1.4080740E-07
   6.4244680E+02  -1.2429207E-07
   6.4278054E+02  -1.0673426E-07
   6.4311428E+02  -8.8122526E-08
   6.4344802E+02  -6.8450476E-08
   6.4378176E+02  -4.7716618E-08
   6.4411549E+02  -2.5924948E-08
   6.4444923E+02  -3.0853258E-09
   6.4478297E+02   2.0786437E-08
   6.4511671E+02   4.5667996E-08
   6.4545045E+02   7.1530295E-08
   6.4578419E+02   9.8337466E-08
   6.4611793E+02   1.2604642E-07
   6.4645166E+02   1.5460689E-07
   6.4678540E+02   1.8396150E-07
   6.4711914E+02   2.1404553E-07
   6.4745288E+02   2.4478692E-07
   6.4778662E+02   2.7610673E-07
   6.4812036E+02   3.0791887E-07
   6.4845410E+02   3.4013081E-07
   6.4878783E+02   3.7264346E-07
   6.4912157E+02   4.0535184E-07
   6.4945531E+02   4.3814501E-07
   6.4978905E+02   4.7090748E-07
   6.5012279E+02   5.0351809E-07
   6.5045653E+02   5.3585268E-07
   6.5079027E+02   5.6778254E-07
   6.5112400E+02   5.9917681E-07
   6.5145774E+02   6.2990222E-07
   6.5179148E+02   6.5982425E-07
   6.5212522E+02   6.8880712E-07
   6.5245896E+02   7.1671599E-07
   6.5279270E+02   7.4341688E-07
   6.5312644E+02   7.6877734E-07
   6.5346018E+02   7.9266755E-07
   6.5379391E+02   8.1496103E-07
   6.5412765E+02   8.3553601E-07
   6.5446139E+02   8.5427496E-07
   6.5479513E+02   8.7106764E-07
   6.5512887E+02   8.8580828E-07
   6.5546261E+02   8.9840080E-07
   6.5579635E+02   9.0875562E-07
   6.5613008E+02   9.1679215E-07
   6.5646382E+02   9.2243988E-07
   6.5679756E+02   9.2563755E-07
   6.5713130E+02   9.2633479E-07
   6.5746504E+02   9.2449147E-07
   6.5779878E+02   9.2007912E-07
   6.5813252E+02   9.1308107E-07
   6.5846625E+02   9.0349175E-07
   6.5879999E+02   8.9131811E-07
   6.5913373E+02   8.7657878E-07
   6.5946747E+02   8.5930498E-07
   6.5980121E+02   8.3953887E-07
   6.6013495E+02   8.1733555E-07
