  -7.8094826E+01   0.0000000E+00
  -7.7761087E+01   0.0000000E+00
  -7.7427349E+01   0.0000000E+00
  -7.7093610E+01   0.0000000E+00
  -7.6759871E+01   0.0000000E+00
  -7.6426133E+01   0.0000000E+00
  -7.6092394E+01   0.0000000E+00
  -7.5758656E+01   0.0000000E+00
  -7.5424917E+01   0.0000000E+00
  -7.5091178E+01   0.0000000E+00
  -7.4757440E+01   0.0000000E+00
  -7.4423701E+01   0.0000000E+00
  -7.4089963E+01   0.0000000E+00
  -7.3756224E+01   0.0000000E+00
  -7.3422485E+01   0.0000000E+00
  -7.3088747E+01   0.0000000E+00
  -7.2755008E+01   0.0000000E+00
  -7.2421270E+01   0.0000000E+00
  -7.2087531E+01   0.0000000E+00
  -7.1753792E+01   0.0000000E+00
  -7.1420054E+01   0.0000000E+00
  -7.1086315E+01   0.0000000E+00
  -7.0752577E+01   0.0000000E+00
  -7.0418838E+01   0.0000000E+00
  -7.0085099E+01   0.0000000E+00
  -6.9751361E+01   0.0000000E+00
  -6.9417622E+01   0.0000000E+00
  -6.9083884E+01   0.0000000E+00
  -6.8750145E+01   0.0000000E+00
  -6.8416406E+01   0.0000000E+00
  -6.8082668E+01   0.0000000E+00
  -6.7748929E+01   0.0000000E+00
  -6.7415191E+01   0.0000000E+00
  -6.7081452E+01   0.0000000E+00
  -6.6747714E+01   0.0000000E+00
  -6.6413975E+01   0.0000000E+00
  -6.6080236E+01   0.0000000E+00
  -6.5746498E+01   0.0000000E+00
  -6.5412759E+01   0.0000000E+00
  -6.5079021E+01   0.0000000E+00
  -6.4745282E+01   0.0000000E+00
  -6.4411543E+01   0.0000000E+00
  -6.4077805E+01   0.0000000E+00
  -6.3744066E+01   0.0000000E+00
  -6.3410328E+01   0.0000000E+00
  -6.3076589E+01   0.0000000E+00
  -6.2742850E+01   0.0000000E+00
  -6.2409112E+01   0.0000000E+00
  -6.2075373E+01   0.0000000E+00
  -6.1741635E+01   0.0000000E+00
  -6.1407896E+01   0.0000000E+00
  -6.1074157E+01   0.0000000E+00
  -6.0740419E+01   0.0000000E+00
  -6.0406680E+01   0.0000000E+00
  -6.0072942E+01   0.0000000E+00
  -5.9739203E+01   0.0000000E+00
  -5.9405464E+01   0.0000000E+00
  -5.9071726E+01   0.0000000E+00
  -5.8737987E+01   0.0000000E+00
  -5.8404249E+01   0.0000000E+00
  -5.8070510E+01   0.0000000E+00
  -5.7736771E+01   0.0000000E+00
  -5.7403033E+01   0.0000000E+00
  -5.7069294E+01   0.0000000E+00
  -5.6735556E+01   0.0000000E+00
  -5.6401817E+01   0.0000000E+00
  -5.6068078E+01   0.0000000E+00
  -5.5734340E+01   0.0000000E+00
  -5.5400601E+01   0.0000000E+00
  -5.5066863E+01   0.0000000E+00
  -5.4733124E+01   0.0000000E+00
  -5.4399385E+01   0.0000000E+00
  -5.4065647E+01   0.0000000E+00
  -5.3731908E+01   0.0000000E+00
  -5.3398170E+01   0.0000000E+00
  -5.3064431E+01   0.0000000E+00
  -5.2730693E+01   0.0000000E+00
  -5.2396954E+01   0.0000000E+00
  -5.2063215E+01   0.0000000E+00
  -5.1729477E+01   0.0000000E+00
  -5.1395738E+01   0.0000000E+00
  -5.1062000E+01   0.0000000E+00
  -5.0728261E+01   0.0000000E+00
  -5.0394522E+01   0.0000000E+00
  -5.0060784E+01   0.0000000E+00
  -4.9727045E+01   0.0000000E+00
  -4.9393307E+01   0.0000000E+00
  -4.9059568E+01   0.0000000E+00
  -4.8725829E+01   0.0000000E+00
  -4.8392091E+01   0.0000000E+00
  -4.8058352E+01   0.0000000E+00
  -4.7724614E+01   0.0000000E+00
  -4.7390875E+01   0.0000000E+00
  -4.7057136E+01   0.0000000E+00
  -4.6723398E+01   0.0000000E+00
  -4.6389659E+01   0.0000000E+00
  -4.6055921E+01   0.0000000E+00
  -4.5722182E+01   0.0000000E+00
  -4.5388443E+01   0.0000000E+00
  -4.5054705E+01   0.0000000E+00
  -4.4720966E+01   0.0000000E+00
  -4.4387228E+01   0.0000000E+00
  -4.4053489E+01   0.0000000E+00
  -4.3719750E+01   0.0000000E+00
  -4.3386012E+01   0.0000000E+00
  -4.3052273E+01   0.0000000E+00
  -4.2718535E+01   0.0000000E+00
  -4.2384796E+01   0.0000000E+00
  -4.2051057E+01   0.0000000E+00
  -4.1717319E+01   0.0000000E+00
  -4.1383580E+01   0.0000000E+00
  -4.1049842E+01   0.0000000E+00
  -4.0716103E+01   0.0000000E+00
  -4.0382364E+01   0.0000000E+00
  -4.0048626E+01   0.0000000E+00
  -3.9714887E+01   0.0000000E+00
  -3.9381149E+01   0.0000000E+00
  -3.9047410E+01   0.0000000E+00
  -3.8713672E+01   0.0000000E+00
  -3.8379933E+01   0.0000000E+00
  -3.8046194E+01   0.0000000E+00
  -3.7712456E+01   0.0000000E+00
  -3.7378717E+01   0.0000000E+00
  -3.7044979E+01   0.0000000E+00
  -3.6711240E+01   0.0000000E+00
  -3.6377501E+01   0.0000000E+00
  -3.6043763E+01   0.0000000E+00
  -3.5710024E+01   0.0000000E+00
  -3.5376286E+01   0.0000000E+00
  -3.5042547E+01   0.0000000E+00
  -3.4708808E+01   0.0000000E+00
  -3.4375070E+01   0.0000000E+00
  -3.4041331E+01   0.0000000E+00
  -3.3707593E+01   0.0000000E+00
  -3.3373854E+01   0.0000000E+00
  -3.3040115E+01   0.0000000E+00
  -3.2706377E+01   0.0000000E+00
  -3.2372638E+01   0.0000000E+00
  -3.2038900E+01   0.0000000E+00
  -3.1705161E+01   0.0000000E+00
  -3.1371422E+01   0.0000000E+00
  -3.1037684E+01   0.0000000E+00
  -3.0703945E+01   0.0000000E+00
  -3.0370207E+01   0.0000000E+00
  -3.0036468E+01   0.0000000E+00
  -2.9702729E+01   0.0000000E+00
  -2.9368991E+01   0.0000000E+00
  -2.9035252E+01   0.0000000E+00
  -2.8701514E+01   0.0000000E+00
  -2.8367775E+01   0.0000000E+00
  -2.8034036E+01   0.0000000E+00
  -2.7700298E+01   0.0000000E+00
  -2.7366559E+01   0.0000000E+00
  -2.7032821E+01   0.0000000E+00
  -2.6699082E+01   0.0000000E+00
  -2.6365343E+01   0.0000000E+00
  -2.6031605E+01   0.0000000E+00
  -2.5697866E+01   0.0000000E+00
  -2.5364128E+01   0.0000000E+00
  -2.5030389E+01   0.0000000E+00
  -2.4696651E+01   0.0000000E+00
  -2.4362912E+01   0.0000000E+00
  -2.4029173E+01   0.0000000E+00
  -2.3695435E+01   0.0000000E+00
  -2.3361696E+01   0.0000000E+00
  -2.3027958E+01   0.0000000E+00
  -2.2694219E+01   0.0000000E+00
  -2.2360480E+01   0.0000000E+00
  -2.2026742E+01   0.0000000E+00
  -2.1693003E+01   0.0000000E+00
  -2.1359265E+01   0.0000000E+00
  -2.1025526E+01   0.0000000E+00
  -2.0691787E+01   0.0000000E+00
  -2.0358049E+01   0.0000000E+00
  -2.0024310E+01   0.0000000E+00
  -1.9690572E+01   0.0000000E+00
  -1.9356833E+01   0.0000000E+00
  -1.9023094E+01   0.0000000E+00
  -1.8689356E+01   0.0000000E+00
  -1.8355617E+01   0.0000000E+00
  -1.8021879E+01   0.0000000E+00
  -1.7688140E+01   0.0000000E+00
  -1.7354401E+01   0.0000000E+00
  -1.7020663E+01   0.0000000E+00
  -1.6686924E+01   0.0000000E+00
  -1.6353186E+01   0.0000000E+00
  -1.6019447E+01   0.0000000E+00
  -1.5685708E+01   0.0000000E+00
  -1.5351970E+01   0.0000000E+00
  -1.5018231E+01   0.0000000E+00
  -1.4684493E+01   0.0000000E+00
  -1.4350754E+01   0.0000000E+00
  -1.4017015E+01   0.0000000E+00
  -1.3683277E+01   0.0000000E+00
  -1.3349538E+01   0.0000000E+00
  -1.3015800E+01   0.0000000E+00
  -1.2682061E+01   0.0000000E+00
  -1.2348322E+01   0.0000000E+00
  -1.2014584E+01   0.0000000E+00
  -1.1680845E+01   0.0000000E+00
  -1.1347107E+01   0.0000000E+00
  -1.1013368E+01   0.0000000E+00
  -1.0679630E+01   0.0000000E+00
  -1.0345891E+01   0.0000000E+00
  -1.0012152E+01   0.0000000E+00
  -9.6784137E+00   0.0000000E+00
  -9.3446751E+00   0.0000000E+00
  -9.0109365E+00   0.0000000E+00
  -8.6771979E+00   0.0000000E+00
  -8.3434593E+00   0.0000000E+00
  -8.0097207E+00   0.0000000E+00
  -7.6759821E+00   0.0000000E+00
  -7.3422436E+00   0.0000000E+00
  -7.0085050E+00   0.0000000E+00
  -6.6747664E+00   0.0000000E+00
  -6.3410278E+00   0.0000000E+00
  -6.0072892E+00   0.0000000E+00
  -5.6735506E+00   0.0000000E+00
  -5.3398120E+00   0.0000000E+00
  -5.0060734E+00   0.0000000E+00
  -4.6723348E+00   0.0000000E+00
  -4.3385962E+00   0.0000000E+00
  -4.0048576E+00   0.0000000E+00
  -3.6711190E+00   0.0000000E+00
  -3.3373804E+00   0.0000000E+00
  -3.0036418E+00   0.0000000E+00
  -2.6699032E+00   0.0000000E+00
  -2.3361646E+00   0.0000000E+00
  -2.0024260E+00   0.0000000E+00
  -1.6686874E+00   0.0000000E+00
  -1.3349488E+00   0.0000000E+00
  -1.0012102E+00   0.0000000E+00
  -6.6747165E-01   0.0000000E+00
  -3.3373305E-01   0.0000000E+00
   5.5432320E-06   0.0000000E+00
   3.3374414E-01   0.0000000E+00
   6.6748273E-01   0.0000000E+00
   1.0012213E+00   0.0000000E+00
   1.3349599E+00   0.0000000E+00
   1.6686985E+00   0.0000000E+00
   2.0024371E+00   0.0000000E+00
   2.3361757E+00   0.0000000E+00
   2.6699143E+00   0.0000000E+00
   3.0036529E+00   0.0000000E+00
   3.3373915E+00   0.0000000E+00
   3.6711301E+00   0.0000000E+00
   4.0048687E+00   0.0000000E+00
   4.3386073E+00   0.0000000E+00
   4.6723459E+00   0.0000000E+00
   5.0060845E+00   0.0000000E+00
   5.3398231E+00   0.0000000E+00
   5.6735617E+00   0.0000000E+00
   6.0073003E+00   0.0000000E+00
   6.3410389E+00   0.0000000E+00
   6.6747774E+00   0.0000000E+00
   7.0085160E+00   0.0000000E+00
   7.3422546E+00   0.0000000E+00
   7.6759932E+00   0.0000000E+00
   8.0097318E+00   0.0000000E+00
   8.3434704E+00   0.0000000E+00
   8.6772090E+00   0.0000000E+00
   9.0109476E+00   0.0000000E+00
   9.3446862E+00   0.0000000E+00
   9.6784248E+00   0.0000000E+00
   1.0012163E+01   0.0000000E+00
   1.0345902E+01   0.0000000E+00
   1.0679641E+01   0.0000000E+00
   1.1013379E+01   0.0000000E+00
   1.1347118E+01   0.0000000E+00
   1.1680856E+01   0.0000000E+00
   1.2014595E+01   0.0000000E+00
   1.2348334E+01   0.0000000E+00
   1.2682072E+01   0.0000000E+00
   1.3015811E+01   0.0000000E+00
   1.3349549E+01   0.0000000E+00
   1.3683288E+01   0.0000000E+00
   1.4017027E+01   0.0000000E+00
   1.4350765E+01   0.0000000E+00
   1.4684504E+01   0.0000000E+00
   1.5018242E+01   0.0000000E+00
   1.5351981E+01   0.0000000E+00
   1.5685720E+01   0.0000000E+00
   1.6019458E+01   0.0000000E+00
   1.6353197E+01   0.0000000E+00
   1.6686935E+01   0.0000000E+00
   1.7020674E+01   0.0000000E+00
   1.7354412E+01   0.0000000E+00
   1.7688151E+01   0.0000000E+00
   1.8021890E+01   0.0000000E+00
   1.8355628E+01   0.0000000E+00
   1.8689367E+01   0.0000000E+00
   1.9023105E+01   0.0000000E+00
   1.9356844E+01   0.0000000E+00
   1.9690583E+01   0.0000000E+00
   2.0024321E+01   0.0000000E+00
   2.0358060E+01   0.0000000E+00
   2.0691798E+01   0.0000000E+00
   2.1025537E+01   0.0000000E+00
   2.1359276E+01   0.0000000E+00
   2.1693014E+01   0.0000000E+00
   2.2026753E+01   0.0000000E+00
   2.2360491E+01   0.0000000E+00
   2.2694230E+01   0.0000000E+00
   2.3027969E+01   0.0000000E+00
   2.3361707E+01   0.0000000E+00
   2.3695446E+01   0.0000000E+00
   2.4029184E+01   0.0000000E+00
   2.4362923E+01   0.0000000E+00
   2.4696662E+01   0.0000000E+00
   2.5030400E+01   0.0000000E+00
   2.5364139E+01   0.0000000E+00
   2.5697877E+01   0.0000000E+00
   2.6031616E+01   0.0000000E+00
   2.6365355E+01   0.0000000E+00
   2.6699093E+01   0.0000000E+00
   2.7032832E+01   0.0000000E+00
   2.7366570E+01   0.0000000E+00
   2.7700309E+01   0.0000000E+00
   2.8034048E+01   0.0000000E+00
   2.8367786E+01   0.0000000E+00
   2.8701525E+01   0.0000000E+00
   2.9035263E+01   0.0000000E+00
   2.9369002E+01   0.0000000E+00
   2.9702741E+01   0.0000000E+00
   3.0036479E+01   0.0000000E+00
   3.0370218E+01   0.0000000E+00
   3.0703956E+01   0.0000000E+00
   3.1037695E+01   0.0000000E+00
   3.1371433E+01   0.0000000E+00
   3.1705172E+01   0.0000000E+00
   3.2038911E+01   0.0000000E+00
   3.2372649E+01   0.0000000E+00
   3.2706388E+01   0.0000000E+00
   3.3040126E+01   0.0000000E+00
   3.3373865E+01   0.0000000E+00
   3.3707604E+01   0.0000000E+00
   3.4041342E+01   0.0000000E+00
   3.4375081E+01   0.0000000E+00
   3.4708819E+01   0.0000000E+00
   3.5042558E+01   0.0000000E+00
   3.5376297E+01   0.0000000E+00
   3.5710035E+01   0.0000000E+00
   3.6043774E+01   0.0000000E+00
   3.6377512E+01   0.0000000E+00
   3.6711251E+01   0.0000000E+00
   3.7044990E+01   0.0000000E+00
   3.7378728E+01   0.0000000E+00
   3.7712467E+01   0.0000000E+00
   3.8046205E+01   0.0000000E+00
   3.8379944E+01   0.0000000E+00
   3.8713683E+01   0.0000000E+00
   3.9047421E+01   0.0000000E+00
   3.9381160E+01   0.0000000E+00
   3.9714898E+01   0.0000000E+00
   4.0048637E+01   0.0000000E+00
   4.0382376E+01   0.0000000E+00
   4.0716114E+01   0.0000000E+00
   4.1049853E+01   0.0000000E+00
   4.1383591E+01   0.0000000E+00
   4.1717330E+01   0.0000000E+00
   4.2051069E+01   0.0000000E+00
   4.2384807E+01   0.0000000E+00
   4.2718546E+01   0.0000000E+00
   4.3052284E+01   0.0000000E+00
   4.3386023E+01   0.0000000E+00
   4.3719762E+01   0.0000000E+00
   4.4053500E+01   0.0000000E+00
   4.4387239E+01   0.0000000E+00
   4.4720977E+01   0.0000000E+00
   4.5054716E+01   0.0000000E+00
   4.5388454E+01   0.0000000E+00
   4.5722193E+01   0.0000000E+00
   4.6055932E+01   0.0000000E+00
   4.6389670E+01   0.0000000E+00
   4.6723409E+01   0.0000000E+00
   4.7057147E+01   0.0000000E+00
   4.7390886E+01   0.0000000E+00
   4.7724625E+01   0.0000000E+00
   4.8058363E+01   0.0000000E+00
   4.8392102E+01   0.0000000E+00
   4.8725840E+01   0.0000000E+00
   4.9059579E+01   0.0000000E+00
   4.9393318E+01   0.0000000E+00
   4.9727056E+01   0.0000000E+00
   5.0060795E+01   0.0000000E+00
   5.0394533E+01   0.0000000E+00
   5.0728272E+01   0.0000000E+00
   5.1062011E+01   0.0000000E+00
   5.1395749E+01   0.0000000E+00
   5.1729488E+01   0.0000000E+00
   5.2063226E+01   0.0000000E+00
   5.2396965E+01   0.0000000E+00
   5.2730704E+01   0.0000000E+00
   5.3064442E+01   0.0000000E+00
   5.3398181E+01   0.0000000E+00
   5.3731919E+01   0.0000000E+00
   5.4065658E+01   0.0000000E+00
   5.4399397E+01   0.0000000E+00
   5.4733135E+01   0.0000000E+00
   5.5066874E+01   0.0000000E+00
   5.5400612E+01   0.0000000E+00
   5.5734351E+01   0.0000000E+00
   5.6068090E+01   0.0000000E+00
   5.6401828E+01   0.0000000E+00
   5.6735567E+01   0.0000000E+00
   5.7069305E+01   0.0000000E+00
   5.7403044E+01   0.0000000E+00
   5.7736783E+01   0.0000000E+00
   5.8070521E+01   0.0000000E+00
   5.8404260E+01   0.0000000E+00
   5.8737998E+01   0.0000000E+00
   5.9071737E+01   0.0000000E+00
   5.9405475E+01   0.0000000E+00
   5.9739214E+01   0.0000000E+00
   6.0072953E+01   0.0000000E+00
   6.0406691E+01   0.0000000E+00
   6.0740430E+01   0.0000000E+00
   6.1074168E+01   0.0000000E+00
   6.1407907E+01   0.0000000E+00
   6.1741646E+01   0.0000000E+00
   6.2075384E+01   0.0000000E+00
   6.2409123E+01   0.0000000E+00
   6.2742861E+01   0.0000000E+00
   6.3076600E+01   0.0000000E+00
   6.3410339E+01   0.0000000E+00
   6.3744077E+01   0.0000000E+00
   6.4077816E+01   0.0000000E+00
   6.4411554E+01   0.0000000E+00
   6.4745293E+01   0.0000000E+00
   6.5079032E+01   0.0000000E+00
   6.5412770E+01   0.0000000E+00
   6.5746509E+01   0.0000000E+00
   6.6080247E+01   0.0000000E+00
   6.6413986E+01   0.0000000E+00
   6.6747725E+01   0.0000000E+00
   6.7081463E+01   0.0000000E+00
   6.7415202E+01   0.0000000E+00
   6.7748940E+01   0.0000000E+00
   6.8082679E+01   0.0000000E+00
   6.8416418E+01   0.0000000E+00
   6.8750156E+01   0.0000000E+00
   6.9083895E+01   0.0000000E+00
   6.9417633E+01   0.0000000E+00
   6.9751372E+01   0.0000000E+00
   7.0085111E+01   0.0000000E+00
   7.0418849E+01   0.0000000E+00
   7.0752588E+01   0.0000000E+00
   7.1086326E+01   0.0000000E+00
   7.1420065E+01   0.0000000E+00
   7.1753804E+01   0.0000000E+00
   7.2087542E+01   0.0000000E+00
   7.2421281E+01   0.0000000E+00
   7.2755019E+01   0.0000000E+00
   7.3088758E+01   0.0000000E+00
   7.3422496E+01   0.0000000E+00
   7.3756235E+01   0.0000000E+00
   7.4089974E+01   0.0000000E+00
   7.4423712E+01   0.0000000E+00
   7.4757451E+01   0.0000000E+00
   7.5091189E+01   0.0000000E+00
   7.5424928E+01   0.0000000E+00
   7.5758667E+01   0.0000000E+00
   7.6092405E+01   0.0000000E+00
   7.6426144E+01   0.0000000E+00
   7.6759882E+01   0.0000000E+00
   7.7093621E+01   0.0000000E+00
   7.7427360E+01   0.0000000E+00
   7.7761098E+01   0.0000000E+00
   7.8094837E+01   0.0000000E+00
   7.8428575E+01   0.0000000E+00
   7.8762314E+01   0.0000000E+00
   7.9096053E+01   0.0000000E+00
   7.9429791E+01   0.0000000E+00
   7.9763530E+01   0.0000000E+00
   8.0097268E+01   0.0000000E+00
   8.0431007E+01   0.0000000E+00
   8.0764746E+01   0.0000000E+00
   8.1098484E+01   0.0000000E+00
   8.1432223E+01   0.0000000E+00
   8.1765961E+01   0.0000000E+00
   8.2099700E+01   0.0000000E+00
   8.2433439E+01   0.0000000E+00
   8.2767177E+01   0.0000000E+00
   8.3100916E+01   0.0000000E+00
   8.3434654E+01   0.0000000E+00
   8.3768393E+01   0.0000000E+00
   8.4102132E+01   0.0000000E+00
   8.4435870E+01   0.0000000E+00
   8.4769609E+01   0.0000000E+00
   8.5103347E+01   0.0000000E+00
   8.5437086E+01   0.0000000E+00
   8.5770825E+01   0.0000000E+00
   8.6104563E+01   0.0000000E+00
   8.6438302E+01   0.0000000E+00
   8.6772040E+01   0.0000000E+00
   8.7105779E+01   0.0000000E+00
   8.7439517E+01   0.0000000E+00
   8.7773256E+01   0.0000000E+00
   8.8106995E+01   0.0000000E+00
   8.8440733E+01   0.0000000E+00
   8.8774472E+01   0.0000000E+00
   8.9108210E+01   0.0000000E+00
   8.9441949E+01   0.0000000E+00
   8.9775688E+01   0.0000000E+00
   9.0109426E+01   0.0000000E+00
   9.0443165E+01   0.0000000E+00
   9.0776903E+01   0.0000000E+00
   9.1110642E+01   0.0000000E+00
   9.1444381E+01   0.0000000E+00
   9.1778119E+01   0.0000000E+00
   9.2111858E+01   0.0000000E+00
   9.2445596E+01   0.0000000E+00
   9.2779335E+01   0.0000000E+00
   9.3113074E+01   0.0000000E+00
   9.3446812E+01   0.0000000E+00
   9.3780551E+01   0.0000000E+00
   9.4114289E+01   0.0000000E+00
   9.4448028E+01   0.0000000E+00
   9.4781767E+01   0.0000000E+00
   9.5115505E+01   0.0000000E+00
   9.5449244E+01   0.0000000E+00
   9.5782982E+01   0.0000000E+00
   9.6116721E+01   0.0000000E+00
   9.6450460E+01   0.0000000E+00
   9.6784198E+01   0.0000000E+00
   9.7117937E+01   0.0000000E+00
   9.7451675E+01   0.0000000E+00
   9.7785414E+01   0.0000000E+00
   9.8119153E+01   0.0000000E+00
   9.8452891E+01   0.0000000E+00
   9.8786630E+01   0.0000000E+00
   9.9120368E+01   0.0000000E+00
   9.9454107E+01   0.0000000E+00
   9.9787846E+01   0.0000000E+00
   1.0012158E+02   0.0000000E+00
   1.0045532E+02   0.0000000E+00
   1.0078906E+02   0.0000000E+00
   1.0112280E+02   0.0000000E+00
   1.0145654E+02   0.0000000E+00
   1.0179028E+02   0.0000000E+00
   1.0212402E+02   0.0000000E+00
   1.0245775E+02   0.0000000E+00
   1.0279149E+02   0.0000000E+00
   1.0312523E+02   0.0000000E+00
   1.0345897E+02   0.0000000E+00
   1.0379271E+02   0.0000000E+00
   1.0412645E+02   0.0000000E+00
   1.0446019E+02   0.0000000E+00
   1.0479392E+02   0.0000000E+00
   1.0512766E+02   0.0000000E+00
   1.0546140E+02   0.0000000E+00
   1.0579514E+02   0.0000000E+00
   1.0612888E+02   0.0000000E+00
   1.0646262E+02   0.0000000E+00
   1.0679636E+02   0.0000000E+00
   1.0713009E+02   0.0000000E+00
   1.0746383E+02   0.0000000E+00
   1.0779757E+02   0.0000000E+00
   1.0813131E+02   0.0000000E+00
   1.0846505E+02   0.0000000E+00
   1.0879879E+02   0.0000000E+00
   1.0913253E+02   0.0000000E+00
   1.0946626E+02   0.0000000E+00
   1.0980000E+02   0.0000000E+00
   1.1013374E+02   0.0000000E+00
   1.1046748E+02   0.0000000E+00
   1.1080122E+02   0.0000000E+00
   1.1113496E+02   0.0000000E+00
   1.1146870E+02   0.0000000E+00
   1.1180243E+02   0.0000000E+00
   1.1213617E+02   0.0000000E+00
   1.1246991E+02   0.0000000E+00
   1.1280365E+02   0.0000000E+00
   1.1313739E+02   0.0000000E+00
   1.1347113E+02   0.0000000E+00
   1.1380487E+02   0.0000000E+00
   1.1413861E+02   0.0000000E+00
   1.1447234E+02   0.0000000E+00
   1.1480608E+02   0.0000000E+00
   1.1513982E+02   0.0000000E+00
   1.1547356E+02   0.0000000E+00
   1.1580730E+02   0.0000000E+00
   1.1614104E+02   0.0000000E+00
   1.1647478E+02   0.0000000E+00
   1.1680851E+02   0.0000000E+00
   1.1714225E+02   0.0000000E+00
   1.1747599E+02   0.0000000E+00
   1.1780973E+02   0.0000000E+00
   1.1814347E+02   0.0000000E+00
   1.1847721E+02   0.0000000E+00
   1.1881095E+02   0.0000000E+00
   1.1914468E+02   0.0000000E+00
   1.1947842E+02   0.0000000E+00
   1.1981216E+02   0.0000000E+00
   1.2014590E+02   0.0000000E+00
   1.2047964E+02   0.0000000E+00
   1.2081338E+02   0.0000000E+00
   1.2114712E+02   0.0000000E+00
   1.2148085E+02   0.0000000E+00
   1.2181459E+02   0.0000000E+00
   1.2214833E+02   0.0000000E+00
   1.2248207E+02   0.0000000E+00
   1.2281581E+02   0.0000000E+00
   1.2314955E+02   0.0000000E+00
   1.2348329E+02   0.0000000E+00
   1.2381702E+02   0.0000000E+00
   1.2415076E+02   0.0000000E+00
   1.2448450E+02   0.0000000E+00
   1.2481824E+02   0.0000000E+00
   1.2515198E+02   0.0000000E+00
   1.2548572E+02   0.0000000E+00
   1.2581946E+02   0.0000000E+00
   1.2615319E+02   0.0000000E+00
   1.2648693E+02   0.0000000E+00
   1.2682067E+02   0.0000000E+00
   1.2715441E+02   0.0000000E+00
   1.2748815E+02   0.0000000E+00
   1.2782189E+02   0.0000000E+00
   1.2815563E+02   0.0000000E+00
   1.2848936E+02   0.0000000E+00
   1.2882310E+02   0.0000000E+00
   1.2915684E+02   0.0000000E+00
   1.2949058E+02   0.0000000E+00
   1.2982432E+02   0.0000000E+00
   1.3015806E+02   0.0000000E+00
   1.3049180E+02   0.0000000E+00
   1.3082553E+02   0.0000000E+00
   1.3115927E+02   0.0000000E+00
   1.3149301E+02   0.0000000E+00
   1.3182675E+02   0.0000000E+00
   1.3216049E+02   0.0000000E+00
   1.3249423E+02   0.0000000E+00
   1.3282797E+02   0.0000000E+00
   1.3316171E+02   0.0000000E+00
   1.3349544E+02   0.0000000E+00
   1.3382918E+02   0.0000000E+00
   1.3416292E+02   0.0000000E+00
   1.3449666E+02   0.0000000E+00
   1.3483040E+02   0.0000000E+00
   1.3516414E+02   0.0000000E+00
   1.3549788E+02   0.0000000E+00
   1.3583161E+02   0.0000000E+00
   1.3616535E+02   0.0000000E+00
   1.3649909E+02   0.0000000E+00
   1.3683283E+02   0.0000000E+00
   1.3716657E+02   0.0000000E+00
   1.3750031E+02   0.0000000E+00
   1.3783405E+02   0.0000000E+00
   1.3816778E+02   0.0000000E+00
   1.3850152E+02   0.0000000E+00
   1.3883526E+02   0.0000000E+00
   1.3916900E+02   0.0000000E+00
   1.3950274E+02   0.0000000E+00
   1.3983648E+02   0.0000000E+00
   1.4017022E+02   0.0000000E+00
   1.4050395E+02   0.0000000E+00
   1.4083769E+02   0.0000000E+00
   1.4117143E+02   0.0000000E+00
   1.4150517E+02   0.0000000E+00
   1.4183891E+02   0.0000000E+00
   1.4217265E+02   0.0000000E+00
   1.4250639E+02   0.0000000E+00
   1.4284012E+02   0.0000000E+00
   1.4317386E+02   0.0000000E+00
   1.4350760E+02   0.0000000E+00
   1.4384134E+02   0.0000000E+00
   1.4417508E+02   0.0000000E+00
   1.4450882E+02   0.0000000E+00
   1.4484256E+02   0.0000000E+00
   1.4517629E+02   0.0000000E+00
   1.4551003E+02   0.0000000E+00
   1.4584377E+02   0.0000000E+00
   1.4617751E+02   0.0000000E+00
   1.4651125E+02   0.0000000E+00
   1.4684499E+02   0.0000000E+00
   1.4717873E+02   0.0000000E+00
   1.4751246E+02   0.0000000E+00
   1.4784620E+02  -1.4012985E-45
   1.4817994E+02  -1.4012985E-45
   1.4851368E+02  -5.6051939E-45
   1.4884742E+02  -7.0064923E-45
   1.4918116E+02  -1.2611686E-44
   1.4951490E+02  -1.4012985E-44
   1.4984863E+02  -1.5414283E-44
   1.5018237E+02  -1.8216880E-44
   1.5051611E+02  -1.6815582E-44
   1.5084985E+02  -1.1210388E-44
   1.5118359E+02  -8.4077908E-45
   1.5151733E+02   0.0000000E+00
   1.5185107E+02   7.0064923E-45
   1.5218480E+02   1.5414283E-44
   1.5251854E+02   2.3822074E-44
   1.5285228E+02   2.8025969E-44
   1.5318602E+02   3.2229865E-44
   1.5351976E+02   3.0828566E-44
   1.5385350E+02   2.3822074E-44
   1.5418724E+02   1.2611686E-44
   1.5452098E+02  -2.8025969E-45
   1.5485471E+02  -2.1019477E-44
   1.5518845E+02  -4.0637655E-44
   1.5552219E+02  -5.8854536E-44
   1.5585593E+02  -7.2867520E-44
   1.5618967E+02  -7.7071416E-44
   1.5652341E+02  -7.2867520E-44
   1.5685715E+02  -5.4650640E-44
   1.5719088E+02  -3.5032462E-44
   1.5752462E+02  -1.4012985E-45
   1.5785836E+02   3.6433760E-44
   1.5819210E+02   7.2867520E-44
   1.5852584E+02   1.0369609E-43
   1.5885958E+02   1.2191297E-43
   1.5919332E+02   1.2051167E-43
   1.5952705E+02   9.5288296E-44
   1.5986079E+02   5.0446745E-44
   1.6019453E+02  -1.4012985E-44
   1.6052827E+02  -9.1084400E-44
   1.6086201E+02  -1.7235971E-43
   1.6119575E+02  -2.4242463E-43
   1.6152949E+02  -2.9427268E-43
   1.6186322E+02  -3.0828566E-43
   1.6219696E+02  -2.8166099E-43
   1.6253070E+02  -2.0458958E-43
   1.6286444E+02  -8.4077908E-44
   1.6319818E+02   7.5670117E-44
   1.6353192E+02   2.5783892E-43
   1.6386566E+02   4.3159993E-43
   1.6419939E+02   5.8013756E-43
   1.6453313E+02   6.5720898E-43
   1.6486687E+02   6.5160379E-43
   1.6520061E+02   5.3809861E-43
   1.6553435E+02   3.1248956E-43
   1.6586809E+02  -1.1210388E-44
   1.6620183E+02  -4.0077136E-43
   1.6653556E+02  -8.2116090E-43
   1.6686930E+02  -1.1953076E-42
   1.6720304E+02  -1.4713634E-42
   1.6753678E+02  -1.5778621E-42
   1.6787052E+02  -1.4615543E-42
   1.6820426E+02  -1.1028219E-42
   1.6853800E+02  -5.0446745E-43
   1.6887173E+02   2.8166099E-43
   1.6920547E+02   1.1784920E-42
   1.6953921E+02   2.0655139E-42
   1.6987295E+02   2.7913865E-42
   1.7020669E+02   3.2327956E-42
   1.7054043E+02   3.2468085E-42
   1.7087417E+02   2.7535515E-42
   1.7120790E+02   1.7221958E-42
   1.7154164E+02   2.1439867E-43
   1.7187538E+02  -1.6311114E-42
   1.7220912E+02  -3.5887254E-42
   1.7254286E+02  -5.3851900E-42
   1.7287660E+02  -6.7108183E-42
   1.7321034E+02  -7.2587260E-42
   1.7354408E+02  -6.7991001E-42
   1.7387781E+02  -5.2072251E-42
   1.7421155E+02  -2.5069230E-42
   1.7454529E+02   1.1028219E-42
   1.7487903E+02   5.2338498E-42
   1.7521277E+02   9.3592724E-42
   1.7554651E+02   1.2844302E-41
   1.7588025E+02   1.5026123E-41
   1.7621398E+02   1.5323199E-41
   1.7654772E+02   1.3333355E-41
   1.7688146E+02   8.9150608E-42
   1.7721520E+02   2.2883204E-42
   1.7754894E+02  -5.9569198E-42
   1.7788268E+02  -1.4871981E-41
   1.7821642E+02  -2.3223719E-41
   1.7855015E+02  -2.9641666E-41
   1.7888389E+02  -3.2784779E-41
   1.7921763E+02  -3.1567051E-41
   1.7955137E+02  -2.5364904E-41
   1.7988511E+02  -1.4186746E-41
   1.8021885E+02   1.1911037E-42
   1.8055259E+02   1.9231420E-41
   1.8088632E+02   3.7689323E-41
   1.8122006E+02   5.3870117E-41
   1.8155380E+02   6.4920757E-41
   1.8188754E+02   6.8241834E-41
   1.8222128E+02   6.1928984E-41
   1.8255502E+02   4.5183468E-41
   1.8288876E+02   1.8631664E-41
   1.8322249E+02  -1.5527788E-41
   1.8355623E+02  -5.3542213E-41
   1.8388997E+02  -9.0429994E-41
   1.8422371E+02  -1.2046823E-40
   1.8455745E+02  -1.3795783E-40
   1.8489119E+02  -1.3805032E-40
   1.8522493E+02  -1.1764741E-40
   1.8555866E+02  -7.6143756E-41
   1.8589240E+02  -1.5970599E-41
   1.8622614E+02   5.7220621E-41
   1.8655988E+02   1.3487638E-40
   1.8689362E+02   2.0626553E-40
   1.8722736E+02   2.5972366E-40
   1.8756110E+02   2.8419454E-40
   1.8789483E+02   2.7100832E-40
   1.8822857E+02   2.1555894E-40
   1.8856231E+02   1.1867597E-40
   1.8889605E+02  -1.2543023E-41
   1.8922979E+02  -1.6471142E-40
   1.8956353E+02  -3.1905744E-40
   1.8989727E+02  -4.5325559E-40
   1.9023100E+02  -5.4412840E-40
   1.9056474E+02  -5.7088339E-40
   1.9089848E+02  -5.1861356E-40
   1.9123222E+02  -3.8144465E-40
   1.9156596E+02  -1.6495245E-40
   1.9189970E+02   1.1271064E-40
   1.9223344E+02   4.2137886E-40
   1.9256718E+02   7.2123291E-40
   1.9290091E+02   9.6699964E-40
   1.9323465E+02   1.1136595E-39
   1.9356839E+02   1.1230510E-39
   1.9390213E+02   9.7058556E-40
   1.9423587E+02   6.5110212E-40
   1.9456961E+02   1.8287646E-40
   1.9490335E+02  -3.9113183E-40
   1.9523708E+02  -1.0053840E-39
   1.9557082E+02  -1.5775103E-39
   1.9590456E+02  -2.0174802E-39
   1.9623830E+02  -2.2393422E-39
   1.9657204E+02  -2.1743752E-39
   1.9690578E+02  -1.7838866E-39
   1.9723952E+02  -1.0697989E-39
   1.9757325E+02  -8.1133780E-41
   1.9790699E+02   1.0852818E-39
   1.9824073E+02   2.2908147E-39
   1.9857447E+02   3.3681007E-39
   1.9890821E+02   4.1403942E-39
   1.9924195E+02   4.4454484E-39
   1.9957569E+02   4.1612735E-39
   1.9990942E+02   3.2303419E-39
   2.0024316E+02   1.6785398E-39
   2.0057690E+02  -3.7472823E-40
   2.0091064E+02  -2.7181575E-39
   2.0124438E+02  -5.0636424E-39
   2.0157812E+02  -7.0748154E-39
   2.0191186E+02  -8.4072443E-39
   2.0224559E+02  -8.7564100E-39
   2.0257933E+02  -7.9079140E-39
   2.0291307E+02  -5.7831083E-39
   2.0324681E+02  -2.4729106E-39
   2.0358055E+02   1.7470212E-39
   2.0391429E+02   6.4249254E-39
   2.0424803E+02   1.0968137E-38
   2.0458176E+02   1.4704223E-38
   2.0491550E+02   1.6963636E-38
   2.0524924E+02   1.7175708E-38
   2.0558298E+02   1.4966535E-38
   2.0591672E+02   1.0245172E-38
   2.0625046E+02   3.2638974E-39
   2.0658420E+02  -5.3602637E-39
   2.0691793E+02  -1.4672340E-38
   2.0725167E+02  -2.3458762E-38
   2.0758541E+02  -3.0376804E-38
   2.0791915E+02  -3.4124070E-38
   2.0825289E+02  -3.3630748E-38
   2.0858663E+02  -2.8251046E-38
   2.0892037E+02  -1.7926640E-38
   2.0925410E+02  -3.2940855E-39
   2.0958784E+02   1.4288449E-38
   2.0992158E+02   3.2812561E-38
   2.1025532E+02   4.9795444E-38
   2.1058906E+02   6.2553083E-38
   2.1092280E+02   6.8548236E-38
   2.1125654E+02   6.5776720E-38
   2.1159027E+02   5.3143331E-38
   2.1192401E+02   3.0772531E-38
   2.1225775E+02   1.9819405E-40
   2.1259149E+02  -3.5614673E-38
   2.1292523E+02  -7.2448521E-38
   2.1325897E+02  -1.0522056E-37
   2.1359271E+02  -1.2855967E-37
   2.1392645E+02  -1.3752304E-37
   2.1426018E+02  -1.2837423E-37
   2.1459392E+02  -9.9323082E-38
   2.1492766E+02  -5.1114312E-38
   2.1526140E+02   1.2644286E-38
   2.1559514E+02   8.5505853E-38
   2.1592888E+02   1.5861786E-37
   2.1626262E+02   2.2157419E-37
   2.1659635E+02   2.6363476E-37
   2.1693009E+02   2.7520392E-37
   2.1726383E+02   2.4939866E-37
   2.1759757E+02   1.8349989E-37
   2.1793131E+02   8.0057414E-38
   2.1826505E+02  -5.2568692E-38
   2.1859879E+02  -2.0040487E-37
   2.1893252E+02  -3.4489964E-37
   2.1926626E+02  -4.6479241E-37
   2.1960000E+02  -5.3869406E-37
   2.1993374E+02  -5.4813002E-37
   2.2026748E+02  -4.8068995E-37
   2.2060122E+02  -3.3285155E-37
   2.2093496E+02  -1.1201339E-37
   2.2126869E+02   1.6268806E-37
   2.2160243E+02   4.6110621E-37
   2.2193617E+02   7.4452113E-37
   2.2226991E+02   9.6972410E-37
   2.2260365E+02   1.0944539E-36
   2.2293739E+02   1.0836285E-36
   2.2327113E+02   9.1561738E-37
   2.2360486E+02   5.8765574E-37
   2.2393860E+02   1.1947484E-37
   2.2427234E+02  -4.4568349E-37
   2.2460608E+02  -1.0432619E-36
   2.2493982E+02  -1.5930243E-36
   2.2527356E+02  -2.0079187E-36
   2.2560730E+02  -2.2054341E-36
   2.2594103E+02  -2.1202448E-36
   2.2627477E+02  -1.7165360E-36
   2.2660851E+02  -9.9817947E-37
   2.2694225E+02  -1.4926855E-38
   2.2727599E+02   1.1369584E-36
   2.2760973E+02   2.3206625E-36
   2.2794347E+02   3.3716362E-36
   2.2827720E+02   4.1165842E-36
   2.2861094E+02   4.3969271E-36
   2.2894468E+02   4.0941129E-36
   2.2927842E+02   3.1534261E-36
   2.2961216E+02   1.6026248E-36
   2.2994590E+02  -4.3818303E-37
   2.3027964E+02  -2.7583100E-36
   2.3061337E+02  -5.0716085E-36
   2.3094711E+02  -7.0450080E-36
   2.3128085E+02  -8.3385949E-36
   2.3161459E+02  -8.6533733E-36
   2.3194833E+02  -7.7811125E-36
   2.3228207E+02  -5.6494248E-36
   2.3261581E+02  -2.3547755E-36
   2.3294955E+02   1.8233615E-36
   2.3328328E+02   6.4323318E-36
   2.3361702E+02   1.0882732E-35
   2.3395076E+02   1.4510548E-35
   2.3428450E+02   1.6660282E-35
   2.3461824E+02   1.6780602E-35
   2.3495198E+02   1.4520677E-35
   2.3528572E+02   9.8135339E-36
   2.3561945E+02   2.9322069E-36
   2.3595319E+02  -5.4938218E-36
   2.3628693E+02  -1.4510776E-35
   2.3662067E+02  -2.2924632E-35
   2.3695441E+02  -2.9433360E-35
   2.3728815E+02  -3.2796272E-35
   2.3762189E+02  -3.2021947E-35
   2.3795562E+02  -2.6550876E-35
   2.3828936E+02  -1.6405516E-35
   2.3862310E+02  -2.2810588E-36
   2.3895684E+02   1.4445781E-35
   2.3929058E+02   3.1804481E-35
   2.3962432E+02   4.7417516E-35
   2.3995806E+02   5.8775774E-35
   2.4029179E+02   6.3576704E-35
   2.4062553E+02   6.0086898E-35
   2.4095927E+02   4.7481047E-35
   2.4129301E+02   2.6104475E-35
   2.4162675E+02  -2.3901164E-36
   2.4196049E+02  -3.5071459E-35
   2.4229423E+02  -6.7946237E-35
   2.4262796E+02  -9.6361815E-35
   2.4296170E+02  -1.1556652E-34
   2.4329544E+02  -1.2137285E-34
   2.4362918E+02  -1.1084371E-34
   2.4396292E+02  -8.2908059E-35
   2.4429666E+02  -3.8806214E-35
   2.4463040E+02   1.7725284E-35
   2.4496413E+02   8.0596220E-35
   2.4529787E+02   1.4186318E-34
   2.4563161E+02   1.9257272E-34
   2.4596535E+02   2.2387866E-34
   2.4629909E+02   2.2831836E-34
   2.4663283E+02   2.0108815E-34
   2.4696657E+02   1.4113856E-34
   2.4730030E+02   5.1902920E-35
   2.4763404E+02  -5.8498844E-35
   2.4796778E+02  -1.7769193E-34
   2.4830152E+02  -2.9014941E-34
   2.4863526E+02  -3.7891135E-34
   2.4896900E+02  -4.2777158E-34
   2.4930274E+02  -4.2368990E-34
   2.4963647E+02  -3.5912434E-34
   2.4997021E+02  -2.3393775E-34
   2.5030395E+02  -5.6545411E-35
   2.5063769E+02   1.5597478E-34
   2.5097143E+02   3.7898204E-34
   2.5130517E+02   5.8260903E-34
   2.5163891E+02   7.3518916E-34
   2.5197264E+02   8.0745754E-34
   2.5230638E+02   7.7704126E-34
   2.5264012E+02   6.3265556E-34
   2.5297386E+02   3.7736385E-34
   2.5330760E+02   3.0301581E-35
   2.5364134E+02  -3.7360315E-34
   2.5397508E+02  -7.8617788E-34
   2.5430882E+02  -1.1507962E-33
   2.5464255E+02  -1.4090716E-33
   2.5497629E+02  -1.5087928E-33
   2.5531003E+02  -1.4121717E-33
   2.5564377E+02  -1.1032873E-33
   2.5597751E+02  -5.9356844E-34
   2.5631125E+02   7.5750693E-35
   2.5664499E+02   8.3498009E-34
   2.5697872E+02   1.5915121E-33
   2.5731246E+02   2.2393689E-33
   2.5764620E+02   2.6720280E-33
   2.5797994E+02   2.7971928E-33
   2.5831368E+02   2.5517569E-33
   2.5864742E+02   1.9148678E-33
   2.5898116E+02   9.1702537E-34
   2.5931489E+02  -3.5664205E-34
   2.5964863E+02  -1.7702214E-33
   2.5998237E+02  -3.1484580E-33
   2.6031611E+02  -4.2953302E-33
   2.6064985E+02  -5.0181670E-33
   2.6098359E+02  -5.1547940E-33
   2.6131733E+02  -4.6003702E-33
   2.6165106E+02  -3.3301380E-33
   2.6198480E+02  -1.4144048E-33
   2.6231854E+02   9.7746543E-34
   2.6265228E+02   3.5861218E-33
   2.6298602E+02   6.0849895E-33
   2.6331976E+02   8.1154991E-33
   2.6365350E+02   9.3317295E-33
   2.6398723E+02   9.4496110E-33
   2.6432097E+02   8.2946048E-33
   2.6465471E+02   5.8411317E-33
   2.6498845E+02   2.2371208E-33
   2.6532219E+02  -2.1916622E-33
   2.6565593E+02  -6.9609844E-33
   2.6598967E+02  -1.1471799E-32
   2.6632340E+02  -1.5075618E-32
   2.6665714E+02  -1.7155711E-32
   2.6699088E+02  -1.7215146E-32
   2.6732462E+02  -1.4960852E-32
   2.6765836E+02  -1.0371498E-32
   2.6799210E+02  -3.7379486E-33
   2.6832584E+02   4.3329956E-33
   2.6865957E+02   1.2957016E-32
   2.6899331E+02   2.1053449E-32
   2.6932705E+02   2.7463865E-32
   2.6966079E+02   3.1097192E-32
   2.6999453E+02   3.1085419E-32
   2.7032827E+02   2.6930117E-32
   2.7066201E+02   1.8619077E-32
   2.7099574E+02   6.6932766E-33
   2.7132948E+02  -7.7513273E-33
   2.7166322E+02  -2.3136050E-32
   2.7199696E+02  -3.7545801E-32
   2.7233070E+02  -4.8939694E-32
   2.7266444E+02  -5.5405951E-32
   2.7299818E+02  -5.5433140E-32
   2.7333192E+02  -4.8163333E-32
   2.7366565E+02  -3.3591320E-32
   2.7399939E+02  -1.2676267E-32
   2.7433313E+02   1.2660133E-32
   2.7466687E+02   3.9663660E-32
   2.7500061E+02   6.5004097E-32
   2.7533435E+02   8.5141273E-32
   2.7566809E+02   9.6765014E-32
   2.7600182E+02   9.7260473E-32
   2.7633556E+02   8.5140574E-32
   2.7666930E+02   6.0383793E-32
   2.7700304E+02   2.4621199E-32
   2.7733678E+02  -1.8870775E-32
   2.7767052E+02  -6.5395160E-32
   2.7800426E+02  -1.0927386E-31
   2.7833799E+02  -1.4446973E-31
   2.7867173E+02  -1.6533276E-31
   2.7900547E+02  -1.6738616E-31
   2.7933921E+02  -1.4805495E-31
   2.7967295E+02  -1.0723294E-31
   2.8000669E+02  -4.7595896E-32
   2.8034043E+02   2.5412260E-32
   2.8067416E+02   1.0395666E-31
   2.8100790E+02   1.7854627E-31
   2.8134164E+02   2.3907199E-31
   2.8167538E+02   2.7604851E-31
   2.8200912E+02   2.8192177E-31
   2.8234286E+02   2.5227658E-31
   2.8267660E+02   1.8677787E-31
   2.8301033E+02   8.9689232E-32
   2.8334407E+02  -3.0147716E-32
   2.8367781E+02  -1.5993125E-31
   2.8401155E+02  -2.8410431E-31
   2.8434529E+02  -3.8605727E-31
   2.8467903E+02  -4.5015843E-31
   2.8501277E+02  -4.6389117E-31
   2.8534650E+02  -4.1982668E-31
   2.8568024E+02  -3.1715797E-31
   2.8601398E+02  -1.6254595E-31
   2.8634772E+02   2.9910783E-32
   2.8668146E+02   2.3967427E-31
   2.8701520E+02   4.4171452E-31
   2.8734894E+02   6.0925223E-31
   2.8768267E+02   7.1703458E-31
   2.8801641E+02   7.4476905E-31
   2.8835015E+02   6.8028891E-31
   2.8868389E+02   5.2200817E-31
   2.8901763E+02   2.8026884E-31
   2.8935137E+02  -2.2718262E-32
   2.8968511E+02  -3.5447775E-31
   2.9001884E+02  -6.7538169E-31
   2.9035258E+02  -9.4302793E-31
   2.9068632E+02  -1.1174377E-30
   2.9102006E+02  -1.1664987E-30
   2.9135380E+02  -1.0709576E-30
   2.9168754E+02  -8.2826884E-31
   2.9202128E+02  -4.5466796E-31
   2.9235501E+02   1.4976080E-32
   2.9268875E+02   5.2975741E-31
   2.9302249E+02   1.0276927E-30
   2.9335623E+02   1.4426410E-30
   2.9368997E+02   1.7124865E-30
   2.9402371E+02   1.7876523E-30
   2.9435745E+02   1.6388522E-30
   2.9469119E+02   1.2629971E-30
   2.9502492E+02   6.8628388E-31
   2.9535866E+02  -3.6228736E-32
   2.9569240E+02  -8.2486714E-31
   2.9602614E+02  -1.5832587E-30
   2.9635988E+02  -2.2092468E-30
   2.9669362E+02  -2.6076907E-30
   2.9702736E+02  -2.7036673E-30
   2.9736109E+02  -2.4543662E-30
   2.9769483E+02  -1.8579969E-30
   2.9802857E+02  -9.5821259E-31
   2.9836231E+02   1.5698473E-31
   2.9869605E+02   1.3622919E-30
   2.9902979E+02   2.5077837E-30
   2.9936353E+02   3.4361569E-30
   2.9969726E+02   4.0026850E-30
   3.0003100E+02   4.0956194E-30
   3.0036474E+02   3.6543012E-30
   3.0069848E+02   2.6824322E-30
   3.0103222E+02   1.2542073E-30
   3.0136596E+02  -4.8820443E-31
   3.0169970E+02  -2.3464150E-30
   3.0203343E+02  -4.0861940E-30
   3.0236717E+02  -5.4646641E-30
   3.0270091E+02  -6.2614740E-30
   3.0303465E+02  -6.3101782E-30
   3.0336839E+02  -5.5257770E-30
   3.0370213E+02  -3.9243444E-30
   3.0403587E+02  -1.6313642E-30
   3.0436960E+02   1.1234499E-30
   3.0470334E+02   4.0256367E-30
   3.0503708E+02   6.7085632E-30
   3.0537082E+02   8.7962321E-30
   3.0570456E+02   9.9516569E-30
   3.0603830E+02   9.9250881E-30
   3.0637204E+02   8.5956796E-30
   3.0670577E+02   6.0004424E-30
   3.0703951E+02   2.3455254E-30
   3.0737325E+02  -2.0036186E-30
   3.0770699E+02  -6.5537967E-30
   3.0804073E+02  -1.0735606E-29
   3.0837447E+02  -1.3969904E-29
   3.0870821E+02  -1.5742285E-29
   3.0904194E+02  -1.5676293E-29
   3.0937568E+02  -1.3595940E-29
   3.0970942E+02  -9.5680478E-30
   3.1004316E+02  -3.9171956E-30
   3.1037690E+02   2.7916069E-30
   3.1071064E+02   9.8030617E-30
   3.1104438E+02   1.6251340E-29
   3.1137811E+02   2.1261617E-29
   3.1171185E+02   2.4062317E-29
   3.1204559E+02   2.4094372E-29
   3.1237933E+02   2.1102715E-29
   3.1271307E+02   1.5196732E-29
   3.1304681E+02   6.8687178E-30
   3.1338055E+02  -3.0358885E-30
   3.1371429E+02  -1.3396826E-29
   3.1404802E+02  -2.2940043E-29
   3.1438176E+02  -3.0389342E-29
   3.1471550E+02  -3.4631332E-29
   3.1504924E+02  -3.4873361E-29
   3.1538298E+02  -3.0772828E-29
   3.1571672E+02  -2.2518564E-29
   3.1605046E+02  -1.0849200E-29
   3.1638419E+02   2.9990100E-30
   3.1671793E+02   1.7414216E-29
   3.1705167E+02   3.0590340E-29
   3.1738541E+02   4.0748943E-29
   3.1771915E+02   4.6375057E-29
   3.1805289E+02   4.6437162E-29
   3.1838663E+02   4.0560124E-29
   3.1872036E+02   2.9124433E-29
   3.1905410E+02   1.3272053E-29
   3.1938784E+02  -5.1893219E-30
   3.1972158E+02  -2.3979206E-29
   3.2005532E+02  -4.0616280E-29
   3.2038906E+02  -5.2738871E-29
   3.2072280E+02  -5.8434099E-29
   3.2105653E+02  -5.6532339E-29
   3.2139027E+02  -4.6822466E-29
   3.2172401E+02  -3.0153220E-29
   3.2205775E+02  -8.3959652E-30
   3.2239149E+02   1.5736485E-29
   3.2272523E+02   3.9003103E-29
   3.2305897E+02   5.8046716E-29
   3.2339270E+02   6.9856398E-29
   3.2372644E+02   7.2220459E-29
   3.2406018E+02   6.4104717E-29
   3.2439392E+02   4.5897381E-29
   3.2472766E+02   1.9473890E-29
   3.2506140E+02  -1.1943366E-29
   3.2539514E+02  -4.4129603E-29
   3.2572887E+02  -7.2375749E-29
   3.2606261E+02  -9.2123753E-29
   3.2639635E+02  -9.9638973E-29
   3.2673009E+02  -9.2627763E-29
   3.2706383E+02  -7.0708460E-29
   3.2739757E+02  -3.5652520E-29
   3.2773131E+02   8.6590292E-30
   3.2806504E+02   5.6586963E-29
   3.2839878E+02   1.0137257E-28
   3.2873252E+02   1.3600317E-28
   3.2906626E+02   1.5420091E-28
   3.2940000E+02   1.5141145E-28
   3.2973374E+02   1.2564601E-28
   3.3006748E+02   7.8046758E-29
   3.3040121E+02   1.3063258E-29
   3.3073495E+02  -6.1825096E-29
   3.3106869E+02  -1.3684890E-28
   3.3140243E+02  -2.0109641E-28
   3.3173617E+02  -2.4394772E-28
   3.3206991E+02  -2.5662718E-28
   3.3240365E+02  -2.3366400E-28
   3.3273739E+02  -1.7404748E-28
   3.3307112E+02  -8.1881327E-29
   3.3340486E+02   3.3611065E-29
   3.3373860E+02   1.5879901E-28
   3.3407234E+02   2.7705716E-28
   3.3440608E+02   3.7075449E-28
   3.3473982E+02   4.2360704E-28
   3.3507356E+02   4.2310909E-28
   3.3540729E+02   3.6271313E-28
   3.3574103E+02   2.4342909E-28
   3.3607477E+02   7.4562510E-29
   3.3640851E+02  -1.2660878E-28
   3.3674225E+02  -3.3628331E-28
   3.3707599E+02  -5.2664275E-28
   3.3740973E+02  -6.6918083E-28
   3.3774346E+02  -7.3849697E-28
   3.3807720E+02  -7.1608651E-28
   3.3841094E+02  -5.9361687E-28
   3.3874468E+02  -3.7519455E-28
   3.3907842E+02  -7.8210643E-29
   3.3941216E+02   2.6749308E-28
   3.3974590E+02   6.2220364E-28
   3.4007963E+02   9.4049563E-28
   3.4041337E+02   1.1765763E-27
   3.4074711E+02   1.2902349E-27
   3.4108085E+02   1.2526640E-27
   3.4141459E+02   1.0513835E-27
   3.4174833E+02   6.9352810E-28
   3.4208207E+02   2.0691618E-28
   3.4241580E+02  -3.6145275E-28
   3.4274954E+02  -9.4951226E-28
   3.4308328E+02  -1.4865594E-27
   3.4341702E+02  -1.9013857E-27
   3.4375076E+02  -2.1311981E-27
   3.4408450E+02  -2.1302557E-27
   3.4441824E+02  -1.8770884E-27
   3.4475197E+02  -1.3792447E-27
   3.4508571E+02  -6.7475851E-28
   3.4541945E+02   1.7010709E-28
   3.4575319E+02   1.0668597E-27
   3.4608693E+02   1.9140304E-27
   3.4642067E+02   2.6087361E-27
   3.4675441E+02   3.0592619E-27
   3.4708814E+02   3.1970984E-27
   3.4742188E+02   2.9868832E-27
   3.4775562E+02   2.4328041E-27
   3.4808936E+02   1.5804308E-27
   3.4842310E+02   5.1341094E-28
   3.4875684E+02  -6.5483332E-28
   3.4909058E+02  -1.7936800E-27
   3.4942431E+02  -2.7707584E-27
   3.4975805E+02  -3.4684419E-27
   3.5009179E+02  -3.7993078E-27
   3.5042553E+02  -3.7184292E-27
   3.5075927E+02  -3.2307463E-27
   3.5109301E+02  -2.3922284E-27
   3.5142675E+02  -1.3043266E-27
   3.5176048E+02  -1.0208276E-28
   3.5209422E+02   1.0628449E-27
   3.5242796E+02   2.0422409E-27
   3.5276170E+02   2.7118996E-27
   3.5309544E+02   2.9898824E-27
   3.5342918E+02   2.8497943E-27
   3.5376292E+02   2.3269062E-27
   3.5409666E+02   1.5157693E-27
   3.5443039E+02   5.5907493E-28
   3.5476413E+02  -3.7128694E-28
   3.5509787E+02  -1.0988711E-27
   3.5543161E+02  -1.4699576E-27
   3.5576535E+02  -1.3797643E-27
   3.5609909E+02  -7.9374468E-28
   3.5643283E+02   2.3950094E-28
   3.5676656E+02   1.5863693E-27
   3.5710030E+02   3.0387604E-27
   3.5743404E+02   4.3367104E-27
   3.5776778E+02   5.2012350E-27
   3.5810152E+02   5.3738360E-27
   3.5843526E+02   4.6578962E-27
   3.5876900E+02   2.9565573E-27
   3.5910273E+02   3.0144742E-28
   3.5943647E+02  -3.1325713E-27
   3.5977021E+02  -7.0301512E-27
   3.6010395E+02  -1.0957298E-26
   3.6043769E+02  -1.4401554E-26
   3.6077143E+02  -1.6827349E-26
   3.6110517E+02  -1.7741200E-26
   3.6143890E+02  -1.6759461E-26
   3.6177264E+02  -1.3670716E-26
   3.6210638E+02  -8.4843007E-27
   3.6244012E+02  -1.4579047E-27
   3.6277386E+02   6.9014036E-27
   3.6310760E+02   1.5865339E-26
   3.6344134E+02   2.4541309E-26
   3.6377507E+02   3.1954201E-26
   3.6410881E+02   3.7145981E-26
   3.6444255E+02   3.9283255E-26
   3.6477629E+02   3.7761564E-26
   3.6511003E+02   3.2294271E-26
   3.6544377E+02   2.2975190E-26
   3.6577751E+02   1.0305801E-26
   3.6611124E+02  -4.8186906E-27
   3.6644498E+02  -2.1165987E-26
   3.6677872E+02  -3.7263259E-26
   3.6711246E+02  -5.1526345E-26
   3.6744620E+02  -6.2410293E-26
   3.6777994E+02  -6.8567118E-26
   3.6811368E+02  -6.8994909E-26
   3.6844741E+02  -6.3162688E-26
   3.6878115E+02  -5.1096690E-26
   3.6911489E+02  -3.3416937E-26
   3.6944863E+02  -1.1317985E-26
   3.6978237E+02   1.3508078E-26
   3.7011611E+02   3.9001308E-26
   3.7044985E+02   6.2906764E-26
   3.7078358E+02   8.2975810E-26
   3.7111732E+02   9.7177421E-26
   3.7145106E+02   1.0390032E-25
   3.7178480E+02   1.0212465E-25
   3.7211854E+02   9.1546716E-26
   3.7245228E+02   7.2641147E-26
   3.7278602E+02   4.6653302E-26
   3.7311976E+02   1.5517683E-26
   3.7345349E+02  -1.8291293E-26
   3.7378723E+02  -5.1966083E-26
   3.7412097E+02  -8.2612201E-26
   3.7445471E+02  -1.0751198E-25
   3.7478845E+02  -1.2438142E-25
   3.7512219E+02  -1.3159450E-25
   3.7545593E+02  -1.2835206E-25
   3.7578966E+02  -1.1477686E-25
   3.7612340E+02  -9.1921475E-26
   3.7645714E+02  -6.1686119E-26
   3.7679088E+02  -2.6650294E-26
   3.7712462E+02   1.0168590E-26
   3.7745836E+02   4.5606443E-26
   3.7779210E+02   7.6666747E-26
   3.7812583E+02   1.0082453E-25
   3.7845957E+02   1.1628869E-25
   3.7879331E+02   1.2219067E-25
   3.7912705E+02   1.1867623E-25
   3.7946079E+02   1.0688469E-25
   3.7979453E+02   8.8810873E-26
   3.8012827E+02   6.7061435E-26
   3.8046200E+02   4.4523174E-26
   3.8079574E+02   2.3980623E-26
   3.8112948E+02   7.7244582E-27
   3.8146322E+02  -2.8029029E-27
   3.8179696E+02  -7.2738954E-27
   3.8213070E+02  -6.6127560E-27
   3.8246444E+02  -2.9705667E-27
   3.8279817E+02   4.7857972E-28
   3.8313191E+02  -8.1175636E-29
   3.8346565E+02  -8.5761737E-27
   3.8379939E+02  -2.8405491E-26
   3.8413313E+02  -6.1766311E-26
   3.8446687E+02  -1.0902206E-25
   3.8480061E+02  -1.6820165E-25
   3.8513434E+02  -2.3471967E-25
   3.8546808E+02  -3.0139129E-25
   3.8580182E+02  -3.5879319E-25
   3.8613556E+02  -3.9599198E-25
   3.8646930E+02  -4.0161979E-25
   3.8680304E+02  -3.6522712E-25
   3.8713678E+02  -2.7880386E-25
   3.8747051E+02  -1.3832232E-25
   3.8780425E+02   5.4884455E-26
   3.8813799E+02   2.9310016E-25
   3.8847173E+02   5.6173222E-25
   3.8880547E+02   8.3951859E-25
   3.8913921E+02   1.0995178E-24
   3.8947295E+02   1.3109230E-24
   3.8980668E+02   1.4416281E-24
   3.9014042E+02   1.4613988E-24
   3.9047416E+02   1.3453898E-24
   3.9080790E+02   1.0776972E-24
   3.9114164E+02   6.5456503E-25
   3.9147538E+02   8.6861918E-26
   3.9180912E+02  -5.9854111E-25
   3.9214285E+02  -1.3587746E-24
   3.9247659E+02  -2.1365426E-24
   3.9281033E+02  -2.8633146E-24
   3.9314407E+02  -3.4640121E-24
   3.9347781E+02  -3.8629260E-24
   3.9381155E+02  -3.9904493E-24
   3.9414529E+02  -3.7900972E-24
   3.9447903E+02  -3.2252452E-24
   3.9481276E+02  -2.2849723E-24
   3.9514650E+02  -9.8847180E-25
   3.9548024E+02   6.1243640E-25
   3.9581398E+02   2.4330212E-24
   3.9614772E+02   4.3577864E-24
   3.9648146E+02   6.2450757E-24
   3.9681520E+02   7.9340735E-24
   3.9714893E+02   9.2540113E-24
   3.9748267E+02   1.0035281E-23
   3.9781641E+02   1.0122109E-23
   3.9815015E+02   9.3863546E-24
   3.9848389E+02   7.7418738E-24
   3.9881763E+02   5.1587235E-24
   3.9915137E+02   1.6763342E-24
   3.9948510E+02  -2.5855474E-24
   3.9981884E+02  -7.4195437E-24
   4.0015258E+02  -1.2528618E-23
   4.0048632E+02  -1.7531088E-23
   4.0082006E+02  -2.1974380E-23
   4.0115380E+02  -2.5358855E-23
   4.0148754E+02  -2.7172320E-23
   4.0182127E+02  -2.6934942E-23
   4.0215501E+02  -2.4252607E-23
   4.0248875E+02  -1.8875433E-23
   4.0282249E+02  -1.0756305E-23
   4.0315623E+02  -1.0270496E-25
   4.0348997E+02   1.2585881E-23
   4.0382371E+02   2.6503092E-23
   4.0415744E+02   4.0551045E-23
   4.0449118E+02   5.3391526E-23
   4.0482492E+02   6.3535798E-23
   4.0515866E+02   6.9471673E-23
   4.0549240E+02   6.9821372E-23
   4.0582614E+02   6.3518348E-23
   4.0615988E+02   4.9986291E-23
   4.0649361E+02   2.9299338E-23
   4.0682735E+02   2.3003436E-24
   4.0716109E+02  -2.9345771E-23
   4.0749483E+02  -6.3183013E-23
   4.0782857E+02  -9.6093034E-23
   4.0816231E+02  -1.2452499E-22
   4.0849605E+02  -1.4481830E-22
   4.0882978E+02  -1.5359695E-22
   4.0916352E+02  -1.4820070E-22
   4.0949726E+02  -1.2710747E-22
   4.0983100E+02  -9.0294155E-23
   4.1016474E+02  -3.9480582E-23
   4.1049848E+02   2.1793885E-23
   4.1083222E+02   8.8299107E-23
   4.1116595E+02   1.5346803E-22
   4.1149969E+02   2.0996962E-22
   4.1183343E+02   2.5046629E-22
   4.1216717E+02   2.6849210E-22
   4.1250091E+02   2.5936108E-22
   4.1283465E+02   2.2099566E-22
   4.1316839E+02   1.5455730E-22
   4.1350213E+02   6.4766137E-23
   4.1383586E+02  -4.0181444E-23
   4.1416960E+02  -1.4915305E-22
   4.1450334E+02  -2.4908140E-22
   4.1483708E+02  -3.2637213E-22
   4.1517082E+02  -3.6859833E-22
   4.1550456E+02  -3.6630750E-22
   4.1583830E+02  -3.1471776E-22
   4.1617203E+02  -2.1506161E-22
   4.1650577E+02  -7.5338261E-23
   4.1683951E+02   8.9725317E-23
   4.1717325E+02   2.5962970E-22
   4.1750699E+02   4.1000524E-22
   4.1784073E+02   5.1535791E-22
   4.1817447E+02   5.5243826E-22
   4.1850820E+02   5.0387810E-22
   4.1884194E+02   3.6164968E-22
   4.1917568E+02   1.2984635E-22
   4.1950942E+02  -1.7371424E-22
   4.1984316E+02  -5.1748846E-22
   4.2017690E+02  -8.5808992E-22
   4.2051064E+02  -1.1441390E-21
   4.2084437E+02  -1.3219058E-21
   4.2117811E+02  -1.3423039E-21
   4.2151185E+02  -1.1685318E-21
   4.2184559E+02  -7.8344677E-22
   4.2217933E+02  -1.9563109E-22
   4.2251307E+02   5.5690318E-22
   4.2284681E+02   1.4062893E-21
   4.2318054E+02   2.2583113E-21
   4.2351428E+02   3.0000682E-21
   4.2384802E+02   3.5115340E-21
   4.2418176E+02   3.6801463E-21
   4.2451550E+02   3.4170472E-21
   4.2484924E+02   2.6730877E-21
   4.2518298E+02   1.4524412E-21
   4.2551671E+02  -1.7840363E-22
   4.2585045E+02  -2.0882867E-21
   4.2618419E+02  -4.0871160E-21
   4.2651793E+02  -5.9403657E-21
   4.2685167E+02  -7.3919364E-21
   4.2718541E+02  -8.1937628E-21
   4.2751915E+02  -8.1394483E-21
   4.2785288E+02  -7.0980982E-21
   4.2818662E+02  -5.0439333E-21
   4.2852036E+02  -2.0769948E-21
   4.2885410E+02   1.5693199E-21
   4.2918784E+02   5.5371196E-21
   4.2952158E+02   9.3708739E-21
   4.2985532E+02   1.2561679E-20
   4.3018905E+02   1.4605942E-20
   4.3052279E+02   1.5073027E-20
   4.3085653E+02   1.3674271E-20
   4.3119027E+02   1.0324292E-20
   4.3152401E+02   5.1850827E-21
   4.3185775E+02  -1.3159579E-21
   4.3219149E+02  -8.5008584E-21
   4.3252522E+02  -1.5492217E-20
   4.3285896E+02  -2.1299791E-20
   4.3319270E+02  -2.4936788E-20
   4.3352644E+02  -2.5554903E-20
   4.3386018E+02  -2.2583081E-20
   4.3419392E+02  -1.5851689E-20
   4.3452766E+02  -5.6828520E-21
   4.3486140E+02   7.0709208E-21
   4.3519513E+02   2.1053719E-20
   4.3552887E+02   3.4506069E-20
   4.3586261E+02   4.5436172E-20
   4.3619635E+02   5.1851293E-20
   4.3653009E+02   5.2028090E-20
   4.3686383E+02   4.4791720E-20
   4.3719757E+02   2.9767800E-20
   4.3753130E+02   7.5690144E-21
   4.3786504E+02  -2.0119301E-20
   4.3819878E+02  -5.0582211E-20
   4.3853252E+02  -8.0261891E-20
   4.3886626E+02  -1.0508608E-19
   4.3920000E+02  -1.2091712E-19
   4.3953374E+02  -1.2408165E-19
   4.3986747E+02  -1.1192351E-19
   4.4020121E+02  -8.3311098E-20
   4.4053495E+02  -3.9025971E-20
   4.4086869E+02   1.8036247E-20
   4.4120243E+02   8.2906988E-20
   4.4153617E+02   1.4885853E-19
   4.4186991E+02   2.0799111E-19
   4.4220364E+02   2.5205680E-19
   4.4253738E+02   2.7345120E-19
   4.4287112E+02   2.6626856E-19
   4.4320486E+02   2.2729662E-19
   4.4353860E+02   1.5681716E-19
   4.4387234E+02   5.9083585E-20
   4.4420608E+02  -5.7628303E-20
   4.4453981E+02  -1.8146073E-19
   4.4487355E+02  -2.9791794E-19
   4.4520729E+02  -3.9126175E-19
   4.4554103E+02  -4.4624874E-19
   4.4587477E+02  -4.5003831E-19
   4.4620851E+02  -3.9406093E-19
   4.4654225E+02  -2.7561500E-19
   4.4687598E+02  -9.8963010E-20
   4.4720972E+02   1.2426773E-19
   4.4754346E+02   3.7551477E-19
   4.4787720E+02   6.3059401E-19
   4.4821094E+02   8.6184848E-19
   4.4854468E+02   1.0409865E-18
   4.4887842E+02   1.1423510E-18
   4.4921215E+02   1.1462971E-18
   4.4954589E+02   1.0422907E-18
   4.4987963E+02   8.3133187E-19
   4.5021337E+02   5.2733886E-19
   4.5054711E+02   1.5720185E-19
   4.5088085E+02  -2.4066158E-19
   4.5121459E+02  -6.1927590E-19
   4.5154832E+02  -9.2744504E-19
   4.5188206E+02  -1.1151475E-18
   4.5221580E+02  -1.1395088E-18
   4.5254954E+02  -9.7077048E-19
   4.5288328E+02  -5.9759369E-19
   4.5321702E+02  -3.1064871E-20
   4.5355076E+02   6.9317880E-19
   4.5388450E+02   1.5150994E-18
   4.5421823E+02   2.3528693E-18
   4.5455197E+02   3.1078431E-18
   4.5488571E+02   3.6714837E-18
   4.5521945E+02   3.9335499E-18
   4.5555319E+02   3.7905953E-18
   4.5588693E+02   3.1537096E-18
   4.5622067E+02   1.9543428E-18
   4.5655440E+02   1.4720186E-19
   4.5688814E+02  -2.2905998E-18
   4.5722188E+02  -5.3645926E-18
   4.5755562E+02  -9.0722746E-18
   4.5788936E+02  -1.3416249E-17
   4.5822310E+02  -1.8420450E-17
   4.5855684E+02  -2.4148297E-17
   4.5889057E+02  -3.0721349E-17
   4.5922431E+02  -3.8337217E-17
   4.5955805E+02  -4.7285307E-17
   4.5989179E+02  -5.7959493E-17
   4.6022553E+02  -7.0867051E-17
   4.6055927E+02  -8.6633617E-17
   4.6089301E+02  -1.0600478E-16
   4.6122674E+02  -1.2984495E-16
   4.6156048E+02  -1.5913482E-16
   4.6189422E+02  -1.9496943E-16
   4.6222796E+02  -2.3855860E-16
   4.6256170E+02  -2.9123145E-16
   4.6289544E+02  -3.5444631E-16
   4.6322918E+02  -4.2980686E-16
   4.6356291E+02  -5.1908482E-16
   4.6389665E+02  -6.2424523E-16
   4.6423039E+02  -7.4747328E-16
   4.6456413E+02  -8.9119746E-16
   4.6489787E+02  -1.0581023E-15
   4.6523161E+02  -1.2511278E-15
   4.6556535E+02  -1.4734466E-15
   4.6589908E+02  -1.7284151E-15
   4.6623282E+02  -2.0194911E-15
   4.6656656E+02  -2.3501135E-15
   4.6690030E+02  -2.7235362E-15
   4.6723404E+02  -3.1426066E-15
   4.6756778E+02  -3.6094895E-15
   4.6790152E+02  -4.1253041E-15
   4.6823525E+02  -4.6896873E-15
   4.6856899E+02  -5.3002257E-15
   4.6890273E+02  -5.9517812E-15
   4.6923647E+02  -6.6356341E-15
   4.6957021E+02  -7.3384148E-15
   4.6990395E+02  -8.0407745E-15
   4.7023769E+02  -8.7157225E-15
   4.7057142E+02  -9.3265561E-15
   4.7090516E+02  -9.8242456E-15
   4.7123890E+02  -1.0144282E-14
   4.7157264E+02  -1.0202681E-14
   4.7190638E+02  -9.8911976E-15
   4.7224012E+02  -9.0714501E-15
   4.7257386E+02  -7.5678091E-15
   4.7290760E+02  -5.1590481E-15
   4.7324133E+02  -1.5681240E-15
   4.7357507E+02   3.5497846E-15
   4.7390881E+02   1.0621647E-14
   4.7424255E+02   2.0173336E-14
   4.7457629E+02   3.2849943E-14
   4.7491003E+02   4.9439348E-14
   4.7524377E+02   7.0900229E-14
   4.7557750E+02   9.8395311E-14
   4.7591124E+02   1.3332990E-13
   4.7624498E+02   1.7739777E-13
   4.7657872E+02   2.3263498E-13
   4.7691246E+02   3.0148258E-13
   4.7724620E+02   3.8685976E-13
   4.7757994E+02   4.9225072E-13
   4.7791367E+02   6.2180372E-13
   4.7824741E+02   7.8044559E-13
   4.7858115E+02   9.7401828E-13
   4.7891489E+02   1.2094301E-12
   4.7924863E+02   1.4948380E-12
   4.7958237E+02   1.8398503E-12
   4.7991611E+02   2.2557639E-12
   4.8024984E+02   2.7558394E-12
   4.8058358E+02   3.3556105E-12
   4.8091732E+02   4.0732357E-12
   4.8125106E+02   4.9299072E-12
   4.8158480E+02   5.9503175E-12
   4.8191854E+02   7.1631919E-12
   4.8225228E+02   8.6018597E-12
   4.8258601E+02   1.0304970E-11
   4.8291975E+02   1.2317240E-11
   4.8325349E+02   1.4690322E-11
   4.8358723E+02   1.7483799E-11
   4.8392097E+02   2.0766285E-11
   4.8425471E+02   2.4616639E-11
   4.8458845E+02   2.9125414E-11
   4.8492218E+02   3.4396323E-11
   4.8525592E+02   4.0548068E-11
   4.8558966E+02   4.7716206E-11
   4.8592340E+02   5.6055334E-11
   4.8625714E+02   6.5741419E-11
   4.8659088E+02   7.6974524E-11
   4.8692462E+02   8.9981682E-11
   4.8725835E+02   1.0502008E-10
   4.8759209E+02   1.2238074E-10
   4.8792583E+02   1.4239221E-10
   4.8825957E+02   1.6542512E-10
   4.8859331E+02   1.9189650E-10
   4.8892705E+02   2.2227514E-10
   4.8926079E+02   2.5708702E-10
   4.8959452E+02   2.9692121E-10
   4.8992826E+02   3.4243638E-10
   4.9026200E+02   3.9436779E-10
   4.9059574E+02   4.5353515E-10
   4.9092948E+02   5.2084970E-10
   4.9126322E+02   5.9732397E-10
   4.9159696E+02   6.8407957E-10
   4.9193069E+02   7.8235862E-10
   4.9226443E+02   8.9353269E-10
   4.9259817E+02   1.0191138E-09
   4.9293191E+02   1.1607666E-09
   4.9326565E+02   1.3203194E-09
   4.9359939E+02   1.4997763E-09
   4.9393313E+02   1.7013319E-09
   4.9426687E+02   1.9273800E-09
   4.9460060E+02   2.1805324E-09
   4.9493434E+02   2.4636304E-09
   4.9526808E+02   2.7797542E-09
   4.9560182E+02   3.1322431E-09
   4.9593556E+02   3.5247079E-09
   4.9626930E+02   3.9610382E-09
   4.9660304E+02   4.4454258E-09
   4.9693677E+02   4.9823630E-09
   4.9727051E+02   5.5766671E-09
   4.9760425E+02   6.2334808E-09
   4.9793799E+02   6.9582895E-09
   4.9827173E+02   7.7569187E-09
   4.9860547E+02   8.6355438E-09
   4.9893921E+02   9.6006953E-09
   4.9927294E+02   1.0659258E-08
   4.9960668E+02   1.1818467E-08
   4.9994042E+02   1.3085900E-08
   5.0027416E+02   1.4469467E-08
   5.0060790E+02   1.5977394E-08
   5.0094164E+02   1.7618227E-08
   5.0127538E+02   1.9400778E-08
   5.0160911E+02   2.1334106E-08
   5.0194285E+02   2.3427491E-08
   5.0227659E+02   2.5690397E-08
   5.0261033E+02   2.8132387E-08
   5.0294407E+02   3.0763111E-08
   5.0327781E+02   3.3592272E-08
   5.0361155E+02   3.6629444E-08
   5.0394528E+02   3.9884114E-08
   5.0427902E+02   4.3365549E-08
   5.0461276E+02   4.7082704E-08
   5.0494650E+02   5.1044093E-08
   5.0528024E+02   5.5257757E-08
   5.0561398E+02   5.9731057E-08
   5.0594772E+02   6.4470633E-08
   5.0628145E+02   6.9482176E-08
   5.0661519E+02   7.4770348E-08
   5.0694893E+02   8.0338673E-08
   5.0728267E+02   8.6189289E-08
   5.0761641E+02   9.2322864E-08
   5.0795015E+02   9.8738312E-08
   5.0828389E+02   1.0543279E-07
   5.0861762E+02   1.1240147E-07
   5.0895136E+02   1.1963733E-07
   5.0928510E+02   1.2713085E-07
   5.0961884E+02   1.3487022E-07
   5.0995258E+02   1.4284065E-07
   5.1028632E+02   1.5102466E-07
   5.1062006E+02   1.5940188E-07
   5.1095379E+02   1.6794851E-07
   5.1128753E+02   1.7663750E-07
   5.1162127E+02   1.8543835E-07
   5.1195501E+02   1.9431715E-07
   5.1228875E+02   2.0323614E-07
   5.1262249E+02   2.1215395E-07
   5.1295623E+02   2.2102535E-07
   5.1328997E+02   2.2980122E-07
   5.1362370E+02   2.3842878E-07
   5.1395744E+02   2.4685130E-07
   5.1429118E+02   2.5500844E-07
   5.1462492E+02   2.6283607E-07
   5.1495866E+02   2.7026653E-07
   5.1529240E+02   2.7722857E-07
   5.1562614E+02   2.8364815E-07
   5.1595987E+02   2.8944757E-07
   5.1629361E+02   2.9454725E-07
   5.1662735E+02   2.9886448E-07
   5.1696109E+02   3.0231485E-07
   5.1729483E+02   3.0481198E-07
   5.1762857E+02   3.0626845E-07
   5.1796231E+02   3.0659581E-07
   5.1829604E+02   3.0570536E-07
   5.1862978E+02   3.0350864E-07
   5.1896352E+02   2.9991799E-07
   5.1929726E+02   2.9484710E-07
   5.1963100E+02   2.8821160E-07
   5.1996474E+02   2.7992976E-07
   5.2029848E+02   2.6992333E-07
   5.2063221E+02   2.5811758E-07
   5.2096595E+02   2.4444302E-07
   5.2129969E+02   2.2883539E-07
   5.2163343E+02   2.1123660E-07
   5.2196717E+02   1.9159511E-07
   5.2230091E+02   1.6986735E-07
   5.2263465E+02   1.4601741E-07
   5.2296838E+02   1.2001873E-07
   5.2330212E+02   9.1854105E-08
   5.2363586E+02   6.1516488E-08
   5.2396960E+02   2.9009611E-08
   5.2430334E+02  -5.6517990E-09
   5.2463708E+02  -4.2441201E-08
   5.2497082E+02  -8.1319904E-08
   5.2530455E+02  -1.2223684E-07
   5.2563829E+02  -1.6512817E-07
   5.2597203E+02  -2.0991703E-07
   5.2630577E+02  -2.5651363E-07
   5.2663951E+02  -3.0481482E-07
   5.2697325E+02  -3.5470447E-07
   5.2730699E+02  -4.0605354E-07
   5.2764072E+02  -4.5872008E-07
   5.2797446E+02  -5.1254983E-07
   5.2830820E+02  -5.6737622E-07
   5.2864194E+02  -6.2302132E-07
   5.2897568E+02  -6.7929619E-07
   5.2930942E+02  -7.3600154E-07
   5.2964316E+02  -7.9292840E-07
   5.2997689E+02  -8.4985982E-07
   5.3031063E+02  -9.0657011E-07
   5.3064437E+02  -9.6282770E-07
   5.3097811E+02  -1.0183951E-06
   5.3131185E+02  -1.0730304E-06
   5.3164559E+02  -1.1264887E-06
   5.3197933E+02  -1.1785229E-06
   5.3231306E+02  -1.2288859E-06
   5.3264680E+02  -1.2773304E-06
   5.3298054E+02  -1.3236127E-06
   5.3331428E+02  -1.3674910E-06
   5.3364802E+02  -1.4087306E-06
   5.3398176E+02  -1.4471018E-06
   5.3431550E+02  -1.4823835E-06
   5.3464924E+02  -1.5143639E-06
   5.3498297E+02  -1.5428418E-06
   5.3531671E+02  -1.5676284E-06
   5.3565045E+02  -1.5885478E-06
   5.3598419E+02  -1.6054388E-06
   5.3631793E+02  -1.6181575E-06
   5.3665167E+02  -1.6265742E-06
   5.3698541E+02  -1.6305797E-06
   5.3731914E+02  -1.6300818E-06
   5.3765288E+02  -1.6250085E-06
   5.3798662E+02  -1.6153085E-06
   5.3832036E+02  -1.6009501E-06
   5.3865410E+02  -1.5819246E-06
   5.3898784E+02  -1.5582438E-06
   5.3932158E+02  -1.5299419E-06
   5.3965531E+02  -1.4970745E-06
   5.3998905E+02  -1.4597186E-06
   5.4032279E+02  -1.4179741E-06
   5.4065653E+02  -1.3719609E-06
   5.4099027E+02  -1.3218207E-06
   5.4132401E+02  -1.2677143E-06
   5.4165775E+02  -1.2098230E-06
   5.4199148E+02  -1.1483463E-06
   5.4232522E+02  -1.0835007E-06
   5.4265896E+02  -1.0155206E-06
   5.4299270E+02  -9.4465452E-07
   5.4332644E+02  -8.7116558E-07
   5.4366018E+02  -7.9532930E-07
   5.4399392E+02  -7.1743273E-07
   5.4432765E+02  -6.3777270E-07
   5.4466139E+02  -5.5665390E-07
   5.4499513E+02  -4.7438755E-07
   5.4532887E+02  -3.9128963E-07
   5.4566261E+02  -3.0767939E-07
   5.4599635E+02  -2.2387752E-07
   5.4633009E+02  -1.4020401E-07
   5.4666382E+02  -5.6977242E-08
   5.4699756E+02   2.5487992E-08
   5.4733130E+02   1.0688257E-07
   5.4766504E+02   1.8690424E-07
   5.4799878E+02   2.6525905E-07
   5.4833252E+02   3.4166328E-07
   5.4866626E+02   4.1584454E-07
   5.4899999E+02   4.8754322E-07
   5.4933373E+02   5.5651378E-07
   5.4966747E+02   6.2252622E-07
   5.5000121E+02   6.8536622E-07
   5.5033495E+02   7.4483728E-07
   5.5066869E+02   8.0076074E-07
   5.5100243E+02   8.5297643E-07
   5.5133616E+02   9.0134472E-07
   5.5166990E+02   9.4574398E-07
   5.5200364E+02   9.8607461E-07
   5.5233738E+02   1.0222564E-06
   5.5267112E+02   1.0542300E-06
   5.5300486E+02   1.0819565E-06
   5.5333860E+02   1.1054176E-06
   5.5367234E+02   1.1246154E-06
   5.5400607E+02   1.1395716E-06
   5.5433981E+02   1.1503267E-06
   5.5467355E+02   1.1569408E-06
   5.5500729E+02   1.1594913E-06
   5.5534103E+02   1.1580734E-06
   5.5567477E+02   1.1527975E-06
   5.5600851E+02   1.1437915E-06
   5.5634224E+02   1.1311962E-06
   5.5667598E+02   1.1151658E-06
   5.5700972E+02   1.0958669E-06
   5.5734346E+02   1.0734776E-06
   5.5767720E+02   1.0481853E-06
   5.5801094E+02   1.0201856E-06
   5.5834468E+02   9.8968223E-07
   5.5867841E+02   9.5688495E-07
   5.5901215E+02   9.2200753E-07
   5.5934589E+02   8.8526701E-07
   5.5967963E+02   8.4688349E-07
   5.6001337E+02   8.0707741E-07
   5.6034711E+02   7.6606858E-07
   5.6068085E+02   7.2407585E-07
   5.6101458E+02   6.8131499E-07
   5.6134832E+02   6.3799808E-07
   5.6168206E+02   5.9433245E-07
   5.6201580E+02   5.5051953E-07
   5.6234954E+02   5.0675430E-07
   5.6268328E+02   4.6322387E-07
   5.6301702E+02   4.2010672E-07
   5.6335075E+02   3.7757255E-07
   5.6368449E+02   3.3578118E-07
   5.6401823E+02   2.9488217E-07
   5.6435197E+02   2.5501410E-07
   5.6468571E+02   2.1630430E-07
   5.6501945E+02   1.7886892E-07
   5.6535319E+02   1.4281170E-07
   5.6568692E+02   1.0822507E-07
   5.6602066E+02   7.5189078E-08
   5.6635440E+02   4.3771934E-08
   5.6668814E+02   1.4029510E-08
   5.6702188E+02  -1.3993883E-08
   5.6735562E+02  -4.0265654E-08
   5.6768936E+02  -6.4764613E-08
   5.6802309E+02  -8.7480586E-08
   5.6835683E+02  -1.0841394E-07
   5.6869057E+02  -1.2757533E-07
   5.6902431E+02  -1.4498495E-07
   5.6935805E+02  -1.6067217E-07
   5.6969179E+02  -1.7467484E-07
   5.7002553E+02  -1.8703872E-07
   5.7035926E+02  -1.9781689E-07
   5.7069300E+02  -2.0706901E-07
   5.7102674E+02  -2.1486056E-07
   5.7136048E+02  -2.2126241E-07
   5.7169422E+02  -2.2634985E-07
   5.7202796E+02  -2.3020192E-07
   5.7236170E+02  -2.3290073E-07
   5.7269543E+02  -2.3453069E-07
   5.7302917E+02  -2.3517796E-07
   5.7336291E+02  -2.3492942E-07
   5.7369665E+02  -2.3387238E-07
   5.7403039E+02  -2.3209367E-07
   5.7436413E+02  -2.2967924E-07
   5.7469787E+02  -2.2671335E-07
   5.7503161E+02  -2.2327821E-07
   5.7536534E+02  -2.1945343E-07
   5.7569908E+02  -2.1531545E-07
   5.7603282E+02  -2.1093727E-07
   5.7636656E+02  -2.0638788E-07
   5.7670030E+02  -2.0173208E-07
   5.7703404E+02  -1.9703015E-07
   5.7736778E+02  -1.9233738E-07
   5.7770151E+02  -1.8770434E-07
   5.7803525E+02  -1.8317631E-07
   5.7836899E+02  -1.7879337E-07
   5.7870273E+02  -1.7459023E-07
   5.7903647E+02  -1.7059644E-07
   5.7937021E+02  -1.6683610E-07
   5.7970395E+02  -1.6332822E-07
   5.8003768E+02  -1.6008661E-07
   5.8037142E+02  -1.5712017E-07
   5.8070516E+02  -1.5443290E-07
   5.8103890E+02  -1.5202433E-07
   5.8137264E+02  -1.4988953E-07
   5.8170638E+02  -1.4801965E-07
   5.8204012E+02  -1.4640206E-07
   5.8237385E+02  -1.4502068E-07
   5.8270759E+02  -1.4385634E-07
   5.8304133E+02  -1.4288719E-07
   5.8337507E+02  -1.4208904E-07
   5.8370881E+02  -1.4143565E-07
   5.8404255E+02  -1.4089916E-07
   5.8437629E+02  -1.4045051E-07
   5.8471002E+02  -1.4005967E-07
   5.8504376E+02  -1.3969618E-07
   5.8537750E+02  -1.3932934E-07
   5.8571124E+02  -1.3892875E-07
   5.8604498E+02  -1.3846453E-07
   5.8637872E+02  -1.3790762E-07
   5.8671246E+02  -1.3723019E-07
   5.8704619E+02  -1.3640586E-07
   5.8737993E+02  -1.3541000E-07
   5.8771367E+02  -1.3421989E-07
   5.8804741E+02  -1.3281505E-07
   5.8838115E+02  -1.3117739E-07
   5.8871489E+02  -1.2929135E-07
   5.8904863E+02  -1.2714409E-07
   5.8938236E+02  -1.2472566E-07
   5.8971610E+02  -1.2202901E-07
   5.9004984E+02  -1.1905017E-07
   5.9038358E+02  -1.1578821E-07
   5.9071732E+02  -1.1224531E-07
   5.9105106E+02  -1.0842671E-07
   5.9138480E+02  -1.0434069E-07
   5.9171853E+02  -9.9998474E-08
   5.9205227E+02  -9.5414244E-08
   5.9238601E+02  -9.0604900E-08
   5.9271975E+02  -8.5590031E-08
   5.9305349E+02  -8.0391786E-08
   5.9338723E+02  -7.5034635E-08
   5.9372097E+02  -6.9545372E-08
   5.9405471E+02  -6.3952726E-08
   5.9438844E+02  -5.8287384E-08
   5.9472218E+02  -5.2581555E-08
   5.9505592E+02  -4.6868927E-08
   5.9538966E+02  -4.1184293E-08
   5.9572340E+02  -3.5563389E-08
   5.9605714E+02  -3.0042514E-08
   5.9639088E+02  -2.4658434E-08
   5.9672461E+02  -1.9447981E-08
   5.9705835E+02  -1.4447878E-08
   5.9739209E+02  -9.6944888E-09
   5.9772583E+02  -5.2235265E-09
   5.9805957E+02  -1.0697363E-09
   5.9839331E+02   2.7332447E-09
   5.9872705E+02   6.1531722E-09
   5.9906078E+02   9.1597485E-09
   5.9939452E+02   1.1724197E-08
   5.9972826E+02   1.3820213E-08
   6.0006200E+02   1.5423851E-08
   6.0039574E+02   1.6513724E-08
   6.0072948E+02   1.7071258E-08
   6.0106322E+02   1.7080865E-08
   6.0139695E+02   1.6530024E-08
   6.0173069E+02   1.5409498E-08
   6.0206443E+02   1.3713418E-08
   6.0239817E+02   1.1439482E-08
   6.0273191E+02   8.5888701E-09
   6.0306565E+02   5.1664841E-09
   6.0339939E+02   1.1808794E-09
   6.0373312E+02  -3.3555807E-09
   6.0406686E+02  -8.4268521E-09
   6.0440060E+02  -1.4013096E-08
   6.0473434E+02  -2.0090894E-08
   6.0506808E+02  -2.6633174E-08
   6.0540182E+02  -3.3609432E-08
   6.0573556E+02  -4.0985768E-08
   6.0606929E+02  -4.8725148E-08
   6.0640303E+02  -5.6787428E-08
   6.0673677E+02  -6.5129797E-08
   6.0707051E+02  -7.3706651E-08
   6.0740425E+02  -8.2470216E-08
   6.0773799E+02  -9.1370410E-08
   6.0807173E+02  -1.0035553E-07
   6.0840546E+02  -1.0937222E-07
   6.0873920E+02  -1.1836597E-07
   6.0907294E+02  -1.2728137E-07
   6.0940668E+02  -1.3606247E-07
   6.0974042E+02  -1.4465320E-07
   6.1007416E+02  -1.5299753E-07
   6.1040790E+02  -1.6104011E-07
   6.1074163E+02  -1.6872636E-07
   6.1107537E+02  -1.7600301E-07
   6.1140911E+02  -1.8281825E-07
   6.1174285E+02  -1.8912223E-07
   6.1207659E+02  -1.9486748E-07
   6.1241033E+02  -2.0000891E-07
   6.1274407E+02  -2.0450440E-07
   6.1307781E+02  -2.0831523E-07
   6.1341154E+02  -2.1140583E-07
   6.1374528E+02  -2.1374450E-07
   6.1407902E+02  -2.1530354E-07
   6.1441276E+02  -2.1605946E-07
   6.1474650E+02  -2.1599294E-07
   6.1508024E+02  -2.1508905E-07
   6.1541398E+02  -2.1333756E-07
   6.1574771E+02  -2.1073274E-07
   6.1608145E+02  -2.0727343E-07
   6.1641519E+02  -2.0296311E-07
   6.1674893E+02  -1.9781001E-07
   6.1708267E+02  -1.9182676E-07
   6.1741641E+02  -1.8503037E-07
   6.1775015E+02  -1.7744232E-07
   6.1808388E+02  -1.6908820E-07
   6.1841762E+02  -1.5999767E-07
   6.1875136E+02  -1.5020395E-07
   6.1908510E+02  -1.3974386E-07
   6.1941884E+02  -1.2865746E-07
   6.1975258E+02  -1.1698778E-07
   6.2008632E+02  -1.0478037E-07
   6.2042005E+02  -9.2083098E-08
   6.2075379E+02  -7.8945988E-08
   6.2108753E+02  -6.5420409E-08
   6.2142127E+02  -5.1559088E-08
   6.2175501E+02  -3.7415781E-08
   6.2208875E+02  -2.3044578E-08
   6.2242249E+02  -8.4998319E-09
   6.2275622E+02   6.1643135E-09
   6.2308996E+02   2.0894191E-08
   6.2342370E+02   3.5637044E-08
   6.2375744E+02   5.0341264E-08
   6.2409118E+02   6.4956708E-08
   6.2442492E+02   7.9434990E-08
   6.2475866E+02   9.3729660E-08
   6.2509239E+02   1.0779646E-07
   6.2542613E+02   1.2159350E-07
   6.2575987E+02   1.3508134E-07
   6.2609361E+02   1.4822331E-07
   6.2642735E+02   1.6098527E-07
   6.2676109E+02   1.7333599E-07
   6.2709483E+02   1.8524698E-07
   6.2742856E+02   1.9669264E-07
   6.2776230E+02   2.0765003E-07
   6.2809604E+02   2.1809900E-07
   6.2842978E+02   2.2802192E-07
   6.2876352E+02   2.3740360E-07
   6.2909726E+02   2.4623114E-07
   6.2943100E+02   2.5449376E-07
   6.2976473E+02   2.6218234E-07
   6.3009847E+02   2.6928947E-07
   6.3043221E+02   2.7580921E-07
   6.3076595E+02   2.8173639E-07
   6.3109969E+02   2.8706694E-07
   6.3143343E+02   2.9179682E-07
   6.3176717E+02   2.9592246E-07
   6.3210090E+02   2.9944013E-07
   6.3243464E+02   3.0234554E-07
   6.3276838E+02   3.0463372E-07
   6.3310212E+02   3.0629843E-07
   6.3343586E+02   3.0733264E-07
   6.3376960E+02   3.0772730E-07
   6.3410334E+02   3.0747191E-07
   6.3443708E+02   3.0655394E-07
   6.3477081E+02   3.0495869E-07
   6.3510455E+02   3.0266929E-07
   6.3543829E+02   2.9966645E-07
   6.3577203E+02   2.9592869E-07
   6.3610577E+02   2.9143197E-07
   6.3643951E+02   2.8614994E-07
   6.3677325E+02   2.8005388E-07
   6.3710698E+02   2.7311285E-07
   6.3744072E+02   2.6529381E-07
   6.3777446E+02   2.5656206E-07
   6.3810820E+02   2.4688123E-07
   6.3844194E+02   2.3621371E-07
   6.3877568E+02   2.2452090E-07
   6.3910942E+02   2.1176359E-07
   6.3944315E+02   1.9790249E-07
   6.3977689E+02   1.8289894E-07
   6.4011063E+02   1.6671477E-07
   6.4044437E+02   1.4931314E-07
   6.4077811E+02   1.3065888E-07
   6.4111185E+02   1.1071964E-07
   6.4144559E+02   8.9465871E-08
   6.4177932E+02   6.6871387E-08
   6.4211306E+02   4.2914444E-08
   6.4244680E+02   1.7577790E-08
   6.4278054E+02  -9.1504049E-09
   6.4311428E+02  -3.7276259E-08
   6.4344802E+02  -6.6799132E-08
   6.4378176E+02  -9.7712118E-08
   6.4411549E+02  -1.3000042E-07
   6.4444923E+02  -1.6364186E-07
   6.4478297E+02  -1.9860570E-07
   6.4511671E+02  -2.3485327E-07
   6.4545045E+02  -2.7233671E-07
   6.4578419E+02  -3.1099935E-07
   6.4611793E+02  -3.5077514E-07
   6.4645166E+02  -3.9158866E-07
   6.4678540E+02  -4.3335541E-07
   6.4711914E+02  -4.7598138E-07
   6.4745288E+02  -5.1936337E-07
   6.4778662E+02  -5.6338928E-07
   6.4812036E+02  -6.0793843E-07
   6.4845410E+02  -6.5288140E-07
   6.4878783E+02  -6.9808141E-07
   6.4912157E+02  -7.4339380E-07
   6.4945531E+02  -7.8866714E-07
   6.4978905E+02  -8.3374402E-07
   6.5012279E+02  -8.7846098E-07
   6.5045653E+02  -9.2265066E-07
   6.5079027E+02  -9.6614076E-07
   6.5112400E+02  -1.0087568E-06
   6.5145774E+02  -1.0503218E-06
   6.5179148E+02  -1.0906576E-06
   6.5212522E+02  -1.1295859E-06
   6.5245896E+02  -1.1669298E-06
   6.5279270E+02  -1.2025139E-06
   6.5312644E+02  -1.2361662E-06
   6.5346018E+02  -1.2677187E-06
   6.5379391E+02  -1.2970085E-06
   6.5412765E+02  -1.3238790E-06
   6.5446139E+02  -1.3481814E-06
   6.5479513E+02  -1.3697747E-06
   6.5512887E+02  -1.3885266E-06
   6.5546261E+02  -1.4043168E-06
   6.5579635E+02  -1.4170344E-06
   6.5613008E+02  -1.4265810E-06
   6.5646382E+02  -1.4328716E-06
   6.5679756E+02  -1.4358337E-06
   6.5713130E+02  -1.4354099E-06
   6.5746504E+02  -1.4315564E-06
   6.5779878E+02  -1.4242445E-06
   6.5813252E+02  -1.4134615E-06
   6.5846625E+02  -1.3992097E-06
   6.5879999E+02  -1.3815074E-06
   6.5913373E+02  -1.3603888E-06
   6.5946747E+02  -1.3359033E-06
   6.5980121E+02  -1.3081166E-06
   6.6013495E+02  -1.2771097E-06
