  -7.8094826E+01   0.0000000E+00
  -7.7761087E+01   0.0000000E+00
  -7.7427349E+01   0.0000000E+00
  -7.7093610E+01   0.0000000E+00
  -7.6759871E+01   0.0000000E+00
  -7.6426133E+01   0.0000000E+00
  -7.6092394E+01   0.0000000E+00
  -7.5758656E+01   0.0000000E+00
  -7.5424917E+01   0.0000000E+00
  -7.5091178E+01   0.0000000E+00
  -7.4757440E+01   0.0000000E+00
  -7.4423701E+01   0.0000000E+00
  -7.4089963E+01   0.0000000E+00
  -7.3756224E+01   0.0000000E+00
  -7.3422485E+01   0.0000000E+00
  -7.3088747E+01   0.0000000E+00
  -7.2755008E+01   0.0000000E+00
  -7.2421270E+01   0.0000000E+00
  -7.2087531E+01   0.0000000E+00
  -7.1753792E+01   0.0000000E+00
  -7.1420054E+01   0.0000000E+00
  -7.1086315E+01   0.0000000E+00
  -7.0752577E+01   0.0000000E+00
  -7.0418838E+01   0.0000000E+00
  -7.0085099E+01   0.0000000E+00
  -6.9751361E+01   0.0000000E+00
  -6.9417622E+01   0.0000000E+00
  -6.9083884E+01   0.0000000E+00
  -6.8750145E+01   0.0000000E+00
  -6.8416406E+01   0.0000000E+00
  -6.8082668E+01   0.0000000E+00
  -6.7748929E+01   0.0000000E+00
  -6.7415191E+01   0.0000000E+00
  -6.7081452E+01   0.0000000E+00
  -6.6747714E+01   0.0000000E+00
  -6.6413975E+01   0.0000000E+00
  -6.6080236E+01   0.0000000E+00
  -6.5746498E+01   0.0000000E+00
  -6.5412759E+01   0.0000000E+00
  -6.5079021E+01   0.0000000E+00
  -6.4745282E+01   0.0000000E+00
  -6.4411543E+01   0.0000000E+00
  -6.4077805E+01   0.0000000E+00
  -6.3744066E+01   0.0000000E+00
  -6.3410328E+01   0.0000000E+00
  -6.3076589E+01   0.0000000E+00
  -6.2742850E+01   0.0000000E+00
  -6.2409112E+01   0.0000000E+00
  -6.2075373E+01   0.0000000E+00
  -6.1741635E+01   0.0000000E+00
  -6.1407896E+01   0.0000000E+00
  -6.1074157E+01   0.0000000E+00
  -6.0740419E+01   0.0000000E+00
  -6.0406680E+01   0.0000000E+00
  -6.0072942E+01   0.0000000E+00
  -5.9739203E+01   0.0000000E+00
  -5.9405464E+01   0.0000000E+00
  -5.9071726E+01   0.0000000E+00
  -5.8737987E+01   0.0000000E+00
  -5.8404249E+01   0.0000000E+00
  -5.8070510E+01   0.0000000E+00
  -5.7736771E+01   0.0000000E+00
  -5.7403033E+01   0.0000000E+00
  -5.7069294E+01   0.0000000E+00
  -5.6735556E+01   0.0000000E+00
  -5.6401817E+01   0.0000000E+00
  -5.6068078E+01   0.0000000E+00
  -5.5734340E+01   0.0000000E+00
  -5.5400601E+01   0.0000000E+00
  -5.5066863E+01   0.0000000E+00
  -5.4733124E+01   0.0000000E+00
  -5.4399385E+01   0.0000000E+00
  -5.4065647E+01   0.0000000E+00
  -5.3731908E+01   0.0000000E+00
  -5.3398170E+01   0.0000000E+00
  -5.3064431E+01   0.0000000E+00
  -5.2730693E+01   0.0000000E+00
  -5.2396954E+01   0.0000000E+00
  -5.2063215E+01   0.0000000E+00
  -5.1729477E+01   0.0000000E+00
  -5.1395738E+01   0.0000000E+00
  -5.1062000E+01   0.0000000E+00
  -5.0728261E+01   0.0000000E+00
  -5.0394522E+01   0.0000000E+00
  -5.0060784E+01   0.0000000E+00
  -4.9727045E+01   0.0000000E+00
  -4.9393307E+01   0.0000000E+00
  -4.9059568E+01   0.0000000E+00
  -4.8725829E+01   0.0000000E+00
  -4.8392091E+01   0.0000000E+00
  -4.8058352E+01   0.0000000E+00
  -4.7724614E+01   0.0000000E+00
  -4.7390875E+01   0.0000000E+00
  -4.7057136E+01   0.0000000E+00
  -4.6723398E+01   0.0000000E+00
  -4.6389659E+01   0.0000000E+00
  -4.6055921E+01   0.0000000E+00
  -4.5722182E+01   0.0000000E+00
  -4.5388443E+01   0.0000000E+00
  -4.5054705E+01   0.0000000E+00
  -4.4720966E+01   0.0000000E+00
  -4.4387228E+01   0.0000000E+00
  -4.4053489E+01   0.0000000E+00
  -4.3719750E+01   0.0000000E+00
  -4.3386012E+01   0.0000000E+00
  -4.3052273E+01   0.0000000E+00
  -4.2718535E+01   0.0000000E+00
  -4.2384796E+01   0.0000000E+00
  -4.2051057E+01   0.0000000E+00
  -4.1717319E+01   0.0000000E+00
  -4.1383580E+01   0.0000000E+00
  -4.1049842E+01   0.0000000E+00
  -4.0716103E+01   0.0000000E+00
  -4.0382364E+01   0.0000000E+00
  -4.0048626E+01   0.0000000E+00
  -3.9714887E+01   0.0000000E+00
  -3.9381149E+01   0.0000000E+00
  -3.9047410E+01   0.0000000E+00
  -3.8713672E+01   0.0000000E+00
  -3.8379933E+01   0.0000000E+00
  -3.8046194E+01   0.0000000E+00
  -3.7712456E+01   0.0000000E+00
  -3.7378717E+01   0.0000000E+00
  -3.7044979E+01   0.0000000E+00
  -3.6711240E+01   0.0000000E+00
  -3.6377501E+01   0.0000000E+00
  -3.6043763E+01   0.0000000E+00
  -3.5710024E+01   0.0000000E+00
  -3.5376286E+01   0.0000000E+00
  -3.5042547E+01   0.0000000E+00
  -3.4708808E+01   0.0000000E+00
  -3.4375070E+01   0.0000000E+00
  -3.4041331E+01   0.0000000E+00
  -3.3707593E+01   0.0000000E+00
  -3.3373854E+01   0.0000000E+00
  -3.3040115E+01   0.0000000E+00
  -3.2706377E+01   0.0000000E+00
  -3.2372638E+01   0.0000000E+00
  -3.2038900E+01   0.0000000E+00
  -3.1705161E+01   0.0000000E+00
  -3.1371422E+01   0.0000000E+00
  -3.1037684E+01   0.0000000E+00
  -3.0703945E+01   0.0000000E+00
  -3.0370207E+01   0.0000000E+00
  -3.0036468E+01   0.0000000E+00
  -2.9702729E+01   0.0000000E+00
  -2.9368991E+01   0.0000000E+00
  -2.9035252E+01   0.0000000E+00
  -2.8701514E+01   0.0000000E+00
  -2.8367775E+01   0.0000000E+00
  -2.8034036E+01   0.0000000E+00
  -2.7700298E+01   0.0000000E+00
  -2.7366559E+01   0.0000000E+00
  -2.7032821E+01   0.0000000E+00
  -2.6699082E+01   0.0000000E+00
  -2.6365343E+01   0.0000000E+00
  -2.6031605E+01   0.0000000E+00
  -2.5697866E+01   0.0000000E+00
  -2.5364128E+01   0.0000000E+00
  -2.5030389E+01   0.0000000E+00
  -2.4696651E+01   0.0000000E+00
  -2.4362912E+01   0.0000000E+00
  -2.4029173E+01   0.0000000E+00
  -2.3695435E+01   0.0000000E+00
  -2.3361696E+01   0.0000000E+00
  -2.3027958E+01   0.0000000E+00
  -2.2694219E+01   0.0000000E+00
  -2.2360480E+01   0.0000000E+00
  -2.2026742E+01   0.0000000E+00
  -2.1693003E+01   0.0000000E+00
  -2.1359265E+01   0.0000000E+00
  -2.1025526E+01   0.0000000E+00
  -2.0691787E+01   0.0000000E+00
  -2.0358049E+01   0.0000000E+00
  -2.0024310E+01   0.0000000E+00
  -1.9690572E+01   0.0000000E+00
  -1.9356833E+01   0.0000000E+00
  -1.9023094E+01   0.0000000E+00
  -1.8689356E+01   0.0000000E+00
  -1.8355617E+01   0.0000000E+00
  -1.8021879E+01   0.0000000E+00
  -1.7688140E+01   0.0000000E+00
  -1.7354401E+01   0.0000000E+00
  -1.7020663E+01   0.0000000E+00
  -1.6686924E+01   0.0000000E+00
  -1.6353186E+01   0.0000000E+00
  -1.6019447E+01   0.0000000E+00
  -1.5685708E+01   0.0000000E+00
  -1.5351970E+01   0.0000000E+00
  -1.5018231E+01   0.0000000E+00
  -1.4684493E+01   0.0000000E+00
  -1.4350754E+01   0.0000000E+00
  -1.4017015E+01   0.0000000E+00
  -1.3683277E+01   0.0000000E+00
  -1.3349538E+01   0.0000000E+00
  -1.3015800E+01   0.0000000E+00
  -1.2682061E+01   0.0000000E+00
  -1.2348322E+01   0.0000000E+00
  -1.2014584E+01   0.0000000E+00
  -1.1680845E+01   0.0000000E+00
  -1.1347107E+01   0.0000000E+00
  -1.1013368E+01   0.0000000E+00
  -1.0679630E+01   0.0000000E+00
  -1.0345891E+01   0.0000000E+00
  -1.0012152E+01   0.0000000E+00
  -9.6784137E+00   0.0000000E+00
  -9.3446751E+00   0.0000000E+00
  -9.0109365E+00   0.0000000E+00
  -8.6771979E+00   0.0000000E+00
  -8.3434593E+00   0.0000000E+00
  -8.0097207E+00   0.0000000E+00
  -7.6759821E+00   0.0000000E+00
  -7.3422436E+00   0.0000000E+00
  -7.0085050E+00   0.0000000E+00
  -6.6747664E+00   0.0000000E+00
  -6.3410278E+00   0.0000000E+00
  -6.0072892E+00   0.0000000E+00
  -5.6735506E+00   0.0000000E+00
  -5.3398120E+00   0.0000000E+00
  -5.0060734E+00   0.0000000E+00
  -4.6723348E+00   0.0000000E+00
  -4.3385962E+00   0.0000000E+00
  -4.0048576E+00   0.0000000E+00
  -3.6711190E+00   0.0000000E+00
  -3.3373804E+00   0.0000000E+00
  -3.0036418E+00   0.0000000E+00
  -2.6699032E+00   0.0000000E+00
  -2.3361646E+00   0.0000000E+00
  -2.0024260E+00   0.0000000E+00
  -1.6686874E+00   0.0000000E+00
  -1.3349488E+00   0.0000000E+00
  -1.0012102E+00   0.0000000E+00
  -6.6747165E-01   0.0000000E+00
  -3.3373305E-01   0.0000000E+00
   5.5432320E-06   0.0000000E+00
   3.3374414E-01   0.0000000E+00
   6.6748273E-01   0.0000000E+00
   1.0012213E+00   0.0000000E+00
   1.3349599E+00   0.0000000E+00
   1.6686985E+00   0.0000000E+00
   2.0024371E+00   0.0000000E+00
   2.3361757E+00   0.0000000E+00
   2.6699143E+00   0.0000000E+00
   3.0036529E+00   0.0000000E+00
   3.3373915E+00   0.0000000E+00
   3.6711301E+00   0.0000000E+00
   4.0048687E+00   0.0000000E+00
   4.3386073E+00   0.0000000E+00
   4.6723459E+00   0.0000000E+00
   5.0060845E+00   0.0000000E+00
   5.3398231E+00   0.0000000E+00
   5.6735617E+00   0.0000000E+00
   6.0073003E+00   0.0000000E+00
   6.3410389E+00   0.0000000E+00
   6.6747774E+00   0.0000000E+00
   7.0085160E+00   0.0000000E+00
   7.3422546E+00   0.0000000E+00
   7.6759932E+00   0.0000000E+00
   8.0097318E+00   0.0000000E+00
   8.3434704E+00   0.0000000E+00
   8.6772090E+00   0.0000000E+00
   9.0109476E+00   0.0000000E+00
   9.3446862E+00   0.0000000E+00
   9.6784248E+00   0.0000000E+00
   1.0012163E+01   0.0000000E+00
   1.0345902E+01   0.0000000E+00
   1.0679641E+01   0.0000000E+00
   1.1013379E+01   0.0000000E+00
   1.1347118E+01   0.0000000E+00
   1.1680856E+01   0.0000000E+00
   1.2014595E+01   0.0000000E+00
   1.2348334E+01   0.0000000E+00
   1.2682072E+01   0.0000000E+00
   1.3015811E+01   0.0000000E+00
   1.3349549E+01   0.0000000E+00
   1.3683288E+01   0.0000000E+00
   1.4017027E+01   0.0000000E+00
   1.4350765E+01   0.0000000E+00
   1.4684504E+01   0.0000000E+00
   1.5018242E+01   0.0000000E+00
   1.5351981E+01   0.0000000E+00
   1.5685720E+01   0.0000000E+00
   1.6019458E+01   0.0000000E+00
   1.6353197E+01   0.0000000E+00
   1.6686935E+01   0.0000000E+00
   1.7020674E+01   0.0000000E+00
   1.7354412E+01   0.0000000E+00
   1.7688151E+01   0.0000000E+00
   1.8021890E+01   0.0000000E+00
   1.8355628E+01   0.0000000E+00
   1.8689367E+01   0.0000000E+00
   1.9023105E+01   0.0000000E+00
   1.9356844E+01   0.0000000E+00
   1.9690583E+01   0.0000000E+00
   2.0024321E+01   0.0000000E+00
   2.0358060E+01   0.0000000E+00
   2.0691798E+01   0.0000000E+00
   2.1025537E+01   0.0000000E+00
   2.1359276E+01   0.0000000E+00
   2.1693014E+01   0.0000000E+00
   2.2026753E+01   0.0000000E+00
   2.2360491E+01   0.0000000E+00
   2.2694230E+01   0.0000000E+00
   2.3027969E+01   0.0000000E+00
   2.3361707E+01   0.0000000E+00
   2.3695446E+01   0.0000000E+00
   2.4029184E+01   0.0000000E+00
   2.4362923E+01   0.0000000E+00
   2.4696662E+01   0.0000000E+00
   2.5030400E+01   0.0000000E+00
   2.5364139E+01   0.0000000E+00
   2.5697877E+01   0.0000000E+00
   2.6031616E+01   0.0000000E+00
   2.6365355E+01   0.0000000E+00
   2.6699093E+01   0.0000000E+00
   2.7032832E+01   0.0000000E+00
   2.7366570E+01   0.0000000E+00
   2.7700309E+01   0.0000000E+00
   2.8034048E+01   0.0000000E+00
   2.8367786E+01   0.0000000E+00
   2.8701525E+01   0.0000000E+00
   2.9035263E+01   0.0000000E+00
   2.9369002E+01   0.0000000E+00
   2.9702741E+01   0.0000000E+00
   3.0036479E+01   0.0000000E+00
   3.0370218E+01   0.0000000E+00
   3.0703956E+01   0.0000000E+00
   3.1037695E+01   0.0000000E+00
   3.1371433E+01   0.0000000E+00
   3.1705172E+01   0.0000000E+00
   3.2038911E+01   0.0000000E+00
   3.2372649E+01   0.0000000E+00
   3.2706388E+01   0.0000000E+00
   3.3040126E+01   0.0000000E+00
   3.3373865E+01   0.0000000E+00
   3.3707604E+01   0.0000000E+00
   3.4041342E+01   0.0000000E+00
   3.4375081E+01   0.0000000E+00
   3.4708819E+01   0.0000000E+00
   3.5042558E+01   0.0000000E+00
   3.5376297E+01   0.0000000E+00
   3.5710035E+01   0.0000000E+00
   3.6043774E+01   0.0000000E+00
   3.6377512E+01   0.0000000E+00
   3.6711251E+01   0.0000000E+00
   3.7044990E+01   0.0000000E+00
   3.7378728E+01   0.0000000E+00
   3.7712467E+01   0.0000000E+00
   3.8046205E+01   0.0000000E+00
   3.8379944E+01   0.0000000E+00
   3.8713683E+01   0.0000000E+00
   3.9047421E+01   0.0000000E+00
   3.9381160E+01   0.0000000E+00
   3.9714898E+01   0.0000000E+00
   4.0048637E+01   0.0000000E+00
   4.0382376E+01   0.0000000E+00
   4.0716114E+01   0.0000000E+00
   4.1049853E+01   0.0000000E+00
   4.1383591E+01   0.0000000E+00
   4.1717330E+01   0.0000000E+00
   4.2051069E+01   0.0000000E+00
   4.2384807E+01   0.0000000E+00
   4.2718546E+01   0.0000000E+00
   4.3052284E+01   0.0000000E+00
   4.3386023E+01   0.0000000E+00
   4.3719762E+01   0.0000000E+00
   4.4053500E+01   0.0000000E+00
   4.4387239E+01   0.0000000E+00
   4.4720977E+01   0.0000000E+00
   4.5054716E+01   0.0000000E+00
   4.5388454E+01   0.0000000E+00
   4.5722193E+01   0.0000000E+00
   4.6055932E+01   0.0000000E+00
   4.6389670E+01   0.0000000E+00
   4.6723409E+01   0.0000000E+00
   4.7057147E+01   0.0000000E+00
   4.7390886E+01   0.0000000E+00
   4.7724625E+01   0.0000000E+00
   4.8058363E+01   0.0000000E+00
   4.8392102E+01   0.0000000E+00
   4.8725840E+01   0.0000000E+00
   4.9059579E+01   0.0000000E+00
   4.9393318E+01   0.0000000E+00
   4.9727056E+01   0.0000000E+00
   5.0060795E+01   0.0000000E+00
   5.0394533E+01   0.0000000E+00
   5.0728272E+01   0.0000000E+00
   5.1062011E+01   0.0000000E+00
   5.1395749E+01   0.0000000E+00
   5.1729488E+01   0.0000000E+00
   5.2063226E+01   0.0000000E+00
   5.2396965E+01   0.0000000E+00
   5.2730704E+01   0.0000000E+00
   5.3064442E+01   0.0000000E+00
   5.3398181E+01   0.0000000E+00
   5.3731919E+01   0.0000000E+00
   5.4065658E+01   0.0000000E+00
   5.4399397E+01   0.0000000E+00
   5.4733135E+01   0.0000000E+00
   5.5066874E+01   0.0000000E+00
   5.5400612E+01   0.0000000E+00
   5.5734351E+01   0.0000000E+00
   5.6068090E+01   0.0000000E+00
   5.6401828E+01   0.0000000E+00
   5.6735567E+01   0.0000000E+00
   5.7069305E+01   0.0000000E+00
   5.7403044E+01   0.0000000E+00
   5.7736783E+01   0.0000000E+00
   5.8070521E+01   0.0000000E+00
   5.8404260E+01   0.0000000E+00
   5.8737998E+01   0.0000000E+00
   5.9071737E+01   0.0000000E+00
   5.9405475E+01   0.0000000E+00
   5.9739214E+01   0.0000000E+00
   6.0072953E+01   0.0000000E+00
   6.0406691E+01   0.0000000E+00
   6.0740430E+01   0.0000000E+00
   6.1074168E+01   0.0000000E+00
   6.1407907E+01   0.0000000E+00
   6.1741646E+01   0.0000000E+00
   6.2075384E+01   0.0000000E+00
   6.2409123E+01   0.0000000E+00
   6.2742861E+01   0.0000000E+00
   6.3076600E+01   0.0000000E+00
   6.3410339E+01   0.0000000E+00
   6.3744077E+01   0.0000000E+00
   6.4077816E+01   0.0000000E+00
   6.4411554E+01   0.0000000E+00
   6.4745293E+01   0.0000000E+00
   6.5079032E+01   0.0000000E+00
   6.5412770E+01   0.0000000E+00
   6.5746509E+01   0.0000000E+00
   6.6080247E+01   0.0000000E+00
   6.6413986E+01   0.0000000E+00
   6.6747725E+01   0.0000000E+00
   6.7081463E+01   0.0000000E+00
   6.7415202E+01   0.0000000E+00
   6.7748940E+01   0.0000000E+00
   6.8082679E+01   0.0000000E+00
   6.8416418E+01   0.0000000E+00
   6.8750156E+01   0.0000000E+00
   6.9083895E+01   0.0000000E+00
   6.9417633E+01   0.0000000E+00
   6.9751372E+01   0.0000000E+00
   7.0085111E+01   0.0000000E+00
   7.0418849E+01   0.0000000E+00
   7.0752588E+01   0.0000000E+00
   7.1086326E+01   0.0000000E+00
   7.1420065E+01   0.0000000E+00
   7.1753804E+01   0.0000000E+00
   7.2087542E+01   0.0000000E+00
   7.2421281E+01   0.0000000E+00
   7.2755019E+01   0.0000000E+00
   7.3088758E+01   0.0000000E+00
   7.3422496E+01   0.0000000E+00
   7.3756235E+01   0.0000000E+00
   7.4089974E+01   0.0000000E+00
   7.4423712E+01   0.0000000E+00
   7.4757451E+01   0.0000000E+00
   7.5091189E+01   0.0000000E+00
   7.5424928E+01   0.0000000E+00
   7.5758667E+01   0.0000000E+00
   7.6092405E+01   0.0000000E+00
   7.6426144E+01   0.0000000E+00
   7.6759882E+01   0.0000000E+00
   7.7093621E+01   0.0000000E+00
   7.7427360E+01   0.0000000E+00
   7.7761098E+01   0.0000000E+00
   7.8094837E+01   0.0000000E+00
   7.8428575E+01   0.0000000E+00
   7.8762314E+01   0.0000000E+00
   7.9096053E+01   0.0000000E+00
   7.9429791E+01   0.0000000E+00
   7.9763530E+01   0.0000000E+00
   8.0097268E+01   0.0000000E+00
   8.0431007E+01   0.0000000E+00
   8.0764746E+01   0.0000000E+00
   8.1098484E+01   0.0000000E+00
   8.1432223E+01   0.0000000E+00
   8.1765961E+01   0.0000000E+00
   8.2099700E+01   0.0000000E+00
   8.2433439E+01   0.0000000E+00
   8.2767177E+01   0.0000000E+00
   8.3100916E+01   0.0000000E+00
   8.3434654E+01   0.0000000E+00
   8.3768393E+01   0.0000000E+00
   8.4102132E+01   0.0000000E+00
   8.4435870E+01   0.0000000E+00
   8.4769609E+01   0.0000000E+00
   8.5103347E+01   0.0000000E+00
   8.5437086E+01   0.0000000E+00
   8.5770825E+01   0.0000000E+00
   8.6104563E+01   0.0000000E+00
   8.6438302E+01   0.0000000E+00
   8.6772040E+01   0.0000000E+00
   8.7105779E+01   0.0000000E+00
   8.7439517E+01   0.0000000E+00
   8.7773256E+01   0.0000000E+00
   8.8106995E+01   0.0000000E+00
   8.8440733E+01   0.0000000E+00
   8.8774472E+01   0.0000000E+00
   8.9108210E+01   0.0000000E+00
   8.9441949E+01   0.0000000E+00
   8.9775688E+01   0.0000000E+00
   9.0109426E+01   0.0000000E+00
   9.0443165E+01   0.0000000E+00
   9.0776903E+01   0.0000000E+00
   9.1110642E+01   0.0000000E+00
   9.1444381E+01   0.0000000E+00
   9.1778119E+01   0.0000000E+00
   9.2111858E+01   0.0000000E+00
   9.2445596E+01   0.0000000E+00
   9.2779335E+01   0.0000000E+00
   9.3113074E+01   0.0000000E+00
   9.3446812E+01   0.0000000E+00
   9.3780551E+01   0.0000000E+00
   9.4114289E+01   0.0000000E+00
   9.4448028E+01   0.0000000E+00
   9.4781767E+01   0.0000000E+00
   9.5115505E+01   0.0000000E+00
   9.5449244E+01   0.0000000E+00
   9.5782982E+01   0.0000000E+00
   9.6116721E+01   0.0000000E+00
   9.6450460E+01   0.0000000E+00
   9.6784198E+01   0.0000000E+00
   9.7117937E+01   0.0000000E+00
   9.7451675E+01   0.0000000E+00
   9.7785414E+01   0.0000000E+00
   9.8119153E+01   0.0000000E+00
   9.8452891E+01   0.0000000E+00
   9.8786630E+01   0.0000000E+00
   9.9120368E+01   0.0000000E+00
   9.9454107E+01   0.0000000E+00
   9.9787846E+01   0.0000000E+00
   1.0012158E+02   0.0000000E+00
   1.0045532E+02   0.0000000E+00
   1.0078906E+02   0.0000000E+00
   1.0112280E+02   0.0000000E+00
   1.0145654E+02   0.0000000E+00
   1.0179028E+02   0.0000000E+00
   1.0212402E+02   0.0000000E+00
   1.0245775E+02   0.0000000E+00
   1.0279149E+02   0.0000000E+00
   1.0312523E+02   0.0000000E+00
   1.0345897E+02   0.0000000E+00
   1.0379271E+02   0.0000000E+00
   1.0412645E+02   0.0000000E+00
   1.0446019E+02   0.0000000E+00
   1.0479392E+02   0.0000000E+00
   1.0512766E+02   0.0000000E+00
   1.0546140E+02   0.0000000E+00
   1.0579514E+02   0.0000000E+00
   1.0612888E+02   0.0000000E+00
   1.0646262E+02   0.0000000E+00
   1.0679636E+02   0.0000000E+00
   1.0713009E+02   0.0000000E+00
   1.0746383E+02   0.0000000E+00
   1.0779757E+02   0.0000000E+00
   1.0813131E+02   0.0000000E+00
   1.0846505E+02   0.0000000E+00
   1.0879879E+02   0.0000000E+00
   1.0913253E+02   0.0000000E+00
   1.0946626E+02   0.0000000E+00
   1.0980000E+02   0.0000000E+00
   1.1013374E+02   0.0000000E+00
   1.1046748E+02   0.0000000E+00
   1.1080122E+02   0.0000000E+00
   1.1113496E+02   0.0000000E+00
   1.1146870E+02   0.0000000E+00
   1.1180243E+02   0.0000000E+00
   1.1213617E+02   0.0000000E+00
   1.1246991E+02   0.0000000E+00
   1.1280365E+02   0.0000000E+00
   1.1313739E+02   0.0000000E+00
   1.1347113E+02   0.0000000E+00
   1.1380487E+02   0.0000000E+00
   1.1413861E+02   0.0000000E+00
   1.1447234E+02   0.0000000E+00
   1.1480608E+02   0.0000000E+00
   1.1513982E+02   0.0000000E+00
   1.1547356E+02   0.0000000E+00
   1.1580730E+02   0.0000000E+00
   1.1614104E+02   0.0000000E+00
   1.1647478E+02   0.0000000E+00
   1.1680851E+02   0.0000000E+00
   1.1714225E+02   0.0000000E+00
   1.1747599E+02   0.0000000E+00
   1.1780973E+02   0.0000000E+00
   1.1814347E+02   0.0000000E+00
   1.1847721E+02   0.0000000E+00
   1.1881095E+02   0.0000000E+00
   1.1914468E+02   0.0000000E+00
   1.1947842E+02   0.0000000E+00
   1.1981216E+02   0.0000000E+00
   1.2014590E+02   0.0000000E+00
   1.2047964E+02   0.0000000E+00
   1.2081338E+02   0.0000000E+00
   1.2114712E+02   0.0000000E+00
   1.2148085E+02   0.0000000E+00
   1.2181459E+02   0.0000000E+00
   1.2214833E+02   0.0000000E+00
   1.2248207E+02   0.0000000E+00
   1.2281581E+02   0.0000000E+00
   1.2314955E+02   0.0000000E+00
   1.2348329E+02   0.0000000E+00
   1.2381702E+02   0.0000000E+00
   1.2415076E+02   0.0000000E+00
   1.2448450E+02   0.0000000E+00
   1.2481824E+02   0.0000000E+00
   1.2515198E+02   0.0000000E+00
   1.2548572E+02   0.0000000E+00
   1.2581946E+02   0.0000000E+00
   1.2615319E+02   0.0000000E+00
   1.2648693E+02   0.0000000E+00
   1.2682067E+02   0.0000000E+00
   1.2715441E+02   0.0000000E+00
   1.2748815E+02   0.0000000E+00
   1.2782189E+02   0.0000000E+00
   1.2815563E+02   0.0000000E+00
   1.2848936E+02   0.0000000E+00
   1.2882310E+02   0.0000000E+00
   1.2915684E+02   0.0000000E+00
   1.2949058E+02   0.0000000E+00
   1.2982432E+02   0.0000000E+00
   1.3015806E+02   0.0000000E+00
   1.3049180E+02   0.0000000E+00
   1.3082553E+02   0.0000000E+00
   1.3115927E+02   0.0000000E+00
   1.3149301E+02   0.0000000E+00
   1.3182675E+02   0.0000000E+00
   1.3216049E+02   0.0000000E+00
   1.3249423E+02   0.0000000E+00
   1.3282797E+02   0.0000000E+00
   1.3316171E+02   0.0000000E+00
   1.3349544E+02   0.0000000E+00
   1.3382918E+02   0.0000000E+00
   1.3416292E+02   0.0000000E+00
   1.3449666E+02   0.0000000E+00
   1.3483040E+02   0.0000000E+00
   1.3516414E+02   0.0000000E+00
   1.3549788E+02   0.0000000E+00
   1.3583161E+02   0.0000000E+00
   1.3616535E+02   0.0000000E+00
   1.3649909E+02   0.0000000E+00
   1.3683283E+02   0.0000000E+00
   1.3716657E+02   0.0000000E+00
   1.3750031E+02   0.0000000E+00
   1.3783405E+02   0.0000000E+00
   1.3816778E+02   0.0000000E+00
   1.3850152E+02   0.0000000E+00
   1.3883526E+02   0.0000000E+00
   1.3916900E+02   0.0000000E+00
   1.3950274E+02   0.0000000E+00
   1.3983648E+02   0.0000000E+00
   1.4017022E+02   0.0000000E+00
   1.4050395E+02   0.0000000E+00
   1.4083769E+02   0.0000000E+00
   1.4117143E+02   0.0000000E+00
   1.4150517E+02   0.0000000E+00
   1.4183891E+02   0.0000000E+00
   1.4217265E+02   0.0000000E+00
   1.4250639E+02   0.0000000E+00
   1.4284012E+02   0.0000000E+00
   1.4317386E+02   0.0000000E+00
   1.4350760E+02   0.0000000E+00
   1.4384134E+02   0.0000000E+00
   1.4417508E+02   0.0000000E+00
   1.4450882E+02   0.0000000E+00
   1.4484256E+02   0.0000000E+00
   1.4517629E+02   0.0000000E+00
   1.4551003E+02   0.0000000E+00
   1.4584377E+02   0.0000000E+00
   1.4617751E+02   0.0000000E+00
   1.4651125E+02   0.0000000E+00
   1.4684499E+02   0.0000000E+00
   1.4717873E+02   0.0000000E+00
   1.4751246E+02   0.0000000E+00
   1.4784620E+02  -1.4012985E-45
   1.4817994E+02  -1.4012985E-45
   1.4851368E+02  -5.6051939E-45
   1.4884742E+02  -7.0064923E-45
   1.4918116E+02  -1.2611686E-44
   1.4951490E+02  -1.4012985E-44
   1.4984863E+02  -1.5414283E-44
   1.5018237E+02  -1.8216880E-44
   1.5051611E+02  -1.6815582E-44
   1.5084985E+02  -1.1210388E-44
   1.5118359E+02  -8.4077908E-45
   1.5151733E+02   0.0000000E+00
   1.5185107E+02   7.0064923E-45
   1.5218480E+02   1.5414283E-44
   1.5251854E+02   2.3822074E-44
   1.5285228E+02   2.8025969E-44
   1.5318602E+02   3.2229865E-44
   1.5351976E+02   3.0828566E-44
   1.5385350E+02   2.2420775E-44
   1.5418724E+02   1.2611686E-44
   1.5452098E+02  -2.8025969E-45
   1.5485471E+02  -2.1019477E-44
   1.5518845E+02  -4.0637655E-44
   1.5552219E+02  -5.8854536E-44
   1.5585593E+02  -7.2867520E-44
   1.5618967E+02  -7.7071416E-44
   1.5652341E+02  -7.2867520E-44
   1.5685715E+02  -5.7453237E-44
   1.5719088E+02  -3.5032462E-44
   1.5752462E+02  -1.4012985E-45
   1.5785836E+02   3.6433760E-44
   1.5819210E+02   7.4268819E-44
   1.5852584E+02   1.0369609E-43
   1.5885958E+02   1.2191297E-43
   1.5919332E+02   1.2051167E-43
   1.5952705E+02   9.5288296E-44
   1.5986079E+02   5.0446745E-44
   1.6019453E+02  -1.2611686E-44
   1.6052827E+02  -9.1084400E-44
   1.6086201E+02  -1.6955711E-43
   1.6119575E+02  -2.3962204E-43
   1.6152949E+02  -2.9147008E-43
   1.6186322E+02  -3.0688436E-43
   1.6219696E+02  -2.8166099E-43
   1.6253070E+02  -2.0599087E-43
   1.6286444E+02  -8.4077908E-44
   1.6319818E+02   7.2867520E-44
   1.6353192E+02   2.5643762E-43
   1.6386566E+02   4.3159993E-43
   1.6419939E+02   5.7873627E-43
   1.6453313E+02   6.5720898E-43
   1.6486687E+02   6.5300508E-43
   1.6520061E+02   5.3809861E-43
   1.6553435E+02   3.1248956E-43
   1.6586809E+02  -1.2611686E-44
   1.6620183E+02  -4.0357396E-43
   1.6653556E+02  -8.1695700E-43
   1.6686930E+02  -1.1939063E-42
   1.6720304E+02  -1.4699621E-42
   1.6753678E+02  -1.5736582E-42
   1.6787052E+02  -1.4601530E-42
   1.6820426E+02  -1.1014206E-42
   1.6853800E+02  -5.0306615E-43
   1.6887173E+02   2.8446359E-43
   1.6920547E+02   1.1784920E-42
   1.6953921E+02   2.0641126E-42
   1.6987295E+02   2.7899852E-42
   1.7020669E+02   3.2299930E-42
   1.7054043E+02   3.2398020E-42
   1.7087417E+02   2.7451437E-42
   1.7120790E+02   1.7193932E-42
   1.7154164E+02   2.1019477E-43
   1.7187538E+02  -1.6325127E-42
   1.7220912E+02  -3.5859228E-42
   1.7254286E+02  -5.3823874E-42
   1.7287660E+02  -6.7024106E-42
   1.7321034E+02  -7.2489170E-42
   1.7354408E+02  -6.7892911E-42
   1.7387781E+02  -5.1974160E-42
   1.7421155E+02  -2.4985152E-42
   1.7454529E+02   1.1028219E-42
   1.7487903E+02   5.2338498E-42
   1.7521277E+02   9.3550685E-42
   1.7554651E+02   1.2833091E-41
   1.7588025E+02   1.5012110E-41
   1.7621398E+02   1.5303581E-41
   1.7654772E+02   1.3312335E-41
   1.7688146E+02   8.8954427E-42
   1.7721520E+02   2.2757087E-42
   1.7754894E+02  -5.9625250E-42
   1.7788268E+02  -1.4866375E-41
   1.7821642E+02  -2.3208305E-41
   1.7855015E+02  -2.9610838E-41
   1.7888389E+02  -3.2745543E-41
   1.7921763E+02  -3.1523610E-41
   1.7955137E+02  -2.5320062E-41
   1.7988511E+02  -1.4153114E-41
   1.8021885E+02   1.2135245E-42
   1.8055259E+02   1.9230019E-41
   1.8088632E+02   3.7669705E-41
   1.8122006E+02   5.3825275E-41
   1.8155380E+02   6.4852093E-41
   1.8188754E+02   6.8160559E-41
   1.8222128E+02   6.1842104E-41
   1.8255502E+02   4.5102192E-41
   1.8288876E+02   1.8567205E-41
   1.8322249E+02  -1.5557216E-41
   1.8355623E+02  -5.3532404E-41
   1.8388997E+02  -9.0371139E-41
   1.8422371E+02  -1.2036173E-40
   1.8455745E+02  -1.3780930E-40
   1.8489119E+02  -1.3787796E-40
   1.8522493E+02  -1.1746945E-40
   1.8555866E+02  -7.5985409E-41
   1.8589240E+02  -1.5862699E-41
   1.8622614E+02   5.7262660E-41
   1.8655988E+02   1.3482593E-40
   1.8689362E+02   2.0611839E-40
   1.8722736E+02   2.5947984E-40
   1.8756110E+02   2.8387644E-40
   1.8789483E+02   2.7065099E-40
   1.8822857E+02   2.1520441E-40
   1.8856231E+02   1.1837749E-40
   1.8889605E+02  -1.2730797E-41
   1.8922979E+02  -1.6474365E-40
   1.8956353E+02  -3.1890190E-40
   1.8989727E+02  -4.5290807E-40
   1.9023100E+02  -5.4359871E-40
   1.9056474E+02  -5.7022618E-40
   1.9089848E+02  -5.1789749E-40
   1.9123222E+02  -3.8076362E-40
   1.9156596E+02  -1.6441575E-40
   1.9189970E+02   1.1300912E-40
   1.9223344E+02   4.2135363E-40
   1.9256718E+02   7.2083354E-40
   1.9290091E+02   9.6622051E-40
   1.9323465E+02   1.1125525E-39
   1.9356839E+02   1.1217226E-39
   1.9390213E+02   9.6918566E-40
   1.9423587E+02   6.4982414E-40
   1.9456961E+02   1.8191797E-40
   1.9490335E+02  -3.9158024E-40
   1.9523708E+02  -1.0051738E-39
   1.9557082E+02  -1.5765687E-39
   1.9590456E+02  -2.0158239E-39
   1.9623830E+02  -2.2370931E-39
   1.9657204E+02  -2.1717520E-39
   1.9690578E+02  -1.7812045E-39
   1.9723952E+02  -1.0674279E-39
   1.9757325E+02  -7.9455024E-41
   1.9790699E+02   1.0859152E-39
   1.9824073E+02   2.2901561E-39
   1.9857447E+02   3.3660338E-39
   1.9890821E+02   4.1369876E-39
   1.9924195E+02   4.4409713E-39
   1.9957569E+02   4.1561798E-39
   1.9990942E+02   3.2252482E-39
   2.0024316E+02   1.6741565E-39
   2.0057690E+02  -3.7768076E-40
   2.0091064E+02  -2.7190417E-39
   2.0124438E+02  -5.0620113E-39
   2.0157812E+02  -7.0705022E-39
   2.0191186E+02  -8.4004242E-39
   2.0224559E+02  -8.7476379E-39
   2.0257933E+02  -7.8980867E-39
   2.0291307E+02  -5.7734211E-39
   2.0324681E+02  -2.4647158E-39
   2.0358055E+02   1.7523630E-39
   2.0391429E+02   6.4262328E-39
   2.0424803E+02   1.0964603E-38
   2.0458176E+02   1.4695568E-38
   2.0491550E+02   1.6950232E-38
   2.0524924E+02   1.7158640E-38
   2.0558298E+02   1.4947547E-38
   2.0591672E+02   1.0226540E-38
   2.0625046E+02   3.2482056E-39
   2.0658420E+02  -5.3704161E-39
   2.0691793E+02  -1.4674709E-38
   2.0725167E+02  -2.3451778E-38
   2.0758541E+02  -3.0359927E-38
   2.0791915E+02  -3.4097981E-38
   2.0825289E+02  -3.3597476E-38
   2.0858663E+02  -2.8213911E-38
   2.0892037E+02  -1.7890015E-38
   2.0925410E+02  -3.2629571E-39
   2.0958784E+02   1.4308992E-38
   2.0992158E+02   3.2818043E-38
   2.1025532E+02   4.9782653E-38
   2.1058906E+02   6.2520736E-38
   2.1092280E+02   6.8497392E-38
   2.1125654E+02   6.5711123E-38
   2.1159027E+02   5.3069269E-38
   2.1192401E+02   3.0698495E-38
   2.1225775E+02   1.3409305E-40
   2.1259149E+02  -3.5658601E-38
   2.1292523E+02  -7.2462926E-38
   2.1325897E+02  -1.0519851E-37
   2.1359271E+02  -1.2849784E-37
   2.1392645E+02  -1.3742281E-37
   2.1426018E+02  -1.2824241E-37
   2.1459392E+02  -9.9171809E-38
   2.1492766E+02  -5.0960466E-38
   2.1526140E+02   1.2780492E-38
   2.1559514E+02   8.5602947E-38
   2.1592888E+02   1.5865595E-37
   2.1626262E+02   2.2153753E-37
   2.1659635E+02   2.6351492E-37
   2.1693009E+02   2.7500220E-37
   2.1726383E+02   2.4912759E-37
   2.1759757E+02   1.8318362E-37
   2.1793131E+02   7.9730632E-38
   2.1826505E+02  -5.2863480E-38
   2.1859879E+02  -2.0062179E-37
   2.1893252E+02  -3.4499477E-37
   2.1926626E+02  -4.6473043E-37
   2.1960000E+02  -5.3845465E-37
   2.1993374E+02  -5.4771304E-37
   2.2026748E+02  -4.8011992E-37
   2.2060122E+02  -3.3217832E-37
   2.2093496E+02  -1.1131050E-37
   2.2126869E+02   1.6332930E-37
   2.2160243E+02   4.6158579E-37
   2.2193617E+02   7.4474242E-37
   2.2226991E+02   9.6960841E-37
   2.2260365E+02   1.0939545E-36
   2.2293739E+02   1.0827426E-36
   2.2327113E+02   9.1439635E-37
   2.2360486E+02   5.8620727E-37
   2.2393860E+02   1.1795848E-37
   2.2427234E+02  -4.4706847E-37
   2.2460608E+02  -1.0442970E-36
   2.2493982E+02  -1.5934987E-36
   2.2527356E+02  -2.0076617E-36
   2.2560730E+02  -2.2043443E-36
   2.2594103E+02  -2.1183199E-36
   2.2627477E+02  -1.7138911E-36
   2.2660851E+02  -9.9505419E-37
   2.2694225E+02  -1.1672435E-38
   2.2727599E+02   1.1399049E-36
   2.2760973E+02   2.3228268E-36
   2.2794347E+02   3.3725660E-36
   2.2827720E+02   4.1159184E-36
   2.2861094E+02   4.3944637E-36
   2.2894468E+02   4.0898687E-36
   2.2927842E+02   3.1476753E-36
   2.2961216E+02   1.5959079E-36
   2.2994590E+02  -4.4508647E-37
   2.3027964E+02  -2.7644486E-36
   2.3061337E+02  -5.0759649E-36
   2.3094711E+02  -7.0466323E-36
   2.3128085E+02  -8.3367517E-36
   2.3161459E+02  -8.6476924E-36
   2.3194833E+02  -7.7717051E-36
   2.3228207E+02  -5.6369582E-36
   2.3261581E+02  -2.3404786E-36
   2.3294955E+02   1.8377718E-36
   2.3328328E+02   6.4448028E-36
   2.3361702E+02   1.0891121E-35
   2.3395076E+02   1.4512908E-35
   2.3428450E+02   1.6655191E-35
   2.3461824E+02   1.6767438E-35
   2.3495198E+02   1.4499886E-35
   2.3528572E+02   9.7867330E-36
   2.3561945E+02   2.9021810E-36
   2.3595319E+02  -5.5233326E-36
   2.3628693E+02  -1.4535415E-35
   2.3662067E+02  -2.2939989E-35
   2.3695441E+02  -2.9435555E-35
   2.3728815E+02  -3.2782655E-35
   2.3762189E+02  -3.1991676E-35
   2.3795562E+02  -2.6505363E-35
   2.3828936E+02  -1.6348643E-35
   2.3862310E+02  -2.2190211E-36
   2.3895684E+02   1.4504957E-35
   2.3929058E+02   3.1851710E-35
   2.3962432E+02   4.7443916E-35
   2.3995806E+02   5.8773874E-35
   2.4029179E+02   6.3541824E-35
   2.4062553E+02   6.0018337E-35
   2.4095927E+02   4.7382837E-35
   2.4129301E+02   2.5985640E-35
   2.4162675E+02  -2.5159540E-36
   2.4196049E+02  -3.5187367E-35
   2.4229423E+02  -6.8033779E-35
   2.4262796E+02  -9.6403440E-35
   2.4296170E+02  -1.1554836E-34
   2.4329544E+02  -1.2128722E-34
   2.4362918E+02  -1.1069149E-34
   2.4396292E+02  -8.2699799E-35
   2.4429666E+02  -3.8562425E-35
   2.4463040E+02   1.7975455E-35
   2.4496413E+02   8.0817762E-35
   2.4529787E+02   1.4201931E-34
   2.4563161E+02   1.9262980E-34
   2.4596535E+02   2.2381181E-34
   2.4629909E+02   2.2811634E-34
   2.4663283E+02   2.0075747E-34
   2.4696657E+02   1.4070532E-34
   2.4730030E+02   5.1412381E-35
   2.4763404E+02  -5.8985388E-35
   2.4796778E+02  -1.7810388E-34
   2.4830152E+02  -2.9041483E-34
   2.4863526E+02  -3.7896795E-34
   2.4896900E+02  -4.2757643E-34
   2.4930274E+02  -4.2322981E-34
   2.4963647E+02  -3.5842182E-34
   2.4997021E+02  -2.3305402E-34
   2.5030395E+02  -5.5578062E-35
   2.5063769E+02   1.5690007E-34
   2.5097143E+02   3.7972550E-34
   2.5130517E+02   5.8303372E-34
   2.5163891E+02   7.3518245E-34
   2.5197264E+02   8.0695015E-34
   2.5230638E+02   7.7602510E-34
   2.5264012E+02   6.3119441E-34
   2.5297386E+02   3.7559575E-34
   2.5330760E+02   2.8431443E-35
   2.5364134E+02  -3.7532313E-34
   2.5397508E+02  -7.8747616E-34
   2.5430882E+02  -1.1514188E-33
   2.5464255E+02  -1.4088212E-33
   2.5497629E+02  -1.5075656E-33
   2.5531003E+02  -1.4099880E-33
   2.5564377E+02  -1.1003081E-33
   2.5597751E+02  -5.9009458E-34
   2.5631125E+02   7.9298849E-35
   2.5664499E+02   8.3810543E-34
   2.5697872E+02   1.5937000E-33
   2.5731246E+02   2.2401578E-33
   2.5764620E+02   2.6710822E-33
   2.5797994E+02   2.7943760E-33
   2.5831368E+02   2.5471776E-33
   2.5864742E+02   1.9089036E-33
   2.5898116E+02   9.1031366E-34
   2.5931489E+02  -3.6325971E-34
   2.5964863E+02  -1.7757833E-33
   2.5998237E+02  -3.1520029E-33
   2.6031611E+02  -4.2960388E-33
   2.6064985E+02  -5.0154950E-33
   2.6098359E+02  -5.1485977E-33
   2.6131733E+02  -4.5909843E-33
   2.6165106E+02  -3.3184055E-33
   2.6198480E+02  -1.4016319E-33
   2.6231854E+02   9.8961820E-34
   2.6265228E+02   3.5958288E-33
   2.6298602E+02   6.0904930E-33
   2.6331976E+02   8.1153706E-33
   2.6365350E+02   9.3251225E-33
   2.6398723E+02   9.4364638E-33
   2.6432097E+02   8.2757859E-33
   2.6465471E+02   5.8184351E-33
   2.6498845E+02   2.2131708E-33
   2.6532219E+02  -2.2136697E-33
   2.6565593E+02  -6.9776426E-33
   2.6598967E+02  -1.1479942E-32
   2.6632340E+02  -1.5072807E-32
   2.6665714E+02  -1.7140677E-32
   2.6699088E+02  -1.7188171E-32
   2.6732462E+02  -1.4923934E-32
   2.6765836E+02  -1.0328331E-32
   2.6799210E+02  -3.6936648E-33
   2.6832584E+02   4.3723453E-33
   2.6865957E+02   1.2985182E-32
   2.6899331E+02   2.1064818E-32
   2.6932705E+02   2.7454341E-32
   2.6966079E+02   3.1065015E-32
   2.6999453E+02   3.1031737E-32
   2.7032827E+02   2.6859252E-32
   2.7066201E+02   1.8538382E-32
   2.7099574E+02   6.6125495E-33
   2.7132948E+02  -7.8208607E-33
   2.7166322E+02  -2.3183088E-32
   2.7199696E+02  -3.7560542E-32
   2.7233070E+02  -4.8915403E-32
   2.7266444E+02  -5.5340364E-32
   2.7299818E+02  -5.5329379E-32
   2.7333192E+02  -4.8030267E-32
   2.7366565E+02  -3.3443123E-32
   2.7399939E+02  -1.2531234E-32
   2.7433313E+02   1.2781550E-32
   2.7466687E+02   3.9741395E-32
   2.7500061E+02   6.5021283E-32
   2.7533435E+02   8.5087042E-32
   2.7566809E+02   9.6636768E-32
   2.7600182E+02   9.7065435E-32
   2.7633556E+02   8.4896194E-32
   2.7666930E+02   6.0116638E-32
   2.7700304E+02   2.4364648E-32
   2.7733678E+02  -1.9080248E-32
   2.7767052E+02  -6.5522490E-32
   2.7800426E+02  -1.0929051E-31
   2.7833799E+02  -1.4435830E-31
   2.7867173E+02  -1.6509109E-31
   2.7900547E+02  -1.6702954E-31
   2.7933921E+02  -1.4761623E-31
   2.7967295E+02  -1.0676068E-31
   2.8000669E+02  -4.7149549E-32
   2.8034043E+02   2.5768835E-32
   2.8067416E+02   1.0416342E-31
   2.8100790E+02   1.7855561E-31
   2.8134164E+02   2.3885676E-31
   2.8167538E+02   2.7560864E-31
   2.8200912E+02   2.8128719E-31
   2.8234286E+02   2.5150757E-31
   2.8267660E+02   1.8596064E-31
   2.8301033E+02   8.8927347E-32
   2.8334407E+02  -3.0744984E-32
   2.8367781E+02  -1.6026290E-31
   2.8401155E+02  -2.8409275E-31
   2.8434529E+02  -3.8566094E-31
   2.8467903E+02  -4.4938242E-31
   2.8501277E+02  -4.6279231E-31
   2.8534650E+02  -4.1851205E-31
   2.8568024E+02  -3.1577672E-31
   2.8601398E+02  -1.6127402E-31
   2.8634772E+02   3.0890158E-32
   2.8668146E+02   2.4019567E-31
   2.8701520E+02   4.4165312E-31
   2.8734894E+02   6.0854722E-31
   2.8768267E+02   7.1570369E-31
   2.8801641E+02   7.4291553E-31
   2.8835015E+02   6.7809826E-31
   2.8868389E+02   5.1973251E-31
   2.8901763E+02   2.7820114E-31
   2.8935137E+02  -2.4279319E-32
   2.8968511E+02  -3.5526590E-31
   2.9001884E+02  -6.7520485E-31
   2.9035258E+02  -9.4179977E-31
   2.9068632E+02  -1.1152031E-30
   2.9102006E+02  -1.1634420E-30
   2.9135380E+02  -1.0673941E-30
   2.9168754E+02  -8.2461587E-31
   2.9202128E+02  -4.5140271E-31
   2.9235501E+02   1.7375969E-32
   2.9268875E+02   5.3087713E-31
   2.9302249E+02   1.0272428E-30
   2.9335623E+02   1.4405108E-30
   2.9368997E+02   1.7087776E-30
   2.9402371E+02   1.7826897E-30
   2.9435745E+02   1.6331638E-30
   2.9469119E+02   1.2572655E-30
   2.9502492E+02   6.8127289E-31
   2.9535866E+02  -3.9770830E-32
   2.9569240E+02  -8.2630802E-31
   2.9602614E+02  -1.5821798E-30
   2.9635988E+02  -2.2055234E-30
   2.9669362E+02  -2.6015405E-30
   2.9702736E+02  -2.6956587E-30
   2.9736109E+02  -2.4453785E-30
   2.9769483E+02  -1.8491357E-30
   2.9802857E+02  -9.5068604E-31
   2.9836231E+02   1.6201848E-31
   2.9869605E+02   1.3638849E-30
   2.9902979E+02   2.5053524E-30
   2.9936353E+02   3.4295941E-30
   2.9969726E+02   3.9924340E-30
   3.0003100E+02   4.0826638E-30
   3.0036474E+02   3.6400990E-30
   3.0069848E+02   2.6687645E-30
   3.0103222E+02   1.2429786E-30
   3.0136596E+02  -4.9521226E-31
   3.0169970E+02  -2.3477970E-30
   3.0203343E+02  -4.0811449E-30
   3.0236717E+02  -5.4531608E-30
   3.0270091E+02  -6.2443550E-30
   3.0303465E+02  -6.2891280E-30
   3.0336839E+02  -5.5031883E-30
   3.0370213E+02  -3.9030757E-30
   3.0403587E+02  -1.6144115E-30
   3.0436960E+02   1.1333488E-30
   3.0470334E+02   4.0263845E-30
   3.0503708E+02   6.6990524E-30
   3.0537082E+02   8.7766042E-30
   3.0570456E+02   9.9234059E-30
   3.0603830E+02   9.8910120E-30
   3.0637204E+02   8.5596452E-30
   3.0670577E+02   5.9669869E-30
   3.0703951E+02   2.3193290E-30
   3.0737325E+02  -2.0183400E-30
   3.0770699E+02  -6.5538945E-30
   3.0804073E+02  -1.0719506E-29
   3.0837447E+02  -1.3937994E-29
   3.0870821E+02  -1.5697050E-29
   3.0904194E+02  -1.5622211E-29
   3.0937568E+02  -1.3539092E-29
   3.0970942E+02  -9.5154804E-30
   3.1004316E+02  -3.8761116E-30
   3.1037690E+02   2.8147662E-30
   3.1071064E+02   9.8035657E-30
   3.1104438E+02   1.6226872E-29
   3.1137811E+02   2.1212868E-29
   3.1171185E+02   2.3993168E-29
   3.1204559E+02   2.4011661E-29
   3.1237933E+02   2.1015669E-29
   3.1271307E+02   1.5115985E-29
   3.1304681E+02   6.8050628E-30
   3.1338055E+02  -3.0728694E-30
   3.1371429E+02  -1.3400091E-29
   3.1404802E+02  -2.2906198E-29
   3.1438176E+02  -3.0319452E-29
   3.1471550E+02  -3.4531099E-29
   3.1504924E+02  -3.4752849E-29
   3.1538298E+02  -3.0645515E-29
   3.1571672E+02  -2.2399883E-29
   3.1605046E+02  -1.0754763E-29
   3.1638419E+02   3.0554337E-30
   3.1671793E+02   1.7422528E-29
   3.1705167E+02   3.0545842E-29
   3.1738541E+02   4.0653251E-29
   3.1771915E+02   4.6236390E-29
   3.1805289E+02   4.6269895E-29
   3.1838663E+02   4.0383281E-29
   3.1872036E+02   2.8959676E-29
   3.1905410E+02   1.3141101E-29
   3.1938784E+02  -5.2675267E-30
   3.1972158E+02  -2.3991165E-29
   3.2005532E+02  -4.0555974E-29
   3.2038906E+02  -5.2609136E-29
   3.2072280E+02  -5.8246947E-29
   3.2105653E+02  -5.6307962E-29
   3.2139027E+02  -4.6587252E-29
   3.2172401E+02  -2.9936715E-29
   3.2205775E+02  -8.2273139E-30
   3.2239149E+02   1.5832408E-29
   3.2272523E+02   3.9009266E-29
   3.2305897E+02   5.7956570E-29
   3.2339270E+02   6.9675680E-29
   3.2372644E+02   7.1966952E-29
   3.2406018E+02   6.3806980E-29
   3.2439392E+02   4.5591628E-29
   3.2472766E+02   1.9199746E-29
   3.2506140E+02  -1.2147839E-29
   3.2539514E+02  -4.4233110E-29
   3.2572887E+02  -7.2358283E-29
   3.2606261E+02  -9.1980031E-29
   3.2639635E+02  -9.9379983E-29
   3.2673009E+02  -9.2280554E-29
   3.2706383E+02  -7.0313439E-29
   3.2739757E+02  -3.5259011E-29
   3.2773131E+02   8.9988234E-30
   3.2806504E+02   5.6824852E-29
   3.2839878E+02   1.0147087E-28
   3.2873252E+02   1.3594065E-28
   3.2906626E+02   1.5397665E-28
   3.2940000E+02   1.5104598E-28
   3.2973374E+02   1.2518003E-28
   3.3006748E+02   7.7537013E-29
   3.3040121E+02   1.2575480E-29
   3.3073495E+02  -6.2224389E-29
   3.3106869E+02  -1.3710185E-28
   3.3140243E+02  -2.0116167E-28
   3.3173617E+02  -2.4380821E-28
   3.3206991E+02  -2.5629313E-28
   3.3240365E+02  -2.3317316E-28
   3.3273739E+02  -1.7346223E-28
   3.3307112E+02  -8.1280551E-29
   3.3340486E+02   3.4141875E-29
   3.3373860E+02   1.5917977E-28
   3.3407234E+02   2.7722536E-28
   3.3440608E+02   3.7067541E-28
   3.3473982E+02   4.2328146E-28
   3.3507356E+02   4.2257566E-28
   3.3540729E+02   3.6204575E-28
   3.3574103E+02   2.4272890E-28
   3.3607477E+02   7.3944684E-29
   3.3640851E+02  -1.2703099E-28
   3.3674225E+02  -3.3641627E-28
   3.3707599E+02  -5.2642950E-28
   3.3740973E+02  -6.6861364E-28
   3.3774346E+02  -7.3762385E-28
   3.3807720E+02  -7.1501237E-28
   3.3841094E+02  -5.9249371E-28
   3.3874468E+02  -3.7420520E-28
   3.3907842E+02  -7.7545571E-29
   3.3941216E+02   2.6766310E-28
   3.3974590E+02   6.2175567E-28
   3.4007963E+02   9.3937849E-28
   3.4041337E+02   1.1748292E-27
   3.4074711E+02   1.2879944E-27
   3.4108085E+02   1.2501606E-27
   3.4141459E+02   1.0489217E-27
   3.4174833E+02   6.9145700E-28
   3.4208207E+02   2.0558864E-28
   3.4241580E+02  -3.6172643E-28
   3.4274954E+02  -9.4850971E-28
   3.4308328E+02  -1.4841889E-27
   3.4341702E+02  -1.8977141E-27
   3.4375076E+02  -2.1264630E-27
   3.4408450E+02  -2.1248596E-27
   3.4441824E+02  -1.8715700E-27
   3.4475197E+02  -1.3742303E-27
   3.4508571E+02  -6.7089837E-28
   3.4541945E+02   1.7221357E-28
   3.4575319E+02   1.0667377E-27
   3.4608693E+02   1.9114003E-27
   3.4642067E+02   2.6035645E-27
   3.4675441E+02   3.0517901E-27
   3.4708814E+02   3.1878428E-27
   3.4742188E+02   2.9766043E-27
   3.4775562E+02   2.4224451E-27
   3.4808936E+02   1.5710286E-27
   3.4842310E+02   5.0599726E-28
   3.4875684E+02  -6.5934289E-28
   3.4909058E+02  -1.7945931E-27
   3.4942431E+02  -2.7676827E-27
   3.4975805E+02  -3.4613518E-27
   3.5009179E+02  -3.7885580E-27
   3.5042553E+02  -3.7047412E-27
   3.5075927E+02  -3.2151480E-27
   3.5109301E+02  -2.3759647E-27
   3.5142675E+02  -1.2887455E-27
   3.5176048E+02  -8.8507651E-29
   3.5209422E+02   1.0732354E-27
   3.5242796E+02   2.0485204E-27
   3.5276170E+02   2.7134716E-27
   3.5309544E+02   2.9865218E-27
   3.5342918E+02   2.8416455E-27
   3.5376292E+02   2.3144516E-27
   3.5409666E+02   1.4997581E-27
   3.5443039E+02   5.4043771E-28
   3.5476413E+02  -3.9153193E-28
   3.5509787E+02  -1.1196981E-27
   3.5543161E+02  -1.4903984E-27
   3.5576535E+02  -1.3989400E-27
   3.5609909E+02  -8.1086360E-28
   3.5643283E+02   2.2517284E-28
   3.5676656E+02   1.5755600E-27
   3.5710030E+02   3.0322421E-27
   3.5743404E+02   4.3353450E-27
   3.5776778E+02   5.2059808E-27
   3.5810152E+02   5.3857005E-27
   3.5843526E+02   4.6778408E-27
   3.5876900E+02   2.9853312E-27
   3.5910273E+02   3.3938179E-28
   3.5943647E+02  -3.0858110E-27
   3.5977021E+02  -6.9757861E-27
   3.6010395E+02  -1.0897640E-26
   3.6043769E+02  -1.4340094E-26
   3.6077143E+02  -1.6768752E-26
   3.6110517E+02  -1.7691109E-26
   3.6143890E+02  -1.6724169E-26
   3.6177264E+02  -1.3656623E-26
   3.6210638E+02  -8.4972807E-27
   3.6244012E+02  -1.5025401E-27
   3.6277386E+02   6.8225845E-27
   3.6310760E+02   1.5752557E-26
   3.6344134E+02   2.4398075E-26
   3.6377507E+02   3.1787609E-26
   3.6410881E+02   3.6966651E-26
   3.6444255E+02   3.9104938E-26
   3.6477629E+02   3.7600279E-26
   3.6511003E+02   3.2167159E-26
   3.6544377E+02   2.2899030E-26
   3.6577751E+02   1.0295297E-26
   3.6611124E+02  -4.7525773E-27
   3.6644498E+02  -2.1017613E-26
   3.6677872E+02  -3.7033611E-26
   3.6711246E+02  -5.1223777E-26
   3.6744620E+02  -6.2050720E-26
   3.6777994E+02  -6.8173538E-26
   3.6811368E+02  -6.8596146E-26
   3.6844741E+02  -6.2791491E-26
   3.6878115E+02  -5.0787253E-26
   3.6911489E+02  -3.3202083E-26
   3.6944863E+02  -1.1226169E-26
   3.6978237E+02   1.3455631E-26
   3.7011611E+02   3.8793086E-26
   3.7044985E+02   6.2542772E-26
   3.7078358E+02   8.2468530E-26
   3.7111732E+02   9.6551953E-26
   3.7145106E+02   1.0319307E-25
   3.7178480E+02   1.0138151E-25
   3.7211854E+02   9.0820089E-26
   3.7245228E+02   7.1986331E-26
   3.7278602E+02   4.6124589E-26
   3.7311976E+02   1.5164350E-26
   3.7345349E+02  -1.8428888E-26
   3.7378723E+02  -5.1859679E-26
   3.7412097E+02  -8.2248265E-26
   3.7445471E+02  -1.0689330E-25
   3.7478845E+02  -1.2352773E-25
   3.7512219E+02  -1.3054194E-25
   3.7545593E+02  -1.2715199E-25
   3.7578966E+02  -1.1349350E-25
   3.7612340E+02  -9.0629086E-26
   3.7645714E+02  -6.0465356E-26
   3.7679088E+02  -2.5584472E-26
   3.7712462E+02   1.0997756E-26
   3.7745836E+02   4.6123107E-26
   3.7779210E+02   7.6805384E-26
   3.7812583E+02   1.0053441E-25
   3.7845957E+02   1.1553811E-25
   3.7879331E+02   1.2097128E-25
   3.7912705E+02   1.1700640E-25
   3.7946079E+02   1.0481273E-25
   3.7979453E+02   8.6416742E-26
   3.8012827E+02   6.4457085E-26
   3.8046200E+02   4.1850815E-26
   3.8079574E+02   2.1408606E-26
   3.8112948E+02   5.4404717E-27
   3.8146322E+02  -4.6016537E-27
   3.8179696E+02  -8.3931041E-27
   3.8213070E+02  -6.8759027E-27
   3.8246444E+02  -2.2351881E-27
   3.8279817E+02   2.3043613E-27
   3.8313191E+02   2.8603018E-27
   3.8346565E+02  -4.5729215E-27
   3.8379939E+02  -2.3482374E-26
   3.8413313E+02  -5.6155581E-26
   3.8446687E+02  -1.0304195E-25
   3.8480061E+02  -1.6224384E-25
   3.8513434E+02  -2.2922848E-25
   3.8546808E+02  -2.9683515E-25
   3.8580182E+02  -3.5563117E-25
   3.8613556E+02  -3.9463511E-25
   3.8646930E+02  -4.0239233E-25
   3.8680304E+02  -3.6833008E-25
   3.8713678E+02  -2.8428498E-25
   3.8747051E+02  -1.4605475E-25
   3.8780425E+02   4.5212281E-26
   3.8813799E+02   2.8197752E-25
   3.8847173E+02   5.4980893E-25
   3.8880547E+02   8.2756834E-25
   3.8913921E+02   1.0883924E-24
   3.8947295E+02   1.3014955E-24
   3.8980668E+02   1.4347303E-24
   3.9014042E+02   1.4577568E-24
   3.9047416E+02   1.3455650E-24
   3.9080790E+02   1.0820347E-24
   3.9114164E+02   6.6315543E-25
   3.9147538E+02   9.9517367E-26
   3.9180912E+02  -5.8228964E-25
   3.9214285E+02  -1.3396663E-24
   3.9247659E+02  -2.1155546E-24
   3.9281033E+02  -2.8416158E-24
   3.9314407E+02  -3.4429077E-24
   3.9347781E+02  -3.8437839E-24
   3.9381155E+02  -3.9746347E-24
   3.9414529E+02  -3.7788938E-24
   3.9447903E+02  -3.2197843E-24
   3.9481276E+02  -2.2861605E-24
   3.9514650E+02  -9.9692829E-25
   3.9548024E+02   5.9643761E-25
   3.9581398E+02   2.4096040E-24
   3.9614772E+02   4.3275067E-24
   3.9648146E+02   6.2089506E-24
   3.9681520E+02   7.8935947E-24
   3.9714893E+02   9.2111249E-24
   3.9748267E+02   9.9923559E-24
   3.9781641E+02   1.0081861E-23
   3.9815015E+02   9.3517370E-24
   3.9848389E+02   7.7159361E-24
   3.9881763E+02   5.1444148E-24
   3.9915137E+02   1.6762884E-24
   3.9948510E+02  -2.5692612E-24
   3.9981884E+02  -7.3856724E-24
   4.0015258E+02  -1.2476972E-23
   4.0048632E+02  -1.7462741E-23
   4.0082006E+02  -2.1891810E-23
   4.0115380E+02  -2.5265990E-23
   4.0148754E+02  -2.7074483E-23
   4.0182127E+02  -2.6838638E-23
   4.0215501E+02  -2.4165192E-23
   4.0248875E+02  -1.8804649E-23
   4.0282249E+02  -1.0709700E-23
   4.0315623E+02  -8.6984537E-26
   4.0348997E+02   1.2565522E-23
   4.0382371E+02   2.6443637E-23
   4.0415744E+02   4.0452169E-23
   4.0449118E+02   5.3255993E-23
   4.0482492E+02   6.3369607E-23
   4.0515866E+02   6.9283975E-23
   4.0549240E+02   6.9624037E-23
   4.0582614E+02   6.3325355E-23
   4.0615988E+02   4.9812761E-23
   4.0649361E+02   2.9160452E-23
   4.0682735E+02   2.2100601E-24
   4.0716109E+02  -2.9375890E-23
   4.0749483E+02  -6.3145027E-23
   4.0782857E+02  -9.5983508E-23
   4.0816231E+02  -1.2434571E-22
   4.0849605E+02  -1.4457648E-22
   4.0882978E+02  -1.5330512E-22
   4.0916352E+02  -1.4787614E-22
   4.0949726E+02  -1.2677118E-22
   4.0983100E+02  -8.9969574E-23
   4.1016474E+02  -3.9191885E-23
   4.1049848E+02   2.2023419E-23
   4.1083222E+02   8.8448909E-23
   4.1116595E+02   1.5352186E-22
   4.1149969E+02   2.0991693E-22
   4.1183343E+02   2.5030327E-22
   4.1216717E+02   2.6822245E-22
   4.1250091E+02   2.5899596E-22
   4.1283465E+02   2.2055334E-22
   4.1316839E+02   1.5406263E-22
   4.1350213E+02   6.4249136E-23
   4.1383586E+02  -4.0687401E-23
   4.1416960E+02  -1.4961285E-22
   4.1450334E+02  -2.4946061E-22
   4.1483708E+02  -3.2663908E-22
   4.1517082E+02  -3.6872651E-22
   4.1550456E+02  -3.6627769E-22
   4.1583830E+02  -3.1451980E-22
   4.1617203E+02  -2.1469618E-22
   4.1650577E+02  -7.4817436E-23
   4.1683951E+02   9.0377408E-23
   4.1717325E+02   2.6037792E-22
   4.1750699E+02   4.1080410E-22
   4.1784073E+02   5.1615464E-22
   4.1817447E+02   5.5317547E-22
   4.1850820E+02   5.0449783E-22
   4.1884194E+02   3.6209796E-22
   4.1917568E+02   1.3007753E-22
   4.1950942E+02  -1.7373353E-22
   4.1984316E+02  -5.1777513E-22
   4.2017690E+02  -8.5864175E-22
   4.2051064E+02  -1.1449345E-21
   4.2084437E+02  -1.3229033E-21
   4.2117811E+02  -1.3434445E-21
   4.2151185E+02  -1.1697432E-21
   4.2184559E+02  -7.8464867E-22
   4.2217933E+02  -1.9673984E-22
   4.2251307E+02   5.5596756E-22
   4.2284681E+02   1.4055978E-21
   4.2318054E+02   2.2579203E-21
   4.2351428E+02   3.0000197E-21
   4.2384802E+02   3.5118506E-21
   4.2418176E+02   3.6808326E-21
   4.2451550E+02   3.4180937E-21
   4.2484924E+02   2.6744698E-21
   4.2518298E+02   1.4541239E-21
   4.2551671E+02  -1.7646675E-22
   4.2585045E+02  -2.0861539E-21
   4.2618419E+02  -4.0848594E-21
   4.2651793E+02  -5.9380796E-21
   4.2685167E+02  -7.3897376E-21
   4.2718541E+02  -8.1918039E-21
   4.2751915E+02  -8.1379151E-21
   4.2785288E+02  -7.0972121E-21
   4.2818662E+02  -5.0439414E-21
   4.2852036E+02  -2.0781528E-21
   4.2885410E+02   1.5667706E-21
   4.2918784E+02   5.5329958E-21
   4.2952158E+02   9.3650836E-21
   4.2985532E+02   1.2554274E-20
   4.3018905E+02   1.4597154E-20
   4.3052279E+02   1.5063311E-20
   4.3085653E+02   1.3664310E-20
   4.3119027E+02   1.0314992E-20
   4.3152401E+02   5.1775367E-21
   4.3185775E+02  -1.3205502E-21
   4.3219149E+02  -8.5012962E-21
   4.3252522E+02  -1.5487427E-20
   4.3285896E+02  -2.1288984E-20
   4.3319270E+02  -2.4919614E-20
   4.3352644E+02  -2.5531584E-20
   4.3386018E+02  -2.2554542E-20
   4.3419392E+02  -1.5819584E-20
   4.3452766E+02  -5.6495588E-21
   4.3486140E+02   7.1024167E-21
   4.3519513E+02   2.1080019E-20
   4.3552887E+02   3.4523617E-20
   4.3586261E+02   4.5441626E-20
   4.3619635E+02   5.1841920E-20
   4.3653009E+02   5.2002163E-20
   4.3686383E+02   4.4748839E-20
   4.3719757E+02   2.9709206E-20
   4.3753130E+02   7.4977186E-21
   4.3786504E+02  -2.0198536E-20
   4.3819878E+02  -5.0663106E-20
   4.3853252E+02  -8.0336996E-20
   4.3886626E+02  -1.0514746E-19
   4.3920000E+02  -1.2095702E-19
   4.3953374E+02  -1.2409336E-19
   4.3986747E+02  -1.1190218E-19
   4.4020121E+02  -8.3254527E-20
   4.4053495E+02  -3.8935136E-20
   4.4086869E+02   1.8156873E-20
   4.4120243E+02   8.3049347E-20
   4.4153617E+02   1.4901155E-19
   4.4186991E+02   2.0814139E-19
   4.4220364E+02   2.5218987E-19
   4.4253738E+02   2.7355300E-19
   4.4287112E+02   2.6632682E-19
   4.4320486E+02   2.2730287E-19
   4.4353860E+02   1.5676805E-19
   4.4387234E+02   5.8981997E-20
   4.4420608E+02  -5.7772672E-20
   4.4453981E+02  -1.8163134E-19
   4.4487355E+02  -2.9809232E-19
   4.4520729E+02  -3.9141308E-19
   4.4554103E+02  -4.4634795E-19
   4.4587477E+02  -4.5005744E-19
   4.4620851E+02  -3.9397604E-19
   4.4654225E+02  -2.7540932E-19
   4.4687598E+02  -9.8629837E-20
   4.4720972E+02   1.2472265E-19
   4.4754346E+02   3.7607252E-19
   4.4787720E+02   6.3122271E-19
   4.4821094E+02   8.6250500E-19
   4.4854468E+02   1.0416196E-18
   4.4887842E+02   1.1429060E-18
   4.4921215E+02   1.1467217E-18
   4.4954589E+02   1.0425405E-18
   4.4987963E+02   8.3137649E-19
   4.5021337E+02   5.2716660E-19
   4.5054711E+02   1.5682362E-19
   4.5088085E+02  -2.4121259E-19
   4.5121459E+02  -6.1994478E-19
   4.5154832E+02  -9.2816210E-19
   4.5188206E+02  -1.1158347E-18
   4.5221580E+02  -1.1400926E-18
   4.5254954E+02  -9.7119441E-19
   4.5288328E+02  -5.9783471E-19
   4.5321702E+02  -3.1148210E-20
   4.5355076E+02   6.9316453E-19
   4.5388450E+02   1.5149884E-18
   4.5421823E+02   2.3524092E-18
   4.5455197E+02   3.1066846E-18
   4.5488571E+02   3.6691796E-18
   4.5521945E+02   3.9295471E-18
   4.5555319E+02   3.7842388E-18
   4.5588693E+02   3.1442334E-18
   4.5622067E+02   1.9408681E-18
   4.5655440E+02   1.2872016E-19
   4.5688814E+02  -2.3152469E-18
   4.5722188E+02  -5.3967505E-18
   4.5755562E+02  -9.1135244E-18
   4.5788936E+02  -1.3468474E-17
   4.5822310E+02  -1.8485925E-17
   4.5855684E+02  -2.4229789E-17
   4.5889057E+02  -3.0822235E-17
   4.5922431E+02  -3.8461635E-17
   4.5955805E+02  -4.7438295E-17
   4.5989179E+02  -5.8147171E-17
   4.6022553E+02  -7.1096796E-17
   4.6055927E+02  -8.6914315E-17
   4.6089301E+02  -1.0634696E-16
   4.6122674E+02  -1.3026104E-16
   4.6156048E+02  -1.5963941E-16
   4.6189422E+02  -1.9557964E-16
   4.6222796E+02  -2.3929425E-16
   4.6256170E+02  -2.9211543E-16
   4.6289544E+02  -3.5550513E-16
   4.6322918E+02  -4.3107076E-16
   4.6356291E+02  -5.2058851E-16
   4.6389665E+02  -6.2602829E-16
   4.6423039E+02  -7.4958075E-16
   4.6456413E+02  -8.9368011E-16
   4.6489787E+02  -1.0610178E-15
   4.6523161E+02  -1.2545402E-15
   4.6556535E+02  -1.4774271E-15
   4.6589908E+02  -1.7330422E-15
   4.6623282E+02  -2.0248509E-15
   4.6656656E+02  -2.3562985E-15
   4.6690030E+02  -2.7306441E-15
   4.6723404E+02  -3.1507404E-15
   4.6756778E+02  -3.6187534E-15
   4.6790152E+02  -4.1358010E-15
   4.6823525E+02  -4.7015135E-15
   4.6856899E+02  -5.3134673E-15
   4.6890273E+02  -5.9665001E-15
   4.6923647E+02  -6.6518654E-15
   4.6957021E+02  -7.3561449E-15
   4.6990395E+02  -8.0599293E-15
   4.7023769E+02  -8.7361445E-15
   4.7057142E+02  -9.3479716E-15
   4.7090516E+02  -9.8462345E-15
   4.7123890E+02  -1.0166228E-14
   4.7157264E+02  -1.0223722E-14
   4.7190638E+02  -9.9101525E-15
   4.7224012E+02  -9.0867357E-15
   4.7257386E+02  -7.5773399E-15
   4.7290760E+02  -5.1600993E-15
   4.7324133E+02  -1.5571938E-15
   4.7357507E+02   3.5771743E-15
   4.7390881E+02   1.0671179E-14
   4.7424255E+02   2.0252168E-14
   4.7457629E+02   3.2967010E-14
   4.7491003E+02   4.9605820E-14
   4.7524377E+02   7.1129897E-14
   4.7557750E+02   9.8705163E-14
   4.7591124E+02   1.3374082E-13
   4.7624498E+02   1.7793547E-13
   4.7657872E+02   2.3333061E-13
   4.7691246E+02   3.0237401E-13
   4.7724620E+02   3.8799310E-13
   4.7757994E+02   4.9368154E-13
   4.7791367E+02   6.2359861E-13
   4.7824741E+02   7.8268555E-13
   4.7858115E+02   9.7679959E-13
   4.7891489E+02   1.2128683E-12
   4.7924863E+02   1.4990710E-12
   4.7958237E+02   1.8450421E-12
   4.7991611E+02   2.2621100E-12
   4.8024984E+02   2.7635715E-12
   4.8058358E+02   3.3650016E-12
   4.8091732E+02   4.0846111E-12
   4.8125106E+02   4.9436492E-12
   4.8158480E+02   5.9668750E-12
   4.8191854E+02   7.1830918E-12
   4.8225228E+02   8.6257234E-12
   4.8258601E+02   1.0333525E-11
   4.8291975E+02   1.2351333E-11
   4.8325349E+02   1.4730949E-11
   4.8358723E+02   1.7532115E-11
   4.8392097E+02   2.0823628E-11
   4.8425471E+02   2.4684572E-11
   4.8458845E+02   2.9205749E-11
   4.8492218E+02   3.4491167E-11
   4.8525592E+02   4.0659837E-11
   4.8558966E+02   4.7847695E-11
   4.8592340E+02   5.6209773E-11
   4.8625714E+02   6.5922531E-11
   4.8659088E+02   7.7186563E-11
   4.8692462E+02   9.0229567E-11
   4.8725835E+02   1.0530941E-10
   4.8759209E+02   1.2271793E-10
   4.8792583E+02   1.4278467E-10
   4.8825957E+02   1.6588114E-10
   4.8859331E+02   1.9242563E-10
   4.8892705E+02   2.2288832E-10
   4.8926079E+02   2.5779648E-10
   4.8959452E+02   2.9774094E-10
   4.8992826E+02   3.4338238E-10
   4.9026200E+02   3.9545783E-10
   4.9059574E+02   4.5478959E-10
   4.9092948E+02   5.2229121E-10
   4.9126322E+02   5.9897820E-10
   4.9159696E+02   6.8597550E-10
   4.9193069E+02   7.8452866E-10
   4.9226443E+02   8.9601337E-10
   4.9259817E+02   1.0219459E-09
   4.9293191E+02   1.1639956E-09
   4.9326565E+02   1.3239960E-09
   4.9359939E+02   1.5039574E-09
   4.9393313E+02   1.7060797E-09
   4.9426687E+02   1.9327653E-09
   4.9460060E+02   2.1866331E-09
   4.9493434E+02   2.4705313E-09
   4.9526808E+02   2.7875520E-09
   4.9560182E+02   3.1410432E-09
   4.9593556E+02   3.5346255E-09
   4.9626930E+02   3.9721999E-09
   4.9660304E+02   4.4579744E-09
   4.9693677E+02   4.9964495E-09
   4.9727051E+02   5.5924634E-09
   4.9760425E+02   6.2511689E-09
   4.9793799E+02   6.9780737E-09
   4.9827173E+02   7.7790174E-09
   4.9860547E+02   8.6601979E-09
   4.9893921E+02   9.6281649E-09
   4.9927294E+02   1.0689826E-08
   4.9960668E+02   1.1852438E-08
   4.9994042E+02   1.3123603E-08
   5.0027416E+02   1.4511262E-08
   5.0060790E+02   1.6023670E-08
   5.0094164E+02   1.7669390E-08
   5.0127538E+02   1.9457277E-08
   5.0160911E+02   2.1396417E-08
   5.0194285E+02   2.3496128E-08
   5.0227659E+02   2.5765893E-08
   5.0261033E+02   2.8215329E-08
   5.0294407E+02   3.0854117E-08
   5.0327781E+02   3.3692000E-08
   5.0361155E+02   3.6738587E-08
   5.0394528E+02   4.0003414E-08
   5.0427902E+02   4.3495774E-08
   5.0461276E+02   4.7224663E-08
   5.0494650E+02   5.1198640E-08
   5.0528024E+02   5.5425804E-08
   5.0561398E+02   5.9913546E-08
   5.0594772E+02   6.4668519E-08
   5.0628145E+02   6.9696490E-08
   5.0661519E+02   7.5002163E-08
   5.0694893E+02   8.0589089E-08
   5.0728267E+02   8.6459416E-08
   5.0761641E+02   9.2613888E-08
   5.0795015E+02   9.9051420E-08
   5.0828389E+02   1.0576922E-07
   5.0861762E+02   1.1276248E-07
   5.0895136E+02   1.2002415E-07
   5.0928510E+02   1.2754482E-07
   5.0961884E+02   1.3531259E-07
   5.0995258E+02   1.4331276E-07
   5.1028632E+02   1.5152789E-07
   5.1062006E+02   1.5993741E-07
   5.1095379E+02   1.6851766E-07
   5.1128753E+02   1.7724159E-07
   5.1162127E+02   1.8607861E-07
   5.1195501E+02   1.9499485E-07
   5.1228875E+02   2.0395235E-07
   5.1262249E+02   2.1290987E-07
   5.1295623E+02   2.2182203E-07
   5.1328997E+02   2.3063970E-07
   5.1362370E+02   2.3930988E-07
   5.1395744E+02   2.4777597E-07
   5.1429118E+02   2.5597731E-07
   5.1462492E+02   2.6384973E-07
   5.1495866E+02   2.7132549E-07
   5.1529240E+02   2.7833326E-07
   5.1562614E+02   2.8479866E-07
   5.1595987E+02   2.9064421E-07
   5.1629361E+02   2.9578982E-07
   5.1662735E+02   3.0015269E-07
   5.1696109E+02   3.0364825E-07
   5.1729483E+02   3.0618997E-07
   5.1762857E+02   3.0769024E-07
   5.1796231E+02   3.0806038E-07
   5.1829604E+02   3.0721139E-07
   5.1862978E+02   3.0505484E-07
   5.1896352E+02   3.0150261E-07
   5.1929726E+02   2.9646836E-07
   5.1963100E+02   2.8986722E-07
   5.1996474E+02   2.8161750E-07
   5.2029848E+02   2.7164054E-07
   5.2063221E+02   2.5986157E-07
   5.2096595E+02   2.4621067E-07
   5.2129969E+02   2.3062351E-07
   5.2163343E+02   2.1304169E-07
   5.2196717E+02   1.9341346E-07
   5.2230091E+02   1.7169511E-07
   5.2263465E+02   1.4785047E-07
   5.2296838E+02   1.2185286E-07
   5.2330212E+02   9.3684847E-08
   5.2363586E+02   6.3339279E-08
   5.2396960E+02   3.0819670E-08
   5.2430334E+02  -3.8593533E-09
   5.2463708E+02  -4.0671289E-08
   5.2497082E+02  -7.9577667E-08
   5.2530455E+02  -1.2052737E-07
   5.2563829E+02  -1.6345665E-07
   5.2597203E+02  -2.0828874E-07
   5.2630577E+02  -2.5493370E-07
   5.2663951E+02  -3.0328849E-07
   5.2697325E+02  -3.5323694E-07
   5.2730699E+02  -4.0465000E-07
   5.2764072E+02  -4.5738540E-07
   5.2797446E+02  -5.1128893E-07
   5.2830820E+02  -5.6619376E-07
   5.2864194E+02  -6.2192191E-07
   5.2897568E+02  -6.7828438E-07
   5.2930942E+02  -7.3508141E-07
   5.2964316E+02  -7.9210412E-07
   5.2997689E+02  -8.4913461E-07
   5.3031063E+02  -9.0594784E-07
   5.3064437E+02  -9.6231099E-07
   5.3097811E+02  -1.0179871E-06
   5.3131185E+02  -1.0727331E-06
   5.3164559E+02  -1.1263045E-06
   5.3197933E+02  -1.1784535E-06
   5.3231306E+02  -1.2289322E-06
   5.3264680E+02  -1.2774938E-06
   5.3298054E+02  -1.3238932E-06
   5.3331428E+02  -1.3678891E-06
   5.3364802E+02  -1.4092456E-06
   5.3398176E+02  -1.4477331E-06
   5.3431550E+02  -1.4831297E-06
   5.3464924E+02  -1.5152237E-06
   5.3498297E+02  -1.5438126E-06
   5.3531671E+02  -1.5687081E-06
   5.3565045E+02  -1.5897328E-06
   5.3598419E+02  -1.6067270E-06
   5.3631793E+02  -1.6195440E-06
   5.3665167E+02  -1.6280553E-06
   5.3698541E+02  -1.6321510E-06
   5.3731914E+02  -1.6317384E-06
   5.3765288E+02  -1.6267452E-06
   5.3798662E+02  -1.6171200E-06
   5.3832036E+02  -1.6028305E-06
   5.3865410E+02  -1.5838680E-06
   5.3898784E+02  -1.5602438E-06
   5.3932158E+02  -1.5319922E-06
   5.3965531E+02  -1.4991683E-06
   5.3998905E+02  -1.4618493E-06
   5.4032279E+02  -1.4201348E-06
   5.4065653E+02  -1.3741444E-06
   5.4099027E+02  -1.3240199E-06
   5.4132401E+02  -1.2699221E-06
   5.4165775E+02  -1.2120322E-06
   5.4199148E+02  -1.1505499E-06
   5.4232522E+02  -1.0856916E-06
   5.4265896E+02  -1.0176918E-06
   5.4299270E+02  -9.4679910E-07
   5.4332644E+02  -8.7327703E-07
   5.4366018E+02  -7.9740101E-07
   5.4399392E+02  -7.1945840E-07
   5.4432765E+02  -6.3974619E-07
   5.4466139E+02  -5.5856924E-07
   5.4499513E+02  -4.7623925E-07
   5.4532887E+02  -3.9307233E-07
   5.4566261E+02  -3.0938807E-07
   5.4599635E+02  -2.2550755E-07
   5.4633009E+02  -1.4175104E-07
   5.4666382E+02  -5.8437308E-08
   5.4699756E+02   2.4118364E-08
   5.4733130E+02   1.0560674E-07
   5.4766504E+02   1.8572504E-07
   5.4799878E+02   2.6417882E-07
   5.4833252E+02   3.4068398E-07
   5.4866626E+02   4.1496787E-07
   5.4899999E+02   4.8677032E-07
   5.4933373E+02   5.5584565E-07
   5.4966747E+02   6.2196307E-07
   5.5000121E+02   6.8490817E-07
   5.5033495E+02   7.4448383E-07
   5.5066869E+02   8.0051097E-07
   5.5100243E+02   8.5282966E-07
   5.5133616E+02   9.0129890E-07
   5.5166990E+02   9.4579769E-07
   5.5200364E+02   9.8622547E-07
   5.5233738E+02   1.0225020E-06
   5.5267112E+02   1.0545674E-06
   5.5300486E+02   1.0823827E-06
   5.5333860E+02   1.1059295E-06
   5.5367234E+02   1.1252095E-06
   5.5400607E+02   1.1402439E-06
   5.5433981E+02   1.1510732E-06
   5.5467355E+02   1.1577575E-06
   5.5500729E+02   1.1603742E-06
   5.5534103E+02   1.1590174E-06
   5.5567477E+02   1.1537986E-06
   5.5600851E+02   1.1448449E-06
   5.5634224E+02   1.1322975E-06
   5.5667598E+02   1.1163102E-06
   5.5700972E+02   1.0970496E-06
   5.5734346E+02   1.0746938E-06
   5.5767720E+02   1.0494304E-06
   5.5801094E+02   1.0214551E-06
   5.5834468E+02   9.9097167E-07
   5.5867841E+02   9.5818962E-07
   5.5901215E+02   9.2332289E-07
   5.5934589E+02   8.8658913E-07
   5.5967963E+02   8.4820840E-07
   5.6001337E+02   8.0840084E-07
   5.6034711E+02   7.6738684E-07
   5.6068085E+02   7.2538523E-07
   5.6101458E+02   6.8261221E-07
   5.6134832E+02   6.3927973E-07
   5.6168206E+02   5.9559562E-07
   5.6201580E+02   5.5176133E-07
   5.6234954E+02   5.0797206E-07
   5.6268328E+02   4.6441514E-07
   5.6301702E+02   4.2126933E-07
   5.6335075E+02   3.7870447E-07
   5.6368449E+02   3.3688065E-07
   5.6401823E+02   2.9594770E-07
   5.6435197E+02   2.5604430E-07
   5.6468571E+02   2.1729807E-07
   5.6501945E+02   1.7982534E-07
   5.6535319E+02   1.4373005E-07
   5.6568692E+02   1.0910486E-07
   5.6602066E+02   7.6030005E-08
   5.6635440E+02   4.4573795E-08
   5.6668814E+02   1.4792377E-08
   5.6702188E+02  -1.3269762E-08
   5.6735562E+02  -3.9579970E-08
   5.6768936E+02  -6.4116826E-08
   5.6802309E+02  -8.6870017E-08
   5.6835683E+02  -1.0783984E-07
   5.6869057E+02  -1.2703677E-07
   5.6902431E+02  -1.4448094E-07
   5.6935805E+02  -1.6020155E-07
   5.6969179E+02  -1.7423645E-07
   5.7002553E+02  -1.8663123E-07
   5.7035926E+02  -1.9743896E-07
   5.7069300E+02  -2.0671921E-07
   5.7102674E+02  -2.1453747E-07
   5.7136048E+02  -2.2096449E-07
   5.7169422E+02  -2.2607556E-07
   5.7202796E+02  -2.2994963E-07
   5.7236170E+02  -2.3266891E-07
   5.7269543E+02  -2.3431775E-07
   5.7302917E+02  -2.3498228E-07
   5.7336291E+02  -2.3474942E-07
   5.7369665E+02  -2.3370646E-07
   5.7403039E+02  -2.3194025E-07
   5.7436413E+02  -2.2953678E-07
   5.7469787E+02  -2.2658037E-07
   5.7503161E+02  -2.2315321E-07
   5.7536534E+02  -2.1933496E-07
   5.7569908E+02  -2.1520211E-07
   5.7603282E+02  -2.1082769E-07
   5.7636656E+02  -2.0628075E-07
   5.7670030E+02  -2.0162614E-07
   5.7703404E+02  -1.9692416E-07
   5.7736778E+02  -1.9223020E-07
   5.7770151E+02  -1.8759486E-07
   5.7803525E+02  -1.8306348E-07
   5.7836899E+02  -1.7867617E-07
   5.7870273E+02  -1.7446779E-07
   5.7903647E+02  -1.7046783E-07
   5.7937021E+02  -1.6670053E-07
   5.7970395E+02  -1.6318494E-07
   5.8003768E+02  -1.5993493E-07
   5.8037142E+02  -1.5695943E-07
   5.8070516E+02  -1.5426258E-07
   5.8103890E+02  -1.5184391E-07
   5.8137264E+02  -1.4969858E-07
   5.8170638E+02  -1.4781780E-07
   5.8204012E+02  -1.4618897E-07
   5.8237385E+02  -1.4479609E-07
   5.8270759E+02  -1.4362004E-07
   5.8304133E+02  -1.4263910E-07
   5.8337507E+02  -1.4182902E-07
   5.8370881E+02  -1.4116371E-07
   5.8404255E+02  -1.4061536E-07
   5.8437629E+02  -1.4015491E-07
   5.8471002E+02  -1.3975244E-07
   5.8504376E+02  -1.3937752E-07
   5.8537750E+02  -1.3899954E-07
   5.8571124E+02  -1.3858813E-07
   5.8604498E+02  -1.3811342E-07
   5.8637872E+02  -1.3754646E-07
   5.8671246E+02  -1.3685948E-07
   5.8704619E+02  -1.3602607E-07
   5.8737993E+02  -1.3502172E-07
   5.8771367E+02  -1.3382375E-07
   5.8804741E+02  -1.3241167E-07
   5.8838115E+02  -1.3076745E-07
   5.8871489E+02  -1.2887558E-07
   5.8904863E+02  -1.2672326E-07
   5.8938236E+02  -1.2430060E-07
   5.8971610E+02  -1.2160052E-07
   5.9004984E+02  -1.1861911E-07
   5.9038358E+02  -1.1535547E-07
   5.9071732E+02  -1.1181179E-07
   5.9105106E+02  -1.0799332E-07
   5.9138480E+02  -1.0390837E-07
   5.9171853E+02  -9.9568169E-08
   5.9205227E+02  -9.4986959E-08
   5.9238601E+02  -9.0181558E-08
   5.9271975E+02  -8.5171635E-08
   5.9305349E+02  -7.9979294E-08
   5.9338723E+02  -7.4629043E-08
   5.9372097E+02  -6.9147617E-08
   5.9405471E+02  -6.3563782E-08
   5.9438844E+02  -5.7908203E-08
   5.9472218E+02  -5.2213046E-08
   5.9505592E+02  -4.6512035E-08
   5.9538966E+02  -4.0839865E-08
   5.9572340E+02  -3.5232318E-08
   5.9605714E+02  -2.9725584E-08
   5.9639088E+02  -2.4356467E-08
   5.9672461E+02  -1.9161760E-08
   5.9705835E+02  -1.4178198E-08
   5.9739209E+02  -9.4419477E-09
   5.9772583E+02  -4.9887774E-09
   5.9805957E+02  -8.5344709E-10
   5.9839331E+02   2.9305198E-09
   5.9872705E+02   6.3309926E-09
   5.9906078E+02   9.3175885E-09
   5.9939452E+02   1.1861644E-08
   5.9972826E+02   1.3936955E-08
   6.0006200E+02   1.5519575E-08
   6.0039574E+02   1.6588203E-08
   6.0072948E+02   1.7124293E-08
   6.0106322E+02   1.7112342E-08
   6.0139695E+02   1.6539857E-08
   6.0173069E+02   1.5397660E-08
   6.0206443E+02   1.3680037E-08
   6.0239817E+02   1.1384614E-08
   6.0273191E+02   8.5127567E-09
   6.0306565E+02   5.0693387E-09
   6.0339939E+02   1.0629861E-09
   6.0373312E+02  -3.4938239E-09
   6.0406686E+02  -8.5851042E-09
   6.0440060E+02  -1.4190846E-08
   6.0473434E+02  -2.0287615E-08
   6.0506808E+02  -2.6848269E-08
   6.0540182E+02  -3.3842255E-08
   6.0573556E+02  -4.1235694E-08
   6.0606929E+02  -4.8991417E-08
   6.0640303E+02  -5.7069265E-08
   6.0673677E+02  -6.5426391E-08
   6.0707051E+02  -7.4017166E-08
   6.0740425E+02  -8.2793747E-08
   6.0773799E+02  -9.1706056E-08
   6.0807173E+02  -1.0070234E-07
   6.0840546E+02  -1.0972922E-07
   6.0873920E+02  -1.1873217E-07
   6.0907294E+02  -1.2765578E-07
   6.0940668E+02  -1.3644404E-07
   6.0974042E+02  -1.4504096E-07
   6.1007416E+02  -1.5339039E-07
   6.1040790E+02  -1.6143710E-07
   6.1074163E+02  -1.6912642E-07
   6.1107537E+02  -1.7640515E-07
   6.1140911E+02  -1.8322143E-07
   6.1174285E+02  -1.8952554E-07
   6.1207659E+02  -1.9526991E-07
   6.1241033E+02  -2.0040949E-07
   6.1274407E+02  -2.0490232E-07
   6.1307781E+02  -2.0870951E-07
   6.1341154E+02  -2.1179562E-07
   6.1374528E+02  -2.1412905E-07
   6.1407902E+02  -2.1568209E-07
   6.1441276E+02  -2.1643126E-07
   6.1474650E+02  -2.1635732E-07
   6.1508024E+02  -2.1544534E-07
   6.1541398E+02  -2.1368525E-07
   6.1574771E+02  -2.1107127E-07
   6.1608145E+02  -2.0760217E-07
   6.1641519E+02  -2.0328177E-07
   6.1674893E+02  -1.9811816E-07
   6.1708267E+02  -1.9212402E-07
   6.1741641E+02  -1.8531637E-07
   6.1775015E+02  -1.7771693E-07
   6.1808388E+02  -1.6935110E-07
   6.1841762E+02  -1.6024867E-07
   6.1875136E+02  -1.5044286E-07
   6.1908510E+02  -1.3997061E-07
   6.1941884E+02  -1.2887180E-07
   6.1975258E+02  -1.1718968E-07
   6.2008632E+02  -1.0496975E-07
   6.2042005E+02  -9.2259846E-08
   6.2075379E+02  -7.9110016E-08
   6.2108753E+02  -6.5571626E-08
   6.2142127E+02  -5.1697402E-08
   6.2175501E+02  -3.7540993E-08
   6.2208875E+02  -2.3156559E-08
   6.2242249E+02  -8.5983629E-09
   6.2275622E+02   6.0794516E-09
   6.2308996E+02   2.0823311E-08
   6.2342370E+02   3.5580502E-08
   6.2375744E+02   5.0299484E-08
   6.2409118E+02   6.4930177E-08
   6.2442492E+02   7.9424289E-08
   6.2475866E+02   9.3735430E-08
   6.2509239E+02   1.0781945E-07
   6.2542613E+02   1.2163460E-07
   6.2575987E+02   1.3514145E-07
   6.2609361E+02   1.4830344E-07
   6.2642735E+02   1.6108662E-07
   6.2676109E+02   1.7345980E-07
   6.2709483E+02   1.8539463E-07
   6.2742856E+02   1.9686559E-07
   6.2776230E+02   2.0784987E-07
   6.2809604E+02   2.1832747E-07
   6.2842978E+02   2.2828078E-07
   6.2876352E+02   2.3769472E-07
   6.2909726E+02   2.4655657E-07
   6.2943100E+02   2.5485542E-07
   6.2976473E+02   2.6258252E-07
   6.3009847E+02   2.6973041E-07
   6.3043221E+02   2.7629318E-07
   6.3076595E+02   2.8226569E-07
   6.3109969E+02   2.8764393E-07
   6.3143343E+02   2.9242392E-07
   6.3176717E+02   2.9660202E-07
   6.3210090E+02   3.0017461E-07
   6.3243464E+02   3.0313726E-07
   6.3276838E+02   3.0548500E-07
   6.3310212E+02   3.0721159E-07
   6.3343586E+02   3.0830978E-07
   6.3376960E+02   3.0877061E-07
   6.3410334E+02   3.0858331E-07
   6.3443708E+02   3.0773526E-07
   6.3477081E+02   3.0621163E-07
   6.3510455E+02   3.0399531E-07
   6.3543829E+02   3.0106690E-07
   6.3577203E+02   2.9740468E-07
   6.3610577E+02   2.9298440E-07
   6.3643951E+02   2.8777939E-07
   6.3677325E+02   2.8176063E-07
   6.3710698E+02   2.7489696E-07
   6.3744072E+02   2.6715512E-07
   6.3777446E+02   2.5849999E-07
   6.3810820E+02   2.4889485E-07
   6.3844194E+02   2.3830188E-07
   6.3877568E+02   2.2668198E-07
   6.3910942E+02   2.1399572E-07
   6.3944315E+02   2.0020340E-07
   6.3977689E+02   1.8526598E-07
   6.4011063E+02   1.6914487E-07
   6.4044437E+02   1.5180294E-07
   6.4077811E+02   1.3320471E-07
   6.4111185E+02   1.1331737E-07
   6.4144559E+02   9.2111115E-08
   6.4177932E+02   6.9559341E-08
   6.4211306E+02   4.5640036E-08
   6.4244680E+02   2.0335644E-08
   6.4278054E+02  -6.3659584E-09
   6.4311428E+02  -3.4471199E-08
   6.4344802E+02  -6.3979599E-08
   6.4378176E+02  -9.4884555E-08
   6.4411549E+02  -1.2717146E-07
   6.4444923E+02  -1.6081827E-07
   6.4478297E+02  -1.9579446E-07
   6.4511671E+02  -2.3206135E-07
   6.4545045E+02  -2.6957125E-07
   6.4578419E+02  -3.0826749E-07
   6.4611793E+02  -3.4808394E-07
   6.4645166E+02  -3.8894538E-07
   6.4678540E+02  -4.3076705E-07
   6.4711914E+02  -4.7345483E-07
   6.4745288E+02  -5.1690552E-07
   6.4778662E+02  -5.6100674E-07
   6.4812036E+02  -6.0563764E-07
   6.4845410E+02  -6.5066854E-07
   6.4878783E+02  -6.9596234E-07
   6.4912157E+02  -7.4137404E-07
   6.4945531E+02  -7.8675203E-07
   6.4978905E+02  -8.3193822E-07
   6.5012279E+02  -8.7676915E-07
   6.5045653E+02  -9.2107666E-07
   6.5079027E+02  -9.6468841E-07
   6.5112400E+02  -1.0074290E-06
   6.5145774E+02  -1.0491211E-06
   6.5179148E+02  -1.0895859E-06
   6.5212522E+02  -1.1286452E-06
   6.5245896E+02  -1.1661207E-06
   6.5279270E+02  -1.2018372E-06
   6.5312644E+02  -1.2356213E-06
   6.5346018E+02  -1.2673054E-06
   6.5379391E+02  -1.2967255E-06
   6.5412765E+02  -1.3237247E-06
   6.5446139E+02  -1.3481535E-06
   6.5479513E+02  -1.3698703E-06
   6.5512887E+02  -1.3887427E-06
   6.5546261E+02  -1.4046495E-06
   6.5579635E+02  -1.4174796E-06
   6.5613008E+02  -1.4271340E-06
   6.5646382E+02  -1.4335274E-06
   6.5679756E+02  -1.4365871E-06
   6.5713130E+02  -1.4362549E-06
   6.5746504E+02  -1.4324869E-06
   6.5779878E+02  -1.4252545E-06
   6.5813252E+02  -1.4145442E-06
   6.5846625E+02  -1.4003587E-06
   6.5879999E+02  -1.3827155E-06
   6.5913373E+02  -1.3616489E-06
   6.5946747E+02  -1.3372083E-06
   6.5980121E+02  -1.3094595E-06
   6.6013495E+02  -1.2784833E-06
