  -7.8094826E+01   0.0000000E+00
  -7.7761087E+01   0.0000000E+00
  -7.7427349E+01   0.0000000E+00
  -7.7093610E+01   0.0000000E+00
  -7.6759871E+01   0.0000000E+00
  -7.6426133E+01   0.0000000E+00
  -7.6092394E+01   0.0000000E+00
  -7.5758656E+01   0.0000000E+00
  -7.5424917E+01   0.0000000E+00
  -7.5091178E+01   0.0000000E+00
  -7.4757440E+01   0.0000000E+00
  -7.4423701E+01   0.0000000E+00
  -7.4089963E+01   0.0000000E+00
  -7.3756224E+01   0.0000000E+00
  -7.3422485E+01   0.0000000E+00
  -7.3088747E+01   0.0000000E+00
  -7.2755008E+01   0.0000000E+00
  -7.2421270E+01   0.0000000E+00
  -7.2087531E+01   0.0000000E+00
  -7.1753792E+01   0.0000000E+00
  -7.1420054E+01   0.0000000E+00
  -7.1086315E+01   0.0000000E+00
  -7.0752577E+01   0.0000000E+00
  -7.0418838E+01   0.0000000E+00
  -7.0085099E+01   0.0000000E+00
  -6.9751361E+01   0.0000000E+00
  -6.9417622E+01   0.0000000E+00
  -6.9083884E+01   0.0000000E+00
  -6.8750145E+01   0.0000000E+00
  -6.8416406E+01   0.0000000E+00
  -6.8082668E+01   0.0000000E+00
  -6.7748929E+01   0.0000000E+00
  -6.7415191E+01   0.0000000E+00
  -6.7081452E+01   0.0000000E+00
  -6.6747714E+01   0.0000000E+00
  -6.6413975E+01   0.0000000E+00
  -6.6080236E+01   0.0000000E+00
  -6.5746498E+01   0.0000000E+00
  -6.5412759E+01   0.0000000E+00
  -6.5079021E+01   0.0000000E+00
  -6.4745282E+01   0.0000000E+00
  -6.4411543E+01   0.0000000E+00
  -6.4077805E+01   0.0000000E+00
  -6.3744066E+01   0.0000000E+00
  -6.3410328E+01   0.0000000E+00
  -6.3076589E+01   0.0000000E+00
  -6.2742850E+01   0.0000000E+00
  -6.2409112E+01   0.0000000E+00
  -6.2075373E+01   0.0000000E+00
  -6.1741635E+01   0.0000000E+00
  -6.1407896E+01   0.0000000E+00
  -6.1074157E+01   0.0000000E+00
  -6.0740419E+01   0.0000000E+00
  -6.0406680E+01   0.0000000E+00
  -6.0072942E+01   0.0000000E+00
  -5.9739203E+01   0.0000000E+00
  -5.9405464E+01   0.0000000E+00
  -5.9071726E+01   0.0000000E+00
  -5.8737987E+01   0.0000000E+00
  -5.8404249E+01   0.0000000E+00
  -5.8070510E+01   0.0000000E+00
  -5.7736771E+01   0.0000000E+00
  -5.7403033E+01   0.0000000E+00
  -5.7069294E+01   0.0000000E+00
  -5.6735556E+01   0.0000000E+00
  -5.6401817E+01   0.0000000E+00
  -5.6068078E+01   0.0000000E+00
  -5.5734340E+01   0.0000000E+00
  -5.5400601E+01   0.0000000E+00
  -5.5066863E+01   0.0000000E+00
  -5.4733124E+01   0.0000000E+00
  -5.4399385E+01   0.0000000E+00
  -5.4065647E+01   0.0000000E+00
  -5.3731908E+01   0.0000000E+00
  -5.3398170E+01   0.0000000E+00
  -5.3064431E+01   0.0000000E+00
  -5.2730693E+01   0.0000000E+00
  -5.2396954E+01   0.0000000E+00
  -5.2063215E+01   0.0000000E+00
  -5.1729477E+01   0.0000000E+00
  -5.1395738E+01   0.0000000E+00
  -5.1062000E+01   0.0000000E+00
  -5.0728261E+01   0.0000000E+00
  -5.0394522E+01   0.0000000E+00
  -5.0060784E+01   0.0000000E+00
  -4.9727045E+01   0.0000000E+00
  -4.9393307E+01   0.0000000E+00
  -4.9059568E+01   0.0000000E+00
  -4.8725829E+01   0.0000000E+00
  -4.8392091E+01   0.0000000E+00
  -4.8058352E+01   0.0000000E+00
  -4.7724614E+01   0.0000000E+00
  -4.7390875E+01   0.0000000E+00
  -4.7057136E+01   0.0000000E+00
  -4.6723398E+01   0.0000000E+00
  -4.6389659E+01   0.0000000E+00
  -4.6055921E+01   0.0000000E+00
  -4.5722182E+01   0.0000000E+00
  -4.5388443E+01   0.0000000E+00
  -4.5054705E+01   0.0000000E+00
  -4.4720966E+01   0.0000000E+00
  -4.4387228E+01   0.0000000E+00
  -4.4053489E+01   0.0000000E+00
  -4.3719750E+01   0.0000000E+00
  -4.3386012E+01   0.0000000E+00
  -4.3052273E+01   0.0000000E+00
  -4.2718535E+01   0.0000000E+00
  -4.2384796E+01   0.0000000E+00
  -4.2051057E+01   0.0000000E+00
  -4.1717319E+01   0.0000000E+00
  -4.1383580E+01   0.0000000E+00
  -4.1049842E+01   0.0000000E+00
  -4.0716103E+01   0.0000000E+00
  -4.0382364E+01   0.0000000E+00
  -4.0048626E+01   0.0000000E+00
  -3.9714887E+01   0.0000000E+00
  -3.9381149E+01   0.0000000E+00
  -3.9047410E+01   0.0000000E+00
  -3.8713672E+01   0.0000000E+00
  -3.8379933E+01   0.0000000E+00
  -3.8046194E+01   0.0000000E+00
  -3.7712456E+01   0.0000000E+00
  -3.7378717E+01   0.0000000E+00
  -3.7044979E+01   0.0000000E+00
  -3.6711240E+01   0.0000000E+00
  -3.6377501E+01   0.0000000E+00
  -3.6043763E+01   0.0000000E+00
  -3.5710024E+01   0.0000000E+00
  -3.5376286E+01   0.0000000E+00
  -3.5042547E+01   0.0000000E+00
  -3.4708808E+01   0.0000000E+00
  -3.4375070E+01   0.0000000E+00
  -3.4041331E+01   0.0000000E+00
  -3.3707593E+01   0.0000000E+00
  -3.3373854E+01   0.0000000E+00
  -3.3040115E+01   0.0000000E+00
  -3.2706377E+01   0.0000000E+00
  -3.2372638E+01   0.0000000E+00
  -3.2038900E+01   0.0000000E+00
  -3.1705161E+01   0.0000000E+00
  -3.1371422E+01   0.0000000E+00
  -3.1037684E+01   0.0000000E+00
  -3.0703945E+01   0.0000000E+00
  -3.0370207E+01   0.0000000E+00
  -3.0036468E+01   0.0000000E+00
  -2.9702729E+01   0.0000000E+00
  -2.9368991E+01   0.0000000E+00
  -2.9035252E+01   0.0000000E+00
  -2.8701514E+01   0.0000000E+00
  -2.8367775E+01   0.0000000E+00
  -2.8034036E+01   0.0000000E+00
  -2.7700298E+01   0.0000000E+00
  -2.7366559E+01   0.0000000E+00
  -2.7032821E+01   0.0000000E+00
  -2.6699082E+01   0.0000000E+00
  -2.6365343E+01   0.0000000E+00
  -2.6031605E+01   0.0000000E+00
  -2.5697866E+01   0.0000000E+00
  -2.5364128E+01   0.0000000E+00
  -2.5030389E+01   0.0000000E+00
  -2.4696651E+01   0.0000000E+00
  -2.4362912E+01   0.0000000E+00
  -2.4029173E+01   0.0000000E+00
  -2.3695435E+01   0.0000000E+00
  -2.3361696E+01   0.0000000E+00
  -2.3027958E+01   0.0000000E+00
  -2.2694219E+01   0.0000000E+00
  -2.2360480E+01   0.0000000E+00
  -2.2026742E+01   0.0000000E+00
  -2.1693003E+01   0.0000000E+00
  -2.1359265E+01   0.0000000E+00
  -2.1025526E+01   0.0000000E+00
  -2.0691787E+01   0.0000000E+00
  -2.0358049E+01   0.0000000E+00
  -2.0024310E+01   0.0000000E+00
  -1.9690572E+01   0.0000000E+00
  -1.9356833E+01   0.0000000E+00
  -1.9023094E+01   0.0000000E+00
  -1.8689356E+01   0.0000000E+00
  -1.8355617E+01   0.0000000E+00
  -1.8021879E+01   0.0000000E+00
  -1.7688140E+01   0.0000000E+00
  -1.7354401E+01   0.0000000E+00
  -1.7020663E+01   0.0000000E+00
  -1.6686924E+01   0.0000000E+00
  -1.6353186E+01   0.0000000E+00
  -1.6019447E+01   0.0000000E+00
  -1.5685708E+01   0.0000000E+00
  -1.5351970E+01   0.0000000E+00
  -1.5018231E+01   0.0000000E+00
  -1.4684493E+01   0.0000000E+00
  -1.4350754E+01   0.0000000E+00
  -1.4017015E+01   0.0000000E+00
  -1.3683277E+01   0.0000000E+00
  -1.3349538E+01   0.0000000E+00
  -1.3015800E+01   0.0000000E+00
  -1.2682061E+01   0.0000000E+00
  -1.2348322E+01   0.0000000E+00
  -1.2014584E+01   0.0000000E+00
  -1.1680845E+01   0.0000000E+00
  -1.1347107E+01   0.0000000E+00
  -1.1013368E+01   0.0000000E+00
  -1.0679630E+01   0.0000000E+00
  -1.0345891E+01   0.0000000E+00
  -1.0012152E+01   0.0000000E+00
  -9.6784137E+00   0.0000000E+00
  -9.3446751E+00   0.0000000E+00
  -9.0109365E+00   0.0000000E+00
  -8.6771979E+00   0.0000000E+00
  -8.3434593E+00   0.0000000E+00
  -8.0097207E+00   0.0000000E+00
  -7.6759821E+00   0.0000000E+00
  -7.3422436E+00   0.0000000E+00
  -7.0085050E+00   0.0000000E+00
  -6.6747664E+00   0.0000000E+00
  -6.3410278E+00   0.0000000E+00
  -6.0072892E+00   0.0000000E+00
  -5.6735506E+00   0.0000000E+00
  -5.3398120E+00   0.0000000E+00
  -5.0060734E+00   0.0000000E+00
  -4.6723348E+00   0.0000000E+00
  -4.3385962E+00   0.0000000E+00
  -4.0048576E+00   0.0000000E+00
  -3.6711190E+00   0.0000000E+00
  -3.3373804E+00   0.0000000E+00
  -3.0036418E+00   0.0000000E+00
  -2.6699032E+00   0.0000000E+00
  -2.3361646E+00   0.0000000E+00
  -2.0024260E+00   0.0000000E+00
  -1.6686874E+00   0.0000000E+00
  -1.3349488E+00   0.0000000E+00
  -1.0012102E+00   0.0000000E+00
  -6.6747165E-01   0.0000000E+00
  -3.3373305E-01   0.0000000E+00
   5.5432320E-06   0.0000000E+00
   3.3374414E-01   0.0000000E+00
   6.6748273E-01   0.0000000E+00
   1.0012213E+00   0.0000000E+00
   1.3349599E+00   0.0000000E+00
   1.6686985E+00   0.0000000E+00
   2.0024371E+00   0.0000000E+00
   2.3361757E+00   0.0000000E+00
   2.6699143E+00   0.0000000E+00
   3.0036529E+00   0.0000000E+00
   3.3373915E+00   0.0000000E+00
   3.6711301E+00   0.0000000E+00
   4.0048687E+00   0.0000000E+00
   4.3386073E+00   0.0000000E+00
   4.6723459E+00   0.0000000E+00
   5.0060845E+00   0.0000000E+00
   5.3398231E+00   0.0000000E+00
   5.6735617E+00   0.0000000E+00
   6.0073003E+00   0.0000000E+00
   6.3410389E+00   0.0000000E+00
   6.6747774E+00   0.0000000E+00
   7.0085160E+00   0.0000000E+00
   7.3422546E+00   0.0000000E+00
   7.6759932E+00   0.0000000E+00
   8.0097318E+00   0.0000000E+00
   8.3434704E+00   0.0000000E+00
   8.6772090E+00   0.0000000E+00
   9.0109476E+00   0.0000000E+00
   9.3446862E+00   0.0000000E+00
   9.6784248E+00   0.0000000E+00
   1.0012163E+01   0.0000000E+00
   1.0345902E+01   0.0000000E+00
   1.0679641E+01   0.0000000E+00
   1.1013379E+01   0.0000000E+00
   1.1347118E+01   0.0000000E+00
   1.1680856E+01   0.0000000E+00
   1.2014595E+01   0.0000000E+00
   1.2348334E+01   0.0000000E+00
   1.2682072E+01   0.0000000E+00
   1.3015811E+01   0.0000000E+00
   1.3349549E+01   0.0000000E+00
   1.3683288E+01   0.0000000E+00
   1.4017027E+01   0.0000000E+00
   1.4350765E+01   0.0000000E+00
   1.4684504E+01   0.0000000E+00
   1.5018242E+01   0.0000000E+00
   1.5351981E+01   0.0000000E+00
   1.5685720E+01   0.0000000E+00
   1.6019458E+01   0.0000000E+00
   1.6353197E+01   0.0000000E+00
   1.6686935E+01   0.0000000E+00
   1.7020674E+01   0.0000000E+00
   1.7354412E+01   0.0000000E+00
   1.7688151E+01   0.0000000E+00
   1.8021890E+01   0.0000000E+00
   1.8355628E+01   0.0000000E+00
   1.8689367E+01   0.0000000E+00
   1.9023105E+01   0.0000000E+00
   1.9356844E+01   0.0000000E+00
   1.9690583E+01   0.0000000E+00
   2.0024321E+01   0.0000000E+00
   2.0358060E+01   0.0000000E+00
   2.0691798E+01   0.0000000E+00
   2.1025537E+01   0.0000000E+00
   2.1359276E+01   0.0000000E+00
   2.1693014E+01   0.0000000E+00
   2.2026753E+01   0.0000000E+00
   2.2360491E+01   0.0000000E+00
   2.2694230E+01   0.0000000E+00
   2.3027969E+01   0.0000000E+00
   2.3361707E+01   0.0000000E+00
   2.3695446E+01   0.0000000E+00
   2.4029184E+01   0.0000000E+00
   2.4362923E+01   0.0000000E+00
   2.4696662E+01   0.0000000E+00
   2.5030400E+01   0.0000000E+00
   2.5364139E+01   0.0000000E+00
   2.5697877E+01   0.0000000E+00
   2.6031616E+01   0.0000000E+00
   2.6365355E+01   0.0000000E+00
   2.6699093E+01   0.0000000E+00
   2.7032832E+01   0.0000000E+00
   2.7366570E+01   0.0000000E+00
   2.7700309E+01   0.0000000E+00
   2.8034048E+01   0.0000000E+00
   2.8367786E+01   0.0000000E+00
   2.8701525E+01   0.0000000E+00
   2.9035263E+01   0.0000000E+00
   2.9369002E+01   0.0000000E+00
   2.9702741E+01   0.0000000E+00
   3.0036479E+01   0.0000000E+00
   3.0370218E+01   0.0000000E+00
   3.0703956E+01   0.0000000E+00
   3.1037695E+01   0.0000000E+00
   3.1371433E+01   0.0000000E+00
   3.1705172E+01   0.0000000E+00
   3.2038911E+01   0.0000000E+00
   3.2372649E+01   0.0000000E+00
   3.2706388E+01   0.0000000E+00
   3.3040126E+01   0.0000000E+00
   3.3373865E+01   0.0000000E+00
   3.3707604E+01   0.0000000E+00
   3.4041342E+01   0.0000000E+00
   3.4375081E+01   0.0000000E+00
   3.4708819E+01   0.0000000E+00
   3.5042558E+01   0.0000000E+00
   3.5376297E+01   0.0000000E+00
   3.5710035E+01   0.0000000E+00
   3.6043774E+01   0.0000000E+00
   3.6377512E+01   0.0000000E+00
   3.6711251E+01   0.0000000E+00
   3.7044990E+01   0.0000000E+00
   3.7378728E+01   0.0000000E+00
   3.7712467E+01   0.0000000E+00
   3.8046205E+01   0.0000000E+00
   3.8379944E+01   0.0000000E+00
   3.8713683E+01   0.0000000E+00
   3.9047421E+01   0.0000000E+00
   3.9381160E+01   0.0000000E+00
   3.9714898E+01   0.0000000E+00
   4.0048637E+01   0.0000000E+00
   4.0382376E+01   0.0000000E+00
   4.0716114E+01   0.0000000E+00
   4.1049853E+01   0.0000000E+00
   4.1383591E+01   0.0000000E+00
   4.1717330E+01   0.0000000E+00
   4.2051069E+01   0.0000000E+00
   4.2384807E+01   0.0000000E+00
   4.2718546E+01   0.0000000E+00
   4.3052284E+01   0.0000000E+00
   4.3386023E+01   0.0000000E+00
   4.3719762E+01   0.0000000E+00
   4.4053500E+01   0.0000000E+00
   4.4387239E+01   0.0000000E+00
   4.4720977E+01   0.0000000E+00
   4.5054716E+01   0.0000000E+00
   4.5388454E+01   0.0000000E+00
   4.5722193E+01   0.0000000E+00
   4.6055932E+01   0.0000000E+00
   4.6389670E+01   0.0000000E+00
   4.6723409E+01   0.0000000E+00
   4.7057147E+01   0.0000000E+00
   4.7390886E+01   0.0000000E+00
   4.7724625E+01   0.0000000E+00
   4.8058363E+01   0.0000000E+00
   4.8392102E+01   0.0000000E+00
   4.8725840E+01   0.0000000E+00
   4.9059579E+01   0.0000000E+00
   4.9393318E+01   0.0000000E+00
   4.9727056E+01   0.0000000E+00
   5.0060795E+01   0.0000000E+00
   5.0394533E+01   0.0000000E+00
   5.0728272E+01   0.0000000E+00
   5.1062011E+01   0.0000000E+00
   5.1395749E+01   0.0000000E+00
   5.1729488E+01   0.0000000E+00
   5.2063226E+01   0.0000000E+00
   5.2396965E+01   0.0000000E+00
   5.2730704E+01   0.0000000E+00
   5.3064442E+01   0.0000000E+00
   5.3398181E+01   0.0000000E+00
   5.3731919E+01   0.0000000E+00
   5.4065658E+01   0.0000000E+00
   5.4399397E+01   0.0000000E+00
   5.4733135E+01   0.0000000E+00
   5.5066874E+01   0.0000000E+00
   5.5400612E+01   0.0000000E+00
   5.5734351E+01   0.0000000E+00
   5.6068090E+01   0.0000000E+00
   5.6401828E+01   0.0000000E+00
   5.6735567E+01   0.0000000E+00
   5.7069305E+01   0.0000000E+00
   5.7403044E+01   0.0000000E+00
   5.7736783E+01   0.0000000E+00
   5.8070521E+01   0.0000000E+00
   5.8404260E+01   0.0000000E+00
   5.8737998E+01   0.0000000E+00
   5.9071737E+01   0.0000000E+00
   5.9405475E+01   0.0000000E+00
   5.9739214E+01   0.0000000E+00
   6.0072953E+01   0.0000000E+00
   6.0406691E+01   0.0000000E+00
   6.0740430E+01   0.0000000E+00
   6.1074168E+01   0.0000000E+00
   6.1407907E+01   0.0000000E+00
   6.1741646E+01   0.0000000E+00
   6.2075384E+01   0.0000000E+00
   6.2409123E+01   0.0000000E+00
   6.2742861E+01   0.0000000E+00
   6.3076600E+01   0.0000000E+00
   6.3410339E+01   0.0000000E+00
   6.3744077E+01   0.0000000E+00
   6.4077816E+01   0.0000000E+00
   6.4411554E+01   0.0000000E+00
   6.4745293E+01   0.0000000E+00
   6.5079032E+01   0.0000000E+00
   6.5412770E+01   0.0000000E+00
   6.5746509E+01   0.0000000E+00
   6.6080247E+01   0.0000000E+00
   6.6413986E+01   0.0000000E+00
   6.6747725E+01   0.0000000E+00
   6.7081463E+01   0.0000000E+00
   6.7415202E+01   0.0000000E+00
   6.7748940E+01   0.0000000E+00
   6.8082679E+01   0.0000000E+00
   6.8416418E+01   0.0000000E+00
   6.8750156E+01   0.0000000E+00
   6.9083895E+01   0.0000000E+00
   6.9417633E+01   0.0000000E+00
   6.9751372E+01   0.0000000E+00
   7.0085111E+01   0.0000000E+00
   7.0418849E+01   0.0000000E+00
   7.0752588E+01   0.0000000E+00
   7.1086326E+01   0.0000000E+00
   7.1420065E+01   0.0000000E+00
   7.1753804E+01   0.0000000E+00
   7.2087542E+01   0.0000000E+00
   7.2421281E+01   0.0000000E+00
   7.2755019E+01   0.0000000E+00
   7.3088758E+01   0.0000000E+00
   7.3422496E+01   0.0000000E+00
   7.3756235E+01   0.0000000E+00
   7.4089974E+01   0.0000000E+00
   7.4423712E+01   0.0000000E+00
   7.4757451E+01   0.0000000E+00
   7.5091189E+01   0.0000000E+00
   7.5424928E+01   0.0000000E+00
   7.5758667E+01   0.0000000E+00
   7.6092405E+01   0.0000000E+00
   7.6426144E+01   0.0000000E+00
   7.6759882E+01   0.0000000E+00
   7.7093621E+01   0.0000000E+00
   7.7427360E+01   0.0000000E+00
   7.7761098E+01   0.0000000E+00
   7.8094837E+01   0.0000000E+00
   7.8428575E+01   0.0000000E+00
   7.8762314E+01   0.0000000E+00
   7.9096053E+01   0.0000000E+00
   7.9429791E+01   0.0000000E+00
   7.9763530E+01   0.0000000E+00
   8.0097268E+01   0.0000000E+00
   8.0431007E+01   0.0000000E+00
   8.0764746E+01   0.0000000E+00
   8.1098484E+01   0.0000000E+00
   8.1432223E+01   0.0000000E+00
   8.1765961E+01   0.0000000E+00
   8.2099700E+01   0.0000000E+00
   8.2433439E+01   0.0000000E+00
   8.2767177E+01   0.0000000E+00
   8.3100916E+01   0.0000000E+00
   8.3434654E+01   0.0000000E+00
   8.3768393E+01   0.0000000E+00
   8.4102132E+01   0.0000000E+00
   8.4435870E+01   0.0000000E+00
   8.4769609E+01   0.0000000E+00
   8.5103347E+01   0.0000000E+00
   8.5437086E+01   0.0000000E+00
   8.5770825E+01   0.0000000E+00
   8.6104563E+01   0.0000000E+00
   8.6438302E+01   0.0000000E+00
   8.6772040E+01   0.0000000E+00
   8.7105779E+01   0.0000000E+00
   8.7439517E+01   0.0000000E+00
   8.7773256E+01   0.0000000E+00
   8.8106995E+01   0.0000000E+00
   8.8440733E+01   0.0000000E+00
   8.8774472E+01   0.0000000E+00
   8.9108210E+01   0.0000000E+00
   8.9441949E+01   0.0000000E+00
   8.9775688E+01   0.0000000E+00
   9.0109426E+01   0.0000000E+00
   9.0443165E+01   0.0000000E+00
   9.0776903E+01   0.0000000E+00
   9.1110642E+01   0.0000000E+00
   9.1444381E+01   0.0000000E+00
   9.1778119E+01   0.0000000E+00
   9.2111858E+01   0.0000000E+00
   9.2445596E+01   0.0000000E+00
   9.2779335E+01   0.0000000E+00
   9.3113074E+01   0.0000000E+00
   9.3446812E+01   0.0000000E+00
   9.3780551E+01   0.0000000E+00
   9.4114289E+01   0.0000000E+00
   9.4448028E+01   0.0000000E+00
   9.4781767E+01   0.0000000E+00
   9.5115505E+01   0.0000000E+00
   9.5449244E+01   0.0000000E+00
   9.5782982E+01   0.0000000E+00
   9.6116721E+01   0.0000000E+00
   9.6450460E+01   0.0000000E+00
   9.6784198E+01   0.0000000E+00
   9.7117937E+01   0.0000000E+00
   9.7451675E+01   0.0000000E+00
   9.7785414E+01   0.0000000E+00
   9.8119153E+01   0.0000000E+00
   9.8452891E+01   0.0000000E+00
   9.8786630E+01   0.0000000E+00
   9.9120368E+01   0.0000000E+00
   9.9454107E+01   0.0000000E+00
   9.9787846E+01   0.0000000E+00
   1.0012158E+02   0.0000000E+00
   1.0045532E+02   0.0000000E+00
   1.0078906E+02   0.0000000E+00
   1.0112280E+02   0.0000000E+00
   1.0145654E+02   0.0000000E+00
   1.0179028E+02   0.0000000E+00
   1.0212402E+02   0.0000000E+00
   1.0245775E+02   0.0000000E+00
   1.0279149E+02   0.0000000E+00
   1.0312523E+02   0.0000000E+00
   1.0345897E+02   0.0000000E+00
   1.0379271E+02   0.0000000E+00
   1.0412645E+02   0.0000000E+00
   1.0446019E+02   0.0000000E+00
   1.0479392E+02   0.0000000E+00
   1.0512766E+02   0.0000000E+00
   1.0546140E+02   0.0000000E+00
   1.0579514E+02   0.0000000E+00
   1.0612888E+02   0.0000000E+00
   1.0646262E+02   0.0000000E+00
   1.0679636E+02   0.0000000E+00
   1.0713009E+02   0.0000000E+00
   1.0746383E+02   0.0000000E+00
   1.0779757E+02   0.0000000E+00
   1.0813131E+02   0.0000000E+00
   1.0846505E+02   0.0000000E+00
   1.0879879E+02   0.0000000E+00
   1.0913253E+02   0.0000000E+00
   1.0946626E+02   0.0000000E+00
   1.0980000E+02   0.0000000E+00
   1.1013374E+02   0.0000000E+00
   1.1046748E+02   0.0000000E+00
   1.1080122E+02   0.0000000E+00
   1.1113496E+02   0.0000000E+00
   1.1146870E+02   0.0000000E+00
   1.1180243E+02   0.0000000E+00
   1.1213617E+02   0.0000000E+00
   1.1246991E+02   0.0000000E+00
   1.1280365E+02   0.0000000E+00
   1.1313739E+02   0.0000000E+00
   1.1347113E+02   0.0000000E+00
   1.1380487E+02   0.0000000E+00
   1.1413861E+02   0.0000000E+00
   1.1447234E+02   0.0000000E+00
   1.1480608E+02   0.0000000E+00
   1.1513982E+02   0.0000000E+00
   1.1547356E+02   0.0000000E+00
   1.1580730E+02   0.0000000E+00
   1.1614104E+02   0.0000000E+00
   1.1647478E+02   0.0000000E+00
   1.1680851E+02   0.0000000E+00
   1.1714225E+02   0.0000000E+00
   1.1747599E+02   0.0000000E+00
   1.1780973E+02   0.0000000E+00
   1.1814347E+02   0.0000000E+00
   1.1847721E+02   0.0000000E+00
   1.1881095E+02   0.0000000E+00
   1.1914468E+02   0.0000000E+00
   1.1947842E+02   0.0000000E+00
   1.1981216E+02   0.0000000E+00
   1.2014590E+02   0.0000000E+00
   1.2047964E+02   0.0000000E+00
   1.2081338E+02   0.0000000E+00
   1.2114712E+02   0.0000000E+00
   1.2148085E+02   0.0000000E+00
   1.2181459E+02   0.0000000E+00
   1.2214833E+02   0.0000000E+00
   1.2248207E+02   0.0000000E+00
   1.2281581E+02   0.0000000E+00
   1.2314955E+02   0.0000000E+00
   1.2348329E+02   0.0000000E+00
   1.2381702E+02   0.0000000E+00
   1.2415076E+02   0.0000000E+00
   1.2448450E+02   0.0000000E+00
   1.2481824E+02   0.0000000E+00
   1.2515198E+02   0.0000000E+00
   1.2548572E+02   0.0000000E+00
   1.2581946E+02   0.0000000E+00
   1.2615319E+02   0.0000000E+00
   1.2648693E+02   0.0000000E+00
   1.2682067E+02   0.0000000E+00
   1.2715441E+02   0.0000000E+00
   1.2748815E+02   0.0000000E+00
   1.2782189E+02   0.0000000E+00
   1.2815563E+02   0.0000000E+00
   1.2848936E+02   0.0000000E+00
   1.2882310E+02   0.0000000E+00
   1.2915684E+02   0.0000000E+00
   1.2949058E+02   0.0000000E+00
   1.2982432E+02   0.0000000E+00
   1.3015806E+02   0.0000000E+00
   1.3049180E+02   0.0000000E+00
   1.3082553E+02   0.0000000E+00
   1.3115927E+02   0.0000000E+00
   1.3149301E+02   0.0000000E+00
   1.3182675E+02   0.0000000E+00
   1.3216049E+02   0.0000000E+00
   1.3249423E+02   0.0000000E+00
   1.3282797E+02   0.0000000E+00
   1.3316171E+02   0.0000000E+00
   1.3349544E+02   0.0000000E+00
   1.3382918E+02   0.0000000E+00
   1.3416292E+02   0.0000000E+00
   1.3449666E+02   0.0000000E+00
   1.3483040E+02   0.0000000E+00
   1.3516414E+02   0.0000000E+00
   1.3549788E+02   0.0000000E+00
   1.3583161E+02   0.0000000E+00
   1.3616535E+02   0.0000000E+00
   1.3649909E+02   0.0000000E+00
   1.3683283E+02   0.0000000E+00
   1.3716657E+02   0.0000000E+00
   1.3750031E+02   0.0000000E+00
   1.3783405E+02   0.0000000E+00
   1.3816778E+02   0.0000000E+00
   1.3850152E+02   0.0000000E+00
   1.3883526E+02   0.0000000E+00
   1.3916900E+02   0.0000000E+00
   1.3950274E+02   0.0000000E+00
   1.3983648E+02   0.0000000E+00
   1.4017022E+02   0.0000000E+00
   1.4050395E+02   0.0000000E+00
   1.4083769E+02   0.0000000E+00
   1.4117143E+02   0.0000000E+00
   1.4150517E+02   0.0000000E+00
   1.4183891E+02   0.0000000E+00
   1.4217265E+02   0.0000000E+00
   1.4250639E+02   0.0000000E+00
   1.4284012E+02   0.0000000E+00
   1.4317386E+02   0.0000000E+00
   1.4350760E+02   0.0000000E+00
   1.4384134E+02   0.0000000E+00
   1.4417508E+02   0.0000000E+00
   1.4450882E+02   0.0000000E+00
   1.4484256E+02   0.0000000E+00
   1.4517629E+02   0.0000000E+00
   1.4551003E+02   0.0000000E+00
   1.4584377E+02   0.0000000E+00
   1.4617751E+02   0.0000000E+00
   1.4651125E+02   0.0000000E+00
   1.4684499E+02   0.0000000E+00
   1.4717873E+02   0.0000000E+00
   1.4751246E+02   0.0000000E+00
   1.4784620E+02   1.4012985E-45
   1.4817994E+02   1.4012985E-45
   1.4851368E+02   5.6051939E-45
   1.4884742E+02   5.6051939E-45
   1.4918116E+02   9.8090893E-45
   1.4951490E+02   1.1210388E-44
   1.4984863E+02   1.2611686E-44
   1.5018237E+02   1.6815582E-44
   1.5051611E+02   1.2611686E-44
   1.5084985E+02   9.8090893E-45
   1.5118359E+02   7.0064923E-45
   1.5151733E+02   0.0000000E+00
   1.5185107E+02  -4.2038954E-45
   1.5218480E+02  -1.2611686E-44
   1.5251854E+02  -2.1019477E-44
   1.5285228E+02  -2.2420775E-44
   1.5318602E+02  -2.5223372E-44
   1.5351976E+02  -2.3822074E-44
   1.5385350E+02  -1.6815582E-44
   1.5418724E+02  -1.1210388E-44
   1.5452098E+02   1.4012985E-45
   1.5485471E+02   1.6815582E-44
   1.5518845E+02   3.2229865E-44
   1.5552219E+02   4.6242849E-44
   1.5585593E+02   5.6051939E-44
   1.5618967E+02   5.8854536E-44
   1.5652341E+02   5.6051939E-44
   1.5685715E+02   4.4841551E-44
   1.5719088E+02   2.8025969E-44
   1.5752462E+02  -1.4012985E-45
   1.5785836E+02  -2.8025969E-44
   1.5819210E+02  -5.8854536E-44
   1.5852584E+02  -7.9874012E-44
   1.5885958E+02  -9.2485699E-44
   1.5919332E+02  -9.2485699E-44
   1.5952705E+02  -7.4268819E-44
   1.5986079E+02  -3.7835059E-44
   1.6019453E+02   9.8090893E-45
   1.6052827E+02   7.0064923E-44
   1.6086201E+02   1.3032076E-43
   1.6119575E+02   1.8357010E-43
   1.6152949E+02   2.2420775E-43
   1.6186322E+02   2.3822074E-43
   1.6219696E+02   2.2000386E-43
   1.6253070E+02   1.5974802E-43
   1.6286444E+02   6.5861028E-44
   1.6319818E+02  -5.7453237E-44
   1.6353192E+02  -1.9618179E-43
   1.6386566E+02  -3.3070644E-43
   1.6419939E+02  -4.4561291E-43
   1.6453313E+02  -5.1007264E-43
   1.6486687E+02  -5.0727004E-43
   1.6520061E+02  -4.2038954E-43
   1.6553435E+02  -2.4802983E-43
   1.6586809E+02   0.0000000E+00
   1.6620183E+02   2.9847657E-43
   1.6653556E+02   6.2077522E-43
   1.6686930E+02   9.1224530E-43
   1.6720304E+02   1.1224401E-42
   1.6753678E+02   1.2037154E-42
   1.6787052E+02   1.1182362E-42
   1.6820426E+02   8.4358168E-43
   1.6853800E+02   3.8675838E-43
   1.6887173E+02  -2.1579996E-43
   1.6920547E+02  -9.0103491E-43
   1.6953921E+02  -1.5792634E-42
   1.6987295E+02  -2.1369802E-42
   1.7020669E+02  -2.4704892E-42
   1.7054043E+02  -2.4760944E-42
   1.7087417E+02  -2.0921386E-42
   1.7120790E+02  -1.3018063E-42
   1.7154164E+02  -1.4433374E-43
   1.7187538E+02   1.2653725E-42
   1.7220912E+02   2.7605580E-42
   1.7254286E+02   4.1254227E-42
   1.7287660E+02   5.1231472E-42
   1.7321034E+02   5.5309250E-42
   1.7354408E+02   5.1595809E-42
   1.7387781E+02   3.9194318E-42
   1.7421155E+02   1.8371023E-42
   1.7454529E+02  -9.3606737E-43
   1.7487903E+02  -4.1058045E-42
   1.7521277E+02  -7.2615286E-42
   1.7554651E+02  -9.9169892E-42
   1.7588025E+02  -1.1567719E-41
   1.7621398E+02  -1.1766703E-41
   1.7654772E+02  -1.0212663E-41
   1.7688146E+02  -6.8019027E-42
   1.7721520E+02  -1.7011763E-42
   1.7754894E+02   4.6312914E-42
   1.7788268E+02   1.1462621E-41
   1.7821642E+02   1.7848339E-41
   1.7855015E+02   2.2733265E-41
   1.7888389E+02   2.5094453E-41
   1.7921763E+02   2.4103735E-41
   1.7955137E+02   1.9288873E-41
   1.7988511E+02   1.0663881E-41
   1.8021885E+02  -1.1672816E-42
   1.8055259E+02  -1.5012110E-41
   1.8088632E+02  -2.9156817E-41
   1.8122006E+02  -4.1524677E-41
   1.8155380E+02  -4.9926863E-41
   1.8188754E+02  -5.2383339E-41
   1.8222128E+02  -4.7440960E-41
   1.8255502E+02  -3.4498567E-41
   1.8288876E+02  -1.4057826E-41
   1.8322249E+02   1.2180086E-41
   1.8355623E+02   4.1328496E-41
   1.8388997E+02   6.9547844E-41
   1.8422371E+02   9.2463278E-41
   1.8455745E+02   1.0570275E-40
   1.8489119E+02   1.0557243E-40
   1.8522493E+02   8.9712529E-41
   1.8555866E+02   5.7695662E-41
   1.8589240E+02   1.1416379E-41
   1.8622614E+02  -4.4767282E-41
   1.8655988E+02  -1.0425661E-40
   1.8689362E+02  -1.5882037E-40
   1.8722736E+02  -1.9951688E-40
   1.8756110E+02  -2.1789490E-40
   1.8789483E+02  -2.0734313E-40
   1.8822857E+02  -1.6437511E-40
   1.8856231E+02  -8.9698516E-41
   1.8889605E+02   1.1173954E-41
   1.8922979E+02   1.2792734E-40
   1.8956353E+02   2.4612686E-40
   1.8989727E+02   3.4863185E-40
   1.9023100E+02   4.1769064E-40
   1.9056474E+02   4.3741532E-40
   1.9089848E+02   3.9644976E-40
   1.9123222E+02   2.9040930E-40
   1.9156596E+02   1.2369542E-40
   1.9189970E+02  -8.9652273E-41
   1.9223344E+02  -3.2638904E-40
   1.9256718E+02  -5.5591472E-40
   1.9290091E+02  -7.4350234E-40
   1.9323465E+02  -8.5467295E-40
   1.9356839E+02  -8.6028936E-40
   1.9390213E+02  -7.4165963E-40
   1.9423587E+02  -4.9506053E-40
   1.9456961E+02  -1.3474326E-40
   1.9490335E+02   3.0610664E-40
   1.9523708E+02   7.7704802E-40
   1.9557082E+02   1.2148081E-39
   1.9590456E+02   1.5503364E-39
   1.9623830E+02   1.7178448E-39
   1.9657204E+02   1.6648813E-39
   1.9690578E+02   1.3621294E-39
   1.9723952E+02   8.1150315E-40
   1.9757325E+02   5.1054908E-41
   1.9790699E+02  -8.4451774E-40
   1.9824073E+02  -1.7685620E-39
   1.9857447E+02  -2.5925563E-39
   1.9890821E+02  -3.1809797E-39
   1.9924195E+02  -3.4096731E-39
   1.9957569E+02  -3.1855816E-39
   1.9990942E+02  -2.4652946E-39
   2.0024316E+02  -1.2695091E-39
   2.0057690E+02   3.0930581E-40
   2.0091064E+02   2.1082984E-39
   2.0124438E+02   3.9058812E-39
   2.0157812E+02   5.4437867E-39
   2.0191186E+02   6.4579470E-39
   2.0224559E+02   6.7153572E-39
   2.0257933E+02   6.0525794E-39
   2.0291307E+02   4.4106710E-39
   2.0324681E+02   1.8609888E-39
   2.0358055E+02  -1.3833338E-39
   2.0391429E+02  -4.9742564E-39
   2.0424803E+02  -8.4560403E-39
   2.0458176E+02  -1.1312350E-38
   2.0491550E+02  -1.3029869E-38
   2.0524924E+02  -1.3171958E-38
   2.0558298E+02  -1.1453779E-38
   2.0591672E+02  -7.8082621E-39
   2.0625046E+02  -2.4321020E-39
   2.0658420E+02   4.1980632E-39
   2.0691793E+02   1.1346672E-38
   2.0725167E+02   1.8080511E-38
   2.0758541E+02   2.3368457E-38
   2.0791915E+02   2.6211845E-38
   2.0825289E+02   2.5792131E-38
   2.0858663E+02   2.1617777E-38
   2.0892037E+02   1.3649390E-38
   2.0925410E+02   2.3816637E-39
   2.0958784E+02  -1.1136747E-38
   2.0992158E+02  -2.5358912E-38
   2.1025532E+02  -3.8375310E-38
   2.1058906E+02  -4.8124429E-38
   2.1092280E+02  -5.2660348E-38
   2.1125654E+02  -5.0449687E-38
   2.1159027E+02  -4.0659931E-38
   2.1192401E+02  -2.3397486E-38
   2.1225775E+02   1.4766323E-40
   2.1259149E+02   2.7686709E-38
   2.1292523E+02   5.5970697E-38
   2.1325897E+02   8.1089757E-38
   2.1359271E+02   9.8917434E-38
   2.1392645E+02   1.0566237E-37
   2.1426018E+02   9.8466194E-38
   2.1459392E+02   7.5971475E-38
   2.1492766E+02   3.8772617E-38
   2.1526140E+02  -1.0334206E-38
   2.1559514E+02  -6.6372423E-38
   2.1592888E+02  -1.2252151E-37
   2.1626262E+02  -1.7077443E-37
   2.1659635E+02  -2.0287844E-37
   2.1693009E+02  -2.1147264E-37
   2.1726383E+02  -1.9129365E-37
   2.1759757E+02  -1.4028986E-37
   2.1793131E+02  -6.0467755E-38
   2.1826505E+02   4.1697127E-38
   2.1859879E+02   1.5541718E-37
   2.1893252E+02   2.6639585E-37
   2.1926626E+02   3.5827112E-37
   2.1960000E+02   4.1460498E-37
   2.1993374E+02   4.2122628E-37
   2.2026748E+02   3.6865302E-37
   2.2060122E+02   2.5425984E-37
   2.2093496E+02   8.3834687E-38
   2.2126869E+02  -1.2780434E-37
   2.2160243E+02  -3.5738196E-37
   2.2193617E+02  -5.7505325E-37
   2.2226991E+02  -7.4756058E-37
   2.2260365E+02  -8.4242360E-37
   2.2293739E+02  -8.3273971E-37
   2.2327113E+02  -7.0200793E-37
   2.2360486E+02  -4.4828296E-37
   2.2393860E+02  -8.6952610E-38
   2.2427234E+02   3.4850620E-37
   2.2460608E+02   8.0824600E-37
   2.2493982E+02   1.2304152E-36
   2.2527356E+02   1.5480057E-36
   2.2560730E+02   1.6976082E-36
   2.2594103E+02   1.6291578E-36
   2.2627477E+02   1.3154045E-36
   2.2660851E+02   7.5972582E-37
   2.2694225E+02   8.4840214E-40
   2.2727599E+02  -8.8671476E-37
   2.2760973E+02  -1.7973193E-36
   2.2794347E+02  -2.6041146E-36
   2.2827720E+02  -3.1737099E-36
   2.2861094E+02  -3.3842765E-36
   2.2894468E+02  -3.1450397E-36
   2.2927842E+02  -2.4145783E-36
   2.2961216E+02  -1.2151196E-36
   2.2994590E+02   3.5995855E-37
   2.3027964E+02   2.1475996E-36
   2.3061337E+02   3.9268485E-36
   2.3094711E+02   5.4409532E-36
   2.3128085E+02   6.4283211E-36
   2.3161459E+02   6.6593556E-36
   2.3194833E+02   5.9748482E-36
   2.3228207E+02   4.3206058E-36
   2.3261581E+02   1.7727357E-36
   2.3294955E+02  -1.4516738E-36
   2.3328328E+02  -5.0023570E-36
   2.3361702E+02  -8.4242423E-36
   2.3395076E+02  -1.1205522E-35
   2.3428450E+02  -1.2841903E-35
   2.3461824E+02  -1.2910319E-35
   2.3495198E+02  -1.1143140E-35
   2.3528572E+02  -7.4921478E-36
   2.3561945E+02  -2.1714647E-36
   2.3595319E+02   4.3302675E-36
   2.3628693E+02   1.1275183E-35
   2.3662067E+02   1.7741504E-35
   2.3695441E+02   2.2725910E-35
   2.3728815E+02   2.5274308E-35
   2.3762189E+02   2.4626762E-35
   2.3795562E+02   2.0357955E-35
   2.3828936E+02   1.2492394E-35
   2.3862310E+02   1.5734864E-36
   2.3895684E+02  -1.1330669E-35
   2.3929058E+02  -2.4695965E-35
   2.3962432E+02  -3.6687397E-35
   2.3995806E+02  -4.5372125E-35
   2.4029179E+02  -4.8980594E-35
   2.4062553E+02  -4.6186057E-35
   2.4095927E+02  -3.6365066E-35
   2.4129301E+02  -1.9798757E-35
   2.4162675E+02   2.2236358E-36
   2.4196049E+02   2.7429013E-35
   2.4229423E+02   5.2729623E-35
   2.4262796E+02   7.4535479E-35
   2.4296170E+02   8.9187999E-35
   2.4329544E+02   9.3471603E-35
   2.4362918E+02   8.5142801E-35
   2.4396292E+02   6.3402756E-35
   2.4429666E+02   2.9238149E-35
   2.4463040E+02  -1.4440282E-35
   2.4496413E+02  -6.2911930E-35
   2.4529787E+02  -1.1003669E-34
   2.4563161E+02  -1.4890857E-34
   2.4596535E+02  -1.7272034E-34
   2.4629909E+02  -1.7574768E-34
   2.4663283E+02  -1.5433164E-34
   2.4696657E+02  -1.0771879E-34
   2.4730030E+02  -3.8617239E-35
   2.4763404E+02   4.6654269E-35
   2.4796778E+02   1.3850841E-34
   2.4830152E+02   2.2494705E-34
   2.4863526E+02   2.9289529E-34
   2.4896900E+02   3.2989060E-34
   2.4930274E+02   3.2594440E-34
   2.4963647E+02   2.7533512E-34
   2.4997021E+02   1.7807061E-34
   2.5030395E+02   4.0759440E-35
   2.5063769E+02  -1.2332047E-34
   2.5097143E+02  -2.9508664E-34
   2.5130517E+02  -4.5147037E-34
   2.5163891E+02  -5.6807193E-34
   2.5197264E+02  -6.2240621E-34
   2.5230638E+02  -5.9736474E-34
   2.5264012E+02  -4.8444032E-34
   2.5297386E+02  -2.8622139E-34
   2.5330760E+02  -1.7695139E-35
   2.5364134E+02   2.9400271E-34
   2.5397508E+02   6.1158289E-34
   2.5430882E+02   8.9133108E-34
   2.5464255E+02   1.0882872E-33
   2.5497629E+02   1.1623777E-33
   2.5531003E+02   1.0847661E-33
   2.5564377E+02   8.4357019E-34
   2.5597751E+02   4.4804757E-34
   2.5631125E+02  -6.9566674E-35
   2.5664499E+02  -6.5516325E-34
   2.5697872E+02  -1.2370939E-33
   2.5731246E+02  -1.7335919E-33
   2.5764620E+02  -2.0626892E-33
   2.5797994E+02  -2.1536300E-33
   2.5831368E+02  -1.9583796E-33
   2.5864742E+02  -1.4616450E-33
   2.5898116E+02  -6.8780525E-34
   2.5931489E+02   2.9667677E-34
   2.5964863E+02   1.3863343E-33
   2.5998237E+02   2.4456531E-33
   2.6031611E+02   3.3234792E-33
   2.6064985E+02   3.8716842E-33
   2.6098359E+02   3.9661018E-33
   2.6131733E+02   3.5271641E-33
   2.6165106E+02   2.5373277E-33
   2.6198480E+02   1.0524436E-33
   2.6231854E+02  -7.9537327E-34
   2.6265228E+02  -2.8049874E-33
   2.6298602E+02  -4.7240076E-33
   2.6331976E+02  -6.2761245E-33
   2.6365350E+02  -7.1956212E-33
   2.6398723E+02  -7.2653074E-33
   2.6432097E+02  -6.3531532E-33
   2.6465471E+02  -4.4424260E-33
   2.6498845E+02  -1.6502795E-33
   2.6532219E+02   1.7693409E-33
   2.6565593E+02   5.4410709E-33
   2.6598967E+02   8.9021892E-33
   2.6632340E+02   1.1653309E-32
   2.6665714E+02   1.3221135E-32
   2.6699088E+02   1.3226285E-32
   2.6732462E+02   1.1447782E-32
   2.6765836E+02   7.8748894E-33
   2.6799210E+02   2.7376323E-33
   2.6832584E+02  -3.4911565E-33
   2.6865957E+02  -1.0126261E-32
   2.6899331E+02  -1.6333359E-32
   2.6932705E+02  -2.1220989E-32
   2.6966079E+02  -2.3952609E-32
   2.6999453E+02  -2.3866439E-32
   2.7032827E+02  -2.0587802E-32
   2.7066201E+02  -1.4118040E-32
   2.7099574E+02  -4.8848050E-33
   2.7132948E+02   6.2580381E-33
   2.7166322E+02   1.8087620E-32
   2.7199696E+02   2.9126135E-32
   2.7233070E+02   3.7804069E-32
   2.7266444E+02   4.2656933E-32
   2.7299818E+02   4.2533858E-32
   2.7333192E+02   3.6791536E-32
   2.7366565E+02   2.5445853E-32
   2.7399939E+02   9.2554487E-33
   2.7433313E+02  -1.0282461E-32
   2.7466687E+02  -3.1034908E-32
   2.7500061E+02  -5.0433251E-32
   2.7533435E+02  -6.5756625E-32
   2.7566809E+02  -7.4471440E-32
   2.7600182E+02  -7.4588902E-32
   2.7633556E+02  -6.4996068E-32
   2.7666930E+02  -4.5712419E-32
   2.7700304E+02  -1.8029627E-32
   2.7733678E+02   1.5499128E-32
   2.7767052E+02   5.1237036E-32
   2.7800426E+02   8.4806134E-32
   2.7833799E+02   1.1156920E-31
   2.7867173E+02   1.2720509E-31
   2.7900547E+02   1.2831230E-31
   2.7933921E+02   1.1296604E-31
   2.7967295E+02   8.1148701E-32
   2.8000669E+02   3.4982923E-32
   2.8034043E+02  -2.1287732E-32
   2.8067416E+02  -8.1597552E-32
   2.8100790E+02  -1.3863150E-31
   2.8134164E+02  -1.8462890E-31
   2.8167538E+02  -2.1234064E-31
   2.8200912E+02  -2.1603193E-31
   2.8234286E+02  -1.9240557E-31
   2.8267660E+02  -1.4131495E-31
   2.8301033E+02  -6.6149440E-32
   2.8334407E+02   2.6196409E-32
   2.8367781E+02   1.2581274E-31
   2.8401155E+02   2.2071402E-31
   2.8434529E+02   2.9815575E-31
   2.8467903E+02   3.4619964E-31
   2.8501277E+02   3.5535204E-31
   2.8534650E+02   3.2006901E-31
   2.8568024E+02   2.3991826E-31
   2.8601398E+02   1.2020610E-31
   2.8634772E+02  -2.8069677E-32
   2.8668146E+02  -1.8901366E-31
   2.8701520E+02  -3.4334958E-31
   2.8734894E+02  -4.7054244E-31
   2.8768267E+02  -5.5131945E-31
   2.8801641E+02  -5.7030232E-31
   2.8835015E+02  -5.1841967E-31
   2.8868389E+02  -3.9476396E-31
   2.8901763E+02  -2.0758863E-31
   2.8935137E+02   2.5779532E-32
   2.8968511E+02   2.8021218E-31
   2.9001884E+02   5.2520683E-31
   2.9035258E+02   7.2826822E-31
   2.9068632E+02   8.5890965E-31
   2.9102006E+02   8.9281965E-31
   2.9135380E+02   8.1566396E-31
   2.9168754E+02   6.2599090E-31
   2.9202128E+02   3.3676521E-31
   2.9235501E+02  -2.4817601E-32
   2.9268875E+02  -4.1938780E-31
   2.9302249E+02  -7.9926130E-31
   2.9335623E+02  -1.1137909E-30
   2.9368997E+02  -1.3156515E-30
   2.9402371E+02  -1.3673559E-30
   2.9435745E+02  -1.2471500E-30
   2.9469119E+02  -9.5346698E-31
   2.9502492E+02  -5.0719929E-31
   2.9535866E+02   4.8739193E-32
   2.9569240E+02   6.5276875E-31
   2.9602614E+02   1.2308080E-30
   2.9635988E+02   1.7046955E-30
   2.9669362E+02   2.0020226E-30
   2.9702736E+02   2.0662240E-30
   2.9736109E+02   1.8656111E-30
   2.9769483E+02   1.4000802E-30
   2.9802857E+02   7.0434343E-31
   2.9836231E+02  -1.5307908E-31
   2.9869605E+02  -1.0754235E-30
   2.9902979E+02  -1.9475425E-30
   2.9936353E+02  -2.6491911E-30
   2.9969726E+02  -3.0703563E-30
   3.0003100E+02  -3.1268116E-30
   3.0036474E+02  -2.7738778E-30
   3.0069848E+02  -2.0163832E-30
   3.0103222E+02  -9.1311799E-31
   3.0136596E+02   4.2536946E-31
   3.0169970E+02   1.8460242E-30
   3.0203343E+02   3.1690982E-30
   3.0236717E+02   4.2091146E-30
   3.0270091E+02   4.7987546E-30
   3.0303465E+02   4.8127951E-30
   3.0336839E+02   4.1889804E-30
   3.0370213E+02   2.9427390E-30
   3.0403587E+02   1.1731802E-30
   3.0436960E+02  -9.4130729E-31
   3.0470334E+02  -3.1583265E-30
   3.0503708E+02  -5.1967548E-30
   3.0537082E+02  -6.7696874E-30
   3.0570456E+02  -7.6214833E-30
   3.0603830E+02  -7.5645232E-30
   3.0637204E+02  -6.5107566E-30
   3.0670577E+02  -4.4933631E-30
   3.0703951E+02  -1.6747812E-30
   3.0737325E+02   1.6614471E-30
   3.0770699E+02   5.1354561E-30
   3.0804073E+02   8.3108978E-30
   3.0837447E+02   1.0746152E-29
   3.0870821E+02   1.2051254E-29
   3.0904194E+02   1.1943701E-29
   3.0937568E+02   1.0295716E-29
   3.0970942E+02   7.1658662E-30
   3.1004316E+02   2.8096008E-30
   3.1037690E+02  -2.3349884E-30
   3.1071064E+02  -7.6864406E-30
   3.1104438E+02  -1.2581568E-29
   3.1137811E+02  -1.6353589E-29
   3.1171185E+02  -1.8417948E-29
   3.1204559E+02  -1.8355429E-29
   3.1237933E+02  -1.5981358E-29
   3.1271307E+02  -1.1390639E-29
   3.1304681E+02  -4.9704581E-30
   3.1338055E+02   2.6238990E-30
   3.1371429E+02   1.0530251E-29
   3.1404802E+02   1.7773101E-29
   3.1438176E+02   2.3380194E-29
   3.1471550E+02   2.6508542E-29
   3.1504924E+02   2.6564583E-29
   3.1538298E+02   2.3301754E-29
   3.1571672E+02   1.6880987E-29
   3.1605046E+02   7.8826989E-30
   3.1638419E+02  -2.7352358E-30
   3.1671793E+02  -1.3732615E-29
   3.1705167E+02  -2.3727180E-29
   3.1738541E+02  -3.1364762E-29
   3.1771915E+02  -3.5499598E-29
   3.1805289E+02  -3.5361485E-29
   3.1838663E+02  -3.0685941E-29
   3.1872036E+02  -2.1787654E-29
   3.1905410E+02  -9.5619172E-30
   3.1938784E+02   4.5916457E-30
   3.1972158E+02   1.8919228E-29
   3.2005532E+02   3.1522682E-29
   3.2038906E+02   4.0605374E-29
   3.2072280E+02   4.4723635E-29
   3.2105653E+02   4.3009982E-29
   3.2139027E+02   3.5334983E-29
   3.2172401E+02   2.2380847E-29
   3.2205775E+02   5.6088256E-30
   3.2239149E+02  -1.2883713E-29
   3.2272523E+02  -3.0606253E-29
   3.2305897E+02  -4.4992781E-29
   3.2339270E+02  -5.3756268E-29
   3.2372644E+02  -5.5233865E-29
   3.2406018E+02  -4.8673760E-29
   3.2439392E+02  -3.4417939E-29
   3.2472766E+02  -1.3946140E-29
   3.2506140E+02   1.0237257E-29
   3.2539514E+02   3.4872693E-29
   3.2572887E+02   5.6346331E-29
   3.2606261E+02   7.1178639E-29
   3.2639635E+02   7.6539393E-29
   3.2673009E+02   7.0718155E-29
   3.2706383E+02   5.3479776E-29
   3.2739757E+02   2.6242168E-29
   3.2773131E+02  -7.9648037E-30
   3.2806504E+02  -4.4776764E-29
   3.2839878E+02  -7.8990861E-29
   3.2873252E+02  -1.0523392E-28
   3.2906626E+02  -1.1872207E-28
   3.2940000E+02  -1.1601632E-28
   3.2973374E+02  -9.5663197E-29
   3.3006748E+02  -5.8619801E-29
   3.3040121E+02  -8.3784693E-30
   3.3073495E+02   4.9256958E-29
   3.3106869E+02   1.0674922E-28
   3.3140243E+02   1.5571529E-28
   3.3173617E+02   1.8803206E-28
   3.3206991E+02   1.9702567E-28
   3.3240365E+02   1.7858744E-28
   3.3273739E+02   1.3205089E-28
   3.3307112E+02   6.0679589E-29
   3.3340486E+02  -2.8343718E-29
   3.3373860E+02  -1.2447935E-28
   3.3407234E+02  -2.1492834E-28
   3.3440608E+02  -2.8616738E-28
   3.3473982E+02  -3.2575858E-28
   3.3507356E+02  -3.2421109E-28
   3.3540729E+02  -2.7664457E-28
   3.3574103E+02  -1.8399964E-28
   3.3607477E+02  -5.3583512E-29
   3.3640851E+02   1.0120059E-28
   3.3674225E+02   2.6198714E-28
   3.3707599E+02   4.0739061E-28
   3.3740973E+02   5.1557068E-28
   3.3774346E+02   5.6714544E-28
   3.3807720E+02   5.4809405E-28
   3.3841094E+02   4.5225135E-28
   3.3874468E+02   2.8302219E-28
   3.3907842E+02   5.3998983E-29
   3.3941216E+02  -2.1171343E-28
   3.3974590E+02  -4.8350799E-28
   3.4007963E+02  -7.2649159E-28
   3.4041337E+02  -9.0560211E-28
   3.4074711E+02  -9.9017287E-28
   3.4108085E+02  -9.5838838E-28
   3.4141459E+02  -8.0103124E-28
   3.4174833E+02  -5.2396629E-28
   3.4208207E+02  -1.4891213E-28
   3.4241580E+02   2.8776273E-28
   3.4274954E+02   7.3824169E-28
   3.4308328E+02   1.1482329E-27
   3.4341702E+02   1.4632259E-27
   3.4375076E+02   1.6353356E-27
   3.4408450E+02   1.6299103E-27
   3.4441824E+02   1.4310259E-27
   3.4475197E+02   1.0450673E-27
   3.4508571E+02   5.0178593E-28
   3.4541945E+02  -1.4750832E-28
   3.4575319E+02  -8.3461657E-28
   3.4608693E+02  -1.4816044E-27
   3.4642067E+02  -2.0097004E-27
   3.4675441E+02  -2.3489516E-27
   3.4708814E+02  -2.4474302E-27
   3.4742188E+02  -2.2787994E-27
   3.4775562E+02  -1.8471427E-27
   3.4808936E+02  -1.1882664E-27
   3.4842310E+02  -3.6706723E-28
   3.4875684E+02   5.2894010E-28
   3.4909058E+02   1.3993456E-27
   3.4942431E+02   2.1427373E-27
   3.4975805E+02   2.6693661E-27
   3.5009179E+02   2.9129629E-27
   3.5042553E+02   2.8400980E-27
   3.5075927E+02   2.4557253E-27
   3.5109301E+02   1.8039415E-27
   3.5142675E+02   9.6359706E-28
   3.5176048E+02   3.9047074E-29
   3.5209422E+02  -8.5296934E-28
   3.5242796E+02  -1.5987745E-27
   3.5276170E+02  -2.1035415E-27
   3.5309544E+02  -2.3052576E-27
   3.5342918E+02  -2.1848113E-27
   3.5376292E+02  -1.7705644E-27
   3.5409666E+02  -1.1363645E-27
   3.5443039E+02  -3.9284426E-28
   3.5476413E+02   3.2725171E-28
   3.5509787E+02   8.8807442E-28
   3.5543161E+02   1.1716456E-27
   3.5576535E+02   1.0979626E-27
   3.5609909E+02   6.4126418E-28
   3.5643283E+02  -1.6019685E-28
   3.5676656E+02  -1.2028684E-27
   3.5710030E+02  -2.3261494E-27
   3.5743404E+02  -3.3299013E-27
   3.5776778E+02  -3.9997678E-27
   3.5810152E+02  -4.1375250E-27
   3.5843526E+02  -3.5928331E-27
   3.5876900E+02  -2.2921779E-27
   3.5910273E+02  -2.6074453E-28
   3.5943647E+02   2.3664999E-27
   3.5977021E+02   5.3471507E-27
   3.6010395E+02   8.3483509E-27
   3.6043769E+02   1.0977773E-26
   3.6077143E+02   1.2826166E-26
   3.6110517E+02   1.3517289E-26
   3.6143890E+02   1.2759714E-26
   3.6177264E+02   1.0394316E-26
   3.6210638E+02   6.4311076E-27
   3.6244012E+02   1.0698502E-27
   3.6277386E+02  -5.2996277E-27
   3.6310760E+02  -1.2119490E-26
   3.6344134E+02  -1.8707849E-26
   3.6377507E+02  -2.4321583E-26
   3.6410881E+02  -2.8232601E-26
   3.6444255E+02  -2.9809886E-26
   3.6477629E+02  -2.8598778E-26
   3.6511003E+02  -2.4388290E-26
   3.6544377E+02  -1.7258015E-26
   3.6577751E+02  -7.5978892E-27
   3.6611124E+02   3.9034625E-27
   3.6644498E+02   1.6302997E-26
   3.6677872E+02   2.8477811E-26
   3.6711246E+02   3.9224139E-26
   3.6744620E+02   4.7372438E-26
   3.6777994E+02   5.1907306E-26
   3.6811368E+02   5.2080443E-26
   3.6844741E+02   4.7504510E-26
   3.6878115E+02   3.8217294E-26
   3.6911489E+02   2.4707774E-26
   3.6944863E+02   7.8993604E-27
   3.6978237E+02  -1.0910464E-26
   3.7011611E+02  -3.0150547E-26
   3.7044985E+02  -4.8108701E-26
   3.7078358E+02  -6.3085447E-26
   3.7111732E+02  -7.3554636E-26
   3.7145106E+02  -7.8315997E-26
   3.7178480E+02  -7.6624402E-26
   3.7211854E+02  -6.8282099E-26
   3.7245228E+02  -5.3683328E-26
   3.7278602E+02  -3.3805482E-26
   3.7311976E+02  -1.0144160E-26
   3.7345349E+02   1.5403298E-26
   3.7378723E+02   4.0696964E-26
   3.7412097E+02   6.3543220E-26
   3.7445471E+02   8.1895681E-26
   3.7478845E+02   9.4050271E-26
   3.7512219E+02   9.8814091E-26
   3.7545593E+02   9.5631876E-26
   3.7578966E+02   8.4654771E-26
   3.7612340E+02   6.6742748E-26
   3.7645714E+02   4.3397716E-26
   3.7679088E+02   1.6631166E-26
   3.7712462E+02  -1.1223691E-26
   3.7745836E+02  -3.7737436E-26
   3.7779210E+02  -6.0626648E-26
   3.7812583E+02  -7.7988009E-26
   3.7845957E+02  -8.8498767E-26
   3.7879331E+02  -9.1560854E-26
   3.7912705E+02  -8.7368860E-26
   3.7946079E+02  -7.6891653E-26
   3.7979453E+02  -6.1762324E-26
   3.8012827E+02  -4.4086438E-26
   3.8046200E+02  -2.6181560E-26
   3.8079574E+02  -1.0277086E-26
   3.8112948E+02   1.7936540E-27
   3.8146322E+02   8.8737114E-27
   3.8179696E+02   1.0694674E-26
   3.8213070E+02   7.9892011E-27
   3.8246444E+02   2.4773930E-27
   3.8279817E+02  -3.2870416E-27
   3.8313191E+02  -6.2085757E-27
   3.8346565E+02  -3.0626670E-27
   3.8379939E+02   9.0064003E-27
   3.8413313E+02   3.1953772E-26
   3.8446687E+02   6.6331566E-26
   3.8480061E+02   1.1088293E-25
   3.8513434E+02   1.6230251E-25
   3.8546808E+02   2.1522440E-25
   3.8580182E+02   2.6247673E-25
   3.8613556E+02   2.9562193E-25
   3.8646930E+02   3.0577094E-25
   3.8680304E+02   2.8461914E-25
   3.8713678E+02   2.2562063E-25
   3.8747051E+02   1.2519062E-25
   3.8780425E+02  -1.6208528E-26
   3.8813799E+02  -1.9324213E-25
   3.8847173E+02  -3.9528262E-25
   3.8880547E+02  -6.0651827E-25
   3.8913921E+02  -8.0666564E-25
   3.8947295E+02  -9.7231840E-25
   3.8980668E+02  -1.0788841E-24
   3.9014042E+02  -1.1029940E-24
   3.9047416E+02  -1.0251989E-24
   3.9080790E+02  -8.3270767E-25
   3.9114164E+02  -5.2187300E-25
   3.9147538E+02  -1.0013840E-25
   3.9180912E+02   4.1284779E-25
   3.9214285E+02   9.8517338E-25
   3.9247659E+02   1.5737968E-24
   3.9281033E+02   2.1269335E-24
   3.9314407E+02   2.5875922E-24
   3.9347781E+02   2.8980632E-24
   3.9381155E+02   3.0050550E-24
   3.9414529E+02   2.8650576E-24
   3.9447903E+02   2.4495131E-24
   3.9481276E+02   1.7493056E-24
   3.9514650E+02   7.7817509E-25
   3.9548024E+02  -4.2531791E-25
   3.9581398E+02  -1.7975328E-24
   3.9614772E+02  -3.2513354E-24
   3.9648146E+02  -4.6795777E-24
   3.9681520E+02  -5.9604042E-24
   3.9714893E+02  -6.9642321E-24
   3.9748267E+02  -7.5622131E-24
   3.9781641E+02  -7.6358588E-24
   3.9815015E+02  -7.0875405E-24
   3.9848389E+02  -5.8514113E-24
   3.9881763E+02  -3.9042099E-24
   3.9915137E+02  -1.2752907E-24
   3.9948510E+02   1.9450435E-24
   3.9981884E+02   5.5999646E-24
   4.0015258E+02   9.4645354E-24
   4.0048632E+02   1.3249474E-23
   4.0082006E+02   1.6611568E-23
   4.0115380E+02   1.9171735E-23
   4.0148754E+02   2.0541234E-23
   4.0182127E+02   2.0355764E-23
   4.0215501E+02   1.8316033E-23
   4.0248875E+02   1.4232288E-23
   4.0282249E+02   8.0688575E-24
   4.0315623E+02  -1.6390952E-26
   4.0348997E+02  -9.6434680E-24
   4.0382371E+02  -2.0199004E-23
   4.0415744E+02  -3.0847831E-23
   4.0449118E+02  -4.0571994E-23
   4.0482492E+02  -4.8239166E-23
   4.0515866E+02  -5.2699531E-23
   4.0549240E+02  -5.2906105E-23
   4.0582614E+02  -4.8049597E-23
   4.0615988E+02  -3.7694806E-23
   4.0649361E+02  -2.1902897E-23
   4.0682735E+02  -1.3212410E-24
   4.0716109E+02   2.2775942E-23
   4.0749483E+02   4.8511727E-23
   4.0782857E+02   7.3505068E-23
   4.0816231E+02   9.5046872E-23
   4.0849605E+02   1.1034686E-22
   4.0882978E+02   1.1683510E-22
   4.0916352E+02   1.1249165E-22
   4.0949726E+02   9.6169074E-23
   4.0983100E+02   6.7867824E-23
   4.1016474E+02   2.8921723E-23
   4.1049848E+02  -1.7944528E-23
   4.1083222E+02  -6.8715717E-23
   4.1116595E+02  -1.1835832E-22
   4.1149969E+02  -1.6126078E-22
   4.1183343E+02  -1.9181487E-22
   4.1216717E+02  -2.0508884E-22
   4.1250091E+02  -1.9752331E-22
   4.1283465E+02  -1.6756529E-22
   4.1316839E+02  -1.1614956E-22
   4.1350213E+02  -4.6941566E-23
   4.1383586E+02   3.3729925E-23
   4.1416960E+02   1.1728983E-22
   4.1450334E+02   1.9368932E-22
   4.1483708E+02   2.5248850E-22
   4.1517082E+02   2.8416017E-22
   4.1550456E+02   2.8147733E-22
   4.1583830E+02   2.4081571E-22
   4.1617203E+02   1.6318410E-22
   4.1650577E+02   5.4798949E-23
   4.1683951E+02  -7.2949414E-23
   4.1717325E+02  -2.0423576E-22
   4.1750699E+02  -3.2026657E-22
   4.1784073E+02  -4.0139492E-22
   4.1817447E+02  -4.2971361E-22
   4.1850820E+02  -3.9185425E-22
   4.1884194E+02  -2.8164788E-22
   4.1917568E+02  -1.0226323E-22
   4.1950942E+02   1.3256094E-22
   4.1984316E+02   3.9851516E-22
   4.2017690E+02   6.6217010E-22
   4.2051064E+02   8.8393821E-22
   4.2084437E+02   1.0224140E-21
   4.2117811E+02   1.0397559E-21
   4.2151185E+02   9.0756344E-22
   4.2184559E+02   6.1255047E-22
   4.2217933E+02   1.6121187E-22
   4.2251307E+02  -4.1732251E-22
   4.2284681E+02  -1.0709572E-21
   4.2318054E+02  -1.7273193E-21
   4.2351428E+02  -2.2996465E-21
   4.2384802E+02  -2.6956665E-21
   4.2418176E+02  -2.8288030E-21
   4.2451550E+02  -2.6306593E-21
   4.2484924E+02  -2.0633108E-21
   4.2518298E+02  -1.1297710E-21
   4.2551671E+02   1.1910108E-22
   4.2585045E+02   1.5827838E-21
   4.2618419E+02   3.1155007E-21
   4.2651793E+02   4.5373514E-21
   4.2685167E+02   5.6518602E-21
   4.2718541E+02   6.2687236E-21
   4.2751915E+02   6.2296135E-21
   4.2785288E+02   5.4341671E-21
   4.2818662E+02   3.8626984E-21
   4.2852036E+02   1.5920739E-21
   4.2885410E+02  -1.1985136E-21
   4.2918784E+02  -4.2344191E-21
   4.2952158E+02  -7.1661597E-21
   4.2985532E+02  -9.6034700E-21
   4.3018905E+02  -1.1160377E-20
   4.3052279E+02  -1.1507144E-20
   4.3085653E+02  -1.0423254E-20
   4.3119027E+02  -7.8444413E-21
   4.3152401E+02  -3.8964561E-21
   4.3185775E+02   1.0911918E-21
   4.3219149E+02   6.5967783E-21
   4.3252522E+02   1.1945795E-20
   4.3285896E+02   1.6377625E-20
   4.3319270E+02   1.9134990E-20
   4.3352644E+02   1.9567772E-20
   4.3386018E+02   1.7239657E-20
   4.3419392E+02   1.2023456E-20
   4.3452766E+02   4.1703910E-21
   4.3486140E+02  -5.6604777E-21
   4.3519513E+02  -1.6423267E-20
   4.3552887E+02  -2.6762350E-20
   4.3586261E+02  -3.5144339E-20
   4.3619635E+02  -4.0036307E-20
   4.3653009E+02  -4.0113839E-20
   4.3686383E+02  -3.4475751E-20
   4.3719757E+02  -2.2837933E-20
   4.3753130E+02  -5.6766562E-21
   4.3786504E+02   1.5705833E-20
   4.3819878E+02   3.9214849E-20
   4.3853252E+02   6.2107221E-20
   4.3886626E+02   8.1244639E-20
   4.3920000E+02   9.3439388E-20
   4.3953374E+02   9.5862433E-20
   4.3986747E+02   8.6469041E-20
   4.4020121E+02   6.4389451E-20
   4.4053495E+02   3.0227771E-20
   4.4086869E+02  -1.3783427E-20
   4.4120243E+02  -6.3814968E-20
   4.4153617E+02  -1.1468314E-19
   4.4186991E+02  -1.6030180E-19
   4.4220364E+02  -1.9431711E-19
   4.4253738E+02  -2.1087124E-19
   4.4287112E+02  -2.0541474E-19
   4.4320486E+02  -1.7547303E-19
   4.4353860E+02  -1.2126256E-19
   4.4387234E+02  -4.6058425E-20
   4.4420608E+02   4.3766385E-20
   4.4453981E+02   1.3908018E-19
   4.4487355E+02   2.2871983E-19
   4.4520729E+02   3.0056476E-19
   4.4554103E+02   3.4287567E-19
   4.4587477E+02   3.4576279E-19
   4.4620851E+02   3.0262516E-19
   4.4654225E+02   2.1137974E-19
   4.4687598E+02   7.5305592E-20
   4.4720972E+02  -9.6647421E-20
   4.4754346E+02  -2.9019047E-19
   4.4787720E+02  -4.8670630E-19
   4.4821094E+02  -6.6490453E-19
   4.4854468E+02  -8.0300647E-19
   4.4887842E+02  -8.8126230E-19
   4.4921215E+02  -8.8455148E-19
   4.4954589E+02  -8.0476712E-19
   4.4987963E+02  -6.4268098E-19
   4.5021337E+02  -4.0900628E-19
   4.5054711E+02  -1.2443857E-19
   4.5088085E+02   1.8146027E-19
   4.5121459E+02   4.7255071E-19
   4.5154832E+02   7.0945916E-19
   4.5188206E+02   8.5373042E-19
   4.5221580E+02   8.7243163E-19
   4.5254954E+02   7.4274781E-19
   4.5288328E+02   4.5606727E-19
   4.5321702E+02   2.1066326E-20
   4.5355076E+02  -5.3465191E-19
   4.5388450E+02  -1.1646694E-18
   4.5421823E+02  -1.8057593E-18
   4.5455197E+02  -2.3817020E-18
   4.5488571E+02  -2.8086057E-18
   4.5521945E+02  -3.0011875E-18
   4.5555319E+02  -2.8792935E-18
   4.5588693E+02  -2.3738183E-18
   4.5622067E+02  -1.4311516E-18
   4.5655440E+02  -1.5349163E-20
   4.5688814E+02   1.8925754E-18
   4.5722188E+02   4.2986120E-18
   4.5755562E+02   7.2030069E-18
   4.5788936E+02   1.0610459E-17
   4.5822310E+02   1.4542715E-17
   4.5855684E+02   1.9052631E-17
   4.5889057E+02   2.4238652E-17
   4.5922431E+02   3.0258707E-17
   4.5955805E+02   3.7342516E-17
   4.5989179E+02   4.5801447E-17
   4.6022553E+02   5.6035610E-17
   4.6055927E+02   6.8537896E-17
   4.6089301E+02   8.3895464E-17
   4.6122674E+02   1.0278912E-16
   4.6156048E+02   1.2599173E-16
   4.6189422E+02   1.5436736E-16
   4.6222796E+02   1.8887162E-16
   4.6256170E+02   2.3055602E-16
   4.6289544E+02   2.8057633E-16
   4.6322918E+02   3.4020491E-16
   4.6356291E+02   4.1084952E-16
   4.6389665E+02   4.9407358E-16
   4.6423039E+02   5.9161673E-16
   4.6456413E+02   7.0541428E-16
   4.6489787E+02   8.3760632E-16
   4.6523161E+02   9.9053970E-16
   4.6556535E+02   1.1667483E-15
   4.6589908E+02   1.3689183E-15
   4.6623282E+02   1.5998230E-15
   4.6656656E+02   1.8622290E-15
   4.6690030E+02   2.1587677E-15
   4.6723404E+02   2.4917666E-15
   4.6756778E+02   2.8630260E-15
   4.6790152E+02   3.2735441E-15
   4.6823525E+02   3.7231680E-15
   4.6856899E+02   4.2101574E-15
   4.6890273E+02   4.7306506E-15
   4.6923647E+02   5.2779872E-15
   4.6957021E+02   5.8418727E-15
   4.6990395E+02   6.4073396E-15
   4.7023769E+02   6.9534345E-15
   4.7057142E+02   7.4515826E-15
   4.7090516E+02   7.8635506E-15
   4.7123890E+02   8.1389422E-15
   4.7157264E+02   8.2120556E-15
   4.7190638E+02   7.9981442E-15
   4.7224012E+02   7.3887472E-15
   4.7257386E+02   6.2461277E-15
   4.7290760E+02   4.3966262E-15
   4.7324133E+02   1.6226475E-15
   4.7357507E+02  -2.3467590E-15
   4.7390881E+02  -7.8472588E-15
   4.7424255E+02  -1.5292577E-14
   4.7457629E+02  -2.5190401E-14
   4.7491003E+02  -3.8161084E-14
   4.7524377E+02  -5.4959780E-14
   4.7557750E+02  -7.6502674E-14
   4.7591124E+02  -1.0389763E-13
   4.7624498E+02  -1.3848051E-13
   4.7657872E+02  -1.8185743E-13
   4.7691246E+02  -2.3595478E-13
   4.7724620E+02  -3.0307755E-13
   4.7757994E+02  -3.8597727E-13
   4.7791367E+02  -4.8793066E-13
   4.7824741E+02  -6.1283173E-13
   4.7858115E+02  -7.6529766E-13
   4.7891489E+02  -9.5079196E-13
   4.7924863E+02  -1.1757666E-12
   4.7958237E+02  -1.4478232E-12
   4.7991611E+02  -1.7759049E-12
   4.8024984E+02  -2.1705092E-12
   4.8058358E+02  -2.6439402E-12
   4.8091732E+02  -3.2105820E-12
   4.8125106E+02  -3.8872291E-12
   4.8158480E+02  -4.6934561E-12
   4.8191854E+02  -5.6520418E-12
   4.8225228E+02  -6.7894241E-12
   4.8258601E+02  -8.1362720E-12
   4.8291975E+02  -9.7280760E-12
   4.8325349E+02  -1.1605858E-11
   4.8358723E+02  -1.3816937E-11
   4.8392097E+02  -1.6415820E-11
   4.8425471E+02  -1.9465193E-11
   4.8458845E+02  -2.3037060E-11
   4.8492218E+02  -2.7213891E-11
   4.8525592E+02  -3.2090153E-11
   4.8558966E+02  -3.7773711E-11
   4.8592340E+02  -4.4387691E-11
   4.8625714E+02  -5.2072235E-11
   4.8659088E+02  -6.0986778E-11
   4.8692462E+02  -7.1312338E-11
   4.8725835E+02  -8.3253932E-11
   4.8759209E+02  -9.7043790E-11
   4.8792583E+02  -1.1294420E-10
   4.8825957E+02  -1.3125101E-10
   4.8859331E+02  -1.5229738E-10
   4.8892705E+02  -1.7645806E-10
   4.8926079E+02  -2.0415351E-10
   4.8959452E+02  -2.3585509E-10
   4.8992826E+02  -2.7208993E-10
   4.9026200E+02  -3.1344685E-10
   4.9059574E+02  -3.6058273E-10
   4.9092948E+02  -4.1422796E-10
   4.9126322E+02  -4.7519455E-10
   4.9159696E+02  -5.4438343E-10
   4.9193069E+02  -6.2279149E-10
   4.9226443E+02  -7.1152118E-10
   4.9259817E+02  -8.1178902E-10
   4.9293191E+02  -9.2493391E-10
   4.9326565E+02  -1.0524281E-09
   4.9359939E+02  -1.1958877E-09
   4.9393313E+02  -1.3570820E-09
   4.9426687E+02  -1.5379431E-09
   4.9460060E+02  -1.7405825E-09
   4.9493434E+02  -1.9672950E-09
   4.9526808E+02  -2.2205777E-09
   4.9560182E+02  -2.5031339E-09
   4.9593556E+02  -2.8178910E-09
   4.9626930E+02  -3.1680092E-09
   4.9660304E+02  -3.5568941E-09
   4.9693677E+02  -3.9882018E-09
   4.9727051E+02  -4.4658592E-09
   4.9760425E+02  -4.9940625E-09
   4.9793799E+02  -5.5772937E-09
   4.9827173E+02  -6.2203211E-09
   4.9860547E+02  -6.9282073E-09
   4.9893921E+02  -7.7063183E-09
   4.9927294E+02  -8.5603116E-09
   4.9960668E+02  -9.4961576E-09
   4.9994042E+02  -1.0520111E-08
   5.0027416E+02  -1.1638731E-08
   5.0060790E+02  -1.2858849E-08
   5.0094164E+02  -1.4187576E-08
   5.0127538E+02  -1.5632271E-08
   5.0160911E+02  -1.7200527E-08
   5.0194285E+02  -1.8900151E-08
   5.0227659E+02  -2.0739133E-08
   5.0261033E+02  -2.2725590E-08
   5.0294407E+02  -2.4867761E-08
   5.0327781E+02  -2.7173963E-08
   5.0361155E+02  -2.9652471E-08
   5.0394528E+02  -3.2311561E-08
   5.0427902E+02  -3.5159360E-08
   5.0461276E+02  -3.8203815E-08
   5.0494650E+02  -4.1452640E-08
   5.0528024E+02  -4.4913183E-08
   5.0561398E+02  -4.8592327E-08
   5.0594772E+02  -5.2496471E-08
   5.0628145E+02  -5.6631379E-08
   5.0661519E+02  -6.1002005E-08
   5.0694893E+02  -6.5612511E-08
   5.0728267E+02  -7.0466044E-08
   5.0761641E+02  -7.5564635E-08
   5.0795015E+02  -8.0909075E-08
   5.0828389E+02  -8.6498773E-08
   5.0861762E+02  -9.2331689E-08
   5.0895136E+02  -9.8404065E-08
   5.0928510E+02  -1.0471038E-07
   5.0961884E+02  -1.1124322E-07
   5.0995258E+02  -1.1799298E-07
   5.1028632E+02  -1.2494803E-07
   5.1062006E+02  -1.3209430E-07
   5.1095379E+02  -1.3941523E-07
   5.1128753E+02  -1.4689181E-07
   5.1162127E+02  -1.5450227E-07
   5.1195501E+02  -1.6222216E-07
   5.1228875E+02  -1.7002399E-07
   5.1262249E+02  -1.7787751E-07
   5.1295623E+02  -1.8574933E-07
   5.1328997E+02  -1.9360306E-07
   5.1362370E+02  -2.0139930E-07
   5.1395744E+02  -2.0909587E-07
   5.1429118E+02  -2.1664697E-07
   5.1462492E+02  -2.2400431E-07
   5.1495866E+02  -2.3111670E-07
   5.1529240E+02  -2.3792977E-07
   5.1562614E+02  -2.4438685E-07
   5.1595987E+02  -2.5042871E-07
   5.1629361E+02  -2.5599380E-07
   5.1662735E+02  -2.6101839E-07
   5.1696109E+02  -2.6543700E-07
   5.1729483E+02  -2.6918252E-07
   5.1762857E+02  -2.7218684E-07
   5.1796231E+02  -2.7438051E-07
   5.1829604E+02  -2.7569399E-07
   5.1862978E+02  -2.7605739E-07
   5.1896352E+02  -2.7540131E-07
   5.1929726E+02  -2.7365684E-07
   5.1963100E+02  -2.7075637E-07
   5.1996474E+02  -2.6663415E-07
   5.2029848E+02  -2.6122669E-07
   5.2063221E+02  -2.5447304E-07
   5.2096595E+02  -2.4631575E-07
   5.2129969E+02  -2.3670128E-07
   5.2163343E+02  -2.2558032E-07
   5.2196717E+02  -2.1290870E-07
   5.2230091E+02  -1.9864784E-07
   5.2263465E+02  -1.8276475E-07
   5.2296838E+02  -1.6523366E-07
   5.2330212E+02  -1.4603540E-07
   5.2363586E+02  -1.2515856E-07
   5.2396960E+02  -1.0259974E-07
   5.2430334E+02  -7.8363904E-08
   5.2463708E+02  -5.2465019E-08
   5.2497082E+02  -2.4926095E-08
   5.2530455E+02   4.2203112E-09
   5.2563829E+02   3.4931972E-08
   5.2597203E+02   6.7156748E-08
   5.2630577E+02   1.0083235E-07
   5.2663951E+02   1.3588667E-07
   5.2697325E+02   1.7223707E-07
   5.2730699E+02   2.0979110E-07
   5.2764072E+02   2.4844633E-07
   5.2797446E+02   2.8809075E-07
   5.2830820E+02   3.2860265E-07
   5.2864194E+02   3.6985148E-07
   5.2897568E+02   4.1169790E-07
   5.2930942E+02   4.5399429E-07
   5.2964316E+02   4.9658564E-07
   5.2997689E+02   5.3930984E-07
   5.3031063E+02   5.8199851E-07
   5.3064437E+02   6.2447742E-07
   5.3097811E+02   6.6656855E-07
   5.3131185E+02   7.0808869E-07
   5.3164559E+02   7.4885332E-07
   5.3197933E+02   7.8867475E-07
   5.3231306E+02   8.2736472E-07
   5.3264680E+02   8.6473528E-07
   5.3298054E+02   9.0059956E-07
   5.3331428E+02   9.3477257E-07
   5.3364802E+02   9.6707367E-07
   5.3398176E+02   9.9732563E-07
   5.3431550E+02   1.0253574E-06
   5.3464924E+02   1.0510043E-06
   5.3498297E+02   1.0741095E-06
   5.3531671E+02   1.0945251E-06
   5.3565045E+02   1.1121124E-06
   5.3598419E+02   1.1267439E-06
   5.3631793E+02   1.1383036E-06
   5.3665167E+02   1.1466880E-06
   5.3698541E+02   1.1518072E-06
   5.3731914E+02   1.1535847E-06
   5.3765288E+02   1.1519585E-06
   5.3798662E+02   1.1468826E-06
   5.3832036E+02   1.1383260E-06
   5.3865410E+02   1.1262737E-06
   5.3898784E+02   1.1107275E-06
   5.3932158E+02   1.0917051E-06
   5.3965531E+02   1.0692413E-06
   5.3998905E+02   1.0433863E-06
   5.4032279E+02   1.0142086E-06
   5.4065653E+02   9.8179100E-07
   5.4099027E+02   9.4623385E-07
   5.4132401E+02   9.0765116E-07
   5.4165775E+02   8.6617354E-07
   5.4199148E+02   8.2194481E-07
   5.4232522E+02   7.7512266E-07
   5.4265896E+02   7.2587744E-07
   5.4299270E+02   6.7439157E-07
   5.4332644E+02   6.2085849E-07
   5.4366018E+02   5.6548157E-07
   5.4399392E+02   5.0847274E-07
   5.4432765E+02   4.5005194E-07
   5.4466139E+02   3.9044573E-07
   5.4499513E+02   3.2988555E-07
   5.4532887E+02   2.6860710E-07
   5.4566261E+02   2.0684891E-07
   5.4599635E+02   1.4485100E-07
   5.4633009E+02   8.2853347E-08
   5.4666382E+02   2.1094877E-08
   5.4699756E+02  -4.0187473E-08
   5.4733130E+02  -1.0076090E-07
   5.4766504E+02  -1.6039749E-07
   5.4799878E+02  -2.1887465E-07
   5.4833252E+02  -2.7597790E-07
   5.4866626E+02  -3.3150059E-07
   5.4899999E+02  -3.8524530E-07
   5.4933373E+02  -4.3702525E-07
   5.4966747E+02  -4.8666453E-07
   5.5000121E+02  -5.3399935E-07
   5.5033495E+02  -5.7887871E-07
   5.5066869E+02  -6.2116499E-07
   5.5100243E+02  -6.6073483E-07
   5.5133616E+02  -6.9747870E-07
   5.5166990E+02  -7.3130229E-07
   5.5200364E+02  -7.6212655E-07
   5.5233738E+02  -7.8988717E-07
   5.5267112E+02  -8.1453595E-07
   5.5300486E+02  -8.3603942E-07
   5.5333860E+02  -8.5438012E-07
   5.5367234E+02  -8.6955527E-07
   5.5400607E+02  -8.8157765E-07
   5.5433981E+02  -8.9047387E-07
   5.5467355E+02  -8.9628509E-07
   5.5500729E+02  -8.9906592E-07
   5.5534103E+02  -8.9888408E-07
   5.5567477E+02  -8.9581937E-07
   5.5600851E+02  -8.8996433E-07
   5.5634224E+02  -8.8142178E-07
   5.5667598E+02  -8.7030378E-07
   5.5700972E+02  -8.5673321E-07
   5.5734346E+02  -8.4084064E-07
   5.5767720E+02  -8.2276460E-07
   5.5801094E+02  -8.0264954E-07
   5.5834468E+02  -7.8064636E-07
   5.5867841E+02  -7.5691003E-07
   5.5901215E+02  -7.3159947E-07
   5.5934589E+02  -7.0487613E-07
   5.5967963E+02  -6.7690394E-07
   5.6001337E+02  -6.4784649E-07
   5.6034711E+02  -6.1786841E-07
   5.6068085E+02  -5.8713249E-07
   5.6101458E+02  -5.5580028E-07
   5.6134832E+02  -5.2403027E-07
   5.6168206E+02  -4.9197763E-07
   5.6201580E+02  -4.5979320E-07
   5.6234954E+02  -4.2762289E-07
   5.6268328E+02  -3.9560737E-07
   5.6301702E+02  -3.6388030E-07
   5.6335075E+02  -3.3256927E-07
   5.6368449E+02  -3.0179444E-07
   5.6401823E+02  -2.7166814E-07
   5.6435197E+02  -2.4229476E-07
   5.6468571E+02  -2.1377025E-07
   5.6501945E+02  -1.8618221E-07
   5.6535319E+02  -1.5960902E-07
   5.6568692E+02  -1.3412057E-07
   5.6602066E+02  -1.0977744E-07
   5.6635440E+02  -8.6631374E-08
   5.6668814E+02  -6.4725022E-08
   5.6702188E+02  -4.4092296E-08
   5.6735562E+02  -2.4758172E-08
   5.6768936E+02  -6.7391994E-09
   5.6802309E+02   9.9563771E-09
   5.6835683E+02   2.5328283E-08
   5.6869057E+02   3.9383920E-08
   5.6902431E+02   5.2137924E-08
   5.6935805E+02   6.3611822E-08
   5.6969179E+02   7.3833490E-08
   5.7002553E+02   8.2836827E-08
   5.7035926E+02   9.0661160E-08
   5.7069300E+02   9.7350785E-08
   5.7102674E+02   1.0295447E-07
   5.7136048E+02   1.0752492E-07
   5.7169422E+02   1.1111822E-07
   5.7202796E+02   1.1379321E-07
   5.7236170E+02   1.1561116E-07
   5.7269543E+02   1.1663501E-07
   5.7302917E+02   1.1692894E-07
   5.7336291E+02   1.1655778E-07
   5.7369665E+02   1.1558659E-07
   5.7403039E+02   1.1408016E-07
   5.7436413E+02   1.1210252E-07
   5.7469787E+02   1.0971654E-07
   5.7503161E+02   1.0698337E-07
   5.7536534E+02   1.0396234E-07
   5.7569908E+02   1.0071032E-07
   5.7603282E+02   9.7281550E-08
   5.7636656E+02   9.3727301E-08
   5.7670030E+02   9.0095583E-08
   5.7703404E+02   8.6431037E-08
   5.7736778E+02   8.2774520E-08
   5.7770151E+02   7.9163271E-08
   5.7803525E+02   7.5630510E-08
   5.7836899E+02   7.2205609E-08
   5.7870273E+02   6.8913820E-08
   5.7903647E+02   6.5776476E-08
   5.7937021E+02   6.2810869E-08
   5.7970395E+02   6.0030366E-08
   5.8003768E+02   5.7444513E-08
   5.8037142E+02   5.5059058E-08
   5.8070516E+02   5.2876185E-08
   5.8103890E+02   5.0894659E-08
   5.8137264E+02   4.9109936E-08
   5.8170638E+02   4.7514483E-08
   5.8204012E+02   4.6098034E-08
   5.8237385E+02   4.4847717E-08
   5.8270759E+02   4.3748365E-08
   5.8304133E+02   4.2782865E-08
   5.8337507E+02   4.1932360E-08
   5.8370881E+02   4.1176502E-08
   5.8404255E+02   4.0493809E-08
   5.8437629E+02   3.9861924E-08
   5.8471002E+02   3.9257863E-08
   5.8504376E+02   3.8658360E-08
   5.8537750E+02   3.8040096E-08
   5.8571124E+02   3.7380008E-08
   5.8604498E+02   3.6655535E-08
   5.8637872E+02   3.5844877E-08
   5.8671246E+02   3.4927218E-08
   5.8704619E+02   3.3882884E-08
   5.8737993E+02   3.2693734E-08
   5.8771367E+02   3.1343092E-08
   5.8804741E+02   2.9816050E-08
   5.8838115E+02   2.8099613E-08
   5.8871489E+02   2.6182853E-08
   5.8904863E+02   2.4056902E-08
   5.8938236E+02   2.1715223E-08
   5.8971610E+02   1.9153529E-08
   5.9004984E+02   1.6369928E-08
   5.9038358E+02   1.3364946E-08
   5.9071732E+02   1.0141520E-08
   5.9105106E+02   6.7049690E-09
   5.9138480E+02   3.0630005E-09
   5.9171853E+02  -7.7434237E-10
   5.9205227E+02  -4.7947779E-09
   5.9238601E+02  -8.9839247E-09
   5.9271975E+02  -1.3325192E-08
   5.9305349E+02  -1.7800168E-08
   5.9338723E+02  -2.2388512E-08
   5.9372097E+02  -2.7068197E-08
   5.9405471E+02  -3.1815681E-08
   5.9438844E+02  -3.6605869E-08
   5.9472218E+02  -4.1412690E-08
   5.9505592E+02  -4.6208768E-08
   5.9538966E+02  -5.0966094E-08
   5.9572340E+02  -5.5655846E-08
   5.9605714E+02  -6.0248894E-08
   5.9639088E+02  -6.4715792E-08
   5.9672461E+02  -6.9026967E-08
   5.9705835E+02  -7.3153174E-08
   5.9739209E+02  -7.7065494E-08
   5.9772583E+02  -8.0735404E-08
   5.9805957E+02  -8.4135223E-08
   5.9839331E+02  -8.7238320E-08
   5.9872705E+02  -9.0019128E-08
   5.9906078E+02  -9.2453490E-08
   5.9939452E+02  -9.4518697E-08
   5.9972826E+02  -9.6193943E-08
   6.0006200E+02  -9.7460244E-08
   6.0039574E+02  -9.8300731E-08
   6.0072948E+02  -9.8700752E-08
   6.0106322E+02  -9.8648059E-08
   6.0139695E+02  -9.8132844E-08
   6.0173069E+02  -9.7147833E-08
   6.0206443E+02  -9.5688648E-08
   6.0239817E+02  -9.3753471E-08
   6.0273191E+02  -9.1343495E-08
   6.0306565E+02  -8.8462627E-08
   6.0339939E+02  -8.5117847E-08
   6.0373312E+02  -8.1319129E-08
   6.0406686E+02  -7.7079193E-08
   6.0440060E+02  -7.2413940E-08
   6.0473434E+02  -6.7341944E-08
   6.0506808E+02  -6.1884776E-08
   6.0540182E+02  -5.6066682E-08
   6.0573556E+02  -4.9914462E-08
   6.0606929E+02  -4.3457533E-08
   6.0640303E+02  -3.6727720E-08
   6.0673677E+02  -2.9758915E-08
   6.0707051E+02  -2.2587272E-08
   6.0740425E+02  -1.5250627E-08
   6.0773799E+02  -7.7886000E-09
   6.0807173E+02  -2.4222047E-10
   6.0840546E+02   7.3462587E-09
   6.0873920E+02   1.4933654E-08
   6.0907294E+02   2.2476051E-08
   6.0940668E+02   2.9929119E-08
   6.0974042E+02   3.7248320E-08
   6.1007416E+02   4.4389289E-08
   6.1040790E+02   5.1308163E-08
   6.1074163E+02   5.7961557E-08
   6.1107537E+02   6.4307144E-08
   6.1140911E+02   7.0303841E-08
   6.1174285E+02   7.5912027E-08
   6.1207659E+02   8.1093873E-08
   6.1241033E+02   8.5813539E-08
   6.1274407E+02   9.0037403E-08
   6.1307781E+02   9.3734371E-08
   6.1341154E+02   9.6876079E-08
   6.1374528E+02   9.9437045E-08
   6.1407902E+02   1.0139479E-07
   6.1441276E+02   1.0273016E-07
   6.1474650E+02   1.0342734E-07
   6.1508024E+02   1.0347378E-07
   6.1541398E+02   1.0286084E-07
   6.1574771E+02   1.0158303E-07
   6.1608145E+02   9.9638612E-08
   6.1641519E+02   9.7029613E-08
   6.1674893E+02   9.3761400E-08
   6.1708267E+02   8.9843013E-08
   6.1741641E+02   8.5286871E-08
   6.1775015E+02   8.0109061E-08
   6.1808388E+02   7.4328341E-08
   6.1841762E+02   6.7967107E-08
   6.1875136E+02   6.1050429E-08
   6.1908510E+02   5.3606072E-08
   6.1941884E+02   4.5664223E-08
   6.1975258E+02   3.7257678E-08
   6.2008632E+02   2.8420871E-08
   6.2042005E+02   1.9190210E-08
   6.2075379E+02   9.6035819E-09
   6.2108753E+02  -2.9992009E-10
   6.2142127E+02  -1.0480306E-08
   6.2175501E+02  -2.0896820E-08
   6.2208875E+02  -3.1508407E-08
   6.2242249E+02  -4.2273854E-08
   6.2275622E+02  -5.3152199E-08
   6.2308996E+02  -6.4102863E-08
   6.2342370E+02  -7.5086000E-08
   6.2375744E+02  -8.6062727E-08
   6.2409118E+02  -9.6995343E-08
   6.2442492E+02  -1.0784755E-07
   6.2475866E+02  -1.1858463E-07
   6.2509239E+02  -1.2917361E-07
   6.2542613E+02  -1.3958343E-07
   6.2575987E+02  -1.4978502E-07
   6.2609361E+02  -1.5975147E-07
   6.2642735E+02  -1.6945799E-07
   6.2676109E+02  -1.7888206E-07
   6.2709483E+02  -1.8800350E-07
   6.2742856E+02  -1.9680419E-07
   6.2776230E+02  -2.0526853E-07
   6.2809604E+02  -2.1338283E-07
   6.2842978E+02  -2.2113551E-07
   6.2876352E+02  -2.2851701E-07
   6.2909726E+02  -2.3551968E-07
   6.2943100E+02  -2.4213728E-07
   6.2976473E+02  -2.4836515E-07
   6.3009847E+02  -2.5420019E-07
   6.3043221E+02  -2.5963976E-07
   6.3076595E+02  -2.6468268E-07
   6.3109969E+02  -2.6932798E-07
   6.3143343E+02  -2.7357498E-07
   6.3176717E+02  -2.7742337E-07
   6.3210090E+02  -2.8087260E-07
   6.3243464E+02  -2.8392179E-07
   6.3276838E+02  -2.8656910E-07
   6.3310212E+02  -2.8881215E-07
   6.3343586E+02  -2.9064736E-07
   6.3376960E+02  -2.9206973E-07
   6.3410334E+02  -2.9307301E-07
   6.3443708E+02  -2.9364901E-07
   6.3477081E+02  -2.9378782E-07
   6.3510455E+02  -2.9347774E-07
   6.3543829E+02  -2.9270487E-07
   6.3577203E+02  -2.9145343E-07
   6.3610577E+02  -2.8970533E-07
   6.3643951E+02  -2.8744034E-07
   6.3677325E+02  -2.8463640E-07
   6.3710698E+02  -2.8126931E-07
   6.3744072E+02  -2.7731272E-07
   6.3777446E+02  -2.7273893E-07
   6.3810820E+02  -2.6751843E-07
   6.3844194E+02  -2.6162041E-07
   6.3877568E+02  -2.5501311E-07
   6.3910942E+02  -2.4766376E-07
   6.3944315E+02  -2.3953925E-07
   6.3977689E+02  -2.3060639E-07
   6.4011063E+02  -2.2083194E-07
   6.4044437E+02  -2.1018361E-07
   6.4077811E+02  -1.9863005E-07
   6.4111185E+02  -1.8614125E-07
   6.4144559E+02  -1.7268923E-07
   6.4177932E+02  -1.5824835E-07
   6.4211306E+02  -1.4279598E-07
   6.4244680E+02  -1.2631270E-07
   6.4278054E+02  -1.0878303E-07
   6.4311428E+02  -9.0195250E-08
   6.4344802E+02  -7.0542839E-08
   6.4378176E+02  -4.9824081E-08
   6.4411549E+02  -2.8042848E-08
   6.4444923E+02  -5.2088254E-09
   6.4478297E+02   1.8662249E-08
   6.4511671E+02   4.3548148E-08
   6.4545045E+02   6.9419841E-08
   6.4578419E+02   9.6241564E-08
   6.4611793E+02   1.2397017E-07
   6.4645166E+02   1.5255554E-07
   6.4678540E+02   1.8194014E-07
   6.4711914E+02   2.1205919E-07
   6.4745288E+02   2.4284068E-07
   6.4778662E+02   2.7420555E-07
   6.4812036E+02   3.0606748E-07
   6.4845410E+02   3.3833385E-07
   6.4878783E+02   3.7090530E-07
   6.4912157E+02   4.0367684E-07
   6.4945531E+02   4.3653728E-07
   6.4978905E+02   4.6937072E-07
   6.5012279E+02   5.0205597E-07
   6.5045653E+02   5.3446826E-07
   6.5079027E+02   5.6647889E-07
   6.5112400E+02   5.9795673E-07
   6.5145774E+02   6.2876796E-07
   6.5179148E+02   6.5877748E-07
   6.5212522E+02   6.8784999E-07
   6.5245896E+02   7.1584964E-07
   6.5279270E+02   7.4264244E-07
   6.5312644E+02   7.6809488E-07
   6.5346018E+02   7.9207769E-07
   6.5379391E+02   8.1446359E-07
   6.5412765E+02   8.3513021E-07
   6.5446139E+02   8.5396050E-07
   6.5479513E+02   8.7084248E-07
   6.5512887E+02   8.8567174E-07
   6.5546261E+02   8.9835066E-07
   6.5579635E+02   9.0878927E-07
   6.5613008E+02   9.1690742E-07
   6.5646382E+02   9.2263406E-07
   6.5679756E+02   9.2590750E-07
   6.5713130E+02   9.2667733E-07
   6.5746504E+02   9.2490296E-07
   6.5779878E+02   9.2055592E-07
   6.5813252E+02   9.1361920E-07
   6.5846625E+02   9.0408719E-07
   6.5879999E+02   8.9196669E-07
   6.5913373E+02   8.7727642E-07
   6.5946747E+02   8.6004678E-07
   6.5980121E+02   8.4032098E-07
   6.6013495E+02   8.1815313E-07
