  -7.8094826E+01   0.0000000E+00
  -7.7761087E+01   0.0000000E+00
  -7.7427349E+01   0.0000000E+00
  -7.7093610E+01   0.0000000E+00
  -7.6759871E+01   0.0000000E+00
  -7.6426133E+01   0.0000000E+00
  -7.6092394E+01   0.0000000E+00
  -7.5758656E+01   0.0000000E+00
  -7.5424917E+01   0.0000000E+00
  -7.5091178E+01   0.0000000E+00
  -7.4757440E+01   0.0000000E+00
  -7.4423701E+01   0.0000000E+00
  -7.4089963E+01   0.0000000E+00
  -7.3756224E+01   0.0000000E+00
  -7.3422485E+01   0.0000000E+00
  -7.3088747E+01   0.0000000E+00
  -7.2755008E+01   0.0000000E+00
  -7.2421270E+01   0.0000000E+00
  -7.2087531E+01   0.0000000E+00
  -7.1753792E+01   0.0000000E+00
  -7.1420054E+01   0.0000000E+00
  -7.1086315E+01   0.0000000E+00
  -7.0752577E+01   0.0000000E+00
  -7.0418838E+01   0.0000000E+00
  -7.0085099E+01   0.0000000E+00
  -6.9751361E+01   0.0000000E+00
  -6.9417622E+01   0.0000000E+00
  -6.9083884E+01   0.0000000E+00
  -6.8750145E+01   0.0000000E+00
  -6.8416406E+01   0.0000000E+00
  -6.8082668E+01   0.0000000E+00
  -6.7748929E+01   0.0000000E+00
  -6.7415191E+01   0.0000000E+00
  -6.7081452E+01   0.0000000E+00
  -6.6747714E+01   0.0000000E+00
  -6.6413975E+01   0.0000000E+00
  -6.6080236E+01   0.0000000E+00
  -6.5746498E+01   0.0000000E+00
  -6.5412759E+01   0.0000000E+00
  -6.5079021E+01   0.0000000E+00
  -6.4745282E+01   0.0000000E+00
  -6.4411543E+01   0.0000000E+00
  -6.4077805E+01   0.0000000E+00
  -6.3744066E+01   0.0000000E+00
  -6.3410328E+01   0.0000000E+00
  -6.3076589E+01   0.0000000E+00
  -6.2742850E+01   0.0000000E+00
  -6.2409112E+01   0.0000000E+00
  -6.2075373E+01   0.0000000E+00
  -6.1741635E+01   0.0000000E+00
  -6.1407896E+01   0.0000000E+00
  -6.1074157E+01   0.0000000E+00
  -6.0740419E+01   0.0000000E+00
  -6.0406680E+01   0.0000000E+00
  -6.0072942E+01   0.0000000E+00
  -5.9739203E+01   0.0000000E+00
  -5.9405464E+01   0.0000000E+00
  -5.9071726E+01   0.0000000E+00
  -5.8737987E+01   0.0000000E+00
  -5.8404249E+01   0.0000000E+00
  -5.8070510E+01   0.0000000E+00
  -5.7736771E+01   0.0000000E+00
  -5.7403033E+01   0.0000000E+00
  -5.7069294E+01   0.0000000E+00
  -5.6735556E+01   0.0000000E+00
  -5.6401817E+01   0.0000000E+00
  -5.6068078E+01   0.0000000E+00
  -5.5734340E+01   0.0000000E+00
  -5.5400601E+01   0.0000000E+00
  -5.5066863E+01   0.0000000E+00
  -5.4733124E+01   0.0000000E+00
  -5.4399385E+01   0.0000000E+00
  -5.4065647E+01   0.0000000E+00
  -5.3731908E+01   0.0000000E+00
  -5.3398170E+01   0.0000000E+00
  -5.3064431E+01   0.0000000E+00
  -5.2730693E+01   0.0000000E+00
  -5.2396954E+01   0.0000000E+00
  -5.2063215E+01   0.0000000E+00
  -5.1729477E+01   0.0000000E+00
  -5.1395738E+01   0.0000000E+00
  -5.1062000E+01   0.0000000E+00
  -5.0728261E+01   0.0000000E+00
  -5.0394522E+01   0.0000000E+00
  -5.0060784E+01   0.0000000E+00
  -4.9727045E+01   0.0000000E+00
  -4.9393307E+01   0.0000000E+00
  -4.9059568E+01   0.0000000E+00
  -4.8725829E+01   0.0000000E+00
  -4.8392091E+01   0.0000000E+00
  -4.8058352E+01   0.0000000E+00
  -4.7724614E+01   0.0000000E+00
  -4.7390875E+01   0.0000000E+00
  -4.7057136E+01   0.0000000E+00
  -4.6723398E+01   0.0000000E+00
  -4.6389659E+01   0.0000000E+00
  -4.6055921E+01   0.0000000E+00
  -4.5722182E+01   0.0000000E+00
  -4.5388443E+01   0.0000000E+00
  -4.5054705E+01   0.0000000E+00
  -4.4720966E+01   0.0000000E+00
  -4.4387228E+01   0.0000000E+00
  -4.4053489E+01   0.0000000E+00
  -4.3719750E+01   0.0000000E+00
  -4.3386012E+01   0.0000000E+00
  -4.3052273E+01   0.0000000E+00
  -4.2718535E+01   0.0000000E+00
  -4.2384796E+01   0.0000000E+00
  -4.2051057E+01   0.0000000E+00
  -4.1717319E+01   0.0000000E+00
  -4.1383580E+01   0.0000000E+00
  -4.1049842E+01   0.0000000E+00
  -4.0716103E+01   0.0000000E+00
  -4.0382364E+01   0.0000000E+00
  -4.0048626E+01   0.0000000E+00
  -3.9714887E+01   0.0000000E+00
  -3.9381149E+01   0.0000000E+00
  -3.9047410E+01   0.0000000E+00
  -3.8713672E+01   0.0000000E+00
  -3.8379933E+01   0.0000000E+00
  -3.8046194E+01   0.0000000E+00
  -3.7712456E+01   0.0000000E+00
  -3.7378717E+01   0.0000000E+00
  -3.7044979E+01   0.0000000E+00
  -3.6711240E+01   0.0000000E+00
  -3.6377501E+01   0.0000000E+00
  -3.6043763E+01   0.0000000E+00
  -3.5710024E+01   0.0000000E+00
  -3.5376286E+01   0.0000000E+00
  -3.5042547E+01   0.0000000E+00
  -3.4708808E+01   0.0000000E+00
  -3.4375070E+01   0.0000000E+00
  -3.4041331E+01   0.0000000E+00
  -3.3707593E+01   0.0000000E+00
  -3.3373854E+01   0.0000000E+00
  -3.3040115E+01   0.0000000E+00
  -3.2706377E+01   0.0000000E+00
  -3.2372638E+01   0.0000000E+00
  -3.2038900E+01   0.0000000E+00
  -3.1705161E+01   0.0000000E+00
  -3.1371422E+01   0.0000000E+00
  -3.1037684E+01   0.0000000E+00
  -3.0703945E+01   0.0000000E+00
  -3.0370207E+01   0.0000000E+00
  -3.0036468E+01   0.0000000E+00
  -2.9702729E+01   0.0000000E+00
  -2.9368991E+01   0.0000000E+00
  -2.9035252E+01   0.0000000E+00
  -2.8701514E+01   0.0000000E+00
  -2.8367775E+01   0.0000000E+00
  -2.8034036E+01   0.0000000E+00
  -2.7700298E+01   0.0000000E+00
  -2.7366559E+01   0.0000000E+00
  -2.7032821E+01   0.0000000E+00
  -2.6699082E+01   0.0000000E+00
  -2.6365343E+01   0.0000000E+00
  -2.6031605E+01   0.0000000E+00
  -2.5697866E+01   0.0000000E+00
  -2.5364128E+01   0.0000000E+00
  -2.5030389E+01   0.0000000E+00
  -2.4696651E+01   0.0000000E+00
  -2.4362912E+01   0.0000000E+00
  -2.4029173E+01   0.0000000E+00
  -2.3695435E+01   0.0000000E+00
  -2.3361696E+01   0.0000000E+00
  -2.3027958E+01   0.0000000E+00
  -2.2694219E+01   0.0000000E+00
  -2.2360480E+01   0.0000000E+00
  -2.2026742E+01   0.0000000E+00
  -2.1693003E+01   0.0000000E+00
  -2.1359265E+01   0.0000000E+00
  -2.1025526E+01   0.0000000E+00
  -2.0691787E+01   0.0000000E+00
  -2.0358049E+01   0.0000000E+00
  -2.0024310E+01   0.0000000E+00
  -1.9690572E+01   0.0000000E+00
  -1.9356833E+01   0.0000000E+00
  -1.9023094E+01   0.0000000E+00
  -1.8689356E+01   0.0000000E+00
  -1.8355617E+01   0.0000000E+00
  -1.8021879E+01   0.0000000E+00
  -1.7688140E+01   0.0000000E+00
  -1.7354401E+01   0.0000000E+00
  -1.7020663E+01   0.0000000E+00
  -1.6686924E+01   0.0000000E+00
  -1.6353186E+01   0.0000000E+00
  -1.6019447E+01   0.0000000E+00
  -1.5685708E+01   0.0000000E+00
  -1.5351970E+01   0.0000000E+00
  -1.5018231E+01   0.0000000E+00
  -1.4684493E+01   0.0000000E+00
  -1.4350754E+01   0.0000000E+00
  -1.4017015E+01   0.0000000E+00
  -1.3683277E+01   0.0000000E+00
  -1.3349538E+01   0.0000000E+00
  -1.3015800E+01   0.0000000E+00
  -1.2682061E+01   0.0000000E+00
  -1.2348322E+01   0.0000000E+00
  -1.2014584E+01   0.0000000E+00
  -1.1680845E+01   0.0000000E+00
  -1.1347107E+01   0.0000000E+00
  -1.1013368E+01   0.0000000E+00
  -1.0679630E+01   0.0000000E+00
  -1.0345891E+01   0.0000000E+00
  -1.0012152E+01   0.0000000E+00
  -9.6784137E+00   0.0000000E+00
  -9.3446751E+00   0.0000000E+00
  -9.0109365E+00   0.0000000E+00
  -8.6771979E+00   0.0000000E+00
  -8.3434593E+00   0.0000000E+00
  -8.0097207E+00   0.0000000E+00
  -7.6759821E+00   0.0000000E+00
  -7.3422436E+00   0.0000000E+00
  -7.0085050E+00   0.0000000E+00
  -6.6747664E+00   0.0000000E+00
  -6.3410278E+00   0.0000000E+00
  -6.0072892E+00   0.0000000E+00
  -5.6735506E+00   0.0000000E+00
  -5.3398120E+00   0.0000000E+00
  -5.0060734E+00   0.0000000E+00
  -4.6723348E+00   0.0000000E+00
  -4.3385962E+00   0.0000000E+00
  -4.0048576E+00   0.0000000E+00
  -3.6711190E+00   0.0000000E+00
  -3.3373804E+00   0.0000000E+00
  -3.0036418E+00   0.0000000E+00
  -2.6699032E+00   0.0000000E+00
  -2.3361646E+00   0.0000000E+00
  -2.0024260E+00   0.0000000E+00
  -1.6686874E+00   0.0000000E+00
  -1.3349488E+00   0.0000000E+00
  -1.0012102E+00   0.0000000E+00
  -6.6747165E-01   0.0000000E+00
  -3.3373305E-01   0.0000000E+00
   5.5432320E-06   0.0000000E+00
   3.3374414E-01   0.0000000E+00
   6.6748273E-01   0.0000000E+00
   1.0012213E+00   0.0000000E+00
   1.3349599E+00   0.0000000E+00
   1.6686985E+00   0.0000000E+00
   2.0024371E+00   0.0000000E+00
   2.3361757E+00   0.0000000E+00
   2.6699143E+00   0.0000000E+00
   3.0036529E+00   0.0000000E+00
   3.3373915E+00   0.0000000E+00
   3.6711301E+00   0.0000000E+00
   4.0048687E+00   0.0000000E+00
   4.3386073E+00   0.0000000E+00
   4.6723459E+00   0.0000000E+00
   5.0060845E+00   0.0000000E+00
   5.3398231E+00   0.0000000E+00
   5.6735617E+00   0.0000000E+00
   6.0073003E+00   0.0000000E+00
   6.3410389E+00   0.0000000E+00
   6.6747774E+00   0.0000000E+00
   7.0085160E+00   0.0000000E+00
   7.3422546E+00   0.0000000E+00
   7.6759932E+00   0.0000000E+00
   8.0097318E+00   0.0000000E+00
   8.3434704E+00   0.0000000E+00
   8.6772090E+00   0.0000000E+00
   9.0109476E+00   0.0000000E+00
   9.3446862E+00   0.0000000E+00
   9.6784248E+00   0.0000000E+00
   1.0012163E+01   0.0000000E+00
   1.0345902E+01   0.0000000E+00
   1.0679641E+01   0.0000000E+00
   1.1013379E+01   0.0000000E+00
   1.1347118E+01   0.0000000E+00
   1.1680856E+01   0.0000000E+00
   1.2014595E+01   0.0000000E+00
   1.2348334E+01   0.0000000E+00
   1.2682072E+01   0.0000000E+00
   1.3015811E+01   0.0000000E+00
   1.3349549E+01   0.0000000E+00
   1.3683288E+01   0.0000000E+00
   1.4017027E+01   0.0000000E+00
   1.4350765E+01   0.0000000E+00
   1.4684504E+01   0.0000000E+00
   1.5018242E+01   0.0000000E+00
   1.5351981E+01   0.0000000E+00
   1.5685720E+01   0.0000000E+00
   1.6019458E+01   0.0000000E+00
   1.6353197E+01   0.0000000E+00
   1.6686935E+01   0.0000000E+00
   1.7020674E+01   0.0000000E+00
   1.7354412E+01   0.0000000E+00
   1.7688151E+01   0.0000000E+00
   1.8021890E+01   0.0000000E+00
   1.8355628E+01   0.0000000E+00
   1.8689367E+01   0.0000000E+00
   1.9023105E+01   0.0000000E+00
   1.9356844E+01   0.0000000E+00
   1.9690583E+01   0.0000000E+00
   2.0024321E+01   0.0000000E+00
   2.0358060E+01   0.0000000E+00
   2.0691798E+01   0.0000000E+00
   2.1025537E+01   0.0000000E+00
   2.1359276E+01   0.0000000E+00
   2.1693014E+01   0.0000000E+00
   2.2026753E+01   0.0000000E+00
   2.2360491E+01   0.0000000E+00
   2.2694230E+01   0.0000000E+00
   2.3027969E+01   0.0000000E+00
   2.3361707E+01   0.0000000E+00
   2.3695446E+01   0.0000000E+00
   2.4029184E+01   0.0000000E+00
   2.4362923E+01   0.0000000E+00
   2.4696662E+01   0.0000000E+00
   2.5030400E+01   0.0000000E+00
   2.5364139E+01   0.0000000E+00
   2.5697877E+01   0.0000000E+00
   2.6031616E+01   0.0000000E+00
   2.6365355E+01   0.0000000E+00
   2.6699093E+01   0.0000000E+00
   2.7032832E+01   0.0000000E+00
   2.7366570E+01   0.0000000E+00
   2.7700309E+01   0.0000000E+00
   2.8034048E+01   0.0000000E+00
   2.8367786E+01   0.0000000E+00
   2.8701525E+01   0.0000000E+00
   2.9035263E+01   0.0000000E+00
   2.9369002E+01   0.0000000E+00
   2.9702741E+01   0.0000000E+00
   3.0036479E+01   0.0000000E+00
   3.0370218E+01   0.0000000E+00
   3.0703956E+01   0.0000000E+00
   3.1037695E+01   0.0000000E+00
   3.1371433E+01   0.0000000E+00
   3.1705172E+01   0.0000000E+00
   3.2038911E+01   0.0000000E+00
   3.2372649E+01   0.0000000E+00
   3.2706388E+01   0.0000000E+00
   3.3040126E+01   0.0000000E+00
   3.3373865E+01   0.0000000E+00
   3.3707604E+01   0.0000000E+00
   3.4041342E+01   0.0000000E+00
   3.4375081E+01   0.0000000E+00
   3.4708819E+01   0.0000000E+00
   3.5042558E+01   0.0000000E+00
   3.5376297E+01   0.0000000E+00
   3.5710035E+01   0.0000000E+00
   3.6043774E+01   0.0000000E+00
   3.6377512E+01   0.0000000E+00
   3.6711251E+01   0.0000000E+00
   3.7044990E+01   0.0000000E+00
   3.7378728E+01   0.0000000E+00
   3.7712467E+01   0.0000000E+00
   3.8046205E+01   0.0000000E+00
   3.8379944E+01   0.0000000E+00
   3.8713683E+01   0.0000000E+00
   3.9047421E+01   0.0000000E+00
   3.9381160E+01   0.0000000E+00
   3.9714898E+01   0.0000000E+00
   4.0048637E+01   0.0000000E+00
   4.0382376E+01   0.0000000E+00
   4.0716114E+01   0.0000000E+00
   4.1049853E+01   0.0000000E+00
   4.1383591E+01   0.0000000E+00
   4.1717330E+01   0.0000000E+00
   4.2051069E+01   0.0000000E+00
   4.2384807E+01   0.0000000E+00
   4.2718546E+01   0.0000000E+00
   4.3052284E+01   0.0000000E+00
   4.3386023E+01   0.0000000E+00
   4.3719762E+01   0.0000000E+00
   4.4053500E+01   0.0000000E+00
   4.4387239E+01   0.0000000E+00
   4.4720977E+01   0.0000000E+00
   4.5054716E+01   0.0000000E+00
   4.5388454E+01   0.0000000E+00
   4.5722193E+01   0.0000000E+00
   4.6055932E+01   0.0000000E+00
   4.6389670E+01   0.0000000E+00
   4.6723409E+01   0.0000000E+00
   4.7057147E+01   0.0000000E+00
   4.7390886E+01   0.0000000E+00
   4.7724625E+01   0.0000000E+00
   4.8058363E+01   0.0000000E+00
   4.8392102E+01   0.0000000E+00
   4.8725840E+01   0.0000000E+00
   4.9059579E+01   0.0000000E+00
   4.9393318E+01   0.0000000E+00
   4.9727056E+01   0.0000000E+00
   5.0060795E+01   0.0000000E+00
   5.0394533E+01   0.0000000E+00
   5.0728272E+01   0.0000000E+00
   5.1062011E+01   0.0000000E+00
   5.1395749E+01   0.0000000E+00
   5.1729488E+01   0.0000000E+00
   5.2063226E+01   0.0000000E+00
   5.2396965E+01   0.0000000E+00
   5.2730704E+01   0.0000000E+00
   5.3064442E+01   0.0000000E+00
   5.3398181E+01   0.0000000E+00
   5.3731919E+01   0.0000000E+00
   5.4065658E+01   0.0000000E+00
   5.4399397E+01   0.0000000E+00
   5.4733135E+01   0.0000000E+00
   5.5066874E+01   0.0000000E+00
   5.5400612E+01   0.0000000E+00
   5.5734351E+01   0.0000000E+00
   5.6068090E+01   0.0000000E+00
   5.6401828E+01   0.0000000E+00
   5.6735567E+01   0.0000000E+00
   5.7069305E+01   0.0000000E+00
   5.7403044E+01   0.0000000E+00
   5.7736783E+01   0.0000000E+00
   5.8070521E+01   0.0000000E+00
   5.8404260E+01   0.0000000E+00
   5.8737998E+01   0.0000000E+00
   5.9071737E+01   0.0000000E+00
   5.9405475E+01   0.0000000E+00
   5.9739214E+01   0.0000000E+00
   6.0072953E+01   0.0000000E+00
   6.0406691E+01   0.0000000E+00
   6.0740430E+01   0.0000000E+00
   6.1074168E+01   0.0000000E+00
   6.1407907E+01   0.0000000E+00
   6.1741646E+01   0.0000000E+00
   6.2075384E+01   0.0000000E+00
   6.2409123E+01   0.0000000E+00
   6.2742861E+01   0.0000000E+00
   6.3076600E+01   0.0000000E+00
   6.3410339E+01   0.0000000E+00
   6.3744077E+01   0.0000000E+00
   6.4077816E+01   0.0000000E+00
   6.4411554E+01   0.0000000E+00
   6.4745293E+01   0.0000000E+00
   6.5079032E+01   0.0000000E+00
   6.5412770E+01   0.0000000E+00
   6.5746509E+01   0.0000000E+00
   6.6080247E+01   0.0000000E+00
   6.6413986E+01   0.0000000E+00
   6.6747725E+01   0.0000000E+00
   6.7081463E+01   0.0000000E+00
   6.7415202E+01   0.0000000E+00
   6.7748940E+01   0.0000000E+00
   6.8082679E+01   0.0000000E+00
   6.8416418E+01   0.0000000E+00
   6.8750156E+01   0.0000000E+00
   6.9083895E+01   0.0000000E+00
   6.9417633E+01   0.0000000E+00
   6.9751372E+01   0.0000000E+00
   7.0085111E+01   0.0000000E+00
   7.0418849E+01   0.0000000E+00
   7.0752588E+01   0.0000000E+00
   7.1086326E+01   0.0000000E+00
   7.1420065E+01   0.0000000E+00
   7.1753804E+01   0.0000000E+00
   7.2087542E+01   0.0000000E+00
   7.2421281E+01   0.0000000E+00
   7.2755019E+01   0.0000000E+00
   7.3088758E+01   0.0000000E+00
   7.3422496E+01   0.0000000E+00
   7.3756235E+01   0.0000000E+00
   7.4089974E+01   0.0000000E+00
   7.4423712E+01   0.0000000E+00
   7.4757451E+01   0.0000000E+00
   7.5091189E+01   0.0000000E+00
   7.5424928E+01   0.0000000E+00
   7.5758667E+01   0.0000000E+00
   7.6092405E+01   0.0000000E+00
   7.6426144E+01   0.0000000E+00
   7.6759882E+01   0.0000000E+00
   7.7093621E+01   0.0000000E+00
   7.7427360E+01   0.0000000E+00
   7.7761098E+01   0.0000000E+00
   7.8094837E+01   0.0000000E+00
   7.8428575E+01   0.0000000E+00
   7.8762314E+01   0.0000000E+00
   7.9096053E+01   0.0000000E+00
   7.9429791E+01   0.0000000E+00
   7.9763530E+01   0.0000000E+00
   8.0097268E+01   0.0000000E+00
   8.0431007E+01   0.0000000E+00
   8.0764746E+01   0.0000000E+00
   8.1098484E+01   0.0000000E+00
   8.1432223E+01   0.0000000E+00
   8.1765961E+01   0.0000000E+00
   8.2099700E+01   0.0000000E+00
   8.2433439E+01   0.0000000E+00
   8.2767177E+01   0.0000000E+00
   8.3100916E+01   0.0000000E+00
   8.3434654E+01   0.0000000E+00
   8.3768393E+01   0.0000000E+00
   8.4102132E+01   0.0000000E+00
   8.4435870E+01   0.0000000E+00
   8.4769609E+01   0.0000000E+00
   8.5103347E+01   0.0000000E+00
   8.5437086E+01   0.0000000E+00
   8.5770825E+01   0.0000000E+00
   8.6104563E+01   0.0000000E+00
   8.6438302E+01   0.0000000E+00
   8.6772040E+01   0.0000000E+00
   8.7105779E+01   0.0000000E+00
   8.7439517E+01   0.0000000E+00
   8.7773256E+01   0.0000000E+00
   8.8106995E+01   0.0000000E+00
   8.8440733E+01   0.0000000E+00
   8.8774472E+01   0.0000000E+00
   8.9108210E+01   0.0000000E+00
   8.9441949E+01   0.0000000E+00
   8.9775688E+01   0.0000000E+00
   9.0109426E+01   0.0000000E+00
   9.0443165E+01   0.0000000E+00
   9.0776903E+01   0.0000000E+00
   9.1110642E+01   0.0000000E+00
   9.1444381E+01   0.0000000E+00
   9.1778119E+01   0.0000000E+00
   9.2111858E+01   0.0000000E+00
   9.2445596E+01   0.0000000E+00
   9.2779335E+01   0.0000000E+00
   9.3113074E+01   0.0000000E+00
   9.3446812E+01   0.0000000E+00
   9.3780551E+01   0.0000000E+00
   9.4114289E+01   0.0000000E+00
   9.4448028E+01   0.0000000E+00
   9.4781767E+01   0.0000000E+00
   9.5115505E+01   0.0000000E+00
   9.5449244E+01   0.0000000E+00
   9.5782982E+01   0.0000000E+00
   9.6116721E+01   0.0000000E+00
   9.6450460E+01   0.0000000E+00
   9.6784198E+01   0.0000000E+00
   9.7117937E+01   0.0000000E+00
   9.7451675E+01   0.0000000E+00
   9.7785414E+01   0.0000000E+00
   9.8119153E+01   0.0000000E+00
   9.8452891E+01   0.0000000E+00
   9.8786630E+01   0.0000000E+00
   9.9120368E+01   0.0000000E+00
   9.9454107E+01   0.0000000E+00
   9.9787846E+01   0.0000000E+00
   1.0012158E+02   0.0000000E+00
   1.0045532E+02   0.0000000E+00
   1.0078906E+02   0.0000000E+00
   1.0112280E+02   0.0000000E+00
   1.0145654E+02   0.0000000E+00
   1.0179028E+02   0.0000000E+00
   1.0212402E+02   0.0000000E+00
   1.0245775E+02   0.0000000E+00
   1.0279149E+02   0.0000000E+00
   1.0312523E+02   0.0000000E+00
   1.0345897E+02   0.0000000E+00
   1.0379271E+02   0.0000000E+00
   1.0412645E+02   0.0000000E+00
   1.0446019E+02   0.0000000E+00
   1.0479392E+02   0.0000000E+00
   1.0512766E+02   0.0000000E+00
   1.0546140E+02   0.0000000E+00
   1.0579514E+02   0.0000000E+00
   1.0612888E+02   0.0000000E+00
   1.0646262E+02   0.0000000E+00
   1.0679636E+02   0.0000000E+00
   1.0713009E+02   0.0000000E+00
   1.0746383E+02   0.0000000E+00
   1.0779757E+02   0.0000000E+00
   1.0813131E+02   0.0000000E+00
   1.0846505E+02   0.0000000E+00
   1.0879879E+02   0.0000000E+00
   1.0913253E+02   0.0000000E+00
   1.0946626E+02   0.0000000E+00
   1.0980000E+02   0.0000000E+00
   1.1013374E+02   0.0000000E+00
   1.1046748E+02   0.0000000E+00
   1.1080122E+02   0.0000000E+00
   1.1113496E+02   0.0000000E+00
   1.1146870E+02   0.0000000E+00
   1.1180243E+02   0.0000000E+00
   1.1213617E+02   0.0000000E+00
   1.1246991E+02   0.0000000E+00
   1.1280365E+02   0.0000000E+00
   1.1313739E+02   0.0000000E+00
   1.1347113E+02   0.0000000E+00
   1.1380487E+02   0.0000000E+00
   1.1413861E+02   0.0000000E+00
   1.1447234E+02   0.0000000E+00
   1.1480608E+02   0.0000000E+00
   1.1513982E+02   0.0000000E+00
   1.1547356E+02   0.0000000E+00
   1.1580730E+02   0.0000000E+00
   1.1614104E+02   0.0000000E+00
   1.1647478E+02   0.0000000E+00
   1.1680851E+02   0.0000000E+00
   1.1714225E+02   0.0000000E+00
   1.1747599E+02   0.0000000E+00
   1.1780973E+02   0.0000000E+00
   1.1814347E+02   0.0000000E+00
   1.1847721E+02   0.0000000E+00
   1.1881095E+02   0.0000000E+00
   1.1914468E+02   0.0000000E+00
   1.1947842E+02   0.0000000E+00
   1.1981216E+02   0.0000000E+00
   1.2014590E+02   0.0000000E+00
   1.2047964E+02   0.0000000E+00
   1.2081338E+02   0.0000000E+00
   1.2114712E+02   0.0000000E+00
   1.2148085E+02   0.0000000E+00
   1.2181459E+02   0.0000000E+00
   1.2214833E+02   0.0000000E+00
   1.2248207E+02   0.0000000E+00
   1.2281581E+02   0.0000000E+00
   1.2314955E+02   0.0000000E+00
   1.2348329E+02   0.0000000E+00
   1.2381702E+02   0.0000000E+00
   1.2415076E+02   0.0000000E+00
   1.2448450E+02   0.0000000E+00
   1.2481824E+02   0.0000000E+00
   1.2515198E+02   0.0000000E+00
   1.2548572E+02   0.0000000E+00
   1.2581946E+02   0.0000000E+00
   1.2615319E+02   0.0000000E+00
   1.2648693E+02   0.0000000E+00
   1.2682067E+02   0.0000000E+00
   1.2715441E+02   0.0000000E+00
   1.2748815E+02   0.0000000E+00
   1.2782189E+02   0.0000000E+00
   1.2815563E+02   0.0000000E+00
   1.2848936E+02   0.0000000E+00
   1.2882310E+02   0.0000000E+00
   1.2915684E+02   0.0000000E+00
   1.2949058E+02   0.0000000E+00
   1.2982432E+02   0.0000000E+00
   1.3015806E+02   0.0000000E+00
   1.3049180E+02   0.0000000E+00
   1.3082553E+02   0.0000000E+00
   1.3115927E+02   0.0000000E+00
   1.3149301E+02   0.0000000E+00
   1.3182675E+02   0.0000000E+00
   1.3216049E+02   0.0000000E+00
   1.3249423E+02   0.0000000E+00
   1.3282797E+02   0.0000000E+00
   1.3316171E+02   0.0000000E+00
   1.3349544E+02   0.0000000E+00
   1.3382918E+02   0.0000000E+00
   1.3416292E+02   0.0000000E+00
   1.3449666E+02   0.0000000E+00
   1.3483040E+02   0.0000000E+00
   1.3516414E+02   0.0000000E+00
   1.3549788E+02   0.0000000E+00
   1.3583161E+02   0.0000000E+00
   1.3616535E+02   0.0000000E+00
   1.3649909E+02   0.0000000E+00
   1.3683283E+02   0.0000000E+00
   1.3716657E+02   0.0000000E+00
   1.3750031E+02   0.0000000E+00
   1.3783405E+02   0.0000000E+00
   1.3816778E+02   0.0000000E+00
   1.3850152E+02   0.0000000E+00
   1.3883526E+02   0.0000000E+00
   1.3916900E+02   0.0000000E+00
   1.3950274E+02   0.0000000E+00
   1.3983648E+02   0.0000000E+00
   1.4017022E+02   0.0000000E+00
   1.4050395E+02   0.0000000E+00
   1.4083769E+02   0.0000000E+00
   1.4117143E+02   0.0000000E+00
   1.4150517E+02   0.0000000E+00
   1.4183891E+02   0.0000000E+00
   1.4217265E+02   0.0000000E+00
   1.4250639E+02   0.0000000E+00
   1.4284012E+02   0.0000000E+00
   1.4317386E+02   0.0000000E+00
   1.4350760E+02   0.0000000E+00
   1.4384134E+02   0.0000000E+00
   1.4417508E+02   0.0000000E+00
   1.4450882E+02   0.0000000E+00
   1.4484256E+02   0.0000000E+00
   1.4517629E+02   0.0000000E+00
   1.4551003E+02   0.0000000E+00
   1.4584377E+02   0.0000000E+00
   1.4617751E+02   0.0000000E+00
   1.4651125E+02   0.0000000E+00
   1.4684499E+02   0.0000000E+00
   1.4717873E+02   0.0000000E+00
   1.4751246E+02   0.0000000E+00
   1.4784620E+02   1.4012985E-45
   1.4817994E+02   1.4012985E-45
   1.4851368E+02   5.6051939E-45
   1.4884742E+02   8.4077908E-45
   1.4918116E+02   1.2611686E-44
   1.4951490E+02   1.6815582E-44
   1.4984863E+02   1.2611686E-44
   1.5018237E+02   8.4077908E-45
   1.5051611E+02   4.2038954E-45
   1.5084985E+02  -4.2038954E-45
   1.5118359E+02  -1.8216880E-44
   1.5151733E+02  -3.3631163E-44
   1.5185107E+02  -4.3440252E-44
   1.5218480E+02  -4.9045446E-44
   1.5251854E+02  -4.6242849E-44
   1.5285228E+02  -4.0637655E-44
   1.5318602E+02  -1.9618179E-44
   1.5351976E+02   8.4077908E-45
   1.5385350E+02   4.6242849E-44
   1.5418724E+02   8.6880505E-44
   1.5452098E+02   1.2751816E-43
   1.5485471E+02   1.6675452E-43
   1.5518845E+02   1.8497140E-43
   1.5552219E+02   1.8637270E-43
   1.5585593E+02   1.6395192E-43
   1.5618967E+02   1.0930128E-43
   1.5652341E+02   3.2229865E-44
   1.5685715E+02  -6.3058431E-44
   1.5719088E+02  -1.7095841E-43
   1.5752462E+02  -2.7465450E-43
   1.5785836E+02  -3.5452851E-43
   1.5819210E+02  -3.9656747E-43
   1.5852584E+02  -3.8956097E-43
   1.5885958E+02  -3.2229865E-43
   1.5919332E+02  -1.8777399E-43
   1.5952705E+02   2.8025969E-45
   1.5986079E+02   2.3121425E-43
   1.6019453E+02   4.7784278E-43
   1.6052827E+02   6.9644534E-43
   1.6086201E+02   8.5479206E-43
   1.6119575E+02   9.1224530E-43
   1.6152949E+02   8.3657518E-43
   1.6186322E+02   6.2217652E-43
   1.6219696E+02   2.6764801E-43
   1.6253070E+02  -2.0038568E-43
   1.6286444E+02  -7.2447131E-43
   1.6319818E+02  -1.2289388E-42
   1.6353192E+02  -1.6409205E-42
   1.6386566E+02  -1.8623257E-42
   1.6419939E+02  -1.8314971E-42
   1.6453313E+02  -1.4923829E-42
   1.6486687E+02  -8.4077908E-43
   1.6520061E+02   8.9683102E-44
   1.6553435E+02   1.1953076E-42
   1.6586809E+02   2.3471749E-42
   1.6620183E+02   3.3673202E-42
   1.6653556E+02   4.0623642E-42
   1.6686930E+02   4.2627499E-42
   1.6720304E+02   3.8395578E-42
   1.6753678E+02   2.7353346E-42
   1.6787052E+02   9.8371152E-43
   1.6820426E+02  -1.2597673E-42
   1.6853800E+02  -3.7470721E-42
   1.6887173E+02  -6.1264769E-42
   1.6920547E+02  -8.0098220E-42
   1.6953921E+02  -8.9949348E-42
   1.6987295E+02  -8.7553128E-42
   1.7020669E+02  -7.0863663E-42
   1.7054043E+02  -3.9740824E-42
   1.7087417E+02   3.7975188E-43
   1.7120790E+02   5.5379315E-42
   1.7154164E+02   1.0841846E-41
   1.7187538E+02   1.5491355E-41
   1.7220912E+02   1.8634467E-41
   1.7254286E+02   1.9485055E-41
   1.7287660E+02   1.7472791E-41
   1.7321034E+02   1.2363656E-41
   1.7354408E+02   4.3524330E-42
   1.7387781E+02  -5.8672367E-42
   1.7421155E+02  -1.7129472E-41
   1.7454529E+02  -2.7878833E-41
   1.7487903E+02  -3.6356689E-41
   1.7521277E+02  -4.0798805E-41
   1.7554651E+02  -3.9773054E-41
   1.7588025E+02  -3.2395218E-41
   1.7621398E+02  -1.8600836E-41
   1.7654772E+02   6.7822846E-43
   1.7688146E+02   2.3506782E-41
   1.7721520E+02   4.7030379E-41
   1.7754894E+02   6.7758386E-41
   1.7788268E+02   8.1988572E-41
   1.7821642E+02   8.6326992E-41
   1.7855015E+02   7.8277934E-41
   1.7888389E+02   5.6776410E-41
   1.7921763E+02   2.2639378E-41
   1.7955137E+02  -2.1240882E-41
   1.7988511E+02  -6.9950017E-41
   1.8021885E+02  -1.1694536E-40
   1.8055259E+02  -1.5475240E-40
   1.8088632E+02  -1.7594563E-40
   1.8122006E+02  -1.7428790E-40
   1.8155380E+02  -1.4589199E-40
   1.8188754E+02  -9.0232411E-41
   1.8222128E+02  -1.0834840E-41
   1.8255502E+02   8.4548744E-41
   1.8288876E+02   1.8436604E-40
   1.8322249E+02   2.7433360E-40
   1.8355623E+02   3.3911283E-40
   1.8388997E+02   3.6446792E-40
   1.8422371E+02   3.3957245E-40
   1.8455745E+02   2.5927665E-40
   1.8489119E+02   1.2585062E-40
   1.8522493E+02  -5.0051579E-41
   1.8555866E+02  -2.4953763E-40
   1.8589240E+02  -4.4686707E-40
   1.8622614E+02  -6.1216564E-40
   1.8655988E+02  -7.1513165E-40
   1.8689362E+02  -7.2954401E-40
   1.8722736E+02  -6.3784864E-40
   1.8756110E+02  -4.3531057E-40
   1.8789483E+02  -1.3284870E-40
   1.8822857E+02   2.4182768E-40
   1.8856231E+02   6.4556139E-40
   1.8889605E+02   1.0234692E-39
   1.8922979E+02   1.3151452E-39
   1.8956353E+02   1.4626389E-39
   1.8989727E+02   1.4194985E-39
   1.9023100E+02   1.1595493E-39
   1.9056474E+02   6.8420359E-40
   1.9089848E+02   2.6881108E-41
   1.9123222E+02  -7.4653895E-40
   1.9156596E+02  -1.5419804E-39
   1.9189970E+02  -2.2463053E-39
   1.9223344E+02  -2.7407338E-39
   1.9256718E+02  -2.9173731E-39
   1.9290091E+02  -2.6968185E-39
   1.9323465E+02  -2.0445519E-39
   1.9356839E+02  -9.8343126E-40
   1.9390213E+02   4.0012396E-40
   1.9423587E+02   1.9582515E-39
   1.9456961E+02   3.4929971E-39
   1.9490335E+02   4.7769312E-39
   1.9523708E+02   5.5813676E-39
   1.9557082E+02   5.7093916E-39
   1.9590456E+02   5.0297296E-39
   1.9623830E+02   3.5065602E-39
   1.9657204E+02   1.2204357E-39
   1.9690578E+02  -1.6242661E-39
   1.9723952E+02  -4.7085870E-39
   1.9757325E+02  -7.6262390E-39
   1.9790699E+02  -9.9279936E-39
   1.9824073E+02  -1.1179394E-38
   1.9857447E+02  -1.1025820E-38
   1.9890821E+02  -9.2566301E-39
   1.9924195E+02  -5.8590545E-39
   1.9957569E+02  -1.0524788E-39
   1.9990942E+02   4.7050446E-39
   2.0024316E+02   1.0743380E-38
   2.0057690E+02   1.6241664E-38
   2.0091064E+02   2.0321183E-38
   2.0124438E+02   2.2161708E-38
   2.0157812E+02   2.1128443E-38
   2.0191186E+02   1.6893229E-38
   2.0224559E+02   9.5318129E-39
   2.0257933E+02  -4.2057171E-40
   2.0291307E+02  -1.1970005E-38
   2.0324681E+02  -2.3730121E-38
   2.0358055E+02  -3.4055073E-38
   2.0391429E+02  -4.1231231E-38
   2.0424803E+02  -4.3710047E-38
   2.0458176E+02  -4.0355779E-38
   2.0491550E+02  -3.0675410E-38
   2.0524924E+02  -1.4995232E-38
   2.0558298E+02   5.4496539E-39
   2.0591672E+02   2.8540002E-38
   2.0625046E+02   5.1426594E-38
   2.0658420E+02   7.0813553E-38
   2.0691793E+02   8.3352086E-38
   2.0725167E+02   8.6107313E-38
   2.0758541E+02   7.7044309E-38
   2.0791915E+02   5.5467821E-38
   2.0825289E+02   2.2345607E-38
   2.0858663E+02  -1.9549652E-38
   2.0892037E+02  -6.5730550E-38
   2.0925410E+02  -1.1034334E-37
   2.0958784E+02  -1.4676895E-37
   2.0992158E+02  -1.6843374E-37
   2.1025532E+02  -1.6975127E-37
   2.1058906E+02  -1.4708322E-37
   2.1092280E+02  -9.9587143E-38
   2.1125654E+02  -2.9811386E-38
   2.1159027E+02   5.6090301E-38
   2.1192401E+02   1.4861957E-37
   2.1225775E+02   2.3571405E-37
   2.1259149E+02   3.0402612E-37
   2.1292523E+02   3.4060308E-37
   2.1325897E+02   3.3479982E-37
   2.1359271E+02   2.8019095E-37
   2.1392645E+02   1.7621115E-37
   2.1426018E+02   2.9242941E-38
   2.1459392E+02  -1.4709837E-37
   2.1492766E+02  -3.3266234E-37
   2.1526140E+02  -5.0251375E-37
   2.1559514E+02  -6.2966882E-37
   2.1592888E+02  -6.8859775E-37
   2.1626262E+02  -6.5912551E-37
   2.1659635E+02  -5.3024372E-37
   2.1693009E+02  -3.0327150E-37
   2.1726383E+02   6.1997200E-39
   2.1759757E+02   3.6806768E-37
   2.1793131E+02   7.3951910E-37
   2.1826505E+02   1.0689648E-36
   2.1859879E+02   1.3019182E-36
   2.1893252E+02   1.3883114E-36
   2.1926626E+02   1.2904494E-36
   2.1960000E+02   9.9056995E-37
   2.1993374E+02   4.9685245E-37
   2.2026748E+02  -1.5325844E-37
   2.2060122E+02  -8.9336279E-37
   2.2093496E+02  -1.6326385E-36
   2.2126869E+02  -2.2646791E-36
   2.2160243E+02  -2.6801138E-36
   2.2193617E+02  -2.7818468E-36
   2.2226991E+02  -2.5011738E-36
   2.2260365E+02  -1.8125992E-36
   2.2293739E+02  -7.4498515E-37
   2.2327113E+02   6.1320915E-37
   2.2360486E+02   2.1163967E-36
   2.2393860E+02   3.5730056E-36
   2.2427234E+02   4.7652026E-36
   2.2460608E+02   5.4758170E-36
   2.2493982E+02   5.5198277E-36
   2.2527356E+02   4.7766224E-36
   2.2560730E+02   3.2185045E-36
   2.2594103E+02   9.3066020E-37
   2.2627477E+02  -1.8817784E-36
   2.2660851E+02  -4.9028331E-36
   2.2694225E+02  -7.7323809E-36
   2.2727599E+02  -9.9296341E-36
   2.2760973E+02  -1.1069951E-35
   2.2794347E+02  -1.0809022E-35
   2.2827720E+02  -8.9463823E-36
   2.2861094E+02  -5.4789143E-36
   2.2894468E+02  -6.3485385E-37
   2.2927842E+02   5.1199545E-36
   2.2961216E+02   1.1109174E-35
   2.2994590E+02   1.6508205E-35
   2.3027964E+02   2.0438480E-35
   2.3061337E+02   2.2085473E-35
   2.3094711E+02   2.0827408E-35
   2.3128085E+02   1.6357698E-35
   2.3161459E+02   8.7823089E-36
   2.3194833E+02  -1.3263255E-36
   2.3228207E+02  -1.2933941E-35
   2.3261581E+02  -2.4616809E-35
   2.3294955E+02  -3.4702654E-35
   2.3328328E+02  -4.1471114E-35
   2.3361702E+02  -4.3394588E-35
   2.3395076E+02  -3.9391200E-35
   2.3428450E+02  -2.9055296E-35
   2.3461824E+02  -1.2828107E-35
   2.3495198E+02   7.9259048E-36
   2.3528572E+02   3.0963810E-35
   2.3561945E+02   5.3343520E-35
   2.3595319E+02   7.1733820E-35
   2.3628693E+02   8.2831715E-35
   2.3662067E+02   8.3844017E-35
   2.3695441E+02   7.2974276E-35
   2.3728815E+02   4.9844944E-35
   2.3762189E+02   1.5783356E-35
   2.3795562E+02  -2.6092175E-35
   2.3828936E+02  -7.1031106E-35
   2.3862310E+02  -1.1307089E-34
   2.3895684E+02  -1.4570055E-34
   2.3929058E+02  -1.6271033E-34
   2.3962432E+02  -1.5913533E-34
   2.3995806E+02  -1.3217105E-34
   2.4029179E+02  -8.1924770E-35
   2.4062553E+02  -1.1867332E-35
   2.4095927E+02   7.1127665E-35
   2.4129301E+02   1.5722877E-34
   2.4162675E+02   2.3458863E-34
   2.4196049E+02   2.9072645E-34
   2.4229423E+02   3.1422094E-34
   2.4262796E+02   2.9651955E-34
   2.4296170E+02   2.3362142E-34
   2.4329544E+02   1.2737120E-34
   2.4362918E+02  -1.3882996E-35
   2.4396292E+02  -1.7546299E-34
   2.4429666E+02  -3.3747022E-34
   2.4463040E+02  -4.7681908E-34
   2.4496413E+02  -5.7004579E-34
   2.4529787E+02  -5.9661049E-34
   2.4563161E+02  -5.4229439E-34
   2.4596535E+02  -4.0221950E-34
   2.4629909E+02  -1.8299897E-34
   2.4663283E+02   9.6424883E-35
   2.4696657E+02   4.0557847E-34
   2.4730030E+02   7.0502753E-34
   2.4763404E+02   9.5062632E-34
   2.4796778E+02   1.0990927E-33
   2.4830152E+02   1.1143188E-33
   2.4863526E+02   9.7361973E-34
   2.4896900E+02   6.7302704E-34
   2.4930274E+02   2.3071627E-34
   2.4963647E+02  -3.1220042E-34
   2.4997021E+02  -8.9402994E-34
   2.5030395E+02  -1.4381451E-33
   2.5063769E+02  -1.8616135E-33
   2.5097143E+02  -2.0860304E-33
   2.5130517E+02  -2.0493431E-33
   2.5163891E+02  -1.7171337E-33
   2.5197264E+02  -1.0916713E-33
   2.5230638E+02  -2.1711647E-34
   2.5264012E+02   8.2044427E-34
   2.5297386E+02   1.8989046E-33
   2.5330760E+02   2.8720359E-33
   2.5364134E+02   3.5865780E-33
   2.5397508E+02   3.9028683E-33
   2.5430882E+02   3.7166193E-33
   2.5464255E+02   2.9789135E-33
   2.5497629E+02   1.7113390E-33
   2.5531003E+02   1.3398707E-35
   2.5564377E+02  -1.9399907E-33
   2.5597751E+02  -3.9120092E-33
   2.5631125E+02  -5.6281612E-33
   2.5664499E+02  -6.8093736E-33
   2.5697872E+02  -7.2105859E-33
   2.5731246E+02  -6.6602026E-33
   2.5764620E+02  -5.0949705E-33
   2.5797994E+02  -2.5847152E-33
   2.5831368E+02   6.5801469E-34
   2.5864742E+02   4.2869463E-33
   2.5898116E+02   7.8511297E-33
   2.5931489E+02   1.0842877E-32
   2.5964863E+02   1.2760563E-32
   2.5998237E+02   1.3179653E-32
   2.6031611E+02   1.1823164E-32
   2.6064985E+02   8.6216295E-33
   2.6098359E+02   3.7526945E-33
   2.6131733E+02  -2.3480996E-33
   2.6165106E+02  -9.0109635E-33
   2.6198480E+02  -1.5391500E-32
   2.6231854E+02  -2.0563159E-32
   2.6265228E+02  -2.3634259E-32
   2.6298602E+02  -2.3876751E-32
   2.6331976E+02  -2.0850499E-32
   2.6365350E+02  -1.4505182E-32
   2.6398723E+02  -5.2424962E-33
   2.6432097E+02   6.0754764E-33
   2.6465471E+02   1.8180448E-32
   2.6498845E+02   2.9515887E-32
   2.6532219E+02   3.8411259E-32
   2.6565593E+02   4.3296390E-32
   2.6598967E+02   4.2931781E-32
   2.6632340E+02   3.6625412E-32
   2.6665714E+02   2.4404246E-32
   2.6699088E+02   7.1105190E-33
   2.6732462E+02  -1.3600605E-32
   2.6765836E+02  -3.5375409E-32
   2.6799210E+02  -5.5387472E-32
   2.6832584E+02  -7.0659259E-32
   2.6865957E+02  -7.8448449E-32
   2.6899331E+02  -7.6654704E-32
   2.6932705E+02  -6.4194199E-32
   2.6966079E+02  -4.1286177E-32
   2.6999453E+02  -9.6005820E-33
   2.7032827E+02   2.7772018E-32
   2.7066201E+02   6.6547944E-32
   2.7099574E+02   1.0167086E-31
   2.7132948E+02   1.2789341E-31
   2.7166322E+02   1.4046283E-31
   2.7199696E+02   1.3583061E-31
   2.7233070E+02   1.1229362E-31
   2.7266444E+02   7.0470210E-32
   2.7299818E+02   1.3525520E-32
   2.7333192E+02  -5.2917758E-32
   2.7366565E+02  -1.2121215E-31
   2.7399939E+02  -1.8244794E-31
   2.7433313E+02  -2.2748552E-31
   2.7466687E+02  -2.4815335E-31
   2.7500061E+02  -2.3847136E-31
   2.7533435E+02  -1.9573839E-31
   2.7566809E+02  -1.2131987E-31
   2.7600182E+02  -2.0991096E-32
   2.7633556E+02   9.5265935E-32
   2.7666930E+02   2.1405599E-31
   2.7700304E+02   3.1992139E-31
   2.7733678E+02   3.9714086E-31
   2.7767052E+02   4.3179161E-31
   2.7800426E+02   4.1383194E-31
   2.7833799E+02   3.3892916E-31
   2.7867173E+02   2.0975502E-31
   2.7900547E+02   3.6511234E-32
   2.7933921E+02  -1.6348174E-31
   2.7967295E+02  -3.6719425E-31
   2.8000669E+02  -5.4823063E-31
   2.8034043E+02  -6.7990857E-31
   2.8067416E+02  -7.3875682E-31
   2.8100790E+02  -7.0801539E-31
   2.8134164E+02  -5.8067597E-31
   2.8167538E+02  -3.6159991E-31
   2.8200912E+02  -6.8323129E-32
   2.8234286E+02   2.6971868E-31
   2.8267660E+02   6.1363250E-31
   2.8301033E+02   9.1905471E-31
   2.8334407E+02   1.1413386E-30
   2.8367781E+02   1.2414003E-30
   2.8401155E+02   1.1915276E-30
   2.8434529E+02   9.8037987E-31
   2.8467903E+02   6.1641979E-31
   2.8501277E+02   1.2914307E-31
   2.8534650E+02  -4.3232143E-31
   2.8568024E+02  -1.0033593E-30
   2.8601398E+02  -1.5105438E-30
   2.8634772E+02  -1.8802474E-30
   2.8668146E+02  -2.0482810E-30
   2.8701520E+02  -1.9694089E-30
   2.8734894E+02  -1.6254743E-30
   2.8768267E+02  -1.0308978E-30
   2.8801641E+02  -2.3452805E-31
   2.8835015E+02   6.8282182E-31
   2.8868389E+02   1.6153164E-30
   2.8901763E+02   2.4431239E-30
   2.8935137E+02   3.0465295E-30
   2.8968511E+02   3.3216386E-30
   2.9001884E+02   3.1957749E-30
   2.9035258E+02   2.6405192E-30
   2.9068632E+02   1.6804017E-30
   2.9102006E+02   3.9562024E-31
   2.9135380E+02  -1.0822494E-30
   2.9168754E+02  -2.5817693E-30
   2.9202128E+02  -3.9096731E-30
   2.9235501E+02  -4.8737749E-30
   2.9268875E+02  -5.3082842E-30
   2.9302249E+02  -5.0984606E-30
   2.9335623E+02  -4.2012898E-30
   2.9368997E+02  -2.6590243E-30
   2.9402371E+02  -6.0302559E-31
   2.9435745E+02   1.7536948E-30
   2.9469119E+02   4.1354677E-30
   2.9502492E+02   6.2332911E-30
   2.9535866E+02   7.7417449E-30
   2.9569240E+02   8.3994793E-30
   2.9602614E+02   8.0283503E-30
   2.9635988E+02   6.5658774E-30
   2.9669362E+02   4.0860549E-30
   2.9702736E+02   8.0447072E-31
   2.9736109E+02  -2.9346286E-30
   2.9769483E+02  -6.6896138E-30
   2.9802857E+02  -9.9689519E-30
   2.9836231E+02  -1.2290423E-29
   2.9869605E+02  -1.3245541E-29
   2.9902979E+02  -1.2561267E-29
   2.9936353E+02  -1.0150606E-29
   2.9969726E+02  -6.1442070E-30
   3.0003100E+02  -8.9675793E-31
   3.0036474E+02   5.0354236E-30
   3.0069848E+02   1.0945718E-29
   3.0103222E+02   1.6053899E-29
   3.0136596E+02   1.9600761E-29
   3.0169970E+02   2.0950272E-29
   3.0203343E+02   1.9686489E-29
   3.0236717E+02   1.5692050E-29
   3.0270091E+02   9.1958626E-30
   3.0303465E+02   7.8040882E-31
   3.0336839E+02  -8.6565992E-30
   3.0370213E+02  -1.7986124E-29
   3.0403587E+02  -2.5971087E-29
   3.0436960E+02  -3.1417087E-29
   3.0470334E+02  -3.3333680E-29
   3.0503708E+02  -3.1086152E-29
   3.0537082E+02  -2.4516932E-29
   3.0570456E+02  -1.4017336E-29
   3.0603830E+02  -5.3514446E-31
   3.0637204E+02   1.4489991E-29
   3.0670577E+02   2.9262318E-29
   3.0703951E+02   4.1826826E-29
   3.0737325E+02   5.0307637E-29
   3.0770699E+02   5.3161348E-29
   3.0804073E+02   4.9413470E-29
   3.0837447E+02   3.8845541E-29
   3.0870821E+02   2.2103028E-29
   3.0904194E+02   7.0193300E-31
   3.0937568E+02  -2.3077546E-29
   3.0970942E+02  -4.6407885E-29
   3.1004316E+02  -6.6224871E-29
   3.1037690E+02  -7.9601122E-29
   3.1071064E+02  -8.4139979E-29
   3.1104438E+02  -7.8340968E-29
   3.1137811E+02  -6.1885684E-29
   3.1171185E+02  -3.5799372E-29
   3.1204559E+02  -2.4540613E-30
   3.1237933E+02   3.4602657E-29
   3.1271307E+02   7.0988731E-29
   3.1304681E+02   1.0197091E-28
   3.1338055E+02   1.2304165E-28
   3.1371429E+02   1.3052367E-28
   3.1404802E+02   1.2212623E-28
   3.1438176E+02   9.7376390E-29
   3.1471550E+02   5.7856284E-29
   3.1504924E+02   7.1974003E-30
   3.1538298E+02  -4.9191332E-29
   3.1571672E+02  -1.0465172E-28
   3.1605046E+02  -1.5201656E-28
   3.1638419E+02  -1.8448613E-28
   3.1671793E+02  -1.9653945E-28
   3.1705167E+02  -1.8476550E-28
   3.1738541E+02  -1.4849832E-28
   3.1771915E+02  -9.0155194E-29
   3.1805289E+02  -1.5206722E-29
   3.1838663E+02   6.8252357E-29
   3.1872036E+02   1.5031124E-28
   3.1905410E+02   2.2036023E-28
   3.1938784E+02   2.6839933E-28
   3.1972158E+02   2.8638482E-28
   3.2005532E+02   2.6944162E-28
   3.2038906E+02   2.1677170E-28
   3.2072280E+02   1.3211211E-28
   3.2105653E+02   2.3643151E-29
   3.2139027E+02  -9.6689772E-29
   3.2172401E+02  -2.1440381E-28
   3.2205775E+02  -3.1414265E-28
   3.2239149E+02  -3.8159808E-28
   3.2272523E+02  -4.0545794E-28
   3.2305897E+02  -3.7912932E-28
   3.2339270E+02  -3.0198967E-28
   3.2372644E+02  -1.7996260E-28
   3.2406018E+02  -2.5284677E-29
   3.2439392E+02   1.4457535E-28
   3.2472766E+02   3.0877246E-28
   3.2506140E+02   4.4553924E-28
   3.2539514E+02   5.3496181E-28
   3.2572887E+02   5.6174051E-28
   3.2606261E+02   5.1756777E-28
   3.2639635E+02   4.0277813E-28
   3.2673009E+02   2.2699054E-28
   3.2706383E+02   8.5773156E-30
   3.2739757E+02  -2.2706822E-28
   3.2773131E+02  -4.5033225E-28
   3.2806504E+02  -6.3096373E-28
   3.2839878E+02  -7.4202864E-28
   3.2873252E+02  -7.6373676E-28
   3.2906626E+02  -6.8662157E-28
   3.2940000E+02  -5.1359698E-28
   3.2973374E+02  -2.6052483E-28
   3.3006748E+02   4.4901149E-29
   3.3040121E+02   3.6594171E-28
   3.3073495E+02   6.6102706E-28
   3.3106869E+02   8.8895091E-28
   3.3140243E+02   1.0144219E-27
   3.3173617E+02   1.0132554E-27
   3.3206991E+02   8.7647656E-28
   3.3240365E+02   6.1269556E-28
   3.3273739E+02   2.4829587E-28
   3.3307112E+02  -1.7476520E-28
   3.3340486E+02  -6.0343439E-28
   3.3373860E+02  -9.7989967E-28
   3.3407234E+02  -1.2490711E-27
   3.3440608E+02  -1.3662875E-27
   3.3473982E+02  -1.3042174E-27
   3.3507356E+02  -1.0579503E-27
   3.3540729E+02  -6.4744695E-28
   3.3574103E+02  -1.1678885E-28
   3.3607477E+02   4.6991940E-28
   3.3640851E+02   1.0357168E-27
   3.3674225E+02   1.5002944E-27
   3.3707599E+02   1.7907420E-27
   3.3740973E+02   1.8521730E-27
   3.3774346E+02   1.6567631E-27
   3.3807720E+02   1.2098496E-27
   3.3841094E+02   5.5200802E-28
   3.3874468E+02  -2.4350693E-28
   3.3907842E+02  -1.0779940E-27
   3.3941216E+02  -1.8386233E-27
   3.3974590E+02  -2.4126402E-27
   3.4007963E+02  -2.7027702E-27
   3.4041337E+02  -2.6418424E-27
   3.4074711E+02  -2.2045827E-27
   3.4108085E+02  -1.4147507E-27
   3.4141459E+02  -3.4626145E-28
   3.4174833E+02   8.8234766E-28
   3.4208207E+02   2.1199312E-27
   3.4241580E+02   3.2001393E-27
   3.4274954E+02   3.9623374E-27
   3.4308328E+02   4.2735330E-27
   3.4341702E+02   4.0484527E-27
   3.4375076E+02   3.2649759E-27
   3.4408450E+02   1.9724685E-27
   3.4441824E+02   2.9137644E-28
   3.4475197E+02  -1.5965840E-27
   3.4508571E+02  -3.4670656E-27
   3.4541945E+02  -5.0787905E-27
   3.4575319E+02  -6.2034804E-27
   3.4608693E+02  -6.6564045E-27
   3.4642067E+02  -6.3235868E-27
   3.4675441E+02  -5.1818774E-27
   3.4708814E+02  -3.3087434E-27
   3.4742188E+02  -8.7976047E-28
   3.4775562E+02   1.8467322E-27
   3.4808936E+02   4.5567079E-27
   3.4842310E+02   6.9165568E-27
   3.4875684E+02   8.6141207E-27
   3.4909058E+02   9.3996921E-27
   3.4942431E+02   9.1216033E-27
   3.4975805E+02   7.7515090E-27
   3.5009179E+02   5.3953606E-27
   3.5042553E+02   2.2878072E-27
   3.5075927E+02  -1.2303075E-27
   3.5109301E+02  -4.7494311E-27
   3.5142675E+02  -7.8398137E-27
   3.5176048E+02  -1.0105378E-26
   3.5209422E+02  -1.1236232E-26
   3.5242796E+02  -1.1052902E-26
   3.5276170E+02  -9.5360095E-27
   3.5309544E+02  -6.8366430E-27
   3.5342918E+02  -3.2649759E-27
   3.5376292E+02   7.4267441E-28
   3.5409666E+02   4.6752442E-27
   3.5443039E+02   8.0110874E-27
   3.5476413E+02   1.0287165E-26
   3.5509787E+02   1.1164408E-26
   3.5543161E+02   1.0480324E-26
   3.5576535E+02   8.2810812E-27
   3.5609909E+02   4.8274636E-27
   3.5643283E+02   5.7227675E-28
   3.5676656E+02  -3.8897483E-27
   3.5710030E+02  -7.8947027E-27
   3.5743404E+02  -1.0796766E-26
   3.5776778E+02  -1.2059485E-26
   3.5810152E+02  -1.1339188E-26
   3.5843526E+02  -8.5489457E-27
   3.5876900E+02  -3.8931757E-27
   3.5910273E+02   2.1339281E-27
   3.5943647E+02   8.7887733E-27
   3.5977021E+02   1.5155385E-26
   3.6010395E+02   2.0252044E-26
   3.6043769E+02   2.3156254E-26
   3.6077143E+02   2.3133542E-26
   3.6110517E+02   1.9754089E-26
   3.6143890E+02   1.2981332E-26
   3.6177264E+02   3.2191696E-27
   3.6210638E+02  -8.6916949E-27
   3.6244012E+02  -2.1532163E-26
   3.6277386E+02  -3.3815435E-26
   3.6310760E+02  -4.3941035E-26
   3.6344134E+02  -5.0377274E-26
   3.6377507E+02  -5.1852783E-26
   3.6410881E+02  -4.7535150E-26
   3.6444255E+02  -3.7174639E-26
   3.6477629E+02  -2.1193026E-26
   3.6511003E+02  -7.0308692E-28
   3.6544377E+02   2.2549913E-26
   3.6577751E+02   4.6323700E-26
   3.6611124E+02   6.8083146E-26
   3.6644498E+02   8.5255156E-26
   3.6677872E+02   9.5509892E-26
   3.6711246E+02   9.7039358E-26
   3.6744620E+02   8.8801801E-26
   3.6777994E+02   7.0702558E-26
   3.6811368E+02   4.3686223E-26
   3.6844741E+02   9.7231128E-27
   3.6878115E+02  -2.8316587E-26
   3.6911489E+02  -6.6896224E-26
   3.6944863E+02  -1.0213631E-25
   3.6978237E+02  -1.3020031E-25
   3.7011611E+02  -1.4770523E-25
   3.7044985E+02  -1.5211435E-25
   3.7078358E+02  -1.4206841E-25
   3.7111732E+02  -1.1761371E-25
   3.7145106E+02  -8.0295286E-26
   3.7178480E+02  -3.3094459E-26
   3.7211854E+02   1.9794147E-26
   3.7245228E+02   7.3333872E-26
   3.7278602E+02   1.2213450E-25
   3.7311976E+02   1.6101435E-25
   3.7345349E+02   1.8557669E-25
   3.7378723E+02   1.9273817E-25
   3.7412097E+02   1.8114490E-25
   3.7445471E+02   1.5142082E-25
   3.7478845E+02   1.0620702E-25
   3.7512219E+02   4.9970856E-26
   3.7545593E+02  -1.1409061E-26
   3.7578966E+02  -7.1251797E-26
   3.7612340E+02  -1.2281864E-25
   3.7645714E+02  -1.6011537E-25
   3.7679088E+02  -1.7865826E-25
   3.7712462E+02  -1.7610934E-25
   3.7745836E+02  -1.5268966E-25
   3.7779210E+02  -1.1130185E-25
   3.7812583E+02  -5.7321203E-26
   3.7845957E+02   1.9467916E-27
   3.7879331E+02   5.8103242E-26
   3.7912705E+02   1.0270539E-25
   3.7946079E+02   1.2841313E-25
   3.7979453E+02   1.3009311E-25
   3.8012827E+02   1.0572889E-25
   3.8046200E+02   5.7001918E-26
   3.8079574E+02  -1.0570362E-26
   3.8112948E+02  -8.8001748E-26
   3.8146322E+02  -1.6371457E-25
   3.8179696E+02  -2.2486507E-25
   3.8213070E+02  -2.5899053E-25
   3.8246444E+02  -2.5579426E-25
   3.8279817E+02  -2.0884710E-25
   3.8313191E+02  -1.1697377E-25
   3.8346565E+02   1.4895749E-26
   3.8379939E+02   1.7557867E-25
   3.8413313E+02   3.4829368E-25
   3.8446687E+02   5.1212105E-25
   3.8480061E+02   6.4416745E-25
   3.8513434E+02   7.2223100E-25
   3.8546808E+02   7.2768755E-25
   3.8580182E+02   6.4824817E-25
   3.8613556E+02   4.8023042E-25
   3.8646930E+02   2.3001752E-25
   3.8680304E+02  -8.5561974E-26
   3.8713678E+02  -4.4007572E-25
   3.8747051E+02  -7.9955135E-25
   3.8780425E+02  -1.1256220E-24
   3.8813799E+02  -1.3794570E-24
   3.8847173E+02  -1.5260624E-24
   3.8880547E+02  -1.5384677E-24
   3.8913921E+02  -1.4012879E-24
   3.8947295E+02  -1.1132149E-24
   3.8980668E+02  -6.8807584E-25
   3.9014042E+02  -1.5428039E-25
   3.9047416E+02   4.4734034E-25
   3.9080790E+02   1.0670921E-24
   3.9114164E+02   1.6509867E-24
   3.9147538E+02   2.1457880E-24
   3.9180912E+02   2.5039451E-24
   3.9214285E+02   2.6878361E-24
   3.9247659E+02   2.6728256E-24
   3.9281033E+02   2.4488727E-24
   3.9314407E+02   2.0205712E-24
   3.9347781E+02   1.4058331E-24
   3.9381155E+02   6.3359070E-25
   3.9414529E+02  -2.5889843E-25
   3.9447903E+02  -1.2285494E-24
   3.9481276E+02  -2.2281812E-24
   3.9514650E+02  -3.2071053E-24
   3.9548024E+02  -4.1105404E-24
   3.9581398E+02  -4.8781435E-24
   3.9614772E+02  -5.4423849E-24
   3.9648146E+02  -5.7277743E-24
   3.9681520E+02  -5.6521789E-24
   3.9714893E+02  -5.1313375E-24
   3.9748267E+02  -4.0875017E-24
   3.9781641E+02  -2.4623924E-24
   3.9815015E+02  -2.3398482E-25
   3.9848389E+02   2.5645123E-24
   3.9881763E+02   5.8260060E-24
   3.9915137E+02   9.3546857E-24
   3.9948510E+02   1.2858957E-23
   3.9981884E+02   1.5956148E-23
   4.0015258E+02   1.8192278E-23
   4.0048632E+02   1.9078825E-23
   4.0082006E+02   1.8146272E-23
   4.0115380E+02   1.5011521E-23
   4.0148754E+02   9.4534748E-24
   4.0182127E+02   1.4880220E-24
   4.0215501E+02  -8.5684391E-24
   4.0248875E+02  -2.0058966E-23
   4.0282249E+02  -3.1981469E-23
   4.0315623E+02  -4.3029100E-23
   4.0348997E+02  -5.1681610E-23
   4.0382371E+02  -5.6347331E-23
   4.0415744E+02  -5.5549130E-23
   4.0449118E+02  -4.8139126E-23
   4.0482492E+02  -3.3520530E-23
   4.0515866E+02  -1.1848322E-23
   4.0549240E+02   1.5822152E-23
   4.0582614E+02   4.7469907E-23
   4.0615988E+02   8.0152610E-23
   4.0649361E+02   1.1017812E-22
   4.0682735E+02   1.3340721E-22
   4.0716109E+02   1.4567620E-22
   4.0749483E+02   1.4330860E-22
   4.0782857E+02   1.2366919E-22
   4.0816231E+02   8.5697665E-23
   4.0849605E+02   3.0350407E-23
   4.0882978E+02  -3.9123292E-23
   4.0916352E+02  -1.1713731E-22
   4.0949726E+02  -1.9600683E-22
   4.0983100E+02  -2.6649180E-22
   4.1016474E+02  -3.1863528E-22
   4.1049848E+02  -3.4284645E-22
   4.1083222E+02  -3.3113932E-22
   4.1116595E+02  -2.7840116E-22
   4.1149969E+02  -1.8353921E-22
   4.1183343E+02  -5.0341102E-23
   4.1216717E+02   1.1210871E-22
   4.1250091E+02   2.8958857E-22
   4.1283465E+02   4.6355784E-22
   4.1316839E+02   6.1265074E-22
   4.1350213E+02   7.1478093E-22
   4.1383586E+02   7.4970493E-22
   4.1416960E+02   7.0180883E-22
   4.1450334E+02   5.6281320E-22
   4.1483708E+02   3.3404662E-22
   4.1517082E+02   2.7933350E-23
   4.1550456E+02  -3.3162809E-22
   4.1583830E+02  -7.1023321E-22
   4.1617203E+02  -1.0653997E-21
   4.1650577E+02  -1.3504069E-21
   4.1683951E+02  -1.5193113E-21
   4.1717325E+02  -1.5327205E-21
   4.1750699E+02  -1.3637326E-21
   4.1784073E+02  -1.0033372E-21
   4.1817447E+02  -4.6451255E-22
   4.1850820E+02   2.1571279E-22
   4.1884194E+02   9.7682992E-22
   4.1917568E+02   1.7384307E-21
   4.1950942E+02   2.4068553E-21
   4.1984316E+02   2.8846019E-21
   4.2017690E+02   3.0817894E-21
   4.2051064E+02   2.9285916E-21
   4.2084437E+02   2.3872675E-21
   4.2117811E+02   1.4622150E-21
   4.2151185E+02   2.0647269E-22
   4.2184559E+02  -1.2767434E-21
   4.2217933E+02  -2.8384929E-21
   4.2251307E+02  -4.2950279E-21
   4.2284681E+02  -5.4449035E-21
   4.2318054E+02  -6.0912312E-21
   4.2351428E+02  -6.0671775E-21
   4.2384802E+02  -5.2621034E-21
   4.2418176E+02  -3.6451927E-21
   4.2451550E+02  -1.2831973E-21
   4.2484924E+02   1.6509699E-21
   4.2518298E+02   4.8814727E-21
   4.2551671E+02   8.0463219E-21
   4.2585045E+02   1.0728009E-20
   4.2618419E+02   1.2496635E-20
   4.2651793E+02   1.2962363E-20
   4.2685167E+02   1.1832261E-20
   4.2718541E+02   8.9651313E-21
   4.2751915E+02   4.4169700E-21
   4.2785288E+02  -1.5304808E-21
   4.2818662E+02  -8.3648793E-21
   4.2852036E+02  -1.5367180E-20
   4.2885410E+02  -2.1666581E-20
   4.2918784E+02  -2.6325185E-20
   4.2952158E+02  -2.8447019E-20
   4.2985532E+02  -2.7301694E-20
   4.3018905E+02  -2.2449378E-20
   4.3052279E+02  -1.3850797E-20
   4.3085653E+02  -1.9450793E-21
   4.3119027E+02   1.2320934E-20
   4.3152401E+02   2.7524910E-20
   4.3185775E+02   4.1869963E-20
   4.3219149E+02   5.3353679E-20
   4.3252522E+02   5.9995306E-20
   4.3285896E+02   6.0101418E-20
   4.3319270E+02   5.2541365E-20
   4.3352644E+02   3.6997262E-20
   4.3386018E+02   1.4149858E-20
   4.3419392E+02  -1.4236618E-20
   4.3452766E+02  -4.5360633E-20
   4.3486140E+02  -7.5578213E-20
   4.3519513E+02  -1.0074677E-19
   4.3552887E+02  -1.1669793E-19
   4.3586261E+02  -1.1979749E-19
   4.3619635E+02  -1.0753145E-19
   4.3653009E+02  -7.9042000E-20
   4.3686383E+02  -3.5530374E-20
   4.3719757E+02   1.9552585E-20
   4.3753130E+02   8.0592226E-20
   4.3786504E+02   1.4020934E-19
   4.3819878E+02   1.8997276E-19
   4.3853252E+02   2.2138132E-19
   4.3886626E+02   2.2702652E-19
   4.3920000E+02   2.0180525E-19
   4.3953374E+02   1.4402397E-19
   4.3986747E+02   5.6221308E-20
   4.4020121E+02  -5.4452440E-20
   4.4053495E+02  -1.7642801E-19
   4.4086869E+02  -2.9455219E-19
   4.4120243E+02  -3.9155845E-19
   4.4153617E+02  -4.5007636E-19
   4.4186991E+02  -4.5499204E-19
   4.4220364E+02  -3.9589301E-19
   4.4253738E+02  -2.6927314E-19
   4.4287112E+02  -8.0156354E-20
   4.4320486E+02   1.5717838E-19
   4.4353860E+02   4.1961546E-19
   4.4387234E+02   6.7688815E-19
   4.4420608E+02   8.9450329E-19
   4.4453981E+02   1.0376997E-18
   4.4487355E+02   1.0760643E-18
   4.4520729E+02   9.8827983E-19
   4.4554103E+02   7.6638656E-19
   4.4587477E+02   4.1890773E-19
   4.4620851E+02  -2.7744349E-20
   4.4654225E+02  -5.3002311E-19
   4.4687598E+02  -1.0303709E-18
   4.4720972E+02  -1.4626321E-18
   4.4754346E+02  -1.7593577E-18
   4.4787720E+02  -1.8602967E-18
   4.4821094E+02  -1.7211166E-18
   4.4854468E+02  -1.3212353E-18
   4.4887842E+02  -6.6962194E-19
   4.4921215E+02   1.9246469E-19
   4.4954589E+02   1.1925457E-18
   4.4987963E+02   2.2321543E-18
   4.5021337E+02   3.1960704E-18
   4.5054711E+02   3.9648562E-18
   4.5088085E+02   4.4294707E-18
   4.5121459E+02   4.5063096E-18
   4.5154832E+02   4.1507774E-18
   4.5188206E+02   3.3674407E-18
   4.5221580E+02   2.2150288E-18
   4.5254954E+02   8.0499594E-19
   4.5288328E+02  -7.0695642E-19
   4.5321702E+02  -2.1361871E-18
   4.5355076E+02  -3.2901572E-18
   4.5388450E+02  -3.9932566E-18
   4.5421823E+02  -4.1127883E-18
   4.5455197E+02  -3.5830358E-18
   4.5488571E+02  -2.4242840E-18
   4.5521945E+02  -7.5393046E-19
   4.5555319E+02   1.2123550E-18
   4.5588693E+02   3.1704853E-18
   4.5622067E+02   4.7484320E-18
   4.5655440E+02   5.5354951E-18
   4.5688814E+02   5.1171787E-18
   4.5722188E+02   3.1113408E-18
   4.5755562E+02  -7.9937721E-19
   4.5788936E+02  -6.8437566E-18
   4.5822310E+02  -1.5151338E-17
   4.5855684E+02  -2.5757934E-17
   4.5889057E+02  -3.8628600E-17
   4.5922431E+02  -5.3697511E-17
   4.5955805E+02  -7.0921592E-17
   4.5989179E+02  -9.0343568E-17
   4.6022553E+02  -1.1215787E-16
   4.6055927E+02  -1.3677287E-16
   4.6089301E+02  -1.6486255E-16
   4.6122674E+02  -1.9740195E-16
   4.6156048E+02  -2.3568141E-16
   4.6189422E+02  -2.8129832E-16
   4.6222796E+02  -3.3612467E-16
   4.6256170E+02  -4.0225346E-16
   4.6289544E+02  -4.8192691E-16
   4.6322918E+02  -5.7744999E-16
   4.6356291E+02  -6.9109990E-16
   4.6389665E+02  -8.2502968E-16
   4.6423039E+02  -9.8117364E-16
   4.6456413E+02  -1.1611576E-15
   4.6489787E+02  -1.3662023E-15
   4.6523161E+02  -1.5970216E-15
   4.6556535E+02  -1.8536907E-15
   4.6589908E+02  -2.1354677E-15
   4.6623282E+02  -2.4405406E-15
   4.6656656E+02  -2.7656674E-15
   4.6690030E+02  -3.1056768E-15
   4.6723404E+02  -3.4527934E-15
   4.6756778E+02  -3.7957397E-15
   4.6790152E+02  -4.1185851E-15
   4.6823525E+02  -4.3992829E-15
   4.6856899E+02  -4.6078270E-15
   4.6890273E+02  -4.7039886E-15
   4.6923647E+02  -4.6345285E-15
   4.6957021E+02  -4.3297876E-15
   4.6990395E+02  -3.6995917E-15
   4.7023769E+02  -2.6282678E-15
   4.7057142E+02  -9.6868996E-16
   4.7090516E+02   1.4649157E-15
   4.7123890E+02   4.9055761E-15
   4.7157264E+02   9.6440376E-15
   4.7190638E+02   1.6041146E-14
   4.7224012E+02   2.4542990E-14
   4.7257386E+02   3.5699064E-14
   4.7290760E+02   5.0183795E-14
   4.7324133E+02   6.8822606E-14
   4.7357507E+02   9.2622775E-14
   4.7390881E+02   1.2281030E-13
   4.7424255E+02   1.6087311E-13
   4.7457629E+02   2.0861270E-13
   4.7491003E+02   2.6820424E-13
   4.7524377E+02   3.4226750E-13
   4.7557750E+02   4.3394981E-13
   4.7591124E+02   5.4702320E-13
   4.7624498E+02   6.8599727E-13
   4.7657872E+02   8.5625148E-13
   4.7691246E+02   1.0641894E-12
   4.7724620E+02   1.3174182E-12
   4.7757994E+02   1.6249566E-12
   4.7791367E+02   1.9974771E-12
   4.7824741E+02   2.4475858E-12
   4.7858115E+02   2.9901461E-12
   4.7891489E+02   3.6426517E-12
   4.7924863E+02   4.4256582E-12
   4.7958237E+02   5.3632775E-12
   4.7991611E+02   6.4837406E-12
   4.8024984E+02   7.8200588E-12
   4.8058358E+02   9.4107526E-12
   4.8091732E+02   1.1300702E-11
   4.8125106E+02   1.3542108E-11
   4.8158480E+02   1.6195599E-11
   4.8191854E+02   1.9331472E-11
   4.8225228E+02   2.3031079E-11
   4.8258601E+02   2.7388449E-11
   4.8291975E+02   3.2512069E-11
   4.8325349E+02   3.8526907E-11
   4.8358723E+02   4.5576681E-11
   4.8392097E+02   5.3826416E-11
   4.8425471E+02   6.3465296E-11
   4.8458845E+02   7.4709891E-11
   4.8492218E+02   8.7807601E-11
   4.8525592E+02   1.0304080E-10
   4.8558966E+02   1.2073106E-10
   4.8592340E+02   1.4124427E-10
   4.8625714E+02   1.6499571E-10
   4.8659088E+02   1.9245634E-10
   4.8692462E+02   2.2415927E-10
   4.8725835E+02   2.6070665E-10
   4.8759209E+02   3.0277814E-10
   4.8792583E+02   3.5113892E-10
   4.8825957E+02   4.0664966E-10
   4.8859331E+02   4.7027632E-10
   4.8892705E+02   5.4310145E-10
   4.8926079E+02   6.2633609E-10
   4.8959452E+02   7.2133322E-10
   4.8992826E+02   8.2960105E-10
   4.9026200E+02   9.5281782E-10
   4.9059574E+02   1.0928496E-09
   4.9092948E+02   1.2517644E-09
   4.9126322E+02   1.4318526E-09
   4.9159696E+02   1.6356450E-09
   4.9193069E+02   1.8659339E-09
   4.9226443E+02   2.1257933E-09
   4.9259817E+02   2.4186013E-09
   4.9293191E+02   2.7480642E-09
   4.9326565E+02   3.1182372E-09
   4.9359939E+02   3.5335543E-09
   4.9393313E+02   3.9988493E-09
   4.9426687E+02   4.5193813E-09
   4.9460060E+02   5.1008637E-09
   4.9493434E+02   5.7494858E-09
   4.9526808E+02   6.4719434E-09
   4.9560182E+02   7.2754580E-09
   4.9593556E+02   8.1678069E-09
   4.9626930E+02   9.1573416E-09
   4.9660304E+02   1.0253018E-08
   4.9693677E+02   1.1464395E-08
   4.9727051E+02   1.2801684E-08
   4.9760425E+02   1.4275733E-08
   4.9793799E+02   1.5898056E-08
   4.9827173E+02   1.7680829E-08
   4.9860547E+02   1.9636895E-08
   4.9893921E+02   2.1779767E-08
   4.9927294E+02   2.4123604E-08
   4.9960668E+02   2.6683225E-08
   4.9994042E+02   2.9474039E-08
   5.0027416E+02   3.2512048E-08
   5.0060790E+02   3.5813798E-08
   5.0094164E+02   3.9396316E-08
   5.0127538E+02   4.3277076E-08
   5.0160911E+02   4.7473893E-08
   5.0194285E+02   5.2004857E-08
   5.0227659E+02   5.6888236E-08
   5.0261033E+02   6.2142341E-08
   5.0294407E+02   6.7785436E-08
   5.0327781E+02   7.3835622E-08
   5.0361155E+02   8.0310556E-08
   5.0394528E+02   8.7227448E-08
   5.0427902E+02   9.4602726E-08
   5.0461276E+02   1.0245196E-07
   5.0494650E+02   1.1078956E-07
   5.0528024E+02   1.1962862E-07
   5.0561398E+02   1.2898053E-07
   5.0594772E+02   1.3885493E-07
   5.0628145E+02   1.4925922E-07
   5.0661519E+02   1.6019843E-07
   5.0694893E+02   1.7167480E-07
   5.0728267E+02   1.8368758E-07
   5.0761641E+02   1.9623266E-07
   5.0795015E+02   2.0930219E-07
   5.0828389E+02   2.2288435E-07
   5.0861762E+02   2.3696305E-07
   5.0895136E+02   2.5151749E-07
   5.0928510E+02   2.6652179E-07
   5.0961884E+02   2.8194498E-07
   5.0995258E+02   2.9775020E-07
   5.1028632E+02   3.1389504E-07
   5.1062006E+02   3.3033072E-07
   5.1095379E+02   3.4700201E-07
   5.1128753E+02   3.6384728E-07
   5.1162127E+02   3.8079773E-07
   5.1195501E+02   3.9777800E-07
   5.1228875E+02   4.1470523E-07
   5.1262249E+02   4.3148987E-07
   5.1295623E+02   4.4803460E-07
   5.1328997E+02   4.6423537E-07
   5.1362370E+02   4.7998083E-07
   5.1395744E+02   4.9515313E-07
   5.1429118E+02   5.0962717E-07
   5.1462492E+02   5.2327169E-07
   5.1495866E+02   5.3594960E-07
   5.1529240E+02   5.4751746E-07
   5.1562614E+02   5.5782732E-07
   5.1595987E+02   5.6672638E-07
   5.1629361E+02   5.7405805E-07
   5.1662735E+02   5.7966230E-07
   5.1696109E+02   5.8337702E-07
   5.1729483E+02   5.8503826E-07
   5.1762857E+02   5.8448182E-07
   5.1796231E+02   5.8154365E-07
   5.1829604E+02   5.7606132E-07
   5.1862978E+02   5.6787542E-07
   5.1896352E+02   5.5683000E-07
   5.1929726E+02   5.4277473E-07
   5.1963100E+02   5.2556516E-07
   5.1996474E+02   5.0506515E-07
   5.2029848E+02   4.8114765E-07
   5.2063221E+02   4.5369580E-07
   5.2096595E+02   4.2260513E-07
   5.2129969E+02   3.8778421E-07
   5.2163343E+02   3.4915655E-07
   5.2196717E+02   3.0666126E-07
   5.2230091E+02   2.6025543E-07
   5.2263465E+02   2.0991375E-07
   5.2296838E+02   1.5563160E-07
   5.2330212E+02   9.7424561E-08
   5.2363586E+02   3.5330302E-08
   5.2396960E+02  -3.0590751E-08
   5.2430334E+02  -1.0025492E-07
   5.2463708E+02  -1.7355413E-07
   5.2497082E+02  -2.5035578E-07
   5.2530455E+02  -3.3050219E-07
   5.2563829E+02  -4.1381043E-07
   5.2597203E+02  -5.0007236E-07
   5.2630577E+02  -5.8905482E-07
   5.2663951E+02  -6.8049962E-07
   5.2697325E+02  -7.7412471E-07
   5.2730699E+02  -8.6962416E-07
   5.2764072E+02  -9.6666952E-07
   5.2797446E+02  -1.0649113E-06
   5.2830820E+02  -1.1639791E-06
   5.2864194E+02  -1.2634844E-06
   5.2897568E+02  -1.3630217E-06
   5.2930942E+02  -1.4621701E-06
   5.2964316E+02  -1.5604960E-06
   5.2997689E+02  -1.6575543E-06
   5.3031063E+02  -1.7528923E-06
   5.3064437E+02  -1.8460501E-06
   5.3097811E+02  -1.9365657E-06
   5.3131185E+02  -2.0239747E-06
   5.3164559E+02  -2.1078174E-06
   5.3197933E+02  -2.1876367E-06
   5.3231306E+02  -2.2629843E-06
   5.3264680E+02  -2.3334226E-06
   5.3298054E+02  -2.3985281E-06
   5.3331428E+02  -2.4578940E-06
   5.3364802E+02  -2.5111331E-06
   5.3398176E+02  -2.5578802E-06
   5.3431550E+02  -2.5977956E-06
   5.3464924E+02  -2.6305684E-06
   5.3498297E+02  -2.6559155E-06
   5.3531671E+02  -2.6735888E-06
   5.3565045E+02  -2.6833727E-06
   5.3598419E+02  -2.6850910E-06
   5.3631793E+02  -2.6786029E-06
   5.3665167E+02  -2.6638088E-06
   5.3698541E+02  -2.6406515E-06
   5.3731914E+02  -2.6091136E-06
   5.3765288E+02  -2.5692211E-06
   5.3798662E+02  -2.5210438E-06
   5.3832036E+02  -2.4646931E-06
   5.3865410E+02  -2.4003257E-06
   5.3898784E+02  -2.3281391E-06
   5.3932158E+02  -2.2483730E-06
   5.3965531E+02  -2.1613080E-06
   5.3998905E+02  -2.0672624E-06
   5.4032279E+02  -1.9665945E-06
   5.4065653E+02  -1.8596961E-06
   5.4099027E+02  -1.7469939E-06
   5.4132401E+02  -1.6289445E-06
   5.4165775E+02  -1.5060334E-06
   5.4199148E+02  -1.3787719E-06
   5.4232522E+02  -1.2476924E-06
   5.4265896E+02  -1.1133478E-06
   5.4299270E+02  -9.7630561E-07
   5.4332644E+02  -8.3714667E-07
   5.4366018E+02  -6.9645967E-07
   5.4399392E+02  -5.5483844E-07
   5.4432765E+02  -4.1287899E-07
   5.4466139E+02  -2.7117471E-07
   5.4499513E+02  -1.3031290E-07
   5.4532887E+02   9.1281720E-09
   5.4566261E+02   1.4658325E-07
   5.4599635E+02   2.8150276E-07
   5.4633009E+02   4.1335755E-07
   5.4666382E+02   5.4164002E-07
   5.4699756E+02   6.6586819E-07
   5.4733130E+02   7.8558821E-07
   5.4766504E+02   9.0037707E-07
   5.4799878E+02   1.0098435E-06
   5.4833252E+02   1.1136317E-06
   5.4866626E+02   1.2114216E-06
   5.4899999E+02   1.3029313E-06
   5.4933373E+02   1.3879173E-06
   5.4966747E+02   1.4661757E-06
   5.5000121E+02   1.5375429E-06
   5.5033495E+02   1.6018955E-06
   5.5066869E+02   1.6591507E-06
   5.5100243E+02   1.7092650E-06
   5.5133616E+02   1.7522351E-06
   5.5166990E+02   1.7880948E-06
   5.5200364E+02   1.8169162E-06
   5.5233738E+02   1.8388066E-06
   5.5267112E+02   1.8539073E-06
   5.5300486E+02   1.8623921E-06
   5.5333860E+02   1.8644650E-06
   5.5367234E+02   1.8603590E-06
   5.5400607E+02   1.8503310E-06
   5.5433981E+02   1.8346627E-06
   5.5467355E+02   1.8136560E-06
   5.5500729E+02   1.7876307E-06
   5.5534103E+02   1.7569222E-06
   5.5567477E+02   1.7218782E-06
   5.5600851E+02   1.6828581E-06
   5.5634224E+02   1.6402269E-06
   5.5667598E+02   1.5943543E-06
   5.5700972E+02   1.5456125E-06
   5.5734346E+02   1.4943735E-06
   5.5767720E+02   1.4410059E-06
   5.5801094E+02   1.3858731E-06
   5.5834468E+02   1.3293317E-06
   5.5867841E+02   1.2717284E-06
   5.5901215E+02   1.2133984E-06
   5.5934589E+02   1.1546642E-06
   5.5967963E+02   1.0958346E-06
   5.6001337E+02   1.0372012E-06
   5.6034711E+02   9.7903899E-07
   5.6068085E+02   9.2160542E-07
   5.6101458E+02   8.6513887E-07
   5.6134832E+02   8.0985808E-07
   5.6168206E+02   7.5596211E-07
   5.6201580E+02   7.0362944E-07
   5.6234954E+02   6.5301901E-07
   5.6268328E+02   6.0426930E-07
   5.6301702E+02   5.5749797E-07
   5.6335075E+02   5.1280426E-07
   5.6368449E+02   4.7026765E-07
   5.6401823E+02   4.2994918E-07
   5.6435197E+02   3.9189192E-07
   5.6468571E+02   3.5612192E-07
   5.6501945E+02   3.2264936E-07
   5.6535319E+02   2.9146861E-07
   5.6568692E+02   2.6256063E-07
   5.6602066E+02   2.3589271E-07
   5.6635440E+02   2.1142048E-07
   5.6668814E+02   1.8908815E-07
   5.6702188E+02   1.6883060E-07
   5.6735562E+02   1.5057370E-07
   5.6768936E+02   1.3423588E-07
   5.6802309E+02   1.1972894E-07
   5.6835683E+02   1.0695931E-07
   5.6869057E+02   9.5828923E-08
   5.6902431E+02   8.6236341E-08
   5.6935805E+02   7.8077491E-08
   5.6969179E+02   7.1246774E-08
   5.7002553E+02   6.5637650E-08
   5.7035926E+02   6.1143560E-08
   5.7069300E+02   5.7658589E-08
   5.7102674E+02   5.5078090E-08
   5.7136048E+02   5.3299374E-08
   5.7169422E+02   5.2222084E-08
   5.7202796E+02   5.1748898E-08
   5.7236170E+02   5.1785911E-08
   5.7269543E+02   5.2242733E-08
   5.7302917E+02   5.3033354E-08
   5.7336291E+02   5.4075826E-08
   5.7369665E+02   5.5293022E-08
   5.7403039E+02   5.6612485E-08
   5.7436413E+02   5.7966858E-08
   5.7469787E+02   5.9293740E-08
   5.7503161E+02   6.0536109E-08
   5.7536534E+02   6.1642275E-08
   5.7569908E+02   6.2565768E-08
   5.7603282E+02   6.3265851E-08
   5.7636656E+02   6.3706935E-08
   5.7670030E+02   6.3859076E-08
   5.7703404E+02   6.3697691E-08
   5.7736778E+02   6.3203785E-08
   5.7770151E+02   6.2363654E-08
   5.7803525E+02   6.1169018E-08
   5.7836899E+02   5.9616923E-08
   5.7870273E+02   5.7709716E-08
   5.7903647E+02   5.5454837E-08
   5.7937021E+02   5.2864952E-08
   5.7970395E+02   4.9957613E-08
   5.8003768E+02   4.6755208E-08
   5.8037142E+02   4.3284981E-08
   5.8070516E+02   3.9578623E-08
   5.8103890E+02   3.5672230E-08
   5.8137264E+02   3.1606124E-08
   5.8170638E+02   2.7424523E-08
   5.8204012E+02   2.3175335E-08
   5.8237385E+02   1.8909894E-08
   5.8270759E+02   1.4682604E-08
   5.8304133E+02   1.0550563E-08
   5.8337507E+02   6.5732824E-09
   5.8370881E+02   2.8123281E-09
   5.8404255E+02  -6.6925665E-10
   5.8437629E+02  -3.8072780E-09
   5.8471002E+02  -6.5368742E-09
   5.8504376E+02  -8.7930658E-09
   5.8537750E+02  -1.0511291E-08
   5.8571124E+02  -1.1627908E-08
   5.8604498E+02  -1.2080778E-08
   5.8637872E+02  -1.1809897E-08
   5.8671246E+02  -1.0757869E-08
   5.8704619E+02  -8.8705905E-09
   5.8737993E+02  -6.0977587E-09
   5.8771367E+02  -2.3934987E-09
   5.8804741E+02   2.2831017E-09
   5.8838115E+02   7.9673264E-09
   5.8871489E+02   1.4688471E-08
   5.8904863E+02   2.2469189E-08
   5.8938236E+02   3.1325065E-08
   5.8971610E+02   4.1264165E-08
   5.9004984E+02   5.2286616E-08
   5.9038358E+02   6.4384338E-08
   5.9071732E+02   7.7540562E-08
   5.9105106E+02   9.1729788E-08
   5.9138480E+02   1.0691745E-07
   5.9171853E+02   1.2305991E-07
   5.9205227E+02   1.4010422E-07
   5.9238601E+02   1.5798838E-07
   5.9271975E+02   1.7664121E-07
   5.9305349E+02   1.9598264E-07
   5.9338723E+02   2.1592388E-07
   5.9372097E+02   2.3636784E-07
   5.9405471E+02   2.5720934E-07
   5.9438844E+02   2.7833573E-07
   5.9472218E+02   2.9962746E-07
   5.9505592E+02   3.2095858E-07
   5.9538966E+02   3.4219750E-07
   5.9572340E+02   3.6320779E-07
   5.9605714E+02   3.8384886E-07
   5.9639088E+02   4.0397697E-07
   5.9672461E+02   4.2344612E-07
   5.9705835E+02   4.4210893E-07
   5.9739209E+02   4.5981790E-07
   5.9772583E+02   4.7642595E-07
   5.9805957E+02   4.9178806E-07
   5.9839331E+02   5.0576205E-07
   5.9872705E+02   5.1820950E-07
   5.9906078E+02   5.2899730E-07
   5.9939452E+02   5.3799818E-07
   5.9972826E+02   5.4509229E-07
   6.0006200E+02   5.5016784E-07
   6.0039574E+02   5.5312239E-07
   6.0072948E+02   5.5386363E-07
   6.0106322E+02   5.5231050E-07
   6.0139695E+02   5.4839359E-07
   6.0173069E+02   5.4205651E-07
   6.0206443E+02   5.3325635E-07
   6.0239817E+02   5.2196395E-07
   6.0273191E+02   5.0816516E-07
   6.0306565E+02   4.9186053E-07
   6.0339939E+02   4.7306617E-07
   6.0373312E+02   4.5181395E-07
   6.0406686E+02   4.2815122E-07
   6.0440060E+02   4.0214147E-07
   6.0473434E+02   3.7386354E-07
   6.0506808E+02   3.4341195E-07
   6.0540182E+02   3.1089638E-07
   6.0573556E+02   2.7644109E-07
   6.0606929E+02   2.4018462E-07
   6.0640303E+02   2.0227904E-07
   6.0673677E+02   1.6288914E-07
   6.0707051E+02   1.2219149E-07
   6.0740425E+02   8.0373759E-08
   6.0773799E+02   3.7633420E-08
   6.0807173E+02  -5.8234582E-09
   6.0840546E+02  -4.9783125E-08
   6.0873920E+02  -9.4025694E-08
   6.0907294E+02  -1.3832630E-07
   6.0940668E+02  -1.8245657E-07
   6.0974042E+02  -2.2618613E-07
   6.1007416E+02  -2.6928379E-07
   6.1040790E+02  -3.1151950E-07
   6.1074163E+02  -3.5266527E-07
   6.1107537E+02  -3.9249718E-07
   6.1140911E+02  -4.3079638E-07
   6.1174285E+02  -4.6735113E-07
   6.1207659E+02  -5.0195740E-07
   6.1241033E+02  -5.3442113E-07
   6.1274407E+02  -5.6455860E-07
   6.1307781E+02  -5.9219872E-07
   6.1341154E+02  -6.1718288E-07
   6.1374528E+02  -6.3936704E-07
   6.1407902E+02  -6.5862241E-07
   6.1441276E+02  -6.7483603E-07
   6.1474650E+02  -6.8791167E-07
   6.1508024E+02  -6.9777042E-07
   6.1541398E+02  -7.0435152E-07
   6.1574771E+02  -7.0761223E-07
   6.1608145E+02  -7.0752833E-07
   6.1641519E+02  -7.0409442E-07
   6.1674893E+02  -6.9732369E-07
   6.1708267E+02  -6.8724796E-07
   6.1741641E+02  -6.7391716E-07
   6.1775015E+02  -6.5739948E-07
   6.1808388E+02  -6.3778009E-07
   6.1841762E+02  -6.1516113E-07
   6.1875136E+02  -5.8966060E-07
   6.1908510E+02  -5.6141181E-07
   6.1941884E+02  -5.3056192E-07
   6.1975258E+02  -4.9727146E-07
   6.2008632E+02  -4.6171286E-07
   6.2042005E+02  -4.2406919E-07
   6.2075379E+02  -3.8453339E-07
   6.2108753E+02  -3.4330634E-07
   6.2142127E+02  -3.0059596E-07
   6.2175501E+02  -2.5661564E-07
   6.2208875E+02  -2.1158277E-07
   6.2242249E+02  -1.6571755E-07
   6.2275622E+02  -1.1924135E-07
   6.2308996E+02  -7.2375485E-08
   6.2342370E+02  -2.5339677E-08
   6.2375744E+02   2.1649168E-08
   6.2409118E+02   6.8378284E-08
   6.2442492E+02   1.1464041E-07
   6.2475866E+02   1.6023475E-07
   6.2509239E+02   2.0496825E-07
   6.2542613E+02   2.4865653E-07
   6.2575987E+02   2.9112479E-07
   6.2609361E+02   3.3220874E-07
   6.2642735E+02   3.7175539E-07
   6.2676109E+02   4.0962337E-07
   6.2709483E+02   4.4568381E-07
   6.2742856E+02   4.7982076E-07
   6.2776230E+02   5.1193120E-07
   6.2809604E+02   5.4192560E-07
   6.2842978E+02   5.6972777E-07
   6.2876352E+02   5.9527480E-07
   6.2909726E+02   6.1851733E-07
   6.2943100E+02   6.3941866E-07
   6.2976473E+02   6.5795501E-07
   6.3009847E+02   6.7411480E-07
   6.3043221E+02   6.8789814E-07
   6.3076595E+02   6.9931627E-07
   6.3109969E+02   7.0839104E-07
   6.3143343E+02   7.1515365E-07
   6.3176717E+02   7.1964450E-07
   6.3210090E+02   7.2191199E-07
   6.3243464E+02   7.2201186E-07
   6.3276838E+02   7.2000557E-07
   6.3310212E+02   7.1596025E-07
   6.3343586E+02   7.0994736E-07
   6.3376960E+02   7.0204163E-07
   6.3410334E+02   6.9232033E-07
   6.3443708E+02   6.8086194E-07
   6.3477081E+02   6.6774578E-07
   6.3510455E+02   6.5305068E-07
   6.3543829E+02   6.3685445E-07
   6.3577203E+02   6.1923305E-07
   6.3610577E+02   6.0025963E-07
   6.3643951E+02   5.8000415E-07
   6.3677325E+02   5.5853275E-07
   6.3710698E+02   5.3590736E-07
   6.3744072E+02   5.1218478E-07
   6.3777446E+02   4.8741731E-07
   6.3810820E+02   4.6165167E-07
   6.3844194E+02   4.3492952E-07
   6.3877568E+02   4.0728702E-07
   6.3910942E+02   3.7875486E-07
   6.3944315E+02   3.4935886E-07
   6.3977689E+02   3.1912023E-07
   6.4011063E+02   2.8805525E-07
   6.4044437E+02   2.5617632E-07
   6.4077811E+02   2.2349232E-07
   6.4111185E+02   1.9000913E-07
   6.4144559E+02   1.5573052E-07
   6.4177932E+02   1.2065826E-07
   6.4211306E+02   8.4793903E-08
   6.4244680E+02   4.8138812E-08
   6.4278054E+02   1.0695267E-08
   6.4311428E+02  -2.7533027E-08
   6.4344802E+02  -6.6538846E-08
   6.4378176E+02  -1.0631222E-07
   6.4411549E+02  -1.4683816E-07
   6.4444923E+02  -1.8809666E-07
   6.4478297E+02  -2.3006129E-07
   6.4511671E+02  -2.7269917E-07
   6.4545045E+02  -3.1596949E-07
   6.4578419E+02  -3.5982336E-07
   6.4611793E+02  -4.0420281E-07
   6.4645166E+02  -4.4904075E-07
   6.4678540E+02  -4.9426035E-07
   6.4711914E+02  -5.3977459E-07
   6.4745288E+02  -5.8548636E-07
   6.4778662E+02  -6.3128834E-07
   6.4812036E+02  -6.7706276E-07
   6.4845410E+02  -7.2268193E-07
   6.4878783E+02  -7.6800836E-07
   6.4912157E+02  -8.1289517E-07
   6.4945531E+02  -8.5718705E-07
   6.4978905E+02  -9.0072007E-07
   6.5012279E+02  -9.4332319E-07
   6.5045653E+02  -9.8481917E-07
   6.5079027E+02  -1.0250251E-06
   6.5112400E+02  -1.0637540E-06
   6.5145774E+02  -1.1008153E-06
   6.5179148E+02  -1.1360174E-06
   6.5212522E+02  -1.1691682E-06
   6.5245896E+02  -1.2000756E-06
   6.5279270E+02  -1.2285519E-06
   6.5312644E+02  -1.2544114E-06
   6.5346018E+02  -1.2774756E-06
   6.5379391E+02  -1.2975722E-06
   6.5412765E+02  -1.3145378E-06
   6.5446139E+02  -1.3282196E-06
   6.5479513E+02  -1.3384760E-06
   6.5512887E+02  -1.3451781E-06
   6.5546261E+02  -1.3482129E-06
   6.5579635E+02  -1.3474803E-06
   6.5613008E+02  -1.3429001E-06
   6.5646382E+02  -1.3344078E-06
   6.5679756E+02  -1.3219587E-06
   6.5713130E+02  -1.3055278E-06
   6.5746504E+02  -1.2851092E-06
   6.5779878E+02  -1.2607188E-06
   6.5813252E+02  -1.2323937E-06
   6.5846625E+02  -1.2001926E-06
   6.5879999E+02  -1.1641943E-06
   6.5913373E+02  -1.1244997E-06
   6.5946747E+02  -1.0812305E-06
   6.5980121E+02  -1.0345290E-06
   6.6013495E+02  -9.8455655E-07
