  -7.8094826E+01   0.0000000E+00
  -7.7761087E+01   0.0000000E+00
  -7.7427349E+01   0.0000000E+00
  -7.7093610E+01   0.0000000E+00
  -7.6759871E+01   0.0000000E+00
  -7.6426133E+01   0.0000000E+00
  -7.6092394E+01   0.0000000E+00
  -7.5758656E+01   0.0000000E+00
  -7.5424917E+01   0.0000000E+00
  -7.5091178E+01   0.0000000E+00
  -7.4757440E+01   0.0000000E+00
  -7.4423701E+01   0.0000000E+00
  -7.4089963E+01   0.0000000E+00
  -7.3756224E+01   0.0000000E+00
  -7.3422485E+01   0.0000000E+00
  -7.3088747E+01   0.0000000E+00
  -7.2755008E+01   0.0000000E+00
  -7.2421270E+01   0.0000000E+00
  -7.2087531E+01   0.0000000E+00
  -7.1753792E+01   0.0000000E+00
  -7.1420054E+01   0.0000000E+00
  -7.1086315E+01   0.0000000E+00
  -7.0752577E+01   0.0000000E+00
  -7.0418838E+01   0.0000000E+00
  -7.0085099E+01   0.0000000E+00
  -6.9751361E+01   0.0000000E+00
  -6.9417622E+01   0.0000000E+00
  -6.9083884E+01   0.0000000E+00
  -6.8750145E+01   0.0000000E+00
  -6.8416406E+01   0.0000000E+00
  -6.8082668E+01   0.0000000E+00
  -6.7748929E+01   0.0000000E+00
  -6.7415191E+01   0.0000000E+00
  -6.7081452E+01   0.0000000E+00
  -6.6747714E+01   0.0000000E+00
  -6.6413975E+01   0.0000000E+00
  -6.6080236E+01   0.0000000E+00
  -6.5746498E+01   0.0000000E+00
  -6.5412759E+01   0.0000000E+00
  -6.5079021E+01   0.0000000E+00
  -6.4745282E+01   0.0000000E+00
  -6.4411543E+01   0.0000000E+00
  -6.4077805E+01   0.0000000E+00
  -6.3744066E+01   0.0000000E+00
  -6.3410328E+01   0.0000000E+00
  -6.3076589E+01   0.0000000E+00
  -6.2742850E+01   0.0000000E+00
  -6.2409112E+01   0.0000000E+00
  -6.2075373E+01   0.0000000E+00
  -6.1741635E+01   0.0000000E+00
  -6.1407896E+01   0.0000000E+00
  -6.1074157E+01   0.0000000E+00
  -6.0740419E+01   0.0000000E+00
  -6.0406680E+01   0.0000000E+00
  -6.0072942E+01   0.0000000E+00
  -5.9739203E+01   0.0000000E+00
  -5.9405464E+01   0.0000000E+00
  -5.9071726E+01   0.0000000E+00
  -5.8737987E+01   0.0000000E+00
  -5.8404249E+01   0.0000000E+00
  -5.8070510E+01   0.0000000E+00
  -5.7736771E+01   0.0000000E+00
  -5.7403033E+01   0.0000000E+00
  -5.7069294E+01   0.0000000E+00
  -5.6735556E+01   0.0000000E+00
  -5.6401817E+01   0.0000000E+00
  -5.6068078E+01   0.0000000E+00
  -5.5734340E+01   0.0000000E+00
  -5.5400601E+01   0.0000000E+00
  -5.5066863E+01   0.0000000E+00
  -5.4733124E+01   0.0000000E+00
  -5.4399385E+01   0.0000000E+00
  -5.4065647E+01   0.0000000E+00
  -5.3731908E+01   0.0000000E+00
  -5.3398170E+01   0.0000000E+00
  -5.3064431E+01   0.0000000E+00
  -5.2730693E+01   0.0000000E+00
  -5.2396954E+01   0.0000000E+00
  -5.2063215E+01   0.0000000E+00
  -5.1729477E+01   0.0000000E+00
  -5.1395738E+01   0.0000000E+00
  -5.1062000E+01   0.0000000E+00
  -5.0728261E+01   0.0000000E+00
  -5.0394522E+01   0.0000000E+00
  -5.0060784E+01   0.0000000E+00
  -4.9727045E+01   0.0000000E+00
  -4.9393307E+01   0.0000000E+00
  -4.9059568E+01   0.0000000E+00
  -4.8725829E+01   0.0000000E+00
  -4.8392091E+01   0.0000000E+00
  -4.8058352E+01   0.0000000E+00
  -4.7724614E+01   0.0000000E+00
  -4.7390875E+01   0.0000000E+00
  -4.7057136E+01   0.0000000E+00
  -4.6723398E+01   0.0000000E+00
  -4.6389659E+01   0.0000000E+00
  -4.6055921E+01   0.0000000E+00
  -4.5722182E+01   0.0000000E+00
  -4.5388443E+01   0.0000000E+00
  -4.5054705E+01   0.0000000E+00
  -4.4720966E+01   0.0000000E+00
  -4.4387228E+01   0.0000000E+00
  -4.4053489E+01   0.0000000E+00
  -4.3719750E+01   0.0000000E+00
  -4.3386012E+01   0.0000000E+00
  -4.3052273E+01   0.0000000E+00
  -4.2718535E+01   0.0000000E+00
  -4.2384796E+01   0.0000000E+00
  -4.2051057E+01   0.0000000E+00
  -4.1717319E+01   0.0000000E+00
  -4.1383580E+01   0.0000000E+00
  -4.1049842E+01   0.0000000E+00
  -4.0716103E+01   0.0000000E+00
  -4.0382364E+01   0.0000000E+00
  -4.0048626E+01   0.0000000E+00
  -3.9714887E+01   0.0000000E+00
  -3.9381149E+01   0.0000000E+00
  -3.9047410E+01   0.0000000E+00
  -3.8713672E+01   0.0000000E+00
  -3.8379933E+01   0.0000000E+00
  -3.8046194E+01   0.0000000E+00
  -3.7712456E+01   0.0000000E+00
  -3.7378717E+01   0.0000000E+00
  -3.7044979E+01   0.0000000E+00
  -3.6711240E+01   0.0000000E+00
  -3.6377501E+01   0.0000000E+00
  -3.6043763E+01   0.0000000E+00
  -3.5710024E+01   0.0000000E+00
  -3.5376286E+01   0.0000000E+00
  -3.5042547E+01   0.0000000E+00
  -3.4708808E+01   0.0000000E+00
  -3.4375070E+01   0.0000000E+00
  -3.4041331E+01   0.0000000E+00
  -3.3707593E+01   0.0000000E+00
  -3.3373854E+01   0.0000000E+00
  -3.3040115E+01   0.0000000E+00
  -3.2706377E+01   0.0000000E+00
  -3.2372638E+01   0.0000000E+00
  -3.2038900E+01   0.0000000E+00
  -3.1705161E+01   0.0000000E+00
  -3.1371422E+01   0.0000000E+00
  -3.1037684E+01   0.0000000E+00
  -3.0703945E+01   0.0000000E+00
  -3.0370207E+01   0.0000000E+00
  -3.0036468E+01   0.0000000E+00
  -2.9702729E+01   0.0000000E+00
  -2.9368991E+01   0.0000000E+00
  -2.9035252E+01   0.0000000E+00
  -2.8701514E+01   0.0000000E+00
  -2.8367775E+01   0.0000000E+00
  -2.8034036E+01   0.0000000E+00
  -2.7700298E+01   0.0000000E+00
  -2.7366559E+01   0.0000000E+00
  -2.7032821E+01   0.0000000E+00
  -2.6699082E+01   0.0000000E+00
  -2.6365343E+01   0.0000000E+00
  -2.6031605E+01   0.0000000E+00
  -2.5697866E+01   0.0000000E+00
  -2.5364128E+01   0.0000000E+00
  -2.5030389E+01   0.0000000E+00
  -2.4696651E+01   0.0000000E+00
  -2.4362912E+01   0.0000000E+00
  -2.4029173E+01   0.0000000E+00
  -2.3695435E+01   0.0000000E+00
  -2.3361696E+01   0.0000000E+00
  -2.3027958E+01   0.0000000E+00
  -2.2694219E+01   0.0000000E+00
  -2.2360480E+01   0.0000000E+00
  -2.2026742E+01   0.0000000E+00
  -2.1693003E+01   0.0000000E+00
  -2.1359265E+01   0.0000000E+00
  -2.1025526E+01   0.0000000E+00
  -2.0691787E+01   0.0000000E+00
  -2.0358049E+01   0.0000000E+00
  -2.0024310E+01   0.0000000E+00
  -1.9690572E+01   0.0000000E+00
  -1.9356833E+01   0.0000000E+00
  -1.9023094E+01   0.0000000E+00
  -1.8689356E+01   0.0000000E+00
  -1.8355617E+01   0.0000000E+00
  -1.8021879E+01   0.0000000E+00
  -1.7688140E+01   0.0000000E+00
  -1.7354401E+01   0.0000000E+00
  -1.7020663E+01   0.0000000E+00
  -1.6686924E+01   0.0000000E+00
  -1.6353186E+01   0.0000000E+00
  -1.6019447E+01   0.0000000E+00
  -1.5685708E+01   0.0000000E+00
  -1.5351970E+01   0.0000000E+00
  -1.5018231E+01   0.0000000E+00
  -1.4684493E+01   0.0000000E+00
  -1.4350754E+01   0.0000000E+00
  -1.4017015E+01   0.0000000E+00
  -1.3683277E+01   0.0000000E+00
  -1.3349538E+01   0.0000000E+00
  -1.3015800E+01   0.0000000E+00
  -1.2682061E+01   0.0000000E+00
  -1.2348322E+01   0.0000000E+00
  -1.2014584E+01   0.0000000E+00
  -1.1680845E+01   0.0000000E+00
  -1.1347107E+01   0.0000000E+00
  -1.1013368E+01   0.0000000E+00
  -1.0679630E+01   0.0000000E+00
  -1.0345891E+01   0.0000000E+00
  -1.0012152E+01   0.0000000E+00
  -9.6784137E+00   0.0000000E+00
  -9.3446751E+00   0.0000000E+00
  -9.0109365E+00   0.0000000E+00
  -8.6771979E+00   0.0000000E+00
  -8.3434593E+00   0.0000000E+00
  -8.0097207E+00   0.0000000E+00
  -7.6759821E+00   0.0000000E+00
  -7.3422436E+00   0.0000000E+00
  -7.0085050E+00   0.0000000E+00
  -6.6747664E+00   0.0000000E+00
  -6.3410278E+00   0.0000000E+00
  -6.0072892E+00   0.0000000E+00
  -5.6735506E+00   0.0000000E+00
  -5.3398120E+00   0.0000000E+00
  -5.0060734E+00   0.0000000E+00
  -4.6723348E+00   0.0000000E+00
  -4.3385962E+00   0.0000000E+00
  -4.0048576E+00   0.0000000E+00
  -3.6711190E+00   0.0000000E+00
  -3.3373804E+00   0.0000000E+00
  -3.0036418E+00   0.0000000E+00
  -2.6699032E+00   0.0000000E+00
  -2.3361646E+00   0.0000000E+00
  -2.0024260E+00   0.0000000E+00
  -1.6686874E+00   0.0000000E+00
  -1.3349488E+00   0.0000000E+00
  -1.0012102E+00   0.0000000E+00
  -6.6747165E-01   0.0000000E+00
  -3.3373305E-01   0.0000000E+00
   5.5432320E-06   0.0000000E+00
   3.3374414E-01   0.0000000E+00
   6.6748273E-01   0.0000000E+00
   1.0012213E+00   0.0000000E+00
   1.3349599E+00   0.0000000E+00
   1.6686985E+00   0.0000000E+00
   2.0024371E+00   0.0000000E+00
   2.3361757E+00   0.0000000E+00
   2.6699143E+00   0.0000000E+00
   3.0036529E+00   0.0000000E+00
   3.3373915E+00   0.0000000E+00
   3.6711301E+00   0.0000000E+00
   4.0048687E+00   0.0000000E+00
   4.3386073E+00   0.0000000E+00
   4.6723459E+00   0.0000000E+00
   5.0060845E+00   0.0000000E+00
   5.3398231E+00   0.0000000E+00
   5.6735617E+00   0.0000000E+00
   6.0073003E+00   0.0000000E+00
   6.3410389E+00   0.0000000E+00
   6.6747774E+00   0.0000000E+00
   7.0085160E+00   0.0000000E+00
   7.3422546E+00   0.0000000E+00
   7.6759932E+00   0.0000000E+00
   8.0097318E+00   0.0000000E+00
   8.3434704E+00   0.0000000E+00
   8.6772090E+00   0.0000000E+00
   9.0109476E+00   0.0000000E+00
   9.3446862E+00   0.0000000E+00
   9.6784248E+00   0.0000000E+00
   1.0012163E+01   0.0000000E+00
   1.0345902E+01   0.0000000E+00
   1.0679641E+01   0.0000000E+00
   1.1013379E+01   0.0000000E+00
   1.1347118E+01   0.0000000E+00
   1.1680856E+01   0.0000000E+00
   1.2014595E+01   0.0000000E+00
   1.2348334E+01   0.0000000E+00
   1.2682072E+01   0.0000000E+00
   1.3015811E+01   0.0000000E+00
   1.3349549E+01   0.0000000E+00
   1.3683288E+01   0.0000000E+00
   1.4017027E+01   0.0000000E+00
   1.4350765E+01   0.0000000E+00
   1.4684504E+01   0.0000000E+00
   1.5018242E+01   0.0000000E+00
   1.5351981E+01   0.0000000E+00
   1.5685720E+01   0.0000000E+00
   1.6019458E+01   0.0000000E+00
   1.6353197E+01   0.0000000E+00
   1.6686935E+01   0.0000000E+00
   1.7020674E+01   0.0000000E+00
   1.7354412E+01   0.0000000E+00
   1.7688151E+01   0.0000000E+00
   1.8021890E+01   0.0000000E+00
   1.8355628E+01   0.0000000E+00
   1.8689367E+01   0.0000000E+00
   1.9023105E+01   0.0000000E+00
   1.9356844E+01   0.0000000E+00
   1.9690583E+01   0.0000000E+00
   2.0024321E+01   0.0000000E+00
   2.0358060E+01   0.0000000E+00
   2.0691798E+01   0.0000000E+00
   2.1025537E+01   0.0000000E+00
   2.1359276E+01   0.0000000E+00
   2.1693014E+01   0.0000000E+00
   2.2026753E+01   0.0000000E+00
   2.2360491E+01   0.0000000E+00
   2.2694230E+01   0.0000000E+00
   2.3027969E+01   0.0000000E+00
   2.3361707E+01   0.0000000E+00
   2.3695446E+01   0.0000000E+00
   2.4029184E+01   0.0000000E+00
   2.4362923E+01   0.0000000E+00
   2.4696662E+01   0.0000000E+00
   2.5030400E+01   0.0000000E+00
   2.5364139E+01   0.0000000E+00
   2.5697877E+01   0.0000000E+00
   2.6031616E+01   0.0000000E+00
   2.6365355E+01   0.0000000E+00
   2.6699093E+01   0.0000000E+00
   2.7032832E+01   0.0000000E+00
   2.7366570E+01   0.0000000E+00
   2.7700309E+01   0.0000000E+00
   2.8034048E+01   0.0000000E+00
   2.8367786E+01   0.0000000E+00
   2.8701525E+01   0.0000000E+00
   2.9035263E+01   0.0000000E+00
   2.9369002E+01   0.0000000E+00
   2.9702741E+01   0.0000000E+00
   3.0036479E+01   0.0000000E+00
   3.0370218E+01   0.0000000E+00
   3.0703956E+01   0.0000000E+00
   3.1037695E+01   0.0000000E+00
   3.1371433E+01   0.0000000E+00
   3.1705172E+01   0.0000000E+00
   3.2038911E+01   0.0000000E+00
   3.2372649E+01   0.0000000E+00
   3.2706388E+01   0.0000000E+00
   3.3040126E+01   0.0000000E+00
   3.3373865E+01   0.0000000E+00
   3.3707604E+01   0.0000000E+00
   3.4041342E+01   0.0000000E+00
   3.4375081E+01   0.0000000E+00
   3.4708819E+01   0.0000000E+00
   3.5042558E+01   0.0000000E+00
   3.5376297E+01   0.0000000E+00
   3.5710035E+01   0.0000000E+00
   3.6043774E+01   0.0000000E+00
   3.6377512E+01   0.0000000E+00
   3.6711251E+01   0.0000000E+00
   3.7044990E+01   0.0000000E+00
   3.7378728E+01   0.0000000E+00
   3.7712467E+01   0.0000000E+00
   3.8046205E+01   0.0000000E+00
   3.8379944E+01   0.0000000E+00
   3.8713683E+01   0.0000000E+00
   3.9047421E+01   0.0000000E+00
   3.9381160E+01   0.0000000E+00
   3.9714898E+01   0.0000000E+00
   4.0048637E+01   0.0000000E+00
   4.0382376E+01   0.0000000E+00
   4.0716114E+01   0.0000000E+00
   4.1049853E+01   0.0000000E+00
   4.1383591E+01   0.0000000E+00
   4.1717330E+01   0.0000000E+00
   4.2051069E+01   0.0000000E+00
   4.2384807E+01   0.0000000E+00
   4.2718546E+01   0.0000000E+00
   4.3052284E+01   0.0000000E+00
   4.3386023E+01   0.0000000E+00
   4.3719762E+01   0.0000000E+00
   4.4053500E+01   0.0000000E+00
   4.4387239E+01   0.0000000E+00
   4.4720977E+01   0.0000000E+00
   4.5054716E+01   0.0000000E+00
   4.5388454E+01   0.0000000E+00
   4.5722193E+01   0.0000000E+00
   4.6055932E+01   0.0000000E+00
   4.6389670E+01   0.0000000E+00
   4.6723409E+01   0.0000000E+00
   4.7057147E+01   0.0000000E+00
   4.7390886E+01   0.0000000E+00
   4.7724625E+01   0.0000000E+00
   4.8058363E+01   0.0000000E+00
   4.8392102E+01   0.0000000E+00
   4.8725840E+01   0.0000000E+00
   4.9059579E+01   0.0000000E+00
   4.9393318E+01   0.0000000E+00
   4.9727056E+01   0.0000000E+00
   5.0060795E+01   0.0000000E+00
   5.0394533E+01   0.0000000E+00
   5.0728272E+01   0.0000000E+00
   5.1062011E+01   0.0000000E+00
   5.1395749E+01   0.0000000E+00
   5.1729488E+01   0.0000000E+00
   5.2063226E+01   0.0000000E+00
   5.2396965E+01   0.0000000E+00
   5.2730704E+01   0.0000000E+00
   5.3064442E+01   0.0000000E+00
   5.3398181E+01   0.0000000E+00
   5.3731919E+01   0.0000000E+00
   5.4065658E+01   0.0000000E+00
   5.4399397E+01   0.0000000E+00
   5.4733135E+01   0.0000000E+00
   5.5066874E+01   0.0000000E+00
   5.5400612E+01   0.0000000E+00
   5.5734351E+01   0.0000000E+00
   5.6068090E+01   0.0000000E+00
   5.6401828E+01   0.0000000E+00
   5.6735567E+01   0.0000000E+00
   5.7069305E+01   0.0000000E+00
   5.7403044E+01   0.0000000E+00
   5.7736783E+01   0.0000000E+00
   5.8070521E+01   0.0000000E+00
   5.8404260E+01   0.0000000E+00
   5.8737998E+01   0.0000000E+00
   5.9071737E+01   0.0000000E+00
   5.9405475E+01   0.0000000E+00
   5.9739214E+01   0.0000000E+00
   6.0072953E+01   0.0000000E+00
   6.0406691E+01   0.0000000E+00
   6.0740430E+01   0.0000000E+00
   6.1074168E+01   0.0000000E+00
   6.1407907E+01   0.0000000E+00
   6.1741646E+01   0.0000000E+00
   6.2075384E+01   0.0000000E+00
   6.2409123E+01   0.0000000E+00
   6.2742861E+01   0.0000000E+00
   6.3076600E+01   0.0000000E+00
   6.3410339E+01   0.0000000E+00
   6.3744077E+01   0.0000000E+00
   6.4077816E+01   0.0000000E+00
   6.4411554E+01   0.0000000E+00
   6.4745293E+01   0.0000000E+00
   6.5079032E+01   0.0000000E+00
   6.5412770E+01   0.0000000E+00
   6.5746509E+01   0.0000000E+00
   6.6080247E+01   0.0000000E+00
   6.6413986E+01   0.0000000E+00
   6.6747725E+01   0.0000000E+00
   6.7081463E+01   0.0000000E+00
   6.7415202E+01   0.0000000E+00
   6.7748940E+01   0.0000000E+00
   6.8082679E+01   0.0000000E+00
   6.8416418E+01   0.0000000E+00
   6.8750156E+01   0.0000000E+00
   6.9083895E+01   0.0000000E+00
   6.9417633E+01   0.0000000E+00
   6.9751372E+01   0.0000000E+00
   7.0085111E+01   0.0000000E+00
   7.0418849E+01   0.0000000E+00
   7.0752588E+01   0.0000000E+00
   7.1086326E+01   0.0000000E+00
   7.1420065E+01   0.0000000E+00
   7.1753804E+01   0.0000000E+00
   7.2087542E+01   0.0000000E+00
   7.2421281E+01   0.0000000E+00
   7.2755019E+01   0.0000000E+00
   7.3088758E+01   0.0000000E+00
   7.3422496E+01   0.0000000E+00
   7.3756235E+01   0.0000000E+00
   7.4089974E+01   0.0000000E+00
   7.4423712E+01   0.0000000E+00
   7.4757451E+01   0.0000000E+00
   7.5091189E+01   0.0000000E+00
   7.5424928E+01   0.0000000E+00
   7.5758667E+01   0.0000000E+00
   7.6092405E+01   0.0000000E+00
   7.6426144E+01   0.0000000E+00
   7.6759882E+01   0.0000000E+00
   7.7093621E+01   0.0000000E+00
   7.7427360E+01   0.0000000E+00
   7.7761098E+01   0.0000000E+00
   7.8094837E+01   0.0000000E+00
   7.8428575E+01   0.0000000E+00
   7.8762314E+01   0.0000000E+00
   7.9096053E+01   0.0000000E+00
   7.9429791E+01   0.0000000E+00
   7.9763530E+01   0.0000000E+00
   8.0097268E+01   0.0000000E+00
   8.0431007E+01   0.0000000E+00
   8.0764746E+01   0.0000000E+00
   8.1098484E+01   0.0000000E+00
   8.1432223E+01   0.0000000E+00
   8.1765961E+01   0.0000000E+00
   8.2099700E+01   0.0000000E+00
   8.2433439E+01   0.0000000E+00
   8.2767177E+01   0.0000000E+00
   8.3100916E+01   0.0000000E+00
   8.3434654E+01   0.0000000E+00
   8.3768393E+01   0.0000000E+00
   8.4102132E+01   0.0000000E+00
   8.4435870E+01   0.0000000E+00
   8.4769609E+01   0.0000000E+00
   8.5103347E+01   0.0000000E+00
   8.5437086E+01   0.0000000E+00
   8.5770825E+01   0.0000000E+00
   8.6104563E+01   0.0000000E+00
   8.6438302E+01   0.0000000E+00
   8.6772040E+01   0.0000000E+00
   8.7105779E+01   0.0000000E+00
   8.7439517E+01   0.0000000E+00
   8.7773256E+01   0.0000000E+00
   8.8106995E+01   0.0000000E+00
   8.8440733E+01   0.0000000E+00
   8.8774472E+01   0.0000000E+00
   8.9108210E+01   0.0000000E+00
   8.9441949E+01   0.0000000E+00
   8.9775688E+01   0.0000000E+00
   9.0109426E+01   0.0000000E+00
   9.0443165E+01   0.0000000E+00
   9.0776903E+01   0.0000000E+00
   9.1110642E+01   0.0000000E+00
   9.1444381E+01   0.0000000E+00
   9.1778119E+01   0.0000000E+00
   9.2111858E+01   0.0000000E+00
   9.2445596E+01   0.0000000E+00
   9.2779335E+01   0.0000000E+00
   9.3113074E+01   0.0000000E+00
   9.3446812E+01   0.0000000E+00
   9.3780551E+01   0.0000000E+00
   9.4114289E+01   0.0000000E+00
   9.4448028E+01   0.0000000E+00
   9.4781767E+01   0.0000000E+00
   9.5115505E+01   0.0000000E+00
   9.5449244E+01   0.0000000E+00
   9.5782982E+01   0.0000000E+00
   9.6116721E+01   0.0000000E+00
   9.6450460E+01   0.0000000E+00
   9.6784198E+01   0.0000000E+00
   9.7117937E+01   0.0000000E+00
   9.7451675E+01   0.0000000E+00
   9.7785414E+01   0.0000000E+00
   9.8119153E+01   0.0000000E+00
   9.8452891E+01   0.0000000E+00
   9.8786630E+01   0.0000000E+00
   9.9120368E+01   0.0000000E+00
   9.9454107E+01   0.0000000E+00
   9.9787846E+01   0.0000000E+00
   1.0012158E+02   0.0000000E+00
   1.0045532E+02   0.0000000E+00
   1.0078906E+02   0.0000000E+00
   1.0112280E+02   0.0000000E+00
   1.0145654E+02   0.0000000E+00
   1.0179028E+02   0.0000000E+00
   1.0212402E+02   0.0000000E+00
   1.0245775E+02   0.0000000E+00
   1.0279149E+02   0.0000000E+00
   1.0312523E+02   0.0000000E+00
   1.0345897E+02   0.0000000E+00
   1.0379271E+02   0.0000000E+00
   1.0412645E+02   0.0000000E+00
   1.0446019E+02   0.0000000E+00
   1.0479392E+02   0.0000000E+00
   1.0512766E+02   0.0000000E+00
   1.0546140E+02   0.0000000E+00
   1.0579514E+02   0.0000000E+00
   1.0612888E+02   0.0000000E+00
   1.0646262E+02   0.0000000E+00
   1.0679636E+02   0.0000000E+00
   1.0713009E+02   0.0000000E+00
   1.0746383E+02   0.0000000E+00
   1.0779757E+02   0.0000000E+00
   1.0813131E+02   0.0000000E+00
   1.0846505E+02   0.0000000E+00
   1.0879879E+02   0.0000000E+00
   1.0913253E+02   0.0000000E+00
   1.0946626E+02   0.0000000E+00
   1.0980000E+02   0.0000000E+00
   1.1013374E+02   0.0000000E+00
   1.1046748E+02   0.0000000E+00
   1.1080122E+02   0.0000000E+00
   1.1113496E+02   0.0000000E+00
   1.1146870E+02   0.0000000E+00
   1.1180243E+02   0.0000000E+00
   1.1213617E+02   0.0000000E+00
   1.1246991E+02   0.0000000E+00
   1.1280365E+02   0.0000000E+00
   1.1313739E+02   0.0000000E+00
   1.1347113E+02   0.0000000E+00
   1.1380487E+02   0.0000000E+00
   1.1413861E+02   0.0000000E+00
   1.1447234E+02   0.0000000E+00
   1.1480608E+02   0.0000000E+00
   1.1513982E+02   0.0000000E+00
   1.1547356E+02   0.0000000E+00
   1.1580730E+02   0.0000000E+00
   1.1614104E+02   0.0000000E+00
   1.1647478E+02   0.0000000E+00
   1.1680851E+02   0.0000000E+00
   1.1714225E+02   0.0000000E+00
   1.1747599E+02   0.0000000E+00
   1.1780973E+02   0.0000000E+00
   1.1814347E+02   0.0000000E+00
   1.1847721E+02   0.0000000E+00
   1.1881095E+02   0.0000000E+00
   1.1914468E+02   0.0000000E+00
   1.1947842E+02   0.0000000E+00
   1.1981216E+02   0.0000000E+00
   1.2014590E+02   0.0000000E+00
   1.2047964E+02   0.0000000E+00
   1.2081338E+02   0.0000000E+00
   1.2114712E+02   0.0000000E+00
   1.2148085E+02   0.0000000E+00
   1.2181459E+02   0.0000000E+00
   1.2214833E+02   0.0000000E+00
   1.2248207E+02   0.0000000E+00
   1.2281581E+02   0.0000000E+00
   1.2314955E+02   0.0000000E+00
   1.2348329E+02   0.0000000E+00
   1.2381702E+02   0.0000000E+00
   1.2415076E+02   0.0000000E+00
   1.2448450E+02   0.0000000E+00
   1.2481824E+02   0.0000000E+00
   1.2515198E+02   0.0000000E+00
   1.2548572E+02   0.0000000E+00
   1.2581946E+02   0.0000000E+00
   1.2615319E+02   0.0000000E+00
   1.2648693E+02   0.0000000E+00
   1.2682067E+02   0.0000000E+00
   1.2715441E+02   0.0000000E+00
   1.2748815E+02   0.0000000E+00
   1.2782189E+02   0.0000000E+00
   1.2815563E+02   0.0000000E+00
   1.2848936E+02   0.0000000E+00
   1.2882310E+02   0.0000000E+00
   1.2915684E+02   0.0000000E+00
   1.2949058E+02   0.0000000E+00
   1.2982432E+02   0.0000000E+00
   1.3015806E+02   0.0000000E+00
   1.3049180E+02   0.0000000E+00
   1.3082553E+02   0.0000000E+00
   1.3115927E+02   0.0000000E+00
   1.3149301E+02   0.0000000E+00
   1.3182675E+02   0.0000000E+00
   1.3216049E+02   0.0000000E+00
   1.3249423E+02   0.0000000E+00
   1.3282797E+02   0.0000000E+00
   1.3316171E+02   0.0000000E+00
   1.3349544E+02   0.0000000E+00
   1.3382918E+02   0.0000000E+00
   1.3416292E+02   0.0000000E+00
   1.3449666E+02   0.0000000E+00
   1.3483040E+02   0.0000000E+00
   1.3516414E+02   0.0000000E+00
   1.3549788E+02   0.0000000E+00
   1.3583161E+02   0.0000000E+00
   1.3616535E+02   0.0000000E+00
   1.3649909E+02   0.0000000E+00
   1.3683283E+02   0.0000000E+00
   1.3716657E+02   0.0000000E+00
   1.3750031E+02   0.0000000E+00
   1.3783405E+02   0.0000000E+00
   1.3816778E+02   0.0000000E+00
   1.3850152E+02   0.0000000E+00
   1.3883526E+02   0.0000000E+00
   1.3916900E+02   0.0000000E+00
   1.3950274E+02   0.0000000E+00
   1.3983648E+02   0.0000000E+00
   1.4017022E+02   0.0000000E+00
   1.4050395E+02   0.0000000E+00
   1.4083769E+02   0.0000000E+00
   1.4117143E+02   0.0000000E+00
   1.4150517E+02   0.0000000E+00
   1.4183891E+02   0.0000000E+00
   1.4217265E+02   0.0000000E+00
   1.4250639E+02   0.0000000E+00
   1.4284012E+02   0.0000000E+00
   1.4317386E+02   0.0000000E+00
   1.4350760E+02   0.0000000E+00
   1.4384134E+02   0.0000000E+00
   1.4417508E+02   0.0000000E+00
   1.4450882E+02   0.0000000E+00
   1.4484256E+02   0.0000000E+00
   1.4517629E+02   0.0000000E+00
   1.4551003E+02   0.0000000E+00
   1.4584377E+02   0.0000000E+00
   1.4617751E+02   0.0000000E+00
   1.4651125E+02   0.0000000E+00
   1.4684499E+02   0.0000000E+00
   1.4717873E+02   0.0000000E+00
   1.4751246E+02  -1.4012985E-45
   1.4784620E+02  -1.4012985E-45
   1.4817994E+02  -4.2038954E-45
   1.4851368E+02  -5.6051939E-45
   1.4884742E+02  -5.6051939E-45
   1.4918116E+02  -4.2038954E-45
   1.4951490E+02   0.0000000E+00
   1.4984863E+02   2.8025969E-45
   1.5018237E+02   7.0064923E-45
   1.5051611E+02   1.4012985E-44
   1.5084985E+02   1.8216880E-44
   1.5118359E+02   2.1019477E-44
   1.5151733E+02   2.1019477E-44
   1.5185107E+02   1.5414283E-44
   1.5218480E+02   4.2038954E-45
   1.5251854E+02  -9.8090893E-45
   1.5285228E+02  -2.8025969E-44
   1.5318602E+02  -4.0637655E-44
   1.5351976E+02  -5.3249342E-44
   1.5385350E+02  -5.4650640E-44
   1.5418724E+02  -4.9045446E-44
   1.5452098E+02  -3.5032462E-44
   1.5485471E+02  -1.4012985E-44
   1.5518845E+02   1.9618179E-44
   1.5552219E+02   5.3249342E-44
   1.5585593E+02   9.1084400E-44
   1.5618967E+02   1.1350518E-43
   1.5652341E+02   1.3172206E-43
   1.5685715E+02   1.3312335E-43
   1.5719088E+02   1.1490647E-43
   1.5752462E+02   7.7071416E-44
   1.5785836E+02   2.8025969E-44
   1.5819210E+02  -3.6433760E-44
   1.5852584E+02  -1.0369609E-43
   1.5885958E+02  -1.6114932E-43
   1.5919332E+02  -2.0318828E-43
   1.5952705E+02  -2.1860256E-43
   1.5986079E+02  -2.0739217E-43
   1.6019453E+02  -1.5134023E-43
   1.6052827E+02  -6.0255834E-44
   1.6086201E+02   6.4459729E-44
   1.6119575E+02   2.1019477E-43
   1.6152949E+02   3.6013371E-43
   1.6186322E+02   4.9045446E-43
   1.6219696E+02   5.7593367E-43
   1.6253070E+02   5.9274925E-43
   1.6286444E+02   5.2268433E-43
   1.6319818E+02   3.5733111E-43
   1.6353192E+02   1.0369609E-43
   1.6386566E+02  -2.1860256E-43
   1.6419939E+02  -5.7032847E-43
   1.6453313E+02  -8.9823232E-43
   1.6486687E+02  -1.1420582E-42
   1.6520061E+02  -1.2457543E-42
   1.6553435E+02  -1.1574725E-42
   1.6586809E+02  -8.5198947E-43
   1.6620183E+02  -3.3070644E-43
   1.6653556E+02   3.6714020E-43
   1.6686930E+02   1.1672816E-42
   1.6720304E+02   1.9562127E-42
   1.6753678E+02   2.6134216E-42
   1.6787052E+02   2.9973774E-42
   1.6820426E+02   2.9833644E-42
   1.6853800E+02   2.5027191E-42
   1.6887173E+02   1.5344218E-42
   1.6920547E+02   1.3732725E-43
   1.6953921E+02  -1.5582439E-42
   1.6987295E+02  -3.3406955E-42
   1.7020669E+02  -4.9479849E-42
   1.7054043E+02  -6.0802340E-42
   1.7087417E+02  -6.4669924E-42
   1.7120790E+02  -5.8994665E-42
   1.7154164E+02  -4.2753616E-42
   1.7187538E+02  -1.6507296E-42
   1.7220912E+02   1.7558270E-42
   1.7254286E+02   5.5729640E-42
   1.7287660E+02   9.2723919E-42
   1.7321034E+02   1.2240342E-41
   1.7354408E+02   1.3879861E-41
   1.7387781E+02   1.3673870E-41
   1.7421155E+02   1.1293064E-41
   1.7454529E+02   6.7024106E-42
   1.7487903E+02   1.9337919E-43
   1.7521277E+02  -7.5964390E-42
   1.7554651E+02  -1.5680530E-41
   1.7588025E+02  -2.2860783E-41
   1.7621398E+02  -2.7855011E-41
   1.7654772E+02  -2.9466504E-41
   1.7688146E+02  -2.6804037E-41
   1.7721520E+02  -1.9482253E-41
   1.7754894E+02  -7.7589896E-42
   1.7788268E+02   7.3820403E-42
   1.7821642E+02   2.4238260E-41
   1.7855015E+02   4.0528354E-41
   1.7888389E+02   5.3636100E-41
   1.7921763E+02   6.0960687E-41
   1.7955137E+02   6.0307682E-41
   1.7988511E+02   5.0306615E-41
   1.8021885E+02   3.0786527E-41
   1.8055259E+02   3.0001800E-42
   1.8088632E+02  -3.0308684E-41
   1.8122006E+02  -6.5053880E-41
   1.8155380E+02  -9.6185127E-41
   1.8188754E+02  -1.1830322E-40
   1.8222128E+02  -1.2641254E-40
   1.8255502E+02  -1.1675899E-40
   1.8288876E+02  -8.7642811E-41
   1.8322249E+02  -4.0001466E-41
   1.8355623E+02   2.2230199E-41
   1.8388997E+02   9.2218051E-41
   1.8422371E+02   1.6073034E-40
   1.8455745E+02   2.1715222E-40
   1.8489119E+02   2.5082262E-40
   1.8522493E+02   2.5266813E-40
   1.8555866E+02   2.1682712E-40
   1.8589240E+02   1.4210988E-40
   1.8622614E+02   3.2976757E-41
   1.8655988E+02  -1.0016341E-40
   1.8689362E+02  -2.4150118E-40
   1.8722736E+02  -3.7126982E-40
   1.8756110E+02  -4.6803509E-40
   1.8789483E+02  -5.1165050E-40
   1.8822857E+02  -4.8646917E-40
   1.8856231E+02  -3.8445744E-40
   1.8889605E+02  -2.0768364E-40
   1.8922979E+02   3.0283461E-41
   1.8956353E+02   3.0446292E-40
   1.8989727E+02   5.8027349E-40
   1.9023100E+02   8.1706631E-40
   1.9056474E+02   9.7313172E-40
   1.9089848E+02   1.0117501E-39
   1.9123222E+02   9.0742623E-40
   1.9156596E+02   6.5155474E-40
   1.9189970E+02   2.5647265E-40
   1.9223344E+02  -2.4288566E-40
   1.9256718E+02  -7.9041501E-40
   1.9290091E+02  -1.3136178E-39
   1.9323465E+02  -1.7315747E-39
   1.9356839E+02  -1.9654500E-39
   1.9390213E+02  -1.9504001E-39
   1.9423587E+02  -1.6473833E-39
   1.9456961E+02  -1.0530576E-39
   1.9490335E+02  -2.0612820E-40
   1.9523708E+02   8.1148634E-40
   1.9557082E+02   1.8795574E-39
   1.9590456E+02   2.8508464E-39
   1.9623830E+02   3.5681431E-39
   1.9657204E+02   3.8854924E-39
   1.9690578E+02   3.6911953E-39
   1.9723952E+02   2.9295448E-39
   1.9757325E+02   1.6179378E-39
   1.9790699E+02  -1.4384469E-40
   1.9824073E+02  -2.1747620E-39
   1.9857447E+02  -4.2255328E-39
   1.9890821E+02  -6.0035480E-39
   1.9924195E+02  -7.2080145E-39
   1.9957569E+02  -7.5718840E-39
   1.9990942E+02  -6.9056339E-39
   2.0024316E+02  -5.1368911E-39
   2.0057690E+02  -2.3397242E-39
   2.0091064E+02   1.2524525E-39
   2.0124438E+02   5.2545525E-39
   2.0157812E+02   9.1604338E-39
   2.0191186E+02   1.2395591E-38
   2.0224559E+02   1.4388031E-38
   2.0257933E+02   1.4650175E-38
   2.0291307E+02   1.2861810E-38
   2.0324681E+02   8.9426790E-39
   2.0358055E+02   3.1026808E-39
   2.0391429E+02  -4.1409883E-39
   2.0424803E+02  -1.1987364E-38
   2.0458176E+02  -1.9419226E-38
   2.0491550E+02  -2.5311996E-38
   2.0524924E+02  -2.8575469E-38
   2.0558298E+02  -2.8313611E-38
   2.0591672E+02  -2.3982904E-38
   2.0625046E+02  -1.5526786E-38
   2.0658420E+02  -3.4633498E-39
   2.0691793E+02   1.1093568E-38
   2.0725167E+02   2.6493677E-38
   2.0758541E+02   4.0694756E-38
   2.0791915E+02   5.1486065E-38
   2.0825289E+02   5.6772245E-38
   2.0858663E+02   5.4887925E-38
   2.0892037E+02   4.4903813E-38
   2.0925410E+02   2.6880226E-38
   2.0958784E+02   2.0234582E-39
   2.0992158E+02  -2.7292813E-38
   2.1025532E+02  -5.7666862E-38
   2.1058906E+02  -8.4976090E-38
   2.1092280E+02  -1.0483745E-37
   2.1125654E+02  -1.1318181E-37
   2.1159027E+02  -1.0688136E-37
   2.1192401E+02  -8.4350309E-38
   2.1225775E+02  -4.6030466E-38
   2.1259149E+02   5.3268988E-39
   2.1292523E+02   6.4656617E-38
   2.1325897E+02   1.2490129E-37
   2.1359271E+02   1.7766928E-37
   2.1392645E+02   2.1419423E-37
   2.1426018E+02   2.2651248E-37
   2.1459392E+02   2.0872944E-37
   2.1492766E+02   1.5821185E-37
   2.1526140E+02   7.6523362E-38
   2.1559514E+02  -3.0073081E-38
   2.1592888E+02  -1.5069250E-37
   2.1626262E+02  -2.7057589E-37
   2.1659635E+02  -3.7251836E-37
   2.1693009E+02  -4.3889471E-37
   2.1726383E+02  -4.5409756E-37
   2.1759757E+02  -4.0711339E-37
   2.1793131E+02  -2.9389350E-37
   2.1826505E+02  -1.1914569E-37
   2.1859879E+02   1.0281312E-37
   2.1893252E+02   3.4842759E-37
   2.1926626E+02   5.8666255E-37
   2.1960000E+02   7.8214077E-37
   2.1993374E+02   8.9945398E-37
   2.2026748E+02   9.0823467E-37
   2.2060122E+02   7.8839276E-37
   2.2093496E+02   5.3479711E-37
   2.2126869E+02   1.6062581E-37
   2.2160243E+02  -3.0132908E-37
   2.2193617E+02  -7.9995156E-37
   2.2226991E+02  -1.2699582E-36
   2.2260365E+02  -1.6388252E-36
   2.2293739E+02  -1.8359763E-36
   2.2327113E+02  -1.8032940E-36
   2.2360486E+02  -1.5056781E-36
   2.2393860E+02  -9.4011899E-37
   2.2427234E+02  -1.4172298E-37
   2.2460608E+02   8.1472802E-37
   2.2493982E+02   1.8186851E-36
   2.2527356E+02   2.7336000E-36
   2.2560730E+02   3.4121647E-36
   2.2594103E+02   3.7157560E-36
   2.2627477E+02   3.5360067E-36
   2.2660851E+02   2.8157265E-36
   2.2694225E+02   1.5660345E-36
   2.2727599E+02  -1.2346758E-37
   2.2760973E+02  -2.0841479E-36
   2.2794347E+02  -4.0791849E-36
   2.2827720E+02  -5.8261791E-36
   2.2861094E+02  -7.0302806E-36
   2.2894468E+02  -7.4248281E-36
   2.2927842E+02  -6.8148560E-36
   2.2961216E+02  -5.1176435E-36
   2.2994590E+02  -2.3938707E-36
   2.3027964E+02   1.1367480E-36
   2.3061337E+02   5.1003035E-36
   2.3094711E+02   8.9967820E-36
   2.3128085E+02   1.2251271E-35
   2.3161459E+02   1.4284762E-35
   2.3194833E+02   1.4597516E-35
   2.3228207E+02   1.2855006E-35
   2.3261581E+02   8.9643139E-36
   2.3294955E+02   3.1282255E-36
   2.3328328E+02  -4.1345797E-36
   2.3361702E+02  -1.2011935E-35
   2.3395076E+02  -1.9467036E-35
   2.3428450E+02  -2.5351461E-35
   2.3461824E+02  -2.8553283E-35
   2.3495198E+02  -2.8164558E-35
   2.3528572E+02  -2.3646900E-35
   2.3561945E+02  -1.4970853E-35
   2.3595319E+02  -2.7042687E-36
   2.3628693E+02   1.1971519E-35
   2.3662067E+02   2.7332037E-35
   2.3695441E+02   4.1270462E-35
   2.3728815E+02   5.1540434E-35
   2.3762189E+02   5.6058815E-35
   2.3795562E+02   5.3234265E-35
   2.3828936E+02   4.2278015E-35
   2.3862310E+02   2.3448772E-35
   2.3895684E+02  -1.8146967E-36
   2.3929058E+02  -3.0910623E-35
   2.3962432E+02  -6.0262625E-35
   2.3995806E+02  -8.5679981E-35
   2.4029179E+02  -1.0286488E-34
   2.4062553E+02  -1.0801668E-34
   2.4095927E+02  -9.8461209E-35
   2.4129301E+02  -7.3217491E-35
   2.4162675E+02  -3.3410241E-35
   2.4196049E+02   1.7556891E-35
   2.4229423E+02   7.4129865E-35
   2.4262796E+02   1.2906423E-34
   2.4296170E+02   1.7420225E-34
   2.4329544E+02   2.0150462E-34
   2.4362918E+02   2.0422798E-34
   2.4396292E+02   1.7810065E-34
   2.4429666E+02   1.2232655E-34
   2.4463040E+02   4.0244935E-35
   2.4496413E+02  -6.0502172E-35
   2.4529787E+02  -1.6839696E-34
   2.4563161E+02  -2.6909669E-34
   2.4596535E+02  -3.4705516E-34
   2.4629909E+02  -3.8756820E-34
   2.4663283E+02  -3.7901494E-34
   2.4696657E+02  -3.1500188E-34
   2.4730030E+02  -1.9608688E-34
   2.4763404E+02  -3.0770132E-35
   2.4796778E+02   1.6450220E-34
   2.4830152E+02   3.6647320E-34
   2.4863526E+02   5.4735999E-34
   2.4896900E+02   6.7813479E-34
   2.4930274E+02   7.3248451E-34
   2.4963647E+02   6.9098111E-34
   2.4997021E+02   5.4490243E-34
   2.5030395E+02   2.9909820E-34
   2.5063769E+02  -2.6647768E-35
   2.5097143E+02  -3.9818163E-34
   2.5130517E+02  -7.6967880E-34
   2.5163891E+02  -1.0884102E-33
   2.5197264E+02  -1.3012050E-33
   2.5230638E+02  -1.3619426E-33
   2.5264012E+02  -1.2391559E-33
   2.5297386E+02  -9.2268418E-34
   2.5330760E+02  -4.2828475E-34
   2.5364134E+02   2.0075024E-34
   2.5397508E+02   8.9564423E-34
   2.5430882E+02   1.5681021E-33
   2.5464255E+02   2.1199166E-33
   2.5497629E+02   2.4553906E-33
   2.5531003E+02   2.4952198E-33
   2.5564377E+02   2.1900936E-33
   2.5597751E+02   1.5320394E-33
   2.5631125E+02   5.6158508E-34
   2.5664499E+02  -6.3087294E-34
   2.5697872E+02  -1.9105346E-33
   2.5731246E+02  -3.1107000E-33
   2.5764620E+02  -4.0515661E-33
   2.5797994E+02  -4.5635699E-33
   2.5831368E+02  -4.5126523E-33
   2.5864742E+02  -3.8241539E-33
   2.5898116E+02  -2.5018079E-33
   2.5931489E+02  -6.3845479E-34
   2.5964863E+02   1.5841867E-33
   2.5998237E+02   3.9082116E-33
   2.6031611E+02   6.0246712E-33
   2.6064985E+02   7.6093944E-33
   2.6098359E+02   8.3659955E-33
   2.6131733E+02   8.0710596E-33
   2.6165106E+02   6.6155176E-33
   2.6198480E+02   4.0359151E-33
   2.6231854E+02   5.2980467E-34
   2.6265228E+02  -3.5490632E-33
   2.6298602E+02  -7.7179124E-33
   2.6331976E+02  -1.1413768E-32
   2.6365350E+02  -1.4060150E-32
   2.6398723E+02  -1.5144880E-32
   2.6432097E+02  -1.4299695E-32
   2.6465471E+02  -1.1370982E-32
   2.6498845E+02  -6.4705513E-33
   2.6532219E+02   3.2017527E-36
   2.6565593E+02   7.3807395E-33
   2.6598967E+02   1.4776252E-32
   2.6632340E+02   2.1179709E-32
   2.6665714E+02   2.5578472E-32
   2.6699088E+02   2.7095724E-32
   2.6732462E+02   2.5128939E-32
   2.6765836E+02   1.9469431E-32
   2.6799210E+02   1.0384032E-32
   2.6832584E+02  -1.3572680E-33
   2.6865957E+02  -1.4518788E-32
   2.6899331E+02  -2.7505128E-32
   2.6932705E+02  -3.8530286E-32
   2.6966079E+02  -4.5835173E-32
   2.6999453E+02  -4.7930203E-32
   2.7032827E+02  -4.3833273E-32
   2.7066201E+02  -3.3270022E-32
   2.7099574E+02  -1.6804450E-32
   2.7132948E+02   4.1272613E-33
   2.7166322E+02   2.7296466E-32
   2.7199696E+02   4.9879523E-32
   2.7233070E+02   6.8761341E-32
   2.7266444E+02   8.0917575E-32
   2.7299818E+02   8.3833841E-32
   2.7333192E+02   7.5910345E-32
   2.7366565E+02   5.6794915E-32
   2.7399939E+02   2.7590933E-32
   2.7433313E+02  -9.1039451E-33
   2.7466687E+02  -4.9355164E-32
   2.7500061E+02  -8.8247893E-32
   2.7533435E+02  -1.2042036E-31
   2.7566809E+02  -1.4072448E-31
   2.7600182E+02  -1.4494109E-31
   2.7633556E+02  -1.3046043E-31
   2.7666930E+02  -9.6832717E-32
   2.7700304E+02  -4.6099124E-32
   2.7733678E+02   1.7169003E-32
   2.7767052E+02   8.6163084E-32
   2.7800426E+02   1.5246494E-31
   2.7833799E+02   2.0696605E-31
   2.7867173E+02   2.4099167E-31
   2.7900547E+02   2.4750532E-31
   2.7933921E+02   2.2224282E-31
   2.7967295E+02   1.6461617E-31
   2.8000669E+02   7.8240058E-32
   2.8034043E+02  -2.9035140E-32
   2.8067416E+02  -1.4564812E-31
   2.8100790E+02  -2.5740486E-31
   2.8134164E+02  -3.4903563E-31
   2.8167538E+02  -4.0608012E-31
   2.8200912E+02  -4.1689086E-31
   2.8234286E+02  -3.7450340E-31
   2.8267660E+02  -2.7811056E-31
   2.8301033E+02  -1.3389869E-31
   2.8334407E+02   4.4939813E-32
   2.8367781E+02   2.3911492E-31
   2.8401155E+02   4.2505758E-31
   2.8434529E+02   5.7751417E-31
   2.8467903E+02   6.7266451E-31
   2.8501277E+02   6.9141402E-31
   2.8534650E+02   6.2244579E-31
   2.8568024E+02   4.6460309E-31
   2.8601398E+02   2.2821186E-31
   2.8634772E+02  -6.4953856E-32
   2.8668146E+02  -3.8321243E-31
   2.8701520E+02  -6.8799164E-31
   2.8734894E+02  -9.3809302E-31
   2.8768267E+02  -1.0947860E-30
   2.8801641E+02  -1.1271538E-30
   2.8835015E+02  -1.0170184E-30
   2.8868389E+02  -7.6275181E-31
   2.8901763E+02  -3.8134304E-31
   2.8935137E+02   9.1740681E-32
   2.8968511E+02   6.0513227E-31
   2.9001884E+02   1.0965138E-30
   2.9035258E+02   1.4995506E-30
   2.9068632E+02   1.7521217E-30
   2.9102006E+02   1.8049097E-30
   2.9135380E+02   1.6292600E-30
   2.9168754E+02   1.2231995E-30
   2.9202128E+02   6.1461921E-31
   2.9235501E+02  -1.3911214E-31
   2.9268875E+02  -9.5543664E-31
   2.9302249E+02  -1.7346749E-30
   2.9335623E+02  -2.3712181E-30
   2.9368997E+02  -2.7667165E-30
   2.9402371E+02  -2.8437586E-30
   2.9435745E+02  -2.5582805E-30
   2.9469119E+02  -1.9089522E-30
   2.9502492E+02  -9.4196312E-31
   2.9535866E+02   2.4991372E-31
   2.9569240E+02   1.5344828E-30
   2.9602614E+02   2.7532451E-30
   2.9635988E+02   3.7393931E-30
   2.9669362E+02   4.3388429E-30
   2.9702736E+02   4.4318695E-30
   2.9736109E+02   3.9525431E-30
   2.9769483E+02   2.9031882E-30
   2.9802857E+02   1.3614072E-30
   2.9836231E+02  -5.2205345E-31
   2.9869605E+02  -2.5353094E-30
   2.9902979E+02  -4.4267030E-30
   2.9936353E+02  -5.9337055E-30
   2.9969726E+02  -6.8163807E-30
   3.0003100E+02  -6.8914731E-30
   3.0036474E+02  -6.0626838E-30
   3.0069848E+02  -4.3427587E-30
   3.0103222E+02  -1.8635358E-30
   3.0136596E+02   1.1286150E-30
   3.0169970E+02   4.2929810E-30
   3.0203343E+02   7.2293331E-30
   3.0236717E+02   9.5243570E-30
   3.0270091E+02   1.0804837E-29
   3.0303465E+02   1.0791279E-29
   3.0336839E+02   9.3449567E-30
   3.0370213E+02   6.5014550E-30
   3.0403587E+02   2.4848115E-30
   3.0436960E+02  -2.3016574E-30
   3.0470334E+02  -7.3092013E-30
   3.0503708E+02  -1.1900296E-29
   3.0537082E+02  -1.5423121E-29
   3.0570456E+02  -1.7295955E-29
   3.0603830E+02  -1.7091381E-29
   3.0637204E+02  -1.4609253E-29
   3.0670577E+02  -9.9275384E-30
   3.0703951E+02  -3.4220183E-30
   3.0737325E+02   4.2510935E-30
   3.0770699E+02   1.2211314E-29
   3.0804073E+02   1.9445474E-29
   3.0837447E+02   2.4926541E-29
   3.0870821E+02   2.7746885E-29
   3.0904194E+02   2.7249995E-29
   3.0937568E+02   2.3143222E-29
   3.0970942E+02   1.5574616E-29
   3.1004316E+02   5.1601780E-30
   3.1037690E+02  -7.0474276E-30
   3.1071064E+02  -1.9650588E-29
   3.1104438E+02  -3.1053204E-29
   3.1137811E+02  -3.9648343E-29
   3.1171185E+02  -4.4026759E-29
   3.1204559E+02  -4.3181098E-29
   3.1237933E+02  -3.6678589E-29
   3.1271307E+02  -2.4776335E-29
   3.1304681E+02  -8.4582961E-30
   3.1338055E+02   1.0618852E-29
   3.1371429E+02   3.0273133E-29
   3.1404802E+02   4.8028125E-29
   3.1438176E+02   6.1405297E-29
   3.1471550E+02   6.8245851E-29
   3.1504924E+02   6.7022898E-29
   3.1538298E+02   5.7101993E-29
   3.1571672E+02   3.8911200E-29
   3.1605046E+02   1.3989113E-29
   3.1638419E+02  -1.5106984E-29
   3.1671793E+02  -4.5034811E-29
   3.1705167E+02  -7.2025507E-29
   3.1738541E+02  -9.2332127E-29
   3.1771915E+02  -1.0271814E-28
   3.1805289E+02  -1.0092579E-28
   3.1838663E+02  -8.6061245E-29
   3.1872036E+02  -5.8838075E-29
   3.1905410E+02  -2.1633822E-29
   3.1938784E+02   2.1665099E-29
   3.1972158E+02   6.6029918E-29
   3.2005532E+02   1.0583893E-28
   3.2038906E+02   1.3555459E-28
   3.2072280E+02   1.5045191E-28
   3.2105653E+02   1.4730638E-28
   3.2139027E+02   1.2494829E-28
   3.2172401E+02   8.4598206E-29
   3.2205775E+02   2.9919671E-29
   3.2239149E+02  -3.3243107E-29
   3.2272523E+02  -9.7436347E-29
   3.2305897E+02  -1.5442925E-28
   3.2339270E+02  -1.9622145E-28
   3.2372644E+02  -2.1610855E-28
   3.2406018E+02  -2.0967034E-28
   3.2439392E+02  -1.7554477E-28
   3.2472766E+02  -1.1586693E-28
   3.2506140E+02  -3.6286512E-29
   3.2539514E+02   5.4476234E-29
   3.2572887E+02   1.4551550E-28
   3.2606261E+02   2.2498834E-28
   3.2639635E+02   2.8159178E-28
   3.2673009E+02   3.0609250E-28
   3.2706383E+02   2.9271176E-28
   3.2739757E+02   2.4016934E-28
   3.2773131E+02   1.5221992E-28
   3.2806504E+02   3.7567921E-29
   3.2839878E+02  -9.0879464E-29
   3.2873252E+02  -2.1737654E-28
   3.2906626E+02  -3.2519139E-28
   3.2940000E+02  -3.9873871E-28
   3.2973374E+02  -4.2573303E-28
   3.3006748E+02  -3.9907787E-28
   3.3040121E+02  -3.1821534E-28
   3.3073495E+02  -1.8971503E-28
   3.3106869E+02  -2.6958674E-29
   3.3140243E+02   1.5110748E-28
   3.3173617E+02   3.2206282E-28
   3.3206991E+02   4.6273264E-28
   3.3240365E+02   5.5222392E-28
   3.3273739E+02   5.7489577E-28
   3.3307112E+02   5.2285989E-28
   3.3340486E+02   3.9763734E-28
   3.3373860E+02   2.1068162E-28
   3.3407234E+02  -1.7393397E-29
   3.3440608E+02  -2.5887929E-28
   3.3473982E+02  -4.8215984E-28
   3.3507356E+02  -6.5567616E-28
   3.3540729E+02  -7.5219967E-28
   3.3574103E+02  -7.5285747E-28
   3.3607477E+02  -6.5035139E-28
   3.3640851E+02  -4.5086492E-28
   3.3674225E+02  -1.7429907E-28
   3.3707599E+02   1.4733203E-28
   3.3740973E+02   4.7327663E-28
   3.3774346E+02   7.5887846E-28
   3.3807720E+02   9.6133487E-28
   3.3841094E+02   1.0456730E-27
   3.3874468E+02   9.9015843E-28
   3.3907842E+02   7.9035841E-28
   3.3941216E+02   4.6120163E-28
   3.3974590E+02   3.6593903E-29
   3.4007963E+02  -4.3355471E-28
   3.4041337E+02  -8.8870940E-28
   3.4074711E+02  -1.2649634E-27
   3.4108085E+02  -1.5033510E-27
   3.4141459E+02  -1.5581867E-27
   3.4174833E+02  -1.4043325E-27
   3.4208207E+02  -1.0423237E-27
   3.4241580E+02  -5.0051178E-28
   3.4274954E+02   1.6630268E-28
   3.4308328E+02   8.8184259E-28
   3.4341702E+02   1.5565577E-27
   3.4375076E+02   2.0982325E-27
   3.4408450E+02   2.4237840E-27
   3.4441824E+02   2.4708063E-27
   3.4475197E+02   2.2073174E-27
   3.4508571E+02   1.6383185E-27
   3.4541945E+02   8.0807456E-28
   3.4575319E+02  -2.0249461E-28
   3.4608693E+02  -1.2833089E-27
   3.4642067E+02  -2.3068916E-27
   3.4675441E+02  -3.1431731E-27
   3.4708814E+02  -3.6756327E-27
   3.4742188E+02  -3.8168049E-27
   3.4775562E+02  -3.5211038E-27
   3.4808936E+02  -2.7931881E-27
   3.4842310E+02  -1.6904908E-27
   3.4875684E+02  -3.1927330E-28
   3.4909058E+02   1.1756799E-27
   3.4942431E+02   2.6267693E-27
   3.4975805E+02   3.8629871E-27
   3.5009179E+02   4.7307449E-27
   3.5042553E+02   5.1135412E-27
   3.5075927E+02   4.9479143E-27
   3.5109301E+02   4.2334552E-27
   3.5142675E+02   3.0353263E-27
   3.5176048E+02   1.4786271E-27
   3.5209422E+02  -2.6503774E-28
   3.5242796E+02  -1.9974085E-27
   3.5276170E+02  -3.5175339E-27
   3.5309544E+02  -4.6469415E-27
   3.5342918E+02  -5.2527844E-27
   3.5376292E+02  -5.2658815E-27
   3.5409666E+02  -4.6910839E-27
   3.5443039E+02  -3.6082991E-27
   3.5476413E+02  -2.1636538E-27
   3.5509787E+02  -5.5157064E-28
   3.5543161E+02   1.0102665E-27
   3.5576535E+02   2.3100031E-27
   3.5609909E+02   3.1710681E-27
   3.5643283E+02   3.4780481E-27
   3.5676656E+02   3.1953420E-27
   3.5710030E+02   2.3756733E-27
   3.5743404E+02   1.1568456E-27
   3.5776778E+02  -2.5355590E-28
   3.5810152E+02  -1.6041107E-27
   3.5843526E+02  -2.6333363E-27
   3.5876900E+02  -3.1072944E-27
   3.5910273E+02  -2.8562198E-27
   3.5943647E+02  -1.8053579E-27
   3.5977021E+02   4.5941133E-30
   3.6010395E+02   2.4107123E-27
   3.6043769E+02   5.1367853E-27
   3.6077143E+02   7.8179459E-27
   3.6110517E+02   1.0039176E-26
   3.6143890E+02   1.1384022E-26
   3.6177264E+02   1.1488317E-26
   3.6210638E+02   1.0092899E-26
   3.6244012E+02   7.0889306E-27
   3.6277386E+02   2.5498831E-27
   3.6310760E+02  -3.2545331E-27
   3.6344134E+02  -9.8656632E-27
   3.6377507E+02  -1.6665244E-26
   3.6410881E+02  -2.2925537E-26
   3.6444255E+02  -2.7876425E-26
   3.6477629E+02  -3.0783870E-26
   3.6511003E+02  -3.1032318E-26
   3.6544377E+02  -2.8203078E-26
   3.6577751E+02  -2.2140313E-26
   3.6611124E+02  -1.2996725E-26
   3.6644498E+02  -1.2531391E-27
   3.6677872E+02   1.2292670E-26
   3.6711246E+02   2.6569301E-26
   3.6744620E+02   4.0306074E-26
   3.6777994E+02   5.2134098E-26
   3.6811368E+02   6.0707155E-26
   3.6844741E+02   6.4832712E-26
   3.6878115E+02   6.3601806E-26
   3.6911489E+02   5.6505577E-26
   3.6944863E+02   4.3525813E-26
   3.6978237E+02   2.5188663E-26
   3.7011611E+02   2.5722235E-27
   3.7044985E+02  -2.2737372E-26
   3.7078358E+02  -4.8742486E-26
   3.7111732E+02  -7.3179939E-26
   3.7145106E+02  -9.3706889E-26
   3.7178480E+02  -1.0811312E-25
   3.7211854E+02  -1.1454168E-25
   3.7245228E+02  -1.1169653E-25
   3.7278602E+02  -9.9015688E-26
   3.7311976E+02  -7.6789052E-26
   3.7345349E+02  -4.6203300E-26
   3.7378723E+02  -9.3029303E-27
   3.7412097E+02   3.1136371E-26
   3.7445471E+02   7.1816627E-26
   3.7478845E+02   1.0919451E-25
   3.7512219E+02   1.3980208E-25
   3.7545593E+02   1.6058214E-25
   3.7578966E+02   1.6920411E-25
   3.7612340E+02   1.6432556E-25
   3.7645714E+02   1.4576866E-25
   3.7679088E+02   1.1458871E-25
   3.7712462E+02   7.3020947E-26
   3.7745836E+02   2.4306082E-26
   3.7779210E+02  -2.7591402E-26
   3.7812583E+02  -7.8346867E-26
   3.7845957E+02  -1.2368436E-25
   3.7879331E+02  -1.5978718E-25
   3.7912705E+02  -1.8366739E-25
   3.7946079E+02  -1.9345305E-25
   3.7979453E+02  -1.8856204E-25
   3.8012827E+02  -1.6974286E-25
   3.8046200E+02  -1.3897874E-25
   3.8079574E+02  -9.9265277E-26
   3.8112948E+02  -5.4288477E-26
   3.8146322E+02  -8.0361014E-27
   3.8179696E+02   3.5612706E-26
   3.8213070E+02   7.3276864E-26
   3.8246444E+02   1.0240256E-25
   3.8279817E+02   1.2149879E-25
   3.8313191E+02   1.3025714E-25
   3.8346565E+02   1.2954568E-25
   3.8379939E+02   1.2127918E-25
   3.8413313E+02   1.0817578E-25
   3.8446687E+02   9.3422326E-26
   3.8480061E+02   8.0274714E-26
   3.8513434E+02   7.1625785E-26
   3.8546808E+02   6.9573618E-26
   3.8580182E+02   7.5033528E-26
   3.8613556E+02   8.7434532E-26
   3.8646930E+02   1.0453755E-25
   3.8680304E+02   1.2242735E-25
   3.8713678E+02   1.3570963E-25
   3.8747051E+02   1.3794016E-25
   3.8780425E+02   1.2229383E-25
   3.8813799E+02   8.2455082E-26
   3.8847173E+02   1.3669351E-26
   3.8880547E+02  -8.6137571E-26
   3.8913921E+02  -2.1530139E-25
   3.8947295E+02  -3.6759572E-25
   3.8980668E+02  -5.3180200E-25
   3.9014042E+02  -6.9185226E-25
   3.9047416E+02  -8.2765994E-25
   3.9080790E+02  -9.1668763E-25
   3.9114164E+02  -9.3622071E-25
   3.9147538E+02  -8.6618150E-25
   3.9180912E+02  -6.9222081E-25
   3.9214285E+02  -4.0872082E-25
   3.9247659E+02  -2.1299269E-26
   3.9281033E+02   4.5162898E-25
   3.9314407E+02   9.7858412E-25
   3.9347781E+02   1.5162991E-24
   3.9381155E+02   2.0126133E-24
   3.9414529E+02   2.4108303E-24
   3.9447903E+02   2.6551812E-24
   3.9481276E+02   2.6968563E-24
   3.9514650E+02   2.4999195E-24
   3.9548024E+02   2.0464324E-24
   3.9581398E+02   1.3401287E-24
   3.9614772E+02   4.0818893E-25
   3.9648146E+02  -6.9911693E-25
   3.9681520E+02  -1.9108724E-24
   3.9714893E+02  -3.1397550E-24
   3.9748267E+02  -4.2875710E-24
   3.9781641E+02  -5.2515386E-24
   3.9815015E+02  -5.9307573E-24
   3.9848389E+02  -6.2325108E-24
   3.9881763E+02  -6.0782837E-24
   3.9915137E+02  -5.4095434E-24
   3.9948510E+02  -4.1936169E-24
   3.9981884E+02  -2.4299770E-24
   4.0015258E+02  -1.5703391E-25
   4.0048632E+02   2.5407419E-24
   4.0082006E+02   5.5262953E-24
   4.0115380E+02   8.6054564E-24
   4.0148754E+02   1.1526588E-23
   4.0182127E+02   1.3986789E-23
   4.0215501E+02   1.5647092E-23
   4.0248875E+02   1.6158367E-23
   4.0282249E+02   1.5198343E-23
   4.0315623E+02   1.2518376E-23
   4.0348997E+02   7.9962144E-24
   4.0382371E+02   1.6886727E-24
   4.0415744E+02  -6.1238558E-24
   4.0449118E+02  -1.4910484E-23
   4.0482492E+02  -2.3889845E-23
   4.0515866E+02  -3.2064864E-23
   4.0549240E+02  -3.8296849E-23
   4.0582614E+02  -4.1418681E-23
   4.0615988E+02  -4.0380774E-23
   4.0649361E+02  -3.4416881E-23
   4.0682735E+02  -2.3211443E-23
   4.0716109E+02  -7.0444435E-24
   4.0749483E+02   1.3111234E-23
   4.0782857E+02   3.5564440E-23
   4.0816231E+02   5.7971779E-23
   4.0849605E+02   7.7505634E-23
   4.0882978E+02   9.1122825E-23
   4.0916352E+02   9.5918696E-23
   4.0949726E+02   8.9536129E-23
   4.0983100E+02   7.0586188E-23
   4.1016474E+02   3.9026394E-23
   4.1049848E+02  -3.5617449E-24
   4.1083222E+02  -5.3852669E-23
   4.1116595E+02  -1.0686105E-22
   4.1149969E+02  -1.5625950E-22
   4.1183343E+02  -1.9493419E-22
   4.1216717E+02  -2.1575300E-22
   4.1250091E+02  -2.1248793E-22
   4.1283465E+02  -1.8080321E-22
   4.1316839E+02  -1.1919327E-22
   4.1350213E+02  -2.9740239E-23
   4.1383586E+02   8.1443956E-23
   4.1416960E+02   2.0421053E-22
   4.1450334E+02   3.2488998E-22
   4.1483708E+02   4.2736945E-22
   4.1517082E+02   4.9470338E-22
   4.1550456E+02   5.1115566E-22
   4.1583830E+02   4.6449039E-22
   4.1617203E+02   3.4826364E-22
   4.1650577E+02   1.6381184E-22
   4.1683951E+02  -7.8386047E-23
   4.1717325E+02  -3.5827960E-22
   4.1750699E+02  -6.4699544E-22
   4.1784073E+02  -9.0889923E-22
   4.1817447E+02  -1.1049576E-21
   4.1850820E+02  -1.1972092E-21
   4.1884194E+02  -1.1539640E-21
   4.1917568E+02  -9.5517611E-22
   4.1950942E+02  -5.9730488E-22
   4.1984316E+02  -9.6910275E-23
   4.2017690E+02   5.0774092E-22
   4.2051064E+02   1.1576567E-21
   4.2084437E+02   1.7770441E-21
   4.2117811E+02   2.2802053E-21
   4.2151185E+02   2.5810341E-21
   4.2184559E+02   2.6043228E-21
   4.2217933E+02   2.2977018E-21
   4.2251307E+02   1.6427219E-21
   4.2284681E+02   6.6345045E-22
   4.2318054E+02  -5.6902988E-22
   4.2351428E+02  -1.9375599E-21
   4.2384802E+02  -3.2861456E-21
   4.2418176E+02  -4.4336800E-21
   4.2451550E+02  -5.1934963E-21
   4.2484924E+02  -5.3972000E-21
   4.2518298E+02  -4.9203914E-21
   4.2551671E+02  -3.7072078E-21
   4.2585045E+02  -1.7901758E-21
   4.2618419E+02   6.9809873E-22
   4.2651793E+02   3.5244987E-21
   4.2685167E+02   6.3683246E-21
   4.2718541E+02   8.8483591E-21
   4.2751915E+02   1.0563066E-20
   4.2785288E+02   1.1140961E-20
   4.2818662E+02   1.0296314E-20
   4.2852036E+02   7.8836120E-21
   4.2885410E+02   3.9432374E-21
   4.2918784E+02  -1.2695783E-21
   4.2952158E+02  -7.2795852E-21
   4.2985532E+02  -1.3415373E-20
   4.3018905E+02  -1.8864473E-20
   4.3052279E+02  -2.2758049E-20
   4.3085653E+02  -2.4279095E-20
   4.3119027E+02  -2.2783557E-20
   4.3152401E+02  -1.7920086E-20
   4.3185775E+02  -9.7314414E-21
   4.3219149E+02   1.2799517E-21
   4.3252522E+02   1.4138074E-20
   4.3285896E+02   2.7442450E-20
   4.3319270E+02   3.9484959E-20
   4.3352644E+02   4.8430149E-20
   4.3386018E+02   5.2545078E-20
   4.3419392E+02   5.0455242E-20
   4.3452766E+02   4.1394926E-20
   4.3486140E+02   2.5415863E-20
   4.3519513E+02   3.5174393E-21
   4.3552887E+02  -2.2333489E-20
   4.3586261E+02  -4.9314595E-20
   4.3619635E+02  -7.3998376E-20
   4.3653009E+02  -9.2728291E-20
   4.3686383E+02  -1.0208829E-19
   4.3719757E+02  -9.9414450E-20
   4.3753130E+02  -8.3282955E-20
   4.3786504E+02  -5.3901454E-20
   4.3819878E+02  -1.3332642E-20
   4.3853252E+02   3.4508030E-20
   4.3886626E+02   8.4116029E-20
   4.3920000E+02   1.2892600E-19
   4.3953374E+02   1.6207089E-19
   4.3986747E+02   1.7729996E-19
   4.4020121E+02   1.6994984E-19
   4.4053495E+02   1.3783952E-19
   4.4086869E+02   8.1951446E-20
   4.4120243E+02   6.7702568E-21
   4.4153617E+02  -7.9818832E-20
   4.4186991E+02  -1.6712277E-19
   4.4220364E+02  -2.4271286E-19
   4.4253738E+02  -2.9389507E-19
   4.4287112E+02  -3.0943002E-19
   4.4320486E+02  -2.8129724E-19
   4.4353860E+02  -2.0626406E-19
   4.4387234E+02  -8.7013533E-20
   4.4420608E+02   6.7385674E-20
   4.4453981E+02   2.4182279E-19
   4.4487355E+02   4.1636271E-19
   4.4520729E+02   5.6828750E-19
   4.4554103E+02   6.7478871E-19
   4.4587477E+02   7.1602543E-19
   4.4620851E+02   6.7818016E-19
   4.4654225E+02   5.5609367E-19
   4.4687598E+02   3.5507777E-19
   4.4720972E+02   9.1558735E-20
   4.4754346E+02  -2.0766088E-19
   4.4787720E+02  -5.0758377E-19
   4.4821094E+02  -7.6850549E-19
   4.4854468E+02  -9.5048739E-19
   4.4887842E+02  -1.0183281E-18
   4.4921215E+02  -9.4643772E-19
   4.4954589E+02  -7.2297674E-19
   4.4987963E+02  -3.5266132E-19
   4.5021337E+02   1.4223459E-19
   4.5054711E+02   7.2296366E-19
   4.5088085E+02   1.3375059E-18
   4.5121459E+02   1.9256519E-18
   4.5154832E+02   2.4254838E-18
   4.5188206E+02   2.7805515E-18
   4.5221580E+02   2.9469105E-18
   4.5254954E+02   2.8991510E-18
   4.5288328E+02   2.6346071E-18
   4.5321702E+02   2.1750944E-18
   4.5355076E+02   1.5657716E-18
   4.5388450E+02   8.7099368E-19
   4.5421823E+02   1.6733618E-19
   4.5455197E+02  -4.6575232E-19
   4.5488571E+02  -9.5694788E-19
   4.5521945E+02  -1.2547912E-18
   4.5555319E+02  -1.3390990E-18
   4.5588693E+02  -1.2309157E-18
   4.5622067E+02  -9.9989841E-19
   4.5655440E+02  -7.6816851E-19
   4.5688814E+02  -7.0991737E-19
   4.5722188E+02  -1.0464897E-18
   4.5755562E+02  -2.0371742E-18
   4.5788936E+02  -3.9666177E-18
   4.5822310E+02  -7.1304565E-18
   4.5855684E+02  -1.1821266E-17
   4.5889057E+02  -1.8317433E-17
   4.5922431E+02  -2.6877527E-17
   4.5955805E+02  -3.7742425E-17
   4.5989179E+02  -5.1146658E-17
   4.6022553E+02  -6.7339450E-17
   4.6055927E+02  -8.6614453E-17
   4.6089301E+02  -1.0934593E-16
   4.6122674E+02  -1.3602808E-16
   4.6156048E+02  -1.6731339E-16
   4.6189422E+02  -2.0404672E-16
   4.6222796E+02  -2.4729058E-16
   4.6256170E+02  -2.9834073E-16
   4.6289544E+02  -3.5872825E-16
   4.6322918E+02  -4.3020851E-16
   4.6356291E+02  -5.1473642E-16
   4.6389665E+02  -6.1442568E-16
   4.6423039E+02  -7.3149342E-16
   4.6456413E+02  -8.6818537E-16
   4.6489787E+02  -1.0266834E-15
   4.6523161E+02  -1.2089944E-15
   4.6556535E+02  -1.4168102E-15
   4.6589908E+02  -1.6513411E-15
   4.6623282E+02  -1.9131084E-15
   4.6656656E+02  -2.2016894E-15
   4.6690030E+02  -2.5153846E-15
   4.6723404E+02  -2.8508031E-15
   4.6756778E+02  -3.2023207E-15
   4.6790152E+02  -3.5613835E-15
   4.6823525E+02  -3.9156165E-15
   4.6856899E+02  -4.2477097E-15
   4.6890273E+02  -4.5339810E-15
   4.6923647E+02  -4.7425879E-15
   4.6957021E+02  -4.8313074E-15
   4.6990395E+02  -4.7447431E-15
   4.7023769E+02  -4.4109156E-15
   4.7057142E+02  -3.7370026E-15
   4.7090516E+02  -2.6041892E-15
   4.7123890E+02  -8.6135882E-16
   4.7157264E+02   1.6825558E-15
   4.7190638E+02   5.2676513E-15
   4.7224012E+02   1.0194021E-14
   4.7257386E+02   1.6834812E-14
   4.7290760E+02   2.5651713E-14
   4.7324133E+02   3.7213539E-14
   4.7357507E+02   5.2218402E-14
   4.7390881E+02   7.1519966E-14
   4.7424255E+02   9.6159056E-14
   4.7457629E+02   1.2740076E-13
   4.7491003E+02   1.6677896E-13
   4.7524377E+02   2.1614874E-13
   4.7557750E+02   2.7774858E-13
   4.7591124E+02   3.5427341E-13
   4.7624498E+02   4.4895988E-13
   4.7657872E+02   5.6568720E-13
   4.7691246E+02   7.0909348E-13
   4.7724620E+02   8.8471071E-13
   4.7757994E+02   1.0991245E-12
   4.7791367E+02   1.3601568E-12
   4.7824741E+02   1.6770786E-12
   4.7858115E+02   2.0608582E-12
   4.7891489E+02   2.5244472E-12
   4.7924863E+02   3.0831123E-12
   4.7958237E+02   3.7548172E-12
   4.7991611E+02   4.5606635E-12
   4.8024984E+02   5.5253952E-12
   4.8058358E+02   6.6779854E-12
   4.8091732E+02   8.0522897E-12
   4.8125106E+02   9.6878183E-12
   4.8158480E+02   1.1630594E-11
   4.8191854E+02   1.3934129E-11
   4.8225228E+02   1.6660564E-11
   4.8258601E+02   1.9881926E-11
   4.8291975E+02   2.3681555E-11
   4.8325349E+02   2.8155757E-11
   4.8358723E+02   3.3415621E-11
   4.8392097E+02   3.9589082E-11
   4.8425471E+02   4.6823240E-11
   4.8458845E+02   5.5286983E-11
   4.8492218E+02   6.5173866E-11
   4.8525592E+02   7.6705392E-11
   4.8558966E+02   9.0134643E-11
   4.8592340E+02   1.0575030E-10
   4.8625714E+02   1.2388106E-10
   4.8659088E+02   1.4490076E-10
   4.8692462E+02   1.6923374E-10
   4.8725835E+02   1.9736099E-10
   4.8759209E+02   2.2982678E-10
   4.8792583E+02   2.6724617E-10
   4.8825957E+02   3.1031266E-10
   4.8859331E+02   3.5980749E-10
   4.8892705E+02   4.1660858E-10
   4.8926079E+02   4.8170146E-10
   4.8959452E+02   5.5618998E-10
   4.8992826E+02   6.4130912E-10
   4.9026200E+02   7.3843759E-10
   4.9059574E+02   8.4911245E-10
   4.9092948E+02   9.7504393E-10
   4.9126322E+02   1.1181311E-09
   4.9159696E+02   1.2804807E-09
   4.9193069E+02   1.4644239E-09
   4.9226443E+02   1.6725370E-09
   4.9259817E+02   1.9076598E-09
   4.9293191E+02   2.1729207E-09
   4.9326565E+02   2.4717546E-09
   4.9359939E+02   2.8079290E-09
   4.9393313E+02   3.1855678E-09
   4.9426687E+02   3.6091743E-09
   4.9460060E+02   4.0836587E-09
   4.9493434E+02   4.6143622E-09
   4.9526808E+02   5.2070863E-09
   4.9560182E+02   5.8681113E-09
   4.9593556E+02   6.6042292E-09
   4.9626930E+02   7.4227682E-09
   4.9660304E+02   8.3316127E-09
   4.9693677E+02   9.3392298E-09
   4.9727051E+02   1.0454688E-08
   4.9760425E+02   1.1687683E-08
   4.9793799E+02   1.3048541E-08
   4.9827173E+02   1.4548251E-08
   4.9860547E+02   1.6198461E-08
   4.9893921E+02   1.8011491E-08
   4.9927294E+02   2.0000332E-08
   4.9960668E+02   2.2178634E-08
   4.9994042E+02   2.4560713E-08
   5.0027416E+02   2.7161523E-08
   5.0060790E+02   2.9996620E-08
   5.0094164E+02   3.3082131E-08
   5.0127538E+02   3.6434766E-08
   5.0160911E+02   4.0071662E-08
   5.0194285E+02   4.4010427E-08
   5.0227659E+02   4.8268994E-08
   5.0261033E+02   5.2865545E-08
   5.0294407E+02   5.7818468E-08
   5.0327781E+02   6.3146146E-08
   5.0361155E+02   6.8866896E-08
   5.0394528E+02   7.4998852E-08
   5.0427902E+02   8.1559691E-08
   5.0461276E+02   8.8566615E-08
   5.0494650E+02   9.6036047E-08
   5.0528024E+02   1.0398344E-07
   5.0561398E+02   1.1242315E-07
   5.0594772E+02   1.2136809E-07
   5.0628145E+02   1.3082953E-07
   5.0661519E+02   1.4081684E-07
   5.0694893E+02   1.5133722E-07
   5.0728267E+02   1.6239528E-07
   5.0761641E+02   1.7399307E-07
   5.0795015E+02   1.8612930E-07
   5.0828389E+02   1.9879941E-07
   5.0861762E+02   2.1199511E-07
   5.0895136E+02   2.2570397E-07
   5.0928510E+02   2.3990930E-07
   5.0961884E+02   2.5458948E-07
   5.0995258E+02   2.6971810E-07
   5.1028632E+02   2.8526318E-07
   5.1062006E+02   3.0118730E-07
   5.1095379E+02   3.1744685E-07
   5.1128753E+02   3.3399220E-07
   5.1162127E+02   3.5076712E-07
   5.1195501E+02   3.6770896E-07
   5.1228875E+02   3.8474784E-07
   5.1262249E+02   4.0180717E-07
   5.1295623E+02   4.1880298E-07
   5.1328997E+02   4.3564438E-07
   5.1362370E+02   4.5223311E-07
   5.1395744E+02   4.6846384E-07
   5.1429118E+02   4.8422373E-07
   5.1462492E+02   4.9939382E-07
   5.1495866E+02   5.1384791E-07
   5.1529240E+02   5.2745355E-07
   5.1562614E+02   5.4007228E-07
   5.1595987E+02   5.5155988E-07
   5.1629361E+02   5.6176731E-07
   5.1662735E+02   5.7054075E-07
   5.1696109E+02   5.7772269E-07
   5.1729483E+02   5.8315254E-07
   5.1762857E+02   5.8666711E-07
   5.1796231E+02   5.8810235E-07
   5.1829604E+02   5.8729330E-07
   5.1862978E+02   5.8407562E-07
   5.1896352E+02   5.7828714E-07
   5.1929726E+02   5.6976796E-07
   5.1963100E+02   5.5836261E-07
   5.1996474E+02   5.4392092E-07
   5.2029848E+02   5.2629957E-07
   5.2063221E+02   5.0536295E-07
   5.2096595E+02   4.8098508E-07
   5.2129969E+02   4.5305060E-07
   5.2163343E+02   4.2145615E-07
   5.2196717E+02   3.8611216E-07
   5.2230091E+02   3.4694364E-07
   5.2263465E+02   3.0389202E-07
   5.2296838E+02   2.5691634E-07
   5.2330212E+02   2.0599417E-07
   5.2363586E+02   1.5112333E-07
   5.2396960E+02   9.2322168E-08
   5.2430334E+02   2.9631479E-08
   5.2463708E+02  -3.6885016E-08
   5.2497082E+02  -1.0714017E-07
   5.2530455E+02  -1.8102247E-07
   5.2563829E+02  -2.5839574E-07
   5.2597203E+02  -3.3909856E-07
   5.2630577E+02  -4.2294425E-07
   5.2663951E+02  -5.0972108E-07
   5.2697325E+02  -5.9919194E-07
   5.2730699E+02  -6.9109524E-07
   5.2764072E+02  -7.8514506E-07
   5.2797446E+02  -8.8103229E-07
   5.2830820E+02  -9.7842451E-07
   5.2864194E+02  -1.0769691E-06
   5.2897568E+02  -1.1762922E-06
   5.2930942E+02  -1.2760024E-06
   5.2964316E+02  -1.3756909E-06
   5.2997689E+02  -1.4749343E-06
   5.3031063E+02  -1.5732967E-06
   5.3064437E+02  -1.6703304E-06
   5.3097811E+02  -1.7655816E-06
   5.3131185E+02  -1.8585889E-06
   5.3164559E+02  -1.9488898E-06
   5.3197933E+02  -2.0360189E-06
   5.3231306E+02  -2.1195158E-06
   5.3264680E+02  -2.1989244E-06
   5.3298054E+02  -2.2737968E-06
   5.3331428E+02  -2.3436958E-06
   5.3364802E+02  -2.4082001E-06
   5.3398176E+02  -2.4669043E-06
   5.3431550E+02  -2.5194227E-06
   5.3464924E+02  -2.5653937E-06
   5.3498297E+02  -2.6044802E-06
   5.3531671E+02  -2.6363732E-06
   5.3565045E+02  -2.6607959E-06
   5.3598419E+02  -2.6775026E-06
   5.3631793E+02  -2.6862836E-06
   5.3665167E+02  -2.6869661E-06
   5.3698541E+02  -2.6794162E-06
   5.3731914E+02  -2.6635382E-06
   5.3765288E+02  -2.6392804E-06
   5.3798662E+02  -2.6066307E-06
   5.3832036E+02  -2.5656229E-06
   5.3865410E+02  -2.5163295E-06
   5.3898784E+02  -2.4588708E-06
   5.3932158E+02  -2.3934067E-06
   5.3965531E+02  -2.3201417E-06
   5.3998905E+02  -2.2393215E-06
   5.4032279E+02  -2.1512319E-06
   5.4065653E+02  -2.0561974E-06
   5.4099027E+02  -1.9545819E-06
   5.4132401E+02  -1.8467815E-06
   5.4165775E+02  -1.7332278E-06
   5.4199148E+02  -1.6143829E-06
   5.4232522E+02  -1.4907362E-06
   5.4265896E+02  -1.3628024E-06
   5.4299270E+02  -1.2311182E-06
   5.4332644E+02  -1.0962386E-06
   5.4366018E+02  -9.5873418E-07
   5.4399392E+02  -8.1918745E-07
   5.4432765E+02  -6.7818922E-07
   5.4466139E+02  -5.3633420E-07
   5.4499513E+02  -3.9421937E-07
   5.4532887E+02  -2.5243824E-07
   5.4566261E+02  -1.1157798E-07
   5.4599635E+02   2.7783813E-08
   5.4633009E+02   1.6508297E-07
   5.4666382E+02   2.9977167E-07
   5.4699756E+02   4.3132232E-07
   5.4733130E+02   5.5923027E-07
   5.4766504E+02   6.8301614E-07
   5.4799878E+02   8.0222947E-07
   5.4833252E+02   9.1645046E-07
   5.4866626E+02   1.0252921E-06
   5.4899999E+02   1.1284026E-06
   5.4933373E+02   1.2254669E-06
   5.4966747E+02   1.3162072E-06
   5.5000121E+02   1.4003851E-06
   5.5033495E+02   1.4778013E-06
   5.5066869E+02   1.5482985E-06
   5.5100243E+02   1.6117575E-06
   5.5133616E+02   1.6681008E-06
   5.5166990E+02   1.7172899E-06
   5.5200364E+02   1.7593263E-06
   5.5233738E+02   1.7942494E-06
   5.5267112E+02   1.8221357E-06
   5.5300486E+02   1.8430974E-06
   5.5333860E+02   1.8572806E-06
   5.5367234E+02   1.8648630E-06
   5.5400607E+02   1.8660533E-06
   5.5433981E+02   1.8610876E-06
   5.5467355E+02   1.8502278E-06
   5.5500729E+02   1.8337576E-06
   5.5534103E+02   1.8119827E-06
   5.5567477E+02   1.7852258E-06
   5.5600851E+02   1.7538243E-06
   5.5634224E+02   1.7181292E-06
   5.5667598E+02   1.6784994E-06
   5.5700972E+02   1.6353030E-06
   5.5734346E+02   1.5889095E-06
   5.5767720E+02   1.5396928E-06
   5.5801094E+02   1.4880247E-06
   5.5834468E+02   1.4342741E-06
   5.5867841E+02   1.3788042E-06
   5.5901215E+02   1.3219708E-06
   5.5934589E+02   1.2641204E-06
   5.5967963E+02   1.2055870E-06
   5.6001337E+02   1.1466915E-06
   5.6034711E+02   1.0877416E-06
   5.6068085E+02   1.0290275E-06
   5.6101458E+02   9.7082216E-07
   5.6134832E+02   9.1338086E-07
   5.6168206E+02   8.5694040E-07
   5.6201580E+02   8.0171685E-07
   5.6234954E+02   7.4790648E-07
   5.6268328E+02   6.9568659E-07
   5.6301702E+02   6.4521294E-07
   5.6335075E+02   5.9662148E-07
   5.6368449E+02   5.5002840E-07
   5.6401823E+02   5.0552978E-07
   5.6435197E+02   4.6320318E-07
   5.6468571E+02   4.2310717E-07
   5.6501945E+02   3.8528304E-07
   5.6535319E+02   3.4975469E-07
   5.6568692E+02   3.1653025E-07
   5.6602066E+02   2.8560217E-07
   5.6635440E+02   2.5694956E-07
   5.6668814E+02   2.3053803E-07
   5.6702188E+02   2.0632156E-07
   5.6735562E+02   1.8424319E-07
   5.6768936E+02   1.6423627E-07
   5.6802309E+02   1.4622574E-07
   5.6835683E+02   1.3012902E-07
   5.6869057E+02   1.1585719E-07
   5.6902431E+02   1.0331604E-07
   5.6935805E+02   9.2407006E-08
   5.6969179E+02   8.3028155E-08
   5.7002553E+02   7.5075164E-08
   5.7035926E+02   6.8442127E-08
   5.7069300E+02   6.3022370E-08
   5.7102674E+02   5.8709254E-08
   5.7136048E+02   5.5396960E-08
   5.7169422E+02   5.2980937E-08
   5.7202796E+02   5.1358647E-08
   5.7236170E+02   5.0430160E-08
   5.7269543E+02   5.0098457E-08
   5.7302917E+02   5.0270010E-08
   5.7336291E+02   5.0854936E-08
   5.7369665E+02   5.1767742E-08
   5.7403039E+02   5.2927057E-08
   5.7436413E+02   5.4256340E-08
   5.7469787E+02   5.5683884E-08
   5.7503161E+02   5.7142884E-08
   5.7536534E+02   5.8571743E-08
   5.7569908E+02   5.9914107E-08
   5.7603282E+02   6.1119003E-08
   5.7636656E+02   6.2140657E-08
   5.7670030E+02   6.2938952E-08
   5.7703404E+02   6.3479206E-08
   5.7736778E+02   6.3732209E-08
   5.7770151E+02   6.3674115E-08
   5.7803525E+02   6.3286784E-08
   5.7836899E+02   6.2557213E-08
   5.7870273E+02   6.1477976E-08
   5.7903647E+02   6.0046801E-08
   5.7937021E+02   5.8266810E-08
   5.7970395E+02   5.6146121E-08
   5.8003768E+02   5.3698095E-08
   5.8037142E+02   5.0940962E-08
   5.8070516E+02   4.7897874E-08
   5.8103890E+02   4.4596586E-08
   5.8137264E+02   4.1069505E-08
   5.8170638E+02   3.7353260E-08
   5.8204012E+02   3.3488750E-08
   5.8237385E+02   2.9520599E-08
   5.8270759E+02   2.5497172E-08
   5.8304133E+02   2.1470051E-08
   5.8337507E+02   1.7493790E-08
   5.8370881E+02   1.3625662E-08
   5.8404255E+02   9.9250244E-09
   5.8437629E+02   6.4531793E-09
   5.8471002E+02   3.2728114E-09
   5.8504376E+02   4.4757265E-10
   5.8537750E+02  -1.9584814E-09
   5.8571124E+02  -3.8813521E-09
   5.8604498E+02  -5.2575402E-09
   5.8637872E+02  -6.0247007E-09
   5.8671246E+02  -6.1222725E-09
   5.8704619E+02  -5.4919012E-09
   5.8737993E+02  -4.0781813E-09
   5.8771367E+02  -1.8291484E-09
   5.8804741E+02   1.3030501E-09
   5.8838115E+02   5.3616063E-09
   5.8871489E+02   1.0384507E-08
   5.8904863E+02   1.6403915E-08
   5.8938236E+02   2.3445743E-08
   5.8971610E+02   3.1529112E-08
   5.9004984E+02   4.0665871E-08
   5.9038358E+02   5.0860194E-08
   5.9071732E+02   6.2108249E-08
   5.9105106E+02   7.4397654E-08
   5.9138480E+02   8.7707477E-08
   5.9171853E+02   1.0200776E-07
   5.9205227E+02   1.1725950E-07
   5.9238601E+02   1.3341457E-07
   5.9271975E+02   1.5041559E-07
   5.9305349E+02   1.6819610E-07
   5.9338723E+02   1.8668071E-07
   5.9372097E+02   2.0578521E-07
   5.9405471E+02   2.2541704E-07
   5.9438844E+02   2.4547552E-07
   5.9472218E+02   2.6585224E-07
   5.9505592E+02   2.8643177E-07
   5.9538966E+02   3.0709222E-07
   5.9572340E+02   3.2770566E-07
   5.9605714E+02   3.4813917E-07
   5.9639088E+02   3.6825531E-07
   5.9672461E+02   3.8791330E-07
   5.9705835E+02   4.0696960E-07
   5.9739209E+02   4.2527910E-07
   5.9772583E+02   4.4269598E-07
   5.9805957E+02   4.5907478E-07
   5.9839331E+02   4.7427170E-07
   5.9872705E+02   4.8814525E-07
   5.9906078E+02   5.0055780E-07
   5.9939452E+02   5.1137624E-07
   5.9972826E+02   5.2047358E-07
   6.0006200E+02   5.2772941E-07
   6.0039574E+02   5.3303148E-07
   6.0072948E+02   5.3627633E-07
   6.0106322E+02   5.3737057E-07
   6.0139695E+02   5.3623148E-07
   6.0173069E+02   5.3278814E-07
   6.0206443E+02   5.2698215E-07
   6.0239817E+02   5.1876827E-07
   6.0273191E+02   5.0811519E-07
   6.0306565E+02   4.9500596E-07
   6.0339939E+02   4.7943860E-07
   6.0373312E+02   4.6142620E-07
   6.0406686E+02   4.4099755E-07
   6.0440060E+02   4.1819681E-07
   6.0473434E+02   3.9308401E-07
   6.0506808E+02   3.6573448E-07
   6.0540182E+02   3.3623920E-07
   6.0573556E+02   3.0470397E-07
   6.0606929E+02   2.7124932E-07
   6.0640303E+02   2.3600995E-07
   6.0673677E+02   1.9913391E-07
   6.0707051E+02   1.6078198E-07
   6.0740425E+02   1.2112689E-07
   6.0773799E+02   8.0352294E-08
   6.0807173E+02   3.8651642E-08
   6.0840546E+02  -3.7727186E-09
   6.0873920E+02  -4.6711026E-08
   6.0907294E+02  -8.9947136E-08
   6.0940668E+02  -1.3326012E-07
   6.0974042E+02  -1.7642546E-07
   6.1007416E+02  -2.1921653E-07
   6.1040790E+02  -2.6140614E-07
   6.1074163E+02  -3.0276792E-07
   6.1107537E+02  -3.4307772E-07
   6.1140911E+02  -3.8211519E-07
   6.1174285E+02  -4.1966513E-07
   6.1207659E+02  -4.5551906E-07
   6.1241033E+02  -4.8947629E-07
   6.1274407E+02  -5.2134538E-07
   6.1307781E+02  -5.5094563E-07
   6.1341154E+02  -5.7810814E-07
   6.1374528E+02  -6.0267666E-07
   6.1407902E+02  -6.2450931E-07
   6.1441276E+02  -6.4347887E-07
   6.1474650E+02  -6.5947427E-07
   6.1508024E+02  -6.7240063E-07
   6.1541398E+02  -6.8218060E-07
   6.1574771E+02  -6.8875420E-07
   6.1608145E+02  -6.9207965E-07
   6.1641519E+02  -6.9213320E-07
   6.1674893E+02  -6.8890949E-07
   6.1708267E+02  -6.8242127E-07
   6.1741641E+02  -6.7269957E-07
   6.1775015E+02  -6.5979327E-07
   6.1808388E+02  -6.4376871E-07
   6.1841762E+02  -6.2470906E-07
   6.1875136E+02  -6.0271407E-07
   6.1908510E+02  -5.7789913E-07
   6.1941884E+02  -5.5039447E-07
   6.1975258E+02  -5.2034432E-07
   6.2008632E+02  -4.8790560E-07
   6.2042005E+02  -4.5324748E-07
   6.2075379E+02  -4.1654914E-07
   6.2108753E+02  -3.7799938E-07
   6.2142127E+02  -3.3779489E-07
   6.2175501E+02  -2.9613875E-07
   6.2208875E+02  -2.5323948E-07
   6.2242249E+02  -2.0930931E-07
   6.2275622E+02  -1.6456298E-07
   6.2308996E+02  -1.1921620E-07
   6.2342370E+02  -7.3484671E-08
   6.2375744E+02  -2.7582352E-08
   6.2409118E+02   1.8279554E-08
   6.2442492E+02   6.3893964E-08
   6.2475866E+02   1.0905907E-07
   6.2509239E+02   1.5357961E-07
   6.2542613E+02   1.9726778E-07
   6.2575987E+02   2.3994451E-07
   6.2609361E+02   2.8144012E-07
   6.2642735E+02   3.2159534E-07
   6.2676109E+02   3.6026211E-07
   6.2709483E+02   3.9730404E-07
   6.2742856E+02   4.3259678E-07
   6.2776230E+02   4.6602898E-07
   6.2809604E+02   4.9750179E-07
   6.2842978E+02   5.2692963E-07
   6.2876352E+02   5.5424039E-07
   6.2909726E+02   5.7937439E-07
   6.2943100E+02   6.0228547E-07
   6.2976473E+02   6.2293998E-07
   6.3009847E+02   6.4131666E-07
   6.3043221E+02   6.5740653E-07
   6.3076595E+02   6.7121181E-07
   6.3109969E+02   6.8274596E-07
   6.3143343E+02   6.9203247E-07
   6.3176717E+02   6.9910425E-07
   6.3210090E+02   7.0400318E-07
   6.3243464E+02   7.0677908E-07
   6.3276838E+02   7.0748797E-07
   6.3310212E+02   7.0619296E-07
   6.3343586E+02   7.0296119E-07
   6.3376960E+02   6.9786444E-07
   6.3410334E+02   6.9097746E-07
   6.3443708E+02   6.8237711E-07
   6.3477081E+02   6.7214137E-07
   6.3510455E+02   6.6034852E-07
   6.3543829E+02   6.4707638E-07
   6.3577203E+02   6.3240151E-07
   6.3610577E+02   6.1639832E-07
   6.3643951E+02   5.9913782E-07
   6.3677325E+02   5.8068798E-07
   6.3710698E+02   5.6111259E-07
   6.3744072E+02   5.4047058E-07
   6.3777446E+02   5.1881602E-07
   6.3810820E+02   4.9619723E-07
   6.3844194E+02   4.7265712E-07
   6.3877568E+02   4.4823227E-07
   6.3910942E+02   4.2295406E-07
   6.3944315E+02   3.9684772E-07
   6.3977689E+02   3.6993245E-07
   6.4011063E+02   3.4222290E-07
   6.4044437E+02   3.1372764E-07
   6.4077811E+02   2.8445126E-07
   6.4111185E+02   2.5439422E-07
   6.4144559E+02   2.2355349E-07
   6.4177932E+02   1.9192314E-07
   6.4211306E+02   1.5949479E-07
   6.4244680E+02   1.2625944E-07
   6.4278054E+02   9.2206790E-08
   6.4311428E+02   5.7327384E-08
   6.4344802E+02   2.1612884E-08
   6.4378176E+02  -1.4942760E-08
   6.4411549E+02  -5.2342507E-08
   6.4444923E+02  -9.0585310E-08
   6.4478297E+02  -1.2966477E-07
   6.4511671E+02  -1.6956876E-07
   6.4545045E+02  -2.1027842E-07
   6.4578419E+02  -2.5176712E-07
   6.4611793E+02  -2.9400016E-07
   6.4645166E+02  -3.3693357E-07
   6.4678540E+02  -3.8051425E-07
   6.4711914E+02  -4.2467860E-07
   6.4745288E+02  -4.6935293E-07
   6.4778662E+02  -5.1445284E-07
   6.4812036E+02  -5.5988244E-07
   6.4845410E+02  -6.0553555E-07
   6.4878783E+02  -6.5129467E-07
   6.4912157E+02  -6.9703140E-07
   6.4945531E+02  -7.4260709E-07
   6.4978905E+02  -7.8787247E-07
   6.5012279E+02  -8.3266968E-07
   6.5045653E+02  -8.7683134E-07
   6.5079027E+02  -9.2018257E-07
   6.5112400E+02  -9.6254132E-07
   6.5145774E+02  -1.0037199E-06
   6.5179148E+02  -1.0435256E-06
   6.5212522E+02  -1.0817622E-06
   6.5245896E+02  -1.1182317E-06
   6.5279270E+02  -1.1527345E-06
   6.5312644E+02  -1.1850730E-06
   6.5346018E+02  -1.2150505E-06
   6.5379391E+02  -1.2424753E-06
   6.5412765E+02  -1.2671593E-06
   6.5446139E+02  -1.2889235E-06
   6.5479513E+02  -1.3075954E-06
   6.5512887E+02  -1.3230143E-06
   6.5546261E+02  -1.3350298E-06
   6.5579635E+02  -1.3435051E-06
   6.5613008E+02  -1.3483182E-06
   6.5646382E+02  -1.3493620E-06
   6.5679756E+02  -1.3465482E-06
   6.5713130E+02  -1.3398045E-06
   6.5746504E+02  -1.3290785E-06
   6.5779878E+02  -1.3143385E-06
   6.5813252E+02  -1.2955724E-06
   6.5846625E+02  -1.2727887E-06
   6.5879999E+02  -1.2460190E-06
   6.5913373E+02  -1.2153153E-06
   6.5946747E+02  -1.1807517E-06
   6.5980121E+02  -1.1424238E-06
   6.6013495E+02  -1.1004486E-06
