  -7.8094826E+01   0.0000000E+00
  -7.7761087E+01   0.0000000E+00
  -7.7427349E+01   0.0000000E+00
  -7.7093610E+01   0.0000000E+00
  -7.6759871E+01   0.0000000E+00
  -7.6426133E+01   0.0000000E+00
  -7.6092394E+01   0.0000000E+00
  -7.5758656E+01   0.0000000E+00
  -7.5424917E+01   0.0000000E+00
  -7.5091178E+01   0.0000000E+00
  -7.4757440E+01   0.0000000E+00
  -7.4423701E+01   0.0000000E+00
  -7.4089963E+01   0.0000000E+00
  -7.3756224E+01   0.0000000E+00
  -7.3422485E+01   0.0000000E+00
  -7.3088747E+01   0.0000000E+00
  -7.2755008E+01   0.0000000E+00
  -7.2421270E+01   0.0000000E+00
  -7.2087531E+01   0.0000000E+00
  -7.1753792E+01   0.0000000E+00
  -7.1420054E+01   0.0000000E+00
  -7.1086315E+01   0.0000000E+00
  -7.0752577E+01   0.0000000E+00
  -7.0418838E+01   0.0000000E+00
  -7.0085099E+01   0.0000000E+00
  -6.9751361E+01   0.0000000E+00
  -6.9417622E+01   0.0000000E+00
  -6.9083884E+01   0.0000000E+00
  -6.8750145E+01   0.0000000E+00
  -6.8416406E+01   0.0000000E+00
  -6.8082668E+01   0.0000000E+00
  -6.7748929E+01   0.0000000E+00
  -6.7415191E+01   0.0000000E+00
  -6.7081452E+01   0.0000000E+00
  -6.6747714E+01   0.0000000E+00
  -6.6413975E+01   0.0000000E+00
  -6.6080236E+01   0.0000000E+00
  -6.5746498E+01   0.0000000E+00
  -6.5412759E+01   0.0000000E+00
  -6.5079021E+01   0.0000000E+00
  -6.4745282E+01   0.0000000E+00
  -6.4411543E+01   0.0000000E+00
  -6.4077805E+01   0.0000000E+00
  -6.3744066E+01   0.0000000E+00
  -6.3410328E+01   0.0000000E+00
  -6.3076589E+01   0.0000000E+00
  -6.2742850E+01   0.0000000E+00
  -6.2409112E+01   0.0000000E+00
  -6.2075373E+01   0.0000000E+00
  -6.1741635E+01   0.0000000E+00
  -6.1407896E+01   0.0000000E+00
  -6.1074157E+01   0.0000000E+00
  -6.0740419E+01   0.0000000E+00
  -6.0406680E+01   0.0000000E+00
  -6.0072942E+01   0.0000000E+00
  -5.9739203E+01   0.0000000E+00
  -5.9405464E+01   0.0000000E+00
  -5.9071726E+01   0.0000000E+00
  -5.8737987E+01   0.0000000E+00
  -5.8404249E+01   0.0000000E+00
  -5.8070510E+01   0.0000000E+00
  -5.7736771E+01   0.0000000E+00
  -5.7403033E+01   0.0000000E+00
  -5.7069294E+01   0.0000000E+00
  -5.6735556E+01   0.0000000E+00
  -5.6401817E+01   0.0000000E+00
  -5.6068078E+01   0.0000000E+00
  -5.5734340E+01   0.0000000E+00
  -5.5400601E+01   0.0000000E+00
  -5.5066863E+01   0.0000000E+00
  -5.4733124E+01   0.0000000E+00
  -5.4399385E+01   0.0000000E+00
  -5.4065647E+01   0.0000000E+00
  -5.3731908E+01   0.0000000E+00
  -5.3398170E+01   0.0000000E+00
  -5.3064431E+01   0.0000000E+00
  -5.2730693E+01   0.0000000E+00
  -5.2396954E+01   0.0000000E+00
  -5.2063215E+01   0.0000000E+00
  -5.1729477E+01   0.0000000E+00
  -5.1395738E+01   0.0000000E+00
  -5.1062000E+01   0.0000000E+00
  -5.0728261E+01   0.0000000E+00
  -5.0394522E+01   0.0000000E+00
  -5.0060784E+01   0.0000000E+00
  -4.9727045E+01   0.0000000E+00
  -4.9393307E+01   0.0000000E+00
  -4.9059568E+01   0.0000000E+00
  -4.8725829E+01   0.0000000E+00
  -4.8392091E+01   0.0000000E+00
  -4.8058352E+01   0.0000000E+00
  -4.7724614E+01   0.0000000E+00
  -4.7390875E+01   0.0000000E+00
  -4.7057136E+01   0.0000000E+00
  -4.6723398E+01   0.0000000E+00
  -4.6389659E+01   0.0000000E+00
  -4.6055921E+01   0.0000000E+00
  -4.5722182E+01   0.0000000E+00
  -4.5388443E+01   0.0000000E+00
  -4.5054705E+01   0.0000000E+00
  -4.4720966E+01   0.0000000E+00
  -4.4387228E+01   0.0000000E+00
  -4.4053489E+01   0.0000000E+00
  -4.3719750E+01   0.0000000E+00
  -4.3386012E+01   0.0000000E+00
  -4.3052273E+01   0.0000000E+00
  -4.2718535E+01   0.0000000E+00
  -4.2384796E+01   0.0000000E+00
  -4.2051057E+01   0.0000000E+00
  -4.1717319E+01   0.0000000E+00
  -4.1383580E+01   0.0000000E+00
  -4.1049842E+01   0.0000000E+00
  -4.0716103E+01   0.0000000E+00
  -4.0382364E+01   0.0000000E+00
  -4.0048626E+01   0.0000000E+00
  -3.9714887E+01   0.0000000E+00
  -3.9381149E+01   0.0000000E+00
  -3.9047410E+01   0.0000000E+00
  -3.8713672E+01   0.0000000E+00
  -3.8379933E+01   0.0000000E+00
  -3.8046194E+01   0.0000000E+00
  -3.7712456E+01   0.0000000E+00
  -3.7378717E+01   0.0000000E+00
  -3.7044979E+01   0.0000000E+00
  -3.6711240E+01   0.0000000E+00
  -3.6377501E+01   0.0000000E+00
  -3.6043763E+01   0.0000000E+00
  -3.5710024E+01   0.0000000E+00
  -3.5376286E+01   0.0000000E+00
  -3.5042547E+01   0.0000000E+00
  -3.4708808E+01   0.0000000E+00
  -3.4375070E+01   0.0000000E+00
  -3.4041331E+01   0.0000000E+00
  -3.3707593E+01   0.0000000E+00
  -3.3373854E+01   0.0000000E+00
  -3.3040115E+01   0.0000000E+00
  -3.2706377E+01   0.0000000E+00
  -3.2372638E+01   0.0000000E+00
  -3.2038900E+01   0.0000000E+00
  -3.1705161E+01   0.0000000E+00
  -3.1371422E+01   0.0000000E+00
  -3.1037684E+01   0.0000000E+00
  -3.0703945E+01   0.0000000E+00
  -3.0370207E+01   0.0000000E+00
  -3.0036468E+01   0.0000000E+00
  -2.9702729E+01   0.0000000E+00
  -2.9368991E+01   0.0000000E+00
  -2.9035252E+01   0.0000000E+00
  -2.8701514E+01   0.0000000E+00
  -2.8367775E+01   0.0000000E+00
  -2.8034036E+01   0.0000000E+00
  -2.7700298E+01   0.0000000E+00
  -2.7366559E+01   0.0000000E+00
  -2.7032821E+01   0.0000000E+00
  -2.6699082E+01   0.0000000E+00
  -2.6365343E+01   0.0000000E+00
  -2.6031605E+01   0.0000000E+00
  -2.5697866E+01   0.0000000E+00
  -2.5364128E+01   0.0000000E+00
  -2.5030389E+01   0.0000000E+00
  -2.4696651E+01   0.0000000E+00
  -2.4362912E+01   0.0000000E+00
  -2.4029173E+01   0.0000000E+00
  -2.3695435E+01   0.0000000E+00
  -2.3361696E+01   0.0000000E+00
  -2.3027958E+01   0.0000000E+00
  -2.2694219E+01   0.0000000E+00
  -2.2360480E+01   0.0000000E+00
  -2.2026742E+01   0.0000000E+00
  -2.1693003E+01   0.0000000E+00
  -2.1359265E+01   0.0000000E+00
  -2.1025526E+01   0.0000000E+00
  -2.0691787E+01   0.0000000E+00
  -2.0358049E+01   0.0000000E+00
  -2.0024310E+01   0.0000000E+00
  -1.9690572E+01   0.0000000E+00
  -1.9356833E+01   0.0000000E+00
  -1.9023094E+01   0.0000000E+00
  -1.8689356E+01   0.0000000E+00
  -1.8355617E+01   0.0000000E+00
  -1.8021879E+01   0.0000000E+00
  -1.7688140E+01   0.0000000E+00
  -1.7354401E+01   0.0000000E+00
  -1.7020663E+01   0.0000000E+00
  -1.6686924E+01   0.0000000E+00
  -1.6353186E+01   0.0000000E+00
  -1.6019447E+01   0.0000000E+00
  -1.5685708E+01   0.0000000E+00
  -1.5351970E+01   0.0000000E+00
  -1.5018231E+01   0.0000000E+00
  -1.4684493E+01   0.0000000E+00
  -1.4350754E+01   0.0000000E+00
  -1.4017015E+01   0.0000000E+00
  -1.3683277E+01   0.0000000E+00
  -1.3349538E+01   0.0000000E+00
  -1.3015800E+01   0.0000000E+00
  -1.2682061E+01   0.0000000E+00
  -1.2348322E+01   0.0000000E+00
  -1.2014584E+01   0.0000000E+00
  -1.1680845E+01   0.0000000E+00
  -1.1347107E+01   0.0000000E+00
  -1.1013368E+01   0.0000000E+00
  -1.0679630E+01   0.0000000E+00
  -1.0345891E+01   0.0000000E+00
  -1.0012152E+01   0.0000000E+00
  -9.6784137E+00   0.0000000E+00
  -9.3446751E+00   0.0000000E+00
  -9.0109365E+00   0.0000000E+00
  -8.6771979E+00   0.0000000E+00
  -8.3434593E+00   0.0000000E+00
  -8.0097207E+00   0.0000000E+00
  -7.6759821E+00   0.0000000E+00
  -7.3422436E+00   0.0000000E+00
  -7.0085050E+00   0.0000000E+00
  -6.6747664E+00   0.0000000E+00
  -6.3410278E+00   0.0000000E+00
  -6.0072892E+00   0.0000000E+00
  -5.6735506E+00   0.0000000E+00
  -5.3398120E+00   0.0000000E+00
  -5.0060734E+00   0.0000000E+00
  -4.6723348E+00   0.0000000E+00
  -4.3385962E+00   0.0000000E+00
  -4.0048576E+00   0.0000000E+00
  -3.6711190E+00   0.0000000E+00
  -3.3373804E+00   0.0000000E+00
  -3.0036418E+00   0.0000000E+00
  -2.6699032E+00   0.0000000E+00
  -2.3361646E+00   0.0000000E+00
  -2.0024260E+00   0.0000000E+00
  -1.6686874E+00   0.0000000E+00
  -1.3349488E+00   0.0000000E+00
  -1.0012102E+00   0.0000000E+00
  -6.6747165E-01   0.0000000E+00
  -3.3373305E-01   0.0000000E+00
   5.5432320E-06   0.0000000E+00
   3.3374414E-01   0.0000000E+00
   6.6748273E-01   0.0000000E+00
   1.0012213E+00   0.0000000E+00
   1.3349599E+00   0.0000000E+00
   1.6686985E+00   0.0000000E+00
   2.0024371E+00   0.0000000E+00
   2.3361757E+00   0.0000000E+00
   2.6699143E+00   0.0000000E+00
   3.0036529E+00   0.0000000E+00
   3.3373915E+00   0.0000000E+00
   3.6711301E+00   0.0000000E+00
   4.0048687E+00   0.0000000E+00
   4.3386073E+00   0.0000000E+00
   4.6723459E+00   0.0000000E+00
   5.0060845E+00   0.0000000E+00
   5.3398231E+00   0.0000000E+00
   5.6735617E+00   0.0000000E+00
   6.0073003E+00   0.0000000E+00
   6.3410389E+00   0.0000000E+00
   6.6747774E+00   0.0000000E+00
   7.0085160E+00   0.0000000E+00
   7.3422546E+00   0.0000000E+00
   7.6759932E+00   0.0000000E+00
   8.0097318E+00   0.0000000E+00
   8.3434704E+00   0.0000000E+00
   8.6772090E+00   0.0000000E+00
   9.0109476E+00   0.0000000E+00
   9.3446862E+00   0.0000000E+00
   9.6784248E+00   0.0000000E+00
   1.0012163E+01   0.0000000E+00
   1.0345902E+01   0.0000000E+00
   1.0679641E+01   0.0000000E+00
   1.1013379E+01   0.0000000E+00
   1.1347118E+01   0.0000000E+00
   1.1680856E+01   0.0000000E+00
   1.2014595E+01   0.0000000E+00
   1.2348334E+01   0.0000000E+00
   1.2682072E+01   0.0000000E+00
   1.3015811E+01   0.0000000E+00
   1.3349549E+01   0.0000000E+00
   1.3683288E+01   0.0000000E+00
   1.4017027E+01   0.0000000E+00
   1.4350765E+01   0.0000000E+00
   1.4684504E+01   0.0000000E+00
   1.5018242E+01   0.0000000E+00
   1.5351981E+01   0.0000000E+00
   1.5685720E+01   0.0000000E+00
   1.6019458E+01   0.0000000E+00
   1.6353197E+01   0.0000000E+00
   1.6686935E+01   0.0000000E+00
   1.7020674E+01   0.0000000E+00
   1.7354412E+01   0.0000000E+00
   1.7688151E+01   0.0000000E+00
   1.8021890E+01   0.0000000E+00
   1.8355628E+01   0.0000000E+00
   1.8689367E+01   0.0000000E+00
   1.9023105E+01   0.0000000E+00
   1.9356844E+01   0.0000000E+00
   1.9690583E+01   0.0000000E+00
   2.0024321E+01   0.0000000E+00
   2.0358060E+01   0.0000000E+00
   2.0691798E+01   0.0000000E+00
   2.1025537E+01   0.0000000E+00
   2.1359276E+01   0.0000000E+00
   2.1693014E+01   0.0000000E+00
   2.2026753E+01   0.0000000E+00
   2.2360491E+01   0.0000000E+00
   2.2694230E+01   0.0000000E+00
   2.3027969E+01   0.0000000E+00
   2.3361707E+01   0.0000000E+00
   2.3695446E+01   0.0000000E+00
   2.4029184E+01   0.0000000E+00
   2.4362923E+01   0.0000000E+00
   2.4696662E+01   0.0000000E+00
   2.5030400E+01   0.0000000E+00
   2.5364139E+01   0.0000000E+00
   2.5697877E+01   0.0000000E+00
   2.6031616E+01   0.0000000E+00
   2.6365355E+01   0.0000000E+00
   2.6699093E+01   0.0000000E+00
   2.7032832E+01   0.0000000E+00
   2.7366570E+01   0.0000000E+00
   2.7700309E+01   0.0000000E+00
   2.8034048E+01   0.0000000E+00
   2.8367786E+01   0.0000000E+00
   2.8701525E+01   0.0000000E+00
   2.9035263E+01   0.0000000E+00
   2.9369002E+01   0.0000000E+00
   2.9702741E+01   0.0000000E+00
   3.0036479E+01   0.0000000E+00
   3.0370218E+01   0.0000000E+00
   3.0703956E+01   0.0000000E+00
   3.1037695E+01   0.0000000E+00
   3.1371433E+01   0.0000000E+00
   3.1705172E+01   0.0000000E+00
   3.2038911E+01   0.0000000E+00
   3.2372649E+01   0.0000000E+00
   3.2706388E+01   0.0000000E+00
   3.3040126E+01   0.0000000E+00
   3.3373865E+01   0.0000000E+00
   3.3707604E+01   0.0000000E+00
   3.4041342E+01   0.0000000E+00
   3.4375081E+01   0.0000000E+00
   3.4708819E+01   0.0000000E+00
   3.5042558E+01   0.0000000E+00
   3.5376297E+01   0.0000000E+00
   3.5710035E+01   0.0000000E+00
   3.6043774E+01   0.0000000E+00
   3.6377512E+01   0.0000000E+00
   3.6711251E+01   0.0000000E+00
   3.7044990E+01   0.0000000E+00
   3.7378728E+01   0.0000000E+00
   3.7712467E+01   0.0000000E+00
   3.8046205E+01   0.0000000E+00
   3.8379944E+01   0.0000000E+00
   3.8713683E+01   0.0000000E+00
   3.9047421E+01   0.0000000E+00
   3.9381160E+01   0.0000000E+00
   3.9714898E+01   0.0000000E+00
   4.0048637E+01   0.0000000E+00
   4.0382376E+01   0.0000000E+00
   4.0716114E+01   0.0000000E+00
   4.1049853E+01   0.0000000E+00
   4.1383591E+01   0.0000000E+00
   4.1717330E+01   0.0000000E+00
   4.2051069E+01   0.0000000E+00
   4.2384807E+01   0.0000000E+00
   4.2718546E+01   0.0000000E+00
   4.3052284E+01   0.0000000E+00
   4.3386023E+01   0.0000000E+00
   4.3719762E+01   0.0000000E+00
   4.4053500E+01   0.0000000E+00
   4.4387239E+01   0.0000000E+00
   4.4720977E+01   0.0000000E+00
   4.5054716E+01   0.0000000E+00
   4.5388454E+01   0.0000000E+00
   4.5722193E+01   0.0000000E+00
   4.6055932E+01   0.0000000E+00
   4.6389670E+01   0.0000000E+00
   4.6723409E+01   0.0000000E+00
   4.7057147E+01   0.0000000E+00
   4.7390886E+01   0.0000000E+00
   4.7724625E+01   0.0000000E+00
   4.8058363E+01   0.0000000E+00
   4.8392102E+01   0.0000000E+00
   4.8725840E+01   0.0000000E+00
   4.9059579E+01   0.0000000E+00
   4.9393318E+01   0.0000000E+00
   4.9727056E+01   0.0000000E+00
   5.0060795E+01   0.0000000E+00
   5.0394533E+01   0.0000000E+00
   5.0728272E+01   0.0000000E+00
   5.1062011E+01   0.0000000E+00
   5.1395749E+01   0.0000000E+00
   5.1729488E+01   0.0000000E+00
   5.2063226E+01   0.0000000E+00
   5.2396965E+01   0.0000000E+00
   5.2730704E+01   0.0000000E+00
   5.3064442E+01   0.0000000E+00
   5.3398181E+01   0.0000000E+00
   5.3731919E+01   0.0000000E+00
   5.4065658E+01   0.0000000E+00
   5.4399397E+01   0.0000000E+00
   5.4733135E+01   0.0000000E+00
   5.5066874E+01   0.0000000E+00
   5.5400612E+01   0.0000000E+00
   5.5734351E+01   0.0000000E+00
   5.6068090E+01   0.0000000E+00
   5.6401828E+01   0.0000000E+00
   5.6735567E+01   0.0000000E+00
   5.7069305E+01   0.0000000E+00
   5.7403044E+01   0.0000000E+00
   5.7736783E+01   0.0000000E+00
   5.8070521E+01   0.0000000E+00
   5.8404260E+01   0.0000000E+00
   5.8737998E+01   0.0000000E+00
   5.9071737E+01   0.0000000E+00
   5.9405475E+01   0.0000000E+00
   5.9739214E+01   0.0000000E+00
   6.0072953E+01   0.0000000E+00
   6.0406691E+01   0.0000000E+00
   6.0740430E+01   0.0000000E+00
   6.1074168E+01   0.0000000E+00
   6.1407907E+01   0.0000000E+00
   6.1741646E+01   0.0000000E+00
   6.2075384E+01   0.0000000E+00
   6.2409123E+01   0.0000000E+00
   6.2742861E+01   0.0000000E+00
   6.3076600E+01   0.0000000E+00
   6.3410339E+01   0.0000000E+00
   6.3744077E+01   0.0000000E+00
   6.4077816E+01   0.0000000E+00
   6.4411554E+01   0.0000000E+00
   6.4745293E+01   0.0000000E+00
   6.5079032E+01   0.0000000E+00
   6.5412770E+01   0.0000000E+00
   6.5746509E+01   0.0000000E+00
   6.6080247E+01   0.0000000E+00
   6.6413986E+01   0.0000000E+00
   6.6747725E+01   0.0000000E+00
   6.7081463E+01   0.0000000E+00
   6.7415202E+01   0.0000000E+00
   6.7748940E+01   0.0000000E+00
   6.8082679E+01   0.0000000E+00
   6.8416418E+01   0.0000000E+00
   6.8750156E+01   0.0000000E+00
   6.9083895E+01   0.0000000E+00
   6.9417633E+01   0.0000000E+00
   6.9751372E+01   0.0000000E+00
   7.0085111E+01   0.0000000E+00
   7.0418849E+01   0.0000000E+00
   7.0752588E+01   0.0000000E+00
   7.1086326E+01   0.0000000E+00
   7.1420065E+01   0.0000000E+00
   7.1753804E+01   0.0000000E+00
   7.2087542E+01   0.0000000E+00
   7.2421281E+01   0.0000000E+00
   7.2755019E+01   0.0000000E+00
   7.3088758E+01   0.0000000E+00
   7.3422496E+01   0.0000000E+00
   7.3756235E+01   0.0000000E+00
   7.4089974E+01   0.0000000E+00
   7.4423712E+01   0.0000000E+00
   7.4757451E+01   0.0000000E+00
   7.5091189E+01   0.0000000E+00
   7.5424928E+01   0.0000000E+00
   7.5758667E+01   0.0000000E+00
   7.6092405E+01   0.0000000E+00
   7.6426144E+01   0.0000000E+00
   7.6759882E+01   0.0000000E+00
   7.7093621E+01   0.0000000E+00
   7.7427360E+01   0.0000000E+00
   7.7761098E+01   0.0000000E+00
   7.8094837E+01   0.0000000E+00
   7.8428575E+01   0.0000000E+00
   7.8762314E+01   0.0000000E+00
   7.9096053E+01   0.0000000E+00
   7.9429791E+01   0.0000000E+00
   7.9763530E+01   0.0000000E+00
   8.0097268E+01   0.0000000E+00
   8.0431007E+01   0.0000000E+00
   8.0764746E+01   0.0000000E+00
   8.1098484E+01   0.0000000E+00
   8.1432223E+01   0.0000000E+00
   8.1765961E+01   0.0000000E+00
   8.2099700E+01   0.0000000E+00
   8.2433439E+01   0.0000000E+00
   8.2767177E+01   0.0000000E+00
   8.3100916E+01   0.0000000E+00
   8.3434654E+01   0.0000000E+00
   8.3768393E+01   0.0000000E+00
   8.4102132E+01   0.0000000E+00
   8.4435870E+01   0.0000000E+00
   8.4769609E+01   0.0000000E+00
   8.5103347E+01   0.0000000E+00
   8.5437086E+01   0.0000000E+00
   8.5770825E+01   0.0000000E+00
   8.6104563E+01   0.0000000E+00
   8.6438302E+01   0.0000000E+00
   8.6772040E+01   0.0000000E+00
   8.7105779E+01   0.0000000E+00
   8.7439517E+01   0.0000000E+00
   8.7773256E+01   0.0000000E+00
   8.8106995E+01   0.0000000E+00
   8.8440733E+01   0.0000000E+00
   8.8774472E+01   0.0000000E+00
   8.9108210E+01   0.0000000E+00
   8.9441949E+01   0.0000000E+00
   8.9775688E+01   0.0000000E+00
   9.0109426E+01   0.0000000E+00
   9.0443165E+01   0.0000000E+00
   9.0776903E+01   0.0000000E+00
   9.1110642E+01   0.0000000E+00
   9.1444381E+01   0.0000000E+00
   9.1778119E+01   0.0000000E+00
   9.2111858E+01   0.0000000E+00
   9.2445596E+01   0.0000000E+00
   9.2779335E+01   0.0000000E+00
   9.3113074E+01   0.0000000E+00
   9.3446812E+01   0.0000000E+00
   9.3780551E+01   0.0000000E+00
   9.4114289E+01   0.0000000E+00
   9.4448028E+01   0.0000000E+00
   9.4781767E+01   0.0000000E+00
   9.5115505E+01   0.0000000E+00
   9.5449244E+01   0.0000000E+00
   9.5782982E+01   0.0000000E+00
   9.6116721E+01   0.0000000E+00
   9.6450460E+01   0.0000000E+00
   9.6784198E+01   0.0000000E+00
   9.7117937E+01   0.0000000E+00
   9.7451675E+01   0.0000000E+00
   9.7785414E+01   0.0000000E+00
   9.8119153E+01   0.0000000E+00
   9.8452891E+01   0.0000000E+00
   9.8786630E+01   0.0000000E+00
   9.9120368E+01   0.0000000E+00
   9.9454107E+01   0.0000000E+00
   9.9787846E+01   0.0000000E+00
   1.0012158E+02   0.0000000E+00
   1.0045532E+02   0.0000000E+00
   1.0078906E+02   0.0000000E+00
   1.0112280E+02   0.0000000E+00
   1.0145654E+02   0.0000000E+00
   1.0179028E+02   0.0000000E+00
   1.0212402E+02   0.0000000E+00
   1.0245775E+02   0.0000000E+00
   1.0279149E+02   0.0000000E+00
   1.0312523E+02   0.0000000E+00
   1.0345897E+02   0.0000000E+00
   1.0379271E+02   0.0000000E+00
   1.0412645E+02   0.0000000E+00
   1.0446019E+02   0.0000000E+00
   1.0479392E+02   0.0000000E+00
   1.0512766E+02   0.0000000E+00
   1.0546140E+02   0.0000000E+00
   1.0579514E+02   0.0000000E+00
   1.0612888E+02   0.0000000E+00
   1.0646262E+02   0.0000000E+00
   1.0679636E+02   0.0000000E+00
   1.0713009E+02   0.0000000E+00
   1.0746383E+02   0.0000000E+00
   1.0779757E+02   0.0000000E+00
   1.0813131E+02   0.0000000E+00
   1.0846505E+02   0.0000000E+00
   1.0879879E+02   0.0000000E+00
   1.0913253E+02   0.0000000E+00
   1.0946626E+02   0.0000000E+00
   1.0980000E+02   0.0000000E+00
   1.1013374E+02   0.0000000E+00
   1.1046748E+02   0.0000000E+00
   1.1080122E+02   0.0000000E+00
   1.1113496E+02   0.0000000E+00
   1.1146870E+02   0.0000000E+00
   1.1180243E+02   0.0000000E+00
   1.1213617E+02   0.0000000E+00
   1.1246991E+02   0.0000000E+00
   1.1280365E+02   0.0000000E+00
   1.1313739E+02   0.0000000E+00
   1.1347113E+02   0.0000000E+00
   1.1380487E+02   0.0000000E+00
   1.1413861E+02   0.0000000E+00
   1.1447234E+02   0.0000000E+00
   1.1480608E+02   0.0000000E+00
   1.1513982E+02   0.0000000E+00
   1.1547356E+02   0.0000000E+00
   1.1580730E+02   0.0000000E+00
   1.1614104E+02   0.0000000E+00
   1.1647478E+02   0.0000000E+00
   1.1680851E+02   0.0000000E+00
   1.1714225E+02   0.0000000E+00
   1.1747599E+02   0.0000000E+00
   1.1780973E+02   0.0000000E+00
   1.1814347E+02   0.0000000E+00
   1.1847721E+02   0.0000000E+00
   1.1881095E+02   0.0000000E+00
   1.1914468E+02   0.0000000E+00
   1.1947842E+02   0.0000000E+00
   1.1981216E+02   0.0000000E+00
   1.2014590E+02   0.0000000E+00
   1.2047964E+02   0.0000000E+00
   1.2081338E+02   0.0000000E+00
   1.2114712E+02   0.0000000E+00
   1.2148085E+02   0.0000000E+00
   1.2181459E+02   0.0000000E+00
   1.2214833E+02   0.0000000E+00
   1.2248207E+02   0.0000000E+00
   1.2281581E+02   0.0000000E+00
   1.2314955E+02   0.0000000E+00
   1.2348329E+02   0.0000000E+00
   1.2381702E+02   0.0000000E+00
   1.2415076E+02   0.0000000E+00
   1.2448450E+02   0.0000000E+00
   1.2481824E+02   0.0000000E+00
   1.2515198E+02   0.0000000E+00
   1.2548572E+02   0.0000000E+00
   1.2581946E+02   0.0000000E+00
   1.2615319E+02   0.0000000E+00
   1.2648693E+02   0.0000000E+00
   1.2682067E+02   0.0000000E+00
   1.2715441E+02   0.0000000E+00
   1.2748815E+02   0.0000000E+00
   1.2782189E+02   0.0000000E+00
   1.2815563E+02   0.0000000E+00
   1.2848936E+02   0.0000000E+00
   1.2882310E+02   0.0000000E+00
   1.2915684E+02   0.0000000E+00
   1.2949058E+02   0.0000000E+00
   1.2982432E+02   0.0000000E+00
   1.3015806E+02   0.0000000E+00
   1.3049180E+02   0.0000000E+00
   1.3082553E+02   0.0000000E+00
   1.3115927E+02   0.0000000E+00
   1.3149301E+02   0.0000000E+00
   1.3182675E+02   0.0000000E+00
   1.3216049E+02   0.0000000E+00
   1.3249423E+02   0.0000000E+00
   1.3282797E+02   0.0000000E+00
   1.3316171E+02   0.0000000E+00
   1.3349544E+02   0.0000000E+00
   1.3382918E+02   0.0000000E+00
   1.3416292E+02   0.0000000E+00
   1.3449666E+02   0.0000000E+00
   1.3483040E+02   0.0000000E+00
   1.3516414E+02   0.0000000E+00
   1.3549788E+02   0.0000000E+00
   1.3583161E+02   0.0000000E+00
   1.3616535E+02   0.0000000E+00
   1.3649909E+02   0.0000000E+00
   1.3683283E+02   0.0000000E+00
   1.3716657E+02   0.0000000E+00
   1.3750031E+02   0.0000000E+00
   1.3783405E+02   0.0000000E+00
   1.3816778E+02   0.0000000E+00
   1.3850152E+02   0.0000000E+00
   1.3883526E+02   0.0000000E+00
   1.3916900E+02   0.0000000E+00
   1.3950274E+02   0.0000000E+00
   1.3983648E+02   0.0000000E+00
   1.4017022E+02   0.0000000E+00
   1.4050395E+02   0.0000000E+00
   1.4083769E+02   0.0000000E+00
   1.4117143E+02   0.0000000E+00
   1.4150517E+02   0.0000000E+00
   1.4183891E+02   0.0000000E+00
   1.4217265E+02   0.0000000E+00
   1.4250639E+02   0.0000000E+00
   1.4284012E+02   0.0000000E+00
   1.4317386E+02   0.0000000E+00
   1.4350760E+02   0.0000000E+00
   1.4384134E+02   0.0000000E+00
   1.4417508E+02   0.0000000E+00
   1.4450882E+02   0.0000000E+00
   1.4484256E+02   0.0000000E+00
   1.4517629E+02   0.0000000E+00
   1.4551003E+02   0.0000000E+00
   1.4584377E+02   0.0000000E+00
   1.4617751E+02   0.0000000E+00
   1.4651125E+02   0.0000000E+00
   1.4684499E+02   0.0000000E+00
   1.4717873E+02   0.0000000E+00
   1.4751246E+02   1.4012985E-45
   1.4784620E+02   4.2038954E-45
   1.4817994E+02   5.6051939E-45
   1.4851368E+02   5.6051939E-45
   1.4884742E+02   5.6051939E-45
   1.4918116E+02   0.0000000E+00
   1.4951490E+02  -5.6051939E-45
   1.4984863E+02  -1.1210388E-44
   1.5018237E+02  -1.6815582E-44
   1.5051611E+02  -2.5223372E-44
   1.5084985E+02  -2.8025969E-44
   1.5118359E+02  -3.2229865E-44
   1.5151733E+02  -2.8025969E-44
   1.5185107E+02  -1.5414283E-44
   1.5218480E+02  -2.8025969E-45
   1.5251854E+02   1.5414283E-44
   1.5285228E+02   3.6433760E-44
   1.5318602E+02   5.0446745E-44
   1.5351976E+02   6.7262326E-44
   1.5385350E+02   7.1466222E-44
   1.5418724E+02   7.1466222E-44
   1.5452098E+02   6.0255834E-44
   1.5485471E+02   4.2038954E-44
   1.5518845E+02   8.4077908E-45
   1.5552219E+02  -3.3631163E-44
   1.5585593E+02  -7.5670117E-44
   1.5618967E+02  -1.1630777E-43
   1.5652341E+02  -1.5134023E-43
   1.5685715E+02  -1.7235971E-43
   1.5719088E+02  -1.7376101E-43
   1.5752462E+02  -1.4713634E-43
   1.5785836E+02  -9.9492191E-44
   1.5819210E+02  -1.8216880E-44
   1.5852584E+02   7.4268819E-44
   1.5885958E+02   1.7656361E-43
   1.5919332E+02   2.6764801E-43
   1.5952705E+02   3.3771293E-43
   1.5986079E+02   3.6013371E-43
   1.6019453E+02   3.3070644E-43
   1.6052827E+02   2.3822074E-43
   1.6086201E+02   8.8281803E-44
   1.6119575E+02  -1.0930128E-43
   1.6152949E+02  -3.2650254E-43
   1.6186322E+02  -5.3809861E-43
   1.6219696E+02  -7.0485313E-43
   1.6253070E+02  -7.8893104E-43
   1.6286444E+02  -7.6791156E-43
   1.6319818E+02  -6.2077522E-43
   1.6353192E+02  -3.4331812E-43
   1.6386566E+02   3.7835059E-44
   1.6419939E+02   4.8905316E-43
   1.6453313E+02   9.4867906E-43
   1.6486687E+02   1.3396413E-42
   1.6520061E+02   1.6002828E-42
   1.6553435E+02   1.6521309E-42
   1.6586809E+02   1.4461400E-42
   1.6620183E+02   9.7109984E-43
   1.6653556E+02   2.3541814E-43
   1.6686930E+02  -6.8243235E-43
   1.6720304E+02  -1.6829595E-42
   1.6753678E+02  -2.6274346E-42
   1.6787052E+02  -3.3491033E-42
   1.6820426E+02  -3.6994279E-42
   1.6853800E+02  -3.5410812E-42
   1.6887173E+02  -2.8096034E-42
   1.6920547E+02  -1.4979881E-42
   1.6953921E+02   2.9707527E-43
   1.6987295E+02   2.3906152E-42
   1.7020669E+02   4.5121811E-42
   1.7054043E+02   6.3380730E-42
   1.7087417E+02   7.5137624E-42
   1.7120790E+02   7.7407727E-42
   1.7154164E+02   6.7948963E-42
   1.7187538E+02   4.6004629E-42
   1.7220912E+02   1.2639712E-42
   1.7254286E+02  -2.9161021E-42
   1.7287660E+02  -7.4493026E-42
   1.7321034E+02  -1.1696638E-41
   1.7354408E+02  -1.4940644E-41
   1.7387781E+02  -1.6491882E-41
   1.7421155E+02  -1.5789831E-41
   1.7454529E+02  -1.2522003E-41
   1.7487903E+02  -6.7038119E-42
   1.7521277E+02   1.2303401E-42
   1.7554651E+02   1.0463496E-41
   1.7588025E+02   1.9807354E-41
   1.7621398E+02   2.7852208E-41
   1.7654772E+02   3.3122492E-41
   1.7688146E+02   3.4296780E-41
   1.7721520E+02   3.0443209E-41
   1.7754894E+02   2.1232474E-41
   1.7788268E+02   7.0849650E-42
   1.7821642E+02  -1.0736749E-41
   1.7855015E+02  -3.0182568E-41
   1.7888389E+02  -4.8598432E-41
   1.7921763E+02  -6.2995372E-41
   1.7955137E+02  -7.0461491E-41
   1.7988511E+02  -6.8624388E-41
   1.8021885E+02  -5.6086971E-41
   1.8055259E+02  -3.2836627E-41
   1.8088632E+02  -4.6663239E-43
   1.8122006E+02   3.7752382E-41
   1.8155380E+02   7.7103645E-41
   1.8188754E+02   1.1185585E-40
   1.8222128E+02   1.3597079E-40
   1.8255502E+02   1.4394838E-40
   1.8288876E+02   1.3175148E-40
   1.8322249E+02   9.7677509E-41
   1.8355623E+02   4.2998843E-41
   1.8388997E+02  -2.7689658E-41
   1.8422371E+02  -1.0662060E-40
   1.8455745E+02  -1.8343978E-40
   1.8489119E+02  -2.4632305E-40
   1.8522493E+02  -2.8349809E-40
   1.8555866E+02  -2.8499468E-40
   1.8589240E+02  -2.4445231E-40
   1.8622614E+02  -1.6067568E-40
   1.8655988E+02  -3.8680042E-41
   1.8689362E+02   1.0998231E-40
   1.8722736E+02   2.6787221E-40
   1.8756110E+02   4.1322470E-40
   1.8789483E+02   5.2244751E-40
   1.8822857E+02   5.7330904E-40
   1.8856231E+02   5.4844720E-40
   1.8889605E+02   4.3873394E-40
   1.8922979E+02   2.4599795E-40
   1.8956353E+02  -1.5425493E-41
   1.8989727E+02  -3.1873094E-40
   1.9023100E+02  -6.2649812E-40
   1.9056474E+02  -8.9442219E-40
   1.9089848E+02  -1.0766793E-39
   1.9123222E+02  -1.1323416E-39
   1.9156596E+02  -1.0321922E-39
   1.9189970E+02  -7.6490017E-40
   1.9223344E+02  -3.4160013E-40
   1.9256718E+02   2.0202660E-40
   1.9290091E+02   8.0694052E-40
   1.9323465E+02   1.3954579E-39
   1.9356839E+02   1.8795070E-39
   1.9390213E+02   2.1716707E-39
   1.9423587E+02   2.1979577E-39
   1.9456961E+02   1.9106761E-39
   1.9490335E+02   1.2996090E-39
   1.9523708E+02   3.9961109E-40
   1.9557082E+02  -7.0709801E-40
   1.9590456E+02  -1.8950572E-39
   1.9623830E+02  -3.0065643E-39
   1.9657204E+02  -3.8691028E-39
   1.9690578E+02  -4.3176990E-39
   1.9723952E+02  -4.2198226E-39
   1.9757325E+02  -3.4996154E-39
   1.9790699E+02  -2.1580375E-39
   1.9824073E+02  -2.8516424E-40
   1.9857447E+02   1.9381317E-39
   1.9890821E+02   4.2512579E-39
   1.9924195E+02   6.3380842E-39
   1.9957569E+02   7.8629800E-39
   1.9990942E+02   8.5154539E-39
   2.0024316E+02   8.0584947E-39
   2.0057690E+02   6.3743035E-39
   2.0091064E+02   3.5005585E-39
   2.0124438E+02  -3.4948664E-40
   2.0157812E+02  -4.7884877E-39
   2.0191186E+02  -9.2814653E-39
   2.0224559E+02  -1.3197465E-38
   2.0257933E+02  -1.5883292E-38
   2.0291307E+02  -1.6752495E-38
   2.0324681E+02  -1.5379534E-38
   2.0358055E+02  -1.1586732E-38
   2.0391429E+02  -5.5104647E-39
   2.0424803E+02   2.3660378E-39
   2.0458176E+02   1.1223543E-38
   2.0491550E+02   1.9966946E-38
   2.0524924E+02   2.7334372E-38
   2.0558298E+02   3.2048049E-38
   2.0591672E+02   3.2992636E-38
   2.0625046E+02   2.9400408E-38
   2.0658420E+02   2.1018384E-38
   2.0691793E+02   8.2306863E-39
   2.0725167E+02  -7.8884598E-39
   2.0758541E+02  -2.5610517E-38
   2.0791915E+02  -4.2686993E-38
   2.0825289E+02  -5.6580127E-38
   2.0858663E+02  -6.4773738E-38
   2.0892037E+02  -6.5133804E-38
   2.0925410E+02  -5.6276404E-38
   2.0958784E+02  -3.7892041E-38
   2.0992158E+02  -1.0973155E-38
   2.1025532E+02   2.2104193E-38
   2.1058906E+02   5.7680993E-38
   2.1092280E+02   9.1115559E-38
   2.1125654E+02   1.1727498E-37
   2.1159027E+02   1.3118131E-37
   2.1192401E+02   1.2874720E-37
   2.1225775E+02   1.0751182E-37
   2.1259149E+02   6.7272505E-38
   2.1292523E+02   1.0503946E-38
   2.1325897E+02  -5.7531788E-38
   2.1359271E+02  -1.2905402E-37
   2.1392645E+02  -1.9443859E-37
   2.1426018E+02  -2.4327396E-37
   2.1459392E+02  -2.6571368E-37
   2.1492766E+02  -2.5398387E-37
   2.1526140E+02  -2.0385646E-37
   2.1559514E+02  -1.1587128E-37
   2.1592888E+02   3.9117891E-39
   2.1626262E+02   1.4382186E-37
   2.1659635E+02   2.8727531E-37
   2.1693009E+02   4.1430172E-37
   2.1726383E+02   5.0382352E-37
   2.1759757E+02   5.3649230E-37
   2.1793131E+02   4.9777251E-37
   2.1826505E+02   3.8087032E-37
   2.1859879E+02   1.8905877E-37
   2.1893252E+02  -6.3042137E-38
   2.1926626E+02  -3.4959791E-37
   2.1960000E+02  -6.3533357E-37
   2.1993374E+02  -8.7897897E-37
   2.2026748E+02  -1.0381814E-36
   2.2060122E+02  -1.0754283E-36
   2.2093496E+02  -9.6430320E-37
   2.2126869E+02  -6.9522439E-37
   2.2160243E+02  -2.7974529E-37
   2.2193617E+02   2.4745579E-37
   2.2226991E+02   8.2958833E-37
   2.2260365E+02   1.3921391E-36
   2.2293739E+02   1.8505900E-36
   2.2327113E+02   2.1209169E-36
   2.2360486E+02   2.1318358E-36
   2.2393860E+02   1.8373094E-36
   2.2427234E+02   1.2275547E-36
   2.2460608E+02   3.3668480E-37
   2.2493982E+02  -7.5470213E-37
   2.2527356E+02  -1.9232319E-36
   2.2560730E+02  -3.0133063E-36
   2.2594103E+02  -3.8541356E-36
   2.2627477E+02  -4.2818917E-36
   2.2660851E+02  -4.1646303E-36
   2.2694225E+02  -3.4268354E-36
   2.2727599E+02  -2.0699480E-36
   2.2760973E+02  -1.8521543E-37
   2.2794347E+02   2.0443179E-36
   2.2827720E+02   4.3548080E-36
   2.2861094E+02   6.4261967E-36
   2.2894468E+02   7.9191126E-36
   2.2927842E+02   8.5207886E-36
   2.2961216E+02   7.9948553E-36
   2.2994590E+02   6.2283946E-36
   2.3027964E+02   3.2689788E-36
   2.3061337E+02  -6.5537711E-37
   2.3094711E+02  -5.1391237E-36
   2.3128085E+02  -9.6283161E-36
   2.3161459E+02  -1.3476133E-35
   2.3194833E+02  -1.6021090E-35
   2.3228207E+02  -1.6680349E-35
   2.3261581E+02  -1.5047087E-35
   2.3294955E+02  -1.0978406E-35
   2.3328328E+02  -4.6595297E-36
   2.3361702E+02   3.3690053E-36
   2.3395076E+02   1.2231144E-35
   2.3428450E+02   2.0786953E-35
   2.3461824E+02   2.7754182E-35
   2.3495198E+02   3.1870309E-35
   2.3528572E+02   3.2078067E-35
   2.3561945E+02   2.7711568E-35
   2.3595319E+02   1.8655926E-35
   2.3628693E+02   5.4531745E-36
   2.3662067E+02  -1.0669726E-35
   2.3695441E+02  -2.7867266E-35
   2.3728815E+02  -4.3841830E-35
   2.3762189E+02  -5.6102178E-35
   2.3795562E+02  -6.2291317E-35
   2.3828936E+02  -6.0547458E-35
   2.3862310E+02  -4.9851361E-35
   2.3895684E+02  -3.0307281E-35
   2.3929058E+02  -3.3069403E-36
   2.3962432E+02   2.8466091E-35
   2.3995806E+02   6.1217352E-35
   2.4029179E+02   9.0411076E-35
   2.4062553E+02   1.1130462E-34
   2.4095927E+02   1.1959698E-34
   2.4129301E+02   1.1211562E-34
   2.4162675E+02   8.7448916E-35
   2.4196049E+02   4.6424548E-35
   2.4229423E+02  -7.6589814E-36
   2.4262796E+02  -6.9119366E-35
   2.4296170E+02  -1.3033312E-34
   2.4329544E+02  -1.8252530E-34
   2.4362918E+02  -2.1684670E-34
   2.4396292E+02  -2.2562829E-34
   2.4429666E+02  -2.0366023E-34
   2.4463040E+02  -1.4931585E-34
   2.4496413E+02  -6.5335715E-35
   2.4529787E+02   4.0892576E-35
   2.4563161E+02   1.5767592E-34
   2.4596535E+02   2.7002478E-34
   2.4629909E+02   3.6128679E-34
   2.4663283E+02   4.1526634E-34
   2.4696657E+02   4.1860102E-34
   2.4730030E+02   3.6309501E-34
   2.4763404E+02   2.4766837E-34
   2.4796778E+02   7.9588211E-35
   2.4830152E+02  -1.2530317E-34
   2.4863526E+02  -3.4354594E-34
   2.4896900E+02  -5.4624708E-34
   2.4930274E+02  -7.0236504E-34
   2.4963647E+02  -7.8279007E-34
   2.4997021E+02  -7.6476161E-34
   2.5030395E+02  -6.3604144E-34
   2.5063769E+02  -3.9821712E-34
   2.5097143E+02  -6.8537267E-35
   2.5130517E+02   3.2020030E-34
   2.5163891E+02   7.2197642E-34
   2.5197264E+02   1.0820937E-33
   2.5230638E+02   1.3436159E-33
   2.5264012E+02   1.4550706E-33
   2.5297386E+02   1.3785154E-33
   2.5330760E+02   1.0968748E-33
   2.5364134E+02   6.1941132E-34
   2.5397508E+02  -1.5714775E-35
   2.5430882E+02  -7.4258178E-34
   2.5464255E+02  -1.4727143E-33
   2.5497629E+02  -2.1042203E-33
   2.5531003E+02  -2.5341373E-33
   2.5564377E+02  -2.6727204E-33
   2.5597751E+02  -2.4579403E-33
   2.5631125E+02  -1.8681876E-33
   2.5664499E+02  -9.3114866E-34
   2.5697872E+02   2.7294680E-34
   2.5731246E+02   1.6149575E-33
   2.5764620E+02   2.9278245E-33
   2.5797994E+02   4.0244269E-33
   2.5831368E+02   4.7207927E-33
   2.5864742E+02   4.8621782E-33
   2.5898116E+02   4.3487832E-33
   2.5931489E+02   3.1574704E-33
   2.5964863E+02   1.3559065E-33
   2.5998237E+02  -8.9391928E-34
   2.6031611E+02  -3.3447744E-33
   2.6064985E+02  -5.6863625E-33
   2.6098359E+02  -7.5793686E-33
   2.6131733E+02  -8.6982975E-33
   2.6165106E+02  -8.7784001E-33
   2.6198480E+02  -7.6607716E-33
   2.6231854E+02  -5.3291249E-33
   2.6265228E+02  -1.9320122E-33
   2.6298602E+02   2.2145882E-33
   2.6331976E+02   6.6473662E-33
   2.6365350E+02   1.0798826E-32
   2.6398723E+02   1.4060708E-32
   2.6432097E+02   1.5861728E-32
   2.6465471E+02   1.5750944E-32
   2.6498845E+02   1.3476054E-32
   2.6532219E+02   9.0452373E-33
   2.6565593E+02   2.7618060E-33
   2.6598967E+02  -4.7767271E-33
   2.6632340E+02  -1.2719836E-32
   2.6665714E+02  -2.0045239E-32
   2.6699088E+02  -2.5674525E-32
   2.6732462E+02  -2.8611973E-32
   2.6765836E+02  -2.8090830E-32
   2.6799210E+02  -2.3708084E-32
   2.6832584E+02  -1.5527991E-32
   2.6865957E+02  -4.1360628E-33
   2.6899331E+02   9.3702262E-33
   2.6932705E+02   2.3461200E-32
   2.6966079E+02   3.6323598E-32
   2.6999453E+02   4.6067059E-32
   2.7032827E+02   5.0968101E-32
   2.7066201E+02   4.9723605E-32
   2.7099574E+02   4.1680964E-32
   2.7132948E+02   2.7010718E-32
   2.7166322E+02   6.7912937E-33
   2.7199696E+02  -1.7017067E-32
   2.7233070E+02  -4.1719749E-32
   2.7266444E+02  -6.4152422E-32
   2.7299818E+02  -8.1042336E-32
   2.7333192E+02  -8.9430347E-32
   2.7366565E+02  -8.7104684E-32
   2.7399939E+02  -7.2990253E-32
   2.7433313E+02  -4.7435928E-32
   2.7466687E+02  -1.2348493E-32
   2.7500061E+02   2.8863406E-32
   2.7533435E+02   7.1551795E-32
   2.7566809E+02   1.1028895E-31
   2.7600182E+02   1.3948742E-31
   2.7633556E+02   1.5411795E-31
   2.7666930E+02   1.5044189E-31
   2.7700304E+02   1.2666351E-31
   2.7733678E+02   8.3404898E-32
   2.7767052E+02   2.3920257E-32
   2.7800426E+02  -4.6011135E-32
   2.7833799E+02  -1.1853758E-31
   2.7867173E+02  -1.8451511E-31
   2.7900547E+02  -2.3455144E-31
   2.7933921E+02  -2.6020759E-31
   2.7967295E+02  -2.5521736E-31
   2.8000669E+02  -2.1656645E-31
   2.8034043E+02  -1.4527269E-31
   2.8067416E+02  -4.6728651E-32
   2.8100790E+02   6.9488114E-32
   2.8134164E+02   1.9037627E-31
   2.8167538E+02   3.0080856E-31
   2.8200912E+02   3.8525906E-31
   2.8234286E+02   4.2978218E-31
   2.8267660E+02   4.2401341E-31
   2.8301033E+02   3.6293153E-31
   2.8334407E+02   2.4812372E-31
   2.8367781E+02   8.8332394E-32
   2.8401155E+02  -1.0087187E-31
   2.8434529E+02  -2.9834484E-31
   2.8467903E+02  -4.7949317E-31
   2.8501277E+02  -6.1908759E-31
   2.8534650E+02  -6.9447482E-31
   2.8568024E+02  -6.8881082E-31
   2.8601398E+02  -5.9389779E-31
   2.8634772E+02  -4.1220515E-31
   2.8668146E+02  -1.5772461E-31
   2.8701520E+02   1.4458434E-31
   2.8734894E+02   4.6084128E-31
   2.8768267E+02   7.5167908E-31
   2.8801641E+02   9.7676829E-31
   2.8835015E+02   1.0999612E-30
   2.8868389E+02   1.0944477E-30
   2.8901763E+02   9.4725059E-31
   2.8935137E+02   6.6240207E-31
   2.8968511E+02   2.6224092E-31
   2.9001884E+02  -2.1354101E-31
   2.9035258E+02  -7.1122129E-31
   2.9068632E+02  -1.1685568E-30
   2.9102006E+02  -1.5219953E-30
   2.9135380E+02  -1.7148279E-30
   2.9168754E+02  -1.7053103E-30
   2.9202128E+02  -1.4736922E-30
   2.9235501E+02  -1.0271100E-30
   2.9268875E+02  -4.0148285E-31
   2.9302249E+02   3.4016507E-31
   2.9335623E+02   1.1131034E-30
   2.9368997E+02   1.8197115E-30
   2.9402371E+02   2.3609095E-30
   2.9435745E+02   2.6489824E-30
   2.9469119E+02   2.6202585E-30
   2.9502492E+02   2.2459683E-30
   2.9535866E+02   1.5396522E-30
   2.9569240E+02   5.5979641E-31
   2.9602614E+02  -5.9316437E-31
   2.9635988E+02  -1.7856683E-30
   2.9669362E+02  -2.8651240E-30
   2.9702736E+02  -3.6779864E-30
   2.9736109E+02  -4.0898507E-30
   2.9769483E+02  -4.0051203E-30
   2.9802857E+02  -3.3836340E-30
   2.9836231E+02  -2.2517281E-30
   2.9869605E+02  -7.0570399E-31
   2.9902979E+02   1.0935547E-30
   2.9936353E+02   2.9350320E-30
   2.9969726E+02   4.5801401E-30
   3.0003100E+02   5.7912687E-30
   3.0036474E+02   6.3631823E-30
   3.0069848E+02   6.1534425E-30
   3.0103222E+02   5.1077197E-30
   3.0136596E+02   3.2761671E-30
   3.0169970E+02   8.1772945E-31
   3.0203343E+02  -2.0094137E-30
   3.0236717E+02  -4.8714555E-30
   3.0270091E+02  -7.3949872E-30
   3.0303465E+02  -9.2119516E-30
   3.0336839E+02  -1.0008602E-29
   3.0370213E+02  -9.5723744E-30
   3.0403587E+02  -7.8303151E-30
   3.0436960E+02  -4.8731783E-30
   3.0470334E+02  -9.6049587E-31
   3.0503708E+02   3.4959676E-30
   3.0537082E+02   7.9704159E-30
   3.0570456E+02   1.1880088E-29
   3.0603830E+02   1.4655626E-29
   3.0637204E+02   1.5816859E-29
   3.0670577E+02   1.5044609E-29
   3.0703951E+02   1.2238739E-29
   3.0737325E+02   7.5534160E-30
   3.0770699E+02   1.4026762E-30
   3.0804073E+02  -5.5673278E-30
   3.0837447E+02  -1.2539170E-29
   3.0870821E+02  -1.8613355E-29
   3.0904194E+02  -2.2917002E-29
   3.0937568E+02  -2.4719777E-29
   3.0970942E+02  -2.3542516E-29
   3.1004316E+02  -1.9243751E-29
   3.1037690E+02  -1.2070618E-29
   3.1071064E+02  -2.6641190E-30
   3.1104438E+02   7.9863665E-30
   3.1137811E+02   1.8638116E-29
   3.1171185E+02   2.7932045E-29
   3.1204559E+02   3.4557488E-29
   3.1237933E+02   3.7426094E-29
   3.1271307E+02   3.5832682E-29
   3.1304681E+02   2.9581080E-29
   3.1338055E+02   1.9055142E-29
   3.1371429E+02   5.2206905E-30
   3.1404802E+02  -1.0448047E-29
   3.1438176E+02  -2.6114767E-29
   3.1471550E+02  -3.9787338E-29
   3.1504924E+02  -4.9562441E-29
   3.1538298E+02  -5.3879624E-29
   3.1571672E+02  -5.1752506E-29
   3.1605046E+02  -4.2944524E-29
   3.1638419E+02  -2.8061413E-29
   3.1671793E+02  -8.5410261E-30
   3.1705167E+02   1.3466781E-29
   3.1738541E+02   3.5323836E-29
   3.1771915E+02   5.4209969E-29
   3.1805289E+02   6.7478242E-29
   3.1838663E+02   7.3016025E-29
   3.1872036E+02   6.9564680E-29
   3.1905410E+02   5.6951295E-29
   3.1938784E+02   3.6194814E-29
   3.1972158E+02   9.4617207E-30
   3.2005532E+02  -2.0134999E-29
   3.2038906E+02  -4.8879578E-29
   3.2072280E+02  -7.2905199E-29
   3.2105653E+02  -8.8701617E-29
   3.2139027E+02  -9.3614820E-29
   3.2172401E+02  -8.6270094E-29
   3.2205775E+02  -6.6855270E-29
   3.2239149E+02  -3.7213417E-29
   3.2272523E+02  -7.1746909E-31
   3.2305897E+02   3.8074579E-29
   3.2339270E+02   7.3954825E-29
   3.2372644E+02   1.0173296E-28
   3.2406018E+02   1.1695588E-28
   3.2439392E+02   1.1658389E-28
   3.2472766E+02   9.9527136E-29
   3.2506140E+02   6.6955881E-29
   3.2539514E+02   2.2321982E-29
   3.2572887E+02  -2.8935572E-29
   3.2606261E+02  -7.9988276E-29
   3.2639635E+02  -1.2346174E-28
   3.2673009E+02  -1.5242942E-28
   3.2706383E+02  -1.6143073E-28
   3.2739757E+02  -1.4737486E-28
   3.2773131E+02  -1.1019171E-28
   3.2806504E+02  -5.3117545E-29
   3.2839878E+02   1.7458549E-29
   3.2873252E+02   9.2605982E-29
   3.2906626E+02   1.6187923E-28
   3.2940000E+02   2.1465351E-28
   3.2973374E+02   2.4161251E-28
   3.3006748E+02   2.3619448E-28
   3.3040121E+02   1.9578965E-28
   3.3073495E+02   1.2249983E-28
   3.3106869E+02   2.3310045E-29
   3.3140243E+02  -9.0405511E-29
   3.3173617E+02  -2.0404012E-28
   3.3206991E+02  -3.0147648E-28
   3.3240365E+02  -3.6718825E-28
   3.3273739E+02  -3.8846842E-28
   3.3307112E+02  -3.5748611E-28
   3.3340486E+02  -2.7287259E-28
   3.3373860E+02  -1.4056992E-28
   3.3407234E+02   2.6243802E-29
   3.3440608E+02   2.0823364E-28
   3.3473982E+02   3.8194000E-28
   3.3507356E+02   5.2257755E-28
   3.3540729E+02   6.0729217E-28
   3.3574103E+02   6.1847461E-28
   3.3607477E+02   5.4668812E-28
   3.3640851E+02   3.9277184E-28
   3.3674225E+02   1.6875920E-28
   3.3707599E+02  -1.0262633E-28
   3.3740973E+02  -3.8996473E-28
   3.3774346E+02  -6.5649107E-28
   3.3807720E+02  -8.6448563E-28
   3.3841094E+02  -9.8020667E-28
   3.3874468E+02  -9.7875962E-28
   3.3907842E+02  -8.4824609E-28
   3.3941216E+02  -5.9257653E-28
   3.3974590E+02  -2.3245257E-28
   3.4007963E+02   1.9577102E-28
   3.4041337E+02   6.4338540E-28
   3.4074711E+02   1.0545375E-27
   3.4108085E+02   1.3728344E-27
   3.4141459E+02   1.5485894E-27
   3.4174833E+02   1.5458287E-27
   3.4208207E+02   1.3481088E-27
   3.4241580E+02   9.6230236E-28
   3.4274954E+02   4.1969153E-28
   3.4308328E+02  -2.2598602E-28
   3.4341702E+02  -9.0352538E-28
   3.4375076E+02  -1.5318655E-27
   3.4408450E+02  -2.0295407E-27
   3.4441824E+02  -2.3248990E-27
   3.4475197E+02  -2.3658231E-27
   3.4508571E+02  -2.1276792E-27
   3.4541945E+02  -1.6183499E-27
   3.4575319E+02  -8.7949864E-28
   3.4608693E+02   1.6335641E-29
   3.4642067E+02   9.7273011E-28
   3.4675441E+02   1.8798224E-27
   3.4708814E+02   2.6270921E-27
   3.4742188E+02   3.1169984E-27
   3.4775562E+02   3.2777725E-27
   3.4808936E+02   3.0737045E-27
   3.4842310E+02   2.5114361E-27
   3.4875684E+02   1.6412561E-27
   3.4909058E+02   5.5293800E-28
   3.4942431E+02  -6.3362811E-28
   3.4975805E+02  -1.7820921E-27
   3.5009179E+02  -2.7560412E-27
   3.5042553E+02  -3.4361676E-27
   3.5075927E+02  -3.7360094E-27
   3.5109301E+02  -3.6141562E-27
   3.5142675E+02  -3.0811308E-27
   3.5176048E+02  -2.1997997E-27
   3.5209422E+02  -1.0789165E-27
   3.5242796E+02   1.3969117E-28
   3.5276170E+02   1.2989096E-27
   3.5309544E+02   2.2469904E-27
   3.5342918E+02   2.8584415E-27
   3.5376292E+02   3.0523729E-27
   3.5409666E+02   2.8056483E-27
   3.5443039E+02   2.1587722E-27
   3.5476413E+02   1.2132407E-27
   3.5509787E+02   1.2019811E-28
   3.5543161E+02  -9.3865800E-28
   3.5576535E+02  -1.7758120E-27
   3.5609909E+02  -2.2253772E-27
   3.5643283E+02  -2.1696419E-27
   3.5676656E+02  -1.5610712E-27
   3.5710030E+02  -4.3633065E-28
   3.5743404E+02   1.0801961E-27
   3.5776778E+02   2.7848489E-27
   3.5810152E+02   4.4150172E-27
   3.5843526E+02   5.6797650E-27
   3.5876900E+02   6.2976865E-27
   3.5910273E+02   6.0377026E-27
   3.5943647E+02   4.7578166E-27
   3.5977021E+02   2.4365752E-27
   3.6010395E+02  -8.0747815E-28
   3.6043769E+02  -4.7121131E-27
   3.6077143E+02  -8.8855374E-27
   3.6110517E+02  -1.2838491E-26
   3.6143890E+02  -1.6032265E-26
   3.6177264E+02  -1.7938454E-26
   3.6210638E+02  -1.8104607E-26
   3.6244012E+02  -1.6218530E-26
   3.6277386E+02  -1.2163610E-26
   3.6310760E+02  -6.0577846E-27
   3.6344134E+02   1.7300825E-27
   3.6377507E+02   1.0590484E-26
   3.6410881E+02   1.9712001E-26
   3.6444255E+02   2.8146915E-26
   3.6477629E+02   3.4899293E-26
   3.6511003E+02   3.9027981E-26
   3.6544377E+02   3.9754935E-26
   3.6577751E+02   3.6567607E-26
   3.6611124E+02   2.9303539E-26
   3.6644498E+02   1.8206628E-26
   3.6677872E+02   3.9459108E-27
   3.6711246E+02  -1.2408650E-26
   3.6744620E+02  -2.9455194E-26
   3.6777994E+02  -4.5570824E-26
   3.6811368E+02  -5.9056839E-26
   3.6844741E+02  -6.8306202E-26
   3.6878115E+02  -7.1977949E-26
   3.6911489E+02  -6.9160804E-26
   3.6944863E+02  -5.9507587E-26
   3.6978237E+02  -4.3323763E-26
   3.7011611E+02  -2.1596106E-26
   3.7044985E+02   4.0470090E-27
   3.7078358E+02   3.1445882E-26
   3.7111732E+02   5.8085388E-26
   3.7145106E+02   8.1323363E-26
   3.7178480E+02   9.8652387E-26
   3.7211854E+02   1.0796935E-25
   3.7245228E+02   1.0782457E-25
   3.7278602E+02   9.7621666E-26
   3.7311976E+02   7.7742125E-26
   3.7345349E+02   4.9574207E-26
   3.7378723E+02   1.5435130E-26
   3.7412097E+02  -2.1613681E-26
   3.7445471E+02  -5.8046610E-26
   3.7478845E+02  -9.0225060E-26
   3.7512219E+02  -1.1478567E-25
   3.7545593E+02  -1.2902380E-25
   3.7578966E+02  -1.3122812E-25
   3.7612340E+02  -1.2092289E-25
   3.7645714E+02  -9.8982710E-26
   3.7679088E+02  -6.7596955E-26
   3.7712462E+02  -3.0076012E-26
   3.7745836E+02   9.4885715E-27
   3.7779210E+02   4.6679007E-26
   3.7812583E+02   7.7274731E-26
   3.7845957E+02   9.7784153E-26
   3.7879331E+02   1.0591789E-25
   3.7912705E+02   1.0094039E-25
   3.7946079E+02   8.3843946E-26
   3.7979453E+02   5.7310313E-26
   3.8012827E+02   2.5445966E-26
   3.8046200E+02  -6.6927421E-27
   3.8079574E+02  -3.3740179E-26
   3.8112948E+02  -5.0758515E-26
   3.8146322E+02  -5.3983348E-26
   3.8179696E+02  -4.1479111E-26
   3.8213070E+02  -1.3610139E-26
   3.8246444E+02   2.6753336E-26
   3.8279817E+02   7.4347398E-26
   3.8313191E+02   1.2196257E-25
   3.8346565E+02   1.6120592E-25
   3.8379939E+02   1.8350977E-25
   3.8413313E+02   1.8128538E-25
   3.8446687E+02   1.4909115E-25
   3.8480061E+02   8.4669421E-26
   3.8513434E+02  -1.0290421E-26
   3.8546808E+02  -1.2978325E-25
   3.8580182E+02  -2.6360329E-25
   3.8613556E+02  -3.9798112E-25
   3.8646930E+02  -5.1671543E-25
   3.8680304E+02  -6.0272794E-25
   3.8713678E+02  -6.3990286E-25
   3.8747051E+02  -6.1503215E-25
   3.8780425E+02  -5.1966237E-25
   3.8813799E+02  -3.5163623E-25
   3.8847173E+02  -1.1613107E-25
   3.8880547E+02   1.7395507E-25
   3.8913921E+02   4.9836524E-25
   3.8947295E+02   8.3062202E-25
   3.8980668E+02   1.1398798E-24
   3.9014042E+02   1.3933713E-24
   3.9047416E+02   1.5592519E-24
   3.9080790E+02   1.6095916E-24
   3.9114164E+02   1.5232656E-24
   3.9147538E+02   1.2884682E-24
   3.9180912E+02   9.0462506E-25
   3.9214285E+02   3.8351903E-25
   3.9247659E+02  -2.5046773E-25
   3.9281033E+02  -9.6104400E-25
   3.9314407E+02  -1.7015692E-24
   3.9347781E+02  -2.4173883E-24
   3.9381155E+02  -3.0487841E-24
   3.9414529E+02  -3.5343883E-24
   3.9447903E+02  -3.8148915E-24
   3.9481276E+02  -3.8369319E-24
   3.9514650E+02  -3.5570760E-24
   3.9548024E+02  -2.9458587E-24
   3.9581398E+02  -1.9918192E-24
   3.9614772E+02  -7.0548965E-25
   3.9648146E+02   8.7682935E-25
   3.9681520E+02   2.6897792E-24
   3.9714893E+02   4.6366069E-24
   3.9748267E+02   6.5884227E-24
   3.9781641E+02   8.3858596E-24
   3.9815015E+02   9.8440359E-24
   3.9848389E+02   1.0761642E-23
   3.9881763E+02   1.0934818E-23
   3.9915137E+02   1.0175890E-23
   3.9948510E+02   8.3366032E-24
   3.9981884E+02   5.3344183E-24
   4.0015258E+02   1.1796458E-24
   4.0048632E+02  -3.9997354E-24
   4.0082006E+02  -9.9395606E-24
   4.0115380E+02  -1.6231488E-23
   4.0148754E+02  -2.2329774E-23
   4.0182127E+02  -2.7576144E-23
   4.0215501E+02  -3.1244736E-23
   4.0248875E+02  -3.2606758E-23
   4.0282249E+02  -3.1012041E-23
   4.0315623E+02  -2.5981353E-23
   4.0348997E+02  -1.7300758E-23
   4.0382371E+02  -5.1066043E-24
   4.0415744E+02   1.0051524E-23
   4.0449118E+02   2.7182825E-23
   4.0482492E+02   4.4873507E-23
   4.0515866E+02   6.1359065E-23
   4.0549240E+02   7.4653265E-23
   4.0582614E+02   8.2730071E-23
   4.0615988E+02   8.3747064E-23
   4.0649361E+02   7.6291508E-23
   4.0682735E+02   5.9623988E-23
   4.0716109E+02   3.3889509E-23
   4.0749483E+02   2.6443683E-25
   4.0782857E+02  -3.8990249E-23
   4.0816231E+02  -8.0593324E-23
   4.0849605E+02  -1.2043895E-22
   4.0882978E+02  -1.5392384E-22
   4.0916352E+02  -1.7639030E-22
   4.0949726E+02  -1.8365273E-22
   4.0983100E+02  -1.7255892E-22
   4.1016474E+02  -1.4152531E-22
   4.1049848E+02  -9.0977347E-23
   4.1083222E+02  -2.3625729E-23
   4.1116595E+02   5.5482632E-23
   4.1149969E+02   1.3918363E-22
   4.1183343E+02   2.1870415E-22
   4.1216717E+02   2.8444704E-22
   4.1250091E+02   3.2700327E-22
   4.1283465E+02   3.3830743E-22
   4.1316839E+02   3.1281614E-22
   4.1350213E+02   2.4857085E-22
   4.1383586E+02   1.4799139E-22
   4.1416960E+02   1.8256860E-23
   4.1450334E+02  -1.2884340E-22
   4.1483708E+02  -2.7765960E-22
   4.1517082E+02  -4.1003909E-22
   4.1550456E+02  -5.0722191E-22
   4.1583830E+02  -5.5212347E-22
   4.1617203E+02  -5.3177884E-22
   4.1650577E+02  -4.3966099E-22
   4.1683951E+02  -2.7755350E-22
   4.1717325E+02  -5.6660843E-23
   4.1750699E+02   2.0231744E-22
   4.1784073E+02   4.7033447E-22
   4.1817447E+02   7.1242304E-22
   4.1850820E+02   8.9130589E-22
   4.1884194E+02   9.7191995E-22
   4.1917568E+02   9.2642189E-22
   4.1950942E+02   7.3910895E-22
   4.1984316E+02   4.1059945E-22
   4.2017690E+02  -3.9393189E-23
   4.2051064E+02  -5.7129600E-22
   4.2084437E+02  -1.1273630E-21
   4.2117811E+02  -1.6360220E-21
   4.2151185E+02  -2.0187779E-21
   4.2184559E+02  -2.1992398E-21
   4.2217933E+02  -2.1134768E-21
   4.2251307E+02  -1.7206219E-21
   4.2284681E+02  -1.0124088E-21
   4.2318054E+02  -2.0240820E-23
   4.2351428E+02   1.1815479E-21
   4.2384802E+02   2.4773401E-21
   4.2418176E+02   3.7174652E-21
   4.2451550E+02   4.7311161E-21
   4.2484924E+02   5.3443429E-21
   4.2518298E+02   5.4017689E-21
   4.2551671E+02   4.7899618E-21
   4.2585045E+02   3.4597500E-21
   4.2618419E+02   1.4444536E-21
   4.2651793E+02  -1.1291110E-21
   4.2685167E+02  -4.0396270E-21
   4.2718541E+02  -6.9823107E-21
   4.2751915E+02  -9.5928313E-21
   4.2785288E+02  -1.1483451E-20
   4.2818662E+02  -1.2288959E-20
   4.2852036E+02  -1.1718214E-20
   4.2885410E+02  -9.6055412E-21
   4.2918784E+02  -5.9551039E-21
   4.2952158E+02  -9.7097635E-22
   4.2985532E+02   4.9337850E-21
   4.3018905E+02   1.1154312E-20
   4.3052279E+02   1.6939914E-20
   4.3085653E+02   2.1468093E-20
   4.3119027E+02   2.3941722E-20
   4.3152401E+02   2.3700453E-20
   4.3185775E+02   2.0333793E-20
   4.3219149E+02   1.3780593E-20
   4.3252522E+02   4.3988629E-21
   4.3285896E+02  -7.0091812E-21
   4.3319270E+02  -1.9228426E-20
   4.3352644E+02  -3.0724435E-20
   4.3386018E+02  -3.9797695E-20
   4.3419392E+02  -4.4788108E-20
   4.3452766E+02  -4.4310479E-20
   4.3486140E+02  -3.7493952E-20
   4.3519513E+02  -2.4193055E-20
   4.3552887E+02  -5.1358469E-21
   4.3586261E+02   1.8022269E-20
   4.3619635E+02   4.2763335E-20
   4.3653009E+02   6.5902158E-20
   4.3686383E+02   8.3907902E-20
   4.3719757E+02   9.3329729E-20
   4.3753130E+02   9.1285597E-20
   4.3786504E+02   7.5957786E-20
   4.3819878E+02   4.7028035E-20
   4.3853252E+02   5.9820579E-21
   4.3886626E+02  -4.3780473E-20
   4.3920000E+02  -9.7078304E-20
   4.3953374E+02  -1.4734557E-19
   4.3986747E+02  -1.8728304E-19
   4.4020121E+02  -2.0971628E-19
   4.4053495E+02  -2.0857778E-19
   4.4086869E+02  -1.7989944E-19
   4.4120243E+02  -1.2268270E-19
   4.4153617E+02  -3.9508986E-20
   4.4186991E+02   6.3231786E-20
   4.4220364E+02   1.7558497E-19
   4.4253738E+02   2.8478621E-19
   4.4287112E+02   3.7650400E-19
   4.4320486E+02   4.3647612E-19
   4.4353860E+02   4.5238094E-19
   4.4387234E+02   4.1572805E-19
   4.4420608E+02   3.2352311E-19
   4.4453981E+02   1.7945287E-19
   4.4487355E+02  -5.6289770E-21
   4.4520729E+02  -2.1407657E-19
   4.4554103E+02  -4.2275273E-19
   4.4587477E+02  -6.0520933E-19
   4.4620851E+02  -7.3458022E-19
   4.4654225E+02  -7.8690085E-19
   4.4687598E+02  -7.4448747E-19
   4.4720972E+02  -5.9894411E-19
   4.4754346E+02  -3.5337580E-19
   4.4787720E+02  -2.3428805E-20
   4.4821094E+02   3.6310763E-19
   4.4854468E+02   7.6825495E-19
   4.4887842E+02   1.1472871E-18
   4.4921215E+02   1.4533991E-18
   4.4954589E+02   1.6431656E-18
   4.4987963E+02   1.6822029E-18
   4.5021337E+02   1.5503691E-18
   4.5054711E+02   1.2458196E-18
   4.5088085E+02   7.8730585E-19
   4.5121459E+02   2.1425699E-19
   4.5154832E+02  -4.1560439E-19
   4.5188206E+02  -1.0310861E-18
   4.5221580E+02  -1.5544773E-18
   4.5254954E+02  -1.9100357E-18
   4.5288328E+02  -2.0331895E-18
   4.5321702E+02  -1.8794718E-18
   4.5355076E+02  -1.4321547E-18
   4.5388450E+02  -7.0759770E-19
   4.5421823E+02   2.4248727E-19
   4.5455197E+02   1.3323769E-18
   4.5488571E+02   2.4474188E-18
   4.5521945E+02   3.4525479E-18
   4.5555319E+02   4.2034531E-18
   4.5588693E+02   4.5592103E-18
   4.5622067E+02   4.3948247E-18
   4.5655440E+02   3.6119942E-18
   4.5688814E+02   2.1464009E-18
   4.5722188E+02  -2.9817250E-20
   4.5755562E+02  -2.9113612E-18
   4.5788936E+02  -6.4690326E-18
   4.5822310E+02  -1.0664500E-17
   4.5855684E+02  -1.5469308E-17
   4.5889057E+02  -2.0886420E-17
   4.5922431E+02  -2.6972236E-17
   4.5955805E+02  -3.3857015E-17
   4.5989179E+02  -4.1762089E-17
   4.6022553E+02  -5.1012675E-17
   4.6055927E+02  -6.2046037E-17
   4.6089301E+02  -7.5415320E-17
   4.6122674E+02  -9.1790042E-17
   4.6156048E+02  -1.1195452E-16
   4.6189422E+02  -1.3680599E-16
   4.6222796E+02  -1.6735314E-16
   4.6256170E+02  -2.0471688E-16
   4.6289544E+02  -2.5013357E-16
   4.6322918E+02  -3.0496198E-16
   4.6356291E+02  -3.7069545E-16
   4.6389665E+02  -4.4897839E-16
   4.6423039E+02  -5.4162955E-16
   4.6456413E+02  -6.5066810E-16
   4.6489787E+02  -7.7834297E-16
   4.6523161E+02  -9.2715993E-16
   4.6556535E+02  -1.0998973E-15
   4.6589908E+02  -1.2996059E-15
   4.6623282E+02  -1.5295831E-15
   4.6656656E+02  -1.7933163E-15
   4.6690030E+02  -2.0943836E-15
   4.6723404E+02  -2.4363171E-15
   4.6756778E+02  -2.8224178E-15
   4.6790152E+02  -3.2555193E-15
   4.6823525E+02  -3.7376947E-15
   4.6856899E+02  -4.2698965E-15
   4.6890273E+02  -4.8514960E-15
   4.6923647E+02  -5.4797246E-15
   4.6957021E+02  -6.1489679E-15
   4.6990395E+02  -6.8498885E-15
   4.7023769E+02  -7.5683597E-15
   4.7057142E+02  -8.2840754E-15
   4.7090516E+02  -8.9688710E-15
   4.7123890E+02  -9.5845708E-15
   4.7157264E+02  -1.0080315E-14
   4.7190638E+02  -1.0389269E-14
   4.7224012E+02  -1.0424499E-14
   4.7257386E+02  -1.0073960E-14
   4.7290760E+02  -9.1944071E-15
   4.7324133E+02  -7.6040045E-15
   4.7357507E+02  -5.0734961E-15
   4.7390881E+02  -1.3158538E-15
   4.7424255E+02   4.0263203E-15
   4.7457629E+02   1.1395334E-14
   4.7491003E+02   2.1335767E-14
   4.7524377E+02   3.4515159E-14
   4.7557750E+02   5.1748265E-14
   4.7591124E+02   7.4025767E-14
   4.7624498E+02   1.0254766E-13
   4.7657872E+02   1.3876412E-13
   4.7691246E+02   1.8442172E-13
   4.7724620E+02   2.4161857E-13
   4.7757994E+02   3.1286941E-13
   4.7791367E+02   4.0118137E-13
   4.7824741E+02   5.1014097E-13
   4.7858115E+02   6.4401875E-13
   4.7891489E+02   8.0788615E-13
   4.7924863E+02   1.0077545E-12
   4.7958237E+02   1.2507332E-12
   4.7991611E+02   1.5452120E-12
   4.8024984E+02   1.9010696E-12
   4.8058358E+02   2.3299197E-12
   4.8091732E+02   2.8453852E-12
   4.8125106E+02   3.4634192E-12
   4.8158480E+02   4.2026703E-12
   4.8191854E+02   5.0848969E-12
   4.8225228E+02   6.1354489E-12
   4.8258601E+02   7.3838045E-12
   4.8291975E+02   8.8641759E-12
   4.8325349E+02   1.0616215E-11
   4.8358723E+02   1.2685787E-11
   4.8392097E+02   1.5125861E-11
   4.8425471E+02   1.7997501E-11
   4.8458845E+02   2.1371020E-11
   4.8492218E+02   2.5327200E-11
   4.8525592E+02   2.9958765E-11
   4.8558966E+02   3.5371952E-11
   4.8592340E+02   4.1688302E-11
   4.8625714E+02   4.9046558E-11
   4.8659088E+02   5.7605004E-11
   4.8692462E+02   6.7543714E-11
   4.8725835E+02   7.9067357E-11
   4.8759209E+02   9.2408137E-11
   4.8792583E+02   1.0782906E-10
   4.8825957E+02   1.2562749E-10
   4.8859331E+02   1.4613938E-10
   4.8892705E+02   1.6974318E-10
   4.8926079E+02   1.9686514E-10
   4.8959452E+02   2.2798380E-10
   4.8992826E+02   2.6363647E-10
   4.9026200E+02   3.0442449E-10
   4.9059574E+02   3.5102043E-10
   4.9092948E+02   4.0417458E-10
   4.9126322E+02   4.6472293E-10
   4.9159696E+02   5.3359522E-10
   4.9193069E+02   6.1182348E-10
   4.9226443E+02   7.0055195E-10
   4.9259817E+02   8.0104567E-10
   4.9293191E+02   9.1470265E-10
   4.9326565E+02   1.0430630E-09
   4.9359939E+02   1.1878220E-09
   4.9393313E+02   1.3508410E-09
   4.9426687E+02   1.5341604E-09
   4.9460060E+02   1.7400126E-09
   4.9493434E+02   1.9708346E-09
   4.9526808E+02   2.2292836E-09
   4.9560182E+02   2.5182465E-09
   4.9593556E+02   2.8408567E-09
   4.9626930E+02   3.2005099E-09
   4.9660304E+02   3.6008709E-09
   4.9693677E+02   4.0458938E-09
   4.9727051E+02   4.5398290E-09
   4.9760425E+02   5.0872431E-09
   4.9793799E+02   5.6930207E-09
   4.9827173E+02   6.3623773E-09
   4.9860547E+02   7.1008790E-09
   4.9893921E+02   7.9144300E-09
   4.9927294E+02   8.8092964E-09
   4.9960668E+02   9.7920854E-09
   4.9994042E+02   1.0869777E-08
   5.0027416E+02   1.2049693E-08
   5.0060790E+02   1.3339498E-08
   5.0094164E+02   1.4747194E-08
   5.0127538E+02   1.6281110E-08
   5.0160911E+02   1.7949862E-08
   5.0194285E+02   1.9762364E-08
   5.0227659E+02   2.1727763E-08
   5.0261033E+02   2.3855423E-08
   5.0294407E+02   2.6154883E-08
   5.0327781E+02   2.8635796E-08
   5.0361155E+02   3.1307891E-08
   5.0394528E+02   3.4180889E-08
   5.0427902E+02   3.7264464E-08
   5.0461276E+02   4.0568125E-08
   5.0494650E+02   4.4101178E-08
   5.0528024E+02   4.7872572E-08
   5.0561398E+02   5.1890865E-08
   5.0594772E+02   5.6164062E-08
   5.0628145E+02   6.0699527E-08
   5.0661519E+02   6.5503833E-08
   5.0694893E+02   7.0582594E-08
   5.0728267E+02   7.5940427E-08
   5.0761641E+02   8.1580730E-08
   5.0795015E+02   8.7505484E-08
   5.0828389E+02   9.3715180E-08
   5.0861762E+02   1.0020860E-07
   5.0895136E+02   1.0698266E-07
   5.0928510E+02   1.1403230E-07
   5.0961884E+02   1.2135010E-07
   5.0995258E+02   1.2892646E-07
   5.1028632E+02   1.3674902E-07
   5.1062006E+02   1.4480287E-07
   5.1095379E+02   1.5307000E-07
   5.1128753E+02   1.6152953E-07
   5.1162127E+02   1.7015726E-07
   5.1195501E+02   1.7892570E-07
   5.1228875E+02   1.8780383E-07
   5.1262249E+02   1.9675716E-07
   5.1295623E+02   2.0574731E-07
   5.1328997E+02   2.1473241E-07
   5.1362370E+02   2.2366658E-07
   5.1395744E+02   2.3250028E-07
   5.1429118E+02   2.4117969E-07
   5.1462492E+02   2.4964783E-07
   5.1495866E+02   2.5784354E-07
   5.1529240E+02   2.6570191E-07
   5.1562614E+02   2.7315482E-07
   5.1595987E+02   2.8013048E-07
   5.1629361E+02   2.8655398E-07
   5.1662735E+02   2.9234732E-07
   5.1696109E+02   2.9743003E-07
   5.1729483E+02   3.0171904E-07
   5.1762857E+02   3.0512925E-07
   5.1796231E+02   3.0757408E-07
   5.1829604E+02   3.0896558E-07
   5.1862978E+02   3.0921490E-07
   5.1896352E+02   3.0823327E-07
   5.1929726E+02   3.0593185E-07
   5.1963100E+02   3.0222287E-07
   5.1996474E+02   2.9701974E-07
   5.2029848E+02   2.9023846E-07
   5.2063221E+02   2.8179730E-07
   5.2096595E+02   2.7161795E-07
   5.2129969E+02   2.5962649E-07
   5.2163343E+02   2.4575343E-07
   5.2196717E+02   2.2993501E-07
   5.2230091E+02   2.1211360E-07
   5.2263465E+02   1.9223867E-07
   5.2296838E+02   1.7026728E-07
   5.2330212E+02   1.4616472E-07
   5.2363586E+02   1.1990542E-07
   5.2396960E+02   9.1473069E-08
   5.2430334E+02   6.0861929E-08
   5.2463708E+02   2.8076959E-08
   5.2497082E+02  -6.8656516E-09
   5.2530455E+02  -4.3937995E-08
   5.2563829E+02  -8.3099891E-08
   5.2597203E+02  -1.2429871E-07
   5.2630577E+02  -1.6746881E-07
   5.2663951E+02  -2.1253177E-07
   5.2697325E+02  -2.5939588E-07
   5.2730699E+02  -3.0795644E-07
   5.2764072E+02  -3.5809549E-07
   5.2797446E+02  -4.0968203E-07
   5.2830820E+02  -4.6257227E-07
   5.2864194E+02  -5.1661038E-07
   5.2897568E+02  -5.7162822E-07
   5.2930942E+02  -6.2744590E-07
   5.2964316E+02  -6.8387317E-07
   5.2997689E+02  -7.4070920E-07
   5.3031063E+02  -7.9774384E-07
   5.3064437E+02  -8.5475807E-07
   5.3097811E+02  -9.1152589E-07
   5.3131185E+02  -9.6781423E-07
   5.3164559E+02  -1.0233847E-06
   5.3197933E+02  -1.0779943E-06
   5.3231306E+02  -1.1313975E-06
   5.3264680E+02  -1.1833470E-06
   5.3298054E+02  -1.2335946E-06
   5.3331428E+02  -1.2818934E-06
   5.3364802E+02  -1.3279997E-06
   5.3398176E+02  -1.3716725E-06
   5.3431550E+02  -1.4126764E-06
   5.3464924E+02  -1.4507826E-06
   5.3498297E+02  -1.4857713E-06
   5.3531671E+02  -1.5174309E-06
   5.3565045E+02  -1.5455616E-06
   5.3598419E+02  -1.5699761E-06
   5.3631793E+02  -1.5904991E-06
   5.3665167E+02  -1.6069724E-06
   5.3698541E+02  -1.6192524E-06
   5.3731914E+02  -1.6272119E-06
   5.3765288E+02  -1.6307438E-06
   5.3798662E+02  -1.6297574E-06
   5.3832036E+02  -1.6241842E-06
   5.3865410E+02  -1.6139741E-06
   5.3898784E+02  -1.5990989E-06
   5.3932158E+02  -1.5795514E-06
   5.3965531E+02  -1.5553462E-06
   5.3998905E+02  -1.5265200E-06
   5.4032279E+02  -1.4931311E-06
   5.4065653E+02  -1.4552593E-06
   5.4099027E+02  -1.4130071E-06
   5.4132401E+02  -1.3664968E-06
   5.4165775E+02  -1.3158721E-06
   5.4199148E+02  -1.2612974E-06
   5.4232522E+02  -1.2029554E-06
   5.4265896E+02  -1.1410486E-06
   5.4299270E+02  -1.0757959E-06
   5.4332644E+02  -1.0074330E-06
   5.4366018E+02  -9.3621026E-07
   5.4399392E+02  -8.6239311E-07
   5.4432765E+02  -7.8625885E-07
   5.4466139E+02  -7.0809523E-07
   5.4499513E+02  -6.2820084E-07
   5.4532887E+02  -5.4688155E-07
   5.4566261E+02  -4.6444956E-07
   5.4599635E+02  -3.8122170E-07
   5.4633009E+02  -2.9751800E-07
   5.4666382E+02  -2.1365966E-07
   5.4699756E+02  -1.2996705E-07
   5.4733130E+02  -4.6758373E-08
   5.4766504E+02   3.5651709E-08
   5.4799878E+02   1.1695465E-07
   5.4833252E+02   1.9684873E-07
   5.4866626E+02   2.7504117E-07
   5.4899999E+02   3.5124896E-07
   5.4933373E+02   4.2520122E-07
   5.4966747E+02   4.9663930E-07
   5.5000121E+02   5.6531928E-07
   5.5033495E+02   6.3101197E-07
   5.5066869E+02   6.9350546E-07
   5.5100243E+02   7.5260436E-07
   5.5133616E+02   8.0813197E-07
   5.5166990E+02   8.5993031E-07
   5.5200364E+02   9.0786136E-07
   5.5233738E+02   9.5180650E-07
   5.5267112E+02   9.9166812E-07
   5.5300486E+02   1.0273684E-06
   5.5333860E+02   1.0588509E-06
   5.5367234E+02   1.0860783E-06
   5.5400607E+02   1.1090356E-06
   5.5433981E+02   1.1277261E-06
   5.5467355E+02   1.1421743E-06
   5.5500729E+02   1.1524226E-06
   5.5534103E+02   1.1585336E-06
   5.5567477E+02   1.1605869E-06
   5.5600851E+02   1.1586795E-06
   5.5634224E+02   1.1529253E-06
   5.5667598E+02   1.1434524E-06
   5.5700972E+02   1.1304047E-06
   5.5734346E+02   1.1139377E-06
   5.5767720E+02   1.0942198E-06
   5.5801094E+02   1.0714305E-06
   5.5834468E+02   1.0457578E-06
   5.5867841E+02   1.0173998E-06
   5.5901215E+02   9.8655994E-07
   5.5934589E+02   9.5344916E-07
   5.5967963E+02   9.1828190E-07
   5.6001337E+02   8.8127626E-07
   5.6034711E+02   8.4265298E-07
   5.6068085E+02   8.0263271E-07
   5.6101458E+02   7.6143579E-07
   5.6134832E+02   7.1928127E-07
   5.6168206E+02   6.7638501E-07
   5.6201580E+02   6.3295886E-07
   5.6234954E+02   5.8920909E-07
   5.6268328E+02   5.4533729E-07
   5.6301702E+02   5.0153733E-07
   5.6335075E+02   4.5799541E-07
   5.6368449E+02   4.1488954E-07
   5.6401823E+02   3.7238826E-07
   5.6435197E+02   3.3065069E-07
   5.6468571E+02   2.8982518E-07
   5.6501945E+02   2.5004948E-07
   5.6535319E+02   2.1144987E-07
   5.6568692E+02   1.7414104E-07
   5.6602066E+02   1.3822554E-07
   5.6635440E+02   1.0379430E-07
   5.6668814E+02   7.0925935E-08
   5.6702188E+02   3.9687215E-08
   5.6735562E+02   1.0132965E-08
   5.6768936E+02  -1.7693957E-08
   5.6802309E+02  -4.3762064E-08
   5.6835683E+02  -6.8051300E-08
   5.6869057E+02  -9.0552611E-08
   5.6902431E+02  -1.1126756E-07
   5.6935805E+02  -1.3020794E-07
   5.6969179E+02  -1.4739527E-07
   5.7002553E+02  -1.6286013E-07
   5.7035926E+02  -1.7664165E-07
   5.7069300E+02  -1.8878666E-07
   5.7102674E+02  -1.9934933E-07
   5.7136048E+02  -2.0839011E-07
   5.7169422E+02  -2.1597540E-07
   5.7202796E+02  -2.2217654E-07
   5.7236170E+02  -2.2706939E-07
   5.7269543E+02  -2.3073353E-07
   5.7302917E+02  -2.3325143E-07
   5.7336291E+02  -2.3470801E-07
   5.7369665E+02  -2.3518977E-07
   5.7403039E+02  -2.3478410E-07
   5.7436413E+02  -2.3357859E-07
   5.7469787E+02  -2.3166042E-07
   5.7503161E+02  -2.2911574E-07
   5.7536534E+02  -2.2602899E-07
   5.7569908E+02  -2.2248238E-07
   5.7603282E+02  -2.1855551E-07
   5.7636656E+02  -2.1432477E-07
   5.7670030E+02  -2.0986306E-07
   5.7703404E+02  -2.0523922E-07
   5.7736778E+02  -2.0051793E-07
   5.7770151E+02  -1.9575921E-07
   5.7803525E+02  -1.9101827E-07
   5.7836899E+02  -1.8634529E-07
   5.7870273E+02  -1.8178513E-07
   5.7903647E+02  -1.7737739E-07
   5.7937021E+02  -1.7315622E-07
   5.7970395E+02  -1.6915045E-07
   5.8003768E+02  -1.6538355E-07
   5.8037142E+02  -1.6187367E-07
   5.8070516E+02  -1.5863397E-07
   5.8103890E+02  -1.5567261E-07
   5.8137264E+02  -1.5299290E-07
   5.8170638E+02  -1.5059362E-07
   5.8204012E+02  -1.4846921E-07
   5.8237385E+02  -1.4660991E-07
   5.8270759E+02  -1.4500218E-07
   5.8304133E+02  -1.4362905E-07
   5.8337507E+02  -1.4247036E-07
   5.8370881E+02  -1.4150325E-07
   5.8404255E+02  -1.4070255E-07
   5.8437629E+02  -1.4004107E-07
   5.8471002E+02  -1.3949006E-07
   5.8504376E+02  -1.3901968E-07
   5.8537750E+02  -1.3859911E-07
   5.8571124E+02  -1.3819727E-07
   5.8604498E+02  -1.3778279E-07
   5.8637872E+02  -1.3732466E-07
   5.8671246E+02  -1.3679248E-07
   5.8704619E+02  -1.3615677E-07
   5.8737993E+02  -1.3538934E-07
   5.8771367E+02  -1.3446370E-07
   5.8804741E+02  -1.3335520E-07
   5.8838115E+02  -1.3204141E-07
   5.8871489E+02  -1.3050226E-07
   5.8904863E+02  -1.2872027E-07
   5.8938236E+02  -1.2668076E-07
   5.8971610E+02  -1.2437181E-07
   5.9004984E+02  -1.2178450E-07
   5.9038358E+02  -1.1891298E-07
   5.9071732E+02  -1.1575457E-07
   5.9105106E+02  -1.1230975E-07
   5.9138480E+02  -1.0858228E-07
   5.9171853E+02  -1.0457920E-07
   5.9205227E+02  -1.0031084E-07
   5.9238601E+02  -9.5790682E-08
   5.9271975E+02  -9.1035346E-08
   5.9305349E+02  -8.6064361E-08
   5.9338723E+02  -8.0900094E-08
   5.9372097E+02  -7.5567428E-08
   5.9405471E+02  -7.0093726E-08
   5.9438844E+02  -6.4508420E-08
   5.9472218E+02  -5.8842978E-08
   5.9505592E+02  -5.3130634E-08
   5.9538966E+02  -4.7406161E-08
   5.9572340E+02  -4.1705597E-08
   5.9605714E+02  -3.6066169E-08
   5.9639088E+02  -3.0525825E-08
   5.9672461E+02  -2.5123072E-08
   5.9705835E+02  -1.9896561E-08
   5.9739209E+02  -1.4884847E-08
   5.9772583E+02  -1.0126016E-08
   5.9805957E+02  -5.6574123E-09
   5.9839331E+02  -1.5152892E-09
   5.9872705E+02   2.2654092E-09
   5.9906078E+02   5.6512874E-09
   5.9939452E+02   8.6106553E-09
   5.9972826E+02   1.1114125E-08
   6.0006200E+02   1.3134198E-08
   6.0039574E+02   1.4646190E-08
   6.0072948E+02   1.5628089E-08
   6.0106322E+02   1.6060909E-08
   6.0139695E+02   1.5928919E-08
   6.0173069E+02   1.5219840E-08
   6.0206443E+02   1.3925032E-08
   6.0239817E+02   1.2039536E-08
   6.0273191E+02   9.5622994E-09
   6.0306565E+02   6.4959238E-09
   6.0339939E+02   2.8471874E-09
   6.0373312E+02  -1.3736212E-09
   6.0406686E+02  -6.1521206E-09
   6.0440060E+02  -1.1470320E-08
   6.0473434E+02  -1.7306121E-08
   6.0506808E+02  -2.3633945E-08
   6.0540182E+02  -3.0424509E-08
   6.0573556E+02  -3.7644831E-08
   6.0606929E+02  -4.5258489E-08
   6.0640303E+02  -5.3225918E-08
   6.0673677E+02  -6.1504323E-08
   6.0707051E+02  -7.0048301E-08
   6.0740425E+02  -7.8809819E-08
   6.0773799E+02  -8.7738655E-08
   6.0807173E+02  -9.6782713E-08
   6.0840546E+02  -1.0588829E-07
   6.0873920E+02  -1.1500038E-07
   6.0907294E+02  -1.2406299E-07
   6.0940668E+02  -1.3301951E-07
   6.0974042E+02  -1.4181299E-07
   6.1007416E+02  -1.5038646E-07
   6.1040790E+02  -1.5868343E-07
   6.1074163E+02  -1.6664818E-07
   6.1107537E+02  -1.7422620E-07
   6.1140911E+02  -1.8136446E-07
   6.1174285E+02  -1.8801204E-07
   6.1207659E+02  -1.9412023E-07
   6.1241033E+02  -1.9964308E-07
   6.1274407E+02  -2.0453732E-07
   6.1307781E+02  -2.0876313E-07
   6.1341154E+02  -2.1228404E-07
   6.1374528E+02  -2.1506708E-07
   6.1407902E+02  -2.1708320E-07
   6.1441276E+02  -2.1830736E-07
   6.1474650E+02  -2.1871892E-07
   6.1508024E+02  -2.1830141E-07
   6.1541398E+02  -2.1704315E-07
   6.1574771E+02  -2.1493682E-07
   6.1608145E+02  -2.1197994E-07
   6.1641519E+02  -2.0817481E-07
   6.1674893E+02  -2.0352817E-07
   6.1708267E+02  -1.9805142E-07
   6.1741641E+02  -1.9176039E-07
   6.1775015E+02  -1.8467529E-07
   6.1808388E+02  -1.7682032E-07
   6.1841762E+02  -1.6822366E-07
   6.1875136E+02  -1.5891735E-07
   6.1908510E+02  -1.4893673E-07
   6.1941884E+02  -1.3832063E-07
   6.1975258E+02  -1.2711075E-07
   6.2008632E+02  -1.1535151E-07
   6.2042005E+02  -1.0308968E-07
   6.2075379E+02  -9.0374087E-08
   6.2108753E+02  -7.7255081E-08
   6.2142127E+02  -6.3784441E-08
   6.2175501E+02  -5.0014663E-08
   6.2208875E+02  -3.5998944E-08
   6.2242249E+02  -2.1790633E-08
   6.2275622E+02  -7.4429245E-09
   6.2308996E+02   6.9915469E-09
   6.2342370E+02   2.1460750E-08
   6.2375744E+02   3.5913814E-08
   6.2409118E+02   5.0301221E-08
   6.2442492E+02   6.4575097E-08
   6.2475866E+02   7.8689489E-08
   6.2509239E+02   9.2600608E-08
   6.2542613E+02   1.0626700E-07
   6.2575987E+02   1.1964984E-07
   6.2609361E+02   1.3271293E-07
   6.2642735E+02   1.4542293E-07
   6.2676109E+02   1.5774941E-07
   6.2709483E+02   1.6966479E-07
   6.2742856E+02   1.8114432E-07
   6.2776230E+02   1.9216623E-07
   6.2809604E+02   2.0271145E-07
   6.2842978E+02   2.1276355E-07
   6.2876352E+02   2.2230910E-07
   6.2909726E+02   2.3133654E-07
   6.2943100E+02   2.3983705E-07
   6.2976473E+02   2.4780365E-07
   6.3009847E+02   2.5523138E-07
   6.3043221E+02   2.6211677E-07
   6.3076595E+02   2.6845760E-07
   6.3109969E+02   2.7425290E-07
   6.3143343E+02   2.7950222E-07
   6.3176717E+02   2.8420530E-07
   6.3210090E+02   2.8836234E-07
   6.3243464E+02   2.9197329E-07
   6.3276838E+02   2.9503713E-07
   6.3310212E+02   2.9755279E-07
   6.3343586E+02   2.9951730E-07
   6.3376960E+02   3.0092684E-07
   6.3410334E+02   3.0177563E-07
   6.3443708E+02   3.0205618E-07
   6.3477081E+02   3.0175843E-07
   6.3510455E+02   3.0087043E-07
   6.3543829E+02   2.9937729E-07
   6.3577203E+02   2.9726172E-07
   6.3610577E+02   2.9450388E-07
   6.3643951E+02   2.9108060E-07
   6.3677325E+02   2.8696650E-07
   6.3710698E+02   2.8213339E-07
   6.3744072E+02   2.7655042E-07
   6.3777446E+02   2.7018444E-07
   6.3810820E+02   2.6299972E-07
   6.3844194E+02   2.5495859E-07
   6.3877568E+02   2.4602127E-07
   6.3910942E+02   2.3614689E-07
   6.3944315E+02   2.2529309E-07
   6.3977689E+02   2.1341660E-07
   6.4011063E+02   2.0047422E-07
   6.4044437E+02   1.8642251E-07
   6.4077811E+02   1.7121889E-07
   6.4111185E+02   1.5482212E-07
   6.4144559E+02   1.3719259E-07
   6.4177932E+02   1.1829309E-07
   6.4211306E+02   9.8088947E-08
   6.4244680E+02   7.6549441E-08
   6.4278054E+02   5.3647341E-08
   6.4311428E+02   2.9360329E-08
   6.4344802E+02   3.6713104E-09
   6.4378176E+02  -2.3430806E-08
   6.4411549E+02  -5.1950941E-08
   6.4444923E+02  -8.1886967E-08
   6.4478297E+02  -1.1322914E-07
   6.4511671E+02  -1.4595975E-07
   6.4545045E+02  -1.8005281E-07
   6.4578419E+02  -2.1547362E-07
   6.4611793E+02  -2.5217855E-07
   6.4645166E+02  -2.9011503E-07
   6.4678540E+02  -3.2922088E-07
   6.4711914E+02  -3.6942475E-07
   6.4745288E+02  -4.1064567E-07
   6.4778662E+02  -4.5279302E-07
   6.4812036E+02  -4.9576664E-07
   6.4845410E+02  -5.3945735E-07
   6.4878783E+02  -5.8374633E-07
   6.4912157E+02  -6.2850643E-07
   6.4945531E+02  -6.7360196E-07
   6.4978905E+02  -7.1888934E-07
   6.5012279E+02  -7.6421816E-07
   6.5045653E+02  -8.0943096E-07
   6.5079027E+02  -8.5436528E-07
   6.5112400E+02  -8.9885270E-07
   6.5145774E+02  -9.4272133E-07
   6.5179148E+02  -9.8579540E-07
   6.5212522E+02  -1.0278968E-06
   6.5245896E+02  -1.0688458E-06
   6.5279270E+02  -1.1084620E-06
   6.5312644E+02  -1.1465660E-06
   6.5346018E+02  -1.1829792E-06
   6.5379391E+02  -1.2175267E-06
   6.5412765E+02  -1.2500368E-06
   6.5446139E+02  -1.2803436E-06
   6.5479513E+02  -1.3082863E-06
   6.5512887E+02  -1.3337126E-06
   6.5546261E+02  -1.3564769E-06
   6.5579635E+02  -1.3764437E-06
   6.5613008E+02  -1.3934875E-06
   6.5646382E+02  -1.4074927E-06
   6.5679756E+02  -1.4183572E-06
   6.5713130E+02  -1.4259897E-06
   6.5746504E+02  -1.4303130E-06
   6.5779878E+02  -1.4312639E-06
   6.5813252E+02  -1.4287939E-06
   6.5846625E+02  -1.4228688E-06
   6.5879999E+02  -1.4134714E-06
   6.5913373E+02  -1.4005989E-06
   6.5946747E+02  -1.3842654E-06
   6.5980121E+02  -1.3645001E-06
   6.6013495E+02  -1.3413485E-06
