  -7.8094826E+01   0.0000000E+00
  -7.7761087E+01   0.0000000E+00
  -7.7427349E+01   0.0000000E+00
  -7.7093610E+01   0.0000000E+00
  -7.6759871E+01   0.0000000E+00
  -7.6426133E+01   0.0000000E+00
  -7.6092394E+01   0.0000000E+00
  -7.5758656E+01   0.0000000E+00
  -7.5424917E+01   0.0000000E+00
  -7.5091178E+01   0.0000000E+00
  -7.4757440E+01   0.0000000E+00
  -7.4423701E+01   0.0000000E+00
  -7.4089963E+01   0.0000000E+00
  -7.3756224E+01   0.0000000E+00
  -7.3422485E+01   0.0000000E+00
  -7.3088747E+01   0.0000000E+00
  -7.2755008E+01   0.0000000E+00
  -7.2421270E+01   0.0000000E+00
  -7.2087531E+01   0.0000000E+00
  -7.1753792E+01   0.0000000E+00
  -7.1420054E+01   0.0000000E+00
  -7.1086315E+01   0.0000000E+00
  -7.0752577E+01   0.0000000E+00
  -7.0418838E+01   0.0000000E+00
  -7.0085099E+01   0.0000000E+00
  -6.9751361E+01   0.0000000E+00
  -6.9417622E+01   0.0000000E+00
  -6.9083884E+01   0.0000000E+00
  -6.8750145E+01   0.0000000E+00
  -6.8416406E+01   0.0000000E+00
  -6.8082668E+01   0.0000000E+00
  -6.7748929E+01   0.0000000E+00
  -6.7415191E+01   0.0000000E+00
  -6.7081452E+01   0.0000000E+00
  -6.6747714E+01   0.0000000E+00
  -6.6413975E+01   0.0000000E+00
  -6.6080236E+01   0.0000000E+00
  -6.5746498E+01   0.0000000E+00
  -6.5412759E+01   0.0000000E+00
  -6.5079021E+01   0.0000000E+00
  -6.4745282E+01   0.0000000E+00
  -6.4411543E+01   0.0000000E+00
  -6.4077805E+01   0.0000000E+00
  -6.3744066E+01   0.0000000E+00
  -6.3410328E+01   0.0000000E+00
  -6.3076589E+01   0.0000000E+00
  -6.2742850E+01   0.0000000E+00
  -6.2409112E+01   0.0000000E+00
  -6.2075373E+01   0.0000000E+00
  -6.1741635E+01   0.0000000E+00
  -6.1407896E+01   0.0000000E+00
  -6.1074157E+01   0.0000000E+00
  -6.0740419E+01   0.0000000E+00
  -6.0406680E+01   0.0000000E+00
  -6.0072942E+01   0.0000000E+00
  -5.9739203E+01   0.0000000E+00
  -5.9405464E+01   0.0000000E+00
  -5.9071726E+01   0.0000000E+00
  -5.8737987E+01   0.0000000E+00
  -5.8404249E+01   0.0000000E+00
  -5.8070510E+01   0.0000000E+00
  -5.7736771E+01   0.0000000E+00
  -5.7403033E+01   0.0000000E+00
  -5.7069294E+01   0.0000000E+00
  -5.6735556E+01   0.0000000E+00
  -5.6401817E+01   0.0000000E+00
  -5.6068078E+01   0.0000000E+00
  -5.5734340E+01   0.0000000E+00
  -5.5400601E+01   0.0000000E+00
  -5.5066863E+01   0.0000000E+00
  -5.4733124E+01   0.0000000E+00
  -5.4399385E+01   0.0000000E+00
  -5.4065647E+01   0.0000000E+00
  -5.3731908E+01   0.0000000E+00
  -5.3398170E+01   0.0000000E+00
  -5.3064431E+01   0.0000000E+00
  -5.2730693E+01   0.0000000E+00
  -5.2396954E+01   0.0000000E+00
  -5.2063215E+01   0.0000000E+00
  -5.1729477E+01   0.0000000E+00
  -5.1395738E+01   0.0000000E+00
  -5.1062000E+01   0.0000000E+00
  -5.0728261E+01   0.0000000E+00
  -5.0394522E+01   0.0000000E+00
  -5.0060784E+01   0.0000000E+00
  -4.9727045E+01   0.0000000E+00
  -4.9393307E+01   0.0000000E+00
  -4.9059568E+01   0.0000000E+00
  -4.8725829E+01   0.0000000E+00
  -4.8392091E+01   0.0000000E+00
  -4.8058352E+01   0.0000000E+00
  -4.7724614E+01   0.0000000E+00
  -4.7390875E+01   0.0000000E+00
  -4.7057136E+01   0.0000000E+00
  -4.6723398E+01   0.0000000E+00
  -4.6389659E+01   0.0000000E+00
  -4.6055921E+01   0.0000000E+00
  -4.5722182E+01   0.0000000E+00
  -4.5388443E+01   0.0000000E+00
  -4.5054705E+01   0.0000000E+00
  -4.4720966E+01   0.0000000E+00
  -4.4387228E+01   0.0000000E+00
  -4.4053489E+01   0.0000000E+00
  -4.3719750E+01   0.0000000E+00
  -4.3386012E+01   0.0000000E+00
  -4.3052273E+01   0.0000000E+00
  -4.2718535E+01   0.0000000E+00
  -4.2384796E+01   0.0000000E+00
  -4.2051057E+01   0.0000000E+00
  -4.1717319E+01   0.0000000E+00
  -4.1383580E+01   0.0000000E+00
  -4.1049842E+01   0.0000000E+00
  -4.0716103E+01   0.0000000E+00
  -4.0382364E+01   0.0000000E+00
  -4.0048626E+01   0.0000000E+00
  -3.9714887E+01   0.0000000E+00
  -3.9381149E+01   0.0000000E+00
  -3.9047410E+01   0.0000000E+00
  -3.8713672E+01   0.0000000E+00
  -3.8379933E+01   0.0000000E+00
  -3.8046194E+01   0.0000000E+00
  -3.7712456E+01   0.0000000E+00
  -3.7378717E+01   0.0000000E+00
  -3.7044979E+01   0.0000000E+00
  -3.6711240E+01   0.0000000E+00
  -3.6377501E+01   0.0000000E+00
  -3.6043763E+01   0.0000000E+00
  -3.5710024E+01   0.0000000E+00
  -3.5376286E+01   0.0000000E+00
  -3.5042547E+01   0.0000000E+00
  -3.4708808E+01   0.0000000E+00
  -3.4375070E+01   0.0000000E+00
  -3.4041331E+01   0.0000000E+00
  -3.3707593E+01   0.0000000E+00
  -3.3373854E+01   0.0000000E+00
  -3.3040115E+01   0.0000000E+00
  -3.2706377E+01   0.0000000E+00
  -3.2372638E+01   0.0000000E+00
  -3.2038900E+01   0.0000000E+00
  -3.1705161E+01   0.0000000E+00
  -3.1371422E+01   0.0000000E+00
  -3.1037684E+01   0.0000000E+00
  -3.0703945E+01   0.0000000E+00
  -3.0370207E+01   0.0000000E+00
  -3.0036468E+01   0.0000000E+00
  -2.9702729E+01   0.0000000E+00
  -2.9368991E+01   0.0000000E+00
  -2.9035252E+01   0.0000000E+00
  -2.8701514E+01   0.0000000E+00
  -2.8367775E+01   0.0000000E+00
  -2.8034036E+01   0.0000000E+00
  -2.7700298E+01   0.0000000E+00
  -2.7366559E+01   0.0000000E+00
  -2.7032821E+01   0.0000000E+00
  -2.6699082E+01   0.0000000E+00
  -2.6365343E+01   0.0000000E+00
  -2.6031605E+01   0.0000000E+00
  -2.5697866E+01   0.0000000E+00
  -2.5364128E+01   0.0000000E+00
  -2.5030389E+01   0.0000000E+00
  -2.4696651E+01   0.0000000E+00
  -2.4362912E+01   0.0000000E+00
  -2.4029173E+01   0.0000000E+00
  -2.3695435E+01   0.0000000E+00
  -2.3361696E+01   0.0000000E+00
  -2.3027958E+01   0.0000000E+00
  -2.2694219E+01   0.0000000E+00
  -2.2360480E+01   0.0000000E+00
  -2.2026742E+01   0.0000000E+00
  -2.1693003E+01   0.0000000E+00
  -2.1359265E+01   0.0000000E+00
  -2.1025526E+01   0.0000000E+00
  -2.0691787E+01   0.0000000E+00
  -2.0358049E+01   0.0000000E+00
  -2.0024310E+01   0.0000000E+00
  -1.9690572E+01   0.0000000E+00
  -1.9356833E+01   0.0000000E+00
  -1.9023094E+01   0.0000000E+00
  -1.8689356E+01   0.0000000E+00
  -1.8355617E+01   0.0000000E+00
  -1.8021879E+01   0.0000000E+00
  -1.7688140E+01   0.0000000E+00
  -1.7354401E+01   0.0000000E+00
  -1.7020663E+01   0.0000000E+00
  -1.6686924E+01   0.0000000E+00
  -1.6353186E+01   0.0000000E+00
  -1.6019447E+01   0.0000000E+00
  -1.5685708E+01   0.0000000E+00
  -1.5351970E+01   0.0000000E+00
  -1.5018231E+01   0.0000000E+00
  -1.4684493E+01   0.0000000E+00
  -1.4350754E+01   0.0000000E+00
  -1.4017015E+01   0.0000000E+00
  -1.3683277E+01   0.0000000E+00
  -1.3349538E+01   0.0000000E+00
  -1.3015800E+01   0.0000000E+00
  -1.2682061E+01   0.0000000E+00
  -1.2348322E+01   0.0000000E+00
  -1.2014584E+01   0.0000000E+00
  -1.1680845E+01   0.0000000E+00
  -1.1347107E+01   0.0000000E+00
  -1.1013368E+01   0.0000000E+00
  -1.0679630E+01   0.0000000E+00
  -1.0345891E+01   0.0000000E+00
  -1.0012152E+01   0.0000000E+00
  -9.6784137E+00   0.0000000E+00
  -9.3446751E+00   0.0000000E+00
  -9.0109365E+00   0.0000000E+00
  -8.6771979E+00   0.0000000E+00
  -8.3434593E+00   0.0000000E+00
  -8.0097207E+00   0.0000000E+00
  -7.6759821E+00   0.0000000E+00
  -7.3422436E+00   0.0000000E+00
  -7.0085050E+00   0.0000000E+00
  -6.6747664E+00   0.0000000E+00
  -6.3410278E+00   0.0000000E+00
  -6.0072892E+00   0.0000000E+00
  -5.6735506E+00   0.0000000E+00
  -5.3398120E+00   0.0000000E+00
  -5.0060734E+00   0.0000000E+00
  -4.6723348E+00   0.0000000E+00
  -4.3385962E+00   0.0000000E+00
  -4.0048576E+00   0.0000000E+00
  -3.6711190E+00   0.0000000E+00
  -3.3373804E+00   0.0000000E+00
  -3.0036418E+00   0.0000000E+00
  -2.6699032E+00   0.0000000E+00
  -2.3361646E+00   0.0000000E+00
  -2.0024260E+00   0.0000000E+00
  -1.6686874E+00   0.0000000E+00
  -1.3349488E+00   0.0000000E+00
  -1.0012102E+00   0.0000000E+00
  -6.6747165E-01   0.0000000E+00
  -3.3373305E-01   0.0000000E+00
   5.5432320E-06   0.0000000E+00
   3.3374414E-01   0.0000000E+00
   6.6748273E-01   0.0000000E+00
   1.0012213E+00   0.0000000E+00
   1.3349599E+00   0.0000000E+00
   1.6686985E+00   0.0000000E+00
   2.0024371E+00   0.0000000E+00
   2.3361757E+00   0.0000000E+00
   2.6699143E+00   0.0000000E+00
   3.0036529E+00   0.0000000E+00
   3.3373915E+00   0.0000000E+00
   3.6711301E+00   0.0000000E+00
   4.0048687E+00   0.0000000E+00
   4.3386073E+00   0.0000000E+00
   4.6723459E+00   0.0000000E+00
   5.0060845E+00   0.0000000E+00
   5.3398231E+00   0.0000000E+00
   5.6735617E+00   0.0000000E+00
   6.0073003E+00   0.0000000E+00
   6.3410389E+00   0.0000000E+00
   6.6747774E+00   0.0000000E+00
   7.0085160E+00   0.0000000E+00
   7.3422546E+00   0.0000000E+00
   7.6759932E+00   0.0000000E+00
   8.0097318E+00   0.0000000E+00
   8.3434704E+00   0.0000000E+00
   8.6772090E+00   0.0000000E+00
   9.0109476E+00   0.0000000E+00
   9.3446862E+00   0.0000000E+00
   9.6784248E+00   0.0000000E+00
   1.0012163E+01   0.0000000E+00
   1.0345902E+01   0.0000000E+00
   1.0679641E+01   0.0000000E+00
   1.1013379E+01   0.0000000E+00
   1.1347118E+01   0.0000000E+00
   1.1680856E+01   0.0000000E+00
   1.2014595E+01   0.0000000E+00
   1.2348334E+01   0.0000000E+00
   1.2682072E+01   0.0000000E+00
   1.3015811E+01   0.0000000E+00
   1.3349549E+01   0.0000000E+00
   1.3683288E+01   0.0000000E+00
   1.4017027E+01   0.0000000E+00
   1.4350765E+01   0.0000000E+00
   1.4684504E+01   0.0000000E+00
   1.5018242E+01   0.0000000E+00
   1.5351981E+01   0.0000000E+00
   1.5685720E+01   0.0000000E+00
   1.6019458E+01   0.0000000E+00
   1.6353197E+01   0.0000000E+00
   1.6686935E+01   0.0000000E+00
   1.7020674E+01   0.0000000E+00
   1.7354412E+01   0.0000000E+00
   1.7688151E+01   0.0000000E+00
   1.8021890E+01   0.0000000E+00
   1.8355628E+01   0.0000000E+00
   1.8689367E+01   0.0000000E+00
   1.9023105E+01   0.0000000E+00
   1.9356844E+01   0.0000000E+00
   1.9690583E+01   0.0000000E+00
   2.0024321E+01   0.0000000E+00
   2.0358060E+01   0.0000000E+00
   2.0691798E+01   0.0000000E+00
   2.1025537E+01   0.0000000E+00
   2.1359276E+01   0.0000000E+00
   2.1693014E+01   0.0000000E+00
   2.2026753E+01   0.0000000E+00
   2.2360491E+01   0.0000000E+00
   2.2694230E+01   0.0000000E+00
   2.3027969E+01   0.0000000E+00
   2.3361707E+01   0.0000000E+00
   2.3695446E+01   0.0000000E+00
   2.4029184E+01   0.0000000E+00
   2.4362923E+01   0.0000000E+00
   2.4696662E+01   0.0000000E+00
   2.5030400E+01   0.0000000E+00
   2.5364139E+01   0.0000000E+00
   2.5697877E+01   0.0000000E+00
   2.6031616E+01   0.0000000E+00
   2.6365355E+01   0.0000000E+00
   2.6699093E+01   0.0000000E+00
   2.7032832E+01   0.0000000E+00
   2.7366570E+01   0.0000000E+00
   2.7700309E+01   0.0000000E+00
   2.8034048E+01   0.0000000E+00
   2.8367786E+01   0.0000000E+00
   2.8701525E+01   0.0000000E+00
   2.9035263E+01   0.0000000E+00
   2.9369002E+01   0.0000000E+00
   2.9702741E+01   0.0000000E+00
   3.0036479E+01   0.0000000E+00
   3.0370218E+01   0.0000000E+00
   3.0703956E+01   0.0000000E+00
   3.1037695E+01   0.0000000E+00
   3.1371433E+01   0.0000000E+00
   3.1705172E+01   0.0000000E+00
   3.2038911E+01   0.0000000E+00
   3.2372649E+01   0.0000000E+00
   3.2706388E+01   0.0000000E+00
   3.3040126E+01   0.0000000E+00
   3.3373865E+01   0.0000000E+00
   3.3707604E+01   0.0000000E+00
   3.4041342E+01   0.0000000E+00
   3.4375081E+01   0.0000000E+00
   3.4708819E+01   0.0000000E+00
   3.5042558E+01   0.0000000E+00
   3.5376297E+01   0.0000000E+00
   3.5710035E+01   0.0000000E+00
   3.6043774E+01   0.0000000E+00
   3.6377512E+01   0.0000000E+00
   3.6711251E+01   0.0000000E+00
   3.7044990E+01   0.0000000E+00
   3.7378728E+01   0.0000000E+00
   3.7712467E+01   0.0000000E+00
   3.8046205E+01   0.0000000E+00
   3.8379944E+01   0.0000000E+00
   3.8713683E+01   0.0000000E+00
   3.9047421E+01   0.0000000E+00
   3.9381160E+01   0.0000000E+00
   3.9714898E+01   0.0000000E+00
   4.0048637E+01   0.0000000E+00
   4.0382376E+01   0.0000000E+00
   4.0716114E+01   0.0000000E+00
   4.1049853E+01   0.0000000E+00
   4.1383591E+01   0.0000000E+00
   4.1717330E+01   0.0000000E+00
   4.2051069E+01   0.0000000E+00
   4.2384807E+01   0.0000000E+00
   4.2718546E+01   0.0000000E+00
   4.3052284E+01   0.0000000E+00
   4.3386023E+01   0.0000000E+00
   4.3719762E+01   0.0000000E+00
   4.4053500E+01   0.0000000E+00
   4.4387239E+01   0.0000000E+00
   4.4720977E+01   0.0000000E+00
   4.5054716E+01   0.0000000E+00
   4.5388454E+01   0.0000000E+00
   4.5722193E+01   0.0000000E+00
   4.6055932E+01   0.0000000E+00
   4.6389670E+01   0.0000000E+00
   4.6723409E+01   0.0000000E+00
   4.7057147E+01   0.0000000E+00
   4.7390886E+01   0.0000000E+00
   4.7724625E+01   0.0000000E+00
   4.8058363E+01   0.0000000E+00
   4.8392102E+01   0.0000000E+00
   4.8725840E+01   0.0000000E+00
   4.9059579E+01   0.0000000E+00
   4.9393318E+01   0.0000000E+00
   4.9727056E+01   0.0000000E+00
   5.0060795E+01   0.0000000E+00
   5.0394533E+01   0.0000000E+00
   5.0728272E+01   0.0000000E+00
   5.1062011E+01   0.0000000E+00
   5.1395749E+01   0.0000000E+00
   5.1729488E+01   0.0000000E+00
   5.2063226E+01   0.0000000E+00
   5.2396965E+01   0.0000000E+00
   5.2730704E+01   0.0000000E+00
   5.3064442E+01   0.0000000E+00
   5.3398181E+01   0.0000000E+00
   5.3731919E+01   0.0000000E+00
   5.4065658E+01   0.0000000E+00
   5.4399397E+01   0.0000000E+00
   5.4733135E+01   0.0000000E+00
   5.5066874E+01   0.0000000E+00
   5.5400612E+01   0.0000000E+00
   5.5734351E+01   0.0000000E+00
   5.6068090E+01   0.0000000E+00
   5.6401828E+01   0.0000000E+00
   5.6735567E+01   0.0000000E+00
   5.7069305E+01   0.0000000E+00
   5.7403044E+01   0.0000000E+00
   5.7736783E+01   0.0000000E+00
   5.8070521E+01   0.0000000E+00
   5.8404260E+01   0.0000000E+00
   5.8737998E+01   0.0000000E+00
   5.9071737E+01   0.0000000E+00
   5.9405475E+01   0.0000000E+00
   5.9739214E+01   0.0000000E+00
   6.0072953E+01   0.0000000E+00
   6.0406691E+01   0.0000000E+00
   6.0740430E+01   0.0000000E+00
   6.1074168E+01   0.0000000E+00
   6.1407907E+01   0.0000000E+00
   6.1741646E+01   0.0000000E+00
   6.2075384E+01   0.0000000E+00
   6.2409123E+01   0.0000000E+00
   6.2742861E+01   0.0000000E+00
   6.3076600E+01   0.0000000E+00
   6.3410339E+01   0.0000000E+00
   6.3744077E+01   0.0000000E+00
   6.4077816E+01   0.0000000E+00
   6.4411554E+01   0.0000000E+00
   6.4745293E+01   0.0000000E+00
   6.5079032E+01   0.0000000E+00
   6.5412770E+01   0.0000000E+00
   6.5746509E+01   0.0000000E+00
   6.6080247E+01   0.0000000E+00
   6.6413986E+01   0.0000000E+00
   6.6747725E+01   0.0000000E+00
   6.7081463E+01   0.0000000E+00
   6.7415202E+01   0.0000000E+00
   6.7748940E+01   0.0000000E+00
   6.8082679E+01   0.0000000E+00
   6.8416418E+01   0.0000000E+00
   6.8750156E+01   0.0000000E+00
   6.9083895E+01   0.0000000E+00
   6.9417633E+01   0.0000000E+00
   6.9751372E+01   0.0000000E+00
   7.0085111E+01   0.0000000E+00
   7.0418849E+01   0.0000000E+00
   7.0752588E+01   0.0000000E+00
   7.1086326E+01   0.0000000E+00
   7.1420065E+01   0.0000000E+00
   7.1753804E+01   0.0000000E+00
   7.2087542E+01   0.0000000E+00
   7.2421281E+01   0.0000000E+00
   7.2755019E+01   0.0000000E+00
   7.3088758E+01   0.0000000E+00
   7.3422496E+01   0.0000000E+00
   7.3756235E+01   0.0000000E+00
   7.4089974E+01   0.0000000E+00
   7.4423712E+01   0.0000000E+00
   7.4757451E+01   0.0000000E+00
   7.5091189E+01   0.0000000E+00
   7.5424928E+01   0.0000000E+00
   7.5758667E+01   0.0000000E+00
   7.6092405E+01   0.0000000E+00
   7.6426144E+01   0.0000000E+00
   7.6759882E+01   0.0000000E+00
   7.7093621E+01   0.0000000E+00
   7.7427360E+01   0.0000000E+00
   7.7761098E+01   0.0000000E+00
   7.8094837E+01   0.0000000E+00
   7.8428575E+01   0.0000000E+00
   7.8762314E+01   0.0000000E+00
   7.9096053E+01   0.0000000E+00
   7.9429791E+01   0.0000000E+00
   7.9763530E+01   0.0000000E+00
   8.0097268E+01   0.0000000E+00
   8.0431007E+01   0.0000000E+00
   8.0764746E+01   0.0000000E+00
   8.1098484E+01   0.0000000E+00
   8.1432223E+01   0.0000000E+00
   8.1765961E+01   0.0000000E+00
   8.2099700E+01   0.0000000E+00
   8.2433439E+01   0.0000000E+00
   8.2767177E+01   0.0000000E+00
   8.3100916E+01   0.0000000E+00
   8.3434654E+01   0.0000000E+00
   8.3768393E+01   0.0000000E+00
   8.4102132E+01   0.0000000E+00
   8.4435870E+01   0.0000000E+00
   8.4769609E+01   0.0000000E+00
   8.5103347E+01   0.0000000E+00
   8.5437086E+01   0.0000000E+00
   8.5770825E+01   0.0000000E+00
   8.6104563E+01   0.0000000E+00
   8.6438302E+01   0.0000000E+00
   8.6772040E+01   0.0000000E+00
   8.7105779E+01   0.0000000E+00
   8.7439517E+01   0.0000000E+00
   8.7773256E+01   0.0000000E+00
   8.8106995E+01   0.0000000E+00
   8.8440733E+01   0.0000000E+00
   8.8774472E+01   0.0000000E+00
   8.9108210E+01   0.0000000E+00
   8.9441949E+01   0.0000000E+00
   8.9775688E+01   0.0000000E+00
   9.0109426E+01   0.0000000E+00
   9.0443165E+01   0.0000000E+00
   9.0776903E+01   0.0000000E+00
   9.1110642E+01   0.0000000E+00
   9.1444381E+01   0.0000000E+00
   9.1778119E+01   0.0000000E+00
   9.2111858E+01   0.0000000E+00
   9.2445596E+01   0.0000000E+00
   9.2779335E+01   0.0000000E+00
   9.3113074E+01   0.0000000E+00
   9.3446812E+01   0.0000000E+00
   9.3780551E+01   0.0000000E+00
   9.4114289E+01   0.0000000E+00
   9.4448028E+01   0.0000000E+00
   9.4781767E+01   0.0000000E+00
   9.5115505E+01   0.0000000E+00
   9.5449244E+01   0.0000000E+00
   9.5782982E+01   0.0000000E+00
   9.6116721E+01   0.0000000E+00
   9.6450460E+01   0.0000000E+00
   9.6784198E+01   0.0000000E+00
   9.7117937E+01   0.0000000E+00
   9.7451675E+01   0.0000000E+00
   9.7785414E+01   0.0000000E+00
   9.8119153E+01   0.0000000E+00
   9.8452891E+01   0.0000000E+00
   9.8786630E+01   0.0000000E+00
   9.9120368E+01   0.0000000E+00
   9.9454107E+01   0.0000000E+00
   9.9787846E+01   0.0000000E+00
   1.0012158E+02   0.0000000E+00
   1.0045532E+02   0.0000000E+00
   1.0078906E+02   0.0000000E+00
   1.0112280E+02   0.0000000E+00
   1.0145654E+02   0.0000000E+00
   1.0179028E+02   0.0000000E+00
   1.0212402E+02   0.0000000E+00
   1.0245775E+02   0.0000000E+00
   1.0279149E+02   0.0000000E+00
   1.0312523E+02   0.0000000E+00
   1.0345897E+02   0.0000000E+00
   1.0379271E+02   0.0000000E+00
   1.0412645E+02   0.0000000E+00
   1.0446019E+02   0.0000000E+00
   1.0479392E+02   0.0000000E+00
   1.0512766E+02   0.0000000E+00
   1.0546140E+02   0.0000000E+00
   1.0579514E+02   0.0000000E+00
   1.0612888E+02   0.0000000E+00
   1.0646262E+02   0.0000000E+00
   1.0679636E+02   0.0000000E+00
   1.0713009E+02   0.0000000E+00
   1.0746383E+02   0.0000000E+00
   1.0779757E+02   0.0000000E+00
   1.0813131E+02   0.0000000E+00
   1.0846505E+02   0.0000000E+00
   1.0879879E+02   0.0000000E+00
   1.0913253E+02   0.0000000E+00
   1.0946626E+02   0.0000000E+00
   1.0980000E+02   0.0000000E+00
   1.1013374E+02   0.0000000E+00
   1.1046748E+02   0.0000000E+00
   1.1080122E+02   0.0000000E+00
   1.1113496E+02   0.0000000E+00
   1.1146870E+02   0.0000000E+00
   1.1180243E+02   0.0000000E+00
   1.1213617E+02   0.0000000E+00
   1.1246991E+02   0.0000000E+00
   1.1280365E+02   0.0000000E+00
   1.1313739E+02   0.0000000E+00
   1.1347113E+02   0.0000000E+00
   1.1380487E+02   0.0000000E+00
   1.1413861E+02   0.0000000E+00
   1.1447234E+02   0.0000000E+00
   1.1480608E+02   0.0000000E+00
   1.1513982E+02   0.0000000E+00
   1.1547356E+02   0.0000000E+00
   1.1580730E+02   0.0000000E+00
   1.1614104E+02   0.0000000E+00
   1.1647478E+02   0.0000000E+00
   1.1680851E+02   0.0000000E+00
   1.1714225E+02   0.0000000E+00
   1.1747599E+02   0.0000000E+00
   1.1780973E+02   0.0000000E+00
   1.1814347E+02   0.0000000E+00
   1.1847721E+02   0.0000000E+00
   1.1881095E+02   0.0000000E+00
   1.1914468E+02   0.0000000E+00
   1.1947842E+02   0.0000000E+00
   1.1981216E+02   0.0000000E+00
   1.2014590E+02   0.0000000E+00
   1.2047964E+02   0.0000000E+00
   1.2081338E+02   0.0000000E+00
   1.2114712E+02   0.0000000E+00
   1.2148085E+02   0.0000000E+00
   1.2181459E+02   0.0000000E+00
   1.2214833E+02   0.0000000E+00
   1.2248207E+02   0.0000000E+00
   1.2281581E+02   0.0000000E+00
   1.2314955E+02   0.0000000E+00
   1.2348329E+02   0.0000000E+00
   1.2381702E+02   0.0000000E+00
   1.2415076E+02   0.0000000E+00
   1.2448450E+02   0.0000000E+00
   1.2481824E+02   0.0000000E+00
   1.2515198E+02   0.0000000E+00
   1.2548572E+02   0.0000000E+00
   1.2581946E+02   0.0000000E+00
   1.2615319E+02   0.0000000E+00
   1.2648693E+02   0.0000000E+00
   1.2682067E+02   0.0000000E+00
   1.2715441E+02   0.0000000E+00
   1.2748815E+02   0.0000000E+00
   1.2782189E+02   0.0000000E+00
   1.2815563E+02   0.0000000E+00
   1.2848936E+02   0.0000000E+00
   1.2882310E+02   0.0000000E+00
   1.2915684E+02   0.0000000E+00
   1.2949058E+02   0.0000000E+00
   1.2982432E+02   0.0000000E+00
   1.3015806E+02   0.0000000E+00
   1.3049180E+02   0.0000000E+00
   1.3082553E+02   0.0000000E+00
   1.3115927E+02   0.0000000E+00
   1.3149301E+02   0.0000000E+00
   1.3182675E+02   0.0000000E+00
   1.3216049E+02   0.0000000E+00
   1.3249423E+02   0.0000000E+00
   1.3282797E+02   0.0000000E+00
   1.3316171E+02   0.0000000E+00
   1.3349544E+02   0.0000000E+00
   1.3382918E+02   0.0000000E+00
   1.3416292E+02   0.0000000E+00
   1.3449666E+02   0.0000000E+00
   1.3483040E+02   0.0000000E+00
   1.3516414E+02   0.0000000E+00
   1.3549788E+02   0.0000000E+00
   1.3583161E+02   0.0000000E+00
   1.3616535E+02   0.0000000E+00
   1.3649909E+02   0.0000000E+00
   1.3683283E+02   0.0000000E+00
   1.3716657E+02   0.0000000E+00
   1.3750031E+02   0.0000000E+00
   1.3783405E+02   0.0000000E+00
   1.3816778E+02   0.0000000E+00
   1.3850152E+02   0.0000000E+00
   1.3883526E+02   0.0000000E+00
   1.3916900E+02   0.0000000E+00
   1.3950274E+02   0.0000000E+00
   1.3983648E+02   0.0000000E+00
   1.4017022E+02   0.0000000E+00
   1.4050395E+02   0.0000000E+00
   1.4083769E+02   0.0000000E+00
   1.4117143E+02   0.0000000E+00
   1.4150517E+02   0.0000000E+00
   1.4183891E+02   0.0000000E+00
   1.4217265E+02   0.0000000E+00
   1.4250639E+02   0.0000000E+00
   1.4284012E+02   0.0000000E+00
   1.4317386E+02   0.0000000E+00
   1.4350760E+02   0.0000000E+00
   1.4384134E+02   0.0000000E+00
   1.4417508E+02   0.0000000E+00
   1.4450882E+02   0.0000000E+00
   1.4484256E+02   0.0000000E+00
   1.4517629E+02   0.0000000E+00
   1.4551003E+02   0.0000000E+00
   1.4584377E+02   0.0000000E+00
   1.4617751E+02   0.0000000E+00
   1.4651125E+02   0.0000000E+00
   1.4684499E+02   0.0000000E+00
   1.4717873E+02   0.0000000E+00
   1.4751246E+02   0.0000000E+00
   1.4784620E+02   0.0000000E+00
   1.4817994E+02   0.0000000E+00
   1.4851368E+02   0.0000000E+00
   1.4884742E+02  -1.4012985E-45
   1.4918116E+02  -1.4012985E-45
   1.4951490E+02  -4.2038954E-45
   1.4984863E+02  -4.2038954E-45
   1.5018237E+02  -5.6051939E-45
   1.5051611E+02  -1.4012985E-45
   1.5084985E+02   1.4012985E-45
   1.5118359E+02   4.2038954E-45
   1.5151733E+02   1.1210388E-44
   1.5185107E+02   1.9618179E-44
   1.5218480E+02   2.3822074E-44
   1.5251854E+02   2.3822074E-44
   1.5285228E+02   2.3822074E-44
   1.5318602E+02   1.6815582E-44
   1.5351976E+02   0.0000000E+00
   1.5385350E+02  -1.8216880E-44
   1.5418724E+02  -4.3440252E-44
   1.5452098E+02  -6.4459729E-44
   1.5485471E+02  -8.5479206E-44
   1.5518845E+02  -9.6689594E-44
   1.5552219E+02  -9.5288296E-44
   1.5585593E+02  -7.8472714E-44
   1.5618967E+02  -4.6242849E-44
   1.5652341E+02   4.2038954E-45
   1.5685715E+02   6.3058431E-44
   1.5719088E+02   1.3592595E-43
   1.5752462E+02   1.9618179E-43
   1.5785836E+02   2.5083243E-43
   1.5819210E+02   2.7745710E-43
   1.5852584E+02   2.7045060E-43
   1.5885958E+02   2.2841165E-43
   1.5919332E+02   1.4993894E-43
   1.5952705E+02   3.7835059E-44
   1.5986079E+02  -9.8090893E-44
   1.6019453E+02  -2.4102334E-43
   1.6052827E+02  -3.6714020E-43
   1.6086201E+02  -4.5682330E-43
   1.6119575E+02  -4.8484927E-43
   1.6152949E+02  -4.4140902E-43
   1.6186322E+02  -3.1529215E-43
   1.6219696E+02  -1.0649868E-43
   1.6253070E+02   1.6535322E-43
   1.6286444E+02   4.7504018E-43
   1.6319818E+02   7.7631935E-43
   1.6353192E+02   1.0215466E-42
   1.6386566E+02   1.1700842E-42
   1.6419939E+02   1.1644790E-42
   1.6453313E+02   9.8231022E-43
   1.6486687E+02   6.1517003E-43
   1.6520061E+02   8.5479206E-44
   1.6553435E+02  -5.5211159E-43
   1.6586809E+02  -1.2219323E-42
   1.6620183E+02  -1.8258919E-42
   1.6653556E+02  -2.2392749E-42
   1.6686930E+02  -2.3653918E-42
   1.6720304E+02  -2.1299737E-42
   1.6753678E+02  -1.4923829E-42
   1.6787052E+02  -4.7504018E-43
   1.6820426E+02   8.3797648E-43
   1.6853800E+02   2.2953269E-42
   1.6887173E+02   3.6980266E-42
   1.6920547E+02   4.8036511E-42
   1.6953921E+02   5.3781835E-42
   1.6987295E+02   5.2282446E-42
   1.7020669E+02   4.2235136E-42
   1.7054043E+02   2.3569840E-42
   1.7087417E+02  -2.4522723E-43
   1.7120790E+02  -3.3154722E-42
   1.7154164E+02  -6.4669924E-42
   1.7187538E+02  -9.2191426E-42
   1.7220912E+02  -1.1046436E-41
   1.7254286E+02  -1.1489246E-41
   1.7287660E+02  -1.0207058E-41
   1.7321034E+02  -7.0569391E-42
   1.7354408E+02  -2.1776178E-42
   1.7387781E+02   3.9951019E-42
   1.7421155E+02   1.0752163E-41
   1.7454529E+02   1.7139282E-41
   1.7487903E+02   2.2090069E-41
   1.7521277E+02   2.4546545E-41
   1.7554651E+02   2.3646912E-41
   1.7588025E+02   1.8895108E-41
   1.7621398E+02   1.0292537E-41
   1.7654772E+02  -1.5428296E-42
   1.7688146E+02  -1.5386257E-41
   1.7721520E+02  -2.9459498E-41
   1.7754894E+02  -4.1614360E-41
   1.7788268E+02  -4.9608768E-41
   1.7821642E+02  -5.1408035E-41
   1.7855015E+02  -4.5578634E-41
   1.7888389E+02  -3.1599280E-41
   1.7921763E+02  -1.0106165E-41
   1.7955137E+02   1.6972527E-41
   1.7988511E+02   4.6502090E-41
   1.8021885E+02   7.4382324E-41
   1.8055259E+02   9.6014168E-41
   1.8088632E+02   1.0692328E-40
   1.8122006E+02   1.0346347E-40
   1.8155380E+02   8.3539809E-41
   1.8188754E+02   4.7205541E-41
   1.8222128E+02  -2.9763579E-42
   1.8255502E+02  -6.1839301E-41
   1.8288876E+02  -1.2195921E-40
   1.8322249E+02  -1.7439720E-40
   1.8355623E+02  -2.0977438E-40
   1.8388997E+02  -2.1963952E-40
   1.8422371E+02  -1.9792220E-40
   1.8455745E+02  -1.4228084E-40
   1.8489119E+02  -5.5103260E-41
   1.8522493E+02   5.5997288E-41
   1.8555866E+02   1.7844835E-40
   1.8589240E+02   2.9573844E-40
   1.8622614E+02   3.8924008E-40
   1.8655988E+02   4.4065932E-40
   1.8689362E+02   4.3484814E-40
   1.8722736E+02   3.6266165E-40
   1.8756110E+02   2.2335436E-40
   1.8789483E+02   2.6149631E-41
   1.8822857E+02  -2.0944507E-40
   1.8856231E+02  -4.5478581E-40
   1.8889605E+02  -6.7483731E-40
   1.8922979E+02  -8.3233205E-40
   1.8956353E+02  -8.9296904E-40
   1.8989727E+02  -8.3104566E-40
   1.9023100E+02  -6.3477139E-40
   1.9056474E+02  -3.1035398E-40
   1.9089848E+02   1.1585655E-40
   1.9123222E+02   5.9791864E-40
   1.9156596E+02   1.0738234E-39
   1.9189970E+02   1.4720192E-39
   1.9223344E+02   1.7203909E-39
   1.9256718E+02   1.7568962E-39
   1.9290091E+02   1.5403857E-39
   1.9323465E+02   1.0601902E-39
   1.9356839E+02   3.4272537E-40
   1.9390213E+02  -5.4621633E-40
   1.9423587E+02  -1.5046652E-39
   1.9456961E+02  -2.4034665E-39
   1.9490335E+02  -3.1007848E-39
   1.9523708E+02  -3.4608148E-39
   1.9557082E+02  -3.3746756E-39
   1.9590456E+02  -2.7807787E-39
   1.9623830E+02  -1.6815680E-39
   1.9657204E+02  -1.5367059E-40
   1.9690578E+02   1.6511528E-39
   1.9723952E+02   3.5158382E-39
   1.9757325E+02   5.1789441E-39
   1.9790699E+02   6.3654179E-39
   1.9824073E+02   6.8243193E-39
   1.9857447E+02   6.3691173E-39
   1.9890821E+02   4.9152057E-39
   1.9924195E+02   2.5087236E-39
   1.9957569E+02  -6.5889614E-40
   1.9990942E+02  -4.2549559E-39
   2.0024316E+02  -7.8305483E-39
   2.0057690E+02  -1.0866393E-38
   2.0091064E+02  -1.2836167E-38
   2.0124438E+02  -1.3281042E-38
   2.0157812E+02  -1.1886560E-38
   2.0191186E+02  -8.5511927E-39
   2.0224559E+02  -3.4354569E-39
   2.0257933E+02   3.0185174E-39
   2.0291307E+02   1.0104577E-38
   2.0324681E+02   1.6910598E-38
   2.0358055E+02   2.2415366E-38
   2.0391429E+02   2.5616638E-38
   2.0424803E+02   2.5677219E-38
   2.0458176E+02   2.2071266E-38
   2.0491550E+02   1.4709955E-38
   2.0524924E+02   4.0255213E-39
   2.0558298E+02  -9.0050872E-39
   2.0591672E+02  -2.2909974E-38
   2.0625046E+02  -3.5850400E-38
   2.0658420E+02  -4.5821787E-38
   2.0691793E+02  -5.0911157E-38
   2.0725167E+02  -4.9583668E-38
   2.0758541E+02  -4.0962757E-38
   2.0791915E+02  -2.5063125E-38
   2.0825289E+02  -2.9360622E-39
   2.0858663E+02   2.3307877E-38
   2.0892037E+02   5.0622221E-38
   2.0925410E+02   7.5300645E-38
   2.0958784E+02   9.3392255E-38
   2.0992158E+02   1.0122043E-37
   2.1025532E+02   9.5949518E-38
   2.1058906E+02   7.6127495E-38
   2.1092280E+02   4.2123620E-38
   2.1125654E+02  -3.6175627E-39
   2.1159027E+02  -5.6573143E-38
   2.1192401E+02  -1.1043214E-37
   2.1225775E+02  -1.5768775E-37
   2.1259149E+02  -1.9049910E-37
   2.1292523E+02  -2.0174662E-37
   2.1325897E+02  -1.8616455E-37
   2.1359271E+02  -1.4140362E-37
   2.1392645E+02  -6.8862363E-38
   2.1426018E+02   2.5871358E-38
   2.1459392E+02   1.3309726E-37
   2.1492766E+02   2.3967648E-37
   2.1526140E+02   3.3030950E-37
   2.1559514E+02   3.8934134E-37
   2.1592888E+02   4.0292855E-37
   2.1626262E+02   3.6132331E-37
   2.1659635E+02   2.6096913E-37
   2.1693009E+02   1.0607788E-37
   2.1726383E+02  -9.0626574E-38
   2.1759757E+02  -3.0825010E-37
   2.1793131E+02  -5.1929547E-37
   2.1826505E+02  -6.9244556E-37
   2.1859879E+02  -7.9637778E-37
   2.1893252E+02  -8.0424398E-37
   2.1926626E+02  -6.9829182E-37
   2.1960000E+02  -4.7399223E-37
   2.1993374E+02  -1.4299018E-37
   2.2026748E+02   2.6574594E-37
   2.2060122E+02   7.0706126E-37
   2.2093496E+02   1.1232744E-36
   2.2126869E+02   1.4502791E-36
   2.2160243E+02   1.6256368E-36
   2.2193617E+02   1.5978472E-36
   2.2226991E+02   1.3356682E-36
   2.2260365E+02   8.3614686E-37
   2.2293739E+02   1.2998001E-37
   2.2327113E+02  -7.1703954E-37
   2.2360486E+02  -1.6073899E-36
   2.2393860E+02  -2.4203571E-36
   2.2427234E+02  -3.0254135E-36
   2.2460608E+02  -3.2993559E-36
   2.2493982E+02  -3.1453740E-36
   2.2527356E+02  -2.5116341E-36
   2.2560730E+02  -1.4065909E-36
   2.2594103E+02   9.1762528E-38
   2.2627477E+02   1.8351006E-36
   2.2660851E+02   3.6140295E-36
   2.2694225E+02   5.1778180E-36
   2.2727599E+02   6.2635367E-36
   2.2760973E+02   6.6320367E-36
   2.2794347E+02   6.1067061E-36
   2.2827720E+02   4.6098596E-36
   2.2861094E+02   2.1910565E-36
   2.2894468E+02  -9.5816628E-37
   2.2927842E+02  -4.5076406E-36
   2.2961216E+02  -8.0126327E-36
   2.2994590E+02  -1.0958693E-35
   2.3027964E+02  -1.2824338E-35
   2.3061337E+02  -1.3155512E-35
   2.3094711E+02  -1.1642994E-35
   2.3128085E+02  -8.1919831E-36
   2.3161459E+02  -2.9724101E-36
   2.3194833E+02   3.5606961E-36
   2.3228207E+02   1.0684806E-35
   2.3261581E+02   1.7469386E-35
   2.3294955E+02   2.2875737E-35
   2.3328328E+02   2.5889457E-35
   2.3361702E+02   2.5671778E-35
   2.3395076E+02   2.1710890E-35
   2.3428450E+02   1.3951250E-35
   2.3461824E+02   2.8782401E-36
   2.3495198E+02  -1.0461542E-35
   2.3528572E+02  -2.4518235E-35
   2.3561945E+02  -3.7379452E-35
   2.3595319E+02  -4.6987270E-35
   2.3628693E+02  -5.1412461E-35
   2.3662067E+02  -4.9155695E-35
   2.3695441E+02  -3.9436180E-35
   2.3728815E+02  -2.2423915E-35
   2.3762189E+02   6.2794781E-37
   2.3795562E+02   2.7385973E-35
   2.3828936E+02   5.4596788E-35
   2.3862310E+02   7.8407195E-35
   2.3895684E+02   9.4823944E-35
   2.3929058E+02   1.0026903E-34
   2.3962432E+02   9.2165518E-35
   2.3995806E+02   6.9473828E-35
   2.4029179E+02   3.3092249E-35
   2.4062553E+02  -1.3958183E-35
   2.4095927E+02  -6.6626578E-35
   2.4129301E+02  -1.1823405E-34
   2.4162675E+02  -1.6117629E-34
   2.4196049E+02  -1.8787338E-34
   2.4229423E+02  -1.9186869E-34
   2.4262796E+02  -1.6894175E-34
   2.4296170E+02  -1.1807574E-34
   2.4329544E+02  -4.2116654E-35
   2.4362918E+02   5.2020992E-35
   2.4396292E+02   1.5370353E-34
   2.4429666E+02   2.4952012E-34
   2.4463040E+02   3.2477541E-34
   2.4496413E+02   3.6540338E-34
   2.4529787E+02   3.6009327E-34
   2.4563161E+02   3.0235228E-34
   2.4596535E+02   1.9219909E-34
   2.4629909E+02   3.7183880E-35
   2.4663283E+02  -1.4751639E-34
   2.4696657E+02  -3.4008640E-34
   2.4730030E+02  -5.1417073E-34
   2.4763404E+02  -6.4195207E-34
   2.4796778E+02  -6.9791864E-34
   2.4830152E+02  -6.6288404E-34
   2.4863526E+02  -5.2772125E-34
   2.4896900E+02  -2.9622740E-34
   2.4930274E+02   1.3423620E-35
   2.4963647E+02   3.6906950E-34
   2.4997021E+02   7.2701405E-34
   2.5030395E+02   1.0365118E-33
   2.5063769E+02   1.2459491E-33
   2.5097143E+02   1.3100947E-33
   2.5130517E+02   1.1975410E-33
   2.5163891E+02   8.9730103E-34
   2.5197264E+02   4.2348442E-34
   2.5230638E+02  -1.8290371E-34
   2.5264012E+02  -8.5573583E-34
   2.5297386E+02  -1.5093905E-33
   2.5330760E+02  -2.0480131E-33
   2.5364134E+02  -2.3776305E-33
   2.5397508E+02  -2.4198150E-33
   2.5430882E+02  -2.1251856E-33
   2.5464255E+02  -1.4847893E-33
   2.5497629E+02  -5.3743271E-34
   2.5531003E+02   6.2869575E-34
   2.5564377E+02   1.8811758E-33
   2.5597751E+02   3.0555615E-33
   2.5631125E+02   3.9739434E-33
   2.5664499E+02   4.4681760E-33
   2.5697872E+02   4.4051423E-33
   2.5731246E+02   3.7107940E-33
   2.5764620E+02   2.3893532E-33
   2.5797994E+02   5.3426016E-34
   2.5831368E+02  -1.6718957E-33
   2.5864742E+02  -3.9700628E-33
   2.5898116E+02  -6.0500718E-33
   2.5931489E+02  -7.5868991E-33
   2.5964863E+02  -8.2843082E-33
   2.5998237E+02  -7.9207836E-33
   2.6031611E+02  -6.3915977E-33
   2.6064985E+02  -3.7405321E-33
   2.6098359E+02  -1.7530019E-34
   2.6131733E+02   3.9378737E-33
   2.6165106E+02   8.1027017E-33
   2.6198480E+02   1.1743653E-32
   2.6231854E+02   1.4275177E-32
   2.6265228E+02   1.5182247E-32
   2.6298602E+02   1.4102566E-32
   2.6331976E+02   1.0899125E-32
   2.6365350E+02   5.7115772E-33
   2.6398723E+02  -1.0236941E-33
   2.6432097E+02  -8.5921268E-33
   2.6465471E+02  -1.6060941E-32
   2.6498845E+02  -2.2377995E-32
   2.6532219E+02  -2.6501220E-32
   2.6565593E+02  -2.7544857E-32
   2.6598967E+02  -2.4924542E-32
   2.6632340E+02  -1.8480864E-32
   2.6665714E+02  -8.5612194E-33
   2.6699088E+02   3.9571408E-33
   2.6732462E+02   1.7714274E-32
   2.6765836E+02   3.0988041E-32
   2.6799210E+02   4.1881453E-32
   2.6832584E+02   4.8560024E-32
   2.6865957E+02   4.9513338E-32
   2.6899331E+02   4.3807938E-32
   2.6932705E+02   3.1295501E-32
   2.6966079E+02   1.2741458E-32
   2.6999453E+02  -1.0154421E-32
   2.7032827E+02  -3.4862970E-32
   2.7066201E+02  -5.8258740E-32
   2.7099574E+02  -7.6966539E-32
   2.7132948E+02  -8.7789092E-32
   2.7166322E+02  -8.8168148E-32
   2.7199696E+02  -7.6620350E-32
   2.7233070E+02  -5.3084849E-32
   2.7266444E+02  -1.9123295E-32
   2.7299818E+02   2.2074600E-32
   2.7333192E+02   6.5906665E-32
   2.7366565E+02   1.0679474E-31
   2.7399939E+02   1.3881182E-31
   2.7433313E+02   1.5643949E-31
   2.7466687E+02   1.5536999E-31
   2.7500061E+02   1.3324921E-31
   2.7533435E+02   9.0252811E-32
   2.7566809E+02   2.9394976E-32
   2.7600182E+02  -4.3506527E-32
   2.7633556E+02  -1.2024883E-31
   2.7666930E+02  -1.9103864E-31
   2.7700304E+02  -2.4560436E-31
   2.7733678E+02  -2.7451613E-31
   2.7767052E+02  -2.7056217E-31
   2.7800426E+02  -2.3000273E-31
   2.7833799E+02  -1.5351786E-31
   2.7867173E+02  -4.6681337E-32
   2.7900547E+02   8.0161544E-32
   2.7933921E+02   2.1267272E-31
   2.7967295E+02   3.3393288E-31
   2.8000669E+02   4.2637747E-31
   2.8034043E+02   4.7406098E-31
   2.8067416E+02   4.6498917E-31
   2.8100790E+02   3.9321316E-31
   2.8134164E+02   2.6037698E-31
   2.8167538E+02   7.6442656E-32
   2.8200912E+02  -1.4060320E-31
   2.8234286E+02  -3.6615083E-31
   2.8267660E+02  -5.7142167E-31
   2.8301033E+02  -7.2677966E-31
   2.8334407E+02  -8.0556045E-31
   2.8367781E+02  -7.8797204E-31
   2.8401155E+02  -6.6455586E-31
   2.8434529E+02  -4.3869280E-31
   2.8467903E+02  -1.2770994E-31
   2.8501277E+02   2.3773367E-31
   2.8534650E+02   6.1609991E-31
   2.8568024E+02   9.5916201E-31
   2.8601398E+02   1.2175801E-30
   2.8634772E+02   1.3472867E-30
   2.8668146E+02   1.3159324E-30
   2.8701520E+02   1.1085425E-30
   2.8734894E+02   7.3154150E-31
   2.8768267E+02   2.1442385E-31
   2.8801641E+02  -3.9142991E-31
   2.8835015E+02  -1.0169664E-30
   2.8868389E+02  -1.5824966E-30
   2.8901763E+02  -2.0069555E-30
   2.8935137E+02  -2.2184144E-30
   2.8968511E+02  -2.1646061E-30
   2.9001884E+02  -1.8220650E-30
   2.9035258E+02  -1.2025226E-30
   2.9068632E+02  -3.5539612E-31
   2.9102006E+02   6.3440739E-31
   2.9135380E+02   1.6536123E-30
   2.9168754E+02   2.5722438E-30
   2.9202128E+02   3.2588217E-30
   2.9235501E+02   3.5974667E-30
   2.9268875E+02   3.5048904E-30
   2.9302249E+02   2.9449978E-30
   2.9335623E+02   1.9389219E-30
   2.9368997E+02   5.6864492E-31
   2.9402371E+02  -1.0269880E-30
   2.9435745E+02  -2.6641848E-30
   2.9469119E+02  -4.1333665E-30
   2.9502492E+02  -5.2238555E-30
   2.9535866E+02  -5.7514388E-30
   2.9569240E+02  -5.5855008E-30
   2.9602614E+02  -4.6720954E-30
   2.9635988E+02  -3.0494605E-30
   2.9669362E+02  -8.5310308E-31
   2.9702736E+02   1.6913752E-30
   2.9736109E+02   4.2881067E-30
   2.9769483E+02   6.6022142E-30
   2.9802857E+02   8.2996326E-30
   2.9836231E+02   9.0911687E-30
   2.9869605E+02   8.7754554E-30
   2.9902979E+02   7.2750025E-30
   2.9936353E+02   4.6598447E-30
   2.9969726E+02   1.1542874E-30
   3.0003100E+02  -2.8759483E-30
   3.0036474E+02  -6.9566516E-30
   3.0069848E+02  -1.0555925E-29
   3.0103222E+02  -1.3148107E-29
   3.0136596E+02  -1.4283801E-29
   3.0169970E+02  -1.3657404E-29
   3.0203343E+02  -1.1162946E-29
   3.0236717E+02  -6.9296065E-30
   3.0270091E+02  -1.3300026E-30
   3.0303465E+02   5.0427940E-30
   3.0336839E+02   1.1429844E-29
   3.0370213E+02   1.6988732E-29
   3.0403587E+02   2.0895861E-29
   3.0436960E+02   2.2457336E-29
   3.0470334E+02   2.1214564E-29
   3.0503708E+02   1.7030216E-29
   3.0537082E+02   1.0140937E-29
   3.0570456E+02   1.1663069E-30
   3.0603830E+02  -8.9318206E-30
   3.0637204E+02  -1.8939586E-29
   3.0670577E+02  -2.7524386E-29
   3.0703951E+02  -3.3398126E-29
   3.0737325E+02  -3.5492066E-29
   3.0770699E+02  -3.3121493E-29
   3.0804073E+02  -2.6117289E-29
   3.0837447E+02  -1.4903469E-29
   3.0870821E+02  -5.0476104E-31
   3.0904194E+02   1.5524274E-29
   3.0937568E+02   3.1247611E-29
   3.0970942E+02   4.4562179E-29
   3.1004316E+02   5.3457135E-29
   3.1037690E+02   5.6288456E-29
   3.1071064E+02   5.2034258E-29
   3.1104438E+02   4.0495214E-29
   3.1137811E+02   2.2407719E-29
   3.1171185E+02  -5.5422546E-31
   3.1204559E+02  -2.5900291E-29
   3.1237933E+02  -5.0565206E-29
   3.1271307E+02  -7.1251132E-29
   3.1304681E+02  -8.4836083E-29
   3.1338055E+02  -8.8801897E-29
   3.1371429E+02  -8.1627218E-29
   3.1404802E+02  -6.3089860E-29
   3.1438176E+02  -3.4430084E-29
   3.1471550E+02   1.6618233E-30
   3.1504924E+02   4.1249375E-29
   3.1538298E+02   7.9538271E-29
   3.1571672E+02   1.1141691E-28
   3.1605046E+02   1.3209328E-28
   3.1638419E+02   1.3775440E-28
   3.1671793E+02   1.2616348E-28
   3.1705167E+02   9.7110479E-29
   3.1738541E+02   5.2641275E-29
   3.1771915E+02  -2.9859768E-30
   3.1805289E+02  -6.3639364E-29
   3.1838663E+02  -1.2193115E-28
   3.1872036E+02  -1.7006153E-28
   3.1905410E+02  -2.0079921E-28
   3.1938784E+02  -2.0848336E-28
   3.1972158E+02  -1.8991697E-28
   3.2005532E+02  -1.4502346E-28
   3.2038906E+02  -7.7156642E-29
   3.2072280E+02   7.0100750E-30
   3.2105653E+02   9.8041847E-29
   3.2139027E+02   1.8471688E-28
   3.2172401E+02   2.5532954E-28
   3.2205775E+02   2.9918075E-28
   3.2239149E+02   3.0807760E-28
   3.2272523E+02   2.7764507E-28
   3.2305897E+02   2.0825798E-28
   3.2339270E+02   1.0543511E-28
   3.2372644E+02  -2.0408342E-29
   3.2406018E+02  -1.5487695E-28
   3.2439392E+02  -2.8112193E-28
   3.2472766E+02  -3.8183388E-28
   3.2506140E+02  -4.4148131E-28
   3.2539514E+02  -4.4852053E-28
   3.2572887E+02  -3.9728413E-28
   3.2606261E+02  -2.8926392E-28
   3.2639635E+02  -1.3356748E-28
   3.2673009E+02   5.3592522E-29
   3.2706383E+02   2.5039502E-28
   3.2739757E+02   4.3178536E-28
   3.2773131E+02   5.7249423E-28
   3.2806504E+02   6.5035717E-28
   3.2839878E+02   6.4952286E-28
   3.2873252E+02   5.6311293E-28
   3.2906626E+02   3.9493136E-28
   3.2940000E+02   1.5991040E-28
   3.2973374E+02  -1.1687849E-28
   3.3006748E+02  -4.0264726E-28
   3.3040121E+02  -6.6055030E-28
   3.3073495E+02  -8.5420549E-28
   3.3106869E+02  -9.5254964E-28
   3.3140243E+02  -9.3441451E-28
   3.3173617E+02  -7.9218617E-28
   3.3206991E+02  -5.3398420E-28
   3.3240365E+02  -1.8393647E-28
   3.3273739E+02   2.1964665E-28
   3.3307112E+02   6.2814407E-28
   3.3340486E+02   9.8819581E-28
   3.3373860E+02   1.2483836E-27
   3.3407234E+02   1.3662186E-27
   3.3440608E+02   1.3145360E-27
   3.3473982E+02   1.0863820E-27
   3.3507356E+02   6.9762546E-28
   3.3540729E+02   1.8673735E-28
   3.3574103E+02  -3.8846084E-28
   3.3607477E+02  -9.5690792E-28
   3.3640851E+02  -1.4426910E-27
   3.3674225E+02  -1.7747830E-27
   3.3707599E+02  -1.8969335E-27
   3.3740973E+02  -1.7764046E-27
   3.3774346E+02  -1.4102817E-27
   3.3807720E+02  -8.2830357E-28
   3.3841094E+02  -9.1554846E-29
   3.3874468E+02   7.1316536E-28
   3.3907842E+02   1.4828900E-27
   3.3941216E+02   2.1109968E-27
   3.3974590E+02   2.5012545E-27
   3.4007963E+02   2.5816365E-27
   3.4041337E+02   2.3160353E-27
   3.4074711E+02   1.7121194E-27
   3.4108085E+02   8.2396599E-28
   3.4141459E+02  -2.5132611E-28
   3.4174833E+02  -1.3830943E-27
   3.4208207E+02  -2.4218654E-27
   3.4241580E+02  -3.2178811E-27
   3.4274954E+02  -3.6412194E-27
   3.4308328E+02  -3.6009540E-27
   3.4341702E+02  -3.0607094E-27
   3.4375076E+02  -2.0482394E-27
   3.4408450E+02  -6.5724025E-28
   3.4441824E+02   9.5945853E-28
   3.4475197E+02   2.6051608E-27
   3.4508571E+02   4.0616668E-27
   3.4541945E+02   5.1163677E-27
   3.4575319E+02   5.5908591E-27
   3.4608693E+02   5.3674111E-27
   3.4642067E+02   4.4096493E-27
   3.4675441E+02   2.7742266E-27
   3.4708814E+02   6.1127967E-28
   3.4742188E+02  -1.8473212E-27
   3.4775562E+02  -4.3113078E-27
   3.4808936E+02  -6.4648014E-27
   3.4842310E+02  -8.0050030E-27
   3.4875684E+02  -8.6821954E-27
   3.4909058E+02  -8.3359510E-27
   3.4942431E+02  -6.9225980E-27
   3.4975805E+02  -4.5297225E-27
   3.5009179E+02  -1.3749023E-27
   3.5042553E+02   2.2122722E-27
   3.5075927E+02   5.8237568E-27
   3.5109301E+02   9.0189597E-27
   3.5142675E+02   1.1377940E-26
   3.5176048E+02   1.2555549E-26
   3.5209422E+02   1.2329649E-26
   3.5242796E+02   1.0636849E-26
   3.5276170E+02   7.5903965E-27
   3.5309544E+02   3.4767669E-27
   3.5342918E+02  -1.2698621E-27
   3.5376292E+02  -6.1133827E-27
   3.5409666E+02  -1.0477134E-26
   3.5443039E+02  -1.3813944E-26
   3.5476413E+02  -1.5676363E-26
   3.5509787E+02  -1.5778139E-26
   3.5543161E+02  -1.4038495E-26
   3.5576535E+02  -1.0602599E-26
   3.5609909E+02  -5.8341918E-27
   3.5643283E+02  -2.7981894E-28
   3.5676656E+02   5.3923989E-27
   3.5710030E+02   1.0472892E-26
   3.5743404E+02   1.4300443E-26
   3.5776778E+02   1.6350540E-26
   3.5810152E+02   1.6310735E-26
   3.5843526E+02   1.4132489E-26
   3.5876900E+02   1.0051335E-26
   3.5910273E+02   4.5708500E-27
   3.5943647E+02  -1.5896943E-27
   3.5977021E+02  -7.5794364E-27
   3.6010395E+02  -1.2522839E-26
   3.6043769E+02  -1.5637018E-26
   3.6077143E+02  -1.6344810E-26
   3.6110517E+02  -1.4368667E-26
   3.6143890E+02  -9.7917560E-27
   3.6177264E+02  -3.0760474E-27
   3.6210638E+02   4.9682144E-27
   3.6244012E+02   1.3261393E-26
   3.6277386E+02   2.0575329E-26
   3.6310760E+02   2.5684185E-26
   3.6344134E+02   2.7528494E-26
   3.6377507E+02   2.5372938E-26
   3.6410881E+02   1.8937355E-26
   3.6444255E+02   8.4826722E-27
   3.6477629E+02  -5.1630603E-27
   3.6511003E+02  -2.0646742E-26
   3.6544377E+02  -3.6201554E-26
   3.6577751E+02  -4.9820153E-26
   3.6611124E+02  -5.9474750E-26
   3.6644498E+02  -6.3362097E-26
   3.6677872E+02  -6.0146922E-26
   3.6711246E+02  -4.9175111E-26
   3.6744620E+02  -3.0629142E-26
   3.6777994E+02  -5.6026858E-27
   3.6811368E+02   2.3922252E-26
   3.6844741E+02   5.5201639E-26
   3.6878115E+02   8.4955143E-26
   3.6911489E+02   1.0967543E-25
   3.6944863E+02   1.2599450E-25
   3.6978237E+02   1.3107228E-25
   3.7011611E+02   1.2296657E-25
   3.7044985E+02   1.0094233E-25
   3.7078358E+02   6.5680892E-26
   3.7111732E+02   1.9356209E-26
   3.7145106E+02  -3.4442342E-26
   3.7178480E+02  -9.0947527E-26
   3.7211854E+02  -1.4460235E-25
   3.7245228E+02  -1.8957094E-25
   3.7278602E+02  -2.2033033E-25
   3.7311976E+02  -2.3228650E-25
   3.7345349E+02  -2.2235124E-25
   3.7378723E+02  -1.8941448E-25
   3.7412097E+02  -1.3465031E-25
   3.7445471E+02  -6.1607954E-26
   3.7478845E+02   2.3942911E-26
   3.7512219E+02   1.1441994E-25
   3.7545593E+02   2.0106839E-25
   3.7578966E+02   2.7478737E-25
   3.7612340E+02   3.2706844E-25
   3.7645714E+02   3.5095485E-25
   3.7679088E+02   3.4191741E-25
   3.7712462E+02   2.9854145E-25
   3.7745836E+02   2.2293246E-25
   3.7779210E+02   1.2076636E-25
   3.7812583E+02   9.4910752E-28
   3.7845957E+02  -1.2511401E-25
   3.7879331E+02  -2.4458911E-25
   3.7912705E+02  -3.4453466E-25
   3.7946079E+02  -4.1334014E-25
   3.7979453E+02  -4.4212903E-25
   3.8012827E+02  -4.2595610E-25
   3.8046200E+02  -3.6464425E-25
   3.8079574E+02  -2.6312761E-25
   3.8112948E+02  -1.3122075E-25
   3.8146322E+02   1.7210238E-26
   3.8179696E+02   1.6562273E-25
   3.8213070E+02   2.9660115E-25
   3.8246444E+02   3.9390734E-25
   3.8279817E+02   4.4454107E-25
   3.8313191E+02   4.4056703E-25
   3.8346565E+02   3.8045637E-25
   3.8379939E+02   2.6973671E-25
   3.8413313E+02   1.2081071E-25
   3.8446687E+02  -4.8106269E-26
   3.8480061E+02  -2.1487159E-25
   3.8513434E+02  -3.5596062E-25
   3.8546808E+02  -4.4940533E-25
   3.8580182E+02  -4.7779229E-25
   3.8613556E+02  -4.3094998E-25
   3.8646930E+02  -3.0795108E-25
   3.8680304E+02  -1.1812409E-25
   3.8713678E+02   1.1914381E-25
   3.8747051E+02   3.7590179E-25
   3.8780425E+02   6.1834773E-25
   3.8813799E+02   8.1053865E-25
   3.8847173E+02   9.1872240E-25
   3.8880547E+02   9.1581495E-25
   3.8913921E+02   7.8549000E-25
   3.8947295E+02   5.2534823E-25
   3.8980668E+02   1.4870291E-25
   3.9014042E+02  -3.1532614E-25
   3.9047416E+02  -8.2359248E-25
   3.9080790E+02  -1.3224731E-24
   3.9114164E+02  -1.7529416E-24
   3.9147538E+02  -2.0566758E-24
   3.9180912E+02  -2.1825770E-24
   3.9214285E+02  -2.0930016E-24
   3.9247659E+02  -1.7689918E-24
   3.9281033E+02  -1.2138796E-24
   3.9314407E+02  -4.5480272E-25
   3.9347781E+02   4.5813649E-25
   3.9381155E+02   1.4550364E-24
   3.9414529E+02   2.4514501E-24
   3.9447903E+02   3.3552309E-24
   3.9481276E+02   4.0743013E-24
   3.9514650E+02   4.5246261E-24
   3.9548024E+02   4.6376218E-24
   3.9581398E+02   4.3663861E-24
   3.9614772E+02   3.6902791E-24
   3.9648146E+02   2.6175971E-24
   3.9681520E+02   1.1863590E-24
   3.9714893E+02  -5.3662071E-25
   3.9748267E+02  -2.4580529E-24
   3.9781641E+02  -4.4614975E-24
   3.9815015E+02  -6.4114516E-24
   3.9848389E+02  -8.1580406E-24
   3.9881763E+02  -9.5424828E-24
   3.9915137E+02  -1.0403671E-23
   3.9948510E+02  -1.0586444E-23
   3.9981884E+02  -9.9521493E-24
   4.0015258E+02  -8.3919662E-24
   4.0048632E+02  -5.8430217E-24
   4.0082006E+02  -2.3067476E-24
   4.0115380E+02   2.1319883E-24
   4.0148754E+02   7.2872951E-24
   4.0182127E+02   1.2859494E-23
   4.0215501E+02   1.8431022E-23
   4.0248875E+02   2.3475033E-23
   4.0282249E+02   2.7380280E-23
   4.0315623E+02   2.9494515E-23
   4.0348997E+02   2.9186819E-23
   4.0382371E+02   2.5926239E-23
   4.0415744E+02   1.9371148E-23
   4.0449118E+02   9.4602629E-24
   4.0482492E+02  -3.5064938E-24
   4.0515866E+02  -1.8811142E-23
   4.0549240E+02  -3.5298992E-23
   4.0582614E+02  -5.1410744E-23
   4.0615988E+02  -6.5274214E-23
   4.0649361E+02  -7.4858413E-23
   4.0682735E+02  -7.8184604E-23
   4.0716109E+02  -7.3580446E-23
   4.0749483E+02  -5.9953303E-23
   4.0782857E+02  -3.7051465E-23
   4.0816231E+02  -5.6762613E-24
   4.0849605E+02   3.2193628E-23
   4.0882978E+02   7.3400749E-23
   4.0916352E+02   1.1375667E-22
   4.0949726E+02   1.4835099E-22
   4.0983100E+02   1.7201488E-22
   4.1016474E+02   1.7991036E-22
   4.1049848E+02   1.6819474E-22
   4.1083222E+02   1.3468959E-22
   4.1116595E+02   7.9469059E-23
   4.1149969E+02   5.2767726E-24
   4.1183343E+02  -8.2314329E-23
   4.1216717E+02  -1.7506899E-22
   4.1250091E+02  -2.6262273E-22
   4.1283465E+02  -3.3338135E-22
   4.1316839E+02  -3.7574063E-22
   4.1350213E+02  -3.7953004E-22
   4.1383586E+02  -3.3753770E-22
   4.1416960E+02  -2.4694063E-22
   4.1450334E+02  -1.1044046E-22
   4.1483708E+02   6.3089788E-23
   4.1517082E+02   2.5861741E-22
   4.1550456E+02   4.5573471E-22
   4.1583830E+02   6.3025594E-22
   4.1617203E+02   7.5656820E-22
   4.1650577E+02   8.1057470E-22
   4.1683951E+02   7.7296434E-22
   4.1717325E+02   6.3245470E-22
   4.1750699E+02   3.8859783E-22
   4.1784073E+02   5.3719825E-23
   4.1817447E+02  -3.4639693E-22
   4.1850820E+02  -7.7339509E-22
   4.1884194E+02  -1.1789440E-21
   4.1917568E+02  -1.5090355E-21
   4.1950942E+02  -1.7097252E-21
   4.1984316E+02  -1.7338489E-21
   4.2017690E+02  -1.5480467E-21
   4.2051064E+02  -1.1392597E-21
   4.2084437E+02  -5.1980895E-22
   4.2117811E+02   2.6982532E-22
   4.2151185E+02   1.1612541E-21
   4.2184559E+02   2.0619440E-21
   4.2217933E+02   2.8626116E-21
   4.2251307E+02   3.4479473E-21
   4.2284681E+02   3.7098804E-21
   4.2318054E+02   3.5621782E-21
   4.2351428E+02   2.9547770E-21
   4.2384802E+02   1.8860358E-21
   4.2418176E+02   4.1104467E-22
   4.2451550E+02  -1.3557024E-21
   4.2484924E+02  -3.2445362E-21
   4.2518298E+02  -5.0423836E-21
   4.2551671E+02  -6.5118881E-21
   4.2585045E+02  -7.4167728E-21
   4.2618419E+02  -7.5513536E-21
   4.2651793E+02  -6.7712876E-21
   4.2685167E+02  -5.0219662E-21
   4.2718541E+02  -2.3606370E-21
   4.2751915E+02   1.0315587E-21
   4.2785288E+02   4.8508731E-21
   4.2818662E+02   8.6877568E-21
   4.2852036E+02   1.2059823E-20
   4.2885410E+02   1.4459760E-20
   4.2918784E+02   1.5414879E-20
   4.2952158E+02   1.4552968E-20
   4.2985532E+02   1.1667334E-20
   4.3018905E+02   6.7726919E-21
   4.3052279E+02   1.4314869E-22
   4.3085653E+02  -7.6758314E-21
   4.3119027E+02  -1.5887873E-20
   4.3152401E+02  -2.3501998E-20
   4.3185775E+02  -2.9424294E-20
   4.3219149E+02  -3.2579872E-20
   4.3252522E+02  -3.2055013E-20
   4.3285896E+02  -2.7244948E-20
   4.3319270E+02  -1.7989068E-20
   4.3352644E+02  -4.6735830E-21
   4.3386018E+02   1.1718062E-20
   4.3419392E+02   2.9623496E-20
   4.3452766E+02   4.6998997E-20
   4.3486140E+02   6.1498449E-20
   4.3519513E+02   7.0725080E-20
   4.3552887E+02   7.2536321E-20
   4.3586261E+02   6.5370843E-20
   4.3619635E+02   4.8558164E-20
   4.3653009E+02   2.2566279E-20
   4.3686383E+02  -1.0857609E-20
   4.3719757E+02  -4.8691541E-20
   4.3753130E+02  -8.6814363E-20
   4.3786504E+02  -1.2035939E-19
   4.3819878E+02  -1.4423038E-19
   4.3853252E+02  -1.5373855E-19
   4.3886626E+02  -1.4529550E-19
   4.3920000E+02  -1.1707759E-19
   4.3953374E+02  -6.9565793E-20
   4.3986747E+02  -5.8659360E-21
   4.4020121E+02   6.8272515E-20
   4.4053495E+02   1.4479368E-19
   4.4086869E+02   2.1404252E-19
   4.4120243E+02   2.6580834E-19
   4.4153617E+02   2.9061714E-19
   4.4186991E+02   2.8113718E-19
   4.4220364E+02   2.3352337E-19
   4.4253738E+02   1.4850467E-19
   4.4287112E+02   3.2023580E-20
   4.4320486E+02  -1.0473408E-19
   4.4353860E+02  -2.4602145E-19
   4.4387234E+02  -3.7294573E-19
   4.4420608E+02  -4.6553766E-19
   4.4453981E+02  -5.0529600E-19
   4.4487355E+02  -4.7792872E-19
   4.4520729E+02  -3.7594868E-19
   4.4554103E+02  -2.0074128E-19
   4.4587477E+02   3.6258570E-20
   4.4620851E+02   3.1357851E-19
   4.4654225E+02   6.0108858E-19
   4.4687598E+02   8.6276499E-19
   4.4720972E+02   1.0606674E-18
   4.4754346E+02   1.1597693E-18
   4.4787720E+02   1.1331082E-18
   4.4821094E+02   9.6660997E-19
   4.4854468E+02   6.6288564E-19
   4.4887842E+02   2.4335199E-19
   4.4921215E+02  -2.5184481E-19
   4.4954589E+02  -7.6638992E-19
   4.4987963E+02  -1.2328407E-18
   4.5021337E+02  -1.5798094E-18
   4.5054711E+02  -1.7406194E-18
   4.5088085E+02  -1.6624864E-18
   4.5121459E+02  -1.3150859E-18
   4.5154832E+02  -6.9731362E-19
   4.5188206E+02   1.5886603E-19
   4.5221580E+02   1.1883262E-18
   4.5254954E+02   2.2968916E-18
   4.5288328E+02   3.3696063E-18
   4.5321702E+02   4.2825415E-18
   4.5355076E+02   4.9169998E-18
   4.5388450E+02   5.1745160E-18
   4.5421823E+02   4.9907719E-18
   4.5455197E+02   4.3464520E-18
   4.5488571E+02   3.2732494E-18
   4.5521945E+02   1.8536282E-18
   4.5555319E+02   2.1357842E-19
   4.5588693E+02  -1.4915907E-18
   4.5622067E+02  -3.0975042E-18
   4.5655440E+02  -4.4552659E-18
   4.5688814E+02  -5.4577993E-18
   4.5722188E+02  -6.0650450E-18
   4.5755562E+02  -6.3249166E-18
   4.5788936E+02  -6.3872079E-18
   4.5822310E+02  -6.5082873E-18
   4.5855684E+02  -7.0454538E-18
   4.5889057E+02  -8.4411283E-18
   4.5922431E+02  -1.1198429E-17
   4.5955805E+02  -1.5851088E-17
   4.5989179E+02  -2.2931783E-17
   4.6022553E+02  -3.2943517E-17
   4.6055927E+02  -4.6339088E-17
   4.6089301E+02  -6.3512820E-17
   4.6122674E+02  -8.4807837E-17
   4.6156048E+02  -1.1054045E-16
   4.6189422E+02  -1.4104099E-16
   4.6222796E+02  -1.7670829E-16
   4.6256170E+02  -2.1807324E-16
   4.6289544E+02  -2.6586429E-16
   4.6322918E+02  -3.2106853E-16
   4.6356291E+02  -3.8497936E-16
   4.6389665E+02  -4.5922336E-16
   4.6423039E+02  -5.4576122E-16
   4.6456413E+02  -6.4685683E-16
   4.6489787E+02  -7.6500972E-16
   4.6523161E+02  -9.0285358E-16
   4.6556535E+02  -1.0630202E-15
   4.6589908E+02  -1.2479677E-15
   4.6623282E+02  -1.4597826E-15
   4.6656656E+02  -1.6999499E-15
   4.6690030E+02  -1.9690950E-15
   4.6723404E+02  -2.2666784E-15
   4.6756778E+02  -2.5906498E-15
   4.6790152E+02  -2.9370154E-15
   4.6823525E+02  -3.2993089E-15
   4.6856899E+02  -3.6679152E-15
   4.6890273E+02  -4.0292049E-15
   4.6923647E+02  -4.3644287E-15
   4.6957021E+02  -4.6482843E-15
   4.6990395E+02  -4.8471100E-15
   4.7023769E+02  -4.9165845E-15
   4.7057142E+02  -4.7988470E-15
   4.7090516E+02  -4.4189192E-15
   4.7123890E+02  -3.6803065E-15
   4.7157264E+02  -2.4596122E-15
   4.7190638E+02  -5.9999706E-16
   4.7224012E+02   2.0967288E-15
   4.7257386E+02   5.8795132E-15
   4.7290760E+02   1.1059489E-14
   4.7324133E+02   1.8023474E-14
   4.7357507E+02   2.7250138E-14
   4.7390881E+02   3.9329325E-14
   4.7424255E+02   5.4984866E-14
   4.7457629E+02   7.5101824E-14
   4.7491003E+02   1.0075910E-13
   4.7524377E+02   1.3326753E-13
   4.7557750E+02   1.7421535E-13
   4.7591124E+02   2.2552240E-13
   4.7624498E+02   2.8950334E-13
   4.7657872E+02   3.6894245E-13
   4.7691246E+02   4.6718087E-13
   4.7724620E+02   5.8822088E-13
   4.7757994E+02   7.3684450E-13
   4.7791367E+02   9.1875509E-13
   4.7824741E+02   1.1407401E-12
   4.7858115E+02   1.4108609E-12
   4.7891489E+02   1.7386728E-12
   4.7924863E+02   2.1354789E-12
   4.7958237E+02   2.6146251E-12
   4.7991611E+02   3.1918376E-12
   4.8024984E+02   3.8856210E-12
   4.8058358E+02   4.7177054E-12
   4.8091732E+02   5.7135607E-12
   4.8125106E+02   6.9030033E-12
   4.8158480E+02   8.3208657E-12
   4.8191854E+02   1.0007778E-11
   4.8225228E+02   1.2011060E-11
   4.8258601E+02   1.4385722E-11
   4.8291975E+02   1.7195620E-11
   4.8325349E+02   2.0514750E-11
   4.8358723E+02   2.4428723E-11
   4.8392097E+02   2.9036436E-11
   4.8425471E+02   3.4451955E-11
   4.8458845E+02   4.0806580E-11
   4.8492218E+02   4.8251292E-11
   4.8525592E+02   5.6959382E-11
   4.8558966E+02   6.7129399E-11
   4.8592340E+02   7.8988524E-11
   4.8625714E+02   9.2796257E-11
   4.8659088E+02   1.0884853E-10
   4.8692462E+02   1.2748230E-10
   4.8725835E+02   1.4908058E-10
   4.8759209E+02   1.7407818E-10
   4.8792583E+02   2.0296773E-10
   4.8825957E+02   2.3630664E-10
   4.8859331E+02   2.7472433E-10
   4.8892705E+02   3.1893080E-10
   4.8926079E+02   3.6972508E-10
   4.8959452E+02   4.2800552E-10
   4.8992826E+02   4.9477983E-10
   4.9026200E+02   5.7117683E-10
   4.9059574E+02   6.5845912E-10
   4.9092948E+02   7.5803575E-10
   4.9126322E+02   8.7147700E-10
   4.9159696E+02   1.0005299E-09
   4.9193069E+02   1.1471348E-09
   4.9226443E+02   1.3134420E-09
   4.9259817E+02   1.5018311E-09
   4.9293191E+02   1.7149311E-09
   4.9326565E+02   1.9556401E-09
   4.9359939E+02   2.2271469E-09
   4.9393313E+02   2.5329552E-09
   4.9426687E+02   2.8769052E-09
   4.9460060E+02   3.2631999E-09
   4.9493434E+02   3.6964285E-09
   4.9526808E+02   4.1815911E-09
   4.9560182E+02   4.7241291E-09
   4.9593556E+02   5.3299449E-09
   4.9626930E+02   6.0054335E-09
   4.9660304E+02   6.7575048E-09
   4.9693677E+02   7.5936128E-09
   4.9727051E+02   8.5217691E-09
   4.9760425E+02   9.5505888E-09
   4.9793799E+02   1.0689281E-08
   4.9827173E+02   1.1947698E-08
   4.9860547E+02   1.3336327E-08
   4.9893921E+02   1.4866323E-08
   4.9927294E+02   1.6549505E-08
   4.9960668E+02   1.8398371E-08
   4.9994042E+02   2.0426091E-08
   5.0027416E+02   2.2646507E-08
   5.0060790E+02   2.5074122E-08
   5.0094164E+02   2.7724070E-08
   5.0127538E+02   3.0612117E-08
   5.0160911E+02   3.3754599E-08
   5.0194285E+02   3.7168370E-08
   5.0227659E+02   4.0870820E-08
   5.0261033E+02   4.4879691E-08
   5.0294407E+02   4.9213092E-08
   5.0327781E+02   5.3889401E-08
   5.0361155E+02   5.8927100E-08
   5.0394528E+02   6.4344754E-08
   5.0427902E+02   7.0160802E-08
   5.0461276E+02   7.6393469E-08
   5.0494650E+02   8.3060534E-08
   5.0528024E+02   9.0179228E-08
   5.0561398E+02   9.7766005E-08
   5.0594772E+02   1.0583635E-07
   5.0628145E+02   1.1440457E-07
   5.0661519E+02   1.2348347E-07
   5.0694893E+02   1.3308426E-07
   5.0728267E+02   1.4321610E-07
   5.0761641E+02   1.5388598E-07
   5.0795015E+02   1.6509830E-07
   5.0828389E+02   1.7685471E-07
   5.0861762E+02   1.8915362E-07
   5.0895136E+02   2.0199005E-07
   5.0928510E+02   2.1535516E-07
   5.0961884E+02   2.2923606E-07
   5.0995258E+02   2.4361529E-07
   5.1028632E+02   2.5847083E-07
   5.1062006E+02   2.7377524E-07
   5.1095379E+02   2.8949589E-07
   5.1128753E+02   3.0559434E-07
   5.1162127E+02   3.2202607E-07
   5.1195501E+02   3.3874048E-07
   5.1228875E+02   3.5568027E-07
   5.1262249E+02   3.7278153E-07
   5.1295623E+02   3.8997339E-07
   5.1328997E+02   4.0717762E-07
   5.1362370E+02   4.2430932E-07
   5.1395744E+02   4.4127614E-07
   5.1429118E+02   4.5797844E-07
   5.1462492E+02   4.7430956E-07
   5.1495866E+02   4.9015523E-07
   5.1529240E+02   5.0539529E-07
   5.1562614E+02   5.1990150E-07
   5.1595987E+02   5.3354057E-07
   5.1629361E+02   5.4617237E-07
   5.1662735E+02   5.5765133E-07
   5.1696109E+02   5.6782704E-07
   5.1729483E+02   5.7654449E-07
   5.1762857E+02   5.8364509E-07
   5.1796231E+02   5.8896694E-07
   5.1829604E+02   5.9234605E-07
   5.1862978E+02   5.9361730E-07
   5.1896352E+02   5.9261504E-07
   5.1929726E+02   5.8917442E-07
   5.1963100E+02   5.8313253E-07
   5.1996474E+02   5.7432965E-07
   5.2029848E+02   5.6260961E-07
   5.2063221E+02   5.4782282E-07
   5.2096595E+02   5.2982551E-07
   5.2129969E+02   5.0848291E-07
   5.2163343E+02   4.8366968E-07
   5.2196717E+02   4.5527111E-07
   5.2230091E+02   4.2318533E-07
   5.2263465E+02   3.8732389E-07
   5.2296838E+02   3.4761362E-07
   5.2330212E+02   3.0399761E-07
   5.2363586E+02   2.5643703E-07
   5.2396960E+02   2.0491180E-07
   5.2430334E+02   1.4942202E-07
   5.2463708E+02   8.9988966E-08
   5.2497082E+02   2.6656380E-08
   5.2530455E+02  -4.0509384E-08
   5.2563829E+02  -1.1141771E-07
   5.2597203E+02  -1.8595378E-07
   5.2630577E+02  -2.6397771E-07
   5.2663951E+02  -3.4532445E-07
   5.2697325E+02  -4.2980378E-07
   5.2730699E+02  -5.1719951E-07
   5.2764072E+02  -6.0727109E-07
   5.2797446E+02  -6.9975249E-07
   5.2830820E+02  -7.9435392E-07
   5.2864194E+02  -8.9076207E-07
   5.2897568E+02  -9.8864120E-07
   5.2930942E+02  -1.0876346E-06
   5.2964316E+02  -1.1873650E-06
   5.2997689E+02  -1.2874374E-06
   5.3031063E+02  -1.3874400E-06
   5.3064437E+02  -1.4869464E-06
   5.3097811E+02  -1.5855171E-06
   5.3131185E+02  -1.6827030E-06
   5.3164559E+02  -1.7780471E-06
   5.3197933E+02  -1.8710862E-06
   5.3231306E+02  -1.9613549E-06
   5.3264680E+02  -2.0483888E-06
   5.3298054E+02  -2.1317244E-06
   5.3331428E+02  -2.2109057E-06
   5.3364802E+02  -2.2854849E-06
   5.3398176E+02  -2.3550253E-06
   5.3431550E+02  -2.4191058E-06
   5.3464924E+02  -2.4773224E-06
   5.3498297E+02  -2.5292911E-06
   5.3531671E+02  -2.5746526E-06
   5.3565045E+02  -2.6130717E-06
   5.3598419E+02  -2.6442440E-06
   5.3631793E+02  -2.6678931E-06
   5.3665167E+02  -2.6837790E-06
   5.3698541E+02  -2.6916950E-06
   5.3731914E+02  -2.6914722E-06
   5.3765288E+02  -2.6829807E-06
   5.3798662E+02  -2.6661314E-06
   5.3832036E+02  -2.6408757E-06
   5.3865410E+02  -2.6072080E-06
   5.3898784E+02  -2.5651661E-06
   5.3932158E+02  -2.5148311E-06
   5.3965531E+02  -2.4563260E-06
   5.3998905E+02  -2.3898187E-06
   5.4032279E+02  -2.3155194E-06
   5.4065653E+02  -2.2336785E-06
   5.4099027E+02  -2.1445869E-06
   5.4132401E+02  -2.0485775E-06
   5.4165775E+02  -1.9460169E-06
   5.4199148E+02  -1.8373077E-06
   5.4232522E+02  -1.7228871E-06
   5.4265896E+02  -1.6032207E-06
   5.4299270E+02  -1.4788020E-06
   5.4332644E+02  -1.3501515E-06
   5.4366018E+02  -1.2178081E-06
   5.4399392E+02  -1.0823306E-06
   5.4432765E+02  -9.4429333E-07
   5.4466139E+02  -8.0428077E-07
   5.4499513E+02  -6.6288624E-07
   5.4532887E+02  -5.2070646E-07
   5.4566261E+02  -3.7833922E-07
   5.4599635E+02  -2.3637875E-07
   5.4633009E+02  -9.5413135E-08
   5.4666382E+02   4.3980599E-08
   5.4699756E+02   1.8123880E-07
   5.4733130E+02   3.1581496E-07
   5.4766504E+02   4.4718280E-07
   5.4799878E+02   5.7483959E-07
   5.4833252E+02   6.9830867E-07
   5.4866626E+02   8.1714222E-07
   5.4899999E+02   9.3092336E-07
   5.4933373E+02   1.0392689E-06
   5.4966747E+02   1.1418306E-06
   5.5000121E+02   1.2382973E-06
   5.5033495E+02   1.3283953E-06
   5.5066869E+02   1.4118912E-06
   5.5100243E+02   1.4885900E-06
   5.5133616E+02   1.5583385E-06
   5.5166990E+02   1.6210226E-06
   5.5200364E+02   1.6765703E-06
   5.5233738E+02   1.7249472E-06
   5.5267112E+02   1.7661602E-06
   5.5300486E+02   1.8002532E-06
   5.5333860E+02   1.8273075E-06
   5.5367234E+02   1.8474402E-06
   5.5400607E+02   1.8608014E-06
   5.5433981E+02   1.8675737E-06
   5.5467355E+02   1.8679693E-06
   5.5500729E+02   1.8622280E-06
   5.5534103E+02   1.8506147E-06
   5.5567477E+02   1.8334182E-06
   5.5600851E+02   1.8109450E-06
   5.5634224E+02   1.7835215E-06
   5.5667598E+02   1.7514876E-06
   5.5700972E+02   1.7151956E-06
   5.5734346E+02   1.6750073E-06
   5.5767720E+02   1.6312907E-06
   5.5801094E+02   1.5844181E-06
   5.5834468E+02   1.5347630E-06
   5.5867841E+02   1.4826975E-06
   5.5901215E+02   1.4285915E-06
   5.5934589E+02   1.3728079E-06
   5.5967963E+02   1.3157018E-06
   5.6001337E+02   1.2576186E-06
   5.6034711E+02   1.1988919E-06
   5.6068085E+02   1.1398423E-06
   5.6101458E+02   1.0807742E-06
   5.6134832E+02   1.0219773E-06
   5.6168206E+02   9.6372310E-07
   5.6201580E+02   9.0626475E-07
   5.6234954E+02   8.4983657E-07
   5.6268328E+02   7.9465343E-07
   5.6301702E+02   7.4091002E-07
   5.6335075E+02   6.8878006E-07
   5.6368449E+02   6.3841827E-07
   5.6401823E+02   5.8995784E-07
   5.6435197E+02   5.4351301E-07
   5.6468571E+02   4.9917764E-07
   5.6501945E+02   4.5702757E-07
   5.6535319E+02   4.1711897E-07
   5.6568692E+02   3.7949115E-07
   5.6602066E+02   3.4416638E-07
   5.6635440E+02   3.1115073E-07
   5.6668814E+02   2.8043561E-07
   5.6702188E+02   2.5199827E-07
   5.6735562E+02   2.2580303E-07
   5.6768936E+02   2.0180276E-07
   5.6802309E+02   1.7993928E-07
   5.6835683E+02   1.6014492E-07
   5.6869057E+02   1.4234359E-07
   5.6902431E+02   1.2645191E-07
   5.6935805E+02   1.1238016E-07
   5.6969179E+02   1.0003350E-07
   5.7002553E+02   8.9312849E-08
   5.7035926E+02   8.0115917E-08
   5.7069300E+02   7.2338146E-08
   5.7102674E+02   6.5873536E-08
   5.7136048E+02   6.0615456E-08
   5.7169422E+02   5.6457360E-08
   5.7202796E+02   5.3293547E-08
   5.7236170E+02   5.1019711E-08
   5.7269543E+02   4.9533632E-08
   5.7302917E+02   4.8735586E-08
   5.7336291E+02   4.8528889E-08
   5.7369665E+02   4.8820340E-08
   5.7403039E+02   4.9520615E-08
   5.7436413E+02   5.0544450E-08
   5.7469787E+02   5.1811064E-08
   5.7503161E+02   5.3244399E-08
   5.7536534E+02   5.4773189E-08
   5.7569908E+02   5.6331260E-08
   5.7603282E+02   5.7857555E-08
   5.7636656E+02   5.9296454E-08
   5.7670030E+02   6.0597543E-08
   5.7703404E+02   6.1715959E-08
   5.7736778E+02   6.2612280E-08
   5.7770151E+02   6.3252507E-08
   5.7803525E+02   6.3608162E-08
   5.7836899E+02   6.3656259E-08
   5.7870273E+02   6.3379275E-08
   5.7903647E+02   6.2765032E-08
   5.7937021E+02   6.1806965E-08
   5.7970395E+02   6.0503623E-08
   5.8003768E+02   5.8858863E-08
   5.8037142E+02   5.6881813E-08
   5.8070516E+02   5.4586589E-08
   5.8103890E+02   5.1992213E-08
   5.8137264E+02   4.9122558E-08
   5.8170638E+02   4.6006175E-08
   5.8204012E+02   4.2676010E-08
   5.8237385E+02   3.9169326E-08
   5.8270759E+02   3.5527453E-08
   5.8304133E+02   3.1795491E-08
   5.8337507E+02   2.8022097E-08
   5.8370881E+02   2.4259133E-08
   5.8404255E+02   2.0561277E-08
   5.8437629E+02   1.6985668E-08
   5.8471002E+02   1.3591663E-08
   5.8504376E+02   1.0440131E-08
   5.8537750E+02   7.5932149E-09
   5.8571124E+02   5.1138418E-09
   5.8604498E+02   3.0650948E-09
   5.8637872E+02   1.5098038E-09
   5.8671246E+02   5.0993521E-10
   5.8704619E+02   1.2610890E-10
   5.8737993E+02   4.1691628E-10
   5.8771367E+02   1.4383836E-09
   5.8804741E+02   3.2434322E-09
   5.8838115E+02   5.8812013E-09
   5.8871489E+02   9.3965546E-09
   5.8904863E+02   1.3829434E-08
   5.8938236E+02   1.9214330E-08
   5.8971610E+02   2.5579718E-08
   5.9004984E+02   3.2947561E-08
   5.9038358E+02   4.1332818E-08
   5.9071732E+02   5.0743012E-08
   5.9105106E+02   6.1177801E-08
   5.9138480E+02   7.2628644E-08
   5.9171853E+02   8.5078554E-08
   5.9205227E+02   9.8501744E-08
   5.9238601E+02   1.1286353E-07
   5.9271975E+02   1.2812031E-07
   5.9305349E+02   1.4421926E-07
   5.9338723E+02   1.6109864E-07
   5.9372097E+02   1.7868770E-07
   5.9405471E+02   1.9690700E-07
   5.9438844E+02   2.1566862E-07
   5.9472218E+02   2.3487647E-07
   5.9505592E+02   2.5442674E-07
   5.9538966E+02   2.7420845E-07
   5.9572340E+02   2.9410381E-07
   5.9605714E+02   3.1398923E-07
   5.9639088E+02   3.3373561E-07
   5.9672461E+02   3.5320932E-07
   5.9705835E+02   3.7227321E-07
   5.9739209E+02   3.9078708E-07
   5.9772583E+02   4.0860908E-07
   5.9805957E+02   4.2559623E-07
   5.9839331E+02   4.4160572E-07
   5.9872705E+02   4.5649614E-07
   5.9906078E+02   4.7012816E-07
   5.9939452E+02   4.8236569E-07
   5.9972826E+02   4.9307715E-07
   6.0006200E+02   5.0213629E-07
   6.0039574E+02   5.0942384E-07
   6.0072948E+02   5.1482766E-07
   6.0106322E+02   5.1824458E-07
   6.0139695E+02   5.1958079E-07
   6.0173069E+02   5.1875310E-07
   6.0206443E+02   5.1568975E-07
   6.0239817E+02   5.1033101E-07
   6.0273191E+02   5.0263031E-07
   6.0306565E+02   4.9255431E-07
   6.0339939E+02   4.8008388E-07
   6.0373312E+02   4.6521473E-07
   6.0406686E+02   4.4795709E-07
   6.0440060E+02   4.2833665E-07
   6.0473434E+02   4.0639426E-07
   6.0506808E+02   3.8218639E-07
   6.0540182E+02   3.5578486E-07
   6.0573556E+02   3.2727644E-07
   6.0606929E+02   2.9676306E-07
   6.0640303E+02   2.6436086E-07
   6.0673677E+02   2.3020016E-07
   6.0707051E+02   1.9442436E-07
   6.0740425E+02   1.5718965E-07
   6.0773799E+02   1.1866382E-07
   6.0807173E+02   7.9025590E-08
   6.0840546E+02   3.8463330E-08
   6.0873920E+02  -2.8257967E-09
   6.0907294E+02  -4.4637144E-08
   6.0940668E+02  -8.6759840E-08
   6.0974042E+02  -1.2897796E-07
   6.1007416E+02  -1.7107226E-07
   6.1040790E+02  -2.1282099E-07
   6.1074163E+02  -2.5400186E-07
   6.1107537E+02  -2.9439312E-07
   6.1140911E+02  -3.3377515E-07
   6.1174285E+02  -3.7193186E-07
   6.1207659E+02  -4.0865223E-07
   6.1241033E+02  -4.4373166E-07
   6.1274407E+02  -4.7697324E-07
   6.1307781E+02  -5.0818926E-07
   6.1341154E+02  -5.3720197E-07
   6.1374528E+02  -5.6384567E-07
   6.1407902E+02  -5.8796695E-07
   6.1441276E+02  -6.0942602E-07
   6.1474650E+02  -6.2809795E-07
   6.1508024E+02  -6.4387268E-07
   6.1541398E+02  -6.5665699E-07
   6.1574771E+02  -6.6637375E-07
   6.1608145E+02  -6.7296332E-07
   6.1641519E+02  -6.7638359E-07
   6.1674893E+02  -6.7661034E-07
   6.1708267E+02  -6.7363726E-07
   6.1741641E+02  -6.6747589E-07
   6.1775015E+02  -6.5815584E-07
   6.1808388E+02  -6.4572373E-07
   6.1841762E+02  -6.3024390E-07
   6.1875136E+02  -6.1179708E-07
   6.1908510E+02  -5.9047989E-07
   6.1941884E+02  -5.6640465E-07
   6.1975258E+02  -5.3969779E-07
   6.2008632E+02  -5.1049938E-07
   6.2042005E+02  -4.7896225E-07
   6.2075379E+02  -4.4525046E-07
   6.2108753E+02  -4.0953839E-07
   6.2142127E+02  -3.7200968E-07
   6.2175501E+02  -3.3285588E-07
   6.2208875E+02  -2.9227479E-07
   6.2242249E+02  -2.5046972E-07
   6.2275622E+02  -2.0764760E-07
   6.2308996E+02  -1.6401799E-07
   6.2342370E+02  -1.1979157E-07
   6.2375744E+02  -7.5178718E-08
   6.2409118E+02  -3.0388300E-08
   6.2442492E+02   1.4373693E-08
   6.2475866E+02   5.8905375E-08
   6.2509239E+02   1.0301008E-07
   6.2542613E+02   1.4649763E-07
   6.2575987E+02   1.8918526E-07
   6.2609361E+02   2.3089862E-07
   6.2642735E+02   2.7147280E-07
   6.2676109E+02   3.1075302E-07
   6.2709483E+02   3.4859517E-07
   6.2742856E+02   3.8486689E-07
   6.2776230E+02   4.1944745E-07
   6.2809604E+02   4.5222887E-07
   6.2842978E+02   4.8311563E-07
   6.2876352E+02   5.1202522E-07
   6.2909726E+02   5.3888817E-07
   6.2943100E+02   5.6364786E-07
   6.2976473E+02   5.8626057E-07
   6.3009847E+02   6.0669527E-07
   6.3043221E+02   6.2493314E-07
   6.3076595E+02   6.4096730E-07
   6.3109969E+02   6.5480202E-07
   6.3143343E+02   6.6645242E-07
   6.3176717E+02   6.7594397E-07
   6.3210090E+02   6.8331099E-07
   6.3243464E+02   6.8859640E-07
   6.3276838E+02   6.9185131E-07
   6.3310212E+02   6.9313319E-07
   6.3343586E+02   6.9250535E-07
   6.3376960E+02   6.9003636E-07
   6.3410334E+02   6.8579828E-07
   6.3443708E+02   6.7986684E-07
   6.3477081E+02   6.7231935E-07
   6.3510455E+02   6.6323366E-07
   6.3543829E+02   6.5268893E-07
   6.3577203E+02   6.4076266E-07
   6.3610577E+02   6.2753082E-07
   6.3643951E+02   6.1306724E-07
   6.3677325E+02   5.9744229E-07
   6.3710698E+02   5.8072220E-07
   6.3744072E+02   5.6296943E-07
   6.3777446E+02   5.4424066E-07
   6.3810820E+02   5.2458734E-07
   6.3844194E+02   5.0405544E-07
   6.3877568E+02   4.8268396E-07
   6.3910942E+02   4.6050621E-07
   6.3944315E+02   4.3754915E-07
   6.3977689E+02   4.1383282E-07
   6.4011063E+02   3.8937173E-07
   6.4044437E+02   3.6417364E-07
   6.4077811E+02   3.3824114E-07
   6.4111185E+02   3.1157151E-07
   6.4144559E+02   2.8415684E-07
   6.4177932E+02   2.5598567E-07
   6.4211306E+02   2.2704262E-07
   6.4244680E+02   1.9730946E-07
   6.4278054E+02   1.6676613E-07
   6.4311428E+02   1.3539164E-07
   6.4344802E+02   1.0316474E-07
   6.4378176E+02   7.0064900E-08
   6.4411549E+02   3.6072890E-08
   6.4444923E+02   1.1727508E-09
   6.4478297E+02  -3.4648160E-08
   6.4511671E+02  -7.1397736E-08
   6.4545045E+02  -1.0907834E-07
   6.4578419E+02  -1.4768588E-07
   6.4611793E+02  -1.8720840E-07
   6.4645166E+02  -2.2762610E-07
   6.4678540E+02  -2.6890993E-07
   6.4711914E+02  -3.1102104E-07
   6.4745288E+02  -3.5391031E-07
   6.4778662E+02  -3.9751802E-07
   6.4812036E+02  -4.4177244E-07
   6.4845410E+02  -4.8659092E-07
   6.4878783E+02  -5.3187898E-07
   6.4912157E+02  -5.7752999E-07
   6.4945531E+02  -6.2342554E-07
   6.4978905E+02  -6.6943602E-07
   6.5012279E+02  -7.1542070E-07
   6.5045653E+02  -7.6122745E-07
   6.5079027E+02  -8.0669508E-07
   6.5112400E+02  -8.5165186E-07
   6.5145774E+02  -8.9591822E-07
   6.5179148E+02  -9.3930686E-07
   6.5212522E+02  -9.8162423E-07
   6.5245896E+02  -1.0226707E-06
   6.5279270E+02  -1.0622441E-06
   6.5312644E+02  -1.1001379E-06
   6.5346018E+02  -1.1361464E-06
   6.5379391E+02  -1.1700623E-06
   6.5412765E+02  -1.2016818E-06
   6.5446139E+02  -1.2308037E-06
   6.5479513E+02  -1.2572334E-06
   6.5512887E+02  -1.2807807E-06
   6.5546261E+02  -1.3012668E-06
   6.5579635E+02  -1.3185208E-06
   6.5613008E+02  -1.3323843E-06
   6.5646382E+02  -1.3427129E-06
   6.5679756E+02  -1.3493749E-06
   6.5713130E+02  -1.3522563E-06
   6.5746504E+02  -1.3512598E-06
   6.5779878E+02  -1.3463058E-06
   6.5813252E+02  -1.3373352E-06
   6.5846625E+02  -1.3243086E-06
   6.5879999E+02  -1.3072074E-06
   6.5913373E+02  -1.2860338E-06
   6.5946747E+02  -1.2608140E-06
   6.5980121E+02  -1.2315950E-06
   6.6013495E+02  -1.1984457E-06
