  -7.8094826E+01   0.0000000E+00
  -7.7761087E+01   0.0000000E+00
  -7.7427349E+01   0.0000000E+00
  -7.7093610E+01   0.0000000E+00
  -7.6759871E+01   0.0000000E+00
  -7.6426133E+01   0.0000000E+00
  -7.6092394E+01   0.0000000E+00
  -7.5758656E+01   0.0000000E+00
  -7.5424917E+01   0.0000000E+00
  -7.5091178E+01   0.0000000E+00
  -7.4757440E+01   0.0000000E+00
  -7.4423701E+01   0.0000000E+00
  -7.4089963E+01   0.0000000E+00
  -7.3756224E+01   0.0000000E+00
  -7.3422485E+01   0.0000000E+00
  -7.3088747E+01   0.0000000E+00
  -7.2755008E+01   0.0000000E+00
  -7.2421270E+01   0.0000000E+00
  -7.2087531E+01   0.0000000E+00
  -7.1753792E+01   0.0000000E+00
  -7.1420054E+01   0.0000000E+00
  -7.1086315E+01   0.0000000E+00
  -7.0752577E+01   0.0000000E+00
  -7.0418838E+01   0.0000000E+00
  -7.0085099E+01   0.0000000E+00
  -6.9751361E+01   0.0000000E+00
  -6.9417622E+01   0.0000000E+00
  -6.9083884E+01   0.0000000E+00
  -6.8750145E+01   0.0000000E+00
  -6.8416406E+01   0.0000000E+00
  -6.8082668E+01   0.0000000E+00
  -6.7748929E+01   0.0000000E+00
  -6.7415191E+01   0.0000000E+00
  -6.7081452E+01   0.0000000E+00
  -6.6747714E+01   0.0000000E+00
  -6.6413975E+01   0.0000000E+00
  -6.6080236E+01   0.0000000E+00
  -6.5746498E+01   0.0000000E+00
  -6.5412759E+01   0.0000000E+00
  -6.5079021E+01   0.0000000E+00
  -6.4745282E+01   0.0000000E+00
  -6.4411543E+01   0.0000000E+00
  -6.4077805E+01   0.0000000E+00
  -6.3744066E+01   0.0000000E+00
  -6.3410328E+01   0.0000000E+00
  -6.3076589E+01   0.0000000E+00
  -6.2742850E+01   0.0000000E+00
  -6.2409112E+01   0.0000000E+00
  -6.2075373E+01   0.0000000E+00
  -6.1741635E+01   0.0000000E+00
  -6.1407896E+01   0.0000000E+00
  -6.1074157E+01   0.0000000E+00
  -6.0740419E+01   0.0000000E+00
  -6.0406680E+01   0.0000000E+00
  -6.0072942E+01   0.0000000E+00
  -5.9739203E+01   0.0000000E+00
  -5.9405464E+01   0.0000000E+00
  -5.9071726E+01   0.0000000E+00
  -5.8737987E+01   0.0000000E+00
  -5.8404249E+01   0.0000000E+00
  -5.8070510E+01   0.0000000E+00
  -5.7736771E+01   0.0000000E+00
  -5.7403033E+01   0.0000000E+00
  -5.7069294E+01   0.0000000E+00
  -5.6735556E+01   0.0000000E+00
  -5.6401817E+01   0.0000000E+00
  -5.6068078E+01   0.0000000E+00
  -5.5734340E+01   0.0000000E+00
  -5.5400601E+01   0.0000000E+00
  -5.5066863E+01   0.0000000E+00
  -5.4733124E+01   0.0000000E+00
  -5.4399385E+01   0.0000000E+00
  -5.4065647E+01   0.0000000E+00
  -5.3731908E+01   0.0000000E+00
  -5.3398170E+01   0.0000000E+00
  -5.3064431E+01   0.0000000E+00
  -5.2730693E+01   0.0000000E+00
  -5.2396954E+01   0.0000000E+00
  -5.2063215E+01   0.0000000E+00
  -5.1729477E+01   0.0000000E+00
  -5.1395738E+01   0.0000000E+00
  -5.1062000E+01   0.0000000E+00
  -5.0728261E+01   0.0000000E+00
  -5.0394522E+01   0.0000000E+00
  -5.0060784E+01   0.0000000E+00
  -4.9727045E+01   0.0000000E+00
  -4.9393307E+01   0.0000000E+00
  -4.9059568E+01   0.0000000E+00
  -4.8725829E+01   0.0000000E+00
  -4.8392091E+01   0.0000000E+00
  -4.8058352E+01   0.0000000E+00
  -4.7724614E+01   0.0000000E+00
  -4.7390875E+01   0.0000000E+00
  -4.7057136E+01   0.0000000E+00
  -4.6723398E+01   0.0000000E+00
  -4.6389659E+01   0.0000000E+00
  -4.6055921E+01   0.0000000E+00
  -4.5722182E+01   0.0000000E+00
  -4.5388443E+01   0.0000000E+00
  -4.5054705E+01   0.0000000E+00
  -4.4720966E+01   0.0000000E+00
  -4.4387228E+01   0.0000000E+00
  -4.4053489E+01   0.0000000E+00
  -4.3719750E+01   0.0000000E+00
  -4.3386012E+01   0.0000000E+00
  -4.3052273E+01   0.0000000E+00
  -4.2718535E+01   0.0000000E+00
  -4.2384796E+01   0.0000000E+00
  -4.2051057E+01   0.0000000E+00
  -4.1717319E+01   0.0000000E+00
  -4.1383580E+01   0.0000000E+00
  -4.1049842E+01   0.0000000E+00
  -4.0716103E+01   0.0000000E+00
  -4.0382364E+01   0.0000000E+00
  -4.0048626E+01   0.0000000E+00
  -3.9714887E+01   0.0000000E+00
  -3.9381149E+01   0.0000000E+00
  -3.9047410E+01   0.0000000E+00
  -3.8713672E+01   0.0000000E+00
  -3.8379933E+01   0.0000000E+00
  -3.8046194E+01   0.0000000E+00
  -3.7712456E+01   0.0000000E+00
  -3.7378717E+01   0.0000000E+00
  -3.7044979E+01   0.0000000E+00
  -3.6711240E+01   0.0000000E+00
  -3.6377501E+01   0.0000000E+00
  -3.6043763E+01   0.0000000E+00
  -3.5710024E+01   0.0000000E+00
  -3.5376286E+01   0.0000000E+00
  -3.5042547E+01   0.0000000E+00
  -3.4708808E+01   0.0000000E+00
  -3.4375070E+01   0.0000000E+00
  -3.4041331E+01   0.0000000E+00
  -3.3707593E+01   0.0000000E+00
  -3.3373854E+01   0.0000000E+00
  -3.3040115E+01   0.0000000E+00
  -3.2706377E+01   0.0000000E+00
  -3.2372638E+01   0.0000000E+00
  -3.2038900E+01   0.0000000E+00
  -3.1705161E+01   0.0000000E+00
  -3.1371422E+01   0.0000000E+00
  -3.1037684E+01   0.0000000E+00
  -3.0703945E+01   0.0000000E+00
  -3.0370207E+01   0.0000000E+00
  -3.0036468E+01   0.0000000E+00
  -2.9702729E+01   0.0000000E+00
  -2.9368991E+01   0.0000000E+00
  -2.9035252E+01   0.0000000E+00
  -2.8701514E+01   0.0000000E+00
  -2.8367775E+01   0.0000000E+00
  -2.8034036E+01   0.0000000E+00
  -2.7700298E+01   0.0000000E+00
  -2.7366559E+01   0.0000000E+00
  -2.7032821E+01   0.0000000E+00
  -2.6699082E+01   0.0000000E+00
  -2.6365343E+01   0.0000000E+00
  -2.6031605E+01   0.0000000E+00
  -2.5697866E+01   0.0000000E+00
  -2.5364128E+01   0.0000000E+00
  -2.5030389E+01   0.0000000E+00
  -2.4696651E+01   0.0000000E+00
  -2.4362912E+01   0.0000000E+00
  -2.4029173E+01   0.0000000E+00
  -2.3695435E+01   0.0000000E+00
  -2.3361696E+01   0.0000000E+00
  -2.3027958E+01   0.0000000E+00
  -2.2694219E+01   0.0000000E+00
  -2.2360480E+01   0.0000000E+00
  -2.2026742E+01   0.0000000E+00
  -2.1693003E+01   0.0000000E+00
  -2.1359265E+01   0.0000000E+00
  -2.1025526E+01   0.0000000E+00
  -2.0691787E+01   0.0000000E+00
  -2.0358049E+01   0.0000000E+00
  -2.0024310E+01   0.0000000E+00
  -1.9690572E+01   0.0000000E+00
  -1.9356833E+01   0.0000000E+00
  -1.9023094E+01   0.0000000E+00
  -1.8689356E+01   0.0000000E+00
  -1.8355617E+01   0.0000000E+00
  -1.8021879E+01   0.0000000E+00
  -1.7688140E+01   0.0000000E+00
  -1.7354401E+01   0.0000000E+00
  -1.7020663E+01   0.0000000E+00
  -1.6686924E+01   0.0000000E+00
  -1.6353186E+01   0.0000000E+00
  -1.6019447E+01   0.0000000E+00
  -1.5685708E+01   0.0000000E+00
  -1.5351970E+01   0.0000000E+00
  -1.5018231E+01   0.0000000E+00
  -1.4684493E+01   0.0000000E+00
  -1.4350754E+01   0.0000000E+00
  -1.4017015E+01   0.0000000E+00
  -1.3683277E+01   0.0000000E+00
  -1.3349538E+01   0.0000000E+00
  -1.3015800E+01   0.0000000E+00
  -1.2682061E+01   0.0000000E+00
  -1.2348322E+01   0.0000000E+00
  -1.2014584E+01   0.0000000E+00
  -1.1680845E+01   0.0000000E+00
  -1.1347107E+01   0.0000000E+00
  -1.1013368E+01   0.0000000E+00
  -1.0679630E+01   0.0000000E+00
  -1.0345891E+01   0.0000000E+00
  -1.0012152E+01   0.0000000E+00
  -9.6784137E+00   0.0000000E+00
  -9.3446751E+00   0.0000000E+00
  -9.0109365E+00   0.0000000E+00
  -8.6771979E+00   0.0000000E+00
  -8.3434593E+00   0.0000000E+00
  -8.0097207E+00   0.0000000E+00
  -7.6759821E+00   0.0000000E+00
  -7.3422436E+00   0.0000000E+00
  -7.0085050E+00   0.0000000E+00
  -6.6747664E+00   0.0000000E+00
  -6.3410278E+00   0.0000000E+00
  -6.0072892E+00   0.0000000E+00
  -5.6735506E+00   0.0000000E+00
  -5.3398120E+00   0.0000000E+00
  -5.0060734E+00   0.0000000E+00
  -4.6723348E+00   0.0000000E+00
  -4.3385962E+00   0.0000000E+00
  -4.0048576E+00   0.0000000E+00
  -3.6711190E+00   0.0000000E+00
  -3.3373804E+00   0.0000000E+00
  -3.0036418E+00   0.0000000E+00
  -2.6699032E+00   0.0000000E+00
  -2.3361646E+00   0.0000000E+00
  -2.0024260E+00   0.0000000E+00
  -1.6686874E+00   0.0000000E+00
  -1.3349488E+00   0.0000000E+00
  -1.0012102E+00   0.0000000E+00
  -6.6747165E-01   0.0000000E+00
  -3.3373305E-01   0.0000000E+00
   5.5432320E-06   0.0000000E+00
   3.3374414E-01   0.0000000E+00
   6.6748273E-01   0.0000000E+00
   1.0012213E+00   0.0000000E+00
   1.3349599E+00   0.0000000E+00
   1.6686985E+00   0.0000000E+00
   2.0024371E+00   0.0000000E+00
   2.3361757E+00   0.0000000E+00
   2.6699143E+00   0.0000000E+00
   3.0036529E+00   0.0000000E+00
   3.3373915E+00   0.0000000E+00
   3.6711301E+00   0.0000000E+00
   4.0048687E+00   0.0000000E+00
   4.3386073E+00   0.0000000E+00
   4.6723459E+00   0.0000000E+00
   5.0060845E+00   0.0000000E+00
   5.3398231E+00   0.0000000E+00
   5.6735617E+00   0.0000000E+00
   6.0073003E+00   0.0000000E+00
   6.3410389E+00   0.0000000E+00
   6.6747774E+00   0.0000000E+00
   7.0085160E+00   0.0000000E+00
   7.3422546E+00   0.0000000E+00
   7.6759932E+00   0.0000000E+00
   8.0097318E+00   0.0000000E+00
   8.3434704E+00   0.0000000E+00
   8.6772090E+00   0.0000000E+00
   9.0109476E+00   0.0000000E+00
   9.3446862E+00   0.0000000E+00
   9.6784248E+00   0.0000000E+00
   1.0012163E+01   0.0000000E+00
   1.0345902E+01   0.0000000E+00
   1.0679641E+01   0.0000000E+00
   1.1013379E+01   0.0000000E+00
   1.1347118E+01   0.0000000E+00
   1.1680856E+01   0.0000000E+00
   1.2014595E+01   0.0000000E+00
   1.2348334E+01   0.0000000E+00
   1.2682072E+01   0.0000000E+00
   1.3015811E+01   0.0000000E+00
   1.3349549E+01   0.0000000E+00
   1.3683288E+01   0.0000000E+00
   1.4017027E+01   0.0000000E+00
   1.4350765E+01   0.0000000E+00
   1.4684504E+01   0.0000000E+00
   1.5018242E+01   0.0000000E+00
   1.5351981E+01   0.0000000E+00
   1.5685720E+01   0.0000000E+00
   1.6019458E+01   0.0000000E+00
   1.6353197E+01   0.0000000E+00
   1.6686935E+01   0.0000000E+00
   1.7020674E+01   0.0000000E+00
   1.7354412E+01   0.0000000E+00
   1.7688151E+01   0.0000000E+00
   1.8021890E+01   0.0000000E+00
   1.8355628E+01   0.0000000E+00
   1.8689367E+01   0.0000000E+00
   1.9023105E+01   0.0000000E+00
   1.9356844E+01   0.0000000E+00
   1.9690583E+01   0.0000000E+00
   2.0024321E+01   0.0000000E+00
   2.0358060E+01   0.0000000E+00
   2.0691798E+01   0.0000000E+00
   2.1025537E+01   0.0000000E+00
   2.1359276E+01   0.0000000E+00
   2.1693014E+01   0.0000000E+00
   2.2026753E+01   0.0000000E+00
   2.2360491E+01   0.0000000E+00
   2.2694230E+01   0.0000000E+00
   2.3027969E+01   0.0000000E+00
   2.3361707E+01   0.0000000E+00
   2.3695446E+01   0.0000000E+00
   2.4029184E+01   0.0000000E+00
   2.4362923E+01   0.0000000E+00
   2.4696662E+01   0.0000000E+00
   2.5030400E+01   0.0000000E+00
   2.5364139E+01   0.0000000E+00
   2.5697877E+01   0.0000000E+00
   2.6031616E+01   0.0000000E+00
   2.6365355E+01   0.0000000E+00
   2.6699093E+01   0.0000000E+00
   2.7032832E+01   0.0000000E+00
   2.7366570E+01   0.0000000E+00
   2.7700309E+01   0.0000000E+00
   2.8034048E+01   0.0000000E+00
   2.8367786E+01   0.0000000E+00
   2.8701525E+01   0.0000000E+00
   2.9035263E+01   0.0000000E+00
   2.9369002E+01   0.0000000E+00
   2.9702741E+01   0.0000000E+00
   3.0036479E+01   0.0000000E+00
   3.0370218E+01   0.0000000E+00
   3.0703956E+01   0.0000000E+00
   3.1037695E+01   0.0000000E+00
   3.1371433E+01   0.0000000E+00
   3.1705172E+01   0.0000000E+00
   3.2038911E+01   0.0000000E+00
   3.2372649E+01   0.0000000E+00
   3.2706388E+01   0.0000000E+00
   3.3040126E+01   0.0000000E+00
   3.3373865E+01   0.0000000E+00
   3.3707604E+01   0.0000000E+00
   3.4041342E+01   0.0000000E+00
   3.4375081E+01   0.0000000E+00
   3.4708819E+01   0.0000000E+00
   3.5042558E+01   0.0000000E+00
   3.5376297E+01   0.0000000E+00
   3.5710035E+01   0.0000000E+00
   3.6043774E+01   0.0000000E+00
   3.6377512E+01   0.0000000E+00
   3.6711251E+01   0.0000000E+00
   3.7044990E+01   0.0000000E+00
   3.7378728E+01   0.0000000E+00
   3.7712467E+01   0.0000000E+00
   3.8046205E+01   0.0000000E+00
   3.8379944E+01   0.0000000E+00
   3.8713683E+01   0.0000000E+00
   3.9047421E+01   0.0000000E+00
   3.9381160E+01   0.0000000E+00
   3.9714898E+01   0.0000000E+00
   4.0048637E+01   0.0000000E+00
   4.0382376E+01   0.0000000E+00
   4.0716114E+01   0.0000000E+00
   4.1049853E+01   0.0000000E+00
   4.1383591E+01   0.0000000E+00
   4.1717330E+01   0.0000000E+00
   4.2051069E+01   0.0000000E+00
   4.2384807E+01   0.0000000E+00
   4.2718546E+01   0.0000000E+00
   4.3052284E+01   0.0000000E+00
   4.3386023E+01   0.0000000E+00
   4.3719762E+01   0.0000000E+00
   4.4053500E+01   0.0000000E+00
   4.4387239E+01   0.0000000E+00
   4.4720977E+01   0.0000000E+00
   4.5054716E+01   0.0000000E+00
   4.5388454E+01   0.0000000E+00
   4.5722193E+01   0.0000000E+00
   4.6055932E+01   0.0000000E+00
   4.6389670E+01   0.0000000E+00
   4.6723409E+01   0.0000000E+00
   4.7057147E+01   0.0000000E+00
   4.7390886E+01   0.0000000E+00
   4.7724625E+01   0.0000000E+00
   4.8058363E+01   0.0000000E+00
   4.8392102E+01   0.0000000E+00
   4.8725840E+01   0.0000000E+00
   4.9059579E+01   0.0000000E+00
   4.9393318E+01   0.0000000E+00
   4.9727056E+01   0.0000000E+00
   5.0060795E+01   0.0000000E+00
   5.0394533E+01   0.0000000E+00
   5.0728272E+01   0.0000000E+00
   5.1062011E+01   0.0000000E+00
   5.1395749E+01   0.0000000E+00
   5.1729488E+01   0.0000000E+00
   5.2063226E+01   0.0000000E+00
   5.2396965E+01   0.0000000E+00
   5.2730704E+01   0.0000000E+00
   5.3064442E+01   0.0000000E+00
   5.3398181E+01   0.0000000E+00
   5.3731919E+01   0.0000000E+00
   5.4065658E+01   0.0000000E+00
   5.4399397E+01   0.0000000E+00
   5.4733135E+01   0.0000000E+00
   5.5066874E+01   0.0000000E+00
   5.5400612E+01   0.0000000E+00
   5.5734351E+01   0.0000000E+00
   5.6068090E+01   0.0000000E+00
   5.6401828E+01   0.0000000E+00
   5.6735567E+01   0.0000000E+00
   5.7069305E+01   0.0000000E+00
   5.7403044E+01   0.0000000E+00
   5.7736783E+01   0.0000000E+00
   5.8070521E+01   0.0000000E+00
   5.8404260E+01   0.0000000E+00
   5.8737998E+01   0.0000000E+00
   5.9071737E+01   0.0000000E+00
   5.9405475E+01   0.0000000E+00
   5.9739214E+01   0.0000000E+00
   6.0072953E+01   0.0000000E+00
   6.0406691E+01   0.0000000E+00
   6.0740430E+01   0.0000000E+00
   6.1074168E+01   0.0000000E+00
   6.1407907E+01   0.0000000E+00
   6.1741646E+01   0.0000000E+00
   6.2075384E+01   0.0000000E+00
   6.2409123E+01   0.0000000E+00
   6.2742861E+01   0.0000000E+00
   6.3076600E+01   0.0000000E+00
   6.3410339E+01   0.0000000E+00
   6.3744077E+01   0.0000000E+00
   6.4077816E+01   0.0000000E+00
   6.4411554E+01   0.0000000E+00
   6.4745293E+01   0.0000000E+00
   6.5079032E+01   0.0000000E+00
   6.5412770E+01   0.0000000E+00
   6.5746509E+01   0.0000000E+00
   6.6080247E+01   0.0000000E+00
   6.6413986E+01   0.0000000E+00
   6.6747725E+01   0.0000000E+00
   6.7081463E+01   0.0000000E+00
   6.7415202E+01   0.0000000E+00
   6.7748940E+01   0.0000000E+00
   6.8082679E+01   0.0000000E+00
   6.8416418E+01   0.0000000E+00
   6.8750156E+01   0.0000000E+00
   6.9083895E+01   0.0000000E+00
   6.9417633E+01   0.0000000E+00
   6.9751372E+01   0.0000000E+00
   7.0085111E+01   0.0000000E+00
   7.0418849E+01   0.0000000E+00
   7.0752588E+01   0.0000000E+00
   7.1086326E+01   0.0000000E+00
   7.1420065E+01   0.0000000E+00
   7.1753804E+01   0.0000000E+00
   7.2087542E+01   0.0000000E+00
   7.2421281E+01   0.0000000E+00
   7.2755019E+01   0.0000000E+00
   7.3088758E+01   0.0000000E+00
   7.3422496E+01   0.0000000E+00
   7.3756235E+01   0.0000000E+00
   7.4089974E+01   0.0000000E+00
   7.4423712E+01   0.0000000E+00
   7.4757451E+01   0.0000000E+00
   7.5091189E+01   0.0000000E+00
   7.5424928E+01   0.0000000E+00
   7.5758667E+01   0.0000000E+00
   7.6092405E+01   0.0000000E+00
   7.6426144E+01   0.0000000E+00
   7.6759882E+01   0.0000000E+00
   7.7093621E+01   0.0000000E+00
   7.7427360E+01   0.0000000E+00
   7.7761098E+01   0.0000000E+00
   7.8094837E+01   0.0000000E+00
   7.8428575E+01   0.0000000E+00
   7.8762314E+01   0.0000000E+00
   7.9096053E+01   0.0000000E+00
   7.9429791E+01   0.0000000E+00
   7.9763530E+01   0.0000000E+00
   8.0097268E+01   0.0000000E+00
   8.0431007E+01   0.0000000E+00
   8.0764746E+01   0.0000000E+00
   8.1098484E+01   0.0000000E+00
   8.1432223E+01   0.0000000E+00
   8.1765961E+01   0.0000000E+00
   8.2099700E+01   0.0000000E+00
   8.2433439E+01   0.0000000E+00
   8.2767177E+01   0.0000000E+00
   8.3100916E+01   0.0000000E+00
   8.3434654E+01   0.0000000E+00
   8.3768393E+01   0.0000000E+00
   8.4102132E+01   0.0000000E+00
   8.4435870E+01   0.0000000E+00
   8.4769609E+01   0.0000000E+00
   8.5103347E+01   0.0000000E+00
   8.5437086E+01   0.0000000E+00
   8.5770825E+01   0.0000000E+00
   8.6104563E+01   0.0000000E+00
   8.6438302E+01   0.0000000E+00
   8.6772040E+01   0.0000000E+00
   8.7105779E+01   0.0000000E+00
   8.7439517E+01   0.0000000E+00
   8.7773256E+01   0.0000000E+00
   8.8106995E+01   0.0000000E+00
   8.8440733E+01   0.0000000E+00
   8.8774472E+01   0.0000000E+00
   8.9108210E+01   0.0000000E+00
   8.9441949E+01   0.0000000E+00
   8.9775688E+01   0.0000000E+00
   9.0109426E+01   0.0000000E+00
   9.0443165E+01   0.0000000E+00
   9.0776903E+01   0.0000000E+00
   9.1110642E+01   0.0000000E+00
   9.1444381E+01   0.0000000E+00
   9.1778119E+01   0.0000000E+00
   9.2111858E+01   0.0000000E+00
   9.2445596E+01   0.0000000E+00
   9.2779335E+01   0.0000000E+00
   9.3113074E+01   0.0000000E+00
   9.3446812E+01   0.0000000E+00
   9.3780551E+01   0.0000000E+00
   9.4114289E+01   0.0000000E+00
   9.4448028E+01   0.0000000E+00
   9.4781767E+01   0.0000000E+00
   9.5115505E+01   0.0000000E+00
   9.5449244E+01   0.0000000E+00
   9.5782982E+01   0.0000000E+00
   9.6116721E+01   0.0000000E+00
   9.6450460E+01   0.0000000E+00
   9.6784198E+01   0.0000000E+00
   9.7117937E+01   0.0000000E+00
   9.7451675E+01   0.0000000E+00
   9.7785414E+01   0.0000000E+00
   9.8119153E+01   0.0000000E+00
   9.8452891E+01   0.0000000E+00
   9.8786630E+01   0.0000000E+00
   9.9120368E+01   0.0000000E+00
   9.9454107E+01   0.0000000E+00
   9.9787846E+01   0.0000000E+00
   1.0012158E+02   0.0000000E+00
   1.0045532E+02   0.0000000E+00
   1.0078906E+02   0.0000000E+00
   1.0112280E+02   0.0000000E+00
   1.0145654E+02   0.0000000E+00
   1.0179028E+02   0.0000000E+00
   1.0212402E+02   0.0000000E+00
   1.0245775E+02   0.0000000E+00
   1.0279149E+02   0.0000000E+00
   1.0312523E+02   0.0000000E+00
   1.0345897E+02   0.0000000E+00
   1.0379271E+02   0.0000000E+00
   1.0412645E+02   0.0000000E+00
   1.0446019E+02   0.0000000E+00
   1.0479392E+02   0.0000000E+00
   1.0512766E+02   0.0000000E+00
   1.0546140E+02   0.0000000E+00
   1.0579514E+02   0.0000000E+00
   1.0612888E+02   0.0000000E+00
   1.0646262E+02   0.0000000E+00
   1.0679636E+02   0.0000000E+00
   1.0713009E+02   0.0000000E+00
   1.0746383E+02   0.0000000E+00
   1.0779757E+02   0.0000000E+00
   1.0813131E+02   0.0000000E+00
   1.0846505E+02   0.0000000E+00
   1.0879879E+02   0.0000000E+00
   1.0913253E+02   0.0000000E+00
   1.0946626E+02   0.0000000E+00
   1.0980000E+02   0.0000000E+00
   1.1013374E+02   0.0000000E+00
   1.1046748E+02   0.0000000E+00
   1.1080122E+02   0.0000000E+00
   1.1113496E+02   0.0000000E+00
   1.1146870E+02   0.0000000E+00
   1.1180243E+02   0.0000000E+00
   1.1213617E+02   0.0000000E+00
   1.1246991E+02   0.0000000E+00
   1.1280365E+02   0.0000000E+00
   1.1313739E+02   0.0000000E+00
   1.1347113E+02   0.0000000E+00
   1.1380487E+02   0.0000000E+00
   1.1413861E+02   0.0000000E+00
   1.1447234E+02   0.0000000E+00
   1.1480608E+02   0.0000000E+00
   1.1513982E+02   0.0000000E+00
   1.1547356E+02   0.0000000E+00
   1.1580730E+02   0.0000000E+00
   1.1614104E+02   0.0000000E+00
   1.1647478E+02   0.0000000E+00
   1.1680851E+02   0.0000000E+00
   1.1714225E+02   0.0000000E+00
   1.1747599E+02   0.0000000E+00
   1.1780973E+02   0.0000000E+00
   1.1814347E+02   0.0000000E+00
   1.1847721E+02   0.0000000E+00
   1.1881095E+02   0.0000000E+00
   1.1914468E+02   0.0000000E+00
   1.1947842E+02   0.0000000E+00
   1.1981216E+02   0.0000000E+00
   1.2014590E+02   0.0000000E+00
   1.2047964E+02   0.0000000E+00
   1.2081338E+02   0.0000000E+00
   1.2114712E+02   0.0000000E+00
   1.2148085E+02   0.0000000E+00
   1.2181459E+02   0.0000000E+00
   1.2214833E+02   0.0000000E+00
   1.2248207E+02   0.0000000E+00
   1.2281581E+02   0.0000000E+00
   1.2314955E+02   0.0000000E+00
   1.2348329E+02   0.0000000E+00
   1.2381702E+02   0.0000000E+00
   1.2415076E+02   0.0000000E+00
   1.2448450E+02   0.0000000E+00
   1.2481824E+02   0.0000000E+00
   1.2515198E+02   0.0000000E+00
   1.2548572E+02   0.0000000E+00
   1.2581946E+02   0.0000000E+00
   1.2615319E+02   0.0000000E+00
   1.2648693E+02   0.0000000E+00
   1.2682067E+02   0.0000000E+00
   1.2715441E+02   0.0000000E+00
   1.2748815E+02   0.0000000E+00
   1.2782189E+02   0.0000000E+00
   1.2815563E+02   0.0000000E+00
   1.2848936E+02   0.0000000E+00
   1.2882310E+02   0.0000000E+00
   1.2915684E+02   0.0000000E+00
   1.2949058E+02   0.0000000E+00
   1.2982432E+02   0.0000000E+00
   1.3015806E+02   0.0000000E+00
   1.3049180E+02   0.0000000E+00
   1.3082553E+02   0.0000000E+00
   1.3115927E+02   0.0000000E+00
   1.3149301E+02   0.0000000E+00
   1.3182675E+02   0.0000000E+00
   1.3216049E+02   0.0000000E+00
   1.3249423E+02   0.0000000E+00
   1.3282797E+02   0.0000000E+00
   1.3316171E+02   0.0000000E+00
   1.3349544E+02   0.0000000E+00
   1.3382918E+02   0.0000000E+00
   1.3416292E+02   0.0000000E+00
   1.3449666E+02   0.0000000E+00
   1.3483040E+02   0.0000000E+00
   1.3516414E+02   0.0000000E+00
   1.3549788E+02   0.0000000E+00
   1.3583161E+02   0.0000000E+00
   1.3616535E+02   0.0000000E+00
   1.3649909E+02   0.0000000E+00
   1.3683283E+02   0.0000000E+00
   1.3716657E+02   0.0000000E+00
   1.3750031E+02   0.0000000E+00
   1.3783405E+02   0.0000000E+00
   1.3816778E+02   0.0000000E+00
   1.3850152E+02   0.0000000E+00
   1.3883526E+02   0.0000000E+00
   1.3916900E+02   0.0000000E+00
   1.3950274E+02   0.0000000E+00
   1.3983648E+02   0.0000000E+00
   1.4017022E+02   0.0000000E+00
   1.4050395E+02   0.0000000E+00
   1.4083769E+02   0.0000000E+00
   1.4117143E+02   0.0000000E+00
   1.4150517E+02   0.0000000E+00
   1.4183891E+02   0.0000000E+00
   1.4217265E+02   0.0000000E+00
   1.4250639E+02   0.0000000E+00
   1.4284012E+02   0.0000000E+00
   1.4317386E+02   0.0000000E+00
   1.4350760E+02   0.0000000E+00
   1.4384134E+02   0.0000000E+00
   1.4417508E+02   0.0000000E+00
   1.4450882E+02   0.0000000E+00
   1.4484256E+02   0.0000000E+00
   1.4517629E+02   0.0000000E+00
   1.4551003E+02   0.0000000E+00
   1.4584377E+02   0.0000000E+00
   1.4617751E+02   0.0000000E+00
   1.4651125E+02   0.0000000E+00
   1.4684499E+02   0.0000000E+00
   1.4717873E+02   0.0000000E+00
   1.4751246E+02   0.0000000E+00
   1.4784620E+02   0.0000000E+00
   1.4817994E+02   0.0000000E+00
   1.4851368E+02   0.0000000E+00
   1.4884742E+02   0.0000000E+00
   1.4918116E+02   0.0000000E+00
   1.4951490E+02   0.0000000E+00
   1.4984863E+02   0.0000000E+00
   1.5018237E+02   0.0000000E+00
   1.5051611E+02   0.0000000E+00
   1.5084985E+02   1.4012985E-45
   1.5118359E+02   2.8025969E-45
   1.5151733E+02   4.2038954E-45
   1.5185107E+02   7.0064923E-45
   1.5218480E+02   2.8025969E-45
   1.5251854E+02   1.4012985E-45
   1.5285228E+02  -4.2038954E-45
   1.5318602E+02  -1.2611686E-44
   1.5351976E+02  -2.2420775E-44
   1.5385350E+02  -3.0828566E-44
   1.5418724E+02  -3.3631163E-44
   1.5452098E+02  -3.5032462E-44
   1.5485471E+02  -3.3631163E-44
   1.5518845E+02  -2.2420775E-44
   1.5552219E+02  -7.0064923E-45
   1.5585593E+02   1.2611686E-44
   1.5618967E+02   3.6433760E-44
   1.5652341E+02   6.4459729E-44
   1.5685715E+02   9.3886997E-44
   1.5719088E+02   1.1210388E-43
   1.5752462E+02   1.2471556E-43
   1.5785836E+02   1.2191297E-43
   1.5819210E+02   1.0229479E-43
   1.5852584E+02   7.0064923E-44
   1.5885958E+02   2.2420775E-44
   1.5919332E+02  -4.2038954E-44
   1.5952705E+02  -1.0509738E-43
   1.5986079E+02  -1.6395192E-43
   1.6019453E+02  -2.0879347E-43
   1.6052827E+02  -2.2841165E-43
   1.6086201E+02  -2.1860256E-43
   1.6119575E+02  -1.7235971E-43
   1.6152949E+02  -9.1084400E-44
   1.6186322E+02   1.5414283E-44
   1.6219696E+02   1.3732725E-43
   1.6253070E+02   2.6064151E-43
   1.6286444E+02   3.6153500E-43
   1.6319818E+02   4.2319214E-43
   1.6353192E+02   4.2459343E-43
   1.6386566E+02   3.5452851E-43
   1.6419939E+02   2.1159607E-43
   1.6453313E+02  -1.4012985E-45
   1.6486687E+02  -2.5643762E-43
   1.6520061E+02  -5.2828952E-43
   1.6553435E+02  -7.7631935E-43
   1.6586809E+02  -9.5568555E-43
   1.6620183E+02  -1.0201453E-42
   1.6653556E+02  -9.4587646E-43
   1.6686930E+02  -7.0765572E-43
   1.6720304E+02  -3.1529215E-43
   1.6753678E+02   2.0178698E-43
   1.6787052E+02   7.8612844E-43
   1.6820426E+02   1.3592595E-42
   1.6853800E+02   1.8300958E-42
   1.6887173E+02   2.1033490E-42
   1.6920547E+02   2.0949412E-42
   1.6953921E+02   1.7502218E-42
   1.6987295E+02   1.0649868E-42
   1.7020669E+02   6.8663625E-44
   1.7054043E+02  -1.1392557E-42
   1.7087417E+02  -2.4032269E-42
   1.7120790E+02  -3.5466864E-42
   1.7154164E+02  -4.3622421E-42
   1.7187538E+02  -4.6523109E-42
   1.7220912E+02  -4.2753616E-42
   1.7254286E+02  -3.1585267E-42
   1.7287660E+02  -1.3284309E-42
   1.7321034E+02   1.0635855E-42
   1.7354408E+02   3.7526773E-42
   1.7387781E+02   6.3843158E-42
   1.7421155E+02   8.5283025E-42
   1.7454529E+02   9.7656490E-42
   1.7487903E+02   9.7222087E-42
   1.7521277E+02   8.1555571E-42
   1.7554651E+02   5.0264576E-42
   1.7588025E+02   5.1567783E-43
   1.7621398E+02  -4.9423797E-42
   1.7654772E+02  -1.0686302E-41
   1.7688146E+02  -1.5875310E-41
   1.7721520E+02  -1.9604166E-41
   1.7754894E+02  -2.1023681E-41
   1.7788268E+02  -1.9478049E-41
   1.7821642E+02  -1.4643569E-41
   1.7855015E+02  -6.6449573E-42
   1.7888389E+02   3.8787941E-42
   1.7921763E+02   1.5787028E-41
   1.7955137E+02   2.7514495E-41
   1.7988511E+02   3.7232500E-41
   1.8021885E+02   4.3080119E-41
   1.8055259E+02   4.3450061E-41
   1.8088632E+02   3.7271737E-41
   1.8122006E+02   2.4285904E-41
   1.8155380E+02   5.2100277E-42
   1.8188754E+02  -1.8163631E-41
   1.8222128E+02  -4.3075915E-41
   1.8255502E+02  -6.6034789E-41
   1.8288876E+02  -8.3196491E-41
   1.8322249E+02  -9.0924652E-41
   1.8355623E+02  -8.6332597E-41
   1.8388997E+02  -6.7898516E-41
   1.8422371E+02  -3.5913878E-41
   1.8455745E+02   7.2349040E-42
   1.8489119E+02   5.7051064E-41
   1.8522493E+02   1.0723577E-40
   1.8555866E+02   1.5031308E-40
   1.8589240E+02   1.7855906E-40
   1.8622614E+02   1.8511013E-40
   1.8655988E+02   1.6514443E-40
   1.8689362E+02   1.1696498E-40
   1.8722736E+02   4.2809668E-41
   1.8756110E+02  -5.0822293E-41
   1.8789483E+02  -1.5337772E-40
   1.8822857E+02  -2.5115613E-40
   1.8856231E+02  -3.2876003E-40
   1.8889605E+02  -3.7114931E-40
   1.8922979E+02  -3.6590425E-40
   1.8956353E+02  -3.0555173E-40
   1.8989727E+02  -1.8948638E-40
   1.9023100E+02  -2.5276622E-41
   1.9056474E+02   1.7109714E-40
   1.9089848E+02   3.7615195E-40
   1.9123222E+02   5.6111634E-40
   1.9156596E+02   6.9528366E-40
   1.9189970E+02   7.5020195E-40
   1.9223344E+02   7.0425617E-40
   1.9256718E+02   5.4701788E-40
   1.9290091E+02   2.8264330E-40
   1.9323465E+02  -6.8276866E-41
   1.9356839E+02  -4.6897396E-40
   1.9390213E+02  -8.6919321E-40
   1.9423587E+02  -1.2103029E-39
   1.9456961E+02  -1.4324535E-39
   1.9490335E+02  -1.4831469E-39
   1.9523708E+02  -1.3261244E-39
   1.9557082E+02  -9.4934328E-40
   1.9590456E+02  -3.7077937E-40
   1.9623830E+02   3.5920885E-40
   1.9657204E+02   1.1598589E-39
   1.9690578E+02   1.9266705E-39
   1.9723952E+02   2.5426729E-39
   1.9757325E+02   2.8933058E-39
   1.9790699E+02   2.8834533E-39
   1.9824073E+02   2.4543953E-39
   1.9857447E+02   1.5983294E-39
   1.9890821E+02   3.6789269E-40
   1.9924195E+02  -1.1214704E-39
   1.9957569E+02  -2.6978260E-39
   1.9990942E+02  -4.1482064E-39
   2.0024316E+02  -5.2425406E-39
   2.0057690E+02  -5.7639526E-39
   2.0091064E+02  -5.5421368E-39
   2.0124438E+02  -4.4854723E-39
   2.0157812E+02  -2.6071704E-39
   2.0191186E+02  -4.0626445E-41
   2.0224559E+02   2.9598885E-39
   2.0257933E+02   6.0357722E-39
   2.0291307E+02   8.7582247E-39
   2.0324681E+02   1.0678060E-38
   2.0358055E+02   1.1386588E-38
   2.0391429E+02   1.0580738E-38
   2.0424803E+02   8.1238092E-39
   2.0458176E+02   4.0924908E-39
   2.0491550E+02  -1.1987590E-39
   2.0524924E+02  -7.2032248E-39
   2.0558298E+02  -1.3181412E-38
   2.0591672E+02  -1.8274501E-38
   2.0625046E+02  -2.1606910E-38
   2.0658420E+02  -2.2408263E-38
   2.0691793E+02  -2.0140636E-38
   2.0725167E+02  -1.4613829E-38
   2.0758541E+02  -6.0704782E-39
   2.0791915E+02   4.7762361E-39
   2.0825289E+02   1.6765408E-38
   2.0858663E+02   2.8378634E-38
   2.0892037E+02   3.7896116E-38
   2.0925410E+02   4.3607497E-38
   2.0958784E+02   4.4056751E-38
   2.0992158E+02   3.8292044E-38
   2.1025532E+02   2.6086071E-38
   2.1058906E+02   8.0906055E-39
   2.1092280E+02  -1.4107761E-38
   2.1125654E+02  -3.8055253E-38
   2.1159027E+02  -6.0633164E-38
   2.1192401E+02  -7.8388905E-38
   2.1225775E+02  -8.7970704E-38
   2.1259149E+02  -8.6621892E-38
   2.1292523E+02  -7.2674573E-38
   2.1325897E+02  -4.5972746E-38
   2.1359271E+02  -8.1524266E-39
   2.1392645E+02   3.7285534E-38
   2.1426018E+02   8.5155462E-38
   2.1459392E+02   1.2903786E-37
   2.1492766E+02   1.6198353E-37
   2.1526140E+02   1.7741412E-37
   2.1559514E+02   1.7012443E-37
   2.1592888E+02   1.3726159E-37
   2.1626262E+02   7.9136733E-38
   2.1659635E+02  -2.7482826E-40
   2.1693009E+02  -9.3270936E-38
   2.1726383E+02  -1.8888145E-37
   2.1759757E+02  -2.7387387E-37
   2.1793131E+02  -3.3425654E-37
   2.1826505E+02  -3.5715008E-37
   2.1859879E+02  -3.3282430E-37
   2.1893252E+02  -2.5663582E-37
   2.1926626E+02  -1.3057276E-37
   2.1960000E+02   3.5883745E-38
   2.1993374E+02   2.2582402E-37
   2.2026748E+02   4.1605116E-37
   2.2060122E+02   5.7932378E-37
   2.2093496E+02   6.8756814E-37
   2.2126869E+02   7.1576684E-37
   2.2160243E+02   6.4608321E-37
   2.2193617E+02   4.7166702E-37
   2.2226991E+02   1.9953952E-37
   2.2260365E+02  -1.4801833E-37
   2.2293739E+02  -5.3403543E-37
   2.2327113E+02  -9.0963436E-37
   2.2360486E+02  -1.2190140E-36
   2.2393860E+02  -1.4062917E-36
   2.2427234E+02  -1.4235427E-36
   2.2460608E+02  -1.2390790E-36
   2.2493982E+02  -8.4481661E-37
   2.2527356E+02  -2.6150826E-37
   2.2560730E+02   4.5928828E-37
   2.2594103E+02   1.2373479E-36
   2.2627477E+02   1.9704296E-36
   2.2660851E+02   2.5452523E-36
   2.2694225E+02   2.8519547E-36
   2.2727599E+02   2.8005444E-36
   2.2760973E+02   2.3372977E-36
   2.2794347E+02   1.4587242E-36
   2.2827720E+02   2.2065877E-37
   2.2861094E+02  -1.2596764E-36
   2.2894468E+02  -2.8101386E-36
   2.2927842E+02  -4.2191828E-36
   2.2961216E+02  -5.2597263E-36
   2.2994590E+02  -5.7193278E-36
   2.3027964E+02  -5.4333772E-36
   2.3061337E+02  -4.3169940E-36
   2.3094711E+02  -2.3907980E-36
   2.3128085E+02   2.0423048E-37
   2.3161459E+02   3.2068091E-36
   2.3194833E+02   6.2528250E-36
   2.3228207E+02   8.9106497E-36
   2.3261581E+02   1.0732163E-35
   2.3294955E+02   1.1314755E-35
   2.3328328E+02   1.0367115E-35
   2.3361702E+02   7.7699875E-36
   2.3395076E+02   3.6221261E-36
   2.3428450E+02  -1.7375735E-36
   2.3461824E+02  -7.7390232E-36
   2.3495198E+02  -1.3624825E-35
   2.3528572E+02  -1.8528540E-35
   2.3561945E+02  -2.1581723E-35
   2.3595319E+02  -2.2038965E-35
   2.3628693E+02  -1.9405816E-35
   2.3662067E+02  -1.3551556E-35
   2.3695441E+02  -4.7879390E-36
   2.3728815E+02   6.1030097E-36
   2.3762189E+02   1.7904639E-35
   2.3795562E+02   2.9069904E-35
   2.3828936E+02   3.7890373E-35
   2.3862310E+02   4.2716139E-35
   2.3895684E+02   4.2203131E-35
   2.3929058E+02   3.5556491E-35
   2.3962432E+02   2.2734247E-35
   2.3995806E+02   4.5754015E-36
   2.4029179E+02  -1.7178323E-35
   2.4062553E+02  -3.9987379E-35
   2.4095927E+02  -6.0751144E-35
   2.4129301E+02  -7.6163642E-35
   2.4162675E+02  -8.3155951E-35
   2.4196049E+02  -7.9375336E-35
   2.4229423E+02  -6.3638038E-35
   2.4262796E+02  -3.6285929E-35
   2.4296170E+02   6.1917644E-37
   2.4329544E+02   4.3318003E-35
   2.4362918E+02   8.6623573E-35
   2.4396292E+02   1.2443909E-34
   2.4429666E+02   1.5048837E-34
   2.4463040E+02   1.5918733E-34
   2.4496413E+02   1.4655344E-34
   2.4529787E+02   1.1102836E-34
   2.4563161E+02   5.4082010E-35
   2.4596535E+02  -1.9523099E-35
   2.4629909E+02  -1.0189800E-34
   2.4663283E+02  -1.8266737E-34
   2.4696657E+02  -2.5006539E-34
   2.4730030E+02  -2.9240137E-34
   2.4763404E+02  -2.9974139E-34
   2.4796778E+02  -2.6560019E-34
   2.4830152E+02  -1.8840066E-34
   2.4863526E+02  -7.2457351E-35
   2.4896900E+02   7.1729595E-35
   2.4930274E+02   2.2801959E-34
   2.4963647E+02   3.7606477E-34
   2.4997021E+02   4.9356335E-34
   2.5030395E+02   5.5913592E-34
   2.5063769E+02   5.5551002E-34
   2.5097143E+02   4.7260392E-34
   2.5130517E+02   3.1005684E-34
   2.5163891E+02   7.8758294E-35
   2.5197264E+02  -1.9898989E-34
   2.5230638E+02  -4.9091087E-34
   2.5264012E+02  -7.5782394E-34
   2.5297386E+02  -9.5815996E-34
   2.5330760E+02  -1.0534958E-33
   2.5364134E+02  -1.0144727E-33
   2.5397508E+02  -8.2631926E-34
   2.5430882E+02  -4.9313053E-34
   2.5464255E+02  -4.0117441E-35
   2.5497629E+02   4.8679981E-34
   2.5531003E+02   1.0243892E-33
   2.5564377E+02   1.4984575E-33
   2.5597751E+02   1.8326934E-33
   2.5631125E+02   1.9591208E-33
   2.5664499E+02   1.8289215E-33
   2.5697872E+02   1.4221556E-33
   2.5731246E+02   7.5484260E-34
   2.5764620E+02  -1.1798056E-34
   2.5797994E+02  -1.1042468E-33
   2.5831368E+02  -2.0823482E-33
   2.5864742E+02  -2.9138773E-33
   2.5898116E+02  -3.4605915E-33
   2.5931489E+02  -3.6038321E-33
   2.5964863E+02  -3.2640308E-33
   2.5998237E+02  -2.4175630E-33
   2.6031611E+02  -1.1082241E-33
   2.6064985E+02   5.4908085E-34
   2.6098359E+02   2.3740534E-33
   2.6131733E+02   4.1366947E-33
   2.6165106E+02   5.5821979E-33
   2.6198480E+02   6.4628922E-33
   2.6231854E+02   6.5737905E-33
   2.6265228E+02   5.7872794E-33
   2.6298602E+02   4.0820184E-33
   2.6331976E+02   1.5611832E-33
   2.6365350E+02  -1.5439927E-33
   2.6398723E+02  -4.8879553E-33
   2.6432097E+02  -8.0423841E-33
   2.6465471E+02  -1.0543689E-32
   2.6498845E+02  -1.1952140E-32
   2.6532219E+02  -1.1916030E-32
   2.6565593E+02  -1.0232739E-32
   2.6598967E+02  -6.8978163E-33
   2.6632340E+02  -2.1335869E-33
   2.6665714E+02   3.6094524E-33
   2.6699088E+02   9.6824838E-33
   2.6732462E+02   1.5299660E-32
   2.6765836E+02   1.9626768E-32
   2.6799210E+02   2.1888842E-32
   2.6832584E+02   2.1484597E-32
   2.6865957E+02   1.8092880E-32
   2.6899331E+02   1.1755445E-32
   2.6932705E+02   2.9215762E-33
   2.6966079E+02  -7.5569064E-33
   2.6999453E+02  -1.8486194E-32
   2.7032827E+02  -2.8445946E-32
   2.7066201E+02  -3.5951310E-32
   2.7099574E+02  -3.9645748E-32
   2.7132948E+02  -3.8502562E-32
   2.7166322E+02  -3.2008885E-32
   2.7199696E+02  -2.0304799E-32
   2.7233070E+02  -4.2527351E-33
   2.7266444E+02   1.4581602E-32
   2.7299818E+02   3.4045881E-32
   2.7333192E+02   5.1612595E-32
   2.7366565E+02   6.4669175E-32
   2.7399939E+02   7.0857977E-32
   2.7433313E+02   6.8426990E-32
   2.7466687E+02   5.6545016E-32
   2.7500061E+02   3.5534824E-32
   2.7533435E+02   6.9816503E-33
   2.7566809E+02  -2.6313232E-32
   2.7600182E+02  -6.0548010E-32
   2.7633556E+02  -9.1297519E-32
   2.7666930E+02  -1.1402265E-31
   2.7700304E+02  -1.2466040E-31
   2.7733678E+02  -1.2022624E-31
   2.7767052E+02  -9.9349679E-32
   2.7800426E+02  -6.2663041E-32
   2.7833799E+02  -1.2973285E-32
   2.7867173E+02   4.4833869E-32
   2.7900547E+02   1.0417789E-31
   2.7933921E+02   1.5744066E-31
   2.7967295E+02   1.9684382E-31
   2.8000669E+02   2.1545664E-31
   2.8034043E+02   2.0821755E-31
   2.8067416E+02   1.7283440E-31
   2.8100790E+02   1.1043052E-31
   2.8134164E+02   2.5818446E-32
   2.8167538E+02  -7.2679276E-32
   2.8200912E+02  -1.7389464E-31
   2.8234286E+02  -2.6493480E-31
   2.8267660E+02  -3.3266554E-31
   2.8301033E+02  -3.6540703E-31
   2.8334407E+02  -3.5464169E-31
   2.8367781E+02  -2.9651182E-31
   2.8401155E+02  -1.9288436E-31
   2.8434529E+02  -5.1790882E-32
   2.8467903E+02   1.1289040E-31
   2.8501277E+02   2.8255576E-31
   2.8534650E+02   4.3575021E-31
   2.8568024E+02   5.5063621E-31
   2.8601398E+02   6.0780073E-31
   2.8634772E+02   5.9307405E-31
   2.8668146E+02   4.9998999E-31
   2.8701520E+02   3.3152336E-31
   2.8734894E+02   1.0079429E-31
   2.8768267E+02  -1.6947374E-31
   2.8801641E+02  -4.4881286E-31
   2.8835015E+02  -7.0209428E-31
   2.8868389E+02  -8.9357319E-31
   2.8901763E+02  -9.9147419E-31
   2.8935137E+02  -9.7257807E-31
   2.8968511E+02  -8.2620956E-31
   2.9001884E+02  -5.5703950E-31
   2.9035258E+02  -1.8619478E-31
   2.9068632E+02   2.4965036E-31
   2.9102006E+02   7.0131634E-31
   2.9135380E+02   1.1121290E-30
   2.9168754E+02   1.4244667E-30
   2.9202128E+02   1.5871515E-30
   2.9235501E+02   1.5628224E-30
   2.9268875E+02   1.3343119E-30
   2.9302249E+02   9.0909263E-31
   2.9335623E+02   3.2099215E-31
   2.9368997E+02  -3.7134005E-31
   2.9402371E+02  -1.0893778E-30
   2.9435745E+02  -1.7427928E-30
   2.9469119E+02  -2.2399498E-30
   2.9502492E+02  -2.4997107E-30
   2.9535866E+02  -2.4631429E-30
   2.9569240E+02  -2.1035947E-30
   2.9602614E+02  -1.4336376E-30
   2.9635988E+02  -5.0762816E-31
   2.9669362E+02   5.8091751E-31
   2.9702736E+02   1.7073516E-30
   2.9736109E+02   2.7288607E-30
   2.9769483E+02   3.5011954E-30
   2.9802857E+02   3.8973807E-30
   2.9836231E+02   3.8261705E-30
   2.9869605E+02   3.2477916E-30
   2.9902979E+02   2.1846303E-30
   2.9936353E+02   7.2491260E-31
   2.9969726E+02  -9.8184952E-31
   3.0003100E+02  -2.7379362E-30
   3.0036474E+02  -4.3182110E-30
   3.0069848E+02  -5.4967308E-30
   3.0103222E+02  -6.0763011E-30
   3.0136596E+02  -5.9174055E-30
   3.0169970E+02  -4.9626641E-30
   3.0203343E+02  -3.2531157E-30
   3.0236717E+02  -9.3332822E-31
   3.0270091E+02   1.7565356E-30
   3.0303465E+02   4.5020433E-30
   3.0336839E+02   6.9478306E-30
   3.0370213E+02   8.7398663E-30
   3.0403587E+02   9.5720674E-30
   3.0436960E+02   9.2315645E-30
   3.0470334E+02   7.6366147E-30
   3.0503708E+02   4.8613139E-30
   3.0537082E+02   1.1425805E-30
   3.0570456E+02  -3.1334861E-30
   3.0603830E+02  -7.4662173E-30
   3.0637204E+02  -1.1293650E-29
   3.0670577E+02  -1.4059487E-29
   3.0703951E+02  -1.5286411E-29
   3.0737325E+02  -1.4646836E-29
   3.0770699E+02  -1.2021613E-29
   3.0804073E+02  -7.5376866E-30
   3.0837447E+02  -1.5776804E-30
   3.0870821E+02   5.2428778E-30
   3.0904194E+02   1.2131024E-29
   3.0937568E+02   1.8200727E-29
   3.0970942E+02   2.2578149E-29
   3.1004316E+02   2.4516258E-29
   3.1037690E+02   2.3504872E-29
   3.1071064E+02   1.9361280E-29
   3.1104438E+02   1.2287787E-29
   3.1137811E+02   2.8851988E-30
   3.1171185E+02  -7.8838499E-30
   3.1204559E+02  -1.8782156E-29
   3.1237933E+02  -2.8429455E-29
   3.1271307E+02  -3.5465705E-29
   3.1304681E+02  -3.8728026E-29
   3.1338055E+02  -3.7419844E-29
   3.1371429E+02  -3.1249459E-29
   3.1404802E+02  -2.0517254E-29
   3.1438176E+02  -6.1350077E-30
   3.1471550E+02   1.0431487E-29
   3.1504924E+02   2.7296783E-29
   3.1538298E+02   4.2357025E-29
   3.1571672E+02   5.3538361E-29
   3.1605046E+02   5.9065118E-29
   3.1638419E+02   5.7714788E-29
   3.1671793E+02   4.9025612E-29
   3.1705167E+02   3.3425694E-29
   3.1738541E+02   1.2259513E-29
   3.1771915E+02  -1.2301061E-29
   3.1805289E+02  -3.7460021E-29
   3.1838663E+02  -6.0099312E-29
   3.1872036E+02  -7.7149203E-29
   3.1905410E+02  -8.5985321E-29
   3.1938784E+02  -8.4803179E-29
   3.1972158E+02  -7.2919945E-29
   3.2005532E+02  -5.0957783E-29
   3.2038906E+02  -2.0874417E-29
   3.2072280E+02   1.4175925E-29
   3.2105653E+02   5.0147927E-29
   3.2139027E+02   8.2551719E-29
   3.2172401E+02   1.0699427E-28
   3.2205775E+02   1.1975316E-28
   3.2239149E+02   1.1831100E-28
   3.2272523E+02   1.0177720E-28
   3.2305897E+02   7.1132688E-29
   3.2339270E+02   2.9250991E-29
   3.2372644E+02  -1.9325449E-29
   3.2406018E+02  -6.8844725E-29
   3.2439392E+02  -1.1299937E-28
   3.2472766E+02  -1.4570488E-28
   3.2506140E+02  -1.6191052E-28
   3.2539514E+02  -1.5833789E-28
   3.2572887E+02  -1.3404494E-28
   3.2606261E+02  -9.0725974E-29
   3.2639635E+02  -3.2687756E-29
   3.2673009E+02   3.3520612E-29
   3.2706383E+02   9.9803483E-29
   3.2739757E+02   1.5747178E-28
   3.2773131E+02   1.9834811E-28
   3.2806504E+02   2.1588782E-28
   3.2839878E+02   2.0616815E-28
   3.2873252E+02   1.6860291E-28
   3.2906626E+02   1.0626523E-28
   3.2940000E+02   2.5745218E-29
   3.2973374E+02  -6.3474179E-29
   3.3006748E+02  -1.5007809E-28
   3.3040121E+02  -2.2230588E-28
   3.3073495E+02  -2.6950318E-28
   3.3106869E+02  -2.8364047E-28
   3.3140243E+02  -2.6059185E-28
   3.3173617E+02  -2.0098001E-28
   3.3206991E+02  -1.1044025E-28
   3.3240365E+02   7.7954422E-31
   3.3273739E+02   1.1887852E-28
   3.3307112E+02   2.2813071E-28
   3.3340486E+02   3.1290309E-28
   3.3373860E+02   3.5981682E-28
   3.3407234E+02   3.5976677E-28
   3.3440608E+02   3.0951074E-28
   3.3473982E+02   2.1257327E-28
   3.3507356E+02   7.9284662E-29
   3.3540729E+02  -7.4122808E-29
   3.3574103E+02  -2.2731250E-28
   3.3607477E+02  -3.5836238E-28
   3.3640851E+02  -4.4671492E-28
   3.3674225E+02  -4.7618801E-28
   3.3707599E+02  -4.3763099E-28
   3.3740973E+02  -3.3083025E-28
   3.3774346E+02  -1.6533109E-28
   3.3807720E+02   4.0031417E-29
   3.3841094E+02   2.5894217E-28
   3.3874468E+02   4.6062582E-28
   3.3907842E+02   6.1376787E-28
   3.3941216E+02   6.9087445E-28
   3.3974590E+02   6.7251374E-28
   3.4007963E+02   5.5083652E-28
   3.4041337E+02   3.3183320E-28
   3.4074711E+02   3.5894567E-29
   3.4108085E+02  -3.0355436E-28
   3.4141459E+02  -6.4334082E-28
   3.4174833E+02  -9.3548369E-28
   3.4208207E+02  -1.1332682E-27
   3.4241580E+02  -1.1977412E-27
   3.4274954E+02  -1.1037897E-27
   3.4308328E+02  -8.4495150E-28
   3.4341702E+02  -4.3619492E-28
   3.4375076E+02   8.5885931E-29
   3.4408450E+02   6.6572152E-28
   3.4441824E+02   1.2341644E-27
   3.4475197E+02   1.7161769E-27
   3.4508571E+02   2.0399885E-27
   3.4541945E+02   2.1466696E-27
   3.4575319E+02   1.9989015E-27
   3.4608693E+02   1.5877403E-27
   3.4642067E+02   9.3634371E-28
   3.4675441E+02   9.9916764E-29
   3.4708814E+02  -8.3840372E-28
   3.4742188E+02  -1.7755258E-27
   3.4775562E+02  -2.5995232E-27
   3.4808936E+02  -3.2027250E-27
   3.4842310E+02  -3.4952539E-27
   3.4875684E+02  -3.4173443E-27
   3.4909058E+02  -2.9488019E-27
   3.4942431E+02  -2.1142116E-27
   3.4975805E+02  -9.8297461E-28
   3.5009179E+02   3.3618436E-28
   3.5042553E+02   1.7058736E-27
   3.5075927E+02   2.9748521E-27
   3.5109301E+02   3.9953883E-27
   3.5142675E+02   4.6411353E-27
   3.5176048E+02   4.8233198E-27
   3.5209422E+02   4.5031073E-27
   3.5242796E+02   3.6984230E-27
   3.5276170E+02   2.4840698E-27
   3.5309544E+02   9.8480483E-28
   3.5342918E+02  -6.3805809E-28
   3.5376292E+02  -2.2051553E-27
   3.5409666E+02  -3.5405383E-27
   3.5443039E+02  -4.4934834E-27
   3.5476413E+02  -4.9578845E-27
   3.5509787E+02  -4.8865804E-27
   3.5543161E+02  -4.2985728E-27
   3.5576535E+02  -3.2778734E-27
   3.5609909E+02  -1.9637429E-27
   3.5643283E+02  -5.3325533E-28
   3.5676656E+02   8.2186326E-28
   3.5710030E+02   1.9212977E-27
   3.5743404E+02   2.6217222E-27
   3.5776778E+02   2.8384192E-27
   3.5810152E+02   2.5597675E-27
   3.5843526E+02   1.8521830E-27
   3.5876900E+02   8.5425200E-28
   3.5910273E+02  -2.3985994E-28
   3.5943647E+02  -1.2061826E-27
   3.5977021E+02  -1.8230321E-27
   3.6010395E+02  -1.9055043E-27
   3.6043769E+02  -1.3377827E-27
   3.6077143E+02  -9.8697073E-29
   3.6110517E+02   1.7235856E-27
   3.6143890E+02   3.9307132E-27
   3.6177264E+02   6.2286250E-27
   3.6210638E+02   8.2568939E-27
   3.6244012E+02   9.6305927E-27
   3.6277386E+02   9.9904773E-27
   3.6310760E+02   9.0558828E-27
   3.6344134E+02   6.6738087E-27
   3.6377507E+02   2.8576259E-27
   3.6410881E+02  -2.1906086E-27
   3.6444255E+02  -8.0787700E-27
   3.6477629E+02  -1.4246575E-26
   3.6511003E+02  -2.0010711E-26
   3.6544377E+02  -2.4630308E-26
   3.6577751E+02  -2.7387050E-26
   3.6611124E+02  -2.7672276E-26
   3.6644498E+02  -2.5071508E-26
   3.6677872E+02  -1.9436508E-26
   3.6711246E+02  -1.0935304E-26
   3.6744620E+02  -7.2208506E-29
   3.6777994E+02   1.2327588E-26
   3.6811368E+02   2.5170679E-26
   3.6844741E+02   3.7183406E-26
   3.6878115E+02   4.7029049E-26
   3.6911489E+02   5.3444254E-26
   3.6944863E+02   5.5381721E-26
   3.6978237E+02   5.2144538E-26
   3.7011611E+02   4.3496314E-26
   3.7044985E+02   2.9733135E-26
   3.7078358E+02   1.1705967E-26
   3.7111732E+02  -9.2141234E-27
   3.7145106E+02  -3.1229228E-26
   3.7178480E+02  -5.2262238E-26
   3.7211854E+02  -7.0147989E-26
   3.7245228E+02  -8.2851072E-26
   3.7278602E+02  -8.8690091E-26
   3.7311976E+02  -8.6543785E-26
   3.7345349E+02  -7.6015518E-26
   3.7378723E+02  -5.7534467E-26
   3.7412097E+02  -3.2376300E-26
   3.7445471E+02  -2.5942800E-27
   3.7478845E+02   2.9139382E-26
   3.7512219E+02   5.9772921E-26
   3.7545593E+02   8.6174685E-26
   3.7578966E+02   1.0546484E-25
   3.7612340E+02   1.1534474E-25
   3.7645714E+02   1.1438588E-25
   3.7679088E+02   1.0224189E-25
   3.7712462E+02   7.9753727E-26
   3.7745836E+02   4.8925418E-26
   3.7779210E+02   1.2764737E-26
   3.7812583E+02  -2.5004709E-26
   3.7845957E+02  -6.0335281E-26
   3.7879331E+02  -8.9311405E-26
   3.7912705E+02  -1.0862087E-25
   3.7946079E+02  -1.1598388E-25
   3.7979453E+02  -1.1048278E-25
   3.8012827E+02  -9.2745329E-26
   3.8046200E+02  -6.4945014E-26
   3.8079574E+02  -3.0603748E-26
   3.8112948E+02   5.7917983E-27
   3.8146322E+02   3.9328648E-26
   3.8179696E+02   6.5299360E-26
   3.8213070E+02   7.9857647E-26
   3.8246444E+02   8.0605733E-26
   3.8279817E+02   6.7036056E-26
   3.8313191E+02   4.0749806E-26
   3.8346565E+02   5.4052626E-27
   3.8379939E+02  -3.3622367E-26
   3.8413313E+02  -6.9852672E-26
   3.8446687E+02  -9.6524885E-26
   3.8480061E+02  -1.0754685E-25
   3.8513434E+02  -9.8451166E-26
   3.8546808E+02  -6.7228785E-26
   3.8580182E+02  -1.4920842E-26
   3.8613556E+02   5.4143555E-26
   3.8646930E+02   1.3252060E-25
   3.8680304E+02   2.1026797E-25
   3.8713678E+02   2.7595491E-25
   3.8747051E+02   3.1798796E-25
   3.8780425E+02   3.2610302E-25
   3.8813799E+02   2.9285722E-25
   3.8847173E+02   2.1493324E-25
   3.8880547E+02   9.4071564E-26
   3.8913921E+02  -6.2505776E-26
   3.8947295E+02  -2.4228820E-25
   3.8980668E+02  -4.2830079E-25
   3.9014042E+02  -6.0051898E-25
   3.9047416E+02  -7.3775721E-25
   3.9080790E+02  -8.1984499E-25
   3.9114164E+02  -8.2987171E-25
   3.9147538E+02  -7.5626379E-25
   3.9180912E+02  -5.9446295E-25
   3.9214285E+02  -3.4802024E-25
   3.9247659E+02  -2.8979446E-26
   3.9281033E+02   3.4250758E-25
   3.9314407E+02   7.3930580E-25
   3.9347781E+02   1.1290691E-24
   3.9381155E+02   1.4765017E-24
   3.9414529E+02   1.7459219E-24
   3.9447903E+02   1.9039399E-24
   3.9481276E+02   1.9220517E-24
   3.9514650E+02   1.7790334E-24
   3.9548024E+02   1.4629988E-24
   3.9581398E+02   9.7310193E-25
   3.9614772E+02   3.2082731E-25
   3.9648146E+02  -4.6912054E-25
   3.9681520E+02  -1.3583783E-24
   3.9714893E+02  -2.2950038E-24
   3.9748267E+02  -3.2142136E-24
   3.9781641E+02  -4.0399874E-24
   3.9815015E+02  -4.6878044E-24
   3.9848389E+02  -5.0687567E-24
   3.9881763E+02  -5.0953228E-24
   3.9915137E+02  -4.6888669E-24
   3.9948510E+02  -3.7887794E-24
   3.9981884E+02  -2.3628810E-24
   4.0015258E+02  -4.1835503E-25
   4.0048632E+02   1.9879137E-24
   4.0082006E+02   4.7410442E-24
   4.0115380E+02   7.6636046E-24
   4.0148754E+02   1.0516616E-23
   4.0182127E+02   1.3007722E-23
   4.0215501E+02   1.4807828E-23
   4.0248875E+02   1.5576612E-23
   4.0282249E+02   1.4996525E-23
   4.0315623E+02   1.2813353E-23
   4.0348997E+02   8.8804360E-24
   4.0382371E+02   3.2019243E-24
   4.0415744E+02  -4.0303345E-24
   4.0449118E+02  -1.2412468E-23
   4.0482492E+02  -2.1323005E-23
   4.0515866E+02  -2.9941399E-23
   4.0549240E+02  -3.7294289E-23
   4.0582614E+02  -4.2330544E-23
   4.0615988E+02  -4.4022828E-23
   4.0649361E+02  -4.1489474E-23
   4.0682735E+02  -3.4126546E-23
   4.0716109E+02  -2.1736441E-23
   4.0749483E+02  -4.6367710E-24
   4.0782857E+02   1.6268058E-23
   4.0816231E+02   3.9468876E-23
   4.0849605E+02   6.2900985E-23
   4.0882978E+02   8.4068541E-23
   4.0916352E+02   1.0024434E-22
   4.0949726E+02   1.0873641E-22
   4.0983100E+02   1.0720244E-22
   4.1016474E+02   9.3983853E-23
   4.1049848E+02   6.8423769E-23
   4.1083222E+02   3.1127094E-23
   4.1116595E+02  -1.5878293E-23
   4.1149969E+02  -6.9117310E-23
   4.1183343E+02  -1.2380807E-22
   4.1216717E+02  -1.7418012E-22
   4.1250091E+02  -2.1396467E-22
   4.1283465E+02  -2.3702872E-22
   4.1316839E+02  -2.3810319E-22
   4.1350213E+02  -2.1353571E-22
   4.1383586E+02  -1.6198144E-22
   4.1416960E+02  -8.4940535E-23
   4.1450334E+02   1.2948197E-23
   4.1483708E+02   1.2393357E-22
   4.1517082E+02   2.3754899E-22
   4.1550456E+02   3.4139472E-22
   4.1583830E+02   4.2227646E-22
   4.1617203E+02   4.6762306E-22
   4.1650577E+02   4.6705998E-22
   4.1683951E+02   4.1397615E-22
   4.1717325E+02   3.0689360E-22
   4.1750699E+02   1.5044350E-22
   4.1784073E+02  -4.4233646E-23
   4.1817447E+02  -2.5980746E-22
   4.1850820E+02  -4.7387523E-22
   4.1884194E+02  -6.6087298E-22
   4.1917568E+02  -7.9467702E-22
   4.1950942E+02  -8.5169159E-22
   4.1984316E+02  -8.1412364E-22
   4.2017690E+02  -6.7307364E-22
   4.2051064E+02  -4.3103092E-22
   4.2084437E+02  -1.0336489E-22
   4.2117811E+02   2.8153648E-22
   4.2151185E+02   6.8372738E-22
   4.2184559E+02   1.0548479E-21
   4.2217933E+02   1.3428426E-21
   4.2251307E+02   1.4979299E-21
   4.2284681E+02   1.4792893E-21
   4.2318054E+02   1.2617460E-21
   4.2351428E+02   8.4161205E-22
   4.2384802E+02   2.4081058E-22
   4.2418176E+02  -4.9155006E-22
   4.2451550E+02  -1.2807841E-21
   4.2484924E+02  -2.0317802E-21
   4.2518298E+02  -2.6376762E-21
   4.2551671E+02  -2.9915758E-21
   4.2585045E+02  -3.0003713E-21
   4.2618419E+02  -2.5992887E-21
   4.2651793E+02  -1.7654357E-21
   4.2685167E+02  -5.2843714E-22
   4.2718541E+02   1.0237335E-21
   4.2751915E+02   2.7453713E-21
   4.2785288E+02   4.4412094E-21
   4.2818662E+02   5.8825184E-21
   4.2852036E+02   6.8305328E-21
   4.2885410E+02   7.0655700E-21
   4.2918784E+02   6.4191275E-21
   4.2952158E+02   4.8053975E-21
   4.2985532E+02   2.2479296E-21
   4.3018905E+02  -1.1029068E-21
   4.3052279E+02  -4.9657183E-21
   4.3085653E+02  -8.9402149E-21
   4.3119027E+02  -1.2537187E-20
   4.3152401E+02  -1.5225752E-20
   4.3185775E+02  -1.6494943E-20
   4.3219149E+02  -1.5924148E-20
   4.3252522E+02  -1.3254737E-20
   4.3285896E+02  -8.4535201E-21
   4.3319270E+02  -1.7580318E-21
   4.3352644E+02   6.3058975E-21
   4.3386018E+02   1.4941777E-20
   4.3419392E+02   2.3139557E-20
   4.3452766E+02   2.9771736E-20
   4.3486140E+02   3.3722725E-20
   4.3519513E+02   3.4039914E-20
   4.3552887E+02   3.0089858E-20
   4.3586261E+02   2.1699140E-20
   4.3619635E+02   9.2577093E-21
   4.3653009E+02  -6.2363004E-21
   4.3686383E+02  -2.3207071E-20
   4.3719757E+02  -3.9616387E-20
   4.3753130E+02  -5.3162930E-20
   4.3786504E+02  -6.1553010E-20
   4.3819878E+02  -6.2817996E-20
   4.3853252E+02  -5.5642340E-20
   4.3886626E+02  -3.9658564E-20
   4.3920000E+02  -1.5661949E-20
   4.3953374E+02   1.4299119E-20
   4.3986747E+02   4.6991911E-20
   4.4020121E+02   7.8245373E-20
   4.4053495E+02   1.0337022E-19
   4.4086869E+02   1.1772468E-19
   4.4120243E+02   1.1737216E-19
   4.4153617E+02   9.9754828E-20
   4.4186991E+02   6.4292077E-20
   4.4220364E+02   1.2807380E-20
   4.4253738E+02  -5.0304905E-20
   4.4287112E+02  -1.1824012E-19
   4.4320486E+02  -1.8230385E-19
   4.4353860E+02  -2.3278083E-19
   4.4387234E+02  -2.6008937E-19
   4.4420608E+02  -2.5611047E-19
   4.4453981E+02  -2.1553534E-19
   4.4487355E+02  -1.3705205E-19
   4.4520729E+02  -2.4181423E-20
   4.4554103E+02   1.1440625E-19
   4.4587477E+02   2.6521871E-19
   4.4620851E+02   4.1096801E-19
   4.4654225E+02   5.3226529E-19
   4.4687598E+02   6.0985586E-19
   4.4720972E+02   6.2717553E-19
   4.4754346E+02   5.7293419E-19
   4.4787720E+02   4.4338577E-19
   4.4821094E+02   2.4393846E-19
   4.4854468E+02  -1.0201179E-20
   4.4887842E+02  -2.9456868E-19
   4.4921215E+02  -5.7725730E-19
   4.4954589E+02  -8.2194332E-19
   4.4987963E+02  -9.9188468E-19
   4.5021337E+02  -1.0545009E-18
   4.5054711E+02  -9.8601304E-19
   4.5088085E+02  -7.7555467E-19
   4.5121459E+02  -4.2815840E-19
   4.5154832E+02   3.3902514E-20
   4.5188206E+02   5.7178033E-19
   4.5221580E+02   1.1328782E-18
   4.5254954E+02   1.6557201E-18
   4.5288328E+02   2.0764765E-18
   4.5321702E+02   2.3365023E-18
   4.5355076E+02   2.3900383E-18
   4.5388450E+02   2.2111255E-18
   4.5421823E+02   1.7987675E-18
   4.5455197E+02   1.1795002E-18
   4.5488571E+02   4.0675366E-19
   4.5521945E+02  -4.4326122E-19
   4.5555319E+02  -1.2790431E-18
   4.5588693E+02  -2.0041221E-18
   4.5622067E+02  -2.5292962E-18
   4.5655440E+02  -2.7855559E-18
   4.5688814E+02  -2.7362634E-18
   4.5722188E+02  -2.3871502E-18
   4.5755562E+02  -1.7928197E-18
   4.5788936E+02  -1.0587740E-18
   4.5822310E+02  -3.3847290E-19
   4.5855684E+02   1.7450657E-19
   4.5889057E+02   2.5848236E-19
   4.5922431E+02  -3.2146410E-19
   4.5955805E+02  -1.7975975E-18
   4.5989179E+02  -4.3847608E-18
   4.6022553E+02  -8.2689548E-18
   4.6055927E+02  -1.3601362E-17
   4.6089301E+02  -2.0499336E-17
   4.6122674E+02  -2.9055391E-17
   4.6156048E+02  -3.9354140E-17
   4.6189422E+02  -5.1496645E-17
   4.6222796E+02  -6.5630197E-17
   4.6256170E+02  -8.1981732E-17
   4.6289544E+02  -1.0089187E-16
   4.6322918E+02  -1.2284716E-16
   4.6356291E+02  -1.4850788E-16
   4.6389665E+02  -1.7872991E-16
   4.6423039E+02  -2.1457853E-16
   4.6456413E+02  -2.5733507E-16
   4.6489787E+02  -3.0849551E-16
   4.6523161E+02  -3.6976400E-16
   4.6556535E+02  -4.4304143E-16
   4.6589908E+02  -5.3041314E-16
   4.6623282E+02  -6.3413640E-16
   4.6656656E+02  -7.5663150E-16
   4.6690030E+02  -9.0047353E-16
   4.6723404E+02  -1.0683873E-15
   4.6756778E+02  -1.2632426E-15
   4.6790152E+02  -1.4880416E-15
   4.6823525E+02  -1.7459007E-15
   4.6856899E+02  -2.0400058E-15
   4.6890273E+02  -2.3735447E-15
   4.6923647E+02  -2.7495941E-15
   4.6957021E+02  -3.1709500E-15
   4.6990395E+02  -3.6398878E-15
   4.7023769E+02  -4.1578421E-15
   4.7057142E+02  -4.7249742E-15
   4.7090516E+02  -5.3396101E-15
   4.7123890E+02  -5.9975472E-15
   4.7157264E+02  -6.6911478E-15
   4.7190638E+02  -7.4082594E-15
   4.7224012E+02  -8.1308514E-15
   4.7257386E+02  -8.8333407E-15
   4.7290760E+02  -9.4805467E-15
   4.7324133E+02  -1.0025199E-14
   4.7357507E+02  -1.0404902E-14
   4.7390881E+02  -1.0538379E-14
   4.7424255E+02  -1.0320926E-14
   4.7457629E+02  -9.6189621E-15
   4.7491003E+02  -8.2632511E-15
   4.7524377E+02  -6.0409111E-15
   4.7557750E+02  -2.6856128E-15
   4.7591124E+02   2.1339758E-15
   4.7624498E+02   8.8283703E-15
   4.7657872E+02   1.7903729E-14
   4.7691246E+02   2.9981809E-14
   4.7724620E+02   4.5823330E-14
   4.7757994E+02   6.6355701E-14
   4.7791367E+02   9.2705500E-14
   4.7824741E+02   1.2623675E-13
   4.7858115E+02   1.6859524E-13
   4.7891489E+02   2.2176178E-13
   4.7924863E+02   2.8811236E-13
   4.7958237E+02   3.7049061E-13
   4.7991611E+02   4.7229061E-13
   4.8024984E+02   5.9755412E-13
   4.8058358E+02   7.5108377E-13
   4.8091732E+02   9.3857322E-13
   4.8125106E+02   1.1667594E-12
   4.8158480E+02   1.4435974E-12
   4.8191854E+02   1.7784608E-12
   4.8225228E+02   2.1823788E-12
   4.8258601E+02   2.6682974E-12
   4.8291975E+02   3.2513898E-12
   4.8325349E+02   3.9494037E-12
   4.8358723E+02   4.7830663E-12
   4.8392097E+02   5.7765351E-12
   4.8425471E+02   6.9579195E-12
   4.8458845E+02   8.3598770E-12
   4.8492218E+02   1.0020271E-11
   4.8525592E+02   1.1982936E-11
   4.8558966E+02   1.4298535E-11
   4.8592340E+02   1.7025516E-11
   4.8625714E+02   2.0231207E-11
   4.8659088E+02   2.3993042E-11
   4.8692462E+02   2.8399921E-11
   4.8725835E+02   3.3553764E-11
   4.8759209E+02   3.9571190E-11
   4.8792583E+02   4.6585451E-11
   4.8825957E+02   5.4748588E-11
   4.8859331E+02   6.4233750E-11
   4.8892705E+02   7.5237865E-11
   4.8926079E+02   8.7984488E-11
   4.8959452E+02   1.0272701E-10
   4.8992826E+02   1.1975228E-10
   4.9026200E+02   1.3938428E-10
   4.9059574E+02   1.6198848E-10
   4.9092948E+02   1.8797637E-10
   4.9126322E+02   2.1781070E-10
   4.9159696E+02   2.5201091E-10
   4.9193069E+02   2.9115860E-10
   4.9226443E+02   3.3590497E-10
   4.9259817E+02   3.8697687E-10
   4.9293191E+02   4.4518472E-10
   4.9326565E+02   5.1143056E-10
   4.9359939E+02   5.8671645E-10
   4.9393313E+02   6.7215378E-10
   4.9426687E+02   7.6897294E-10
   4.9460060E+02   8.7853347E-10
   4.9493434E+02   1.0023358E-09
   4.9526808E+02   1.1420302E-09
   4.9560182E+02   1.2994330E-09
   4.9593556E+02   1.4765337E-09
   4.9626930E+02   1.6755127E-09
   4.9660304E+02   1.8987505E-09
   4.9693677E+02   2.1488447E-09
   4.9727051E+02   2.4286224E-09
   4.9760425E+02   2.7411520E-09
   4.9793799E+02   3.0897613E-09
   4.9827173E+02   3.4780472E-09
   4.9860547E+02   3.9098920E-09
   4.9893921E+02   4.3894772E-09
   4.9927294E+02   4.9212914E-09
   4.9960668E+02   5.5101479E-09
   4.9994042E+02   6.1611924E-09
   5.0027416E+02   6.8799095E-09
   5.0060790E+02   7.6721394E-09
   5.0094164E+02   8.5440650E-09
   5.0127538E+02   9.5022479E-09
   5.0160911E+02   1.0553586E-08
   5.0194285E+02   1.1705354E-08
   5.0227659E+02   1.2965176E-08
   5.0261033E+02   1.4341006E-08
   5.0294407E+02   1.5841154E-08
   5.0327781E+02   1.7474218E-08
   5.0361155E+02   1.9249107E-08
   5.0394528E+02   2.1174987E-08
   5.0427902E+02   2.3261256E-08
   5.0461276E+02   2.5517505E-08
   5.0494650E+02   2.7953458E-08
   5.0528024E+02   3.0578960E-08
   5.0561398E+02   3.3403879E-08
   5.0594772E+02   3.6438017E-08
   5.0628145E+02   3.9691106E-08
   5.0661519E+02   4.3172676E-08
   5.0694893E+02   4.6891962E-08
   5.0728267E+02   5.0857828E-08
   5.0761641E+02   5.5078630E-08
   5.0795015E+02   5.9562108E-08
   5.0828389E+02   6.4315309E-08
   5.0861762E+02   6.9344395E-08
   5.0895136E+02   7.4654480E-08
   5.0928510E+02   8.0249571E-08
   5.0961884E+02   8.6132324E-08
   5.0995258E+02   9.2303978E-08
   5.1028632E+02   9.8764104E-08
   5.1062006E+02   1.0551038E-07
   5.1095379E+02   1.1253874E-07
   5.1128753E+02   1.1984272E-07
   5.1162127E+02   1.2741366E-07
   5.1195501E+02   1.3524026E-07
   5.1228875E+02   1.4330877E-07
   5.1262249E+02   1.5160232E-07
   5.1295623E+02   1.6010129E-07
   5.1328997E+02   1.6878269E-07
   5.1362370E+02   1.7762029E-07
   5.1395744E+02   1.8658449E-07
   5.1429118E+02   1.9564197E-07
   5.1462492E+02   2.0475599E-07
   5.1495866E+02   2.1388573E-07
   5.1529240E+02   2.2298670E-07
   5.1562614E+02   2.3201073E-07
   5.1595987E+02   2.4090559E-07
   5.1629361E+02   2.4961525E-07
   5.1662735E+02   2.5807975E-07
   5.1696109E+02   2.6623562E-07
   5.1729483E+02   2.7401555E-07
   5.1762857E+02   2.8134889E-07
   5.1796231E+02   2.8816163E-07
   5.1829604E+02   2.9437660E-07
   5.1862978E+02   2.9991395E-07
   5.1896352E+02   3.0469113E-07
   5.1929726E+02   3.0862353E-07
   5.1963100E+02   3.1162455E-07
   5.1996474E+02   3.1360619E-07
   5.2029848E+02   3.1447982E-07
   5.2063221E+02   3.1415593E-07
   5.2096595E+02   3.1254504E-07
   5.2129969E+02   3.0955835E-07
   5.2163343E+02   3.0510876E-07
   5.2196717E+02   2.9911004E-07
   5.2230091E+02   2.9147941E-07
   5.2263465E+02   2.8213643E-07
   5.2296838E+02   2.7100509E-07
   5.2330212E+02   2.5801353E-07
   5.2363586E+02   2.4309531E-07
   5.2396960E+02   2.2618981E-07
   5.2430334E+02   2.0724308E-07
   5.2463708E+02   1.8620855E-07
   5.2497082E+02   1.6304796E-07
   5.2530455E+02   1.3773148E-07
   5.2563829E+02   1.1023875E-07
   5.2597203E+02   8.0559552E-08
   5.2630577E+02   4.8693956E-08
   5.2663951E+02   1.4653472E-08
   5.2697325E+02  -2.1538872E-08
   5.2730699E+02  -5.9848020E-08
   5.2764072E+02  -1.0022647E-07
   5.2797446E+02  -1.4261401E-07
   5.2830820E+02  -1.8693748E-07
   5.2864194E+02  -2.3311057E-07
   5.2897568E+02  -2.8103389E-07
   5.2930942E+02  -3.3059470E-07
   5.2964316E+02  -3.8166726E-07
   5.2997689E+02  -4.3411291E-07
   5.3031063E+02  -4.8778026E-07
   5.3064437E+02  -5.4250609E-07
   5.3097811E+02  -5.9811498E-07
   5.3131185E+02  -6.5442038E-07
   5.3164559E+02  -7.1122582E-07
   5.3197933E+02  -7.6832356E-07
   5.3231306E+02  -8.2549889E-07
   5.3264680E+02  -8.8252739E-07
   5.3298054E+02  -9.3917839E-07
   5.3331428E+02  -9.9521503E-07
   5.3364802E+02  -1.0503962E-06
   5.3398176E+02  -1.1044765E-06
   5.3431550E+02  -1.1572084E-06
   5.3464924E+02  -1.2083441E-06
   5.3498297E+02  -1.2576352E-06
   5.3531671E+02  -1.3048358E-06
   5.3565045E+02  -1.3497029E-06
   5.3598419E+02  -1.3919981E-06
   5.3631793E+02  -1.4314897E-06
   5.3665167E+02  -1.4679529E-06
   5.3698541E+02  -1.5011722E-06
   5.3731914E+02  -1.5309424E-06
   5.3765288E+02  -1.5570697E-06
   5.3798662E+02  -1.5793745E-06
   5.3832036E+02  -1.5976898E-06
   5.3865410E+02  -1.6118652E-06
   5.3898784E+02  -1.6217668E-06
   5.3932158E+02  -1.6272785E-06
   5.3965531E+02  -1.6283025E-06
   5.3998905E+02  -1.6247598E-06
   5.4032279E+02  -1.6165928E-06
   5.4065653E+02  -1.6037640E-06
   5.4099027E+02  -1.5862572E-06
   5.4132401E+02  -1.5640765E-06
   5.4165775E+02  -1.5372508E-06
   5.4199148E+02  -1.5058284E-06
   5.4232522E+02  -1.4698803E-06
   5.4265896E+02  -1.4294990E-06
   5.4299270E+02  -1.3847994E-06
   5.4332644E+02  -1.3359160E-06
   5.4366018E+02  -1.2830046E-06
   5.4399392E+02  -1.2262411E-06
   5.4432765E+02  -1.1658196E-06
   5.4466139E+02  -1.1019524E-06
   5.4499513E+02  -1.0348688E-06
   5.4532887E+02  -9.6481335E-07
   5.4566261E+02  -8.9204588E-07
   5.4599635E+02  -8.1683896E-07
   5.4633009E+02  -7.3947723E-07
   5.4666382E+02  -6.6025507E-07
   5.4699756E+02  -5.7947545E-07
   5.4733130E+02  -4.9744892E-07
   5.4766504E+02  -4.1449113E-07
   5.4799878E+02  -3.3092135E-07
   5.4833252E+02  -2.4706057E-07
   5.4866626E+02  -1.6323058E-07
   5.4899999E+02  -7.9751103E-08
   5.4933373E+02   3.0607481E-09
   5.4966747E+02   8.4893344E-08
   5.5000121E+02   1.6544101E-07
   5.5033495E+02   2.4440635E-07
   5.5066869E+02   3.2150172E-07
   5.5100243E+02   3.9645013E-07
   5.5133616E+02   4.6898737E-07
   5.5166990E+02   5.3886276E-07
   5.5200364E+02   6.0584091E-07
   5.5233738E+02   6.6970199E-07
   5.5267112E+02   7.3024319E-07
   5.5300486E+02   7.8728033E-07
   5.5333860E+02   8.4064709E-07
   5.5367234E+02   8.9019647E-07
   5.5400607E+02   9.3580184E-07
   5.5433981E+02   9.7735676E-07
   5.5467355E+02   1.0147744E-06
   5.5500729E+02   1.0479898E-06
   5.5534103E+02   1.0769573E-06
   5.5567477E+02   1.1016532E-06
   5.5600851E+02   1.1220727E-06
   5.5634224E+02   1.1382318E-06
   5.5667598E+02   1.1501663E-06
   5.5700972E+02   1.1579300E-06
   5.5734346E+02   1.1615956E-06
   5.5767720E+02   1.1612533E-06
   5.5801094E+02   1.1570103E-06
   5.5834468E+02   1.1489890E-06
   5.5867841E+02   1.1373266E-06
   5.5901215E+02   1.1221748E-06
   5.5934589E+02   1.1036969E-06
   5.5967963E+02   1.0820681E-06
   5.6001337E+02   1.0574739E-06
   5.6034711E+02   1.0301085E-06
   5.6068085E+02   1.0001739E-06
   5.6101458E+02   9.6787835E-07
   5.6134832E+02   9.3343522E-07
   5.6168206E+02   8.9706191E-07
   5.6201580E+02   8.5897864E-07
   5.6234954E+02   8.1940573E-07
   5.6268328E+02   7.7856475E-07
   5.6301702E+02   7.3667564E-07
   5.6335075E+02   6.9395583E-07
   5.6368449E+02   6.5061931E-07
   5.6401823E+02   6.0687609E-07
   5.6435197E+02   5.6292993E-07
   5.6468571E+02   5.1897888E-07
   5.6501945E+02   4.7521291E-07
   5.6535319E+02   4.3181419E-07
   5.6568692E+02   3.8895578E-07
   5.6602066E+02   3.4680147E-07
   5.6635440E+02   3.0550439E-07
   5.6668814E+02   2.6520718E-07
   5.6702188E+02   2.2604134E-07
   5.6735562E+02   1.8812690E-07
   5.6768936E+02   1.5157212E-07
   5.6802309E+02   1.1647332E-07
   5.6835683E+02   8.2914710E-08
   5.6869057E+02   5.0968374E-08
   5.6902431E+02   2.0694422E-08
   5.6935805E+02  -7.8590645E-09
   5.6969179E+02  -3.4655681E-08
   5.7002553E+02  -5.9670711E-08
   5.7035926E+02  -8.2890487E-08
   5.7069300E+02  -1.0431236E-07
   5.7102674E+02  -1.2394393E-07
   5.7136048E+02  -1.4180284E-07
   5.7169422E+02  -1.5791609E-07
   5.7202796E+02  -1.7231953E-07
   5.7236170E+02  -1.8505727E-07
   5.7269543E+02  -1.9618091E-07
   5.7302917E+02  -2.0574907E-07
   5.7336291E+02  -2.1382658E-07
   5.7369665E+02  -2.2048376E-07
   5.7403039E+02  -2.2579567E-07
   5.7436413E+02  -2.2984159E-07
   5.7469787E+02  -2.3270394E-07
   5.7503161E+02  -2.3446785E-07
   5.7536534E+02  -2.3522026E-07
   5.7569908E+02  -2.3504938E-07
   5.7603282E+02  -2.3404381E-07
   5.7636656E+02  -2.3229197E-07
   5.7670030E+02  -2.2988149E-07
   5.7703404E+02  -2.2689854E-07
   5.7736778E+02  -2.2342729E-07
   5.7770151E+02  -2.1954929E-07
   5.7803525E+02  -2.1534316E-07
   5.7836899E+02  -2.1088383E-07
   5.7870273E+02  -2.0624222E-07
   5.7903647E+02  -2.0148516E-07
   5.7937021E+02  -1.9667453E-07
   5.7970395E+02  -1.9186743E-07
   5.8003768E+02  -1.8711562E-07
   5.8037142E+02  -1.8246566E-07
   5.8070516E+02  -1.7795850E-07
   5.8103890E+02  -1.7362959E-07
   5.8137264E+02  -1.6950875E-07
   5.8170638E+02  -1.6562015E-07
   5.8204012E+02  -1.6198260E-07
   5.8237385E+02  -1.5860934E-07
   5.8270759E+02  -1.5550849E-07
   5.8304133E+02  -1.5268297E-07
   5.8337507E+02  -1.5013100E-07
   5.8370881E+02  -1.4784611E-07
   5.8404255E+02  -1.4581767E-07
   5.8437629E+02  -1.4403113E-07
   5.8471002E+02  -1.4246831E-07
   5.8504376E+02  -1.4110785E-07
   5.8537750E+02  -1.3992562E-07
   5.8571124E+02  -1.3889512E-07
   5.8604498E+02  -1.3798780E-07
   5.8637872E+02  -1.3717363E-07
   5.8671246E+02  -1.3642149E-07
   5.8704619E+02  -1.3569949E-07
   5.8737993E+02  -1.3497555E-07
   5.8771367E+02  -1.3421769E-07
   5.8804741E+02  -1.3339455E-07
   5.8838115E+02  -1.3247569E-07
   5.8871489E+02  -1.3143207E-07
   5.8904863E+02  -1.3023626E-07
   5.8938236E+02  -1.2886292E-07
   5.8971610E+02  -1.2728906E-07
   5.9004984E+02  -1.2549421E-07
   5.9038358E+02  -1.2346081E-07
   5.9071732E+02  -1.2117438E-07
   5.9105106E+02  -1.1862360E-07
   5.9138480E+02  -1.1580061E-07
   5.9171853E+02  -1.1270104E-07
   5.9205227E+02  -1.0932404E-07
   5.9238601E+02  -1.0567243E-07
   5.9271975E+02  -1.0175263E-07
   5.9305349E+02  -9.7574613E-08
   5.9338723E+02  -9.3151918E-08
   5.9372097E+02  -8.8501487E-08
   5.9405471E+02  -8.3643513E-08
   5.9438844E+02  -7.8601339E-08
   5.9472218E+02  -7.3401253E-08
   5.9505592E+02  -6.8072183E-08
   5.9538966E+02  -6.2645576E-08
   5.9572340E+02  -5.7155098E-08
   5.9605714E+02  -5.1636214E-08
   5.9639088E+02  -4.6126161E-08
   5.9672461E+02  -4.0663423E-08
   5.9705835E+02  -3.5287421E-08
   5.9739209E+02  -3.0038279E-08
   5.9772583E+02  -2.4956350E-08
   5.9805957E+02  -2.0082069E-08
   5.9839331E+02  -1.5455271E-08
   5.9872705E+02  -1.1115134E-08
   5.9906078E+02  -7.0997999E-09
   5.9939452E+02  -3.4458623E-09
   5.9972826E+02  -1.8823698E-10
   6.0006200E+02   2.6402915E-09
   6.0039574E+02   5.0092694E-09
   6.0072948E+02   6.8908150E-09
   6.0106322E+02   8.2601019E-09
   6.0139695E+02   9.0952881E-09
   6.0173069E+02   9.3779988E-09
   6.0206443E+02   9.0932986E-09
   6.0239817E+02   8.2299181E-09
   6.0273191E+02   6.7805956E-09
   6.0306565E+02   4.7418354E-09
   6.0339939E+02   2.1141915E-09
   6.0373312E+02  -1.0976891E-09
   6.0406686E+02  -4.8850382E-09
   6.0440060E+02  -9.2352082E-09
   6.0473434E+02  -1.4131373E-08
   6.0506808E+02  -1.9552800E-08
   6.0540182E+02  -2.5474833E-08
   6.0573556E+02  -3.1869263E-08
   6.0606929E+02  -3.8704179E-08
   6.0640303E+02  -4.5944361E-08
   6.0673677E+02  -5.3551403E-08
   6.0707051E+02  -6.1483938E-08
   6.0740425E+02  -6.9698061E-08
   6.0773799E+02  -7.8147174E-08
   6.0807173E+02  -8.6782862E-08
   6.0840546E+02  -9.5554761E-08
   6.0873920E+02  -1.0441100E-07
   6.0907294E+02  -1.1329860E-07
   6.0940668E+02  -1.2216361E-07
   6.0974042E+02  -1.3095175E-07
   6.1007416E+02  -1.3960837E-07
   6.1040790E+02  -1.4807915E-07
   6.1074163E+02  -1.5631019E-07
   6.1107537E+02  -1.6424852E-07
   6.1140911E+02  -1.7184223E-07
   6.1174285E+02  -1.7904114E-07
   6.1207659E+02  -1.8579669E-07
   6.1241033E+02  -1.9206273E-07
   6.1274407E+02  -1.9779532E-07
   6.1307781E+02  -2.0295319E-07
   6.1341154E+02  -2.0749833E-07
   6.1374528E+02  -2.1139556E-07
   6.1407902E+02  -2.1461328E-07
   6.1441276E+02  -2.1712346E-07
   6.1474650E+02  -2.1890168E-07
   6.1508024E+02  -2.1992739E-07
   6.1541398E+02  -2.2018421E-07
   6.1574771E+02  -2.1965965E-07
   6.1608145E+02  -2.1834515E-07
   6.1641519E+02  -2.1623671E-07
   6.1674893E+02  -2.1333403E-07
   6.1708267E+02  -2.0964129E-07
   6.1741641E+02  -2.0516640E-07
   6.1775015E+02  -1.9992152E-07
   6.1808388E+02  -1.9392249E-07
   6.1841762E+02  -1.8718902E-07
   6.1875136E+02  -1.7974432E-07
   6.1908510E+02  -1.7161499E-07
   6.1941884E+02  -1.6283101E-07
   6.1975258E+02  -1.5342533E-07
   6.2008632E+02  -1.4343362E-07
   6.2042005E+02  -1.3289417E-07
   6.2075379E+02  -1.2184746E-07
   6.2108753E+02  -1.1033605E-07
   6.2142127E+02  -9.8404172E-08
   6.2175501E+02  -8.6097522E-08
   6.2208875E+02  -7.3462814E-08
   6.2242249E+02  -6.0547812E-08
   6.2275622E+02  -4.7400473E-08
   6.2308996E+02  -3.4069334E-08
   6.2342370E+02  -2.0602574E-08
   6.2375744E+02  -7.0481541E-09
   6.2409118E+02   6.5466548E-09
   6.2442492E+02   2.0135484E-08
   6.2475866E+02   3.3673224E-08
   6.2509239E+02   4.7116096E-08
   6.2542613E+02   6.0422046E-08
   6.2575987E+02   7.3550957E-08
   6.2609361E+02   8.6464709E-08
   6.2642735E+02   9.9127462E-08
   6.2676109E+02   1.1150588E-07
   6.2709483E+02   1.2356907E-07
   6.2742856E+02   1.3528884E-07
   6.2776230E+02   1.4663972E-07
   6.2809604E+02   1.5759912E-07
   6.2842978E+02   1.6814712E-07
   6.2876352E+02   1.7826686E-07
   6.2909726E+02   1.8794404E-07
   6.2943100E+02   1.9716725E-07
   6.2976473E+02   2.0592768E-07
   6.3009847E+02   2.1421900E-07
   6.3043221E+02   2.2203730E-07
   6.3076595E+02   2.2938104E-07
   6.3109969E+02   2.3625044E-07
   6.3143343E+02   2.4264779E-07
   6.3176717E+02   2.4857661E-07
   6.3210090E+02   2.5404219E-07
   6.3243464E+02   2.5905041E-07
   6.3276838E+02   2.6360817E-07
   6.3310212E+02   2.6772278E-07
   6.3343586E+02   2.7140160E-07
   6.3376960E+02   2.7465200E-07
   6.3410334E+02   2.7748058E-07
   6.3443708E+02   2.7989333E-07
   6.3477081E+02   2.8189498E-07
   6.3510455E+02   2.8348902E-07
   6.3543829E+02   2.8467679E-07
   6.3577203E+02   2.8545804E-07
   6.3610577E+02   2.8582997E-07
   6.3643951E+02   2.8578702E-07
   6.3677325E+02   2.8532116E-07
   6.3710698E+02   2.8442142E-07
   6.3744072E+02   2.8307358E-07
   6.3777446E+02   2.8126010E-07
   6.3810820E+02   2.7896027E-07
   6.3844194E+02   2.7614971E-07
   6.3877568E+02   2.7280100E-07
   6.3910942E+02   2.6888310E-07
   6.3944315E+02   2.6436183E-07
   6.3977689E+02   2.5919982E-07
   6.4011063E+02   2.5335694E-07
   6.4044437E+02   2.4679014E-07
   6.4077811E+02   2.3945395E-07
   6.4111185E+02   2.3130107E-07
   6.4144559E+02   2.2228237E-07
   6.4177932E+02   2.1234709E-07
   6.4211306E+02   2.0144427E-07
   6.4244680E+02   1.8952197E-07
   6.4278054E+02   1.7652873E-07
   6.4311428E+02   1.6241363E-07
   6.4344802E+02   1.4712738E-07
   6.4378176E+02   1.3062231E-07
   6.4411549E+02   1.1285344E-07
   6.4444923E+02   9.3779001E-08
   6.4478297E+02   7.3361079E-08
   6.4511671E+02   5.1566253E-08
   6.4545045E+02   2.8366273E-08
   6.4578419E+02   3.7383252E-09
   6.4611793E+02  -2.2333296E-08
   6.4645166E+02  -4.9858254E-08
   6.4678540E+02  -7.8838184E-08
   6.4711914E+02  -1.0926685E-07
   6.4745288E+02  -1.4112936E-07
   6.4778662E+02  -1.7440212E-07
   6.4812036E+02  -2.0905227E-07
   6.4845410E+02  -2.4503728E-07
   6.4878783E+02  -2.8230482E-07
   6.4912157E+02  -3.2079274E-07
   6.4945531E+02  -3.6042854E-07
   6.4978905E+02  -4.0112985E-07
   6.5012279E+02  -4.4280432E-07
   6.5045653E+02  -4.8534940E-07
   6.5079027E+02  -5.2865329E-07
   6.5112400E+02  -5.7259450E-07
   6.5145774E+02  -6.1704282E-07
   6.5179148E+02  -6.6185913E-07
   6.5212522E+02  -7.0689714E-07
   6.5245896E+02  -7.5200205E-07
   6.5279270E+02  -7.9701312E-07
   6.5312644E+02  -8.4176389E-07
   6.5346018E+02  -8.8608203E-07
   6.5379391E+02  -9.2979172E-07
   6.5412765E+02  -9.7271345E-07
   6.5446139E+02  -1.0146656E-06
   6.5479513E+02  -1.0554656E-06
   6.5512887E+02  -1.0949303E-06
   6.5546261E+02  -1.1328776E-06
   6.5579635E+02  -1.1691277E-06
   6.5613008E+02  -1.2035033E-06
   6.5646382E+02  -1.2358320E-06
   6.5679756E+02  -1.2659466E-06
   6.5713130E+02  -1.2936862E-06
   6.5746504E+02  -1.3188976E-06
   6.5779878E+02  -1.3414357E-06
   6.5813252E+02  -1.3611661E-06
   6.5846625E+02  -1.3779645E-06
   6.5879999E+02  -1.3917171E-06
   6.5913373E+02  -1.4023235E-06
   6.5946747E+02  -1.4096962E-06
   6.5980121E+02  -1.4137605E-06
   6.6013495E+02  -1.4144572E-06
