  -7.8094826E+01   0.0000000E+00
  -7.7761087E+01   0.0000000E+00
  -7.7427349E+01   0.0000000E+00
  -7.7093610E+01   0.0000000E+00
  -7.6759871E+01   0.0000000E+00
  -7.6426133E+01   0.0000000E+00
  -7.6092394E+01   0.0000000E+00
  -7.5758656E+01   0.0000000E+00
  -7.5424917E+01   0.0000000E+00
  -7.5091178E+01   0.0000000E+00
  -7.4757440E+01   0.0000000E+00
  -7.4423701E+01   0.0000000E+00
  -7.4089963E+01   0.0000000E+00
  -7.3756224E+01   0.0000000E+00
  -7.3422485E+01   0.0000000E+00
  -7.3088747E+01   0.0000000E+00
  -7.2755008E+01   0.0000000E+00
  -7.2421270E+01   0.0000000E+00
  -7.2087531E+01   0.0000000E+00
  -7.1753792E+01   0.0000000E+00
  -7.1420054E+01   0.0000000E+00
  -7.1086315E+01   0.0000000E+00
  -7.0752577E+01   0.0000000E+00
  -7.0418838E+01   0.0000000E+00
  -7.0085099E+01   0.0000000E+00
  -6.9751361E+01   0.0000000E+00
  -6.9417622E+01   0.0000000E+00
  -6.9083884E+01   0.0000000E+00
  -6.8750145E+01   0.0000000E+00
  -6.8416406E+01   0.0000000E+00
  -6.8082668E+01   0.0000000E+00
  -6.7748929E+01   0.0000000E+00
  -6.7415191E+01   0.0000000E+00
  -6.7081452E+01   0.0000000E+00
  -6.6747714E+01   0.0000000E+00
  -6.6413975E+01   0.0000000E+00
  -6.6080236E+01   0.0000000E+00
  -6.5746498E+01   0.0000000E+00
  -6.5412759E+01   0.0000000E+00
  -6.5079021E+01   0.0000000E+00
  -6.4745282E+01   0.0000000E+00
  -6.4411543E+01   0.0000000E+00
  -6.4077805E+01   0.0000000E+00
  -6.3744066E+01   0.0000000E+00
  -6.3410328E+01   0.0000000E+00
  -6.3076589E+01   0.0000000E+00
  -6.2742850E+01   0.0000000E+00
  -6.2409112E+01   0.0000000E+00
  -6.2075373E+01   0.0000000E+00
  -6.1741635E+01   0.0000000E+00
  -6.1407896E+01   0.0000000E+00
  -6.1074157E+01   0.0000000E+00
  -6.0740419E+01   0.0000000E+00
  -6.0406680E+01   0.0000000E+00
  -6.0072942E+01   0.0000000E+00
  -5.9739203E+01   0.0000000E+00
  -5.9405464E+01   0.0000000E+00
  -5.9071726E+01   0.0000000E+00
  -5.8737987E+01   0.0000000E+00
  -5.8404249E+01   0.0000000E+00
  -5.8070510E+01   0.0000000E+00
  -5.7736771E+01   0.0000000E+00
  -5.7403033E+01   0.0000000E+00
  -5.7069294E+01   0.0000000E+00
  -5.6735556E+01   0.0000000E+00
  -5.6401817E+01   0.0000000E+00
  -5.6068078E+01   0.0000000E+00
  -5.5734340E+01   0.0000000E+00
  -5.5400601E+01   0.0000000E+00
  -5.5066863E+01   0.0000000E+00
  -5.4733124E+01   0.0000000E+00
  -5.4399385E+01   0.0000000E+00
  -5.4065647E+01   0.0000000E+00
  -5.3731908E+01   0.0000000E+00
  -5.3398170E+01   0.0000000E+00
  -5.3064431E+01   0.0000000E+00
  -5.2730693E+01   0.0000000E+00
  -5.2396954E+01   0.0000000E+00
  -5.2063215E+01   0.0000000E+00
  -5.1729477E+01   0.0000000E+00
  -5.1395738E+01   0.0000000E+00
  -5.1062000E+01   0.0000000E+00
  -5.0728261E+01   0.0000000E+00
  -5.0394522E+01   0.0000000E+00
  -5.0060784E+01   0.0000000E+00
  -4.9727045E+01   0.0000000E+00
  -4.9393307E+01   0.0000000E+00
  -4.9059568E+01   0.0000000E+00
  -4.8725829E+01   0.0000000E+00
  -4.8392091E+01   0.0000000E+00
  -4.8058352E+01   0.0000000E+00
  -4.7724614E+01   0.0000000E+00
  -4.7390875E+01   0.0000000E+00
  -4.7057136E+01   0.0000000E+00
  -4.6723398E+01   0.0000000E+00
  -4.6389659E+01   0.0000000E+00
  -4.6055921E+01   0.0000000E+00
  -4.5722182E+01   0.0000000E+00
  -4.5388443E+01   0.0000000E+00
  -4.5054705E+01   0.0000000E+00
  -4.4720966E+01   0.0000000E+00
  -4.4387228E+01   0.0000000E+00
  -4.4053489E+01   0.0000000E+00
  -4.3719750E+01   0.0000000E+00
  -4.3386012E+01   0.0000000E+00
  -4.3052273E+01   0.0000000E+00
  -4.2718535E+01   0.0000000E+00
  -4.2384796E+01   0.0000000E+00
  -4.2051057E+01   0.0000000E+00
  -4.1717319E+01   0.0000000E+00
  -4.1383580E+01   0.0000000E+00
  -4.1049842E+01   0.0000000E+00
  -4.0716103E+01   0.0000000E+00
  -4.0382364E+01   0.0000000E+00
  -4.0048626E+01   0.0000000E+00
  -3.9714887E+01   0.0000000E+00
  -3.9381149E+01   0.0000000E+00
  -3.9047410E+01   0.0000000E+00
  -3.8713672E+01   0.0000000E+00
  -3.8379933E+01   0.0000000E+00
  -3.8046194E+01   0.0000000E+00
  -3.7712456E+01   0.0000000E+00
  -3.7378717E+01   0.0000000E+00
  -3.7044979E+01   0.0000000E+00
  -3.6711240E+01   0.0000000E+00
  -3.6377501E+01   0.0000000E+00
  -3.6043763E+01   0.0000000E+00
  -3.5710024E+01   0.0000000E+00
  -3.5376286E+01   0.0000000E+00
  -3.5042547E+01   0.0000000E+00
  -3.4708808E+01   0.0000000E+00
  -3.4375070E+01   0.0000000E+00
  -3.4041331E+01   0.0000000E+00
  -3.3707593E+01   0.0000000E+00
  -3.3373854E+01   0.0000000E+00
  -3.3040115E+01   0.0000000E+00
  -3.2706377E+01   0.0000000E+00
  -3.2372638E+01   0.0000000E+00
  -3.2038900E+01   0.0000000E+00
  -3.1705161E+01   0.0000000E+00
  -3.1371422E+01   0.0000000E+00
  -3.1037684E+01   0.0000000E+00
  -3.0703945E+01   0.0000000E+00
  -3.0370207E+01   0.0000000E+00
  -3.0036468E+01   0.0000000E+00
  -2.9702729E+01   0.0000000E+00
  -2.9368991E+01   0.0000000E+00
  -2.9035252E+01   0.0000000E+00
  -2.8701514E+01   0.0000000E+00
  -2.8367775E+01   0.0000000E+00
  -2.8034036E+01   0.0000000E+00
  -2.7700298E+01   0.0000000E+00
  -2.7366559E+01   0.0000000E+00
  -2.7032821E+01   0.0000000E+00
  -2.6699082E+01   0.0000000E+00
  -2.6365343E+01   0.0000000E+00
  -2.6031605E+01   0.0000000E+00
  -2.5697866E+01   0.0000000E+00
  -2.5364128E+01   0.0000000E+00
  -2.5030389E+01   0.0000000E+00
  -2.4696651E+01   0.0000000E+00
  -2.4362912E+01   0.0000000E+00
  -2.4029173E+01   0.0000000E+00
  -2.3695435E+01   0.0000000E+00
  -2.3361696E+01   0.0000000E+00
  -2.3027958E+01   0.0000000E+00
  -2.2694219E+01   0.0000000E+00
  -2.2360480E+01   0.0000000E+00
  -2.2026742E+01   0.0000000E+00
  -2.1693003E+01   0.0000000E+00
  -2.1359265E+01   0.0000000E+00
  -2.1025526E+01   0.0000000E+00
  -2.0691787E+01   0.0000000E+00
  -2.0358049E+01   0.0000000E+00
  -2.0024310E+01   0.0000000E+00
  -1.9690572E+01   0.0000000E+00
  -1.9356833E+01   0.0000000E+00
  -1.9023094E+01   0.0000000E+00
  -1.8689356E+01   0.0000000E+00
  -1.8355617E+01   0.0000000E+00
  -1.8021879E+01   0.0000000E+00
  -1.7688140E+01   0.0000000E+00
  -1.7354401E+01   0.0000000E+00
  -1.7020663E+01   0.0000000E+00
  -1.6686924E+01   0.0000000E+00
  -1.6353186E+01   0.0000000E+00
  -1.6019447E+01   0.0000000E+00
  -1.5685708E+01   0.0000000E+00
  -1.5351970E+01   0.0000000E+00
  -1.5018231E+01   0.0000000E+00
  -1.4684493E+01   0.0000000E+00
  -1.4350754E+01   0.0000000E+00
  -1.4017015E+01   0.0000000E+00
  -1.3683277E+01   0.0000000E+00
  -1.3349538E+01   0.0000000E+00
  -1.3015800E+01   0.0000000E+00
  -1.2682061E+01   0.0000000E+00
  -1.2348322E+01   0.0000000E+00
  -1.2014584E+01   0.0000000E+00
  -1.1680845E+01   0.0000000E+00
  -1.1347107E+01   0.0000000E+00
  -1.1013368E+01   0.0000000E+00
  -1.0679630E+01   0.0000000E+00
  -1.0345891E+01   0.0000000E+00
  -1.0012152E+01   0.0000000E+00
  -9.6784137E+00   0.0000000E+00
  -9.3446751E+00   0.0000000E+00
  -9.0109365E+00   0.0000000E+00
  -8.6771979E+00   0.0000000E+00
  -8.3434593E+00   0.0000000E+00
  -8.0097207E+00   0.0000000E+00
  -7.6759821E+00   0.0000000E+00
  -7.3422436E+00   0.0000000E+00
  -7.0085050E+00   0.0000000E+00
  -6.6747664E+00   0.0000000E+00
  -6.3410278E+00   0.0000000E+00
  -6.0072892E+00   0.0000000E+00
  -5.6735506E+00   0.0000000E+00
  -5.3398120E+00   0.0000000E+00
  -5.0060734E+00   0.0000000E+00
  -4.6723348E+00   0.0000000E+00
  -4.3385962E+00   0.0000000E+00
  -4.0048576E+00   0.0000000E+00
  -3.6711190E+00   0.0000000E+00
  -3.3373804E+00   0.0000000E+00
  -3.0036418E+00   0.0000000E+00
  -2.6699032E+00   0.0000000E+00
  -2.3361646E+00   0.0000000E+00
  -2.0024260E+00   0.0000000E+00
  -1.6686874E+00   0.0000000E+00
  -1.3349488E+00   0.0000000E+00
  -1.0012102E+00   0.0000000E+00
  -6.6747165E-01   0.0000000E+00
  -3.3373305E-01   0.0000000E+00
   5.5432320E-06   0.0000000E+00
   3.3374414E-01   0.0000000E+00
   6.6748273E-01   0.0000000E+00
   1.0012213E+00   0.0000000E+00
   1.3349599E+00   0.0000000E+00
   1.6686985E+00   0.0000000E+00
   2.0024371E+00   0.0000000E+00
   2.3361757E+00   0.0000000E+00
   2.6699143E+00   0.0000000E+00
   3.0036529E+00   0.0000000E+00
   3.3373915E+00   0.0000000E+00
   3.6711301E+00   0.0000000E+00
   4.0048687E+00   0.0000000E+00
   4.3386073E+00   0.0000000E+00
   4.6723459E+00   0.0000000E+00
   5.0060845E+00   0.0000000E+00
   5.3398231E+00   0.0000000E+00
   5.6735617E+00   0.0000000E+00
   6.0073003E+00   0.0000000E+00
   6.3410389E+00   0.0000000E+00
   6.6747774E+00   0.0000000E+00
   7.0085160E+00   0.0000000E+00
   7.3422546E+00   0.0000000E+00
   7.6759932E+00   0.0000000E+00
   8.0097318E+00   0.0000000E+00
   8.3434704E+00   0.0000000E+00
   8.6772090E+00   0.0000000E+00
   9.0109476E+00   0.0000000E+00
   9.3446862E+00   0.0000000E+00
   9.6784248E+00   0.0000000E+00
   1.0012163E+01   0.0000000E+00
   1.0345902E+01   0.0000000E+00
   1.0679641E+01   0.0000000E+00
   1.1013379E+01   0.0000000E+00
   1.1347118E+01   0.0000000E+00
   1.1680856E+01   0.0000000E+00
   1.2014595E+01   0.0000000E+00
   1.2348334E+01   0.0000000E+00
   1.2682072E+01   0.0000000E+00
   1.3015811E+01   0.0000000E+00
   1.3349549E+01   0.0000000E+00
   1.3683288E+01   0.0000000E+00
   1.4017027E+01   0.0000000E+00
   1.4350765E+01   0.0000000E+00
   1.4684504E+01   0.0000000E+00
   1.5018242E+01   0.0000000E+00
   1.5351981E+01   0.0000000E+00
   1.5685720E+01   0.0000000E+00
   1.6019458E+01   0.0000000E+00
   1.6353197E+01   0.0000000E+00
   1.6686935E+01   0.0000000E+00
   1.7020674E+01   0.0000000E+00
   1.7354412E+01   0.0000000E+00
   1.7688151E+01   0.0000000E+00
   1.8021890E+01   0.0000000E+00
   1.8355628E+01   0.0000000E+00
   1.8689367E+01   0.0000000E+00
   1.9023105E+01   0.0000000E+00
   1.9356844E+01   0.0000000E+00
   1.9690583E+01   0.0000000E+00
   2.0024321E+01   0.0000000E+00
   2.0358060E+01   0.0000000E+00
   2.0691798E+01   0.0000000E+00
   2.1025537E+01   0.0000000E+00
   2.1359276E+01   0.0000000E+00
   2.1693014E+01   0.0000000E+00
   2.2026753E+01   0.0000000E+00
   2.2360491E+01   0.0000000E+00
   2.2694230E+01   0.0000000E+00
   2.3027969E+01   0.0000000E+00
   2.3361707E+01   0.0000000E+00
   2.3695446E+01   0.0000000E+00
   2.4029184E+01   0.0000000E+00
   2.4362923E+01   0.0000000E+00
   2.4696662E+01   0.0000000E+00
   2.5030400E+01   0.0000000E+00
   2.5364139E+01   0.0000000E+00
   2.5697877E+01   0.0000000E+00
   2.6031616E+01   0.0000000E+00
   2.6365355E+01   0.0000000E+00
   2.6699093E+01   0.0000000E+00
   2.7032832E+01   0.0000000E+00
   2.7366570E+01   0.0000000E+00
   2.7700309E+01   0.0000000E+00
   2.8034048E+01   0.0000000E+00
   2.8367786E+01   0.0000000E+00
   2.8701525E+01   0.0000000E+00
   2.9035263E+01   0.0000000E+00
   2.9369002E+01   0.0000000E+00
   2.9702741E+01   0.0000000E+00
   3.0036479E+01   0.0000000E+00
   3.0370218E+01   0.0000000E+00
   3.0703956E+01   0.0000000E+00
   3.1037695E+01   0.0000000E+00
   3.1371433E+01   0.0000000E+00
   3.1705172E+01   0.0000000E+00
   3.2038911E+01   0.0000000E+00
   3.2372649E+01   0.0000000E+00
   3.2706388E+01   0.0000000E+00
   3.3040126E+01   0.0000000E+00
   3.3373865E+01   0.0000000E+00
   3.3707604E+01   0.0000000E+00
   3.4041342E+01   0.0000000E+00
   3.4375081E+01   0.0000000E+00
   3.4708819E+01   0.0000000E+00
   3.5042558E+01   0.0000000E+00
   3.5376297E+01   0.0000000E+00
   3.5710035E+01   0.0000000E+00
   3.6043774E+01   0.0000000E+00
   3.6377512E+01   0.0000000E+00
   3.6711251E+01   0.0000000E+00
   3.7044990E+01   0.0000000E+00
   3.7378728E+01   0.0000000E+00
   3.7712467E+01   0.0000000E+00
   3.8046205E+01   0.0000000E+00
   3.8379944E+01   0.0000000E+00
   3.8713683E+01   0.0000000E+00
   3.9047421E+01   0.0000000E+00
   3.9381160E+01   0.0000000E+00
   3.9714898E+01   0.0000000E+00
   4.0048637E+01   0.0000000E+00
   4.0382376E+01   0.0000000E+00
   4.0716114E+01   0.0000000E+00
   4.1049853E+01   0.0000000E+00
   4.1383591E+01   0.0000000E+00
   4.1717330E+01   0.0000000E+00
   4.2051069E+01   0.0000000E+00
   4.2384807E+01   0.0000000E+00
   4.2718546E+01   0.0000000E+00
   4.3052284E+01   0.0000000E+00
   4.3386023E+01   0.0000000E+00
   4.3719762E+01   0.0000000E+00
   4.4053500E+01   0.0000000E+00
   4.4387239E+01   0.0000000E+00
   4.4720977E+01   0.0000000E+00
   4.5054716E+01   0.0000000E+00
   4.5388454E+01   0.0000000E+00
   4.5722193E+01   0.0000000E+00
   4.6055932E+01   0.0000000E+00
   4.6389670E+01   0.0000000E+00
   4.6723409E+01   0.0000000E+00
   4.7057147E+01   0.0000000E+00
   4.7390886E+01   0.0000000E+00
   4.7724625E+01   0.0000000E+00
   4.8058363E+01   0.0000000E+00
   4.8392102E+01   0.0000000E+00
   4.8725840E+01   0.0000000E+00
   4.9059579E+01   0.0000000E+00
   4.9393318E+01   0.0000000E+00
   4.9727056E+01   0.0000000E+00
   5.0060795E+01   0.0000000E+00
   5.0394533E+01   0.0000000E+00
   5.0728272E+01   0.0000000E+00
   5.1062011E+01   0.0000000E+00
   5.1395749E+01   0.0000000E+00
   5.1729488E+01   0.0000000E+00
   5.2063226E+01   0.0000000E+00
   5.2396965E+01   0.0000000E+00
   5.2730704E+01   0.0000000E+00
   5.3064442E+01   0.0000000E+00
   5.3398181E+01   0.0000000E+00
   5.3731919E+01   0.0000000E+00
   5.4065658E+01   0.0000000E+00
   5.4399397E+01   0.0000000E+00
   5.4733135E+01   0.0000000E+00
   5.5066874E+01   0.0000000E+00
   5.5400612E+01   0.0000000E+00
   5.5734351E+01   0.0000000E+00
   5.6068090E+01   0.0000000E+00
   5.6401828E+01   0.0000000E+00
   5.6735567E+01   0.0000000E+00
   5.7069305E+01   0.0000000E+00
   5.7403044E+01   0.0000000E+00
   5.7736783E+01   0.0000000E+00
   5.8070521E+01   0.0000000E+00
   5.8404260E+01   0.0000000E+00
   5.8737998E+01   0.0000000E+00
   5.9071737E+01   0.0000000E+00
   5.9405475E+01   0.0000000E+00
   5.9739214E+01   0.0000000E+00
   6.0072953E+01   0.0000000E+00
   6.0406691E+01   0.0000000E+00
   6.0740430E+01   0.0000000E+00
   6.1074168E+01   0.0000000E+00
   6.1407907E+01   0.0000000E+00
   6.1741646E+01   0.0000000E+00
   6.2075384E+01   0.0000000E+00
   6.2409123E+01   0.0000000E+00
   6.2742861E+01   0.0000000E+00
   6.3076600E+01   0.0000000E+00
   6.3410339E+01   0.0000000E+00
   6.3744077E+01   0.0000000E+00
   6.4077816E+01   0.0000000E+00
   6.4411554E+01   0.0000000E+00
   6.4745293E+01   0.0000000E+00
   6.5079032E+01   0.0000000E+00
   6.5412770E+01   0.0000000E+00
   6.5746509E+01   0.0000000E+00
   6.6080247E+01   0.0000000E+00
   6.6413986E+01   0.0000000E+00
   6.6747725E+01   0.0000000E+00
   6.7081463E+01   0.0000000E+00
   6.7415202E+01   0.0000000E+00
   6.7748940E+01   0.0000000E+00
   6.8082679E+01   0.0000000E+00
   6.8416418E+01   0.0000000E+00
   6.8750156E+01   0.0000000E+00
   6.9083895E+01   0.0000000E+00
   6.9417633E+01   0.0000000E+00
   6.9751372E+01   0.0000000E+00
   7.0085111E+01   0.0000000E+00
   7.0418849E+01   0.0000000E+00
   7.0752588E+01   0.0000000E+00
   7.1086326E+01   0.0000000E+00
   7.1420065E+01   0.0000000E+00
   7.1753804E+01   0.0000000E+00
   7.2087542E+01   0.0000000E+00
   7.2421281E+01   0.0000000E+00
   7.2755019E+01   0.0000000E+00
   7.3088758E+01   0.0000000E+00
   7.3422496E+01   0.0000000E+00
   7.3756235E+01   0.0000000E+00
   7.4089974E+01   0.0000000E+00
   7.4423712E+01   0.0000000E+00
   7.4757451E+01   0.0000000E+00
   7.5091189E+01   0.0000000E+00
   7.5424928E+01   0.0000000E+00
   7.5758667E+01   0.0000000E+00
   7.6092405E+01   0.0000000E+00
   7.6426144E+01   0.0000000E+00
   7.6759882E+01   0.0000000E+00
   7.7093621E+01   0.0000000E+00
   7.7427360E+01   0.0000000E+00
   7.7761098E+01   0.0000000E+00
   7.8094837E+01   0.0000000E+00
   7.8428575E+01   0.0000000E+00
   7.8762314E+01   0.0000000E+00
   7.9096053E+01   0.0000000E+00
   7.9429791E+01   0.0000000E+00
   7.9763530E+01   0.0000000E+00
   8.0097268E+01   0.0000000E+00
   8.0431007E+01   0.0000000E+00
   8.0764746E+01   0.0000000E+00
   8.1098484E+01   0.0000000E+00
   8.1432223E+01   0.0000000E+00
   8.1765961E+01   0.0000000E+00
   8.2099700E+01   0.0000000E+00
   8.2433439E+01   0.0000000E+00
   8.2767177E+01   0.0000000E+00
   8.3100916E+01   0.0000000E+00
   8.3434654E+01   0.0000000E+00
   8.3768393E+01   0.0000000E+00
   8.4102132E+01   0.0000000E+00
   8.4435870E+01   0.0000000E+00
   8.4769609E+01   0.0000000E+00
   8.5103347E+01   0.0000000E+00
   8.5437086E+01   0.0000000E+00
   8.5770825E+01   0.0000000E+00
   8.6104563E+01   0.0000000E+00
   8.6438302E+01   0.0000000E+00
   8.6772040E+01   0.0000000E+00
   8.7105779E+01   0.0000000E+00
   8.7439517E+01   0.0000000E+00
   8.7773256E+01   0.0000000E+00
   8.8106995E+01   0.0000000E+00
   8.8440733E+01   0.0000000E+00
   8.8774472E+01   0.0000000E+00
   8.9108210E+01   0.0000000E+00
   8.9441949E+01   0.0000000E+00
   8.9775688E+01   0.0000000E+00
   9.0109426E+01   0.0000000E+00
   9.0443165E+01   0.0000000E+00
   9.0776903E+01   0.0000000E+00
   9.1110642E+01   0.0000000E+00
   9.1444381E+01   0.0000000E+00
   9.1778119E+01   0.0000000E+00
   9.2111858E+01   0.0000000E+00
   9.2445596E+01   0.0000000E+00
   9.2779335E+01   0.0000000E+00
   9.3113074E+01   0.0000000E+00
   9.3446812E+01   0.0000000E+00
   9.3780551E+01   0.0000000E+00
   9.4114289E+01   0.0000000E+00
   9.4448028E+01   0.0000000E+00
   9.4781767E+01   0.0000000E+00
   9.5115505E+01   0.0000000E+00
   9.5449244E+01   0.0000000E+00
   9.5782982E+01   0.0000000E+00
   9.6116721E+01   0.0000000E+00
   9.6450460E+01   0.0000000E+00
   9.6784198E+01   0.0000000E+00
   9.7117937E+01   0.0000000E+00
   9.7451675E+01   0.0000000E+00
   9.7785414E+01   0.0000000E+00
   9.8119153E+01   0.0000000E+00
   9.8452891E+01   0.0000000E+00
   9.8786630E+01   0.0000000E+00
   9.9120368E+01   0.0000000E+00
   9.9454107E+01   0.0000000E+00
   9.9787846E+01   0.0000000E+00
   1.0012158E+02   0.0000000E+00
   1.0045532E+02   0.0000000E+00
   1.0078906E+02   0.0000000E+00
   1.0112280E+02   0.0000000E+00
   1.0145654E+02   0.0000000E+00
   1.0179028E+02   0.0000000E+00
   1.0212402E+02   0.0000000E+00
   1.0245775E+02   0.0000000E+00
   1.0279149E+02   0.0000000E+00
   1.0312523E+02   0.0000000E+00
   1.0345897E+02   0.0000000E+00
   1.0379271E+02   0.0000000E+00
   1.0412645E+02   0.0000000E+00
   1.0446019E+02   0.0000000E+00
   1.0479392E+02   0.0000000E+00
   1.0512766E+02   0.0000000E+00
   1.0546140E+02   0.0000000E+00
   1.0579514E+02   0.0000000E+00
   1.0612888E+02   0.0000000E+00
   1.0646262E+02   0.0000000E+00
   1.0679636E+02   0.0000000E+00
   1.0713009E+02   0.0000000E+00
   1.0746383E+02   0.0000000E+00
   1.0779757E+02   0.0000000E+00
   1.0813131E+02   0.0000000E+00
   1.0846505E+02   0.0000000E+00
   1.0879879E+02   0.0000000E+00
   1.0913253E+02   0.0000000E+00
   1.0946626E+02   0.0000000E+00
   1.0980000E+02   0.0000000E+00
   1.1013374E+02   0.0000000E+00
   1.1046748E+02   0.0000000E+00
   1.1080122E+02   0.0000000E+00
   1.1113496E+02   0.0000000E+00
   1.1146870E+02   0.0000000E+00
   1.1180243E+02   0.0000000E+00
   1.1213617E+02   0.0000000E+00
   1.1246991E+02   0.0000000E+00
   1.1280365E+02   0.0000000E+00
   1.1313739E+02   0.0000000E+00
   1.1347113E+02   0.0000000E+00
   1.1380487E+02   0.0000000E+00
   1.1413861E+02   0.0000000E+00
   1.1447234E+02   0.0000000E+00
   1.1480608E+02   0.0000000E+00
   1.1513982E+02   0.0000000E+00
   1.1547356E+02   0.0000000E+00
   1.1580730E+02   0.0000000E+00
   1.1614104E+02   0.0000000E+00
   1.1647478E+02   0.0000000E+00
   1.1680851E+02   0.0000000E+00
   1.1714225E+02   0.0000000E+00
   1.1747599E+02   0.0000000E+00
   1.1780973E+02   0.0000000E+00
   1.1814347E+02   0.0000000E+00
   1.1847721E+02   0.0000000E+00
   1.1881095E+02   0.0000000E+00
   1.1914468E+02   0.0000000E+00
   1.1947842E+02   0.0000000E+00
   1.1981216E+02   0.0000000E+00
   1.2014590E+02   0.0000000E+00
   1.2047964E+02   0.0000000E+00
   1.2081338E+02   0.0000000E+00
   1.2114712E+02   0.0000000E+00
   1.2148085E+02   0.0000000E+00
   1.2181459E+02   0.0000000E+00
   1.2214833E+02   0.0000000E+00
   1.2248207E+02   0.0000000E+00
   1.2281581E+02   0.0000000E+00
   1.2314955E+02   0.0000000E+00
   1.2348329E+02   0.0000000E+00
   1.2381702E+02   0.0000000E+00
   1.2415076E+02   0.0000000E+00
   1.2448450E+02   0.0000000E+00
   1.2481824E+02   0.0000000E+00
   1.2515198E+02   0.0000000E+00
   1.2548572E+02   0.0000000E+00
   1.2581946E+02   0.0000000E+00
   1.2615319E+02   0.0000000E+00
   1.2648693E+02   0.0000000E+00
   1.2682067E+02   0.0000000E+00
   1.2715441E+02   0.0000000E+00
   1.2748815E+02   0.0000000E+00
   1.2782189E+02   0.0000000E+00
   1.2815563E+02   0.0000000E+00
   1.2848936E+02   0.0000000E+00
   1.2882310E+02   0.0000000E+00
   1.2915684E+02   0.0000000E+00
   1.2949058E+02   0.0000000E+00
   1.2982432E+02   0.0000000E+00
   1.3015806E+02   0.0000000E+00
   1.3049180E+02   0.0000000E+00
   1.3082553E+02   0.0000000E+00
   1.3115927E+02   0.0000000E+00
   1.3149301E+02   0.0000000E+00
   1.3182675E+02   0.0000000E+00
   1.3216049E+02   0.0000000E+00
   1.3249423E+02   0.0000000E+00
   1.3282797E+02   0.0000000E+00
   1.3316171E+02   0.0000000E+00
   1.3349544E+02   0.0000000E+00
   1.3382918E+02   0.0000000E+00
   1.3416292E+02   0.0000000E+00
   1.3449666E+02   0.0000000E+00
   1.3483040E+02   0.0000000E+00
   1.3516414E+02   0.0000000E+00
   1.3549788E+02   0.0000000E+00
   1.3583161E+02   0.0000000E+00
   1.3616535E+02   0.0000000E+00
   1.3649909E+02   0.0000000E+00
   1.3683283E+02   0.0000000E+00
   1.3716657E+02   0.0000000E+00
   1.3750031E+02   0.0000000E+00
   1.3783405E+02   0.0000000E+00
   1.3816778E+02   0.0000000E+00
   1.3850152E+02   0.0000000E+00
   1.3883526E+02   0.0000000E+00
   1.3916900E+02   0.0000000E+00
   1.3950274E+02   0.0000000E+00
   1.3983648E+02   0.0000000E+00
   1.4017022E+02   0.0000000E+00
   1.4050395E+02   0.0000000E+00
   1.4083769E+02   0.0000000E+00
   1.4117143E+02   0.0000000E+00
   1.4150517E+02   0.0000000E+00
   1.4183891E+02   0.0000000E+00
   1.4217265E+02   0.0000000E+00
   1.4250639E+02   0.0000000E+00
   1.4284012E+02   0.0000000E+00
   1.4317386E+02   0.0000000E+00
   1.4350760E+02   0.0000000E+00
   1.4384134E+02   0.0000000E+00
   1.4417508E+02   0.0000000E+00
   1.4450882E+02   0.0000000E+00
   1.4484256E+02   0.0000000E+00
   1.4517629E+02   0.0000000E+00
   1.4551003E+02   0.0000000E+00
   1.4584377E+02   0.0000000E+00
   1.4617751E+02   0.0000000E+00
   1.4651125E+02   0.0000000E+00
   1.4684499E+02   0.0000000E+00
   1.4717873E+02   0.0000000E+00
   1.4751246E+02   0.0000000E+00
   1.4784620E+02   0.0000000E+00
   1.4817994E+02   0.0000000E+00
   1.4851368E+02   0.0000000E+00
   1.4884742E+02   0.0000000E+00
   1.4918116E+02   0.0000000E+00
   1.4951490E+02   0.0000000E+00
   1.4984863E+02   0.0000000E+00
   1.5018237E+02   0.0000000E+00
   1.5051611E+02   0.0000000E+00
   1.5084985E+02   0.0000000E+00
   1.5118359E+02   0.0000000E+00
   1.5151733E+02   0.0000000E+00
   1.5185107E+02   0.0000000E+00
   1.5218480E+02   1.4012985E-45
   1.5251854E+02   1.4012985E-45
   1.5285228E+02   4.2038954E-45
   1.5318602E+02   5.6051939E-45
   1.5351976E+02   5.6051939E-45
   1.5385350E+02   4.2038954E-45
   1.5418724E+02   1.4012985E-45
   1.5452098E+02  -1.4012985E-45
   1.5485471E+02  -2.8025969E-45
   1.5518845E+02  -5.6051939E-45
   1.5552219E+02  -7.0064923E-45
   1.5585593E+02  -8.4077908E-45
   1.5618967E+02  -7.0064923E-45
   1.5652341E+02  -5.6051939E-45
   1.5685715E+02  -4.2038954E-45
   1.5719088E+02  -1.4012985E-45
   1.5752462E+02   5.6051939E-45
   1.5785836E+02   1.5414283E-44
   1.5819210E+02   2.1019477E-44
   1.5852584E+02   3.0828566E-44
   1.5885958E+02   3.6433760E-44
   1.5919332E+02   3.5032462E-44
   1.5952705E+02   2.9427268E-44
   1.5986079E+02   1.4012985E-44
   1.6019453E+02  -2.8025969E-45
   1.6052827E+02  -3.0828566E-44
   1.6086201E+02  -5.7453237E-44
   1.6119575E+02  -8.6880505E-44
   1.6152949E+02  -1.0930128E-43
   1.6186322E+02  -1.2331426E-43
   1.6219696E+02  -1.2191297E-43
   1.6253070E+02  -1.0509738E-43
   1.6286444E+02  -7.2867520E-44
   1.6319818E+02  -2.1019477E-44
   1.6353192E+02   3.9236357E-44
   1.6386566E+02   1.0369609E-43
   1.6419939E+02   1.6955711E-43
   1.6453313E+02   2.2140516E-43
   1.6486687E+02   2.5223372E-43
   1.6520061E+02   2.5363502E-43
   1.6553435E+02   2.1579996E-43
   1.6586809E+02   1.4853764E-43
   1.6620183E+02   4.3440252E-44
   1.6653556E+02  -7.9874012E-44
   1.6686930E+02  -2.1159607E-43
   1.6720304E+02  -3.3350903E-43
   1.6753678E+02  -4.2038954E-43
   1.6787052E+02  -4.6102719E-43
   1.6820426E+02  -4.3300123E-43
   1.6853800E+02  -3.3350903E-43
   1.6887173E+02  -1.5974802E-43
   1.6920547E+02   6.4459729E-44
   1.6953921E+02   3.2369995E-43
   1.6987295E+02   5.8013756E-43
   1.7020669E+02   7.9173363E-43
   1.7054043E+02   9.1364660E-43
   1.7087417E+02   9.1364660E-43
   1.7120790E+02   7.7071416E-43
   1.7154164E+02   4.7083628E-43
   1.7187538E+02   3.5032462E-44
   1.7220912E+02  -4.9746095E-43
   1.7254286E+02  -1.0593816E-42
   1.7287660E+02  -1.5708556E-42
   1.7321034E+02  -1.9351932E-42
   1.7354408E+02  -2.0753230E-42
   1.7387781E+02  -1.9183776E-42
   1.7421155E+02  -1.4279231E-42
   1.7454529E+02  -6.2217652E-43
   1.7487903E+02   4.3019863E-43
   1.7521277E+02   1.6255062E-42
   1.7554651E+02   2.7927878E-42
   1.7588025E+02   3.7512760E-42
   1.7621398E+02   4.3103941E-42
   1.7654772E+02   4.3089928E-42
   1.7688146E+02   3.6349682E-42
   1.7721520E+02   2.2743074E-42
   1.7754894E+02   2.9707527E-43
   1.7788268E+02  -2.0963425E-42
   1.7821642E+02  -4.6158771E-42
   1.7855015E+02  -6.8957897E-42
   1.7888389E+02  -8.5367102E-42
   1.7921763E+02  -9.1658933E-42
   1.7955137E+02  -8.4960726E-42
   1.7988511E+02  -6.3927236E-42
   1.8021885E+02  -2.9118982E-42
   1.8055259E+02   1.6647426E-42
   1.8088632E+02   6.8369352E-42
   1.8122006E+02   1.1912438E-41
   1.8155380E+02   1.6093913E-41
   1.8188754E+02   1.8577014E-41
   1.8222128E+02   1.8663894E-41
   1.8255502E+02   1.5900534E-41
   1.8288876E+02   1.0188841E-41
   1.8322249E+02   1.8637270E-42
   1.8355623E+02  -8.2732661E-42
   1.8388997E+02  -1.9017021E-41
   1.8422371E+02  -2.8828913E-41
   1.8455745E+02  -3.6051206E-41
   1.8489119E+02  -3.9114444E-41
   1.8522493E+02  -3.6800900E-41
   1.8555866E+02  -2.8495404E-41
   1.8589240E+02  -1.4380125E-41
   1.8622614E+02   4.4477213E-42
   1.8655988E+02   2.5984277E-41
   1.8689362E+02   4.7456374E-41
   1.8722736E+02   6.5621406E-41
   1.8756110E+02   7.7145684E-41
   1.8789483E+02   7.9120114E-41
   1.8822857E+02   6.9563258E-41
   1.8856231E+02   4.7882369E-41
   1.8889605E+02   1.5201286E-41
   1.8922979E+02  -2.5507836E-41
   1.8956353E+02  -6.9547844E-41
   1.8989727E+02  -1.1090857E-40
   1.9023100E+02  -1.4293805E-40
   1.9056474E+02  -1.5923375E-40
   1.9089848E+02  -1.5462348E-40
   1.9123222E+02  -1.2618272E-40
   1.9156596E+02  -7.4022190E-41
   1.9189970E+02  -1.8160828E-42
   1.9223344E+02   8.3157255E-41
   1.9256718E+02   1.7046656E-40
   1.9290091E+02   2.4756880E-40
   1.9323465E+02   3.0128337E-40
   1.9356839E+02   3.1966000E-40
   1.9390213E+02   2.9394617E-40
   1.9423587E+02   2.2044106E-40
   1.9456961E+02   1.0185898E-40
   1.9490335E+02  -5.1968555E-41
   1.9523708E+02  -2.2435489E-40
   1.9557082E+02  -3.9307263E-40
   1.9590456E+02  -5.3268820E-40
   1.9623830E+02  -6.1778905E-40
   1.9657204E+02  -6.2669571E-40
   1.9690578E+02  -5.4527746E-40
   1.9723952E+02  -3.7028051E-40
   1.9757325E+02  -1.1160081E-40
   1.9790699E+02   2.0697459E-40
   1.9824073E+02   5.4894606E-40
   1.9857447E+02   8.6831880E-40
   1.9890821E+02   1.1147441E-39
   1.9924195E+02   1.2401435E-39
   1.9957569E+02   1.2060654E-39
   1.9990942E+02   9.9088337E-40
   2.0024316E+02   5.9568777E-40
   2.0057690E+02   4.7882369E-41
   2.0091064E+02  -5.9844833E-40
   2.0124438E+02  -1.2659975E-39
   2.0157812E+02  -1.8616026E-39
   2.0191186E+02  -2.2871055E-39
   2.0224559E+02  -2.4527095E-39
   2.0257933E+02  -2.2913080E-39
   2.0291307E+02  -1.7719209E-39
   2.0324681E+02  -9.1006348E-40
   2.0358055E+02   2.2682818E-40
   2.0391429E+02   1.5205798E-39
   2.0424803E+02   2.8109108E-39
   2.0458176E+02   3.9115481E-39
   2.0491550E+02   4.6326857E-39
   2.0524924E+02   4.8076322E-39
   2.0558298E+02   4.3205171E-39
   2.0591672E+02   3.1312449E-39
   2.0625046E+02   1.2937432E-39
   2.0658420E+02  -1.0362546E-39
   2.0691793E+02  -3.6066886E-39
   2.0725167E+02  -6.0892878E-39
   2.0758541E+02  -8.1138600E-39
   2.0791915E+02  -9.3142291E-39
   2.0825289E+02  -9.3811425E-39
   2.0858663E+02  -8.1158611E-39
   2.0892037E+02  -5.4767943E-39
   2.0925410E+02  -1.6115717E-39
   2.0958784E+02   3.1325453E-39
   2.0992158E+02   8.2249213E-39
   2.1025532E+02   1.2996536E-38
   2.1058906E+02   1.6712190E-38
   2.1092280E+02   1.8664118E-38
   2.1125654E+02   1.8277340E-38
   2.1159027E+02   1.5213754E-38
   2.1192401E+02   9.4599950E-39
   2.1225775E+02   1.3838999E-39
   2.1259149E+02  -8.2537713E-39
   2.1292523E+02  -1.8341399E-38
   2.1325897E+02  -2.7515583E-38
   2.1359271E+02  -3.4312687E-38
   2.1392645E+02  -3.7360271E-38
   2.1426018E+02  -3.5587939E-38
   2.1459392E+02  -2.8430981E-38
   2.1492766E+02  -1.5996657E-38
   2.1526140E+02   8.3689328E-40
   2.1559514E+02   2.0414539E-38
   2.1592888E+02   4.0407719E-38
   2.1626262E+02   5.8031525E-38
   2.1659635E+02   7.0363994E-38
   2.1693009E+02   7.4739476E-38
   2.1726383E+02   6.9172980E-38
   2.1759757E+02   5.2760216E-38
   2.1793131E+02   2.5992170E-38
   2.1826505E+02  -9.0755670E-39
   2.1859879E+02  -4.8847656E-38
   2.1893252E+02  -8.8438233E-38
   2.1926626E+02  -1.2214778E-37
   2.1960000E+02  -1.4413855E-37
   2.1993374E+02  -1.4924658E-37
   2.2026748E+02  -1.3383780E-37
   2.2060122E+02  -9.6592714E-38
   2.2093496E+02  -3.9095504E-38
   2.2126869E+02   3.3891359E-38
   2.2160243E+02   1.1456100E-37
   2.2193617E+02   1.9265643E-37
   2.2226991E+02   2.5651970E-37
   2.2260365E+02   2.9452451E-37
   2.2293739E+02   2.9675327E-37
   2.2327113E+02   2.5671895E-37
   2.2360486E+02   1.7289260E-37
   2.2393860E+02   4.9781789E-38
   2.2427234E+02  -1.0167301E-37
   2.2460608E+02  -2.6456089E-37
   2.2493982E+02  -4.1740381E-37
   2.2527356E+02  -5.3646198E-37
   2.2560730E+02  -5.9876752E-37
   2.2594103E+02  -5.8556945E-37
   2.2627477E+02  -4.8577085E-37
   2.2660851E+02  -2.9885239E-37
   2.2694225E+02  -3.6775590E-38
   2.2727599E+02   2.7559057E-37
   2.2760973E+02   6.0183540E-37
   2.2794347E+02   8.9727889E-37
   2.2827720E+02   1.1140061E-36
   2.2861094E+02   1.2072390E-36
   2.2894468E+02   1.1423531E-36
   2.2927842E+02   9.0163247E-37
   2.2961216E+02   4.8973780E-37
   2.2994590E+02  -6.3127677E-38
   2.3027964E+02  -7.0121155E-37
   2.3061337E+02  -1.3469081E-36
   2.3094711E+02  -1.9082571E-36
   2.3128085E+02  -2.2898087E-36
   2.3161459E+02  -2.4058543E-36
   2.3194833E+02  -2.1945003E-36
   2.3228207E+02  -1.6306938E-36
   2.3261581E+02  -7.3611872E-37
   2.3294955E+02   4.1600987E-37
   2.3328328E+02   1.7028096E-36
   2.3361702E+02   2.9611244E-36
   2.3395076E+02   4.0043555E-36
   2.3428450E+02   4.6455416E-36
   2.3461824E+02   4.7243960E-36
   2.3495198E+02   4.1350245E-36
   2.3528572E+02   2.8504271E-36
   2.3561945E+02   9.3965793E-37
   2.3595319E+02  -1.4260718E-36
   2.3628693E+02  -3.9810975E-36
   2.3662067E+02  -6.3880068E-36
   2.3695441E+02  -8.2745511E-36
   2.3728815E+02  -9.2817749E-36
   2.3762189E+02  -9.1182209E-36
   2.3795562E+02  -7.6133721E-36
   2.3828936E+02  -4.7623951E-36
   2.3862310E+02  -7.5427183E-37
   2.3895684E+02   4.0235362E-36
   2.3929058E+02   9.0084401E-36
   2.3962432E+02   1.3515324E-35
   2.3995806E+02   1.6815573E-35
   2.4029179E+02   1.8235373E-35
   2.4062553E+02   1.7262189E-35
   2.4095927E+02   1.3645311E-35
   2.4129301E+02   7.4748555E-36
   2.4162675E+02  -7.7572439E-37
   2.4196049E+02  -1.0255712E-35
   2.4229423E+02  -1.9798850E-35
   2.4262796E+02  -2.8040755E-35
   2.4296170E+02  -3.3583994E-35
   2.4329544E+02  -3.5194634E-35
   2.4362918E+02  -3.2006857E-35
   2.4396292E+02  -2.3707175E-35
   2.4429666E+02  -1.0668482E-35
   2.4463040E+02   5.9937000E-36
   2.4496413E+02   2.4463306E-35
   2.4529787E+02   4.2373736E-35
   2.4563161E+02   5.7061303E-35
   2.4596535E+02   6.5902036E-35
   2.4629909E+02   6.6696034E-35
   2.4663283E+02   5.8051857E-35
   2.4696657E+02   3.9714880E-35
   2.4730030E+02   1.2783679E-35
   2.4763404E+02  -2.0234542E-35
   2.4796778E+02  -5.5562920E-35
   2.4830152E+02  -8.8498630E-35
   2.4863526E+02  -1.1394380E-34
   2.4896900E+02  -1.2707656E-34
   2.4930274E+02  -1.2408705E-34
   2.4963647E+02  -1.0288272E-34
   2.4997021E+02  -6.3656434E-35
   2.5030395E+02  -9.2142463E-36
   2.5063769E+02   5.5021510E-35
   2.5097143E+02   1.2138442E-34
   2.5130517E+02   1.8071609E-34
   2.5163891E+02   2.2344830E-34
   2.5197264E+02   2.4091038E-34
   2.5230638E+02   2.2670942E-34
   2.5264012E+02   1.7799507E-34
   2.5297386E+02   9.6410580E-35
   2.5330760E+02  -1.1454010E-35
   2.5364134E+02  -1.3424809E-34
   2.5397508E+02  -2.5675593E-34
   2.5430882E+02  -3.6148134E-34
   2.5464255E+02  -4.3079829E-34
   2.5497629E+02  -4.4944691E-34
   2.5531003E+02  -4.0706708E-34
   2.5564377E+02  -3.0041765E-34
   2.5597751E+02  -1.3491224E-34
   2.5631125E+02   7.4847008E-35
   2.5664499E+02   3.0576477E-34
   2.5697872E+02   5.2826248E-34
   2.5731246E+02   7.0951131E-34
   2.5764620E+02   8.1760986E-34
   2.5797994E+02   8.2625360E-34
   2.5831368E+02   7.1930313E-34
   2.5864742E+02   4.9458700E-34
   2.5898116E+02   1.6628578E-34
   2.5931489E+02  -2.3465071E-34
   2.5964863E+02  -6.6240108E-34
   2.5998237E+02  -1.0605578E-33
   2.6031611E+02  -1.3685417E-33
   2.6064985E+02  -1.5295480E-33
   2.6098359E+02  -1.4991243E-33
   2.6131733E+02  -1.2532572E-33
   2.6165106E+02  -7.9475596E-34
   2.6198480E+02  -1.5677864E-34
   2.6231854E+02   5.9740717E-34
   2.6265228E+02   1.3789410E-33
   2.6298602E+02   2.0821458E-33
   2.6331976E+02   2.5969392E-33
   2.6365350E+02   2.8236568E-33
   2.6398723E+02   2.6885477E-33
   2.6432097E+02   2.1578566E-33
   2.6465471E+02   1.2483199E-33
   2.6498845E+02   3.2079574E-35
   2.6532219E+02  -1.3654581E-33
   2.6565593E+02  -2.7755293E-33
   2.6598967E+02  -4.0033936E-33
   2.6632340E+02  -4.8518162E-33
   2.6665714E+02  -5.1482278E-33
   2.6699088E+02  -4.7722808E-33
   2.6732462E+02  -3.6800188E-33
   2.6765836E+02  -1.9207996E-33
   2.6799210E+02   3.5639269E-34
   2.6832584E+02   2.9096097E-33
   2.6865957E+02   5.4244601E-33
   2.6899331E+02   7.5475590E-33
   2.6932705E+02   8.9300469E-33
   2.6966079E+02   9.2765400E-33
   2.6999453E+02   8.3934565E-33
   2.7032827E+02   6.2299349E-33
   2.7066201E+02   2.9046715E-33
   2.7099574E+02  -1.2869940E-33
   2.7132948E+02  -5.8894027E-33
   2.7166322E+02  -1.0327274E-32
   2.7199696E+02  -1.3968458E-32
   2.7233070E+02  -1.6203095E-32
   2.7266444E+02  -1.6530504E-32
   2.7299818E+02  -1.4642838E-32
   2.7333192E+02  -1.0493595E-32
   2.7366565E+02  -4.3395405E-33
   2.7399939E+02   3.2533621E-33
   2.7433313E+02   1.1445580E-32
   2.7466687E+02   1.9201884E-32
   2.7500061E+02   2.5406459E-32
   2.7533435E+02   2.9004392E-32
   2.7566809E+02   2.9153703E-32
   2.7600182E+02   2.5368573E-32
   2.7633556E+02   1.7632955E-32
   2.7666930E+02   6.4652160E-33
   2.7700304E+02  -7.0814123E-33
   2.7733678E+02  -2.1491106E-32
   2.7767052E+02  -3.4930082E-32
   2.7800426E+02  -4.5453307E-32
   2.7833799E+02  -5.1253399E-32
   2.7867173E+02  -5.0923226E-32
   2.7900547E+02  -4.3698356E-32
   2.7933921E+02  -2.9644190E-32
   2.7967295E+02  -9.7548377E-33
   2.8000669E+02   1.4060635E-32
   2.8034043E+02   3.9117172E-32
   2.8067416E+02   6.2215278E-32
   2.8100790E+02   8.0005203E-32
   2.8134164E+02   8.9417992E-32
   2.8167538E+02   8.8113305E-32
   2.8200912E+02   7.4886325E-32
   2.8234286E+02   4.9973439E-32
   2.8267660E+02   1.5203165E-32
   2.8301033E+02  -2.6047535E-32
   2.8334407E+02  -6.9109799E-32
   2.8367781E+02  -1.0848440E-31
   2.8401155E+02  -1.3847196E-31
   2.8434529E+02  -1.5390806E-31
   2.8467903E+02  -1.5091801E-31
   2.8501277E+02  -1.2759275E-31
   2.8534650E+02  -8.4485724E-32
   2.8568024E+02  -2.4842724E-32
   2.8601398E+02   4.5498720E-32
   2.8634772E+02   1.1856694E-31
   2.8668146E+02   1.8505323E-31
   2.8701520E+02   2.3538287E-31
   2.8734894E+02   2.6095116E-31
   2.8768267E+02   2.5537944E-31
   2.8801641E+02   2.1562648E-31
   2.8835015E+02   1.4279094E-31
   2.8868389E+02   4.2461113E-32
   2.8901763E+02  -7.5487861E-32
   2.8935137E+02  -1.9768775E-31
   2.8968511E+02  -3.0862623E-31
   2.9001884E+02  -3.9243787E-31
   2.9035258E+02  -4.3495191E-31
   2.9068632E+02  -4.2575521E-31
   2.9102006E+02  -3.6000069E-31
   2.9135380E+02  -2.3969066E-31
   2.9168754E+02  -7.4207383E-32
   2.9202128E+02   1.2006817E-31
   2.9235501E+02   3.2110222E-31
   2.9268875E+02   5.0345243E-31
   2.9302249E+02   6.4121675E-31
   2.9335623E+02   7.1137815E-31
   2.9368997E+02   6.9714874E-31
   2.9402371E+02   5.9087399E-31
   2.9435745E+02   3.9606326E-31
   2.9469119E+02   1.2818129E-31
   2.9502492E+02  -1.8604152E-31
   2.9535866E+02  -5.1085541E-31
   2.9569240E+02  -8.0517225E-31
   2.9602614E+02  -1.0273554E-30
   2.9635988E+02  -1.1406109E-30
   2.9669362E+02  -1.1183364E-30
   2.9702736E+02  -9.4872155E-31
   2.9736109E+02  -6.3790806E-31
   2.9769483E+02  -2.1113872E-31
   2.9802857E+02   2.8847574E-31
   2.9836231E+02   8.0367166E-31
   2.9869605E+02   1.2690097E-30
   2.9902979E+02   1.6185703E-30
   2.9936353E+02   1.7945454E-30
   2.9969726E+02   1.7556870E-30
   3.0003100E+02   1.4844847E-30
   3.0036474E+02   9.9199442E-31
   3.0069848E+02   3.1942197E-31
   3.0103222E+02  -4.6409048E-31
   3.0136596E+02  -1.2675919E-30
   3.0169970E+02  -1.9879744E-30
   3.0203343E+02  -2.5222547E-30
   3.0236717E+02  -2.7811389E-30
   3.0270091E+02  -2.7022219E-30
   3.0303465E+02  -2.2610429E-30
   3.0336839E+02  -1.4782908E-30
   3.0370213E+02  -4.2181778E-31
   3.0403587E+02   7.9736960E-31
   3.0436960E+02   2.0352468E-30
   3.0470334E+02   3.1303465E-30
   3.0503708E+02   3.9232818E-30
   3.0537082E+02   4.2780629E-30
   3.0570456E+02   4.1025558E-30
   3.0603830E+02   3.3652948E-30
   3.0637204E+02   2.1060223E-30
   3.0670577E+02   4.3790691E-31
   3.0703951E+02  -1.4597622E-30
   3.0737325E+02  -3.3584197E-30
   3.0770699E+02  -5.0054024E-30
   3.0804073E+02  -6.1549896E-30
   3.0837447E+02  -6.6018125E-30
   3.0870821E+02  -6.2124395E-30
   3.0904194E+02  -4.9507624E-30
   3.0937568E+02  -2.8931137E-30
   3.0970942E+02  -2.3005005E-31
   3.1004316E+02   2.7468738E-30
   3.1037690E+02   5.6731746E-30
   3.1071064E+02   8.1522132E-30
   3.1104438E+02   9.8045828E-30
   3.1137811E+02   1.0320476E-29
   3.1171185E+02   9.5083944E-30
   3.1204559E+02   7.3332957E-30
   3.1237933E+02   3.9380494E-30
   3.1271307E+02  -3.5652196E-31
   3.1304681E+02  -5.0752076E-30
   3.1338055E+02  -9.6350393E-30
   3.1371429E+02  -1.3411201E-29
   3.1404802E+02  -1.5815552E-29
   3.1438176E+02  -1.6378620E-29
   3.1471550E+02  -1.4824653E-29
   3.1504924E+02  -1.1128915E-29
   3.1538298E+02  -5.5478165E-30
   3.1571672E+02   1.3849847E-30
   3.1605046E+02   8.8996516E-30
   3.1638419E+02   1.6066821E-29
   3.1671793E+02   2.1903469E-29
   3.1705167E+02   2.5497046E-29
   3.1738541E+02   2.6133365E-29
   3.1771915E+02   2.3411656E-29
   3.1805289E+02   1.7330387E-29
   3.1838663E+02   8.3292317E-30
   3.1872036E+02  -2.7226721E-30
   3.1905410E+02  -1.4596376E-29
   3.1938784E+02  -2.5827346E-29
   3.1972158E+02  -3.4883533E-29
   3.2005532E+02  -4.0359547E-29
   3.2038906E+02  -4.1174026E-29
   3.2072280E+02  -3.6744444E-29
   3.2105653E+02  -2.7113997E-29
   3.2139027E+02  -1.3009055E-29
   3.2172401E+02   4.1875111E-30
   3.2205775E+02   2.2551935E-29
   3.2239149E+02   3.9817801E-29
   3.2272523E+02   5.3639003E-29
   3.2305897E+02   6.1889151E-29
   3.2339270E+02   6.2961467E-29
   3.2372644E+02   5.6029768E-29
   3.2406018E+02   4.1232156E-29
   3.2439392E+02   1.9745728E-29
   3.2472766E+02  -6.2682937E-30
   3.2506140E+02  -3.3854138E-29
   3.2539514E+02  -5.9573966E-29
   3.2572887E+02  -7.9913502E-29
   3.2606261E+02  -9.1736377E-29
   3.2639635E+02  -9.2731601E-29
   3.2673009E+02  -8.1794142E-29
   3.2706383E+02  -5.9282332E-29
   3.2739757E+02  -2.7105658E-29
   3.2773131E+02   1.1384055E-29
   3.2806504E+02   5.1702516E-29
   3.2839878E+02   8.8721448E-29
   3.2873252E+02   1.1728752E-28
   3.2906626E+02   1.3290182E-28
   3.2940000E+02   1.3237475E-28
   3.2973374E+02   1.1436732E-28
   3.3006748E+02   7.9735859E-29
   3.3040121E+02   3.1616445E-29
   3.3073495E+02  -2.4786770E-29
   3.3106869E+02  -8.2707749E-29
   3.3140243E+02  -1.3457943E-28
   3.3173617E+02  -1.7297013E-28
   3.3206991E+02  -1.9158731E-28
   3.3240365E+02  -1.8621972E-28
   3.3273739E+02  -1.5548685E-28
   3.3307112E+02  -1.0127670E-28
   3.3340486E+02  -2.8785864E-29
   3.3373860E+02   5.3880466E-29
   3.3407234E+02   1.3653472E-28
   3.3440608E+02   2.0808734E-28
   3.3473982E+02   2.5795472E-28
   3.3507356E+02   2.7752595E-28
   3.3540729E+02   2.6149692E-28
   3.3574103E+02   2.0887938E-28
   3.3607477E+02   1.2351967E-28
   3.3640851E+02   1.4014113E-29
   3.3674225E+02  -1.0702505E-28
   3.3707599E+02  -2.2431032E-28
   3.3740973E+02  -3.2170146E-28
   3.3774346E+02  -3.8430789E-28
   3.3807720E+02  -4.0061163E-28
   3.3841094E+02  -3.6432622E-28
   3.3874468E+02  -2.7571582E-28
   3.3907842E+02  -1.4214832E-28
   3.3941216E+02   2.2263293E-29
   3.3974590E+02   1.9796506E-28
   3.4007963E+02   3.6212093E-28
   3.4041337E+02   4.9141297E-28
   3.4074711E+02   5.6516130E-28
   3.4108085E+02   5.6837135E-28
   3.4141459E+02   4.9428828E-28
   3.4174833E+02   3.4606939E-28
   3.4208207E+02   1.3726445E-28
   3.4241580E+02  -1.0906821E-28
   3.4274954E+02  -3.6261563E-28
   3.4308328E+02  -5.8925863E-28
   3.4341702E+02  -7.5535386E-28
   3.4375076E+02  -8.3235206E-28
   3.4408450E+02  -8.0115821E-28
   3.4441824E+02  -6.5561958E-28
   3.4475197E+02  -4.0459508E-28
   3.4508571E+02  -7.2188862E-29
   3.4541945E+02   3.0404675E-28
   3.4575319E+02   6.7689297E-28
   3.4608693E+02   9.9490199E-28
   3.4642067E+02   1.2089204E-27
   3.4675441E+02   1.2789230E-27
   3.4708814E+02   1.1802754E-27
   3.4742188E+02   9.0853530E-28
   3.4775562E+02   4.8202189E-28
   3.4808936E+02  -5.8397085E-29
   3.4842310E+02  -6.5252779E-28
   3.4875684E+02  -1.2269279E-27
   3.4909058E+02  -1.7033030E-27
   3.4942431E+02  -2.0083218E-27
   3.4975805E+02  -2.0836944E-27
   3.5009179E+02  -1.8952104E-27
   3.5042553E+02  -1.4394719E-27
   3.5075927E+02  -7.4723068E-28
   3.5109301E+02   1.1739448E-28
   3.5142675E+02   1.0620740E-27
   3.5176048E+02   1.9755142E-27
   3.5209422E+02   2.7399369E-27
   3.5242796E+02   3.2454593E-27
   3.5276170E+02   3.4046836E-27
   3.5309544E+02   3.1656418E-27
   3.5342918E+02   2.5213033E-27
   3.5376292E+02   1.5141571E-27
   3.5409666E+02   2.3490375E-28
   3.5443039E+02  -1.1850386E-27
   3.5476413E+02  -2.5867209E-27
   3.5509787E+02  -3.8013011E-27
   3.5543161E+02  -4.6702072E-27
   3.5576535E+02  -5.0654677E-27
   3.5609909E+02  -4.9076162E-27
   3.5643283E+02  -4.1787649E-27
   3.5676656E+02  -2.9288246E-27
   3.5710030E+02  -1.2736419E-27
   3.5743404E+02   6.1525854E-28
   3.5776778E+02   2.5285561E-27
   3.5810152E+02   4.2428722E-27
   3.5843526E+02   5.5477017E-27
   3.5876900E+02   6.2723016E-27
   3.5910273E+02   6.3091007E-27
   3.5943647E+02   5.6304050E-27
   3.5977021E+02   4.2958592E-27
   3.6010395E+02   2.4491254E-27
   3.6043769E+02   3.0357009E-28
   3.6077143E+02  -1.8818593E-27
   3.6110517E+02  -3.8340273E-27
   3.6143890E+02  -5.3006106E-27
   3.6177264E+02  -6.0843493E-27
   3.6210638E+02  -6.0720084E-27
   3.6244012E+02  -5.2538745E-27
   3.6277386E+02  -3.7306053E-27
   3.6310760E+02  -1.7056914E-27
   3.6344134E+02   5.3648859E-28
   3.6377507E+02   2.6650325E-27
   3.6410881E+02   4.3456961E-27
   3.6444255E+02   5.2876773E-27
   3.6477629E+02   5.2881306E-27
   3.6511003E+02   4.2681936E-27
   3.6544377E+02   2.2950995E-27
   3.6577751E+02  -4.1372442E-28
   3.6611124E+02  -3.5066562E-27
   3.6644498E+02  -6.5335879E-27
   3.6677872E+02  -8.9983684E-27
   3.6711246E+02  -1.0422618E-26
   3.6744620E+02  -1.0413631E-26
   3.6777994E+02  -8.7279193E-27
   3.6811368E+02  -5.3218363E-27
   3.6844741E+02  -3.8155253E-28
   3.6878115E+02   5.6734114E-27
   3.6911489E+02   1.2215992E-26
   3.6944863E+02   1.8466479E-26
   3.6978237E+02   2.3572370E-26
   3.7011611E+02   2.6705878E-26
   3.7044985E+02   2.7168829E-26
   3.7078358E+02   2.4493085E-26
   3.7111732E+02   1.8523933E-26
   3.7145106E+02   9.4750461E-27
   3.7178480E+02  -2.0542123E-27
   3.7211854E+02  -1.5104700E-26
   3.7245228E+02  -2.8427496E-26
   3.7278602E+02  -4.0594073E-26
   3.7311976E+02  -5.0137633E-26
   3.7345349E+02  -5.5712624E-26
   3.7378723E+02  -5.6255637E-26
   3.7412097E+02  -5.1130411E-26
   3.7445471E+02  -4.0238941E-26
   3.7478845E+02  -2.4084022E-26
   3.7512219E+02  -3.7717304E-27
   3.7545593E+02   1.9050789E-26
   3.7578966E+02   4.2321408E-26
   3.7612340E+02   6.3744090E-26
   3.7645714E+02   8.1009963E-26
   3.7679088E+02   9.2037893E-26
   3.7712462E+02   9.5209971E-26
   3.7745836E+02   8.9576604E-26
   3.7779210E+02   7.5006725E-26
   3.7812583E+02   5.2263015E-26
   3.7845957E+02   2.2988470E-26
   3.7879331E+02  -1.0401108E-26
   3.7912705E+02  -4.4913605E-26
   3.7946079E+02  -7.7251817E-26
   3.7979453E+02  -1.0413570E-25
   3.8012827E+02  -1.2264420E-25
   3.8046200E+02  -1.3054173E-25
   3.8079574E+02  -1.2655218E-25
   3.8112948E+02  -1.1054716E-25
   3.8146322E+02  -8.3623176E-26
   3.8179696E+02  -4.8049937E-26
   3.8213070E+02  -7.0882450E-27
   3.8246444E+02   3.5310585E-26
   3.8279817E+02   7.4898953E-26
   3.8313191E+02   1.0758176E-25
   3.8346565E+02   1.2987239E-25
   3.8379939E+02   1.3930448E-25
   3.8413313E+02   1.3474994E-25
   3.8446687E+02   1.1659909E-25
   3.8480061E+02   8.6776536E-26
   3.8513434E+02   4.8577672E-26
   3.8546808E+02   6.3373018E-27
   3.8580182E+02  -3.5042107E-26
   3.8613556E+02  -7.0653088E-26
   3.8646930E+02  -9.6174039E-26
   3.8680304E+02  -1.0841996E-25
   3.8713678E+02  -1.0578158E-25
   3.8747051E+02  -8.8494090E-26
   3.8780425E+02  -5.8691806E-26
   3.8813799E+02  -2.0231065E-26
   3.8847173E+02   2.1711732E-26
   3.8880547E+02   6.1227772E-26
   3.8913921E+02   9.2386681E-26
   3.8947295E+02   1.0999159E-25
   3.8980668E+02   1.1028441E-25
   3.9014042E+02   9.1512851E-26
   3.9047416E+02   5.4284157E-26
   3.9080790E+02   1.6500751E-27
   3.9114164E+02  -6.1099114E-26
   3.9147538E+02  -1.2691857E-25
   3.9180912E+02  -1.8772440E-25
   3.9214285E+02  -2.3526598E-25
   3.9247659E+02  -2.6205905E-25
   3.9281033E+02  -2.6227234E-25
   3.9314407E+02  -2.3247120E-25
   3.9347781E+02  -1.7212946E-25
   3.9381155E+02  -8.3860050E-26
   3.9414529E+02   2.6670099E-26
   3.9447903E+02   1.5111917E-25
   3.9481276E+02   2.7911119E-25
   3.9514650E+02   3.9906499E-25
   3.9548024E+02   4.9913527E-25
   3.9581398E+02   5.6818091E-25
   3.9614772E+02   5.9668093E-25
   3.9648146E+02   5.7754233E-25
   3.9681520E+02   5.0675586E-25
   3.9714893E+02   3.8387512E-25
   3.9748267E+02   2.1231395E-25
   3.9781641E+02  -5.4002459E-28
   3.9815015E+02  -2.4339721E-25
   3.9848389E+02  -5.0132377E-25
   3.9881763E+02  -7.5621498E-25
   3.9915137E+02  -9.8750811E-25
   3.9948510E+02  -1.1731679E-24
   3.9981884E+02  -1.2909813E-24
   4.0015258E+02  -1.3201636E-24
   4.0048632E+02  -1.2432560E-24
   4.0082006E+02  -1.0482275E-24
   4.0115380E+02  -7.3066890E-25
   4.0148754E+02  -2.9584138E-25
   4.0182127E+02   2.3961650E-25
   4.0215501E+02   8.4667179E-25
   4.0248875E+02   1.4838075E-24
   4.0282249E+02   2.0981704E-24
   4.0315623E+02   2.6281485E-24
   4.0348997E+02   3.0074551E-24
   4.0382371E+02   3.1706915E-24
   4.0415744E+02   3.0601242E-24
   4.0449118E+02   2.6332788E-24
   4.0482492E+02   1.8707008E-24
   4.0515866E+02   7.8308487E-25
   4.0549240E+02  -5.8316385E-25
   4.0582614E+02  -2.1429201E-24
   4.0615988E+02  -3.7728685E-24
   4.0649361E+02  -5.3163399E-24
   4.0682735E+02  -6.5930005E-24
   4.0716109E+02  -7.4134434E-24
   4.0749483E+02  -7.5982230E-24
   4.0782857E+02  -7.0002034E-24
   4.0816231E+02  -5.5283782E-24
   4.0849605E+02  -3.1707412E-24
   4.0882978E+02  -1.3189754E-26
   4.0916352E+02   3.7488137E-24
   4.0949726E+02   7.8088576E-24
   4.0983100E+02   1.1761344E-23
   4.1016474E+02   1.5127784E-23
   4.1049848E+02   1.7398043E-23
   4.1083222E+02   1.8084714E-23
   4.1116595E+02   1.6786818E-23
   4.1149969E+02   1.3257002E-23
   4.1183343E+02   7.4646010E-24
   4.1216717E+02  -3.5453618E-25
   4.1250091E+02  -9.6705180E-24
   4.1283465E+02  -1.9662587E-23
   4.1316839E+02  -2.9259198E-23
   4.1350213E+02  -3.7217700E-23
   4.1383586E+02  -4.2241955E-23
   4.1416960E+02  -4.3130781E-23
   4.1450334E+02  -3.8944905E-23
   4.1483708E+02  -2.9175251E-23
   4.1517082E+02  -1.3891475E-23
   4.1550456E+02   6.1511871E-24
   4.1583830E+02   2.9468631E-23
   4.1617203E+02   5.3885454E-23
   4.1650577E+02   7.6664399E-23
   4.1683951E+02   9.4729295E-23
   4.1717325E+02   1.0497152E-22
   4.1750699E+02   1.0461863E-22
   4.1784073E+02   9.1631988E-23
   4.1817447E+02   6.5090945E-23
   4.1850820E+02   2.5514627E-23
   4.1884194E+02  -2.4927910E-23
   4.1917568E+02  -8.2365169E-23
   4.1950942E+02  -1.4136268E-22
   4.1984316E+02  -1.9527332E-22
   4.2017690E+02  -2.3679590E-22
   4.2051064E+02  -2.5871300E-22
   4.2084437E+02  -2.5475552E-22
   4.2117811E+02  -2.2051510E-22
   4.2151185E+02  -1.5430604E-22
   4.2184559E+02  -5.7866671E-23
   4.2217933E+02   6.3211475E-23
   4.2251307E+02   1.9942791E-22
   4.2284681E+02   3.3776739E-22
   4.2318054E+02   4.6258066E-22
   4.2351428E+02   5.5694060E-22
   4.2384802E+02   6.0440170E-22
   4.2418176E+02   5.9103357E-22
   4.2451550E+02   5.0753463E-22
   4.2484924E+02   3.5119234E-22
   4.2518298E+02   1.2742484E-22
   4.2551671E+02  -1.4936403E-22
   4.2585045E+02  -4.5585043E-22
   4.2618419E+02  -7.6094977E-22
   4.2651793E+02  -1.0281420E-21
   4.2685167E+02  -1.2189060E-21
   4.2718541E+02  -1.2970616E-21
   4.2751915E+02  -1.2336601E-21
   4.2785288E+02  -1.0119244E-21
   4.2818662E+02  -6.3163439E-22
   4.2852036E+02  -1.1229138E-22
   4.2885410E+02   5.0558285E-22
   4.2918784E+02   1.1615551E-21
   4.2952158E+02   1.7791508E-21
   4.2985532E+02   2.2725519E-21
   4.3018905E+02   2.5558461E-21
   4.3052279E+02   2.5541467E-21
   4.3085653E+02   2.2155352E-21
   4.3119027E+02   1.5224199E-21
   4.3152401E+02   5.0070367E-22
   4.3185775E+02  -7.7492419E-22
   4.3219149E+02  -2.1810869E-21
   4.3252522E+02  -3.5523393E-21
   4.3285896E+02  -4.6947969E-21
   4.3319270E+02  -5.4064250E-21
   4.3352644E+02  -5.5026550E-21
   4.3386018E+02  -4.8449721E-21
   4.3419392E+02  -3.3691993E-21
   4.3452766E+02  -1.1095661E-21
   4.3486140E+02   1.7856572E-21
   4.3519513E+02   5.0508593E-21
   4.3552887E+02   8.3151685E-21
   4.3586261E+02   1.1131445E-20
   4.3619635E+02   1.3021669E-20
   4.3653009E+02   1.3535798E-20
   4.3686383E+02   1.2318687E-20
   4.3719757E+02   9.1773968E-21
   4.3753130E+02   4.1395906E-21
   4.3786504E+02  -2.5068815E-21
   4.3819878E+02  -1.0202439E-20
   4.3853252E+02  -1.8139383E-20
   4.3886626E+02  -2.5324165E-20
   4.3920000E+02  -3.0677088E-20
   4.3953374E+02  -3.3162527E-20
   4.3986747E+02  -3.1937350E-20
   4.4020121E+02  -2.6500065E-20
   4.4053495E+02  -1.6820080E-20
   4.4086869E+02  -3.4253485E-21
   4.4120243E+02   1.2571296E-20
   4.4153617E+02   2.9521695E-20
   4.4186991E+02   4.5374081E-20
   4.4220364E+02   5.7882868E-20
   4.4253738E+02   6.4880370E-20
   4.4287112E+02   6.4582695E-20
   4.4320486E+02   5.5892788E-20
   4.4353860E+02   3.8657097E-20
   4.4387234E+02   1.3832221E-20
   4.4420608E+02  -1.6476887E-20
   4.4453981E+02  -4.9133507E-20
   4.4487355E+02  -8.0249082E-20
   4.4520729E+02  -1.0561314E-19
   4.4554103E+02  -1.2123627E-19
   4.4587477E+02  -1.2394708E-19
   4.4620851E+02  -1.1196752E-19
   4.4654225E+02  -8.5380807E-20
   4.4687598E+02  -4.6410241E-20
   4.4720972E+02   5.6058450E-22
   4.4754346E+02   4.9268118E-20
   4.4787720E+02   9.2155623E-20
   4.4821094E+02   1.2122942E-19
   4.4854468E+02   1.2910402E-19
   4.4887842E+02   1.1011589E-19
   4.4921215E+02   6.1358946E-20
   4.4954589E+02  -1.6516238E-20
   4.4987963E+02  -1.1888651E-19
   4.5021337E+02  -2.3723814E-19
   4.5054711E+02  -3.5980609E-19
   4.5088085E+02  -4.7276215E-19
   4.5121459E+02  -5.6186217E-19
   4.5154832E+02  -6.1438943E-19
   4.5188206E+02  -6.2116394E-19
   4.5221580E+02  -5.7835176E-19
   4.5254954E+02  -4.8879576E-19
   4.5288328E+02  -3.6262326E-19
   4.5321702E+02  -2.1695123E-19
   4.5355076E+02  -7.4610722E-20
   4.5388450E+02   3.8063853E-20
   4.5421823E+02   9.4204240E-20
   4.5455197E+02   6.9836972E-20
   4.5488571E+02  -5.2623499E-20
   4.5521945E+02  -2.8126382E-19
   4.5555319E+02  -6.1238528E-19
   4.5588693E+02  -1.0294228E-18
   4.5622067E+02  -1.5033257E-18
   4.5655440E+02  -1.9944898E-18
   4.5688814E+02  -2.4561302E-18
   4.5722188E+02  -2.8387815E-18
   4.5755562E+02  -3.0954279E-18
   4.5788936E+02  -3.1866376E-18
   4.5822310E+02  -3.0849844E-18
   4.5855684E+02  -2.7780780E-18
   4.5889057E+02  -2.2696078E-18
   4.5922431E+02  -1.5779760E-18
   4.5955805E+02  -7.3234932E-19
   4.5989179E+02   2.3375876E-19
   4.6022553E+02   1.2910064E-18
   4.6055927E+02   2.4241618E-18
   4.6089301E+02   3.6426023E-18
   4.6122674E+02   4.9903906E-18
   4.6156048E+02   6.5549249E-18
   4.6189422E+02   8.4732511E-18
   4.6222796E+02   1.0935388E-17
   4.6256170E+02   1.4184319E-17
   4.6289544E+02   1.8512775E-17
   4.6322918E+02   2.4257387E-17
   4.6356291E+02   3.1791224E-17
   4.6389665E+02   4.1516288E-17
   4.6423039E+02   5.3857551E-17
   4.6456413E+02   6.9260501E-17
   4.6489787E+02   8.8193772E-17
   4.6523161E+02   1.1115829E-16
   4.6556535E+02   1.3870345E-16
   4.6589908E+02   1.7145072E-16
   4.6623282E+02   2.1012353E-16
   4.6656656E+02   2.5558211E-16
   4.6690030E+02   3.0886125E-16
   4.6723404E+02   3.7120803E-16
   4.6756778E+02   4.4411811E-16
   4.6790152E+02   5.2936595E-16
   4.6823525E+02   6.2902885E-16
   4.6856899E+02   7.4550202E-16
   4.6890273E+02   8.8150237E-16
   4.6923647E+02   1.0400641E-15
   4.6957021E+02   1.2245202E-15
   4.6990395E+02   1.4384733E-15
   4.7023769E+02   1.6857584E-15
   4.7057142E+02   1.9703896E-15
   4.7090516E+02   2.2964973E-15
   4.7123890E+02   2.6682451E-15
   4.7157264E+02   3.0897394E-15
   4.7190638E+02   3.5648932E-15
   4.7224012E+02   4.0972733E-15
   4.7257386E+02   4.6898859E-15
   4.7290760E+02   5.3448986E-15
   4.7324133E+02   6.0632795E-15
   4.7357507E+02   6.8443189E-15
   4.7390881E+02   7.6850139E-15
   4.7424255E+02   8.5792757E-15
   4.7457629E+02   9.5169327E-15
   4.7491003E+02   1.0482441E-14
   4.7524377E+02   1.1453290E-14
   4.7557750E+02   1.2398043E-14
   4.7591124E+02   1.3273857E-14
   4.7624498E+02   1.4023530E-14
   4.7657872E+02   1.4571847E-14
   4.7691246E+02   1.4821123E-14
   4.7724620E+02   1.4645940E-14
   4.7757994E+02   1.3886710E-14
   4.7791367E+02   1.2342053E-14
   4.7824741E+02   9.7596593E-15
   4.7858115E+02   5.8254183E-15
   4.7891489E+02   1.5044660E-16
   4.7924863E+02  -7.7440428E-15
   4.7958237E+02  -1.8445206E-14
   4.7991611E+02  -3.2669681E-14
   4.8024984E+02  -5.1289458E-14
   4.8058358E+02  -7.5361551E-14
   4.8091732E+02  -1.0616359E-13
   4.8125106E+02  -1.4523509E-13
   4.8158480E+02  -1.9442586E-13
   4.8191854E+02  -2.5595292E-13
   4.8225228E+02  -3.3246615E-13
   4.8258601E+02  -4.2712546E-13
   4.8291975E+02  -5.4368977E-13
   4.8325349E+02  -6.8661960E-13
   4.8358723E+02  -8.6119761E-13
   4.8392097E+02  -1.0736654E-12
   4.8425471E+02  -1.3313831E-12
   4.8458845E+02  -1.6430112E-12
   4.8492218E+02  -2.0187265E-12
   4.8525592E+02  -2.4704559E-12
   4.8558966E+02  -3.0121600E-12
   4.8592340E+02  -3.6601460E-12
   4.8625714E+02  -4.4334311E-12
   4.8659088E+02  -5.3541555E-12
   4.8692462E+02  -6.4480487E-12
   4.8725835E+02  -7.7449592E-12
   4.8759209E+02  -9.2794609E-12
   4.8792583E+02  -1.1091532E-11
   4.8825957E+02  -1.3227324E-11
   4.8859331E+02  -1.5740033E-11
   4.8892705E+02  -1.8690856E-11
   4.8926079E+02  -2.2150129E-11
   4.8959452E+02  -2.6198500E-11
   4.8992826E+02  -3.0928329E-11
   4.9026200E+02  -3.6445211E-11
   4.9059574E+02  -4.2869687E-11
   4.9092948E+02  -5.0339143E-11
   4.9126322E+02  -5.9009846E-11
   4.9159696E+02  -6.9059446E-11
   4.9193069E+02  -8.0689261E-11
   4.9226443E+02  -9.4127366E-11
   4.9259817E+02  -1.0963169E-10
   4.9293191E+02  -1.2749325E-10
   4.9326565E+02  -1.4804007E-10
   4.9359939E+02  -1.7164113E-10
   4.9393313E+02  -1.9871114E-10
   4.9426687E+02  -2.2971500E-10
   4.9460060E+02  -2.6517316E-10
   4.9493434E+02  -3.0566744E-10
   4.9526808E+02  -3.5184700E-10
   4.9560182E+02  -4.0443485E-10
   4.9593556E+02  -4.6423490E-10
   4.9626930E+02  -5.3214000E-10
   4.9660304E+02  -6.0913879E-10
   4.9693677E+02  -6.9632566E-10
   4.9727051E+02  -7.9490881E-10
   4.9760425E+02  -9.0621982E-10
   4.9793799E+02  -1.0317237E-09
   4.9827173E+02  -1.1730286E-09
   4.9860547E+02  -1.3318985E-09
   4.9893921E+02  -1.5102634E-09
   4.9927294E+02  -1.7102285E-09
   4.9960668E+02  -1.9340900E-09
   4.9994042E+02  -2.1843427E-09
   5.0027416E+02  -2.4636984E-09
   5.0060790E+02  -2.7750899E-09
   5.0094164E+02  -3.1216869E-09
   5.0127538E+02  -3.5069116E-09
   5.0160911E+02  -3.9344430E-09
   5.0194285E+02  -4.4082276E-09
   5.0227659E+02  -4.9325015E-09
   5.0261033E+02  -5.5117808E-09
   5.0294407E+02  -6.1508878E-09
   5.0327781E+02  -6.8549419E-09
   5.0361155E+02  -7.6293745E-09
   5.0394528E+02  -8.4799350E-09
   5.0427902E+02  -9.4126795E-09
   5.0461276E+02  -1.0433979E-08
   5.0494650E+02  -1.1550504E-08
   5.0528024E+02  -1.2769235E-08
   5.0561398E+02  -1.4097438E-08
   5.0594772E+02  -1.5542660E-08
   5.0628145E+02  -1.7112686E-08
   5.0661519E+02  -1.8815554E-08
   5.0694893E+02  -2.0659492E-08
   5.0728267E+02  -2.2652904E-08
   5.0761641E+02  -2.4804342E-08
   5.0795015E+02  -2.7122429E-08
   5.0828389E+02  -2.9615823E-08
   5.0861762E+02  -3.2293187E-08
   5.0895136E+02  -3.5163062E-08
   5.0928510E+02  -3.8233878E-08
   5.0961884E+02  -4.1513861E-08
   5.0995258E+02  -4.5010829E-08
   5.1028632E+02  -4.8732336E-08
   5.1062006E+02  -5.2685298E-08
   5.1095379E+02  -5.6876139E-08
   5.1128753E+02  -6.1310516E-08
   5.1162127E+02  -6.5993277E-08
   5.1195501E+02  -7.0928337E-08
   5.1228875E+02  -7.6118468E-08
   5.1262249E+02  -8.1565346E-08
   5.1295623E+02  -8.7269136E-08
   5.1328997E+02  -9.3228692E-08
   5.1362370E+02  -9.9441209E-08
   5.1395744E+02  -1.0590199E-07
   5.1429118E+02  -1.1260455E-07
   5.1462492E+02  -1.1954027E-07
   5.1495866E+02  -1.2669841E-07
   5.1529240E+02  -1.3406583E-07
   5.1562614E+02  -1.4162694E-07
   5.1595987E+02  -1.4936364E-07
   5.1629361E+02  -1.5725502E-07
   5.1662735E+02  -1.6527733E-07
   5.1696109E+02  -1.7340410E-07
   5.1729483E+02  -1.8160563E-07
   5.1762857E+02  -1.8984935E-07
   5.1796231E+02  -1.9809939E-07
   5.1829604E+02  -2.0631710E-07
   5.1862978E+02  -2.1446043E-07
   5.1896352E+02  -2.2248410E-07
   5.1929726E+02  -2.3033996E-07
   5.1963100E+02  -2.3797698E-07
   5.1996474E+02  -2.4534063E-07
   5.2029848E+02  -2.5237421E-07
   5.2063221E+02  -2.5901812E-07
   5.2096595E+02  -2.6521008E-07
   5.2129969E+02  -2.7088578E-07
   5.2163343E+02  -2.7597889E-07
   5.2196717E+02  -2.8042109E-07
   5.2230091E+02  -2.8414291E-07
   5.2263465E+02  -2.8707359E-07
   5.2296838E+02  -2.8914158E-07
   5.2330212E+02  -2.9027530E-07
   5.2363586E+02  -2.9040280E-07
   5.2396960E+02  -2.8945311E-07
   5.2430334E+02  -2.8735587E-07
   5.2463708E+02  -2.8404233E-07
   5.2497082E+02  -2.7944614E-07
   5.2530455E+02  -2.7350299E-07
   5.2563829E+02  -2.6615186E-07
   5.2597203E+02  -2.5733561E-07
   5.2630577E+02  -2.4700083E-07
   5.2663951E+02  -2.3509932E-07
   5.2697325E+02  -2.2158821E-07
   5.2730699E+02  -2.0643034E-07
   5.2764072E+02  -1.8959526E-07
   5.2797446E+02  -1.7105917E-07
   5.2830820E+02  -1.5080616E-07
   5.2864194E+02  -1.2882788E-07
   5.2897568E+02  -1.0512480E-07
   5.2930942E+02  -7.9705934E-08
   5.2964316E+02  -5.2589577E-08
   5.2997689E+02  -2.3803665E-08
   5.3031063E+02   6.6141439E-09
   5.3064437E+02   3.8616150E-08
   5.3097811E+02   7.2144445E-08
   5.3131185E+02   1.0713080E-07
   5.3164559E+02   1.4349664E-07
   5.3197933E+02   1.8115321E-07
   5.3231306E+02   2.2000106E-07
   5.3264680E+02   2.5993134E-07
   5.3298054E+02   3.0082495E-07
   5.3331428E+02   3.4255351E-07
   5.3364802E+02   3.8497961E-07
   5.3398176E+02   4.2795693E-07
   5.3431550E+02   4.7133108E-07
   5.3464924E+02   5.1494084E-07
   5.3498297E+02   5.5861739E-07
   5.3531671E+02   6.0218633E-07
   5.3565045E+02   6.4546697E-07
   5.3598419E+02   6.8827643E-07
   5.3631793E+02   7.3042594E-07
   5.3665167E+02   7.7172592E-07
   5.3698541E+02   8.1198431E-07
   5.3731914E+02   8.5100913E-07
   5.3765288E+02   8.8860884E-07
   5.3798662E+02   9.2459368E-07
   5.3832036E+02   9.5877635E-07
   5.3865410E+02   9.9097406E-07
   5.3898784E+02   1.0210090E-06
   5.3932158E+02   1.0487092E-06
   5.3965531E+02   1.0739107E-06
   5.3998905E+02   1.0964563E-06
   5.4032279E+02   1.1162001E-06
   5.4065653E+02   1.1330061E-06
   5.4099027E+02   1.1467486E-06
   5.4132401E+02   1.1573150E-06
   5.4165775E+02   1.1646058E-06
   5.4199148E+02   1.1685352E-06
   5.4232522E+02   1.1690321E-06
   5.4265896E+02   1.1660400E-06
   5.4299270E+02   1.1595191E-06
   5.4332644E+02   1.1494444E-06
   5.4366018E+02   1.1358092E-06
   5.4399392E+02   1.1186208E-06
   5.4432765E+02   1.0979061E-06
   5.4466139E+02   1.0737068E-06
   5.4499513E+02   1.0460831E-06
   5.4532887E+02   1.0151107E-06
   5.4566261E+02   9.8088162E-07
   5.4599635E+02   9.4350406E-07
   5.4633009E+02   9.0310283E-07
   5.4666382E+02   8.5981503E-07
   5.4699756E+02   8.1379460E-07
   5.4733130E+02   7.6520803E-07
   5.4766504E+02   7.1423335E-07
   5.4799878E+02   6.6106196E-07
   5.4833252E+02   6.0589531E-07
   5.4866626E+02   5.4894412E-07
   5.4899999E+02   4.9042762E-07
   5.4933373E+02   4.3057278E-07
   5.4966747E+02   3.6961237E-07
   5.5000121E+02   3.0778421E-07
   5.5033495E+02   2.4532952E-07
   5.5066869E+02   1.8249176E-07
   5.5100243E+02   1.1951533E-07
   5.5133616E+02   5.6644026E-08
   5.5166990E+02  -5.8793717E-09
   5.5200364E+02  -6.7816103E-08
   5.5233738E+02  -1.2893091E-07
   5.5267112E+02  -1.8899419E-07
   5.5300486E+02  -2.4778302E-07
   5.5333860E+02  -3.0508249E-07
   5.5367234E+02  -3.6068653E-07
   5.5400607E+02  -4.1439867E-07
   5.5433981E+02  -4.6603378E-07
   5.5467355E+02  -5.1541838E-07
   5.5500729E+02  -5.6239128E-07
   5.5534103E+02  -6.0680469E-07
   5.5567477E+02  -6.4852469E-07
   5.5600851E+02  -6.8743191E-07
   5.5634224E+02  -7.2342243E-07
   5.5667598E+02  -7.5640600E-07
   5.5700972E+02  -7.8630882E-07
   5.5734346E+02  -8.1307348E-07
   5.5767720E+02  -8.3665674E-07
   5.5801094E+02  -8.5703192E-07
   5.5834468E+02  -8.7418766E-07
   5.5867841E+02  -8.8812789E-07
   5.5901215E+02  -8.9887214E-07
   5.5934589E+02  -9.0645307E-07
   5.5967963E+02  -9.1091925E-07
   5.6001337E+02  -9.1233227E-07
   5.6034711E+02  -9.1076583E-07
   5.6068085E+02  -9.0630704E-07
   5.6101458E+02  -8.9905433E-07
   5.6134832E+02  -8.8911634E-07
   5.6168206E+02  -8.7661306E-07
   5.6201580E+02  -8.6167233E-07
   5.6234954E+02  -8.4443025E-07
   5.6268328E+02  -8.2503112E-07
   5.6301702E+02  -8.0362474E-07
   5.6335075E+02  -7.8036641E-07
   5.6368449E+02  -7.5541618E-07
   5.6401823E+02  -7.2893670E-07
   5.6435197E+02  -7.0109348E-07
   5.6468571E+02  -6.7205372E-07
   5.6501945E+02  -6.4198451E-07
   5.6535319E+02  -6.1105328E-07
   5.6568692E+02  -5.7942475E-07
   5.6602066E+02  -5.4726274E-07
   5.6635440E+02  -5.1472739E-07
   5.6668814E+02  -4.8197467E-07
   5.6702188E+02  -4.4915689E-07
   5.6735562E+02  -4.1642011E-07
   5.6768936E+02  -3.8390488E-07
   5.6802309E+02  -3.5174497E-07
   5.6835683E+02  -3.2006713E-07
   5.6869057E+02  -2.8899032E-07
   5.6902431E+02  -2.5862602E-07
   5.6935805E+02  -2.2907685E-07
   5.6969179E+02  -2.0043692E-07
   5.7002553E+02  -1.7279154E-07
   5.7035926E+02  -1.4621686E-07
   5.7069300E+02  -1.2077996E-07
   5.7102674E+02  -9.6538557E-08
   5.7136048E+02  -7.3541301E-08
   5.7169422E+02  -5.1827456E-08
   5.7202796E+02  -3.1427383E-08
   5.7236170E+02  -1.2362449E-08
   5.7269543E+02   5.3544120E-09
   5.7302917E+02   2.1718719E-08
   5.7336291E+02   3.6734054E-08
   5.7369665E+02   5.0411547E-08
   5.7403039E+02   6.2769672E-08
   5.7436413E+02   7.3833704E-08
   5.7469787E+02   8.3635229E-08
   5.7503161E+02   9.2211778E-08
   5.7536534E+02   9.9606211E-08
   5.7569908E+02   1.0586622E-07
   5.7603282E+02   1.1104377E-07
   5.7636656E+02   1.1519455E-07
   5.7670030E+02   1.1837739E-07
   5.7703404E+02   1.2065365E-07
   5.7736778E+02   1.2208673E-07
   5.7770151E+02   1.2274147E-07
   5.7803525E+02   1.2268346E-07
   5.7836899E+02   1.2197880E-07
   5.7870273E+02   1.2069329E-07
   5.7903647E+02   1.1889215E-07
   5.7937021E+02   1.1663945E-07
   5.7970395E+02   1.1399759E-07
   5.8003768E+02   1.1102705E-07
   5.8037142E+02   1.0778584E-07
   5.8070516E+02   1.0432926E-07
   5.8103890E+02   1.0070946E-07
   5.8137264E+02   9.6975270E-08
   5.8170638E+02   9.3171913E-08
   5.8204012E+02   8.9340709E-08
   5.8237385E+02   8.5519147E-08
   5.8270759E+02   8.1740566E-08
   5.8304133E+02   7.8034205E-08
   5.8337507E+02   7.4425110E-08
   5.8370881E+02   7.0934178E-08
   5.8404255E+02   6.7578213E-08
   5.8437629E+02   6.4369900E-08
   5.8471002E+02   6.1318033E-08
   5.8504376E+02   5.8427613E-08
   5.8537750E+02   5.5699942E-08
   5.8571124E+02   5.3132975E-08
   5.8604498E+02   5.0721500E-08
   5.8637872E+02   4.8457355E-08
   5.8671246E+02   4.6329767E-08
   5.8704619E+02   4.4325610E-08
   5.8737993E+02   4.2429768E-08
   5.8771367E+02   4.0625384E-08
   5.8804741E+02   3.8894289E-08
   5.8838115E+02   3.7217227E-08
   5.8871489E+02   3.5574253E-08
   5.8904863E+02   3.3944961E-08
   5.8938236E+02   3.2309032E-08
   5.8971610E+02   3.0646227E-08
   5.9004984E+02   2.8937020E-08
   5.9038358E+02   2.7162653E-08
   5.9071732E+02   2.5305594E-08
   5.9105106E+02   2.3349696E-08
   5.9138480E+02   2.1280451E-08
   5.9171853E+02   1.9085217E-08
   5.9205227E+02   1.6753425E-08
   5.9238601E+02   1.4276686E-08
   5.9271975E+02   1.1648952E-08
   5.9305349E+02   8.8666177E-09
   5.9338723E+02   5.9285554E-09
   5.9372097E+02   2.8362201E-09
   5.9405471E+02  -4.0637005E-10
   5.9438844E+02  -3.7926213E-09
   5.9472218E+02  -7.3134032E-09
   5.9505592E+02  -1.0957123E-08
   5.9538966E+02  -1.4709798E-08
   5.9572340E+02  -1.8555212E-08
   5.9605714E+02  -2.2475000E-08
   5.9639088E+02  -2.6448859E-08
   5.9672461E+02  -3.0454700E-08
   5.9705835E+02  -3.4468897E-08
   5.9739209E+02  -3.8466467E-08
   5.9772583E+02  -4.2421313E-08
   5.9805957E+02  -4.6306504E-08
   5.9839331E+02  -5.0094322E-08
   5.9872705E+02  -5.3756850E-08
   5.9906078E+02  -5.7265979E-08
   5.9939452E+02  -6.0593749E-08
   5.9972826E+02  -6.3712562E-08
   6.0006200E+02  -6.6595518E-08
   6.0039574E+02  -6.9216583E-08
   6.0072948E+02  -7.1550929E-08
   6.0106322E+02  -7.3575094E-08
   6.0139695E+02  -7.5267081E-08
   6.0173069E+02  -7.6606952E-08
   6.0206443E+02  -7.7576544E-08
   6.0239817E+02  -7.8159914E-08
   6.0273191E+02  -7.8343461E-08
   6.0306565E+02  -7.8115988E-08
   6.0339939E+02  -7.7468741E-08
   6.0373312E+02  -7.6395850E-08
   6.0406686E+02  -7.4893975E-08
   6.0440060E+02  -7.2962635E-08
   6.0473434E+02  -7.0604244E-08
   6.0506808E+02  -6.7824018E-08
   6.0540182E+02  -6.4629830E-08
   6.0573556E+02  -6.1032665E-08
   6.0606929E+02  -5.7046023E-08
   6.0640303E+02  -5.2686175E-08
   6.0673677E+02  -4.7971994E-08
   6.0707051E+02  -4.2924626E-08
   6.0740425E+02  -3.7567844E-08
   6.0773799E+02  -3.1927456E-08
   6.0807173E+02  -2.6031294E-08
   6.0840546E+02  -1.9909088E-08
   6.0873920E+02  -1.3592327E-08
   6.0907294E+02  -7.1139539E-09
   6.0940668E+02  -5.0822280E-10
   6.0974042E+02   6.1894845E-09
   6.1007416E+02   1.2942870E-08
   6.1040790E+02   1.9714978E-08
   6.1074163E+02   2.6468364E-08
   6.1107537E+02   3.3165367E-08
   6.1140911E+02   3.9768263E-08
   6.1174285E+02   4.6239592E-08
   6.1207659E+02   5.2542237E-08
   6.1241033E+02   5.8639785E-08
   6.1274407E+02   6.4496568E-08
   6.1307781E+02   7.0078045E-08
   6.1341154E+02   7.5350819E-08
   6.1374528E+02   8.0282888E-08
   6.1407902E+02   8.4843961E-08
   6.1441276E+02   8.9005283E-08
   6.1474650E+02   9.2740137E-08
   6.1508024E+02   9.6023754E-08
   6.1541398E+02   9.8833510E-08
   6.1574771E+02   1.0114924E-07
   6.1608145E+02   1.0295295E-07
   6.1641519E+02   1.0422923E-07
   6.1674893E+02   1.0496527E-07
   6.1708267E+02   1.0515056E-07
   6.1741641E+02   1.0477770E-07
   6.1775015E+02   1.0384163E-07
   6.1808388E+02   1.0234029E-07
   6.1841762E+02   1.0027395E-07
   6.1875136E+02   9.7646023E-08
   6.1908510E+02   9.4462138E-08
   6.1941884E+02   9.0731021E-08
   6.1975258E+02   8.6463643E-08
   6.2008632E+02   8.1673704E-08
   6.2042005E+02   7.6377106E-08
   6.2075379E+02   7.0592350E-08
   6.2108753E+02   6.4340085E-08
   6.2142127E+02   5.7642978E-08
   6.2175501E+02   5.0525742E-08
   6.2208875E+02   4.3014865E-08
   6.2242249E+02   3.5138726E-08
   6.2275622E+02   2.6926841E-08
   6.2308996E+02   1.8410432E-08
   6.2342370E+02   9.6216439E-09
   6.2375744E+02   5.9367267E-10
   6.2409118E+02  -8.6394465E-09
   6.2442492E+02  -1.8043131E-08
   6.2475866E+02  -2.7582473E-08
   6.2509239E+02  -3.7222254E-08
   6.2542613E+02  -4.6927333E-08
   6.2575987E+02  -5.6662778E-08
   6.2609361E+02  -6.6394115E-08
   6.2642735E+02  -7.6087503E-08
   6.2676109E+02  -8.5709935E-08
   6.2709483E+02  -9.5229503E-08
   6.2742856E+02  -1.0461548E-07
   6.2776230E+02  -1.1383864E-07
   6.2809604E+02  -1.2287127E-07
   6.2842978E+02  -1.3168739E-07
   6.2876352E+02  -1.4026313E-07
   6.2909726E+02  -1.4857650E-07
   6.2943100E+02  -1.5660763E-07
   6.2976473E+02  -1.6433899E-07
   6.3009847E+02  -1.7175552E-07
   6.3043221E+02  -1.7884443E-07
   6.3076595E+02  -1.8559543E-07
   6.3109969E+02  -1.9200080E-07
   6.3143343E+02  -1.9805529E-07
   6.3176717E+02  -2.0375612E-07
   6.3210090E+02  -2.0910294E-07
   6.3243464E+02  -2.1409772E-07
   6.3276838E+02  -2.1874463E-07
   6.3310212E+02  -2.2305019E-07
   6.3343586E+02  -2.2702265E-07
   6.3376960E+02  -2.3067216E-07
   6.3410334E+02  -2.3401071E-07
   6.3443708E+02  -2.3705144E-07
   6.3477081E+02  -2.3980886E-07
   6.3510455E+02  -2.4229843E-07
   6.3543829E+02  -2.4453635E-07
   6.3577203E+02  -2.4653917E-07
   6.3610577E+02  -2.4832366E-07
   6.3643951E+02  -2.4990629E-07
   6.3677325E+02  -2.5130322E-07
   6.3710698E+02  -2.5252976E-07
   6.3744072E+02  -2.5359992E-07
   6.3777446E+02  -2.5452644E-07
   6.3810820E+02  -2.5532051E-07
   6.3844194E+02  -2.5599110E-07
   6.3877568E+02  -2.5654481E-07
   6.3910942E+02  -2.5698597E-07
   6.3944315E+02  -2.5731595E-07
   6.3977689E+02  -2.5753315E-07
   6.4011063E+02  -2.5763254E-07
   6.4044437E+02  -2.5760619E-07
   6.4077811E+02  -2.5744211E-07
   6.4111185E+02  -2.5712507E-07
   6.4144559E+02  -2.5663599E-07
   6.4177932E+02  -2.5595185E-07
   6.4211306E+02  -2.5504647E-07
   6.4244680E+02  -2.5388994E-07
   6.4278054E+02  -2.5244847E-07
   6.4311428E+02  -2.5068528E-07
   6.4344802E+02  -2.4856038E-07
   6.4378176E+02  -2.4603088E-07
   6.4411549E+02  -2.4305095E-07
   6.4444923E+02  -2.3957296E-07
   6.4478297E+02  -2.3554716E-07
   6.4511671E+02  -2.3092193E-07
   6.4545045E+02  -2.2564494E-07
   6.4578419E+02  -2.1966308E-07
   6.4611793E+02  -2.1292325E-07
   6.4645166E+02  -2.0537271E-07
   6.4678540E+02  -1.9695973E-07
   6.4711914E+02  -1.8763403E-07
   6.4745288E+02  -1.7734754E-07
   6.4778662E+02  -1.6605503E-07
   6.4812036E+02  -1.5371451E-07
   6.4845410E+02  -1.4028771E-07
   6.4878783E+02  -1.2574118E-07
   6.4912157E+02  -1.1004614E-07
   6.4945531E+02  -9.3179736E-08
   6.4978905E+02  -7.5124987E-08
   6.5012279E+02  -5.5871482E-08
   6.5045653E+02  -3.5416008E-08
   6.5079027E+02  -1.3762794E-08
   6.5112400E+02   9.0763308E-09
   6.5145774E+02   3.3081236E-08
   6.5179148E+02   5.8223264E-08
   6.5212522E+02   8.4465633E-08
   6.5245896E+02   1.1176247E-07
   6.5279270E+02   1.4005934E-07
   6.5312644E+02   1.6929323E-07
   6.5346018E+02   1.9939215E-07
   6.5379391E+02   2.3027596E-07
   6.5412765E+02   2.6185586E-07
   6.5446139E+02   2.9403537E-07
   6.5479513E+02   3.2671005E-07
   6.5512887E+02   3.5976851E-07
   6.5546261E+02   3.9309228E-07
   6.5579635E+02   4.2655711E-07
   6.5613008E+02   4.6003305E-07
   6.5646382E+02   4.9338502E-07
   6.5679756E+02   5.2647408E-07
   6.5713130E+02   5.5915797E-07
   6.5746504E+02   5.9129172E-07
   6.5779878E+02   6.2272852E-07
   6.5813252E+02   6.5332131E-07
   6.5846625E+02   6.8292240E-07
   6.5879999E+02   7.1138516E-07
   6.5913373E+02   7.3856529E-07
   6.5946747E+02   7.6432121E-07
   6.5980121E+02   7.8851508E-07
   6.6013495E+02   8.1101371E-07
