  -7.8094826E+01   0.0000000E+00
  -7.7761087E+01   0.0000000E+00
  -7.7427349E+01   0.0000000E+00
  -7.7093610E+01   0.0000000E+00
  -7.6759871E+01   0.0000000E+00
  -7.6426133E+01   0.0000000E+00
  -7.6092394E+01   0.0000000E+00
  -7.5758656E+01   0.0000000E+00
  -7.5424917E+01   0.0000000E+00
  -7.5091178E+01   0.0000000E+00
  -7.4757440E+01   0.0000000E+00
  -7.4423701E+01   0.0000000E+00
  -7.4089963E+01   0.0000000E+00
  -7.3756224E+01   0.0000000E+00
  -7.3422485E+01   0.0000000E+00
  -7.3088747E+01   0.0000000E+00
  -7.2755008E+01   0.0000000E+00
  -7.2421270E+01   0.0000000E+00
  -7.2087531E+01   0.0000000E+00
  -7.1753792E+01   0.0000000E+00
  -7.1420054E+01   0.0000000E+00
  -7.1086315E+01   0.0000000E+00
  -7.0752577E+01   0.0000000E+00
  -7.0418838E+01   0.0000000E+00
  -7.0085099E+01   0.0000000E+00
  -6.9751361E+01   0.0000000E+00
  -6.9417622E+01   0.0000000E+00
  -6.9083884E+01   0.0000000E+00
  -6.8750145E+01   0.0000000E+00
  -6.8416406E+01   0.0000000E+00
  -6.8082668E+01   0.0000000E+00
  -6.7748929E+01   0.0000000E+00
  -6.7415191E+01   0.0000000E+00
  -6.7081452E+01   0.0000000E+00
  -6.6747714E+01   0.0000000E+00
  -6.6413975E+01   0.0000000E+00
  -6.6080236E+01   0.0000000E+00
  -6.5746498E+01   0.0000000E+00
  -6.5412759E+01   0.0000000E+00
  -6.5079021E+01   0.0000000E+00
  -6.4745282E+01   0.0000000E+00
  -6.4411543E+01   0.0000000E+00
  -6.4077805E+01   0.0000000E+00
  -6.3744066E+01   0.0000000E+00
  -6.3410328E+01   0.0000000E+00
  -6.3076589E+01   0.0000000E+00
  -6.2742850E+01   0.0000000E+00
  -6.2409112E+01   0.0000000E+00
  -6.2075373E+01   0.0000000E+00
  -6.1741635E+01   0.0000000E+00
  -6.1407896E+01   0.0000000E+00
  -6.1074157E+01   0.0000000E+00
  -6.0740419E+01   0.0000000E+00
  -6.0406680E+01   0.0000000E+00
  -6.0072942E+01   0.0000000E+00
  -5.9739203E+01   0.0000000E+00
  -5.9405464E+01   0.0000000E+00
  -5.9071726E+01   0.0000000E+00
  -5.8737987E+01   0.0000000E+00
  -5.8404249E+01   0.0000000E+00
  -5.8070510E+01   0.0000000E+00
  -5.7736771E+01   0.0000000E+00
  -5.7403033E+01   0.0000000E+00
  -5.7069294E+01   0.0000000E+00
  -5.6735556E+01   0.0000000E+00
  -5.6401817E+01   0.0000000E+00
  -5.6068078E+01   0.0000000E+00
  -5.5734340E+01   0.0000000E+00
  -5.5400601E+01   0.0000000E+00
  -5.5066863E+01   0.0000000E+00
  -5.4733124E+01   0.0000000E+00
  -5.4399385E+01   0.0000000E+00
  -5.4065647E+01   0.0000000E+00
  -5.3731908E+01   0.0000000E+00
  -5.3398170E+01   0.0000000E+00
  -5.3064431E+01   0.0000000E+00
  -5.2730693E+01   0.0000000E+00
  -5.2396954E+01   0.0000000E+00
  -5.2063215E+01   0.0000000E+00
  -5.1729477E+01   0.0000000E+00
  -5.1395738E+01   0.0000000E+00
  -5.1062000E+01   0.0000000E+00
  -5.0728261E+01   0.0000000E+00
  -5.0394522E+01   0.0000000E+00
  -5.0060784E+01   0.0000000E+00
  -4.9727045E+01   0.0000000E+00
  -4.9393307E+01   0.0000000E+00
  -4.9059568E+01   0.0000000E+00
  -4.8725829E+01   0.0000000E+00
  -4.8392091E+01   0.0000000E+00
  -4.8058352E+01   0.0000000E+00
  -4.7724614E+01   0.0000000E+00
  -4.7390875E+01   0.0000000E+00
  -4.7057136E+01   0.0000000E+00
  -4.6723398E+01   0.0000000E+00
  -4.6389659E+01   0.0000000E+00
  -4.6055921E+01   0.0000000E+00
  -4.5722182E+01   0.0000000E+00
  -4.5388443E+01   0.0000000E+00
  -4.5054705E+01   0.0000000E+00
  -4.4720966E+01   0.0000000E+00
  -4.4387228E+01   0.0000000E+00
  -4.4053489E+01   0.0000000E+00
  -4.3719750E+01   0.0000000E+00
  -4.3386012E+01   0.0000000E+00
  -4.3052273E+01   0.0000000E+00
  -4.2718535E+01   0.0000000E+00
  -4.2384796E+01   0.0000000E+00
  -4.2051057E+01   0.0000000E+00
  -4.1717319E+01   0.0000000E+00
  -4.1383580E+01   0.0000000E+00
  -4.1049842E+01   0.0000000E+00
  -4.0716103E+01   0.0000000E+00
  -4.0382364E+01   0.0000000E+00
  -4.0048626E+01   0.0000000E+00
  -3.9714887E+01   0.0000000E+00
  -3.9381149E+01   0.0000000E+00
  -3.9047410E+01   0.0000000E+00
  -3.8713672E+01   0.0000000E+00
  -3.8379933E+01   0.0000000E+00
  -3.8046194E+01   0.0000000E+00
  -3.7712456E+01   0.0000000E+00
  -3.7378717E+01   0.0000000E+00
  -3.7044979E+01   0.0000000E+00
  -3.6711240E+01   0.0000000E+00
  -3.6377501E+01   0.0000000E+00
  -3.6043763E+01   0.0000000E+00
  -3.5710024E+01   0.0000000E+00
  -3.5376286E+01   0.0000000E+00
  -3.5042547E+01   0.0000000E+00
  -3.4708808E+01   0.0000000E+00
  -3.4375070E+01   0.0000000E+00
  -3.4041331E+01   0.0000000E+00
  -3.3707593E+01   0.0000000E+00
  -3.3373854E+01   0.0000000E+00
  -3.3040115E+01   0.0000000E+00
  -3.2706377E+01   0.0000000E+00
  -3.2372638E+01   0.0000000E+00
  -3.2038900E+01   0.0000000E+00
  -3.1705161E+01   0.0000000E+00
  -3.1371422E+01   0.0000000E+00
  -3.1037684E+01   0.0000000E+00
  -3.0703945E+01   0.0000000E+00
  -3.0370207E+01   0.0000000E+00
  -3.0036468E+01   0.0000000E+00
  -2.9702729E+01   0.0000000E+00
  -2.9368991E+01   0.0000000E+00
  -2.9035252E+01   0.0000000E+00
  -2.8701514E+01   0.0000000E+00
  -2.8367775E+01   0.0000000E+00
  -2.8034036E+01   0.0000000E+00
  -2.7700298E+01   0.0000000E+00
  -2.7366559E+01   0.0000000E+00
  -2.7032821E+01   0.0000000E+00
  -2.6699082E+01   0.0000000E+00
  -2.6365343E+01   0.0000000E+00
  -2.6031605E+01   0.0000000E+00
  -2.5697866E+01   0.0000000E+00
  -2.5364128E+01   0.0000000E+00
  -2.5030389E+01   0.0000000E+00
  -2.4696651E+01   0.0000000E+00
  -2.4362912E+01   0.0000000E+00
  -2.4029173E+01   0.0000000E+00
  -2.3695435E+01   0.0000000E+00
  -2.3361696E+01   0.0000000E+00
  -2.3027958E+01   0.0000000E+00
  -2.2694219E+01   0.0000000E+00
  -2.2360480E+01   0.0000000E+00
  -2.2026742E+01   0.0000000E+00
  -2.1693003E+01   0.0000000E+00
  -2.1359265E+01   0.0000000E+00
  -2.1025526E+01   0.0000000E+00
  -2.0691787E+01   0.0000000E+00
  -2.0358049E+01   0.0000000E+00
  -2.0024310E+01   0.0000000E+00
  -1.9690572E+01   0.0000000E+00
  -1.9356833E+01   0.0000000E+00
  -1.9023094E+01   0.0000000E+00
  -1.8689356E+01   0.0000000E+00
  -1.8355617E+01   0.0000000E+00
  -1.8021879E+01   0.0000000E+00
  -1.7688140E+01   0.0000000E+00
  -1.7354401E+01   0.0000000E+00
  -1.7020663E+01   0.0000000E+00
  -1.6686924E+01   0.0000000E+00
  -1.6353186E+01   0.0000000E+00
  -1.6019447E+01   0.0000000E+00
  -1.5685708E+01   0.0000000E+00
  -1.5351970E+01   0.0000000E+00
  -1.5018231E+01   0.0000000E+00
  -1.4684493E+01   0.0000000E+00
  -1.4350754E+01   0.0000000E+00
  -1.4017015E+01   0.0000000E+00
  -1.3683277E+01   0.0000000E+00
  -1.3349538E+01   0.0000000E+00
  -1.3015800E+01   0.0000000E+00
  -1.2682061E+01   0.0000000E+00
  -1.2348322E+01   0.0000000E+00
  -1.2014584E+01   0.0000000E+00
  -1.1680845E+01   0.0000000E+00
  -1.1347107E+01   0.0000000E+00
  -1.1013368E+01   0.0000000E+00
  -1.0679630E+01   0.0000000E+00
  -1.0345891E+01   0.0000000E+00
  -1.0012152E+01   0.0000000E+00
  -9.6784137E+00   0.0000000E+00
  -9.3446751E+00   0.0000000E+00
  -9.0109365E+00   0.0000000E+00
  -8.6771979E+00   0.0000000E+00
  -8.3434593E+00   0.0000000E+00
  -8.0097207E+00   0.0000000E+00
  -7.6759821E+00   0.0000000E+00
  -7.3422436E+00   0.0000000E+00
  -7.0085050E+00   0.0000000E+00
  -6.6747664E+00   0.0000000E+00
  -6.3410278E+00   0.0000000E+00
  -6.0072892E+00   0.0000000E+00
  -5.6735506E+00   0.0000000E+00
  -5.3398120E+00   0.0000000E+00
  -5.0060734E+00   0.0000000E+00
  -4.6723348E+00   0.0000000E+00
  -4.3385962E+00   0.0000000E+00
  -4.0048576E+00   0.0000000E+00
  -3.6711190E+00   0.0000000E+00
  -3.3373804E+00   0.0000000E+00
  -3.0036418E+00   0.0000000E+00
  -2.6699032E+00   0.0000000E+00
  -2.3361646E+00   0.0000000E+00
  -2.0024260E+00   0.0000000E+00
  -1.6686874E+00   0.0000000E+00
  -1.3349488E+00   0.0000000E+00
  -1.0012102E+00   0.0000000E+00
  -6.6747165E-01   0.0000000E+00
  -3.3373305E-01   0.0000000E+00
   5.5432320E-06   0.0000000E+00
   3.3374414E-01   0.0000000E+00
   6.6748273E-01   0.0000000E+00
   1.0012213E+00   0.0000000E+00
   1.3349599E+00   0.0000000E+00
   1.6686985E+00   0.0000000E+00
   2.0024371E+00   0.0000000E+00
   2.3361757E+00   0.0000000E+00
   2.6699143E+00   0.0000000E+00
   3.0036529E+00   0.0000000E+00
   3.3373915E+00   0.0000000E+00
   3.6711301E+00   0.0000000E+00
   4.0048687E+00   0.0000000E+00
   4.3386073E+00   0.0000000E+00
   4.6723459E+00   0.0000000E+00
   5.0060845E+00   0.0000000E+00
   5.3398231E+00   0.0000000E+00
   5.6735617E+00   0.0000000E+00
   6.0073003E+00   0.0000000E+00
   6.3410389E+00   0.0000000E+00
   6.6747774E+00   0.0000000E+00
   7.0085160E+00   0.0000000E+00
   7.3422546E+00   0.0000000E+00
   7.6759932E+00   0.0000000E+00
   8.0097318E+00   0.0000000E+00
   8.3434704E+00   0.0000000E+00
   8.6772090E+00   0.0000000E+00
   9.0109476E+00   0.0000000E+00
   9.3446862E+00   0.0000000E+00
   9.6784248E+00   0.0000000E+00
   1.0012163E+01   0.0000000E+00
   1.0345902E+01   0.0000000E+00
   1.0679641E+01   0.0000000E+00
   1.1013379E+01   0.0000000E+00
   1.1347118E+01   0.0000000E+00
   1.1680856E+01   0.0000000E+00
   1.2014595E+01   0.0000000E+00
   1.2348334E+01   0.0000000E+00
   1.2682072E+01   0.0000000E+00
   1.3015811E+01   0.0000000E+00
   1.3349549E+01   0.0000000E+00
   1.3683288E+01   0.0000000E+00
   1.4017027E+01   0.0000000E+00
   1.4350765E+01   0.0000000E+00
   1.4684504E+01   0.0000000E+00
   1.5018242E+01   0.0000000E+00
   1.5351981E+01   0.0000000E+00
   1.5685720E+01   0.0000000E+00
   1.6019458E+01   0.0000000E+00
   1.6353197E+01   0.0000000E+00
   1.6686935E+01   0.0000000E+00
   1.7020674E+01   0.0000000E+00
   1.7354412E+01   0.0000000E+00
   1.7688151E+01   0.0000000E+00
   1.8021890E+01   0.0000000E+00
   1.8355628E+01   0.0000000E+00
   1.8689367E+01   0.0000000E+00
   1.9023105E+01   0.0000000E+00
   1.9356844E+01   0.0000000E+00
   1.9690583E+01   0.0000000E+00
   2.0024321E+01   0.0000000E+00
   2.0358060E+01   0.0000000E+00
   2.0691798E+01   0.0000000E+00
   2.1025537E+01   0.0000000E+00
   2.1359276E+01   0.0000000E+00
   2.1693014E+01   0.0000000E+00
   2.2026753E+01   0.0000000E+00
   2.2360491E+01   0.0000000E+00
   2.2694230E+01   0.0000000E+00
   2.3027969E+01   0.0000000E+00
   2.3361707E+01   0.0000000E+00
   2.3695446E+01   0.0000000E+00
   2.4029184E+01   0.0000000E+00
   2.4362923E+01   0.0000000E+00
   2.4696662E+01   0.0000000E+00
   2.5030400E+01   0.0000000E+00
   2.5364139E+01   0.0000000E+00
   2.5697877E+01   0.0000000E+00
   2.6031616E+01   0.0000000E+00
   2.6365355E+01   0.0000000E+00
   2.6699093E+01   0.0000000E+00
   2.7032832E+01   0.0000000E+00
   2.7366570E+01   0.0000000E+00
   2.7700309E+01   0.0000000E+00
   2.8034048E+01   0.0000000E+00
   2.8367786E+01   0.0000000E+00
   2.8701525E+01   0.0000000E+00
   2.9035263E+01   0.0000000E+00
   2.9369002E+01   0.0000000E+00
   2.9702741E+01   0.0000000E+00
   3.0036479E+01   0.0000000E+00
   3.0370218E+01   0.0000000E+00
   3.0703956E+01   0.0000000E+00
   3.1037695E+01   0.0000000E+00
   3.1371433E+01   0.0000000E+00
   3.1705172E+01   0.0000000E+00
   3.2038911E+01   0.0000000E+00
   3.2372649E+01   0.0000000E+00
   3.2706388E+01   0.0000000E+00
   3.3040126E+01   0.0000000E+00
   3.3373865E+01   0.0000000E+00
   3.3707604E+01   0.0000000E+00
   3.4041342E+01   0.0000000E+00
   3.4375081E+01   0.0000000E+00
   3.4708819E+01   0.0000000E+00
   3.5042558E+01   0.0000000E+00
   3.5376297E+01   0.0000000E+00
   3.5710035E+01   0.0000000E+00
   3.6043774E+01   0.0000000E+00
   3.6377512E+01   0.0000000E+00
   3.6711251E+01   0.0000000E+00
   3.7044990E+01   0.0000000E+00
   3.7378728E+01   0.0000000E+00
   3.7712467E+01   0.0000000E+00
   3.8046205E+01   0.0000000E+00
   3.8379944E+01   0.0000000E+00
   3.8713683E+01   0.0000000E+00
   3.9047421E+01   0.0000000E+00
   3.9381160E+01   0.0000000E+00
   3.9714898E+01   0.0000000E+00
   4.0048637E+01   0.0000000E+00
   4.0382376E+01   0.0000000E+00
   4.0716114E+01   0.0000000E+00
   4.1049853E+01   0.0000000E+00
   4.1383591E+01   0.0000000E+00
   4.1717330E+01   0.0000000E+00
   4.2051069E+01   0.0000000E+00
   4.2384807E+01   0.0000000E+00
   4.2718546E+01   0.0000000E+00
   4.3052284E+01   0.0000000E+00
   4.3386023E+01   0.0000000E+00
   4.3719762E+01   0.0000000E+00
   4.4053500E+01   0.0000000E+00
   4.4387239E+01   0.0000000E+00
   4.4720977E+01   0.0000000E+00
   4.5054716E+01   0.0000000E+00
   4.5388454E+01   0.0000000E+00
   4.5722193E+01   0.0000000E+00
   4.6055932E+01   0.0000000E+00
   4.6389670E+01   0.0000000E+00
   4.6723409E+01   0.0000000E+00
   4.7057147E+01   0.0000000E+00
   4.7390886E+01   0.0000000E+00
   4.7724625E+01   0.0000000E+00
   4.8058363E+01   0.0000000E+00
   4.8392102E+01   0.0000000E+00
   4.8725840E+01   0.0000000E+00
   4.9059579E+01   0.0000000E+00
   4.9393318E+01   0.0000000E+00
   4.9727056E+01   0.0000000E+00
   5.0060795E+01   0.0000000E+00
   5.0394533E+01   0.0000000E+00
   5.0728272E+01   0.0000000E+00
   5.1062011E+01   0.0000000E+00
   5.1395749E+01   0.0000000E+00
   5.1729488E+01   0.0000000E+00
   5.2063226E+01   0.0000000E+00
   5.2396965E+01   0.0000000E+00
   5.2730704E+01   0.0000000E+00
   5.3064442E+01   0.0000000E+00
   5.3398181E+01   0.0000000E+00
   5.3731919E+01   0.0000000E+00
   5.4065658E+01   0.0000000E+00
   5.4399397E+01   0.0000000E+00
   5.4733135E+01   0.0000000E+00
   5.5066874E+01   0.0000000E+00
   5.5400612E+01   0.0000000E+00
   5.5734351E+01   0.0000000E+00
   5.6068090E+01   0.0000000E+00
   5.6401828E+01   0.0000000E+00
   5.6735567E+01   0.0000000E+00
   5.7069305E+01   0.0000000E+00
   5.7403044E+01   0.0000000E+00
   5.7736783E+01   0.0000000E+00
   5.8070521E+01   0.0000000E+00
   5.8404260E+01   0.0000000E+00
   5.8737998E+01   0.0000000E+00
   5.9071737E+01   0.0000000E+00
   5.9405475E+01   0.0000000E+00
   5.9739214E+01   0.0000000E+00
   6.0072953E+01   0.0000000E+00
   6.0406691E+01   0.0000000E+00
   6.0740430E+01   0.0000000E+00
   6.1074168E+01   0.0000000E+00
   6.1407907E+01   0.0000000E+00
   6.1741646E+01   0.0000000E+00
   6.2075384E+01   0.0000000E+00
   6.2409123E+01   0.0000000E+00
   6.2742861E+01   0.0000000E+00
   6.3076600E+01   0.0000000E+00
   6.3410339E+01   0.0000000E+00
   6.3744077E+01   0.0000000E+00
   6.4077816E+01   0.0000000E+00
   6.4411554E+01   0.0000000E+00
   6.4745293E+01   0.0000000E+00
   6.5079032E+01   0.0000000E+00
   6.5412770E+01   0.0000000E+00
   6.5746509E+01   0.0000000E+00
   6.6080247E+01   0.0000000E+00
   6.6413986E+01   0.0000000E+00
   6.6747725E+01   0.0000000E+00
   6.7081463E+01   0.0000000E+00
   6.7415202E+01   0.0000000E+00
   6.7748940E+01   0.0000000E+00
   6.8082679E+01   0.0000000E+00
   6.8416418E+01   0.0000000E+00
   6.8750156E+01   0.0000000E+00
   6.9083895E+01   0.0000000E+00
   6.9417633E+01   0.0000000E+00
   6.9751372E+01   0.0000000E+00
   7.0085111E+01   0.0000000E+00
   7.0418849E+01   0.0000000E+00
   7.0752588E+01   0.0000000E+00
   7.1086326E+01   0.0000000E+00
   7.1420065E+01   0.0000000E+00
   7.1753804E+01   0.0000000E+00
   7.2087542E+01   0.0000000E+00
   7.2421281E+01   0.0000000E+00
   7.2755019E+01   0.0000000E+00
   7.3088758E+01   0.0000000E+00
   7.3422496E+01   0.0000000E+00
   7.3756235E+01   0.0000000E+00
   7.4089974E+01   0.0000000E+00
   7.4423712E+01   0.0000000E+00
   7.4757451E+01   0.0000000E+00
   7.5091189E+01   0.0000000E+00
   7.5424928E+01   0.0000000E+00
   7.5758667E+01   0.0000000E+00
   7.6092405E+01   0.0000000E+00
   7.6426144E+01   0.0000000E+00
   7.6759882E+01   0.0000000E+00
   7.7093621E+01   0.0000000E+00
   7.7427360E+01   0.0000000E+00
   7.7761098E+01   0.0000000E+00
   7.8094837E+01   0.0000000E+00
   7.8428575E+01   0.0000000E+00
   7.8762314E+01   0.0000000E+00
   7.9096053E+01   0.0000000E+00
   7.9429791E+01   0.0000000E+00
   7.9763530E+01   0.0000000E+00
   8.0097268E+01   0.0000000E+00
   8.0431007E+01   0.0000000E+00
   8.0764746E+01   0.0000000E+00
   8.1098484E+01   0.0000000E+00
   8.1432223E+01   0.0000000E+00
   8.1765961E+01   0.0000000E+00
   8.2099700E+01   0.0000000E+00
   8.2433439E+01   0.0000000E+00
   8.2767177E+01   0.0000000E+00
   8.3100916E+01   0.0000000E+00
   8.3434654E+01   0.0000000E+00
   8.3768393E+01   0.0000000E+00
   8.4102132E+01   0.0000000E+00
   8.4435870E+01   0.0000000E+00
   8.4769609E+01   0.0000000E+00
   8.5103347E+01   0.0000000E+00
   8.5437086E+01   0.0000000E+00
   8.5770825E+01   0.0000000E+00
   8.6104563E+01   0.0000000E+00
   8.6438302E+01   0.0000000E+00
   8.6772040E+01   0.0000000E+00
   8.7105779E+01   0.0000000E+00
   8.7439517E+01   0.0000000E+00
   8.7773256E+01   0.0000000E+00
   8.8106995E+01   0.0000000E+00
   8.8440733E+01   0.0000000E+00
   8.8774472E+01   0.0000000E+00
   8.9108210E+01   0.0000000E+00
   8.9441949E+01   0.0000000E+00
   8.9775688E+01   0.0000000E+00
   9.0109426E+01   0.0000000E+00
   9.0443165E+01   0.0000000E+00
   9.0776903E+01   0.0000000E+00
   9.1110642E+01   0.0000000E+00
   9.1444381E+01   0.0000000E+00
   9.1778119E+01   0.0000000E+00
   9.2111858E+01   0.0000000E+00
   9.2445596E+01   0.0000000E+00
   9.2779335E+01   0.0000000E+00
   9.3113074E+01   0.0000000E+00
   9.3446812E+01   0.0000000E+00
   9.3780551E+01   0.0000000E+00
   9.4114289E+01   0.0000000E+00
   9.4448028E+01   0.0000000E+00
   9.4781767E+01   0.0000000E+00
   9.5115505E+01   0.0000000E+00
   9.5449244E+01   0.0000000E+00
   9.5782982E+01   0.0000000E+00
   9.6116721E+01   0.0000000E+00
   9.6450460E+01   0.0000000E+00
   9.6784198E+01   0.0000000E+00
   9.7117937E+01   0.0000000E+00
   9.7451675E+01   0.0000000E+00
   9.7785414E+01   0.0000000E+00
   9.8119153E+01   0.0000000E+00
   9.8452891E+01   0.0000000E+00
   9.8786630E+01   0.0000000E+00
   9.9120368E+01   0.0000000E+00
   9.9454107E+01   0.0000000E+00
   9.9787846E+01   0.0000000E+00
   1.0012158E+02   0.0000000E+00
   1.0045532E+02   0.0000000E+00
   1.0078906E+02   0.0000000E+00
   1.0112280E+02   0.0000000E+00
   1.0145654E+02   0.0000000E+00
   1.0179028E+02   0.0000000E+00
   1.0212402E+02   0.0000000E+00
   1.0245775E+02   0.0000000E+00
   1.0279149E+02   0.0000000E+00
   1.0312523E+02   0.0000000E+00
   1.0345897E+02   0.0000000E+00
   1.0379271E+02   0.0000000E+00
   1.0412645E+02   0.0000000E+00
   1.0446019E+02   0.0000000E+00
   1.0479392E+02   0.0000000E+00
   1.0512766E+02   0.0000000E+00
   1.0546140E+02   0.0000000E+00
   1.0579514E+02   0.0000000E+00
   1.0612888E+02   0.0000000E+00
   1.0646262E+02   0.0000000E+00
   1.0679636E+02   0.0000000E+00
   1.0713009E+02   0.0000000E+00
   1.0746383E+02   0.0000000E+00
   1.0779757E+02   0.0000000E+00
   1.0813131E+02   0.0000000E+00
   1.0846505E+02   0.0000000E+00
   1.0879879E+02   0.0000000E+00
   1.0913253E+02   0.0000000E+00
   1.0946626E+02   0.0000000E+00
   1.0980000E+02   0.0000000E+00
   1.1013374E+02   0.0000000E+00
   1.1046748E+02   0.0000000E+00
   1.1080122E+02   0.0000000E+00
   1.1113496E+02   0.0000000E+00
   1.1146870E+02   0.0000000E+00
   1.1180243E+02   0.0000000E+00
   1.1213617E+02   0.0000000E+00
   1.1246991E+02   0.0000000E+00
   1.1280365E+02   0.0000000E+00
   1.1313739E+02   0.0000000E+00
   1.1347113E+02   0.0000000E+00
   1.1380487E+02   0.0000000E+00
   1.1413861E+02   0.0000000E+00
   1.1447234E+02   0.0000000E+00
   1.1480608E+02   0.0000000E+00
   1.1513982E+02   0.0000000E+00
   1.1547356E+02   0.0000000E+00
   1.1580730E+02   0.0000000E+00
   1.1614104E+02   0.0000000E+00
   1.1647478E+02   0.0000000E+00
   1.1680851E+02   0.0000000E+00
   1.1714225E+02   0.0000000E+00
   1.1747599E+02   0.0000000E+00
   1.1780973E+02   0.0000000E+00
   1.1814347E+02   0.0000000E+00
   1.1847721E+02   0.0000000E+00
   1.1881095E+02   0.0000000E+00
   1.1914468E+02   0.0000000E+00
   1.1947842E+02   0.0000000E+00
   1.1981216E+02   0.0000000E+00
   1.2014590E+02   0.0000000E+00
   1.2047964E+02   0.0000000E+00
   1.2081338E+02   0.0000000E+00
   1.2114712E+02   0.0000000E+00
   1.2148085E+02   0.0000000E+00
   1.2181459E+02   0.0000000E+00
   1.2214833E+02   0.0000000E+00
   1.2248207E+02   0.0000000E+00
   1.2281581E+02   0.0000000E+00
   1.2314955E+02   0.0000000E+00
   1.2348329E+02   0.0000000E+00
   1.2381702E+02   0.0000000E+00
   1.2415076E+02   0.0000000E+00
   1.2448450E+02   0.0000000E+00
   1.2481824E+02   0.0000000E+00
   1.2515198E+02   0.0000000E+00
   1.2548572E+02   0.0000000E+00
   1.2581946E+02   0.0000000E+00
   1.2615319E+02   0.0000000E+00
   1.2648693E+02   0.0000000E+00
   1.2682067E+02   0.0000000E+00
   1.2715441E+02   0.0000000E+00
   1.2748815E+02   0.0000000E+00
   1.2782189E+02   0.0000000E+00
   1.2815563E+02   0.0000000E+00
   1.2848936E+02   0.0000000E+00
   1.2882310E+02   0.0000000E+00
   1.2915684E+02   0.0000000E+00
   1.2949058E+02   0.0000000E+00
   1.2982432E+02   0.0000000E+00
   1.3015806E+02   0.0000000E+00
   1.3049180E+02   0.0000000E+00
   1.3082553E+02   0.0000000E+00
   1.3115927E+02   0.0000000E+00
   1.3149301E+02   0.0000000E+00
   1.3182675E+02   0.0000000E+00
   1.3216049E+02   0.0000000E+00
   1.3249423E+02   0.0000000E+00
   1.3282797E+02   0.0000000E+00
   1.3316171E+02   0.0000000E+00
   1.3349544E+02   0.0000000E+00
   1.3382918E+02   0.0000000E+00
   1.3416292E+02   0.0000000E+00
   1.3449666E+02   0.0000000E+00
   1.3483040E+02   0.0000000E+00
   1.3516414E+02   0.0000000E+00
   1.3549788E+02   0.0000000E+00
   1.3583161E+02   0.0000000E+00
   1.3616535E+02   0.0000000E+00
   1.3649909E+02   0.0000000E+00
   1.3683283E+02   0.0000000E+00
   1.3716657E+02   0.0000000E+00
   1.3750031E+02   0.0000000E+00
   1.3783405E+02   0.0000000E+00
   1.3816778E+02   0.0000000E+00
   1.3850152E+02   0.0000000E+00
   1.3883526E+02   0.0000000E+00
   1.3916900E+02   0.0000000E+00
   1.3950274E+02   0.0000000E+00
   1.3983648E+02   0.0000000E+00
   1.4017022E+02   0.0000000E+00
   1.4050395E+02   0.0000000E+00
   1.4083769E+02   0.0000000E+00
   1.4117143E+02   0.0000000E+00
   1.4150517E+02   0.0000000E+00
   1.4183891E+02   0.0000000E+00
   1.4217265E+02   0.0000000E+00
   1.4250639E+02   0.0000000E+00
   1.4284012E+02   0.0000000E+00
   1.4317386E+02   0.0000000E+00
   1.4350760E+02   0.0000000E+00
   1.4384134E+02   0.0000000E+00
   1.4417508E+02   0.0000000E+00
   1.4450882E+02   0.0000000E+00
   1.4484256E+02   0.0000000E+00
   1.4517629E+02   0.0000000E+00
   1.4551003E+02   0.0000000E+00
   1.4584377E+02   0.0000000E+00
   1.4617751E+02   0.0000000E+00
   1.4651125E+02   0.0000000E+00
   1.4684499E+02   0.0000000E+00
   1.4717873E+02   0.0000000E+00
   1.4751246E+02   0.0000000E+00
   1.4784620E+02   0.0000000E+00
   1.4817994E+02   0.0000000E+00
   1.4851368E+02   0.0000000E+00
   1.4884742E+02   0.0000000E+00
   1.4918116E+02   0.0000000E+00
   1.4951490E+02   0.0000000E+00
   1.4984863E+02   0.0000000E+00
   1.5018237E+02   0.0000000E+00
   1.5051611E+02   0.0000000E+00
   1.5084985E+02   0.0000000E+00
   1.5118359E+02   0.0000000E+00
   1.5151733E+02   0.0000000E+00
   1.5185107E+02   0.0000000E+00
   1.5218480E+02  -1.4012985E-45
   1.5251854E+02  -4.2038954E-45
   1.5285228E+02  -5.6051939E-45
   1.5318602E+02  -5.6051939E-45
   1.5351976E+02  -5.6051939E-45
   1.5385350E+02  -5.6051939E-45
   1.5418724E+02  -1.4012985E-45
   1.5452098E+02   1.4012985E-45
   1.5485471E+02   4.2038954E-45
   1.5518845E+02   5.6051939E-45
   1.5552219E+02   9.8090893E-45
   1.5585593E+02   1.1210388E-44
   1.5618967E+02   9.8090893E-45
   1.5652341E+02   8.4077908E-45
   1.5685715E+02   7.0064923E-45
   1.5719088E+02   1.4012985E-45
   1.5752462E+02  -7.0064923E-45
   1.5785836E+02  -1.8216880E-44
   1.5819210E+02  -2.9427268E-44
   1.5852584E+02  -4.0637655E-44
   1.5885958E+02  -4.4841551E-44
   1.5919332E+02  -4.4841551E-44
   1.5952705E+02  -3.9236357E-44
   1.5986079E+02  -1.8216880E-44
   1.6019453E+02   4.2038954E-45
   1.6052827E+02   3.9236357E-44
   1.6086201E+02   7.7071416E-44
   1.6119575E+02   1.1210388E-43
   1.6152949E+02   1.4012985E-43
   1.6186322E+02   1.5834673E-43
   1.6219696E+02   1.5974802E-43
   1.6253070E+02   1.3872855E-43
   1.6286444E+02   9.5288296E-44
   1.6319818E+02   2.9427268E-44
   1.6353192E+02  -4.9045446E-44
   1.6386566E+02  -1.3312335E-43
   1.6419939E+02  -2.1860256E-43
   1.6453313E+02  -2.8446359E-43
   1.6486687E+02  -3.2229865E-43
   1.6520061E+02  -3.2369995E-43
   1.6553435E+02  -2.8306229E-43
   1.6586809E+02  -1.9337919E-43
   1.6620183E+02  -6.4459729E-44
   1.6653556E+02   9.6689594E-44
   1.6686930E+02   2.6204281E-43
   1.6720304E+02   4.1898824E-43
   1.6753678E+02   5.3249342E-43
   1.6787052E+02   5.8294016E-43
   1.6820426E+02   5.5211159E-43
   1.6853800E+02   4.2459343E-43
   1.6887173E+02   2.1019477E-43
   1.6920547E+02  -8.4077908E-44
   1.6953921E+02  -4.1478435E-43
   1.6987295E+02  -7.4128689E-43
   1.7020669E+02  -1.0131388E-42
   1.7054043E+02  -1.1714855E-42
   1.7087417E+02  -1.1728868E-42
   1.7120790E+02  -9.8791542E-43
   1.7154164E+02  -6.0255834E-43
   1.7187538E+02  -4.3440252E-44
   1.7220912E+02   6.4179470E-43
   1.7254286E+02   1.3634634E-42
   1.7287660E+02   2.0178698E-42
   1.7321034E+02   2.4915087E-42
   1.7354408E+02   2.6722762E-42
   1.7387781E+02   2.4746931E-42
   1.7421155E+02   1.8595231E-42
   1.7454529E+02   8.3377259E-43
   1.7487903E+02  -5.1427654E-43
   1.7521277E+02  -2.0374880E-42
   1.7554651E+02  -3.5312721E-42
   1.7588025E+02  -4.7672174E-42
   1.7621398E+02  -5.4930900E-42
   1.7654772E+02  -5.4972939E-42
   1.7688146E+02  -4.6481070E-42
   1.7721520E+02  -2.9147008E-42
   1.7754894E+02  -3.9796876E-43
   1.7788268E+02   2.6568619E-42
   1.7821642E+02   5.8798484E-42
   1.7855015E+02   8.7987531E-42
   1.7888389E+02   1.0906306E-41
   1.7921763E+02   1.1721862E-41
   1.7955137E+02   1.0876879E-41
   1.7988511E+02   8.1989973E-42
   1.8021885E+02   3.7526773E-42
   1.8055259E+02  -2.0991451E-42
   1.8088632E+02  -8.7160764E-42
   1.8122006E+02  -1.5226509E-41
   1.8155380E+02  -2.0600489E-41
   1.8188754E+02  -2.3805258E-41
   1.8222128E+02  -2.3948191E-41
   1.8255502E+02  -2.0447747E-41
   1.8288876E+02  -1.3175008E-41
   1.8322249E+02  -2.5447580E-42
   1.8355623E+02   1.0422858E-41
   1.8388997E+02   2.4178004E-41
   1.8422371E+02   3.6757460E-41
   1.8455745E+02   4.6049470E-41
   1.8489119E+02   5.0024954E-41
   1.8522493E+02   4.7128470E-41
   1.8555866E+02   3.6568285E-41
   1.8589240E+02   1.8561599E-41
   1.8622614E+02  -5.4916887E-42
   1.8655988E+02  -3.3042618E-41
   1.8689362E+02  -6.0547304E-41
   1.8722736E+02  -8.3848095E-41
   1.8756110E+02  -9.8683642E-41
   1.8789483E+02  -1.0132369E-40
   1.8822857E+02  -8.9213667E-41
   1.8856231E+02  -6.1578660E-41
   1.8889605E+02  -1.9836781E-41
   1.8922979E+02   3.2222858E-41
   1.8956353E+02   8.8604102E-41
   1.8989727E+02   1.4162783E-40
   1.9023100E+02   1.8276996E-40
   1.9056474E+02   2.0382166E-40
   1.9089848E+02   1.9815061E-40
   1.9123222E+02   1.6197889E-40
   1.9156596E+02   9.5418616E-41
   1.9189970E+02   3.1333034E-42
   1.9223344E+02  -1.0559344E-40
   1.9256718E+02  -2.1743388E-40
   1.9290091E+02  -3.1633892E-40
   1.9323465E+02  -3.8542294E-40
   1.9356839E+02  -4.0936412E-40
   1.9390213E+02  -3.7691285E-40
   1.9423587E+02  -2.8326268E-40
   1.9456961E+02  -1.3182295E-40
   1.9490335E+02   6.4889928E-41
   1.9523708E+02   2.8556080E-40
   1.9557082E+02   5.0177555E-40
   1.9590456E+02   6.8098341E-40
   1.9623830E+02   7.9060699E-40
   1.9657204E+02   8.0283192E-40
   1.9690578E+02   6.9947354E-40
   1.9723952E+02   4.7623829E-40
   1.9757325E+02   1.4567058E-40
   1.9790699E+02  -2.6190128E-40
   1.9824073E+02  -6.9983228E-40
   1.9857447E+02  -1.1092819E-39
   1.9890821E+02  -1.4257791E-39
   1.9924195E+02  -1.5876810E-39
   1.9957569E+02  -1.5456224E-39
   1.9990942E+02  -1.2717008E-39
   2.0024316E+02  -7.6709740E-40
   2.0057690E+02  -6.6665373E-41
   2.0091064E+02   7.6056175E-40
   2.0124438E+02   1.6157308E-39
   2.0157812E+02   2.3796094E-39
   2.0191186E+02   2.9264451E-39
   2.0224559E+02   3.1410722E-39
   2.0257933E+02   2.9372841E-39
   2.0291307E+02   2.2750375E-39
   2.0324681E+02   1.1737794E-39
   2.0358055E+02  -2.8054836E-40
   2.0391429E+02  -1.9369448E-39
   2.0424803E+02  -3.5903747E-39
   2.0458176E+02  -5.0023426E-39
   2.0491550E+02  -5.9296295E-39
   2.0524924E+02  -6.1584055E-39
   2.0558298E+02  -5.5397350E-39
   2.0591672E+02  -4.0216187E-39
   2.0625046E+02  -1.6723881E-39
   2.0658420E+02   1.3091981E-39
   2.0691793E+02   4.6008720E-39
   2.0725167E+02   7.7825230E-39
   2.0758541E+02   1.0380057E-38
   2.0791915E+02   1.1924166E-38
   2.0825289E+02   1.2018128E-38
   2.0858663E+02   1.0406459E-38
   2.0892037E+02   7.0347621E-39
   2.0925410E+02   2.0909209E-39
   2.0958784E+02  -3.9814014E-39
   2.0992158E+02  -1.0503413E-38
   2.1025532E+02  -1.6618706E-38
   2.1058906E+02  -2.1385593E-38
   2.1092280E+02  -2.3896996E-38
   2.1125654E+02  -2.3415368E-38
   2.1159027E+02  -1.9506142E-38
   2.1192401E+02  -1.2150398E-38
   2.1225775E+02  -1.8173888E-39
   2.1259149E+02   1.0520184E-38
   2.1292523E+02   2.3439859E-38
   2.1325897E+02   3.5196055E-38
   2.1359271E+02   4.3914115E-38
   2.1392645E+02   4.7835352E-38
   2.1426018E+02   4.5587187E-38
   2.1459392E+02   3.6444102E-38
   2.1492766E+02   2.0540824E-38
   2.1526140E+02  -1.0006869E-39
   2.1559514E+02  -2.6063148E-38
   2.1592888E+02  -5.1666244E-38
   2.1626262E+02  -7.4244436E-38
   2.1659635E+02  -9.0055668E-38
   2.1693009E+02  -9.5685132E-38
   2.1726383E+02  -8.8588732E-38
   2.1759757E+02  -6.7605566E-38
   2.1793131E+02  -3.3360931E-38
   2.1826505E+02   1.1516406E-38
   2.1859879E+02   6.2425818E-38
   2.1893252E+02   1.1311365E-37
   2.1926626E+02   1.5628359E-37
   2.1960000E+02   1.8446143E-37
   2.1993374E+02   1.9103463E-37
   2.2026748E+02   1.7134846E-37
   2.2060122E+02   1.2371089E-37
   2.2093496E+02   5.0146788E-38
   2.2126869E+02  -4.3250365E-38
   2.2160243E+02  -1.4648984E-37
   2.2193617E+02  -2.4644434E-37
   2.2226991E+02  -3.2819309E-37
   2.2260365E+02  -3.7685570E-37
   2.2293739E+02  -3.7973892E-37
   2.2327113E+02  -3.2854025E-37
   2.2360486E+02  -2.2130278E-37
   2.2393860E+02  -6.3795329E-38
   2.2427234E+02   1.2998134E-37
   2.2460608E+02   3.3838676E-37
   2.2493982E+02   5.3393781E-37
   2.2527356E+02   6.8625967E-37
   2.2560730E+02   7.6596750E-37
   2.2594103E+02   7.4907604E-37
   2.2627477E+02   6.2139515E-37
   2.2660851E+02   3.8227050E-37
   2.2694225E+02   4.7015668E-38
   2.2727599E+02  -3.5254443E-37
   2.2760973E+02  -7.6982432E-37
   2.2794347E+02  -1.1476669E-36
   2.2827720E+02  -1.4247865E-36
   2.2861094E+02  -1.5439202E-36
   2.2894468E+02  -1.4608040E-36
   2.2927842E+02  -1.1528099E-36
   2.2961216E+02  -6.2593491E-37
   2.2994590E+02   8.1155696E-38
   2.3027964E+02   8.9712787E-37
   2.3061337E+02   1.7227143E-36
   2.3094711E+02   2.4403113E-36
   2.3128085E+02   2.9278803E-36
   2.3161459E+02   3.0758660E-36
   2.3194833E+02   2.8051940E-36
   2.3228207E+02   2.0839185E-36
   2.3261581E+02   9.3985953E-37
   2.3294955E+02  -5.3327801E-37
   2.3328328E+02  -2.1783114E-36
   2.3361702E+02  -3.7866067E-36
   2.3395076E+02  -5.1196144E-36
   2.3428450E+02  -5.9383860E-36
   2.3461824E+02  -6.0381372E-36
   2.3495198E+02  -5.2836756E-36
   2.3528572E+02  -3.6406974E-36
   2.3561945E+02  -1.1976937E-36
   2.3595319E+02   1.8262902E-36
   2.3628693E+02   5.0915425E-36
   2.3662067E+02   8.1667456E-36
   2.3695441E+02   1.0576187E-35
   2.3728815E+02   1.1861278E-35
   2.3762189E+02   1.1649840E-35
   2.3795562E+02   9.7243610E-36
   2.3828936E+02   6.0791267E-36
   2.3862310E+02   9.5610545E-37
   2.3895684E+02  -5.1491854E-36
   2.3929058E+02  -1.1517600E-35
   2.3962432E+02  -1.7273656E-35
   2.3995806E+02  -2.1486559E-35
   2.4029179E+02  -2.3295827E-35
   2.4062553E+02  -2.2047316E-35
   2.4095927E+02  -1.7421585E-35
   2.4129301E+02  -9.5347264E-36
   2.4162675E+02   1.0074854E-36
   2.4196049E+02   1.3117520E-35
   2.4229423E+02   2.5305107E-35
   2.4262796E+02   3.5827363E-35
   2.4296170E+02   4.2899761E-35
   2.4329544E+02   4.4947170E-35
   2.4362918E+02   4.0865148E-35
   2.4396292E+02   3.0255089E-35
   2.4429666E+02   1.3595140E-35
   2.4463040E+02  -7.6882417E-36
   2.4496413E+02  -3.1274377E-35
   2.4529787E+02  -5.4140251E-35
   2.4563161E+02  -7.2884415E-35
   2.4596535E+02  -8.4157216E-35
   2.4629909E+02  -8.5151628E-35
   2.4663283E+02  -7.4093797E-35
   2.4696657E+02  -5.0662056E-35
   2.4730030E+02  -1.6262680E-35
   2.4763404E+02   2.5899969E-35
   2.4796778E+02   7.1001449E-35
   2.4830152E+02   1.1303659E-34
   2.4863526E+02   1.4549774E-34
   2.4896900E+02   1.6223163E-34
   2.4930274E+02   1.5837875E-34
   2.4963647E+02   1.3127345E-34
   2.4997021E+02   8.1168235E-35
   2.5030395E+02   1.1651350E-35
   2.5063769E+02  -7.0350415E-35
   2.5097143E+02  -1.5504789E-34
   2.5130517E+02  -2.3075039E-34
   2.5163891E+02  -2.8524743E-34
   2.5197264E+02  -3.0747764E-34
   2.5230638E+02  -2.8928985E-34
   2.5264012E+02  -2.2705624E-34
   2.5297386E+02  -1.2288488E-34
   2.5330760E+02   1.4803780E-35
   2.5364134E+02   1.7151636E-34
   2.5397508E+02   3.2783105E-34
   2.5430882E+02   4.6142084E-34
   2.5464255E+02   5.4979900E-34
   2.5497629E+02   5.7350321E-34
   2.5531003E+02   5.1932817E-34
   2.5564377E+02   3.8315463E-34
   2.5597751E+02   1.7190696E-34
   2.5631125E+02  -9.5769023E-35
   2.5664499E+02  -3.9039586E-34
   2.5697872E+02  -6.7423160E-34
   2.5731246E+02  -9.0539541E-34
   2.5764620E+02  -1.0431987E-33
   2.5797994E+02  -1.0541006E-33
   2.5831368E+02  -9.1753358E-34
   2.5864742E+02  -6.3075112E-34
   2.5898116E+02  -2.1186509E-34
   2.5931489E+02   2.9962612E-34
   2.5964863E+02   8.4526281E-34
   2.5998237E+02   1.3530930E-33
   2.6031611E+02   1.7458547E-33
   2.6064985E+02   1.9511111E-33
   2.6098359E+02   1.9121890E-33
   2.6131733E+02   1.5984885E-33
   2.6165106E+02   1.0136190E-33
   2.6198480E+02   1.9989054E-34
   2.6231854E+02  -7.6199653E-34
   2.6265228E+02  -1.7587151E-33
   2.6298602E+02  -2.6555062E-33
   2.6331976E+02  -3.3120046E-33
   2.6365350E+02  -3.6011394E-33
   2.6398723E+02  -3.4288865E-33
   2.6432097E+02  -2.7522224E-33
   2.6465471E+02  -1.5924953E-33
   2.6498845E+02  -4.1691364E-35
   2.6532219E+02   1.7403038E-33
   2.6565593E+02   3.5383342E-33
   2.6598967E+02   5.1041324E-33
   2.6632340E+02   6.1862506E-33
   2.6665714E+02   6.5646804E-33
   2.6699088E+02   6.0859736E-33
   2.6732462E+02   4.6940509E-33
   2.6765836E+02   2.4517679E-33
   2.6799210E+02  -4.5103502E-34
   2.6832584E+02  -3.7060185E-33
   2.6865957E+02  -6.9124916E-33
   2.6899331E+02  -9.6200305E-33
   2.6932705E+02  -1.1383938E-32
   2.6966079E+02  -1.1827611E-32
   2.6999453E+02  -1.0704142E-32
   2.7032827E+02  -7.9484592E-33
   2.7066201E+02  -3.7115555E-33
   2.7099574E+02   1.6304588E-33
   2.7132948E+02   7.4971193E-33
   2.7166322E+02   1.3155425E-32
   2.7199696E+02   1.7799765E-32
   2.7233070E+02   2.0652755E-32
   2.7266444E+02   2.1075938E-32
   2.7299818E+02   1.8676388E-32
   2.7333192E+02   1.3394065E-32
   2.7366565E+02   5.5552790E-33
   2.7399939E+02  -4.1196294E-33
   2.7433313E+02  -1.4561567E-32
   2.7466687E+02  -2.4451781E-32
   2.7500061E+02  -3.2368410E-32
   2.7533435E+02  -3.6966650E-32
   2.7566809E+02  -3.7172464E-32
   2.7600182E+02  -3.2365092E-32
   2.7633556E+02  -2.2521934E-32
   2.7666930E+02  -8.3011516E-33
   2.7700304E+02   8.9575035E-33
   2.7733678E+02   2.7324399E-32
   2.7767052E+02   4.4463955E-32
   2.7800426E+02   5.7897728E-32
   2.7833799E+02   6.5321257E-32
   2.7867173E+02   6.4938646E-32
   2.7900547E+02   5.5771600E-32
   2.7933921E+02   3.7898097E-32
   2.7967295E+02   1.2579069E-32
   2.8000669E+02  -1.7758500E-32
   2.8034043E+02  -4.9697744E-32
   2.8067416E+02  -7.9164290E-32
   2.8100790E+02  -1.0188965E-31
   2.8134164E+02  -1.1395978E-31
   2.8167538E+02  -1.1238568E-31
   2.8200912E+02  -9.5622163E-32
   2.8234286E+02  -6.3958189E-32
   2.8267660E+02  -1.9710387E-32
   2.8301033E+02   3.2830758E-32
   2.8334407E+02   8.7725968E-32
   2.8367781E+02   1.3797334E-31
   2.8401155E+02   1.7630974E-31
   2.8434529E+02   1.9614651E-31
   2.8467903E+02   1.9253093E-31
   2.8501277E+02   1.6300836E-31
   2.8534650E+02   1.0825725E-31
   2.8568024E+02   3.2384960E-32
   2.8601398E+02  -5.7196763E-32
   2.8634772E+02  -1.5035082E-31
   2.8668146E+02  -2.3522639E-31
   2.8701520E+02  -2.9962063E-31
   2.8734894E+02  -3.3255161E-31
   2.8768267E+02  -3.2585841E-31
   2.8801641E+02  -2.7561976E-31
   2.8835015E+02  -1.8318029E-31
   2.8868389E+02  -5.5602458E-32
   2.8901763E+02   9.4584131E-32
   2.8935137E+02   2.5038617E-31
   2.8968511E+02   3.9205762E-31
   2.9001884E+02   4.9937596E-31
   2.9035258E+02   5.5424775E-31
   2.9068632E+02   5.4333813E-31
   2.9102006E+02   4.6037851E-31
   2.9135380E+02   3.0781166E-31
   2.9168754E+02   9.7479197E-32
   2.9202128E+02  -1.4984906E-31
   2.9235501E+02  -4.0617435E-31
   2.9268875E+02  -6.3911435E-31
   2.9302249E+02  -8.1564920E-31
   2.9335623E+02  -9.0637799E-31
   2.9368997E+02  -8.8978123E-31
   2.9402371E+02  -7.5593032E-31
   2.9435745E+02  -5.0909226E-31
   2.9469119E+02  -1.6876128E-31
   2.9502492E+02   2.3119200E-31
   2.9535866E+02   6.4535420E-31
   2.9569240E+02   1.0214336E-30
   2.9602614E+02   1.3063438E-30
   2.9635988E+02   1.4530647E-30
   2.9669362E+02   1.4274622E-30
   2.9702736E+02   1.2141681E-30
   2.9736109E+02   8.2063856E-31
   2.9769483E+02   2.7866234E-31
   2.9802857E+02  -3.5716209E-31
   2.9836231E+02  -1.0141084E-30
   2.9869605E+02  -1.6088944E-30
   2.9902979E+02  -2.0574559E-30
   2.9936353E+02  -2.2858814E-30
   2.9969726E+02  -2.2411879E-30
   3.0003100E+02  -1.9005015E-30
   3.0036474E+02  -1.2772690E-30
   3.0069848E+02  -4.2335199E-31
   3.0103222E+02   5.7370716E-31
   3.0136596E+02   1.5984069E-30
   3.0169970E+02   2.5195117E-30
   3.0203343E+02   3.2056510E-30
   3.0236717E+02   3.5425894E-30
   3.0270091E+02   3.4500680E-30
   3.0303465E+02   2.8959584E-30
   3.0336839E+02   1.9055478E-30
   3.0370213E+02   5.6423809E-31
   3.0403587E+02  -9.8741996E-31
   3.0436960E+02  -2.5664988E-30
   3.0470334E+02  -3.9674258E-30
   3.0503708E+02  -4.9867886E-30
   3.0537082E+02  -5.4504803E-30
   3.0570456E+02  -5.2398272E-30
   3.0603830E+02  -4.3131276E-30
   3.0637204E+02  -2.7192701E-30
   3.0670577E+02  -6.0077654E-31
   3.0703951E+02   1.8152635E-30
   3.0737325E+02   4.2384373E-30
   3.0770699E+02   6.3469127E-30
   3.0804073E+02   7.8268988E-30
   3.0837447E+02   8.4152125E-30
   3.0870821E+02   7.9396462E-30
   3.0904194E+02   6.3515379E-30
   3.0937568E+02   3.7453387E-30
   3.0970942E+02   3.6126609E-31
   3.1004316E+02  -3.4311713E-30
   3.1037690E+02  -7.1685971E-30
   3.1071064E+02  -1.0345464E-29
   3.1104438E+02  -1.2476873E-29
   3.1137811E+02  -1.3165347E-29
   3.1171185E+02  -1.2163129E-29
   3.1204559E+02  -9.4212054E-30
   3.1237933E+02  -5.1171522E-30
   3.1271307E+02   3.4418282E-31
   3.1304681E+02   6.3601098E-30
   3.1338055E+02   1.2188992E-29
   3.1371429E+02   1.7033878E-29
   3.1404802E+02   2.0142427E-29
   3.1438176E+02   2.0911564E-29
   3.1471550E+02   1.8983545E-29
   3.1504924E+02   1.4319671E-29
   3.1538298E+02   7.2395857E-30
   3.1571672E+02  -1.5827191E-30
   3.1605046E+02  -1.1170272E-29
   3.1638419E+02  -2.0340024E-29
   3.1671793E+02  -2.7837262E-29
   3.1705167E+02  -3.2493694E-29
   3.1738541E+02  -3.3390750E-29
   3.1771915E+02  -3.0007078E-29
   3.1805289E+02  -2.2329003E-29
   3.1838663E+02  -1.0905574E-29
   3.1872036E+02   3.1648886E-30
   3.1905410E+02   1.8322037E-29
   3.1938784E+02   3.2700644E-29
   3.1972158E+02   4.4344137E-29
   3.2005532E+02   5.1451989E-29
   3.2038906E+02   5.2631964E-29
   3.2072280E+02   4.7124250E-29
   3.2105653E+02   3.4965174E-29
   3.2139027E+02   1.7062758E-29
   3.2172401E+02  -4.8348022E-30
   3.2205775E+02  -2.8284207E-29
   3.2239149E+02  -5.0397982E-29
   3.2272523E+02  -6.8178702E-29
   3.2305897E+02  -7.8900704E-29
   3.2339270E+02  -8.0493490E-29
   3.2372644E+02  -7.1876632E-29
   3.2406018E+02  -5.3197080E-29
   3.2439392E+02  -2.5927952E-29
   3.2472766E+02   7.1975749E-30
   3.2506140E+02   4.2424541E-29
   3.2539514E+02   7.5372003E-29
   3.2572887E+02   1.0154880E-28
   3.2606261E+02   1.1693308E-28
   3.2639635E+02   1.1854458E-28
   3.2673009E+02   1.0493338E-28
   3.2706383E+02   7.6512707E-29
   3.2739757E+02   3.5676429E-29
   3.2773131E+02  -1.3334194E-29
   3.2806504E+02  -6.4820627E-29
   3.2839878E+02  -1.1224618E-28
   3.2873252E+02  -1.4902357E-28
   3.2906626E+02  -1.6938171E-28
   3.2940000E+02  -1.6920385E-28
   3.2973374E+02  -1.4672298E-28
   3.3006748E+02  -1.0296830E-28
   3.3040121E+02  -4.1880833E-29
   3.3073495E+02   2.9948497E-29
   3.3106869E+02   1.0391750E-28
   3.3140243E+02   1.7037799E-28
   3.3173617E+02   2.1982786E-28
   3.3206991E+02   2.4419246E-28
   3.3240365E+02   2.3803042E-28
   3.3273739E+02   1.9949741E-28
   3.3307112E+02   1.3091422E-28
   3.3340486E+02   3.8829300E-29
   3.3373860E+02  -6.6480658E-29
   3.3407234E+02  -1.7205507E-28
   3.3440608E+02  -2.6374859E-28
   3.3473982E+02  -3.2802482E-28
   3.3507356E+02  -3.5382930E-28
   3.3540729E+02  -3.3429815E-28
   3.3574103E+02  -2.6805642E-28
   3.3607477E+02  -1.5989405E-28
   3.3640851E+02  -2.0672631E-29
   3.3674225E+02   1.3359578E-28
   3.3707599E+02   2.8344708E-28
   3.3740973E+02   4.0828261E-28
   3.3774346E+02   4.8904908E-28
   3.3807720E+02   5.1095153E-28
   3.3841094E+02   4.6583589E-28
   3.3874468E+02   3.5388717E-28
   3.3907842E+02   1.8435549E-28
   3.3941216E+02  -2.4881679E-29
   3.3974590E+02  -2.4896422E-28
   3.4007963E+02  -4.5878925E-28
   3.4041337E+02  -6.2457595E-28
   3.4074711E+02  -7.1984607E-28
   3.4108085E+02  -7.2532149E-28
   3.4141459E+02  -6.3220052E-28
   3.4174833E+02  -4.4431430E-28
   3.4208207E+02  -1.7876804E-28
   3.4241580E+02   1.3516027E-28
   3.4274954E+02   4.5887202E-28
   3.4308328E+02   7.4883190E-28
   3.4341702E+02   9.6202550E-28
   3.4375076E+02   1.0618582E-27
   3.4408450E+02   1.0237360E-27
   3.4441824E+02   8.3954570E-28
   3.4475197E+02   5.2033003E-28
   3.4508571E+02   9.6626842E-29
   3.4541945E+02  -3.8378875E-28
   3.4575319E+02  -8.6069838E-28
   3.4608693E+02  -1.2683635E-27
   3.4642067E+02  -1.5438472E-27
   3.4675441E+02  -1.6357520E-27
   3.4708814E+02  -1.5122458E-27
   3.4742188E+02  -1.1672372E-27
   3.4775562E+02  -6.2371212E-28
   3.4808936E+02   6.6475350E-29
   3.4842310E+02   8.2666181E-28
   3.4875684E+02   1.5630880E-27
   3.4909058E+02   2.1755925E-27
   3.4942431E+02   2.5701420E-27
   3.4975805E+02   2.6717261E-27
   3.5009179E+02   2.4359526E-27
   3.5042553E+02   1.8577191E-27
   3.5075927E+02   9.7557057E-28
   3.5109301E+02  -1.2919976E-28
   3.5142675E+02  -1.3390425E-27
   3.5176048E+02  -2.5118797E-27
   3.5209422E+02  -3.4969965E-27
   3.5242796E+02  -4.1533935E-27
   3.5276170E+02  -4.3684567E-27
   3.5309544E+02  -4.0745640E-27
   3.5342918E+02  -3.2613474E-27
   3.5376292E+02  -1.9816943E-27
   3.5409666E+02  -3.5023363E-28
   3.5443039E+02   1.4660683E-27
   3.5476413E+02   3.2646169E-27
   3.5509787E+02   4.8296141E-27
   3.5543161E+02   5.9577668E-27
   3.5576535E+02   6.4842741E-27
   3.5609909E+02   6.3057831E-27
   3.5643283E+02   5.3972353E-27
   3.5676656E+02   3.8200162E-27
   3.5710030E+02   1.7198094E-27
   3.5743404E+02  -6.8625602E-28
   3.5776778E+02  -3.1322198E-27
   3.5810152E+02  -5.3334223E-27
   3.5843526E+02  -7.0207812E-27
   3.5876900E+02  -7.9750987E-27
   3.5910273E+02  -8.0570070E-27
   3.5943647E+02  -7.2284588E-27
   3.5977021E+02  -5.5624666E-27
   3.6010395E+02  -3.2391476E-27
   3.6043769E+02  -5.2775026E-28
   3.6077143E+02   2.2438540E-27
   3.6110517E+02   4.7289785E-27
   3.6143890E+02   6.6066269E-27
   3.6177264E+02   7.6251002E-27
   3.6210638E+02   7.6389685E-27
   3.6244012E+02   6.6340436E-27
   3.6277386E+02   4.7362877E-27
   3.6310760E+02   2.2024284E-27
   3.6344134E+02  -6.0779036E-28
   3.6377507E+02  -3.2752095E-27
   3.6410881E+02  -5.3761445E-27
   3.6444255E+02  -6.5419310E-27
   3.6477629E+02  -6.5156290E-27
   3.6511003E+02  -5.1979971E-27
   3.6544377E+02  -2.6757715E-27
   3.6577751E+02   7.7300665E-28
   3.6611124E+02   4.6993045E-27
   3.6644498E+02   8.5285463E-27
   3.6677872E+02   1.1627504E-26
   3.6711246E+02   1.3385760E-26
   3.6744620E+02   1.3302508E-26
   3.6777994E+02   1.1067843E-26
   3.6811368E+02   6.6276619E-27
   3.6844741E+02   2.2228082E-28
   3.6878115E+02  -7.6087868E-27
   3.6911489E+02  -1.6059539E-26
   3.6944863E+02  -2.4127490E-26
   3.6978237E+02  -3.0715754E-26
   3.7011611E+02  -3.4757926E-26
   3.7044985E+02  -3.5352678E-26
   3.7078358E+02  -3.1892935E-26
   3.7111732E+02  -2.4173499E-26
   3.7145106E+02  -1.2462508E-26
   3.7178480E+02   2.4752061E-27
   3.7211854E+02   1.9410021E-26
   3.7245228E+02   3.6736125E-26
   3.7278602E+02   5.2611932E-26
   3.7311976E+02   6.5140904E-26
   3.7345349E+02   7.2576152E-26
   3.7378723E+02   7.3527790E-26
   3.7412097E+02   6.7150527E-26
   3.7445471E+02   5.3288528E-26
   3.7478845E+02   3.2558598E-26
   3.7512219E+02   6.3566939E-27
   3.7545593E+02  -2.3218549E-26
   3.7578966E+02  -5.3524477E-26
   3.7612340E+02  -8.1604345E-26
   3.7645714E+02  -1.0446968E-25
   3.7679088E+02  -1.1940869E-25
   3.7712462E+02  -1.2429029E-25
   3.7745836E+02  -1.1782998E-25
   3.7779210E+02  -9.9787447E-26
   3.7812583E+02  -7.1068590E-26
   3.7845957E+02  -3.3714938E-26
   3.7879331E+02   9.2275055E-27
   3.7912705E+02   5.3954068E-26
   3.7946079E+02   9.6244100E-26
   3.7979453E+02   1.3187071E-25
   3.8012827E+02   1.5703794E-25
   3.8046200E+02   1.6880033E-25
   3.8079574E+02   1.6541813E-25
   3.8112948E+02   1.4660460E-25
   3.8146322E+02   1.1363301E-25
   3.8179696E+02   6.9279614E-26
   3.8213070E+02   1.7600616E-26
   3.8246444E+02  -3.6443365E-26
   3.8279817E+02  -8.7483645E-26
   3.8313191E+02  -1.3031112E-25
   3.8346565E+02  -1.6045559E-25
   3.8379939E+02  -1.7471086E-25
   3.8413313E+02  -1.7154214E-25
   3.8446687E+02  -1.5132073E-25
   3.8480061E+02  -1.1634870E-25
   3.8513434E+02  -7.0658019E-26
   3.8546808E+02  -1.9594314E-26
   3.8580182E+02   3.0776536E-26
   3.8613556E+02   7.4377603E-26
   3.8646930E+02   1.0586682E-25
   3.8680304E+02   1.2133041E-25
   3.8713678E+02   1.1883404E-25
   3.8747051E+02   9.8755919E-26
   3.8780425E+02   6.3846926E-26
   3.8813799E+02   1.8994310E-26
   3.8847173E+02  -2.9299012E-26
   3.8880547E+02  -7.3671436E-26
   3.8913921E+02  -1.0681489E-25
   3.8947295E+02  -1.2243597E-25
   3.8980668E+02  -1.1615051E-25
   3.9014042E+02  -8.6192884E-26
   3.9047416E+02  -3.3845535E-26
   3.9080790E+02   3.6482259E-26
   3.9114164E+02   1.1755461E-25
   3.9147538E+02   1.9996824E-25
   3.9180912E+02   2.7311277E-25
   3.9214285E+02   3.2632770E-25
   3.9247659E+02   3.5013054E-25
   3.9281033E+02   3.3738144E-25
   3.9314407E+02   2.8424414E-25
   3.9347781E+02   1.9083738E-25
   3.9381155E+02   6.1504878E-26
   3.9414529E+02  -9.5340250E-26
   3.9447903E+02  -2.6776747E-25
   3.9481276E+02  -4.4123180E-25
   3.9514650E+02  -5.9973205E-25
   3.9548024E+02  -7.2711716E-25
   3.9581398E+02  -8.0842712E-25
   3.9614772E+02  -8.3115805E-25
   3.9648146E+02  -7.8636446E-25
   3.9681520E+02  -6.6954402E-25
   3.9714893E+02  -4.8126422E-25
   3.9748267E+02  -2.2751286E-25
   3.9781641E+02   8.0220523E-26
   3.9815015E+02   4.2513509E-25
   3.9848389E+02   7.8559147E-25
   3.9881763E+02   1.1358729E-24
   3.9915137E+02   1.4472744E-24
   3.9948510E+02   1.6895456E-24
   3.9981884E+02   1.8327199E-24
   4.0015258E+02   1.8493223E-24
   4.0048632E+02   1.7169193E-24
   4.0082006E+02   1.4208898E-24
   4.0115380E+02   9.5726476E-25
   4.0148754E+02   3.3533668E-25
   4.0182127E+02  -4.2024395E-25
   4.0215501E+02  -1.2682813E-24
   4.0248875E+02  -2.1510977E-24
   4.0282249E+02  -2.9962424E-24
   4.0315623E+02  -3.7200349E-24
   4.0348997E+02  -4.2330923E-24
   4.0382371E+02  -4.4477524E-24
   4.0415744E+02  -4.2870662E-24
   4.0449118E+02  -3.6948083E-24
   4.0482492E+02  -2.6456855E-24
   4.0515866E+02  -1.1546778E-24
   4.0549240E+02   7.1568775E-25
   4.0582614E+02   2.8514277E-24
   4.0615988E+02   5.0878389E-24
   4.0649361E+02   7.2158527E-24
   4.0682735E+02   8.9947735E-24
   4.0716109E+02   1.0171405E-23
   4.0749483E+02   1.0505027E-23
   4.0782857E+02   9.7967153E-24
   4.0816231E+02   7.9206455E-24
   4.0849605E+02   4.8542106E-24
   4.0882978E+02   7.0305177E-25
   4.0916352E+02  -4.2832465E-24
   4.0949726E+02  -9.7088425E-24
   4.0983100E+02  -1.5046285E-23
   4.1016474E+02  -1.9670182E-23
   4.1049848E+02  -2.2910228E-23
   4.1083222E+02  -2.4121494E-23
   4.1116595E+02  -2.2767045E-23
   4.1149969E+02  -1.8505400E-23
   4.1183343E+02  -1.1272893E-23
   4.1216717E+02  -1.3493624E-24
   4.1250091E+02   1.0604674E-23
   4.1283465E+02   2.3550218E-23
   4.1316839E+02   3.6119502E-23
   4.1350213E+02   4.6716886E-23
   4.1383586E+02   5.3668688E-23
   4.1416960E+02   5.5413282E-23
   4.1450334E+02   5.0715653E-23
   4.1483708E+02   3.8884191E-23
   4.1517082E+02   1.9963277E-23
   4.1550456E+02  -5.1273655E-24
   4.1583830E+02  -3.4533926E-23
   4.1617203E+02  -6.5513308E-23
   4.1650577E+02  -9.4595492E-23
   4.1683951E+02  -1.1786589E-22
   4.1717325E+02  -1.3135539E-22
   4.1750699E+02  -1.3151057E-22
   4.1784073E+02  -1.1570223E-22
   4.1817447E+02  -8.2717575E-23
   4.1850820E+02  -3.3173766E-23
   4.1884194E+02   3.0210700E-23
   4.1917568E+02   1.0254510E-22
   4.1950942E+02   1.7694168E-22
   4.1984316E+02   2.4496002E-22
   4.2017690E+02   2.9731776E-22
   4.2051064E+02   3.2483237E-22
   4.2084437E+02   3.1952461E-22
   4.2117811E+02   2.7578479E-22
   4.2151185E+02   1.9147501E-22
   4.2184559E+02   6.8826675E-23
   4.2217933E+02  -8.5009948E-23
   4.2251307E+02  -2.5789395E-22
   4.2284681E+02  -4.3319768E-22
   4.2318054E+02  -5.9093442E-22
   4.2351428E+02  -7.0949499E-22
   4.2384802E+02  -7.6790139E-22
   4.2418176E+02  -7.4841115E-22
   4.2451550E+02  -6.3922543E-22
   4.2484924E+02  -4.3699900E-22
   4.2518298E+02  -1.4881345E-22
   4.2551671E+02   2.0673081E-22
   4.2585045E+02   5.9960477E-22
   4.2618419E+02   9.8984479E-22
   4.2651793E+02   1.3305424E-21
   4.2685167E+02   1.5722605E-21
   4.2718541E+02   1.6686091E-21
   4.2751915E+02   1.5825297E-21
   4.2785288E+02   1.2926397E-21
   4.2818662E+02   7.9886184E-22
   4.2852036E+02   1.2648487E-22
   4.2885410E+02  -6.7217467E-22
   4.2918784E+02  -1.5192045E-21
   4.2952158E+02  -2.3160789E-21
   4.2985532E+02  -2.9522732E-21
   4.3018905E+02  -3.3171572E-21
   4.3052279E+02  -3.3142932E-21
   4.3085653E+02  -2.8767896E-21
   4.3119027E+02  -1.9819082E-21
   4.3152401E+02  -6.6285102E-22
   4.3185775E+02   9.8442732E-22
   4.3219149E+02   2.8013303E-21
   4.3252522E+02   4.5751093E-21
   4.3285896E+02   6.0563620E-21
   4.3319270E+02   6.9850742E-21
   4.3352644E+02   7.1235211E-21
   4.3386018E+02   6.2929817E-21
   4.3419392E+02   4.4100735E-21
   4.3452766E+02   1.5176887E-21
   4.3486140E+02  -2.1948896E-21
   4.3519513E+02  -6.3876931E-21
   4.3552887E+02  -1.0585503E-20
   4.3586261E+02  -1.4214983E-20
   4.3619635E+02  -1.6662851E-20
   4.3653009E+02  -1.7351335E-20
   4.3686383E+02  -1.5823976E-20
   4.3719757E+02  -1.1831958E-20
   4.3753130E+02  -5.4090043E-21
   4.3786504E+02   3.0778082E-21
   4.3819878E+02   1.2913198E-20
   4.3853252E+02   2.3063857E-20
   4.3886626E+02   3.2258202E-20
   4.3920000E+02   3.9114050E-20
   4.3953374E+02   4.2305461E-20
   4.3986747E+02   4.0752849E-20
   4.4020121E+02   3.3814025E-20
   4.4053495E+02   2.1449764E-20
   4.4086869E+02   4.3359657E-21
   4.4120243E+02  -1.6102672E-20
   4.4153617E+02  -3.7756242E-20
   4.4186991E+02  -5.7998525E-20
   4.4220364E+02  -7.3955776E-20
   4.4253738E+02  -8.2854869E-20
   4.4287112E+02  -8.2415158E-20
   4.4320486E+02  -7.1236413E-20
   4.4353860E+02  -4.9127436E-20
   4.4387234E+02  -1.7319081E-20
   4.4420608E+02   2.1487331E-20
   4.4453981E+02   6.3269921E-20
   4.4487355E+02   1.0304551E-19
   4.4520729E+02   1.3542085E-19
   4.4554103E+02   1.5528856E-19
   4.4587477E+02   1.5859216E-19
   4.4620851E+02   1.4306272E-19
   4.4654225E+02   1.0881807E-19
   4.4687598E+02   5.8719006E-20
   4.4720972E+02  -1.6058427E-21
   4.4754346E+02  -6.4120476E-20
   4.4787720E+02  -1.1913464E-19
   4.4821094E+02  -1.5640219E-19
   4.4854468E+02  -1.6646108E-19
   4.4887842E+02  -1.4206103E-19
   4.4921215E+02  -7.9490428E-20
   4.4954589E+02   2.0400012E-20
   4.4987963E+02   1.5166548E-19
   4.5021337E+02   3.0337335E-19
   4.5054711E+02   4.6042434E-19
   4.5088085E+02   6.0507672E-19
   4.5121459E+02   7.1905901E-19
   4.5154832E+02   7.8606188E-19
   4.5188206E+02   7.9431476E-19
   4.5221580E+02   7.3890431E-19
   4.5254954E+02   6.2348108E-19
   4.5288328E+02   4.6103677E-19
   4.5321702E+02   2.7352746E-19
   4.5355076E+02   9.0236487E-20
   4.5388450E+02  -5.5058201E-20
   4.5421823E+02  -1.2789117E-19
   4.5455197E+02  -9.7503036E-20
   4.5488571E+02   5.8682545E-20
   4.5521945E+02   3.5107225E-19
   4.5555319E+02   7.7497456E-19
   4.5588693E+02   1.3092163E-18
   4.5622067E+02   1.9166312E-18
   4.5655440E+02   2.5465407E-18
   4.5688814E+02   3.1390776E-18
   4.5722188E+02   3.6309593E-18
   4.5755562E+02   3.9620694E-18
   4.5788936E+02   4.0820404E-18
   4.5822310E+02   3.9559309E-18
   4.5855684E+02   3.5681246E-18
   4.5889057E+02   2.9236819E-18
   4.5922431E+02   2.0466097E-18
   4.5955805E+02   9.7482687E-19
   4.5989179E+02  -2.4803000E-19
   4.6022553E+02  -1.5834829E-18
   4.6055927E+02  -3.0109002E-18
   4.6089301E+02  -4.5408998E-18
   4.6122674E+02  -6.2282043E-18
   4.6156048E+02  -8.1826485E-18
   4.6189422E+02  -1.0577200E-17
   4.6222796E+02  -1.3652125E-17
   4.6256170E+02  -1.7714893E-17
   4.6289544E+02  -2.3135924E-17
   4.6322918E+02  -3.0340998E-17
   4.6356291E+02  -3.9801522E-17
   4.6389665E+02  -5.2024777E-17
   4.6423039E+02  -6.7546067E-17
   4.6456413E+02  -8.6925367E-17
   4.6489787E+02  -1.1075047E-16
   4.6523161E+02  -1.3964832E-16
   4.6556535E+02  -1.7430550E-16
   4.6589908E+02  -2.1549805E-16
   4.6623282E+02  -2.6412923E-16
   4.6656656E+02  -3.2127367E-16
   4.6690030E+02  -3.8822522E-16
   4.6723404E+02  -4.6654479E-16
   4.6756778E+02  -5.5810556E-16
   4.6790152E+02  -6.6513167E-16
   4.6823525E+02  -7.9022748E-16
   4.6856899E+02  -9.3639641E-16
   4.6890273E+02  -1.1070454E-15
   4.6923647E+02  -1.3059766E-15
   4.6957021E+02  -1.5373640E-15
   4.6990395E+02  -1.8057161E-15
   4.7023769E+02  -2.1158258E-15
   4.7057142E+02  -2.4727028E-15
   4.7090516E+02  -2.8814919E-15
   4.7123890E+02  -3.3473690E-15
   4.7157264E+02  -3.8754205E-15
   4.7190638E+02  -4.4704785E-15
   4.7224012E+02  -5.1369219E-15
   4.7257386E+02  -5.8784019E-15
   4.7290760E+02  -6.6974967E-15
   4.7324133E+02  -7.5952513E-15
   4.7357507E+02  -8.5705809E-15
   4.7390881E+02  -9.6194838E-15
   4.7424255E+02  -1.0734059E-14
   4.7457629E+02  -1.1901228E-14
   4.7491003E+02  -1.3101117E-14
   4.7524377E+02  -1.4305072E-14
   4.7557750E+02  -1.5473159E-14
   4.7591124E+02  -1.6551075E-14
   4.7624498E+02  -1.7466402E-14
   4.7657872E+02  -1.8124006E-14
   4.7691246E+02  -1.8400491E-14
   4.7724620E+02  -1.8137535E-14
   4.7757994E+02  -1.7133860E-14
   4.7791367E+02  -1.5135606E-14
   4.7824741E+02  -1.1824890E-14
   4.7858115E+02  -6.8062367E-15
   4.7891489E+02   4.0977082E-16
   4.7924863E+02   1.0425454E-14
   4.7958237E+02   2.3979083E-14
   4.7991611E+02   4.1971458E-14
   4.8024984E+02   6.5498103E-14
   4.8058358E+02   9.5886589E-14
   4.8091732E+02   1.3474089E-13
   4.8125106E+02   1.8399316E-13
   4.8158480E+02   2.4596422E-13
   4.8191854E+02   3.2343475E-13
   4.8225228E+02   4.1972697E-13
   4.8258601E+02   5.3880143E-13
   4.8291975E+02   6.8536799E-13
   4.8325349E+02   8.6501395E-13
   4.8358723E+02   1.0843542E-12
   4.8392097E+02   1.3512021E-12
   4.8425471E+02   1.6747683E-12
   4.8458845E+02   2.0658887E-12
   4.8492218E+02   2.5372885E-12
   4.8525592E+02   3.1038817E-12
   4.8558966E+02   3.7831153E-12
   4.8592340E+02   4.5953701E-12
   4.8625714E+02   5.5643979E-12
   4.8659088E+02   6.7178489E-12
   4.8692462E+02   8.0878446E-12
   4.8725835E+02   9.7116360E-12
   4.8759209E+02   1.1632354E-11
   4.8792583E+02   1.3899861E-11
   4.8825957E+02   1.6571702E-11
   4.8859331E+02   1.9714182E-11
   4.8892705E+02   2.3403557E-11
   4.8926079E+02   2.7727430E-11
   4.8959452E+02   3.2786222E-11
   4.8992826E+02   3.8694912E-11
   4.9026200E+02   4.5584890E-11
   4.9059574E+02   5.3606088E-11
   4.9092948E+02   6.2929377E-11
   4.9126322E+02   7.3748972E-11
   4.9159696E+02   8.6285576E-11
   4.9193069E+02   1.0078931E-10
   4.9226443E+02   1.1754334E-10
   4.9259817E+02   1.3686775E-10
   4.9293191E+02   1.5912360E-10
   4.9326565E+02   1.8471757E-10
   4.9359939E+02   2.1410729E-10
   4.9393313E+02   2.4780630E-10
   4.9426687E+02   2.8639041E-10
   4.9460060E+02   3.3050390E-10
   4.9493434E+02   3.8086673E-10
   4.9526808E+02   4.3828152E-10
   4.9560182E+02   5.0364213E-10
   4.9593556E+02   5.7794164E-10
   4.9626930E+02   6.6228245E-10
   4.9660304E+02   7.5788448E-10
   4.9693677E+02   8.6609753E-10
   4.9727051E+02   9.8841035E-10
   4.9760425E+02   1.1264631E-09
   4.9793799E+02   1.2820595E-09
   4.9827173E+02   1.4571775E-09
   4.9860547E+02   1.6539849E-09
   4.9893921E+02   1.8748527E-09
   4.9927294E+02   2.1223636E-09
   4.9960668E+02   2.3993350E-09
   4.9994042E+02   2.7088234E-09
   5.0027416E+02   3.0541476E-09
   5.0060790E+02   3.4388936E-09
   5.0094164E+02   3.8669392E-09
   5.0127538E+02   4.3424553E-09
   5.0160911E+02   4.8699276E-09
   5.0194285E+02   5.4541678E-09
   5.0227659E+02   6.1003220E-09
   5.0261033E+02   6.8138792E-09
   5.0294407E+02   7.6006863E-09
   5.0327781E+02   8.4669480E-09
   5.0361155E+02   9.4192325E-09
   5.0394528E+02   1.0464473E-08
   5.0427902E+02   1.1609973E-08
   5.0461276E+02   1.2863399E-08
   5.0494650E+02   1.4232752E-08
   5.0528024E+02   1.5726391E-08
   5.0561398E+02   1.7353003E-08
   5.0594772E+02   1.9121563E-08
   5.0628145E+02   2.1041338E-08
   5.0661519E+02   2.3121828E-08
   5.0694893E+02   2.5372753E-08
   5.0728267E+02   2.7803981E-08
   5.0761641E+02   3.0425515E-08
   5.0795015E+02   3.3247389E-08
   5.0828389E+02   3.6279609E-08
   5.0861762E+02   3.9532146E-08
   5.0895136E+02   4.3014747E-08
   5.0928510E+02   4.6736915E-08
   5.0961884E+02   5.0707815E-08
   5.0995258E+02   5.4936109E-08
   5.1028632E+02   5.9429958E-08
   5.1062006E+02   6.4196691E-08
   5.1095379E+02   6.9242866E-08
   5.1128753E+02   7.4574075E-08
   5.1162127E+02   8.0194766E-08
   5.1195501E+02   8.6108166E-08
   5.1228875E+02   9.2315901E-08
   5.1262249E+02   9.8818184E-08
   5.1295623E+02   1.0561328E-07
   5.1328997E+02   1.1269762E-07
   5.1362370E+02   1.2006548E-07
   5.1395744E+02   1.2770880E-07
   5.1429118E+02   1.3561709E-07
   5.1462492E+02   1.4377713E-07
   5.1495866E+02   1.5217287E-07
   5.1529240E+02   1.6078536E-07
   5.1562614E+02   1.6959234E-07
   5.1595987E+02   1.7856844E-07
   5.1629361E+02   1.8768473E-07
   5.1662735E+02   1.9690867E-07
   5.1696109E+02   2.0620418E-07
   5.1729483E+02   2.1553132E-07
   5.1762857E+02   2.2484625E-07
   5.1796231E+02   2.3410129E-07
   5.1829604E+02   2.4324510E-07
   5.1862978E+02   2.5222221E-07
   5.1896352E+02   2.6097322E-07
   5.1929726E+02   2.6943508E-07
   5.1963100E+02   2.7754109E-07
   5.1996474E+02   2.8522069E-07
   5.2029848E+02   2.9240039E-07
   5.2063221E+02   2.9900315E-07
   5.2096595E+02   3.0494914E-07
   5.2129969E+02   3.1015591E-07
   5.2163343E+02   3.1453868E-07
   5.2196717E+02   3.1801051E-07
   5.2230091E+02   3.2048320E-07
   5.2263465E+02   3.2186728E-07
   5.2296838E+02   3.2207274E-07
   5.2330212E+02   3.2100942E-07
   5.2363586E+02   3.1858758E-07
   5.2396960E+02   3.1471882E-07
   5.2430334E+02   3.0931585E-07
   5.2463708E+02   3.0229404E-07
   5.2497082E+02   2.9357182E-07
   5.2530455E+02   2.8307116E-07
   5.2563829E+02   2.7071849E-07
   5.2597203E+02   2.5644496E-07
   5.2630577E+02   2.4018792E-07
   5.2663951E+02   2.2189099E-07
   5.2697325E+02   2.0150519E-07
   5.2730699E+02   1.7898927E-07
   5.2764072E+02   1.5431097E-07
   5.2797446E+02   1.2744671E-07
   5.2830820E+02   9.8383317E-08
   5.2864194E+02   6.7117895E-08
   5.2897568E+02   3.3658729E-08
   5.2930942E+02  -1.9745539E-09
   5.2964316E+02  -3.9750088E-08
   5.2997689E+02  -7.9623781E-08
   5.3031063E+02  -1.2153879E-07
   5.3064437E+02  -1.6542521E-07
   5.3097811E+02  -2.1120005E-07
   5.3131185E+02  -2.5876722E-07
   5.3164559E+02  -3.0801695E-07
   5.3197933E+02  -3.5882684E-07
   5.3231306E+02  -4.1106085E-07
   5.3264680E+02  -4.6457086E-07
   5.3298054E+02  -5.1919585E-07
   5.3331428E+02  -5.7476291E-07
   5.3364802E+02  -6.3108797E-07
   5.3398176E+02  -6.8797596E-07
   5.3431550E+02  -7.4522194E-07
   5.3464924E+02  -8.0261140E-07
   5.3498297E+02  -8.5992224E-07
   5.3531671E+02  -9.1692408E-07
   5.3565045E+02  -9.7338068E-07
   5.3598419E+02  -1.0290513E-06
   5.3631793E+02  -1.0836903E-06
   5.3665167E+02  -1.1370500E-06
   5.3698541E+02  -1.1888814E-06
   5.3731914E+02  -1.2389351E-06
   5.3765288E+02  -1.2869637E-06
   5.3798662E+02  -1.3327224E-06
   5.3832036E+02  -1.3759704E-06
   5.3865410E+02  -1.4164733E-06
   5.3898784E+02  -1.4540038E-06
   5.3932158E+02  -1.4883426E-06
   5.3965531E+02  -1.5192816E-06
   5.3998905E+02  -1.5466225E-06
   5.4032279E+02  -1.5701811E-06
   5.4065653E+02  -1.5897870E-06
   5.4099027E+02  -1.6052845E-06
   5.4132401E+02  -1.6165347E-06
   5.4165775E+02  -1.6234162E-06
   5.4199148E+02  -1.6258256E-06
   5.4232522E+02  -1.6236795E-06
   5.4265896E+02  -1.6169132E-06
   5.4299270E+02  -1.6054838E-06
   5.4332644E+02  -1.5893689E-06
   5.4366018E+02  -1.5685691E-06
   5.4399392E+02  -1.5431044E-06
   5.4432765E+02  -1.5130186E-06
   5.4466139E+02  -1.4783772E-06
   5.4499513E+02  -1.4392670E-06
   5.4532887E+02  -1.3957969E-06
   5.4566261E+02  -1.3480965E-06
   5.4599635E+02  -1.2963159E-06
   5.4633009E+02  -1.2406263E-06
   5.4666382E+02  -1.1812167E-06
   5.4699756E+02  -1.1182952E-06
   5.4733130E+02  -1.0520873E-06
   5.4766504E+02  -9.8283351E-07
   5.4799878E+02  -9.1079050E-07
   5.4833252E+02  -8.3622746E-07
   5.4866626E+02  -7.5942637E-07
   5.4899999E+02  -6.8067948E-07
   5.4933373E+02  -6.0028850E-07
   5.4966747E+02  -5.1856182E-07
   5.5000121E+02  -4.3581451E-07
   5.5033495E+02  -3.5236519E-07
   5.5066869E+02  -2.6853522E-07
   5.5100243E+02  -1.8464647E-07
   5.5133616E+02  -1.0101961E-07
   5.5166990E+02  -1.7973036E-08
   5.5200364E+02   6.4179773E-08
   5.5233738E+02   1.4513121E-07
   5.5267112E+02   2.2458109E-07
   5.5300486E+02   3.0223867E-07
   5.5333860E+02   3.7782382E-07
   5.5367234E+02   4.5106856E-07
   5.5400607E+02   5.2171833E-07
   5.5433981E+02   5.8953299E-07
   5.5467355E+02   6.5428856E-07
   5.5500729E+02   7.1577716E-07
   5.5534103E+02   7.7380912E-07
   5.5567477E+02   8.2821299E-07
   5.5600851E+02   8.7883654E-07
   5.5634224E+02   9.2554734E-07
   5.5667598E+02   9.6823260E-07
   5.5700972E+02   1.0068001E-06
   5.5734346E+02   1.0411787E-06
   5.5767720E+02   1.0713176E-06
   5.5801094E+02   1.0971862E-06
   5.5834468E+02   1.1187747E-06
   5.5867841E+02   1.1360934E-06
   5.5901215E+02   1.1491722E-06
   5.5934589E+02   1.1580598E-06
   5.5967963E+02   1.1628243E-06
   5.6001337E+02   1.1635510E-06
   5.6034711E+02   1.1603416E-06
   5.6068085E+02   1.1533148E-06
   5.6101458E+02   1.1426038E-06
   5.6134832E+02   1.1283557E-06
   5.6168206E+02   1.1107323E-06
   5.6201580E+02   1.0899041E-06
   5.6234954E+02   1.0660547E-06
   5.6268328E+02   1.0393757E-06
   5.6301702E+02   1.0100674E-06
   5.6335075E+02   9.7833652E-07
   5.6368449E+02   9.4439577E-07
   5.6401823E+02   9.0846135E-07
   5.6435197E+02   8.7075261E-07
   5.6468571E+02   8.3149126E-07
   5.6501945E+02   7.9089841E-07
   5.6535319E+02   7.4919490E-07
   5.6568692E+02   7.0659911E-07
   5.6602066E+02   6.6332723E-07
   5.6635440E+02   6.1959020E-07
   5.6668814E+02   5.7559447E-07
   5.6702188E+02   5.3153985E-07
   5.6735562E+02   4.8761905E-07
   5.6768936E+02   4.4401679E-07
   5.6802309E+02   4.0090910E-07
   5.6835683E+02   3.5846244E-07
   5.6869057E+02   3.1683334E-07
   5.6902431E+02   2.7616761E-07
   5.6935805E+02   2.3659990E-07
   5.6969179E+02   1.9825363E-07
   5.7002553E+02   1.6124038E-07
   5.7035926E+02   1.2565977E-07
   5.7069300E+02   9.1599276E-08
   5.7102674E+02   5.9134297E-08
   5.7136048E+02   2.8328017E-08
   5.7169422E+02  -7.6845197E-10
   5.7202796E+02  -2.8115906E-08
   5.7236170E+02  -5.3686776E-08
   5.7269543E+02  -7.7464847E-08
   5.7302917E+02  -9.9444797E-08
   5.7336291E+02  -1.1963193E-07
   5.7369665E+02  -1.3804160E-07
   5.7403039E+02  -1.5469864E-07
   5.7436413E+02  -1.6963686E-07
   5.7469787E+02  -1.8289848E-07
   5.7503161E+02  -1.9453337E-07
   5.7536534E+02  -2.0459842E-07
   5.7569908E+02  -2.1315702E-07
   5.7603282E+02  -2.2027797E-07
   5.7636656E+02  -2.2603503E-07
   5.7670030E+02  -2.3050606E-07
   5.7703404E+02  -2.3377228E-07
   5.7736778E+02  -2.3591750E-07
   5.7770151E+02  -2.3702748E-07
   5.7803525E+02  -2.3718891E-07
   5.7836899E+02  -2.3648929E-07
   5.7870273E+02  -2.3501551E-07
   5.7903647E+02  -2.3285395E-07
   5.7937021E+02  -2.3008934E-07
   5.7970395E+02  -2.2680437E-07
   5.8003768E+02  -2.2307918E-07
   5.8037142E+02  -2.1899075E-07
   5.8070516E+02  -2.1461256E-07
   5.8103890E+02  -2.1001401E-07
   5.8137264E+02  -2.0526025E-07
   5.8170638E+02  -2.0041165E-07
   5.8204012E+02  -1.9552371E-07
   5.8237385E+02  -1.9064672E-07
   5.8270759E+02  -1.8582575E-07
   5.8304133E+02  -1.8110046E-07
   5.8337507E+02  -1.7650510E-07
   5.8370881E+02  -1.7206850E-07
   5.8404255E+02  -1.6781398E-07
   5.8437629E+02  -1.6375974E-07
   5.8471002E+02  -1.5991868E-07
   5.8504376E+02  -1.5629882E-07
   5.8537750E+02  -1.5290334E-07
   5.8571124E+02  -1.4973094E-07
   5.8604498E+02  -1.4677619E-07
   5.8637872E+02  -1.4402971E-07
   5.8671246E+02  -1.4147878E-07
   5.8704619E+02  -1.3910746E-07
   5.8737993E+02  -1.3689714E-07
   5.8771367E+02  -1.3482696E-07
   5.8804741E+02  -1.3287415E-07
   5.8838115E+02  -1.3101457E-07
   5.8871489E+02  -1.2922297E-07
   5.8904863E+02  -1.2747344E-07
   5.8938236E+02  -1.2574006E-07
   5.8971610E+02  -1.2399693E-07
   5.9004984E+02  -1.2221886E-07
   5.9038358E+02  -1.2038166E-07
   5.9071732E+02  -1.1846245E-07
   5.9105106E+02  -1.1644006E-07
   5.9138480E+02  -1.1429532E-07
   5.9171853E+02  -1.1201131E-07
   5.9205227E+02  -1.0957365E-07
   5.9238601E+02  -1.0697066E-07
   5.9271975E+02  -1.0419350E-07
   5.9305349E+02  -1.0123640E-07
   5.9338723E+02  -9.8096621E-08
   5.9372097E+02  -9.4774656E-08
   5.9405471E+02  -9.1274174E-08
   5.9438844E+02  -8.7602039E-08
   5.9472218E+02  -8.3768256E-08
   5.9505592E+02  -7.9785949E-08
   5.9538966E+02  -7.5671174E-08
   5.9572340E+02  -7.1442813E-08
   5.9605714E+02  -6.7122365E-08
   5.9639088E+02  -6.2733854E-08
   5.9672461E+02  -5.8303407E-08
   5.9705835E+02  -5.3859182E-08
   5.9739209E+02  -4.9430987E-08
   5.9772583E+02  -4.5050058E-08
   5.9805957E+02  -4.0748674E-08
   5.9839331E+02  -3.6560046E-08
   5.9872705E+02  -3.2517704E-08
   5.9906078E+02  -2.8655492E-08
   5.9939452E+02  -2.5007033E-08
   5.9972826E+02  -2.1605459E-08
   6.0006200E+02  -1.8483107E-08
   6.0039574E+02  -1.5671233E-08
   6.0072948E+02  -1.3199653E-08
   6.0106322E+02  -1.1096361E-08
   6.0139695E+02  -9.3875911E-09
   6.0173069E+02  -8.0970750E-09
   6.0206443E+02  -7.2462853E-09
   6.0239817E+02  -6.8539947E-09
   6.0273191E+02  -6.9358634E-09
   6.0306565E+02  -7.5048661E-09
   6.0339939E+02  -8.5706660E-09
   6.0373312E+02  -1.0139516E-08
   6.0406686E+02  -1.2214514E-08
   6.0440060E+02  -1.4795162E-08
   6.0473434E+02  -1.7877468E-08
   6.0506808E+02  -2.1454014E-08
   6.0540182E+02  -2.5513870E-08
   6.0573556E+02  -3.0042585E-08
   6.0606929E+02  -3.5022438E-08
   6.0640303E+02  -4.0432404E-08
   6.0673677E+02  -4.6248310E-08
   6.0707051E+02  -5.2442942E-08
   6.0740425E+02  -5.8986231E-08
   6.0773799E+02  -6.5845505E-08
   6.0807173E+02  -7.2985500E-08
   6.0840546E+02  -8.0368807E-08
   6.0873920E+02  -8.7955925E-08
   6.0907294E+02  -9.5705580E-08
   6.0940668E+02  -1.0357487E-07
   6.0974042E+02  -1.1151968E-07
   6.1007416E+02  -1.1949481E-07
   6.1040790E+02  -1.2745437E-07
   6.1074163E+02  -1.3535184E-07
   6.1107537E+02  -1.4314070E-07
   6.1140911E+02  -1.5077433E-07
   6.1174285E+02  -1.5820657E-07
   6.1207659E+02  -1.6539190E-07
   6.1241033E+02  -1.7228551E-07
   6.1274407E+02  -1.7884386E-07
   6.1307781E+02  -1.8502486E-07
   6.1341154E+02  -1.9078789E-07
   6.1374528E+02  -1.9609416E-07
   6.1407902E+02  -2.0090701E-07
   6.1441276E+02  -2.0519197E-07
   6.1474650E+02  -2.0891703E-07
   6.1508024E+02  -2.1205278E-07
   6.1541398E+02  -2.1457252E-07
   6.1574771E+02  -2.1645266E-07
   6.1608145E+02  -2.1767232E-07
   6.1641519E+02  -2.1821410E-07
   6.1674893E+02  -2.1806363E-07
   6.1708267E+02  -2.1720987E-07
   6.1741641E+02  -2.1564517E-07
   6.1775015E+02  -2.1336530E-07
   6.1808388E+02  -2.1036951E-07
   6.1841762E+02  -2.0666013E-07
   6.1875136E+02  -2.0224338E-07
   6.1908510E+02  -1.9712819E-07
   6.1941884E+02  -1.9132740E-07
   6.1975258E+02  -1.8485673E-07
   6.2008632E+02  -1.7773510E-07
   6.2042005E+02  -1.6998445E-07
   6.2075379E+02  -1.6162949E-07
   6.2108753E+02  -1.5269799E-07
   6.2142127E+02  -1.4322001E-07
   6.2175501E+02  -1.3322824E-07
   6.2208875E+02  -1.2275743E-07
   6.2242249E+02  -1.1184472E-07
   6.2275622E+02  -1.0052869E-07
   6.2308996E+02  -8.8849859E-08
   6.2342370E+02  -7.6850014E-08
   6.2375744E+02  -6.4572113E-08
   6.2409118E+02  -5.2060127E-08
   6.2442492E+02  -3.9358643E-08
   6.2475866E+02  -2.6512719E-08
   6.2509239E+02  -1.3567547E-08
   6.2542613E+02  -5.6829741E-10
   6.2575987E+02   1.2440259E-08
   6.2609361E+02   2.5413879E-08
   6.2642735E+02   3.8309253E-08
   6.2676109E+02   5.1084193E-08
   6.2709483E+02   6.3697840E-08
   6.2742856E+02   7.6110972E-08
   6.2776230E+02   8.8286143E-08
   6.2809604E+02   1.0018796E-07
   6.2842978E+02   1.1178317E-07
   6.2876352E+02   1.2304110E-07
   6.2909726E+02   1.3393343E-07
   6.2943100E+02   1.4443467E-07
   6.2976473E+02   1.5452213E-07
   6.3009847E+02   1.6417593E-07
   6.3043221E+02   1.7337948E-07
   6.3076595E+02   1.8211900E-07
   6.3109969E+02   1.9038399E-07
   6.3143343E+02   1.9816684E-07
   6.3176717E+02   2.0546318E-07
   6.3210090E+02   2.1227152E-07
   6.3243464E+02   2.1859324E-07
   6.3276838E+02   2.2443254E-07
   6.3310212E+02   2.2979624E-07
   6.3343586E+02   2.3469343E-07
   6.3376960E+02   2.3913555E-07
   6.3410334E+02   2.4313610E-07
   6.3443708E+02   2.4670993E-07
   6.3477081E+02   2.4987366E-07
   6.3510455E+02   2.5264490E-07
   6.3543829E+02   2.5504201E-07
   6.3577203E+02   2.5708385E-07
   6.3610577E+02   2.5878938E-07
   6.3643951E+02   2.6017710E-07
   6.3677325E+02   2.6126492E-07
   6.3710698E+02   2.6206970E-07
   6.3744072E+02   2.6260673E-07
   6.3777446E+02   2.6288944E-07
   6.3810820E+02   2.6292932E-07
   6.3844194E+02   2.6273506E-07
   6.3877568E+02   2.6231260E-07
   6.3910942E+02   2.6166455E-07
   6.3944315E+02   2.6079022E-07
   6.3977689E+02   2.5968515E-07
   6.4011063E+02   2.5834066E-07
   6.4044437E+02   2.5674422E-07
   6.4077811E+02   2.5487867E-07
   6.4111185E+02   2.5272266E-07
   6.4144559E+02   2.5025028E-07
   6.4177932E+02   2.4743088E-07
   6.4211306E+02   2.4422977E-07
   6.4244680E+02   2.4060790E-07
   6.4278054E+02   2.3652174E-07
   6.4311428E+02   2.3192405E-07
   6.4344802E+02   2.2676407E-07
   6.4378176E+02   2.2098752E-07
   6.4411549E+02   2.1453711E-07
   6.4444923E+02   2.0735317E-07
   6.4478297E+02   1.9937382E-07
   6.4511671E+02   1.9053572E-07
   6.4545045E+02   1.8077475E-07
   6.4578419E+02   1.7002608E-07
   6.4611793E+02   1.5822550E-07
   6.4645166E+02   1.4530976E-07
   6.4678540E+02   1.3121749E-07
   6.4711914E+02   1.1588936E-07
   6.4745288E+02   9.9269513E-08
   6.4778662E+02   8.1306013E-08
   6.4812036E+02   6.1951575E-08
   6.4845410E+02   4.1164189E-08
   6.4878783E+02   1.8907905E-08
   6.4912157E+02  -4.8460791E-09
   6.4945531E+02  -3.0119438E-08
   6.4978905E+02  -5.6925693E-08
   6.5012279E+02  -8.5269427E-08
   6.5045653E+02  -1.1514635E-07
   6.5079027E+02  -1.4654196E-07
   6.5112400E+02  -1.7943192E-07
   6.5145774E+02  -2.1378122E-07
   6.5179148E+02  -2.4954420E-07
   6.5212522E+02  -2.8666403E-07
   6.5245896E+02  -3.2507305E-07
   6.5279270E+02  -3.6469217E-07
   6.5312644E+02  -4.0543142E-07
   6.5346018E+02  -4.4718976E-07
   6.5379391E+02  -4.8985578E-07
   6.5412765E+02  -5.3330729E-07
   6.5446139E+02  -5.7741249E-07
   6.5479513E+02  -6.2202952E-07
   6.5512887E+02  -6.6700852E-07
   6.5546261E+02  -7.1219074E-07
   6.5579635E+02  -7.5741031E-07
   6.5613008E+02  -8.0249464E-07
   6.5646382E+02  -8.4726526E-07
   6.5679756E+02  -8.9153934E-07
   6.5713130E+02  -9.3513017E-07
   6.5746504E+02  -9.7784823E-07
   6.5779878E+02  -1.0195027E-06
   6.5813252E+02  -1.0599020E-06
   6.5846625E+02  -1.0988560E-06
   6.5879999E+02  -1.1361752E-06
   6.5913373E+02  -1.1716747E-06
   6.5946747E+02  -1.2051730E-06
   6.5980121E+02  -1.2364949E-06
   6.6013495E+02  -1.2654714E-06
