  -7.8094826E+01   0.0000000E+00
  -7.7761087E+01   0.0000000E+00
  -7.7427349E+01   0.0000000E+00
  -7.7093610E+01   0.0000000E+00
  -7.6759871E+01   0.0000000E+00
  -7.6426133E+01   0.0000000E+00
  -7.6092394E+01   0.0000000E+00
  -7.5758656E+01   0.0000000E+00
  -7.5424917E+01   0.0000000E+00
  -7.5091178E+01   0.0000000E+00
  -7.4757440E+01   0.0000000E+00
  -7.4423701E+01   0.0000000E+00
  -7.4089963E+01   0.0000000E+00
  -7.3756224E+01   0.0000000E+00
  -7.3422485E+01   0.0000000E+00
  -7.3088747E+01   0.0000000E+00
  -7.2755008E+01   0.0000000E+00
  -7.2421270E+01   0.0000000E+00
  -7.2087531E+01   0.0000000E+00
  -7.1753792E+01   0.0000000E+00
  -7.1420054E+01   0.0000000E+00
  -7.1086315E+01   0.0000000E+00
  -7.0752577E+01   0.0000000E+00
  -7.0418838E+01   0.0000000E+00
  -7.0085099E+01   0.0000000E+00
  -6.9751361E+01   0.0000000E+00
  -6.9417622E+01   0.0000000E+00
  -6.9083884E+01   0.0000000E+00
  -6.8750145E+01   0.0000000E+00
  -6.8416406E+01   0.0000000E+00
  -6.8082668E+01   0.0000000E+00
  -6.7748929E+01   0.0000000E+00
  -6.7415191E+01   0.0000000E+00
  -6.7081452E+01   0.0000000E+00
  -6.6747714E+01   0.0000000E+00
  -6.6413975E+01   0.0000000E+00
  -6.6080236E+01   0.0000000E+00
  -6.5746498E+01   0.0000000E+00
  -6.5412759E+01   0.0000000E+00
  -6.5079021E+01   0.0000000E+00
  -6.4745282E+01   0.0000000E+00
  -6.4411543E+01   0.0000000E+00
  -6.4077805E+01   0.0000000E+00
  -6.3744066E+01   0.0000000E+00
  -6.3410328E+01   0.0000000E+00
  -6.3076589E+01   0.0000000E+00
  -6.2742850E+01   0.0000000E+00
  -6.2409112E+01   0.0000000E+00
  -6.2075373E+01   0.0000000E+00
  -6.1741635E+01   0.0000000E+00
  -6.1407896E+01   0.0000000E+00
  -6.1074157E+01   0.0000000E+00
  -6.0740419E+01   0.0000000E+00
  -6.0406680E+01   0.0000000E+00
  -6.0072942E+01   0.0000000E+00
  -5.9739203E+01   0.0000000E+00
  -5.9405464E+01   0.0000000E+00
  -5.9071726E+01   0.0000000E+00
  -5.8737987E+01   0.0000000E+00
  -5.8404249E+01   0.0000000E+00
  -5.8070510E+01   0.0000000E+00
  -5.7736771E+01   0.0000000E+00
  -5.7403033E+01   0.0000000E+00
  -5.7069294E+01   0.0000000E+00
  -5.6735556E+01   0.0000000E+00
  -5.6401817E+01   0.0000000E+00
  -5.6068078E+01   0.0000000E+00
  -5.5734340E+01   0.0000000E+00
  -5.5400601E+01   0.0000000E+00
  -5.5066863E+01   0.0000000E+00
  -5.4733124E+01   0.0000000E+00
  -5.4399385E+01   0.0000000E+00
  -5.4065647E+01   0.0000000E+00
  -5.3731908E+01   0.0000000E+00
  -5.3398170E+01   0.0000000E+00
  -5.3064431E+01   0.0000000E+00
  -5.2730693E+01   0.0000000E+00
  -5.2396954E+01   0.0000000E+00
  -5.2063215E+01   0.0000000E+00
  -5.1729477E+01   0.0000000E+00
  -5.1395738E+01   0.0000000E+00
  -5.1062000E+01   0.0000000E+00
  -5.0728261E+01   0.0000000E+00
  -5.0394522E+01   0.0000000E+00
  -5.0060784E+01   0.0000000E+00
  -4.9727045E+01   0.0000000E+00
  -4.9393307E+01   0.0000000E+00
  -4.9059568E+01   0.0000000E+00
  -4.8725829E+01   0.0000000E+00
  -4.8392091E+01   0.0000000E+00
  -4.8058352E+01   0.0000000E+00
  -4.7724614E+01   0.0000000E+00
  -4.7390875E+01   0.0000000E+00
  -4.7057136E+01   0.0000000E+00
  -4.6723398E+01   0.0000000E+00
  -4.6389659E+01   0.0000000E+00
  -4.6055921E+01   0.0000000E+00
  -4.5722182E+01   0.0000000E+00
  -4.5388443E+01   0.0000000E+00
  -4.5054705E+01   0.0000000E+00
  -4.4720966E+01   0.0000000E+00
  -4.4387228E+01   0.0000000E+00
  -4.4053489E+01   0.0000000E+00
  -4.3719750E+01   0.0000000E+00
  -4.3386012E+01   0.0000000E+00
  -4.3052273E+01   0.0000000E+00
  -4.2718535E+01   0.0000000E+00
  -4.2384796E+01   0.0000000E+00
  -4.2051057E+01   0.0000000E+00
  -4.1717319E+01   0.0000000E+00
  -4.1383580E+01   0.0000000E+00
  -4.1049842E+01   0.0000000E+00
  -4.0716103E+01   0.0000000E+00
  -4.0382364E+01   0.0000000E+00
  -4.0048626E+01   0.0000000E+00
  -3.9714887E+01   0.0000000E+00
  -3.9381149E+01   0.0000000E+00
  -3.9047410E+01   0.0000000E+00
  -3.8713672E+01   0.0000000E+00
  -3.8379933E+01   0.0000000E+00
  -3.8046194E+01   0.0000000E+00
  -3.7712456E+01   0.0000000E+00
  -3.7378717E+01   0.0000000E+00
  -3.7044979E+01   0.0000000E+00
  -3.6711240E+01   0.0000000E+00
  -3.6377501E+01   0.0000000E+00
  -3.6043763E+01   0.0000000E+00
  -3.5710024E+01   0.0000000E+00
  -3.5376286E+01   0.0000000E+00
  -3.5042547E+01   0.0000000E+00
  -3.4708808E+01   0.0000000E+00
  -3.4375070E+01   0.0000000E+00
  -3.4041331E+01   0.0000000E+00
  -3.3707593E+01   0.0000000E+00
  -3.3373854E+01   0.0000000E+00
  -3.3040115E+01   0.0000000E+00
  -3.2706377E+01   0.0000000E+00
  -3.2372638E+01   0.0000000E+00
  -3.2038900E+01   0.0000000E+00
  -3.1705161E+01   0.0000000E+00
  -3.1371422E+01   0.0000000E+00
  -3.1037684E+01   0.0000000E+00
  -3.0703945E+01   0.0000000E+00
  -3.0370207E+01   0.0000000E+00
  -3.0036468E+01   0.0000000E+00
  -2.9702729E+01   0.0000000E+00
  -2.9368991E+01   0.0000000E+00
  -2.9035252E+01   0.0000000E+00
  -2.8701514E+01   0.0000000E+00
  -2.8367775E+01   0.0000000E+00
  -2.8034036E+01   0.0000000E+00
  -2.7700298E+01   0.0000000E+00
  -2.7366559E+01   0.0000000E+00
  -2.7032821E+01   0.0000000E+00
  -2.6699082E+01   0.0000000E+00
  -2.6365343E+01   0.0000000E+00
  -2.6031605E+01   0.0000000E+00
  -2.5697866E+01   0.0000000E+00
  -2.5364128E+01   0.0000000E+00
  -2.5030389E+01   0.0000000E+00
  -2.4696651E+01   0.0000000E+00
  -2.4362912E+01   0.0000000E+00
  -2.4029173E+01   0.0000000E+00
  -2.3695435E+01   0.0000000E+00
  -2.3361696E+01   0.0000000E+00
  -2.3027958E+01   0.0000000E+00
  -2.2694219E+01   0.0000000E+00
  -2.2360480E+01   0.0000000E+00
  -2.2026742E+01   0.0000000E+00
  -2.1693003E+01   0.0000000E+00
  -2.1359265E+01   0.0000000E+00
  -2.1025526E+01   0.0000000E+00
  -2.0691787E+01   0.0000000E+00
  -2.0358049E+01   0.0000000E+00
  -2.0024310E+01   0.0000000E+00
  -1.9690572E+01   0.0000000E+00
  -1.9356833E+01   0.0000000E+00
  -1.9023094E+01   0.0000000E+00
  -1.8689356E+01   0.0000000E+00
  -1.8355617E+01   0.0000000E+00
  -1.8021879E+01   0.0000000E+00
  -1.7688140E+01   0.0000000E+00
  -1.7354401E+01   0.0000000E+00
  -1.7020663E+01   0.0000000E+00
  -1.6686924E+01   0.0000000E+00
  -1.6353186E+01   0.0000000E+00
  -1.6019447E+01   0.0000000E+00
  -1.5685708E+01   0.0000000E+00
  -1.5351970E+01   0.0000000E+00
  -1.5018231E+01   0.0000000E+00
  -1.4684493E+01   0.0000000E+00
  -1.4350754E+01   0.0000000E+00
  -1.4017015E+01   0.0000000E+00
  -1.3683277E+01   0.0000000E+00
  -1.3349538E+01   0.0000000E+00
  -1.3015800E+01   0.0000000E+00
  -1.2682061E+01   0.0000000E+00
  -1.2348322E+01   0.0000000E+00
  -1.2014584E+01   0.0000000E+00
  -1.1680845E+01   0.0000000E+00
  -1.1347107E+01   0.0000000E+00
  -1.1013368E+01   0.0000000E+00
  -1.0679630E+01   0.0000000E+00
  -1.0345891E+01   0.0000000E+00
  -1.0012152E+01   0.0000000E+00
  -9.6784137E+00   0.0000000E+00
  -9.3446751E+00   0.0000000E+00
  -9.0109365E+00   0.0000000E+00
  -8.6771979E+00   0.0000000E+00
  -8.3434593E+00   0.0000000E+00
  -8.0097207E+00   0.0000000E+00
  -7.6759821E+00   0.0000000E+00
  -7.3422436E+00   0.0000000E+00
  -7.0085050E+00   0.0000000E+00
  -6.6747664E+00   0.0000000E+00
  -6.3410278E+00   0.0000000E+00
  -6.0072892E+00   0.0000000E+00
  -5.6735506E+00   0.0000000E+00
  -5.3398120E+00   0.0000000E+00
  -5.0060734E+00   0.0000000E+00
  -4.6723348E+00   0.0000000E+00
  -4.3385962E+00   0.0000000E+00
  -4.0048576E+00   0.0000000E+00
  -3.6711190E+00   0.0000000E+00
  -3.3373804E+00   0.0000000E+00
  -3.0036418E+00   0.0000000E+00
  -2.6699032E+00   0.0000000E+00
  -2.3361646E+00   0.0000000E+00
  -2.0024260E+00   0.0000000E+00
  -1.6686874E+00   0.0000000E+00
  -1.3349488E+00   0.0000000E+00
  -1.0012102E+00   0.0000000E+00
  -6.6747165E-01   0.0000000E+00
  -3.3373305E-01   0.0000000E+00
   5.5432320E-06   0.0000000E+00
   3.3374414E-01   0.0000000E+00
   6.6748273E-01   0.0000000E+00
   1.0012213E+00   0.0000000E+00
   1.3349599E+00   0.0000000E+00
   1.6686985E+00   0.0000000E+00
   2.0024371E+00   0.0000000E+00
   2.3361757E+00   0.0000000E+00
   2.6699143E+00   0.0000000E+00
   3.0036529E+00   0.0000000E+00
   3.3373915E+00   0.0000000E+00
   3.6711301E+00   0.0000000E+00
   4.0048687E+00   0.0000000E+00
   4.3386073E+00   0.0000000E+00
   4.6723459E+00   0.0000000E+00
   5.0060845E+00   0.0000000E+00
   5.3398231E+00   0.0000000E+00
   5.6735617E+00   0.0000000E+00
   6.0073003E+00   0.0000000E+00
   6.3410389E+00   0.0000000E+00
   6.6747774E+00   0.0000000E+00
   7.0085160E+00   0.0000000E+00
   7.3422546E+00   0.0000000E+00
   7.6759932E+00   0.0000000E+00
   8.0097318E+00   0.0000000E+00
   8.3434704E+00   0.0000000E+00
   8.6772090E+00   0.0000000E+00
   9.0109476E+00   0.0000000E+00
   9.3446862E+00   0.0000000E+00
   9.6784248E+00   0.0000000E+00
   1.0012163E+01   0.0000000E+00
   1.0345902E+01   0.0000000E+00
   1.0679641E+01   0.0000000E+00
   1.1013379E+01   0.0000000E+00
   1.1347118E+01   0.0000000E+00
   1.1680856E+01   0.0000000E+00
   1.2014595E+01   0.0000000E+00
   1.2348334E+01   0.0000000E+00
   1.2682072E+01   0.0000000E+00
   1.3015811E+01   0.0000000E+00
   1.3349549E+01   0.0000000E+00
   1.3683288E+01   0.0000000E+00
   1.4017027E+01   0.0000000E+00
   1.4350765E+01   0.0000000E+00
   1.4684504E+01   0.0000000E+00
   1.5018242E+01   0.0000000E+00
   1.5351981E+01   0.0000000E+00
   1.5685720E+01   0.0000000E+00
   1.6019458E+01   0.0000000E+00
   1.6353197E+01   0.0000000E+00
   1.6686935E+01   0.0000000E+00
   1.7020674E+01   0.0000000E+00
   1.7354412E+01   0.0000000E+00
   1.7688151E+01   0.0000000E+00
   1.8021890E+01   0.0000000E+00
   1.8355628E+01   0.0000000E+00
   1.8689367E+01   0.0000000E+00
   1.9023105E+01   0.0000000E+00
   1.9356844E+01   0.0000000E+00
   1.9690583E+01   0.0000000E+00
   2.0024321E+01   0.0000000E+00
   2.0358060E+01   0.0000000E+00
   2.0691798E+01   0.0000000E+00
   2.1025537E+01   0.0000000E+00
   2.1359276E+01   0.0000000E+00
   2.1693014E+01   0.0000000E+00
   2.2026753E+01   0.0000000E+00
   2.2360491E+01   0.0000000E+00
   2.2694230E+01   0.0000000E+00
   2.3027969E+01   0.0000000E+00
   2.3361707E+01   0.0000000E+00
   2.3695446E+01   0.0000000E+00
   2.4029184E+01   0.0000000E+00
   2.4362923E+01   0.0000000E+00
   2.4696662E+01   0.0000000E+00
   2.5030400E+01   0.0000000E+00
   2.5364139E+01   0.0000000E+00
   2.5697877E+01   0.0000000E+00
   2.6031616E+01   0.0000000E+00
   2.6365355E+01   0.0000000E+00
   2.6699093E+01   0.0000000E+00
   2.7032832E+01   0.0000000E+00
   2.7366570E+01   0.0000000E+00
   2.7700309E+01   0.0000000E+00
   2.8034048E+01   0.0000000E+00
   2.8367786E+01   0.0000000E+00
   2.8701525E+01   0.0000000E+00
   2.9035263E+01   0.0000000E+00
   2.9369002E+01   0.0000000E+00
   2.9702741E+01   0.0000000E+00
   3.0036479E+01   0.0000000E+00
   3.0370218E+01   0.0000000E+00
   3.0703956E+01   0.0000000E+00
   3.1037695E+01   0.0000000E+00
   3.1371433E+01   0.0000000E+00
   3.1705172E+01   0.0000000E+00
   3.2038911E+01   0.0000000E+00
   3.2372649E+01   0.0000000E+00
   3.2706388E+01   0.0000000E+00
   3.3040126E+01   0.0000000E+00
   3.3373865E+01   0.0000000E+00
   3.3707604E+01   0.0000000E+00
   3.4041342E+01   0.0000000E+00
   3.4375081E+01   0.0000000E+00
   3.4708819E+01   0.0000000E+00
   3.5042558E+01   0.0000000E+00
   3.5376297E+01   0.0000000E+00
   3.5710035E+01   0.0000000E+00
   3.6043774E+01   0.0000000E+00
   3.6377512E+01   0.0000000E+00
   3.6711251E+01   0.0000000E+00
   3.7044990E+01   0.0000000E+00
   3.7378728E+01   0.0000000E+00
   3.7712467E+01   0.0000000E+00
   3.8046205E+01   0.0000000E+00
   3.8379944E+01   0.0000000E+00
   3.8713683E+01   0.0000000E+00
   3.9047421E+01   0.0000000E+00
   3.9381160E+01   0.0000000E+00
   3.9714898E+01   0.0000000E+00
   4.0048637E+01   0.0000000E+00
   4.0382376E+01   0.0000000E+00
   4.0716114E+01   0.0000000E+00
   4.1049853E+01   0.0000000E+00
   4.1383591E+01   0.0000000E+00
   4.1717330E+01   0.0000000E+00
   4.2051069E+01   0.0000000E+00
   4.2384807E+01   0.0000000E+00
   4.2718546E+01   0.0000000E+00
   4.3052284E+01   0.0000000E+00
   4.3386023E+01   0.0000000E+00
   4.3719762E+01   0.0000000E+00
   4.4053500E+01   0.0000000E+00
   4.4387239E+01   0.0000000E+00
   4.4720977E+01   0.0000000E+00
   4.5054716E+01   0.0000000E+00
   4.5388454E+01   0.0000000E+00
   4.5722193E+01   0.0000000E+00
   4.6055932E+01   0.0000000E+00
   4.6389670E+01   0.0000000E+00
   4.6723409E+01   0.0000000E+00
   4.7057147E+01   0.0000000E+00
   4.7390886E+01   0.0000000E+00
   4.7724625E+01   0.0000000E+00
   4.8058363E+01   0.0000000E+00
   4.8392102E+01   0.0000000E+00
   4.8725840E+01   0.0000000E+00
   4.9059579E+01   0.0000000E+00
   4.9393318E+01   0.0000000E+00
   4.9727056E+01   0.0000000E+00
   5.0060795E+01   0.0000000E+00
   5.0394533E+01   0.0000000E+00
   5.0728272E+01   0.0000000E+00
   5.1062011E+01   0.0000000E+00
   5.1395749E+01   0.0000000E+00
   5.1729488E+01   0.0000000E+00
   5.2063226E+01   0.0000000E+00
   5.2396965E+01   0.0000000E+00
   5.2730704E+01   0.0000000E+00
   5.3064442E+01   0.0000000E+00
   5.3398181E+01   0.0000000E+00
   5.3731919E+01   0.0000000E+00
   5.4065658E+01   0.0000000E+00
   5.4399397E+01   0.0000000E+00
   5.4733135E+01   0.0000000E+00
   5.5066874E+01   0.0000000E+00
   5.5400612E+01   0.0000000E+00
   5.5734351E+01   0.0000000E+00
   5.6068090E+01   0.0000000E+00
   5.6401828E+01   0.0000000E+00
   5.6735567E+01   0.0000000E+00
   5.7069305E+01   0.0000000E+00
   5.7403044E+01   0.0000000E+00
   5.7736783E+01   0.0000000E+00
   5.8070521E+01   0.0000000E+00
   5.8404260E+01   0.0000000E+00
   5.8737998E+01   0.0000000E+00
   5.9071737E+01   0.0000000E+00
   5.9405475E+01   0.0000000E+00
   5.9739214E+01   0.0000000E+00
   6.0072953E+01   0.0000000E+00
   6.0406691E+01   0.0000000E+00
   6.0740430E+01   0.0000000E+00
   6.1074168E+01   0.0000000E+00
   6.1407907E+01   0.0000000E+00
   6.1741646E+01   0.0000000E+00
   6.2075384E+01   0.0000000E+00
   6.2409123E+01   0.0000000E+00
   6.2742861E+01   0.0000000E+00
   6.3076600E+01   0.0000000E+00
   6.3410339E+01   0.0000000E+00
   6.3744077E+01   0.0000000E+00
   6.4077816E+01   0.0000000E+00
   6.4411554E+01   0.0000000E+00
   6.4745293E+01   0.0000000E+00
   6.5079032E+01   0.0000000E+00
   6.5412770E+01   0.0000000E+00
   6.5746509E+01   0.0000000E+00
   6.6080247E+01   0.0000000E+00
   6.6413986E+01   0.0000000E+00
   6.6747725E+01   0.0000000E+00
   6.7081463E+01   0.0000000E+00
   6.7415202E+01   0.0000000E+00
   6.7748940E+01   0.0000000E+00
   6.8082679E+01   0.0000000E+00
   6.8416418E+01   0.0000000E+00
   6.8750156E+01   0.0000000E+00
   6.9083895E+01   0.0000000E+00
   6.9417633E+01   0.0000000E+00
   6.9751372E+01   0.0000000E+00
   7.0085111E+01   0.0000000E+00
   7.0418849E+01   0.0000000E+00
   7.0752588E+01   0.0000000E+00
   7.1086326E+01   0.0000000E+00
   7.1420065E+01   0.0000000E+00
   7.1753804E+01   0.0000000E+00
   7.2087542E+01   0.0000000E+00
   7.2421281E+01   0.0000000E+00
   7.2755019E+01   0.0000000E+00
   7.3088758E+01   0.0000000E+00
   7.3422496E+01   0.0000000E+00
   7.3756235E+01   0.0000000E+00
   7.4089974E+01   0.0000000E+00
   7.4423712E+01   0.0000000E+00
   7.4757451E+01   0.0000000E+00
   7.5091189E+01   0.0000000E+00
   7.5424928E+01   0.0000000E+00
   7.5758667E+01   0.0000000E+00
   7.6092405E+01   0.0000000E+00
   7.6426144E+01   0.0000000E+00
   7.6759882E+01   0.0000000E+00
   7.7093621E+01   0.0000000E+00
   7.7427360E+01   0.0000000E+00
   7.7761098E+01   0.0000000E+00
   7.8094837E+01   0.0000000E+00
   7.8428575E+01   0.0000000E+00
   7.8762314E+01   0.0000000E+00
   7.9096053E+01   0.0000000E+00
   7.9429791E+01   0.0000000E+00
   7.9763530E+01   0.0000000E+00
   8.0097268E+01   0.0000000E+00
   8.0431007E+01   0.0000000E+00
   8.0764746E+01   0.0000000E+00
   8.1098484E+01   0.0000000E+00
   8.1432223E+01   0.0000000E+00
   8.1765961E+01   0.0000000E+00
   8.2099700E+01   0.0000000E+00
   8.2433439E+01   0.0000000E+00
   8.2767177E+01   0.0000000E+00
   8.3100916E+01   0.0000000E+00
   8.3434654E+01   0.0000000E+00
   8.3768393E+01   0.0000000E+00
   8.4102132E+01   0.0000000E+00
   8.4435870E+01   0.0000000E+00
   8.4769609E+01   0.0000000E+00
   8.5103347E+01   0.0000000E+00
   8.5437086E+01   0.0000000E+00
   8.5770825E+01   0.0000000E+00
   8.6104563E+01   0.0000000E+00
   8.6438302E+01   0.0000000E+00
   8.6772040E+01   0.0000000E+00
   8.7105779E+01   0.0000000E+00
   8.7439517E+01   0.0000000E+00
   8.7773256E+01   0.0000000E+00
   8.8106995E+01   0.0000000E+00
   8.8440733E+01   0.0000000E+00
   8.8774472E+01   0.0000000E+00
   8.9108210E+01   0.0000000E+00
   8.9441949E+01   0.0000000E+00
   8.9775688E+01   0.0000000E+00
   9.0109426E+01   0.0000000E+00
   9.0443165E+01   0.0000000E+00
   9.0776903E+01   0.0000000E+00
   9.1110642E+01   0.0000000E+00
   9.1444381E+01   0.0000000E+00
   9.1778119E+01   0.0000000E+00
   9.2111858E+01   0.0000000E+00
   9.2445596E+01   0.0000000E+00
   9.2779335E+01   0.0000000E+00
   9.3113074E+01   0.0000000E+00
   9.3446812E+01   0.0000000E+00
   9.3780551E+01   0.0000000E+00
   9.4114289E+01   0.0000000E+00
   9.4448028E+01   0.0000000E+00
   9.4781767E+01   0.0000000E+00
   9.5115505E+01   0.0000000E+00
   9.5449244E+01   0.0000000E+00
   9.5782982E+01   0.0000000E+00
   9.6116721E+01   0.0000000E+00
   9.6450460E+01   0.0000000E+00
   9.6784198E+01   0.0000000E+00
   9.7117937E+01   0.0000000E+00
   9.7451675E+01   0.0000000E+00
   9.7785414E+01   0.0000000E+00
   9.8119153E+01   0.0000000E+00
   9.8452891E+01   0.0000000E+00
   9.8786630E+01   0.0000000E+00
   9.9120368E+01   0.0000000E+00
   9.9454107E+01   0.0000000E+00
   9.9787846E+01   0.0000000E+00
   1.0012158E+02   0.0000000E+00
   1.0045532E+02   0.0000000E+00
   1.0078906E+02   0.0000000E+00
   1.0112280E+02   0.0000000E+00
   1.0145654E+02   0.0000000E+00
   1.0179028E+02   0.0000000E+00
   1.0212402E+02   0.0000000E+00
   1.0245775E+02   0.0000000E+00
   1.0279149E+02   0.0000000E+00
   1.0312523E+02   0.0000000E+00
   1.0345897E+02   0.0000000E+00
   1.0379271E+02   0.0000000E+00
   1.0412645E+02   0.0000000E+00
   1.0446019E+02   0.0000000E+00
   1.0479392E+02   0.0000000E+00
   1.0512766E+02   0.0000000E+00
   1.0546140E+02   0.0000000E+00
   1.0579514E+02   0.0000000E+00
   1.0612888E+02   0.0000000E+00
   1.0646262E+02   0.0000000E+00
   1.0679636E+02   0.0000000E+00
   1.0713009E+02   0.0000000E+00
   1.0746383E+02   0.0000000E+00
   1.0779757E+02   0.0000000E+00
   1.0813131E+02   0.0000000E+00
   1.0846505E+02   0.0000000E+00
   1.0879879E+02   0.0000000E+00
   1.0913253E+02   0.0000000E+00
   1.0946626E+02   0.0000000E+00
   1.0980000E+02   0.0000000E+00
   1.1013374E+02   0.0000000E+00
   1.1046748E+02   0.0000000E+00
   1.1080122E+02   0.0000000E+00
   1.1113496E+02   0.0000000E+00
   1.1146870E+02   0.0000000E+00
   1.1180243E+02   0.0000000E+00
   1.1213617E+02   0.0000000E+00
   1.1246991E+02   0.0000000E+00
   1.1280365E+02   0.0000000E+00
   1.1313739E+02   0.0000000E+00
   1.1347113E+02   0.0000000E+00
   1.1380487E+02   0.0000000E+00
   1.1413861E+02   0.0000000E+00
   1.1447234E+02   0.0000000E+00
   1.1480608E+02   0.0000000E+00
   1.1513982E+02   0.0000000E+00
   1.1547356E+02   0.0000000E+00
   1.1580730E+02   0.0000000E+00
   1.1614104E+02   0.0000000E+00
   1.1647478E+02   0.0000000E+00
   1.1680851E+02   0.0000000E+00
   1.1714225E+02   0.0000000E+00
   1.1747599E+02   0.0000000E+00
   1.1780973E+02   0.0000000E+00
   1.1814347E+02   0.0000000E+00
   1.1847721E+02   0.0000000E+00
   1.1881095E+02   0.0000000E+00
   1.1914468E+02   0.0000000E+00
   1.1947842E+02   0.0000000E+00
   1.1981216E+02   0.0000000E+00
   1.2014590E+02   0.0000000E+00
   1.2047964E+02   0.0000000E+00
   1.2081338E+02   0.0000000E+00
   1.2114712E+02   0.0000000E+00
   1.2148085E+02   0.0000000E+00
   1.2181459E+02   0.0000000E+00
   1.2214833E+02   0.0000000E+00
   1.2248207E+02   0.0000000E+00
   1.2281581E+02   0.0000000E+00
   1.2314955E+02   0.0000000E+00
   1.2348329E+02   0.0000000E+00
   1.2381702E+02   0.0000000E+00
   1.2415076E+02   0.0000000E+00
   1.2448450E+02   0.0000000E+00
   1.2481824E+02   0.0000000E+00
   1.2515198E+02   0.0000000E+00
   1.2548572E+02   0.0000000E+00
   1.2581946E+02   0.0000000E+00
   1.2615319E+02   0.0000000E+00
   1.2648693E+02   0.0000000E+00
   1.2682067E+02   0.0000000E+00
   1.2715441E+02   0.0000000E+00
   1.2748815E+02   0.0000000E+00
   1.2782189E+02   0.0000000E+00
   1.2815563E+02   0.0000000E+00
   1.2848936E+02   0.0000000E+00
   1.2882310E+02   0.0000000E+00
   1.2915684E+02   0.0000000E+00
   1.2949058E+02   0.0000000E+00
   1.2982432E+02   0.0000000E+00
   1.3015806E+02   0.0000000E+00
   1.3049180E+02   0.0000000E+00
   1.3082553E+02   0.0000000E+00
   1.3115927E+02   0.0000000E+00
   1.3149301E+02   0.0000000E+00
   1.3182675E+02   0.0000000E+00
   1.3216049E+02   0.0000000E+00
   1.3249423E+02   0.0000000E+00
   1.3282797E+02   0.0000000E+00
   1.3316171E+02   0.0000000E+00
   1.3349544E+02   0.0000000E+00
   1.3382918E+02   0.0000000E+00
   1.3416292E+02   0.0000000E+00
   1.3449666E+02   0.0000000E+00
   1.3483040E+02   0.0000000E+00
   1.3516414E+02   0.0000000E+00
   1.3549788E+02   0.0000000E+00
   1.3583161E+02   0.0000000E+00
   1.3616535E+02   0.0000000E+00
   1.3649909E+02   0.0000000E+00
   1.3683283E+02   0.0000000E+00
   1.3716657E+02   0.0000000E+00
   1.3750031E+02   0.0000000E+00
   1.3783405E+02   0.0000000E+00
   1.3816778E+02   0.0000000E+00
   1.3850152E+02   0.0000000E+00
   1.3883526E+02   0.0000000E+00
   1.3916900E+02   0.0000000E+00
   1.3950274E+02   0.0000000E+00
   1.3983648E+02   0.0000000E+00
   1.4017022E+02   0.0000000E+00
   1.4050395E+02   0.0000000E+00
   1.4083769E+02   0.0000000E+00
   1.4117143E+02   0.0000000E+00
   1.4150517E+02   0.0000000E+00
   1.4183891E+02   0.0000000E+00
   1.4217265E+02   0.0000000E+00
   1.4250639E+02   0.0000000E+00
   1.4284012E+02   0.0000000E+00
   1.4317386E+02   0.0000000E+00
   1.4350760E+02   0.0000000E+00
   1.4384134E+02   0.0000000E+00
   1.4417508E+02   0.0000000E+00
   1.4450882E+02   0.0000000E+00
   1.4484256E+02   0.0000000E+00
   1.4517629E+02   0.0000000E+00
   1.4551003E+02   0.0000000E+00
   1.4584377E+02   0.0000000E+00
   1.4617751E+02   0.0000000E+00
   1.4651125E+02   0.0000000E+00
   1.4684499E+02   0.0000000E+00
   1.4717873E+02   0.0000000E+00
   1.4751246E+02   0.0000000E+00
   1.4784620E+02   0.0000000E+00
   1.4817994E+02   0.0000000E+00
   1.4851368E+02   0.0000000E+00
   1.4884742E+02   0.0000000E+00
   1.4918116E+02   0.0000000E+00
   1.4951490E+02   0.0000000E+00
   1.4984863E+02   0.0000000E+00
   1.5018237E+02   0.0000000E+00
   1.5051611E+02   0.0000000E+00
   1.5084985E+02   0.0000000E+00
   1.5118359E+02   0.0000000E+00
   1.5151733E+02   0.0000000E+00
   1.5185107E+02   0.0000000E+00
   1.5218480E+02   0.0000000E+00
   1.5251854E+02   0.0000000E+00
   1.5285228E+02   0.0000000E+00
   1.5318602E+02   0.0000000E+00
   1.5351976E+02   1.4012985E-45
   1.5385350E+02   4.2038954E-45
   1.5418724E+02   5.6051939E-45
   1.5452098E+02   7.0064923E-45
   1.5485471E+02   7.0064923E-45
   1.5518845E+02   9.8090893E-45
   1.5552219E+02   1.1210388E-44
   1.5585593E+02   9.8090893E-45
   1.5618967E+02   7.0064923E-45
   1.5652341E+02   5.6051939E-45
   1.5685715E+02   0.0000000E+00
   1.5719088E+02  -5.6051939E-45
   1.5752462E+02  -8.4077908E-45
   1.5785836E+02  -1.2611686E-44
   1.5819210E+02  -1.5414283E-44
   1.5852584E+02  -1.2611686E-44
   1.5885958E+02  -7.0064923E-45
   1.5919332E+02   0.0000000E+00
   1.5952705E+02   9.8090893E-45
   1.5986079E+02   2.2420775E-44
   1.6019453E+02   3.5032462E-44
   1.6052827E+02   4.6242849E-44
   1.6086201E+02   5.3249342E-44
   1.6119575E+02   5.1848043E-44
   1.6152949E+02   4.2038954E-44
   1.6186322E+02   2.6624671E-44
   1.6219696E+02   1.4012985E-45
   1.6253070E+02  -3.0828566E-44
   1.6286444E+02  -6.5861028E-44
   1.6319818E+02  -1.0089349E-43
   1.6353192E+02  -1.2891946E-43
   1.6386566E+02  -1.4853764E-43
   1.6419939E+02  -1.5274153E-43
   1.6453313E+02  -1.3592595E-43
   1.6486687E+02  -9.9492191E-44
   1.6520061E+02  -4.3440252E-44
   1.6553435E+02   2.3822074E-44
   1.6586809E+02   9.8090893E-44
   1.6620183E+02   1.6815582E-43
   1.6653556E+02   2.2420775E-43
   1.6686930E+02   2.5503632E-43
   1.6720304E+02   2.5083243E-43
   1.6753678E+02   2.0599087E-43
   1.6787052E+02   1.1911037E-43
   1.6820426E+02  -1.4012985E-45
   1.6853800E+02  -1.4433374E-43
   1.6887173E+02  -2.9147008E-43
   1.6920547E+02  -4.2179084E-43
   1.6953921E+02  -5.1147394E-43
   1.6987295E+02  -5.4090121E-43
   1.7020669E+02  -4.9605966E-43
   1.7054043E+02  -3.6573890E-43
   1.7087417E+02  -1.5974802E-43
   1.7120790E+02   1.0089349E-43
   1.7154164E+02   3.8956097E-43
   1.7187538E+02   6.6841937E-43
   1.7220912E+02   8.8562063E-43
   1.7254286E+02   9.9912581E-43
   1.7287660E+02   9.7109984E-43
   1.7321034E+02   7.8192454E-43
   1.7354408E+02   4.2879733E-43
   1.7387781E+02  -6.4459729E-44
   1.7421155E+02  -6.4739989E-43
   1.7454529E+02  -1.2429517E-42
   1.7487903E+02  -1.7614322E-42
   1.7521277E+02  -2.1075529E-42
   1.7554651E+02  -2.2000386E-42
   1.7588025E+02  -1.9688243E-42
   1.7621398E+02  -1.3984959E-42
   1.7654772E+02  -5.0586875E-43
   1.7688146E+02   6.2918301E-43
   1.7721520E+02   1.8819438E-42
   1.7754894E+02   3.0842579E-42
   1.7788268E+02   4.0371409E-42
   1.7821642E+02   4.5584239E-42
   1.7855015E+02   4.4911616E-42
   1.7888389E+02   3.7358617E-42
   1.7921763E+02   2.2771100E-42
   1.7955137E+02   2.2560905E-43
   1.7988511E+02  -2.2224594E-42
   1.8021885E+02  -4.7700200E-42
   1.8055259E+02  -7.0429261E-42
   1.8088632E+02  -8.6530180E-42
   1.8122006E+02  -9.2401621E-42
   1.8155380E+02  -8.5311051E-42
   1.8188754E+02  -6.4053353E-42
   1.8222128E+02  -2.9371216E-42
   1.8255502E+02   1.5904738E-42
   1.8288876E+02   6.6785885E-42
   1.8322249E+02   1.1665810E-41
   1.8355623E+02   1.5778621E-41
   1.8388997E+02   1.8247709E-41
   1.8422371E+02   1.8414463E-41
   1.8455745E+02   1.5848686E-41
   1.8489119E+02   1.0464897E-41
   1.8522493E+02   2.5657775E-42
   1.8555866E+02  -7.1003793E-42
   1.8589240E+02  -1.7399923E-41
   1.8622614E+02  -2.6904931E-41
   1.8655988E+02  -3.4072572E-41
   1.8689362E+02  -3.7421675E-41
   1.8722736E+02  -3.5805978E-41
   1.8756110E+02  -2.8610311E-41
   1.8789483E+02  -1.5932764E-41
   1.8822857E+02   1.2793855E-42
   1.8856231E+02   2.1263303E-41
   1.8889605E+02   4.1544296E-41
   1.8922979E+02   5.9172630E-41
   1.8956353E+02   7.1106088E-41
   1.8989727E+02   7.4623347E-41
   1.9023100E+02   6.7779405E-41
   1.9056474E+02   4.9823167E-41
   1.9089848E+02   2.1516938E-41
   1.9123222E+02  -1.4733252E-41
   1.9156596E+02  -5.4956123E-41
   1.9189970E+02  -9.3930437E-41
   1.9223344E+02  -1.2573431E-40
   1.9256718E+02  -1.4452011E-40
   1.9290091E+02  -1.4536229E-40
   1.9323465E+02  -1.2512334E-40
   1.9356839E+02  -8.3230122E-41
   1.9390213E+02  -2.2162937E-41
   1.9423587E+02   5.2383339E-41
   1.9456961E+02   1.3181875E-40
   1.9490335E+02   2.0539953E-40
   1.9523708E+02   2.6145987E-40
   1.9557082E+02   2.8893653E-40
   1.9590456E+02   2.7907419E-40
   1.9623830E+02   2.2709163E-40
   1.9657204E+02   1.3349610E-40
   1.9690578E+02   4.9255641E-42
   1.9723952E+02  -1.4584154E-40
   1.9757325E+02  -3.0068642E-40
   1.9790699E+02  -4.3790297E-40
   1.9824073E+02  -5.3473269E-40
   1.9857447E+02  -5.7047141E-40
   1.9890821E+02  -5.2979311E-40
   1.9924195E+02  -4.0584827E-40
   1.9957569E+02  -2.0264317E-40
   1.9990942E+02   6.3742265E-41
   2.0024316E+02   3.6546004E-40
   2.0057690E+02   6.6496096E-40
   2.0091064E+02   9.1877395E-40
   2.0124438E+02   1.0827595E-39
   2.0157812E+02   1.1183469E-39
   2.0191186E+02   9.9896886E-40
   2.0224559E+02   7.1588135E-40
   2.0257933E+02   2.8236164E-40
   2.0291307E+02  -2.6450209E-40
   2.0324681E+02  -8.6520511E-40
   2.0358055E+02  -1.4425513E-39
   2.0391429E+02  -1.9097834E-39
   2.0424803E+02  -2.1813817E-39
   2.0458176E+02  -2.1855015E-39
   2.0491550E+02  -1.8765404E-39
   2.0524924E+02  -1.2460556E-39
   2.0558298E+02  -3.3020337E-40
   2.0591672E+02   7.8792771E-40
   2.0625046E+02   1.9823104E-39
   2.0658420E+02   3.0947298E-39
   2.0691793E+02   3.9519658E-39
   2.0725167E+02   4.3880134E-39
   2.0758541E+02   4.2689983E-39
   2.0791915E+02   3.5177650E-39
   2.0825289E+02   2.1344760E-39
   2.0858663E+02   2.0972253E-40
   2.0892037E+02  -2.0730585E-39
   2.0925410E+02  -4.4480212E-39
   2.0958784E+02  -6.5908602E-39
   2.0992158E+02  -8.1552039E-39
   2.1025532E+02  -8.8183362E-39
   2.1058906E+02  -8.3313752E-39
   2.1092280E+02  -6.5674697E-39
   2.1125654E+02  -3.5607989E-39
   2.1159027E+02   4.7076202E-40
   2.1192401E+02   5.1253136E-39
   2.1225775E+02   9.8429194E-39
   2.1259149E+02   1.3958609E-38
   2.1292523E+02   1.6779568E-38
   2.1325897E+02   1.7679517E-38
   2.1359271E+02   1.6199907E-38
   2.1392645E+02   1.2144412E-38
   2.1426018E+02   5.6522326E-39
   2.1459392E+02  -2.7641411E-39
   2.1492766E+02  -1.2228117E-38
   2.1526140E+02  -2.1562040E-38
   2.1559514E+02  -2.9404340E-38
   2.1592888E+02  -3.4373271E-38
   2.1626262E+02  -3.5261888E-38
   2.1659635E+02  -3.1241607E-38
   2.1693009E+02  -2.2046521E-38
   2.1726383E+02  -8.1086724E-39
   2.1759757E+02   9.3836662E-39
   2.1793131E+02   2.8526530E-38
   2.1826505E+02   4.6850848E-38
   2.1859879E+02   6.1580509E-38
   2.1893252E+02   6.9979192E-38
   2.1926626E+02   6.9751615E-38
   2.1960000E+02   5.9450278E-38
   2.1993374E+02   3.8830429E-38
   2.2026748E+02   9.0924470E-39
   2.2060122E+02  -2.7042319E-38
   2.2093496E+02  -6.5462499E-38
   2.2126869E+02  -1.0102097E-37
   2.2160243E+02  -1.2810023E-37
   2.2193617E+02  -1.4134274E-37
   2.2226991E+02  -1.3647008E-37
   2.2260365E+02  -1.1108657E-37
   2.2293739E+02  -6.5349145E-38
   2.2327113E+02  -2.3824344E-39
   2.2360486E+02   7.1664264E-38
   2.2393860E+02   1.4798837E-37
   2.2427234E+02   2.1595359E-37
   2.2460608E+02   2.6431574E-37
   2.2493982E+02   2.8274649E-37
   2.2527356E+02   2.6348546E-37
   2.2560730E+02   2.0290219E-37
   2.2594103E+02   1.0272639E-37
   2.2627477E+02  -2.9289492E-38
   2.2660851E+02  -1.7946807E-37
   2.2694225E+02  -3.2918122E-37
   2.2727599E+02  -4.5670774E-37
   2.2760973E+02  -5.3985617E-37
   2.2794347E+02  -5.5909997E-37
   2.2827720E+02  -5.0085842E-37
   2.2861094E+02  -3.6046961E-37
   2.2894468E+02  -1.4437181E-37
   2.2927842E+02   1.2895663E-37
   2.2961216E+02   4.2964712E-37
   2.2994590E+02   7.1885114E-37
   2.3027964E+02   9.5286116E-37
   2.3061337E+02   1.0886251E-36
   2.3094711E+02   1.0900931E-36
   2.3128085E+02   9.3460975E-37
   2.3161459E+02   6.1843131E-37
   2.3194833E+02   1.6042063E-37
   2.3228207E+02  -3.9691831E-37
   2.3261581E+02  -9.8966540E-37
   2.3294955E+02  -1.5381807E-36
   2.3328328E+02  -1.9560252E-36
   2.3361702E+02  -2.1613448E-36
   2.3395076E+02  -2.0894658E-36
   2.3428450E+02  -1.7050838E-36
   2.3461824E+02  -1.0122018E-36
   2.3495198E+02  -6.0005327E-38
   2.3528572E+02   1.0568366E-36
   2.3561945E+02   2.2044124E-36
   2.3595319E+02   3.2225090E-36
   2.3628693E+02   3.9434657E-36
   2.3662067E+02   4.2151890E-36
   2.3695441E+02   3.9256403E-36
   2.3728815E+02   3.0255158E-36
   2.3762189E+02   1.5455159E-36
   2.3795562E+02  -3.9515648E-37
   2.3828936E+02  -2.5917229E-36
   2.3862310E+02  -4.7696020E-36
   2.3895684E+02  -6.6127971E-36
   2.3929058E+02  -7.8028288E-36
   2.3962432E+02  -8.0642600E-36
   2.3995806E+02  -7.2112726E-36
   2.4029179E+02  -5.1887601E-36
   2.4062553E+02  -2.1010595E-36
   2.4095927E+02   1.7777221E-36
   2.4129301E+02   6.0162718E-36
   2.4162675E+02   1.0063283E-35
   2.4196049E+02   1.3307856E-35
   2.4229423E+02   1.5158040E-35
   2.4262796E+02   1.5128985E-35
   2.4296170E+02   1.2929563E-35
   2.4329544E+02   8.5346084E-36
   2.4362918E+02   2.2302489E-36
   2.4396292E+02  -5.3785772E-36
   2.4429666E+02  -1.3405283E-35
   2.4463040E+02  -2.0765141E-35
   2.4496413E+02  -2.6300280E-35
   2.4529787E+02  -2.8934638E-35
   2.4563161E+02  -2.7841130E-35
   2.4596535E+02  -2.2598968E-35
   2.4629909E+02  -1.3316761E-35
   2.4663283E+02  -6.9871531E-37
   2.4696657E+02   1.3964678E-35
   2.4730030E+02   2.8891476E-35
   2.4763404E+02   4.1988256E-35
   2.4796778E+02   5.1102332E-35
   2.4830152E+02   5.4321075E-35
   2.4863526E+02   5.0282465E-35
   2.4896900E+02   3.8454148E-35
   2.4930274E+02   1.9335981E-35
   2.4963647E+02  -5.4544272E-36
   2.4997021E+02  -3.3243290E-35
   2.5030395E+02  -6.0522686E-35
   2.5063769E+02  -8.3325566E-35
   2.5097143E+02  -9.7723047E-35
   2.5130517E+02  -1.0039109E-34
   2.5163891E+02  -8.9176330E-35
   2.5197264E+02  -6.3579396E-35
   2.5230638E+02  -2.5074867E-35
   2.5264012E+02   2.2802714E-35
   2.5297386E+02   7.4653643E-35
   2.5330760E+02   1.2370304E-34
   2.5364134E+02   1.6255978E-34
   2.5397508E+02   1.8417616E-34
   2.5430882E+02   1.8290139E-34
   2.5464255E+02   1.5549292E-34
   2.5497629E+02   1.0193484E-34
   2.5531003E+02   2.5918896E-35
   2.5564377E+02  -6.5129734E-35
   2.5597751E+02  -1.6055335E-34
   2.5631125E+02  -2.4749460E-34
   2.5664499E+02  -3.1239346E-34
   2.5697872E+02  -3.4280303E-34
   2.5731246E+02  -3.2931488E-34
   2.5764620E+02  -2.6733471E-34
   2.5797994E+02  -1.5843795E-34
   2.5831368E+02  -1.1050692E-35
   2.5864742E+02   1.5973745E-34
   2.5898116E+02   3.3332793E-34
   2.5931489E+02   4.8571225E-34
   2.5964863E+02   5.9235452E-34
   2.5998237E+02   6.3156575E-34
   2.6031611E+02   5.8796409E-34
   2.6064985E+02   4.5554686E-34
   2.6098359E+02   2.3988699E-34
   2.6131733E+02  -4.0979799E-35
   2.6165106E+02  -3.5728724E-34
   2.6198480E+02  -6.7001888E-34
   2.6231854E+02  -9.3503541E-34
   2.6265228E+02  -1.1085055E-33
   2.6298602E+02  -1.1530639E-33
   2.6331976E+02  -1.0439378E-33
   2.6365350E+02  -7.7418141E-34
   2.6398723E+02  -3.5816840E-34
   2.6432097E+02   1.6739662E-34
   2.6465471E+02   7.4542661E-34
   2.6498845E+02   1.3035044E-33
   2.6532219E+02   1.7617650E-33
   2.6565593E+02   2.0429056E-33
   2.6598967E+02   2.0832300E-33
   2.6632340E+02   1.8433292E-33
   2.6665714E+02   1.3168846E-33
   2.6699088E+02   5.3610192E-34
   2.6732462E+02  -4.2742224E-34
   2.6765836E+02  -1.4671466E-33
   2.6799210E+02  -2.4514483E-33
   2.6832584E+02  -3.2382768E-33
   2.6865957E+02  -3.6932166E-33
   2.6899331E+02  -3.7089451E-33
   2.6932705E+02  -3.2235692E-33
   2.6966079E+02  -2.2352025E-33
   2.6999453E+02  -8.1024934E-34
   2.7032827E+02   9.1654801E-34
   2.7066201E+02   2.7514166E-33
   2.7099574E+02   4.4601518E-33
   2.7132948E+02   5.7946953E-33
   2.7166322E+02   6.5250795E-33
   2.7199696E+02   6.4731014E-33
   2.7233070E+02   5.5432993E-33
   2.7266444E+02   3.7466976E-33
   2.7299818E+02   1.2131170E-33
   2.7333192E+02  -1.8110992E-33
   2.7366565E+02  -4.9815026E-33
   2.7399939E+02  -7.8896565E-33
   2.7433313E+02  -1.0110315E-32
   2.7466687E+02  -1.1256895E-32
   2.7500061E+02  -1.1038764E-32
   2.7533435E+02  -9.3127210E-33
   2.7566809E+02  -6.1210470E-33
   2.7600182E+02  -1.7091254E-33
   2.7633556E+02   3.4822114E-33
   2.7666930E+02   8.8518060E-33
   2.7700304E+02   1.3699414E-32
   2.7733678E+02   1.7307999E-32
   2.7767052E+02   1.9038547E-32
   2.7800426E+02   1.8426063E-32
   2.7833799E+02   1.5264000E-32
   2.7867173E+02   9.6640513E-33
   2.7900547E+02   2.0803556E-33
   2.7933921E+02  -6.7096307E-33
   2.7967295E+02  -1.5670330E-32
   2.8000669E+02  -2.3616118E-32
   2.8034043E+02  -2.9352899E-32
   2.8067416E+02  -3.1838173E-32
   2.8100790E+02  -3.0340147E-32
   2.8134164E+02  -2.4574350E-32
   2.8167538E+02  -1.4796544E-32
   2.8200912E+02  -1.8340651E-33
   2.8234286E+02   1.2956102E-32
   2.8267660E+02   2.7805669E-32
   2.8301033E+02   4.0723183E-32
   2.8334407E+02   4.9734884E-32
   2.8367781E+02   5.3152399E-32
   2.8401155E+02   4.9834237E-32
   2.8434529E+02   3.9405424E-32
   2.8467903E+02   2.2400379E-32
   2.8501277E+02   3.0102160E-34
   2.8534650E+02  -2.4547828E-32
   2.8568024E+02  -4.9148891E-32
   2.8601398E+02  -7.0175537E-32
   2.8634772E+02  -8.4377625E-32
   2.8668146E+02  -8.9025641E-32
   2.8701520E+02  -8.2337831E-32
   2.8734894E+02  -6.3831730E-32
   2.8768267E+02  -3.4543912E-32
   2.8801641E+02   2.9275086E-33
   2.8835015E+02   4.4582974E-32
   2.8868389E+02   8.5387663E-32
   2.8901763E+02   1.1981882E-31
   2.8935137E+02   1.4254201E-31
   2.8968511E+02   1.4914193E-31
   2.9001884E+02   1.3681669E-31
   2.9035258E+02   1.0493884E-31
   2.9068632E+02   5.5393202E-32
   2.9102006E+02  -7.3788403E-33
   2.9135380E+02  -7.6668839E-32
   2.9168754E+02  -1.4412407E-31
   2.9202128E+02  -2.0065989E-31
   2.9235501E+02  -2.3757324E-31
   2.9268875E+02  -2.4773405E-31
   2.9302249E+02  -2.2670452E-31
   2.9335623E+02  -1.7363115E-31
   2.9368997E+02  -9.1765825E-32
   2.9402371E+02   1.1495220E-32
   2.9435745E+02   1.2511291E-31
   2.9469119E+02   2.3544310E-31
   2.9502492E+02   3.2773269E-31
   2.9535866E+02   3.8792856E-31
   2.9569240E+02   4.0459599E-31
   2.9602614E+02   3.7070679E-31
   2.9635988E+02   2.8504579E-31
   2.9669362E+02   1.5301135E-31
   2.9702736E+02  -1.3363984E-32
   2.9736109E+02  -1.9625868E-31
   2.9769483E+02  -3.7375884E-31
   2.9802857E+02  -5.2227379E-31
   2.9836231E+02  -6.1943230E-31
   2.9869605E+02  -6.4713165E-31
   2.9902979E+02  -5.9435533E-31
   2.9936353E+02  -4.5936570E-31
   2.9969726E+02  -2.5091599E-31
   3.0003100E+02   1.1779268E-32
   3.0036474E+02   3.0044521E-31
   3.0069848E+02   5.8047825E-31
   3.0103222E+02   8.1479203E-31
   3.0136596E+02   9.6838889E-31
   3.0169970E+02   1.0131341E-30
   3.0203343E+02   9.3212752E-31
   3.0236717E+02   7.2305626E-31
   3.0270091E+02   3.9998833E-31
   3.0303465E+02  -6.7955696E-33
   3.0336839E+02  -4.5310713E-31
   3.0370213E+02  -8.8520800E-31
   3.0403587E+02  -1.2458608E-30
   3.0436960E+02  -1.4814435E-30
   3.0470334E+02  -1.5493096E-30
   3.0503708E+02  -1.4244415E-30
   3.0537082E+02  -1.1044552E-30
   3.0570456E+02  -6.1213050E-31
   3.0603830E+02   5.1127774E-33
   3.0637204E+02   6.7902962E-31
   3.0670577E+02   1.3274801E-30
   3.0703951E+02   1.8638699E-30
   3.0737325E+02   2.2080934E-30
   3.0770699E+02   2.2976954E-30
   3.0804073E+02   2.0977742E-30
   3.0837447E+02   1.6082059E-30
   3.0870821E+02   8.6695398E-31
   3.0904194E+02  -5.1349608E-32
   3.0937568E+02  -1.0418390E-30
   3.0970942E+02  -1.9804868E-30
   3.1004316E+02  -2.7387984E-30
   3.1037690E+02  -3.2005194E-30
   3.1071064E+02  -3.2783127E-30
   3.1104438E+02  -2.9281632E-30
   3.1137811E+02  -2.1593685E-30
   3.1171185E+02  -1.0383115E-30
   3.1204559E+02   3.1508308E-31
   3.1237933E+02   1.7384666E-30
   3.1271307E+02   3.0450079E-30
   3.1304681E+02   4.0464025E-30
   3.1338055E+02   4.5783481E-30
   3.1371429E+02   4.5252617E-30
   3.1404802E+02   3.8408249E-30
   3.1438176E+02   2.5611204E-30
   3.1471550E+02   8.0783893E-31
   3.1504924E+02  -1.2199181E-30
   3.1538298E+02  -3.2652607E-30
   3.1571672E+02  -5.0430690E-30
   3.1605046E+02  -6.2764763E-30
   3.1638419E+02  -6.7359941E-30
   3.1671793E+02  -6.2762055E-30
   3.1705167E+02  -4.8647587E-30
   3.1738541E+02  -2.5988446E-30
   3.1771915E+02   2.9438140E-31
   3.1805289E+02   3.4752349E-30
   3.1838663E+02   6.5262837E-30
   3.1872036E+02   9.0016010E-30
   3.1905410E+02   1.0485277E-29
   3.1938784E+02   1.0652188E-29
   3.1972158E+02   9.3229710E-30
   3.2005532E+02   6.5050383E-30
   3.2038906E+02   2.4125477E-30
   3.2072280E+02  -2.5397189E-30
   3.2105653E+02  -7.7705383E-30
   3.2139027E+02  -1.2592902E-29
   3.2172401E+02  -1.6295776E-29
   3.2205775E+02  -1.8238164E-29
   3.2239149E+02  -1.7943983E-29
   3.2272523E+02  -1.5185056E-29
   3.2305897E+02  -1.0039700E-29
   3.2339270E+02  -2.9162206E-30
   3.2372644E+02   5.4654153E-30
   3.2406018E+02   1.4135948E-29
   3.2439392E+02   2.1979399E-29
   3.2472766E+02   2.7866341E-29
   3.2506140E+02   3.0803233E-29
   3.2539514E+02   3.0079403E-29
   3.2572887E+02   2.5391617E-29
   3.2606261E+02   1.6927317E-29
   3.2639635E+02   5.3908893E-30
   3.2673009E+02  -8.0362873E-30
   3.2706383E+02  -2.1803623E-29
   3.2739757E+02  -3.4159305E-29
   3.2773131E+02  -4.3362198E-29
   3.2806504E+02  -4.7913652E-29
   3.2839878E+02  -4.6780089E-29
   3.2873252E+02  -3.9575811E-29
   3.2906626E+02  -2.6677193E-29
   3.2940000E+02  -9.2464017E-30
   3.2973374E+02   1.0847745E-29
   3.3006748E+02   3.1211190E-29
   3.3040121E+02   4.9194095E-29
   3.3073495E+02   6.2220790E-29
   3.3106869E+02   6.8141628E-29
   3.3140243E+02   6.5561466E-29
   3.3173617E+02   5.4098247E-29
   3.3206991E+02   3.4529950E-29
   3.3240365E+02   8.7988427E-30
   3.3273739E+02  -2.0141244E-29
   3.3307112E+02  -4.8629478E-29
   3.3340486E+02  -7.2728098E-29
   3.3373860E+02  -8.8731902E-29
   3.3407234E+02  -9.3696101E-29
   3.3440608E+02  -8.5912395E-29
   3.3473982E+02  -6.5263597E-29
   3.3507356E+02  -3.3396666E-29
   3.3540729E+02   6.3276188E-30
   3.3574103E+02   4.9123732E-29
   3.3607477E+02   8.9293762E-29
   3.3640851E+02   1.2091603E-28
   3.3674225E+02   1.3863406E-28
   3.3707599E+02   1.3844876E-28
   3.3740973E+02   1.1840702E-28
   3.3774346E+02   7.9082421E-29
   3.3807720E+02   2.3762470E-29
   3.3841094E+02  -4.1713211E-29
   3.3874468E+02  -1.0947696E-28
   3.3907842E+02  -1.7048526E-28
   3.3941216E+02  -2.1561758E-28
   3.3974590E+02  -2.3689892E-28
   3.4007963E+02  -2.2869356E-28
   3.4041337E+02  -1.8870777E-28
   3.4074711E+02  -1.1864734E-28
   3.4108085E+02  -2.4406913E-29
   3.4141459E+02   8.4279080E-29
   3.4174833E+02   1.9473345E-28
   3.4208207E+02   2.9271302E-28
   3.4241580E+02   3.6413124E-28
   3.4274954E+02   3.9693000E-28
   3.4308328E+02   3.8286840E-28
   3.4341702E+02   3.1898008E-28
   3.4375076E+02   2.0847843E-28
   3.4408450E+02   6.0932957E-29
   3.4441824E+02  -1.0837384E-28
   3.4475197E+02  -2.7990195E-28
   3.4508571E+02  -4.3200612E-28
   3.4541945E+02  -5.4356672E-28
   3.4575319E+02  -5.9679499E-28
   3.4608693E+02  -5.7986062E-28
   3.4642067E+02  -4.8897724E-28
   3.4675441E+02  -3.2962180E-28
   3.4708814E+02  -1.1664544E-28
   3.4742188E+02   1.2683587E-28
   3.4775562E+02   3.7174189E-28
   3.4808936E+02   5.8631952E-28
   3.4842310E+02   7.4008538E-28
   3.4875684E+02   8.0795583E-28
   3.4909058E+02   7.7403750E-28
   3.4942431E+02   6.3454938E-28
   3.4975805E+02   3.9940922E-28
   3.5009179E+02   9.2155844E-29
   3.5042553E+02  -2.5193602E-28
   3.5075927E+02  -5.8946071E-28
   3.5109301E+02  -8.7389553E-28
   3.5142675E+02  -1.0614861E-27
   3.5176048E+02  -1.1173152E-27
   3.5209422E+02  -1.0207708E-27
   3.5242796E+02  -7.6964576E-28
   3.5276170E+02  -3.8220330E-28
   3.5309544E+02   1.0324516E-28
   3.5342918E+02   6.3142335E-28
   3.5376292E+02   1.1356799E-27
   3.5409666E+02   1.5455836E-27
   3.5443039E+02   1.7957263E-27
   3.5476413E+02   1.8347033E-27
   3.5509787E+02   1.6331318E-27
   3.5543161E+02   1.1895901E-27
   3.5576535E+02   5.3352930E-28
   3.5609909E+02  -2.7548589E-28
   3.5643283E+02  -1.1524224E-27
   3.5676656E+02  -1.9950751E-27
   3.5710030E+02  -2.6952633E-27
   3.5743404E+02  -3.1517657E-27
   3.5776778E+02  -3.2835103E-27
   3.5810152E+02  -3.0413777E-27
   3.5843526E+02  -2.4170255E-27
   3.5876900E+02  -1.4473874E-27
   3.5910273E+02  -2.1394674E-28
   3.5943647E+02   1.1635475E-27
   3.5977021E+02   2.5385455E-27
   3.6010395E+02   3.7533262E-27
   3.6043769E+02   4.6571436E-27
   3.6077143E+02   5.1248206E-27
   3.6110517E+02   5.0735319E-27
   3.6143890E+02   4.4755215E-27
   3.6177264E+02   3.3649494E-27
   3.6210638E+02   1.8375791E-27
   3.6244012E+02   4.2885452E-29
   3.6277386E+02  -1.8309153E-27
   3.6310760E+02  -3.5775231E-27
   3.6344134E+02  -4.9966492E-27
   3.6377507E+02  -5.9187386E-27
   3.6410881E+02  -6.2272695E-27
   3.6444255E+02  -5.8756040E-27
   3.6477629E+02  -4.8959862E-27
   3.6511003E+02  -3.3989836E-27
   3.6544377E+02  -1.5628975E-27
   3.6577751E+02   3.8615358E-28
   3.6611124E+02   2.2015028E-27
   3.6644498E+02   3.6474871E-27
   3.6677872E+02   4.5314659E-27
   3.6711246E+02   4.7321613E-27
   3.6744620E+02   4.2203523E-27
   3.6777994E+02   3.0686254E-27
   3.6811368E+02   1.4481244E-27
   3.6844741E+02  -3.8833527E-28
   3.6878115E+02  -2.1355886E-27
   3.6911489E+02  -3.4750848E-27
   3.6944863E+02  -4.1191605E-27
   3.6978237E+02  -3.8552911E-27
   3.7011611E+02  -2.5845032E-27
   3.7044985E+02  -3.4840954E-28
   3.7078358E+02   2.6596977E-27
   3.7111732E+02   6.1027089E-27
   3.7145106E+02   9.5273397E-27
   3.7178480E+02   1.2410061E-26
   3.7211854E+02   1.4217320E-26
   3.7245228E+02   1.4474046E-26
   3.7278602E+02   1.2832793E-26
   3.7311976E+02   9.1350555E-27
   3.7345349E+02   3.4565608E-27
   3.7378723E+02  -3.8706154E-27
   3.7412097E+02  -1.2264199E-26
   3.7445471E+02  -2.0928153E-26
   3.7478845E+02  -2.8918442E-26
   3.7512219E+02  -3.5233298E-26
   3.7545593E+02  -3.8920240E-26
   3.7578966E+02  -3.9189168E-26
   3.7612340E+02  -3.5519387E-26
   3.7645714E+02  -2.7748031E-26
   3.7679088E+02  -1.6128240E-26
   3.7712462E+02  -1.3476256E-27
   3.7745836E+02   1.5498681E-26
   3.7779210E+02   3.2981313E-26
   3.7812583E+02   4.9453102E-26
   3.7845957E+02   6.3199400E-26
   3.7879331E+02   7.2609266E-26
   3.7912705E+02   7.6350938E-26
   3.7946079E+02   7.3532905E-26
   3.7979453E+02   6.3832566E-26
   3.8012827E+02   4.7575462E-26
   3.8046200E+02   2.5753484E-26
   3.8079574E+02  -2.5348320E-29
   3.8112948E+02  -2.7654742E-26
   3.8146322E+02  -5.4708515E-26
   3.8179696E+02  -7.8664347E-26
   3.8213070E+02  -9.7151906E-26
   3.8246444E+02  -1.0820132E-25
   3.8279817E+02  -1.1046348E-25
   3.8313191E+02  -1.0337841E-25
   3.8346565E+02  -8.7268705E-26
   3.8379939E+02  -6.3344606E-26
   3.8413313E+02  -3.3614389E-26
   3.8446687E+02  -7.0580864E-28
   3.8480061E+02   3.2386900E-26
   3.8513434E+02   6.2605142E-26
   3.8546808E+02   8.7145316E-26
   3.8580182E+02   1.0376083E-25
   3.8613556E+02   1.1101010E-25
   3.8646930E+02   1.0842172E-25
   3.8680304E+02   9.6553185E-26
   3.8713678E+02   7.6933684E-26
   3.8747051E+02   5.1895387E-26
   3.8780425E+02   2.4308749E-26
   3.8813799E+02  -2.7473807E-27
   3.8847173E+02  -2.6342130E-26
   3.8880547E+02  -4.4033279E-26
   3.8913921E+02  -5.4149644E-26
   3.8947295E+02  -5.5978815E-26
   3.8980668E+02  -4.9839637E-26
   3.9014042E+02  -3.7026767E-26
   3.9047416E+02  -1.9639703E-26
   3.9080790E+02  -3.1541802E-28
   3.9114164E+02   1.8094651E-26
   3.9147538E+02   3.2862479E-26
   3.9180912E+02   4.1688963E-26
   3.9214285E+02   4.2940112E-26
   3.9247659E+02   3.5786179E-26
   3.9281033E+02   2.0232655E-26
   3.9314407E+02  -2.9471258E-27
   3.9347781E+02  -3.2355913E-26
   3.9381155E+02  -6.6151232E-26
   3.9414529E+02  -1.0222239E-25
   3.9447903E+02  -1.3832041E-25
   3.9481276E+02  -1.7211698E-25
   3.9514650E+02  -2.0118122E-25
   3.9548024E+02  -2.2289336E-25
   3.9581398E+02  -2.3432815E-25
   3.9614772E+02  -2.3217212E-25
   3.9648146E+02  -2.1273715E-25
   3.9681520E+02  -1.7213827E-25
   3.9714893E+02  -1.0668446E-25
   3.9748267E+02  -1.3494057E-26
   3.9781641E+02   1.0869083E-25
   3.9815015E+02   2.5856514E-25
   3.9848389E+02   4.3132528E-25
   3.9881763E+02   6.1789897E-25
   3.9915137E+02   8.0452029E-25
   3.9948510E+02   9.7283086E-25
   3.9981884E+02   1.1006485E-24
   4.0015258E+02   1.1634854E-24
   4.0048632E+02   1.1368196E-24
   4.0082006E+02   9.9898367E-25
   4.0115380E+02   7.3448058E-25
   4.0148754E+02   3.3737698E-25
   4.0182127E+02  -1.8562402E-25
   4.0215501E+02  -8.1287566E-25
   4.0248875E+02  -1.5066954E-24
   4.0282249E+02  -2.2138689E-24
   4.0315623E+02  -2.8680123E-24
   4.0348997E+02  -3.3939060E-24
   4.0382371E+02  -3.7136909E-24
   4.0415744E+02  -3.7545780E-24
   4.0449118E+02  -3.4575119E-24
   4.0482492E+02  -2.7860169E-24
   4.0515866E+02  -1.7343077E-24
   4.0549240E+02  -3.3360375E-25
   4.0582614E+02   1.3443123E-24
   4.0615988E+02   3.1871819E-24
   4.0649361E+02   5.0466603E-24
   4.0682735E+02   6.7472670E-24
   4.0716109E+02   8.0998037E-24
   4.0749483E+02   8.9184559E-24
   4.0782857E+02   9.0405093E-24
   4.0816231E+02   8.3468907E-24
   4.0849605E+02   6.7814917E-24
   4.0882978E+02   4.3669088E-24
   4.0916352E+02   1.2143106E-24
   4.0949726E+02  -2.4746732E-24
   4.0983100E+02  -6.4155202E-24
   4.1016474E+02  -1.0258590E-23
   4.1049848E+02  -1.3616632E-23
   4.1083222E+02  -1.6100555E-23
   4.1116595E+02  -1.7360535E-23
   4.1149969E+02  -1.7128691E-23
   4.1183343E+02  -1.5258583E-23
   4.1216717E+02  -1.1756422E-23
   4.1250091E+02  -6.7994059E-24
   4.1283465E+02  -7.3705799E-25
   4.1316839E+02   5.9268477E-24
   4.1350213E+02   1.2572231E-23
   4.1383586E+02   1.8518652E-23
   4.1416960E+02   2.3094941E-23
   4.1450334E+02   2.5715995E-23
   4.1483708E+02   2.5958380E-23
   4.1517082E+02   2.3625684E-23
   4.1550456E+02   1.8794475E-23
   4.1583830E+02   1.1832947E-23
   4.1617203E+02   3.3870059E-24
   4.1650577E+02  -5.6688807E-24
   4.1683951E+02  -1.4313704E-23
   4.1717325E+02  -2.1489565E-23
   4.1750699E+02  -2.6228666E-23
   4.1784073E+02  -2.7784558E-23
   4.1817447E+02  -2.5752533E-23
   4.1850820E+02  -2.0163035E-23
   4.1884194E+02  -1.1533396E-23
   4.1917568E+02  -8.6597995E-25
   4.1950942E+02   1.0415154E-23
   4.1984316E+02   2.0590431E-23
   4.2017690E+02   2.7828438E-23
   4.2051064E+02   3.0415207E-23
   4.2084437E+02   2.7008231E-23
   4.2117811E+02   1.6890686E-23
   4.2151185E+02   1.9405663E-25
   4.2184559E+02  -2.1943611E-23
   4.2217933E+02  -4.7315871E-23
   4.2251307E+02  -7.2711140E-23
   4.2284681E+02  -9.4119966E-23
   4.2318054E+02  -1.0709379E-22
   4.2351428E+02  -1.0724462E-22
   4.2384802E+02  -9.0857036E-23
   4.2418176E+02  -5.5559309E-23
   4.2451550E+02  -9.8353915E-25
   4.2484924E+02   7.0676421E-23
   4.2518298E+02   1.5430798E-22
   4.2551671E+02   2.4182429E-22
   4.2585045E+02   3.2249495E-22
   4.2618419E+02   3.8371946E-22
   4.2651793E+02   4.1225250E-22
   4.2685167E+02   3.9583026E-22
   4.2718541E+02   3.2507703E-22
   4.2751915E+02   1.9549710E-22
   4.2785288E+02   9.2974010E-24
   4.2818662E+02  -2.2326228E-22
   4.2852036E+02  -4.8329966E-22
   4.2885410E+02  -7.4380168E-22
   4.2918784E+02  -9.7137116E-22
   4.2952158E+02  -1.1292910E-21
   4.2985532E+02  -1.1817895E-21
   4.3018905E+02  -1.0991826E-21
   4.3052279E+02  -8.6336805E-22
   4.3085653E+02  -4.7294991E-22
   4.3119027E+02   5.2828488E-23
   4.3152401E+02   6.7220219E-22
   4.3185775E+02   1.3218033E-21
   4.3219149E+02   1.9208867E-21
   4.3252522E+02   2.3790054E-21
   4.3285896E+02   2.6067813E-21
   4.3319270E+02   2.5288826E-21
   4.3352644E+02   2.0977926E-21
   4.3386018E+02   1.3064970E-21
   4.3419392E+02   1.9799182E-22
   4.3452766E+02  -1.1304988E-21
   4.3486140E+02  -2.5303548E-21
   4.3519513E+02  -3.8125417E-21
   4.3552887E+02  -4.7668440E-21
   4.3586261E+02  -5.1882440E-21
   4.3619635E+02  -4.9080430E-21
   4.3653009E+02  -3.8261146E-21
   4.3686383E+02  -1.9397157E-21
   4.3719757E+02   6.3604898E-22
   4.3753130E+02   3.6608752E-21
   4.3786504E+02   6.7787185E-21
   4.3819878E+02   9.5460439E-21
   4.3853252E+02   1.1478453E-20
   4.3886626E+02   1.2112456E-20
   4.3920000E+02   1.1076354E-20
   4.3953374E+02   8.1616295E-21
   4.3986747E+02   3.3846235E-21
   4.4020121E+02  -2.9722312E-21
   4.4053495E+02  -1.0349385E-20
   4.4086869E+02  -1.7936420E-20
   4.4120243E+02  -2.4738555E-20
   4.4153617E+02  -2.9681069E-20
   4.4186991E+02  -3.1743405E-20
   4.4220364E+02  -3.0109119E-20
   4.4253738E+02  -2.4313029E-20
   4.4287112E+02  -1.4364500E-20
   4.4320486E+02  -8.2556826E-22
   4.4353860E+02   1.5174367E-20
   4.4387234E+02   3.1999143E-20
   4.4420608E+02   4.7645077E-20
   4.4453981E+02   5.9951110E-20
   4.4487355E+02   6.6861164E-20
   4.4520729E+02   6.6709615E-20
   4.4554103E+02   5.8493373E-20
   4.4587477E+02   4.2090562E-20
   4.4620851E+02   1.8388051E-20
   4.4654225E+02  -1.0712495E-20
   4.4687598E+02  -4.2427102E-20
   4.4720972E+02  -7.3359934E-20
   4.4754346E+02  -9.9891701E-20
   4.4787720E+02  -1.1864607E-19
   4.4821094E+02  -1.2697835E-19
   4.4854468E+02  -1.2341994E-19
   4.4887842E+02  -1.0801036E-19
   4.4921215E+02  -8.2456168E-20
   4.4954589E+02  -5.0073882E-20
   4.4987963E+02  -1.5499678E-20
   4.5021337E+02   1.5819299E-20
   4.5054711E+02   3.8303839E-20
   4.5088085E+02   4.7013366E-20
   4.5121459E+02   3.8407288E-20
   4.5154832E+02   1.0985243E-20
   4.5188206E+02  -3.4300337E-20
   4.5221580E+02  -9.3945132E-20
   4.5254954E+02  -1.6215684E-19
   4.5288328E+02  -2.3148489E-19
   4.5321702E+02  -2.9376433E-19
   4.5355076E+02  -3.4127135E-19
   4.5388450E+02  -3.6794521E-19
   4.5421823E+02  -3.7050485E-19
   4.5455197E+02  -3.4928394E-19
   4.5488571E+02  -3.0862913E-19
   4.5521945E+02  -2.5675190E-19
   4.5555319E+02  -2.0498725E-19
   4.5588693E+02  -1.6649401E-19
   4.5622067E+02  -1.5451026E-19
   4.5655440E+02  -1.8035034E-19
   4.5688814E+02  -2.5138451E-19
   4.5722188E+02  -3.6926431E-19
   4.5755562E+02  -5.2864498E-19
   4.5788936E+02  -7.1661179E-19
   4.5822310E+02  -9.1293122E-19
   4.5855684E+02  -1.0911452E-18
   4.5889057E+02  -1.2204082E-18
   4.5922431E+02  -1.2678454E-18
   4.5955805E+02  -1.2011177E-18
   4.5989179E+02  -9.9081410E-19
   4.6022553E+02  -6.1225050E-19
   4.6055927E+02  -4.6303690E-20
   4.6089301E+02   7.2104590E-19
   4.6122674E+02   1.7006565E-18
   4.6156048E+02   2.9037156E-18
   4.6189422E+02   4.3466745E-18
   4.6222796E+02   6.0573535E-18
   4.6256170E+02   8.0818185E-18
   4.6289544E+02   1.0491504E-17
   4.6322918E+02   1.3390024E-17
   4.6356291E+02   1.6919071E-17
   4.6389665E+02   2.1262990E-17
   4.6423039E+02   2.6651607E-17
   4.6456413E+02   3.3361365E-17
   4.6489787E+02   4.1714778E-17
   4.6523161E+02   5.2078881E-17
   4.6556535E+02   6.4863341E-17
   4.6589908E+02   8.0519230E-17
   4.6623282E+02   9.9539580E-17
   4.6656656E+02   1.2246302E-16
   4.6690030E+02   1.4988116E-16
   4.6723404E+02   1.8245042E-16
   4.6756778E+02   2.2090877E-16
   4.6790152E+02   2.6609704E-16
   4.6823525E+02   3.1898374E-16
   4.6856899E+02   3.8069194E-16
   4.6890273E+02   4.5252767E-16
   4.6923647E+02   5.3600563E-16
   4.6957021E+02   6.3287189E-16
   4.6990395E+02   7.4512070E-16
   4.7023769E+02   8.7500182E-16
   4.7057142E+02   1.0250203E-15
   4.7090516E+02   1.1979196E-15
   4.7123890E+02   1.3966567E-15
   4.7157264E+02   1.6243538E-15
   4.7190638E+02   1.8842375E-15
   4.7224012E+02   2.1795547E-15
   4.7257386E+02   2.5134657E-15
   4.7290760E+02   2.8889024E-15
   4.7324133E+02   3.3083968E-15
   4.7357507E+02   3.7738545E-15
   4.7390881E+02   4.2862802E-15
   4.7424255E+02   4.8454181E-15
   4.7457629E+02   5.4493056E-15
   4.7491003E+02   6.0936977E-15
   4.7524377E+02   6.7713601E-15
   4.7557750E+02   7.4711643E-15
   4.7591124E+02   8.1769613E-15
   4.7624498E+02   8.8661785E-15
   4.7657872E+02   9.5080804E-15
   4.7691246E+02   1.0061611E-14
   4.7724620E+02   1.0472742E-14
   4.7757994E+02   1.0671263E-14
   4.7791367E+02   1.0566800E-14
   4.7824741E+02   1.0044046E-14
   4.7858115E+02   8.9569296E-15
   4.7891489E+02   7.1216396E-15
   4.7924863E+02   4.3082400E-15
   4.7958237E+02   2.3065046E-16
   4.7991611E+02  -5.4652192E-15
   4.8024984E+02  -1.3215672E-14
   4.8058358E+02  -2.3556020E-14
   4.8091732E+02  -3.7140443E-14
   4.8125106E+02  -5.4765356E-14
   4.8158480E+02  -7.7397249E-14
   4.8191854E+02  -1.0620500E-13
   4.8225228E+02  -1.4259823E-13
   4.8258601E+02  -1.8827252E-13
   4.8291975E+02  -2.4526103E-13
   4.8325349E+02  -3.1599669E-13
   4.8358723E+02  -4.0338262E-13
   4.8392097E+02  -5.1087639E-13
   4.8425471E+02  -6.4258494E-13
   4.8458845E+02  -8.0337744E-13
   4.8492218E+02  -9.9901348E-13
   4.8525592E+02  -1.2362932E-12
   4.8558966E+02  -1.5232288E-12
   4.8592340E+02  -1.8692420E-12
   4.8625714E+02  -2.2853904E-12
   4.8659088E+02  -2.7846317E-12
   4.8692462E+02  -3.3821197E-12
   4.8725835E+02  -4.0955446E-12
   4.8759209E+02  -4.9455214E-12
   4.8792583E+02  -5.9560356E-12
   4.8825957E+02  -7.1549502E-12
   4.8859331E+02  -8.5745430E-12
   4.8892705E+02  -1.0252221E-11
   4.8926079E+02  -1.2231179E-11
   4.8959452E+02  -1.4561257E-11
   4.8992826E+02  -1.7299861E-11
   4.9026200E+02  -2.0513010E-11
   4.9059574E+02  -2.4276487E-11
   4.9092948E+02  -2.8677172E-11
   4.9126322E+02  -3.3814486E-11
   4.9159696E+02  -3.9801985E-11
   4.9193069E+02  -4.6769286E-11
   4.9226443E+02  -5.4863947E-11
   4.9259817E+02  -6.4253734E-11
   4.9293191E+02  -7.5129146E-11
   4.9326565E+02  -8.7706058E-11
   4.9359939E+02  -1.0222873E-10
   4.9393313E+02  -1.1897318E-10
   4.9426687E+02  -1.3825063E-10
   4.9460060E+02  -1.6041157E-10
   4.9493434E+02  -1.8585009E-10
   4.9526808E+02  -2.1500837E-10
   4.9560182E+02  -2.4838198E-10
   4.9593556E+02  -2.8652544E-10
   4.9626930E+02  -3.3005773E-10
   4.9660304E+02  -3.7966888E-10
   4.9693677E+02  -4.3612744E-10
   4.9727051E+02  -5.0028631E-10
   4.9760425E+02  -5.7309224E-10
   4.9793799E+02  -6.5559330E-10
   4.9827173E+02  -7.4894735E-10
   4.9860547E+02  -8.5443203E-10
   4.9893921E+02  -9.7345454E-10
   4.9927294E+02  -1.1075614E-09
   4.9960668E+02  -1.2584487E-09
   4.9994042E+02  -1.4279745E-09
   5.0027416E+02  -1.6181688E-09
   5.0060790E+02  -1.8312473E-09
   5.0094164E+02  -2.0696200E-09
   5.0127538E+02  -2.3359061E-09
   5.0160911E+02  -2.6329461E-09
   5.0194285E+02  -2.9638101E-09
   5.0227659E+02  -3.3318164E-09
   5.0261033E+02  -3.7405377E-09
   5.0294407E+02  -4.1938133E-09
   5.0327781E+02  -4.6957584E-09
   5.0361155E+02  -5.2507807E-09
   5.0394528E+02  -5.8635754E-09
   5.0427902E+02  -6.5391554E-09
   5.0461276E+02  -7.2828286E-09
   5.0494650E+02  -8.1002121E-09
   5.0528024E+02  -8.9972580E-09
   5.0561398E+02  -9.9802193E-09
   5.0594772E+02  -1.1055671E-08
   5.0628145E+02  -1.2230477E-08
   5.0661519E+02  -1.3511815E-08
   5.0694893E+02  -1.4907144E-08
   5.0728267E+02  -1.6424186E-08
   5.0761641E+02  -1.8070910E-08
   5.0795015E+02  -1.9855518E-08
   5.0828389E+02  -2.1786388E-08
   5.0861762E+02  -2.3872049E-08
   5.0895136E+02  -2.6121166E-08
   5.0928510E+02  -2.8542464E-08
   5.0961884E+02  -3.1144658E-08
   5.0995258E+02  -3.3936448E-08
   5.1028632E+02  -3.6926366E-08
   5.1062006E+02  -4.0122845E-08
   5.1095379E+02  -4.3533966E-08
   5.1128753E+02  -4.7167500E-08
   5.1162127E+02  -5.1030742E-08
   5.1195501E+02  -5.5130460E-08
   5.1228875E+02  -5.9472782E-08
   5.1262249E+02  -6.4063002E-08
   5.1295623E+02  -6.8905592E-08
   5.1328997E+02  -7.4003935E-08
   5.1362370E+02  -7.9360369E-08
   5.1395744E+02  -8.4975802E-08
   5.1429118E+02  -9.0849888E-08
   5.1462492E+02  -9.6980607E-08
   5.1495866E+02  -1.0336432E-07
   5.1529240E+02  -1.0999543E-07
   5.1562614E+02  -1.1686640E-07
   5.1595987E+02  -1.2396762E-07
   5.1629361E+02  -1.3128695E-07
   5.1662735E+02  -1.3881026E-07
   5.1696109E+02  -1.4652046E-07
   5.1729483E+02  -1.5439809E-07
   5.1762857E+02  -1.6242083E-07
   5.1796231E+02  -1.7056334E-07
   5.1829604E+02  -1.7879759E-07
   5.1862978E+02  -1.8709220E-07
   5.1896352E+02  -1.9541301E-07
   5.1929726E+02  -2.0372245E-07
   5.1963100E+02  -2.1197995E-07
   5.1996474E+02  -2.2014177E-07
   5.2029848E+02  -2.2816089E-07
   5.2063221E+02  -2.3598754E-07
   5.2096595E+02  -2.4356879E-07
   5.2129969E+02  -2.5084853E-07
   5.2163343E+02  -2.5776842E-07
   5.2196717E+02  -2.6426716E-07
   5.2230091E+02  -2.7028113E-07
   5.2263465E+02  -2.7574475E-07
   5.2296838E+02  -2.8059031E-07
   5.2330212E+02  -2.8474835E-07
   5.2363586E+02  -2.8814850E-07
   5.2396960E+02  -2.9071930E-07
   5.2430334E+02  -2.9238865E-07
   5.2463708E+02  -2.9308427E-07
   5.2497082E+02  -2.9273440E-07
   5.2530455E+02  -2.9126767E-07
   5.2563829E+02  -2.8861444E-07
   5.2597203E+02  -2.8470652E-07
   5.2630577E+02  -2.7947800E-07
   5.2663951E+02  -2.7286606E-07
   5.2697325E+02  -2.6481095E-07
   5.2730699E+02  -2.5525702E-07
   5.2764072E+02  -2.4415328E-07
   5.2797446E+02  -2.3145360E-07
   5.2830820E+02  -2.1711763E-07
   5.2864194E+02  -2.0111135E-07
   5.2897568E+02  -1.8340734E-07
   5.2930942E+02  -1.6398548E-07
   5.2964316E+02  -1.4283333E-07
   5.2997689E+02  -1.1994663E-07
   5.3031063E+02  -9.5330201E-08
   5.3064437E+02  -6.8997544E-08
   5.3097811E+02  -4.0971656E-08
   5.3131185E+02  -1.1285323E-08
   5.3164559E+02   2.0018788E-08
   5.3197933E+02   5.2887771E-08
   5.3231306E+02   8.7258385E-08
   5.3264680E+02   1.2305713E-07
   5.3298054E+02   1.6020013E-07
   5.3331428E+02   1.9859303E-07
   5.3364802E+02   2.3813149E-07
   5.3398176E+02   2.7870107E-07
   5.3431550E+02   3.2017746E-07
   5.3464924E+02   3.6242744E-07
   5.3498297E+02   4.0530864E-07
   5.3531671E+02   4.4867022E-07
   5.3565045E+02   4.9235388E-07
   5.3598419E+02   5.3619340E-07
   5.3631793E+02   5.8001700E-07
   5.3665167E+02   6.2364620E-07
   5.3698541E+02   6.6689887E-07
   5.3731914E+02   7.0958788E-07
   5.3765288E+02   7.5152400E-07
   5.3798662E+02   7.9251447E-07
   5.3832036E+02   8.3236796E-07
   5.3865410E+02   8.7089052E-07
   5.3898784E+02   9.0789086E-07
   5.3932158E+02   9.4318017E-07
   5.3965531E+02   9.7657266E-07
   5.3998905E+02   1.0078868E-06
   5.4032279E+02   1.0369465E-06
   5.4065653E+02   1.0635832E-06
   5.4099027E+02   1.0876361E-06
   5.4132401E+02   1.1089526E-06
   5.4165775E+02   1.1273903E-06
   5.4199148E+02   1.1428184E-06
   5.4232522E+02   1.1551165E-06
   5.4265896E+02   1.1641789E-06
   5.4299270E+02   1.1699111E-06
   5.4332644E+02   1.1722348E-06
   5.4366018E+02   1.1710858E-06
   5.4399392E+02   1.1664150E-06
   5.4432765E+02   1.1581898E-06
   5.4466139E+02   1.1463937E-06
   5.4499513E+02   1.1310274E-06
   5.4532887E+02   1.1121072E-06
   5.4566261E+02   1.0896671E-06
   5.4599635E+02   1.0637582E-06
   5.4633009E+02   1.0344481E-06
   5.4666382E+02   1.0018202E-06
   5.4699756E+02   9.6597569E-07
   5.4733130E+02   9.2702999E-07
   5.4766504E+02   8.8511513E-07
   5.4799878E+02   8.4037640E-07
   5.4833252E+02   7.9297399E-07
   5.4866626E+02   7.4308116E-07
   5.4899999E+02   6.9088281E-07
   5.4933373E+02   6.3657563E-07
   5.4966747E+02   5.8036630E-07
   5.5000121E+02   5.2247043E-07
   5.5033495E+02   4.6311214E-07
   5.5066869E+02   4.0252147E-07
   5.5100243E+02   3.4093503E-07
   5.5133616E+02   2.7859267E-07
   5.5166990E+02   2.1573771E-07
   5.5200364E+02   1.5261477E-07
   5.5233738E+02   8.9469182E-08
   5.5267112E+02   2.6544853E-08
   5.5300486E+02  -3.5916230E-08
   5.5333860E+02  -9.7676264E-08
   5.5367234E+02  -1.5850159E-07
   5.5400607E+02  -2.1816524E-07
   5.5433981E+02  -2.7644688E-07
   5.5467355E+02  -3.3313515E-07
   5.5500729E+02  -3.8802801E-07
   5.5534103E+02  -4.4093312E-07
   5.5567477E+02  -4.9167039E-07
   5.5600851E+02  -5.4007154E-07
   5.5634224E+02  -5.8598107E-07
   5.5667598E+02  -6.2925739E-07
   5.5700972E+02  -6.6977282E-07
   5.5734346E+02  -7.0741470E-07
   5.5767720E+02  -7.4208509E-07
   5.5801094E+02  -7.7370214E-07
   5.5834468E+02  -8.0219831E-07
   5.5867841E+02  -8.2752319E-07
   5.5901215E+02  -8.4964165E-07
   5.5934589E+02  -8.6853368E-07
   5.5967963E+02  -8.8419517E-07
   5.6001337E+02  -8.9663718E-07
   5.6034711E+02  -9.0588617E-07
   5.6068085E+02  -9.1198228E-07
   5.6101458E+02  -9.1498015E-07
   5.6134832E+02  -9.1494729E-07
   5.6168206E+02  -9.1196478E-07
   5.6201580E+02  -9.0612502E-07
   5.6234954E+02  -8.9753217E-07
   5.6268328E+02  -8.8630037E-07
   5.6301702E+02  -8.7255341E-07
   5.6335075E+02  -8.5642444E-07
   5.6368449E+02  -8.3805372E-07
   5.6401823E+02  -8.1758873E-07
   5.6435197E+02  -7.9518270E-07
   5.6468571E+02  -7.7099384E-07
   5.6501945E+02  -7.4518391E-07
   5.6535319E+02  -7.1791783E-07
   5.6568692E+02  -6.8936254E-07
   5.6602066E+02  -6.5968561E-07
   5.6635440E+02  -6.2905480E-07
   5.6668814E+02  -5.9763738E-07
   5.6702188E+02  -5.6559793E-07
   5.6735562E+02  -5.3309907E-07
   5.6768936E+02  -5.0029968E-07
   5.6802309E+02  -4.6735451E-07
   5.6835683E+02  -4.3441304E-07
   5.6869057E+02  -4.0161956E-07
   5.6902431E+02  -3.6911172E-07
   5.6935805E+02  -3.3702020E-07
   5.6969179E+02  -3.0546889E-07
   5.7002553E+02  -2.7457313E-07
   5.7035926E+02  -2.4444043E-07
   5.7069300E+02  -2.1516986E-07
   5.7102674E+02  -1.8685135E-07
   5.7136048E+02  -1.5956621E-07
   5.7169422E+02  -1.3338649E-07
   5.7202796E+02  -1.0837481E-07
   5.7236170E+02  -8.4584784E-08
   5.7269543E+02  -6.2060728E-08
   5.7302917E+02  -4.0837890E-08
   5.7336291E+02  -2.0942586E-08
   5.7369665E+02  -2.3923050E-09
   5.7403039E+02   1.4803877E-08
   5.7436413E+02   3.0645154E-08
   5.7469787E+02   4.5138421E-08
   5.7503161E+02   5.8298127E-08
   5.7536534E+02   7.0145703E-08
   5.7569908E+02   8.0709114E-08
   5.7603282E+02   9.0022446E-08
   5.7636656E+02   9.8125319E-08
   5.7670030E+02   1.0506247E-07
   5.7703404E+02   1.1088302E-07
   5.7736778E+02   1.1564020E-07
   5.7770151E+02   1.1939053E-07
   5.7803525E+02   1.2219337E-07
   5.7836899E+02   1.2411044E-07
   5.7870273E+02   1.2520505E-07
   5.7903647E+02   1.2554160E-07
   5.7937021E+02   1.2518532E-07
   5.7970395E+02   1.2420129E-07
   5.8003768E+02   1.2265426E-07
   5.8037142E+02   1.2060809E-07
   5.8070516E+02   1.1812536E-07
   5.8103890E+02   1.1526677E-07
   5.8137264E+02   1.1209092E-07
   5.8170638E+02   1.0865381E-07
   5.8204012E+02   1.0500876E-07
   5.8237385E+02   1.0120586E-07
   5.8270759E+02   9.7291775E-08
   5.8304133E+02   9.3309737E-08
   5.8337507E+02   8.9299157E-08
   5.8370881E+02   8.5295440E-08
   5.8404255E+02   8.1330214E-08
   5.8437629E+02   7.7430968E-08
   5.8471002E+02   7.3621202E-08
   5.8504376E+02   6.9920375E-08
   5.8537750E+02   6.6344150E-08
   5.8571124E+02   6.2904178E-08
   5.8604498E+02   5.9608567E-08
   5.8637872E+02   5.6461779E-08
   5.8671246E+02   5.3464984E-08
   5.8704619E+02   5.0616201E-08
   5.8737993E+02   4.7910628E-08
   5.8771367E+02   4.5340730E-08
   5.8804741E+02   4.2896719E-08
   5.8838115E+02   4.0566732E-08
   5.8871489E+02   3.8337141E-08
   5.8904863E+02   3.6192930E-08
   5.8938236E+02   3.4117914E-08
   5.8971610E+02   3.2095166E-08
   5.9004984E+02   3.0107273E-08
   5.9038358E+02   2.8136597E-08
   5.9071732E+02   2.6165674E-08
   5.9105106E+02   2.4177439E-08
   5.9138480E+02   2.2155509E-08
   5.9171853E+02   2.0084453E-08
   5.9205227E+02   1.7950054E-08
   5.9238601E+02   1.5739477E-08
   5.9271975E+02   1.3441518E-08
   5.9305349E+02   1.1046808E-08
   5.9338723E+02   8.5478575E-09
   5.9372097E+02   5.9393059E-09
   5.9405471E+02   3.2179699E-09
   5.9438844E+02   3.8287595E-10
   5.9472218E+02  -2.5646649E-09
   5.9505592E+02  -5.6209899E-09
   5.9538966E+02  -8.7801766E-09
   5.9572340E+02  -1.2034043E-08
   5.9605714E+02  -1.5372208E-08
   5.9639088E+02  -1.8782131E-08
   5.9672461E+02  -2.2249345E-08
   5.9705835E+02  -2.5757387E-08
   5.9739209E+02  -2.9288145E-08
   5.9772583E+02  -3.2821902E-08
   5.9805957E+02  -3.6337624E-08
   5.9839331E+02  -3.9813010E-08
   5.9872705E+02  -4.3224830E-08
   5.9906078E+02  -4.6549104E-08
   5.9939452E+02  -4.9761368E-08
   5.9972826E+02  -5.2836775E-08
   6.0006200E+02  -5.5750512E-08
   6.0039574E+02  -5.8477895E-08
   6.0072948E+02  -6.0994608E-08
   6.0106322E+02  -6.3277128E-08
   6.0139695E+02  -6.5302572E-08
   6.0173069E+02  -6.7049271E-08
   6.0206443E+02  -6.8496931E-08
   6.0239817E+02  -6.9626623E-08
   6.0273191E+02  -7.0421123E-08
   6.0306565E+02  -7.0865070E-08
   6.0339939E+02  -7.0945177E-08
   6.0373312E+02  -7.0650259E-08
   6.0406686E+02  -6.9971350E-08
   6.0440060E+02  -6.8901841E-08
   6.0473434E+02  -6.7437753E-08
   6.0506808E+02  -6.5577396E-08
   6.0540182E+02  -6.3321750E-08
   6.0573556E+02  -6.0674381E-08
   6.0606929E+02  -5.7641444E-08
   6.0640303E+02  -5.4231649E-08
   6.0673677E+02  -5.0456251E-08
   6.0707051E+02  -4.6329134E-08
   6.0740425E+02  -4.1866514E-08
   6.0773799E+02  -3.7086998E-08
   6.0807173E+02  -3.2011521E-08
   6.0840546E+02  -2.6663173E-08
   6.0873920E+02  -2.1066995E-08
   6.0907294E+02  -1.5250002E-08
   6.0940668E+02  -9.2409280E-09
   6.0974042E+02  -3.0700349E-09
   6.1007416E+02   3.2309906E-09
   6.1040790E+02   9.6292183E-09
   6.1074163E+02   1.6090761E-08
   6.1107537E+02   2.2580828E-08
   6.1140911E+02   2.9064065E-08
   6.1174285E+02   3.5504652E-08
   6.1207659E+02   4.1866432E-08
   6.1241033E+02   4.8113410E-08
   6.1274407E+02   5.4209696E-08
   6.1307781E+02   6.0119696E-08
   6.1341154E+02   6.5808557E-08
   6.1374528E+02   7.1242120E-08
   6.1407902E+02   7.6387295E-08
   6.1441276E+02   8.1212157E-08
   6.1474650E+02   8.5685926E-08
   6.1508024E+02   8.9779704E-08
   6.1541398E+02   9.3466028E-08
   6.1574771E+02   9.6719276E-08
   6.1608145E+02   9.9515830E-08
   6.1641519E+02   1.0183432E-07
   6.1674893E+02   1.0365545E-07
   6.1708267E+02   1.0496235E-07
   6.1741641E+02   1.0574067E-07
   6.1775015E+02   1.0597826E-07
   6.1808388E+02   1.0566605E-07
   6.1841762E+02   1.0479711E-07
   6.1875136E+02   1.0336774E-07
   6.1908510E+02   1.0137650E-07
   6.1941884E+02   9.8824927E-08
   6.1975258E+02   9.5717269E-08
   6.2008632E+02   9.2060517E-08
   6.2042005E+02   8.7864237E-08
   6.2075379E+02   8.3140748E-08
   6.2108753E+02   7.7904872E-08
   6.2142127E+02   7.2173961E-08
   6.2175501E+02   6.5967797E-08
   6.2208875E+02   5.9308476E-08
   6.2242249E+02   5.2220201E-08
   6.2275622E+02   4.4729262E-08
   6.2308996E+02   3.6863895E-08
   6.2342370E+02   2.8654043E-08
   6.2375744E+02   2.0131253E-08
   6.2409118E+02   1.1328339E-08
   6.2442492E+02   2.2794779E-09
   6.2475866E+02  -6.9802795E-09
   6.2509239E+02  -1.6415051E-08
   6.2542613E+02  -2.5988406E-08
   6.2575987E+02  -3.5663625E-08
   6.2609361E+02  -4.5403759E-08
   6.2642735E+02  -5.5171999E-08
   6.2676109E+02  -6.4931882E-08
   6.2709483E+02  -7.4647474E-08
   6.2742856E+02  -8.4283641E-08
   6.2776230E+02  -9.3806207E-08
   6.2809604E+02  -1.0318226E-07
   6.2842978E+02  -1.1238031E-07
   6.2876352E+02  -1.2137049E-07
   6.2909726E+02  -1.3012483E-07
   6.2943100E+02  -1.3861725E-07
   6.2976473E+02  -1.4682399E-07
   6.3009847E+02  -1.5472344E-07
   6.3043221E+02  -1.6229663E-07
   6.3076595E+02  -1.6952710E-07
   6.3109969E+02  -1.7640104E-07
   6.3143343E+02  -1.8290727E-07
   6.3176717E+02  -1.8903771E-07
   6.3210090E+02  -1.9478681E-07
   6.3243464E+02  -2.0015196E-07
   6.3276838E+02  -2.0513333E-07
   6.3310212E+02  -2.0973403E-07
   6.3343586E+02  -2.1395961E-07
   6.3376960E+02  -2.1781818E-07
   6.3410334E+02  -2.2132062E-07
   6.3443708E+02  -2.2447976E-07
   6.3477081E+02  -2.2731068E-07
   6.3510455E+02  -2.2983031E-07
   6.3543829E+02  -2.3205720E-07
   6.3577203E+02  -2.3401138E-07
   6.3610577E+02  -2.3571400E-07
   6.3643951E+02  -2.3718697E-07
   6.3677325E+02  -2.3845271E-07
   6.3710698E+02  -2.3953405E-07
   6.3744072E+02  -2.4045335E-07
   6.3777446E+02  -2.4123284E-07
   6.3810820E+02  -2.4189367E-07
   6.3844194E+02  -2.4245591E-07
   6.3877568E+02  -2.4293814E-07
   6.3910942E+02  -2.4335685E-07
   6.3944315E+02  -2.4372679E-07
   6.3977689E+02  -2.4405972E-07
   6.4011063E+02  -2.4436468E-07
   6.4044437E+02  -2.4464779E-07
   6.4077811E+02  -2.4491183E-07
   6.4111185E+02  -2.4515563E-07
   6.4144559E+02  -2.4537451E-07
   6.4177932E+02  -2.4555979E-07
   6.4211306E+02  -2.4569869E-07
   6.4244680E+02  -2.4577417E-07
   6.4278054E+02  -2.4576505E-07
   6.4311428E+02  -2.4564577E-07
   6.4344802E+02  -2.4538653E-07
   6.4378176E+02  -2.4495353E-07
   6.4411549E+02  -2.4430921E-07
   6.4444923E+02  -2.4341148E-07
   6.4478297E+02  -2.4221563E-07
   6.4511671E+02  -2.4067288E-07
   6.4545045E+02  -2.3873190E-07
   6.4578419E+02  -2.3633872E-07
   6.4611793E+02  -2.3343712E-07
   6.4645166E+02  -2.2996922E-07
   6.4678540E+02  -2.2587581E-07
   6.4711914E+02  -2.2109725E-07
   6.4745288E+02  -2.1557335E-07
   6.4778662E+02  -2.0924476E-07
   6.4812036E+02  -2.0205268E-07
   6.4845410E+02  -1.9394049E-07
   6.4878783E+02  -1.8485339E-07
   6.4912157E+02  -1.7473980E-07
   6.4945531E+02  -1.6355166E-07
   6.4978905E+02  -1.5124486E-07
   6.5012279E+02  -1.3778015E-07
   6.5045653E+02  -1.2312370E-07
   6.5079027E+02  -1.0724766E-07
   6.5112400E+02  -9.0130655E-08
   6.5145774E+02  -7.1758194E-08
   6.5179148E+02  -5.2123156E-08
   6.5212522E+02  -3.1226403E-08
   6.5245896E+02  -9.0770982E-09
   6.5279270E+02   1.4307211E-08
   6.5312644E+02   3.8900041E-08
   6.5346018E+02   6.4665905E-08
   6.5379391E+02   9.1560302E-08
   6.5412765E+02   1.1952957E-07
   6.5446139E+02   1.4851081E-07
   6.5479513E+02   1.7843222E-07
   6.5512887E+02   2.0921286E-07
   6.5546261E+02   2.4076365E-07
   6.5579635E+02   2.7298654E-07
   6.5613008E+02   3.0577610E-07
   6.5646382E+02   3.3901895E-07
   6.5679756E+02   3.7259485E-07
   6.5713130E+02   4.0637764E-07
   6.5746504E+02   4.4023463E-07
   6.5779878E+02   4.7402852E-07
   6.5813252E+02   5.0761753E-07
   6.5846625E+02   5.4085695E-07
   6.5879999E+02   5.7359864E-07
   6.5913373E+02   6.0569283E-07
   6.5946747E+02   6.3698974E-07
   6.5980121E+02   6.6733827E-07
   6.6013495E+02   6.9658961E-07
