  -7.8094826E+01   0.0000000E+00
  -7.7761087E+01   0.0000000E+00
  -7.7427349E+01   0.0000000E+00
  -7.7093610E+01   0.0000000E+00
  -7.6759871E+01   0.0000000E+00
  -7.6426133E+01   0.0000000E+00
  -7.6092394E+01   0.0000000E+00
  -7.5758656E+01   0.0000000E+00
  -7.5424917E+01   0.0000000E+00
  -7.5091178E+01   0.0000000E+00
  -7.4757440E+01   0.0000000E+00
  -7.4423701E+01   0.0000000E+00
  -7.4089963E+01   0.0000000E+00
  -7.3756224E+01   0.0000000E+00
  -7.3422485E+01   0.0000000E+00
  -7.3088747E+01   0.0000000E+00
  -7.2755008E+01   0.0000000E+00
  -7.2421270E+01   0.0000000E+00
  -7.2087531E+01   0.0000000E+00
  -7.1753792E+01   0.0000000E+00
  -7.1420054E+01   0.0000000E+00
  -7.1086315E+01   0.0000000E+00
  -7.0752577E+01   0.0000000E+00
  -7.0418838E+01   0.0000000E+00
  -7.0085099E+01   0.0000000E+00
  -6.9751361E+01   0.0000000E+00
  -6.9417622E+01   0.0000000E+00
  -6.9083884E+01   0.0000000E+00
  -6.8750145E+01   0.0000000E+00
  -6.8416406E+01   0.0000000E+00
  -6.8082668E+01   0.0000000E+00
  -6.7748929E+01   0.0000000E+00
  -6.7415191E+01   0.0000000E+00
  -6.7081452E+01   0.0000000E+00
  -6.6747714E+01   0.0000000E+00
  -6.6413975E+01   0.0000000E+00
  -6.6080236E+01   0.0000000E+00
  -6.5746498E+01   0.0000000E+00
  -6.5412759E+01   0.0000000E+00
  -6.5079021E+01   0.0000000E+00
  -6.4745282E+01   0.0000000E+00
  -6.4411543E+01   0.0000000E+00
  -6.4077805E+01   0.0000000E+00
  -6.3744066E+01   0.0000000E+00
  -6.3410328E+01   0.0000000E+00
  -6.3076589E+01   0.0000000E+00
  -6.2742850E+01   0.0000000E+00
  -6.2409112E+01   0.0000000E+00
  -6.2075373E+01   0.0000000E+00
  -6.1741635E+01   0.0000000E+00
  -6.1407896E+01   0.0000000E+00
  -6.1074157E+01   0.0000000E+00
  -6.0740419E+01   0.0000000E+00
  -6.0406680E+01   0.0000000E+00
  -6.0072942E+01   0.0000000E+00
  -5.9739203E+01   0.0000000E+00
  -5.9405464E+01   0.0000000E+00
  -5.9071726E+01   0.0000000E+00
  -5.8737987E+01   0.0000000E+00
  -5.8404249E+01   0.0000000E+00
  -5.8070510E+01   0.0000000E+00
  -5.7736771E+01   0.0000000E+00
  -5.7403033E+01   0.0000000E+00
  -5.7069294E+01   0.0000000E+00
  -5.6735556E+01   0.0000000E+00
  -5.6401817E+01   0.0000000E+00
  -5.6068078E+01   0.0000000E+00
  -5.5734340E+01   0.0000000E+00
  -5.5400601E+01   0.0000000E+00
  -5.5066863E+01   0.0000000E+00
  -5.4733124E+01   0.0000000E+00
  -5.4399385E+01   0.0000000E+00
  -5.4065647E+01   0.0000000E+00
  -5.3731908E+01   0.0000000E+00
  -5.3398170E+01   0.0000000E+00
  -5.3064431E+01   0.0000000E+00
  -5.2730693E+01   0.0000000E+00
  -5.2396954E+01   0.0000000E+00
  -5.2063215E+01   0.0000000E+00
  -5.1729477E+01   0.0000000E+00
  -5.1395738E+01   0.0000000E+00
  -5.1062000E+01   0.0000000E+00
  -5.0728261E+01   0.0000000E+00
  -5.0394522E+01   0.0000000E+00
  -5.0060784E+01   0.0000000E+00
  -4.9727045E+01   0.0000000E+00
  -4.9393307E+01   0.0000000E+00
  -4.9059568E+01   0.0000000E+00
  -4.8725829E+01   0.0000000E+00
  -4.8392091E+01   0.0000000E+00
  -4.8058352E+01   0.0000000E+00
  -4.7724614E+01   0.0000000E+00
  -4.7390875E+01   0.0000000E+00
  -4.7057136E+01   0.0000000E+00
  -4.6723398E+01   0.0000000E+00
  -4.6389659E+01   0.0000000E+00
  -4.6055921E+01   0.0000000E+00
  -4.5722182E+01   0.0000000E+00
  -4.5388443E+01   0.0000000E+00
  -4.5054705E+01   0.0000000E+00
  -4.4720966E+01   0.0000000E+00
  -4.4387228E+01   0.0000000E+00
  -4.4053489E+01   0.0000000E+00
  -4.3719750E+01   0.0000000E+00
  -4.3386012E+01   0.0000000E+00
  -4.3052273E+01   0.0000000E+00
  -4.2718535E+01   0.0000000E+00
  -4.2384796E+01   0.0000000E+00
  -4.2051057E+01   0.0000000E+00
  -4.1717319E+01   0.0000000E+00
  -4.1383580E+01   0.0000000E+00
  -4.1049842E+01   0.0000000E+00
  -4.0716103E+01   0.0000000E+00
  -4.0382364E+01   0.0000000E+00
  -4.0048626E+01   0.0000000E+00
  -3.9714887E+01   0.0000000E+00
  -3.9381149E+01   0.0000000E+00
  -3.9047410E+01   0.0000000E+00
  -3.8713672E+01   0.0000000E+00
  -3.8379933E+01   0.0000000E+00
  -3.8046194E+01   0.0000000E+00
  -3.7712456E+01   0.0000000E+00
  -3.7378717E+01   0.0000000E+00
  -3.7044979E+01   0.0000000E+00
  -3.6711240E+01   0.0000000E+00
  -3.6377501E+01   0.0000000E+00
  -3.6043763E+01   0.0000000E+00
  -3.5710024E+01   0.0000000E+00
  -3.5376286E+01   0.0000000E+00
  -3.5042547E+01   0.0000000E+00
  -3.4708808E+01   0.0000000E+00
  -3.4375070E+01   0.0000000E+00
  -3.4041331E+01   0.0000000E+00
  -3.3707593E+01   0.0000000E+00
  -3.3373854E+01   0.0000000E+00
  -3.3040115E+01   0.0000000E+00
  -3.2706377E+01   0.0000000E+00
  -3.2372638E+01   0.0000000E+00
  -3.2038900E+01   0.0000000E+00
  -3.1705161E+01   0.0000000E+00
  -3.1371422E+01   0.0000000E+00
  -3.1037684E+01   0.0000000E+00
  -3.0703945E+01   0.0000000E+00
  -3.0370207E+01   0.0000000E+00
  -3.0036468E+01   0.0000000E+00
  -2.9702729E+01   0.0000000E+00
  -2.9368991E+01   0.0000000E+00
  -2.9035252E+01   0.0000000E+00
  -2.8701514E+01   0.0000000E+00
  -2.8367775E+01   0.0000000E+00
  -2.8034036E+01   0.0000000E+00
  -2.7700298E+01   0.0000000E+00
  -2.7366559E+01   0.0000000E+00
  -2.7032821E+01   0.0000000E+00
  -2.6699082E+01   0.0000000E+00
  -2.6365343E+01   0.0000000E+00
  -2.6031605E+01   0.0000000E+00
  -2.5697866E+01   0.0000000E+00
  -2.5364128E+01   0.0000000E+00
  -2.5030389E+01   0.0000000E+00
  -2.4696651E+01   0.0000000E+00
  -2.4362912E+01   0.0000000E+00
  -2.4029173E+01   0.0000000E+00
  -2.3695435E+01   0.0000000E+00
  -2.3361696E+01   0.0000000E+00
  -2.3027958E+01   0.0000000E+00
  -2.2694219E+01   0.0000000E+00
  -2.2360480E+01   0.0000000E+00
  -2.2026742E+01   0.0000000E+00
  -2.1693003E+01   0.0000000E+00
  -2.1359265E+01   0.0000000E+00
  -2.1025526E+01   0.0000000E+00
  -2.0691787E+01   0.0000000E+00
  -2.0358049E+01   0.0000000E+00
  -2.0024310E+01   0.0000000E+00
  -1.9690572E+01   0.0000000E+00
  -1.9356833E+01   0.0000000E+00
  -1.9023094E+01   0.0000000E+00
  -1.8689356E+01   0.0000000E+00
  -1.8355617E+01   0.0000000E+00
  -1.8021879E+01   0.0000000E+00
  -1.7688140E+01   0.0000000E+00
  -1.7354401E+01   0.0000000E+00
  -1.7020663E+01   0.0000000E+00
  -1.6686924E+01   0.0000000E+00
  -1.6353186E+01   0.0000000E+00
  -1.6019447E+01   0.0000000E+00
  -1.5685708E+01   0.0000000E+00
  -1.5351970E+01   0.0000000E+00
  -1.5018231E+01   0.0000000E+00
  -1.4684493E+01   0.0000000E+00
  -1.4350754E+01   0.0000000E+00
  -1.4017015E+01   0.0000000E+00
  -1.3683277E+01   0.0000000E+00
  -1.3349538E+01   0.0000000E+00
  -1.3015800E+01   0.0000000E+00
  -1.2682061E+01   0.0000000E+00
  -1.2348322E+01   0.0000000E+00
  -1.2014584E+01   0.0000000E+00
  -1.1680845E+01   0.0000000E+00
  -1.1347107E+01   0.0000000E+00
  -1.1013368E+01   0.0000000E+00
  -1.0679630E+01   0.0000000E+00
  -1.0345891E+01   0.0000000E+00
  -1.0012152E+01   0.0000000E+00
  -9.6784137E+00   0.0000000E+00
  -9.3446751E+00   0.0000000E+00
  -9.0109365E+00   0.0000000E+00
  -8.6771979E+00   0.0000000E+00
  -8.3434593E+00   0.0000000E+00
  -8.0097207E+00   0.0000000E+00
  -7.6759821E+00   0.0000000E+00
  -7.3422436E+00   0.0000000E+00
  -7.0085050E+00   0.0000000E+00
  -6.6747664E+00   0.0000000E+00
  -6.3410278E+00   0.0000000E+00
  -6.0072892E+00   0.0000000E+00
  -5.6735506E+00   0.0000000E+00
  -5.3398120E+00   0.0000000E+00
  -5.0060734E+00   0.0000000E+00
  -4.6723348E+00   0.0000000E+00
  -4.3385962E+00   0.0000000E+00
  -4.0048576E+00   0.0000000E+00
  -3.6711190E+00   0.0000000E+00
  -3.3373804E+00   0.0000000E+00
  -3.0036418E+00   0.0000000E+00
  -2.6699032E+00   0.0000000E+00
  -2.3361646E+00   0.0000000E+00
  -2.0024260E+00   0.0000000E+00
  -1.6686874E+00   0.0000000E+00
  -1.3349488E+00   0.0000000E+00
  -1.0012102E+00   0.0000000E+00
  -6.6747165E-01   0.0000000E+00
  -3.3373305E-01   0.0000000E+00
   5.5432320E-06   0.0000000E+00
   3.3374414E-01   0.0000000E+00
   6.6748273E-01   0.0000000E+00
   1.0012213E+00   0.0000000E+00
   1.3349599E+00   0.0000000E+00
   1.6686985E+00   0.0000000E+00
   2.0024371E+00   0.0000000E+00
   2.3361757E+00   0.0000000E+00
   2.6699143E+00   0.0000000E+00
   3.0036529E+00   0.0000000E+00
   3.3373915E+00   0.0000000E+00
   3.6711301E+00   0.0000000E+00
   4.0048687E+00   0.0000000E+00
   4.3386073E+00   0.0000000E+00
   4.6723459E+00   0.0000000E+00
   5.0060845E+00   0.0000000E+00
   5.3398231E+00   0.0000000E+00
   5.6735617E+00   0.0000000E+00
   6.0073003E+00   0.0000000E+00
   6.3410389E+00   0.0000000E+00
   6.6747774E+00   0.0000000E+00
   7.0085160E+00   0.0000000E+00
   7.3422546E+00   0.0000000E+00
   7.6759932E+00   0.0000000E+00
   8.0097318E+00   0.0000000E+00
   8.3434704E+00   0.0000000E+00
   8.6772090E+00   0.0000000E+00
   9.0109476E+00   0.0000000E+00
   9.3446862E+00   0.0000000E+00
   9.6784248E+00   0.0000000E+00
   1.0012163E+01   0.0000000E+00
   1.0345902E+01   0.0000000E+00
   1.0679641E+01   0.0000000E+00
   1.1013379E+01   0.0000000E+00
   1.1347118E+01   0.0000000E+00
   1.1680856E+01   0.0000000E+00
   1.2014595E+01   0.0000000E+00
   1.2348334E+01   0.0000000E+00
   1.2682072E+01   0.0000000E+00
   1.3015811E+01   0.0000000E+00
   1.3349549E+01   0.0000000E+00
   1.3683288E+01   0.0000000E+00
   1.4017027E+01   0.0000000E+00
   1.4350765E+01   0.0000000E+00
   1.4684504E+01   0.0000000E+00
   1.5018242E+01   0.0000000E+00
   1.5351981E+01   0.0000000E+00
   1.5685720E+01   0.0000000E+00
   1.6019458E+01   0.0000000E+00
   1.6353197E+01   0.0000000E+00
   1.6686935E+01   0.0000000E+00
   1.7020674E+01   0.0000000E+00
   1.7354412E+01   0.0000000E+00
   1.7688151E+01   0.0000000E+00
   1.8021890E+01   0.0000000E+00
   1.8355628E+01   0.0000000E+00
   1.8689367E+01   0.0000000E+00
   1.9023105E+01   0.0000000E+00
   1.9356844E+01   0.0000000E+00
   1.9690583E+01   0.0000000E+00
   2.0024321E+01   0.0000000E+00
   2.0358060E+01   0.0000000E+00
   2.0691798E+01   0.0000000E+00
   2.1025537E+01   0.0000000E+00
   2.1359276E+01   0.0000000E+00
   2.1693014E+01   0.0000000E+00
   2.2026753E+01   0.0000000E+00
   2.2360491E+01   0.0000000E+00
   2.2694230E+01   0.0000000E+00
   2.3027969E+01   0.0000000E+00
   2.3361707E+01   0.0000000E+00
   2.3695446E+01   0.0000000E+00
   2.4029184E+01   0.0000000E+00
   2.4362923E+01   0.0000000E+00
   2.4696662E+01   0.0000000E+00
   2.5030400E+01   0.0000000E+00
   2.5364139E+01   0.0000000E+00
   2.5697877E+01   0.0000000E+00
   2.6031616E+01   0.0000000E+00
   2.6365355E+01   0.0000000E+00
   2.6699093E+01   0.0000000E+00
   2.7032832E+01   0.0000000E+00
   2.7366570E+01   0.0000000E+00
   2.7700309E+01   0.0000000E+00
   2.8034048E+01   0.0000000E+00
   2.8367786E+01   0.0000000E+00
   2.8701525E+01   0.0000000E+00
   2.9035263E+01   0.0000000E+00
   2.9369002E+01   0.0000000E+00
   2.9702741E+01   0.0000000E+00
   3.0036479E+01   0.0000000E+00
   3.0370218E+01   0.0000000E+00
   3.0703956E+01   0.0000000E+00
   3.1037695E+01   0.0000000E+00
   3.1371433E+01   0.0000000E+00
   3.1705172E+01   0.0000000E+00
   3.2038911E+01   0.0000000E+00
   3.2372649E+01   0.0000000E+00
   3.2706388E+01   0.0000000E+00
   3.3040126E+01   0.0000000E+00
   3.3373865E+01   0.0000000E+00
   3.3707604E+01   0.0000000E+00
   3.4041342E+01   0.0000000E+00
   3.4375081E+01   0.0000000E+00
   3.4708819E+01   0.0000000E+00
   3.5042558E+01   0.0000000E+00
   3.5376297E+01   0.0000000E+00
   3.5710035E+01   0.0000000E+00
   3.6043774E+01   0.0000000E+00
   3.6377512E+01   0.0000000E+00
   3.6711251E+01   0.0000000E+00
   3.7044990E+01   0.0000000E+00
   3.7378728E+01   0.0000000E+00
   3.7712467E+01   0.0000000E+00
   3.8046205E+01   0.0000000E+00
   3.8379944E+01   0.0000000E+00
   3.8713683E+01   0.0000000E+00
   3.9047421E+01   0.0000000E+00
   3.9381160E+01   0.0000000E+00
   3.9714898E+01   0.0000000E+00
   4.0048637E+01   0.0000000E+00
   4.0382376E+01   0.0000000E+00
   4.0716114E+01   0.0000000E+00
   4.1049853E+01   0.0000000E+00
   4.1383591E+01   0.0000000E+00
   4.1717330E+01   0.0000000E+00
   4.2051069E+01   0.0000000E+00
   4.2384807E+01   0.0000000E+00
   4.2718546E+01   0.0000000E+00
   4.3052284E+01   0.0000000E+00
   4.3386023E+01   0.0000000E+00
   4.3719762E+01   0.0000000E+00
   4.4053500E+01   0.0000000E+00
   4.4387239E+01   0.0000000E+00
   4.4720977E+01   0.0000000E+00
   4.5054716E+01   0.0000000E+00
   4.5388454E+01   0.0000000E+00
   4.5722193E+01   0.0000000E+00
   4.6055932E+01   0.0000000E+00
   4.6389670E+01   0.0000000E+00
   4.6723409E+01   0.0000000E+00
   4.7057147E+01   0.0000000E+00
   4.7390886E+01   0.0000000E+00
   4.7724625E+01   0.0000000E+00
   4.8058363E+01   0.0000000E+00
   4.8392102E+01   0.0000000E+00
   4.8725840E+01   0.0000000E+00
   4.9059579E+01   0.0000000E+00
   4.9393318E+01   0.0000000E+00
   4.9727056E+01   0.0000000E+00
   5.0060795E+01   0.0000000E+00
   5.0394533E+01   0.0000000E+00
   5.0728272E+01   0.0000000E+00
   5.1062011E+01   0.0000000E+00
   5.1395749E+01   0.0000000E+00
   5.1729488E+01   0.0000000E+00
   5.2063226E+01   0.0000000E+00
   5.2396965E+01   0.0000000E+00
   5.2730704E+01   0.0000000E+00
   5.3064442E+01   0.0000000E+00
   5.3398181E+01   0.0000000E+00
   5.3731919E+01   0.0000000E+00
   5.4065658E+01   0.0000000E+00
   5.4399397E+01   0.0000000E+00
   5.4733135E+01   0.0000000E+00
   5.5066874E+01   0.0000000E+00
   5.5400612E+01   0.0000000E+00
   5.5734351E+01   0.0000000E+00
   5.6068090E+01   0.0000000E+00
   5.6401828E+01   0.0000000E+00
   5.6735567E+01   0.0000000E+00
   5.7069305E+01   0.0000000E+00
   5.7403044E+01   0.0000000E+00
   5.7736783E+01   0.0000000E+00
   5.8070521E+01   0.0000000E+00
   5.8404260E+01   0.0000000E+00
   5.8737998E+01   0.0000000E+00
   5.9071737E+01   0.0000000E+00
   5.9405475E+01   0.0000000E+00
   5.9739214E+01   0.0000000E+00
   6.0072953E+01   0.0000000E+00
   6.0406691E+01   0.0000000E+00
   6.0740430E+01   0.0000000E+00
   6.1074168E+01   0.0000000E+00
   6.1407907E+01   0.0000000E+00
   6.1741646E+01   0.0000000E+00
   6.2075384E+01   0.0000000E+00
   6.2409123E+01   0.0000000E+00
   6.2742861E+01   0.0000000E+00
   6.3076600E+01   0.0000000E+00
   6.3410339E+01   0.0000000E+00
   6.3744077E+01   0.0000000E+00
   6.4077816E+01   0.0000000E+00
   6.4411554E+01   0.0000000E+00
   6.4745293E+01   0.0000000E+00
   6.5079032E+01   0.0000000E+00
   6.5412770E+01   0.0000000E+00
   6.5746509E+01   0.0000000E+00
   6.6080247E+01   0.0000000E+00
   6.6413986E+01   0.0000000E+00
   6.6747725E+01   0.0000000E+00
   6.7081463E+01   0.0000000E+00
   6.7415202E+01   0.0000000E+00
   6.7748940E+01   0.0000000E+00
   6.8082679E+01   0.0000000E+00
   6.8416418E+01   0.0000000E+00
   6.8750156E+01   0.0000000E+00
   6.9083895E+01   0.0000000E+00
   6.9417633E+01   0.0000000E+00
   6.9751372E+01   0.0000000E+00
   7.0085111E+01   0.0000000E+00
   7.0418849E+01   0.0000000E+00
   7.0752588E+01   0.0000000E+00
   7.1086326E+01   0.0000000E+00
   7.1420065E+01   0.0000000E+00
   7.1753804E+01   0.0000000E+00
   7.2087542E+01   0.0000000E+00
   7.2421281E+01   0.0000000E+00
   7.2755019E+01   0.0000000E+00
   7.3088758E+01   0.0000000E+00
   7.3422496E+01   0.0000000E+00
   7.3756235E+01   0.0000000E+00
   7.4089974E+01   0.0000000E+00
   7.4423712E+01   0.0000000E+00
   7.4757451E+01   0.0000000E+00
   7.5091189E+01   0.0000000E+00
   7.5424928E+01   0.0000000E+00
   7.5758667E+01   0.0000000E+00
   7.6092405E+01   0.0000000E+00
   7.6426144E+01   0.0000000E+00
   7.6759882E+01   0.0000000E+00
   7.7093621E+01   0.0000000E+00
   7.7427360E+01   0.0000000E+00
   7.7761098E+01   0.0000000E+00
   7.8094837E+01   0.0000000E+00
   7.8428575E+01   0.0000000E+00
   7.8762314E+01   0.0000000E+00
   7.9096053E+01   0.0000000E+00
   7.9429791E+01   0.0000000E+00
   7.9763530E+01   0.0000000E+00
   8.0097268E+01   0.0000000E+00
   8.0431007E+01   0.0000000E+00
   8.0764746E+01   0.0000000E+00
   8.1098484E+01   0.0000000E+00
   8.1432223E+01   0.0000000E+00
   8.1765961E+01   0.0000000E+00
   8.2099700E+01   0.0000000E+00
   8.2433439E+01   0.0000000E+00
   8.2767177E+01   0.0000000E+00
   8.3100916E+01   0.0000000E+00
   8.3434654E+01   0.0000000E+00
   8.3768393E+01   0.0000000E+00
   8.4102132E+01   0.0000000E+00
   8.4435870E+01   0.0000000E+00
   8.4769609E+01   0.0000000E+00
   8.5103347E+01   0.0000000E+00
   8.5437086E+01   0.0000000E+00
   8.5770825E+01   0.0000000E+00
   8.6104563E+01   0.0000000E+00
   8.6438302E+01   0.0000000E+00
   8.6772040E+01   0.0000000E+00
   8.7105779E+01   0.0000000E+00
   8.7439517E+01   0.0000000E+00
   8.7773256E+01   0.0000000E+00
   8.8106995E+01   0.0000000E+00
   8.8440733E+01   0.0000000E+00
   8.8774472E+01   0.0000000E+00
   8.9108210E+01   0.0000000E+00
   8.9441949E+01   0.0000000E+00
   8.9775688E+01   0.0000000E+00
   9.0109426E+01   0.0000000E+00
   9.0443165E+01   0.0000000E+00
   9.0776903E+01   0.0000000E+00
   9.1110642E+01   0.0000000E+00
   9.1444381E+01   0.0000000E+00
   9.1778119E+01   0.0000000E+00
   9.2111858E+01   0.0000000E+00
   9.2445596E+01   0.0000000E+00
   9.2779335E+01   0.0000000E+00
   9.3113074E+01   0.0000000E+00
   9.3446812E+01   0.0000000E+00
   9.3780551E+01   0.0000000E+00
   9.4114289E+01   0.0000000E+00
   9.4448028E+01   0.0000000E+00
   9.4781767E+01   0.0000000E+00
   9.5115505E+01   0.0000000E+00
   9.5449244E+01   0.0000000E+00
   9.5782982E+01   0.0000000E+00
   9.6116721E+01   0.0000000E+00
   9.6450460E+01   0.0000000E+00
   9.6784198E+01   0.0000000E+00
   9.7117937E+01   0.0000000E+00
   9.7451675E+01   0.0000000E+00
   9.7785414E+01   0.0000000E+00
   9.8119153E+01   0.0000000E+00
   9.8452891E+01   0.0000000E+00
   9.8786630E+01   0.0000000E+00
   9.9120368E+01   0.0000000E+00
   9.9454107E+01   0.0000000E+00
   9.9787846E+01   0.0000000E+00
   1.0012158E+02   0.0000000E+00
   1.0045532E+02   0.0000000E+00
   1.0078906E+02   0.0000000E+00
   1.0112280E+02   0.0000000E+00
   1.0145654E+02   0.0000000E+00
   1.0179028E+02   0.0000000E+00
   1.0212402E+02   0.0000000E+00
   1.0245775E+02   0.0000000E+00
   1.0279149E+02   0.0000000E+00
   1.0312523E+02   0.0000000E+00
   1.0345897E+02   0.0000000E+00
   1.0379271E+02   0.0000000E+00
   1.0412645E+02   0.0000000E+00
   1.0446019E+02   0.0000000E+00
   1.0479392E+02   0.0000000E+00
   1.0512766E+02   0.0000000E+00
   1.0546140E+02   0.0000000E+00
   1.0579514E+02   0.0000000E+00
   1.0612888E+02   0.0000000E+00
   1.0646262E+02   0.0000000E+00
   1.0679636E+02   0.0000000E+00
   1.0713009E+02   0.0000000E+00
   1.0746383E+02   0.0000000E+00
   1.0779757E+02   0.0000000E+00
   1.0813131E+02   0.0000000E+00
   1.0846505E+02   0.0000000E+00
   1.0879879E+02   0.0000000E+00
   1.0913253E+02   0.0000000E+00
   1.0946626E+02   0.0000000E+00
   1.0980000E+02   0.0000000E+00
   1.1013374E+02   0.0000000E+00
   1.1046748E+02   0.0000000E+00
   1.1080122E+02   0.0000000E+00
   1.1113496E+02   0.0000000E+00
   1.1146870E+02   0.0000000E+00
   1.1180243E+02   0.0000000E+00
   1.1213617E+02   0.0000000E+00
   1.1246991E+02   0.0000000E+00
   1.1280365E+02   0.0000000E+00
   1.1313739E+02   0.0000000E+00
   1.1347113E+02   0.0000000E+00
   1.1380487E+02   0.0000000E+00
   1.1413861E+02   0.0000000E+00
   1.1447234E+02   0.0000000E+00
   1.1480608E+02   0.0000000E+00
   1.1513982E+02   0.0000000E+00
   1.1547356E+02   0.0000000E+00
   1.1580730E+02   0.0000000E+00
   1.1614104E+02   0.0000000E+00
   1.1647478E+02   0.0000000E+00
   1.1680851E+02   0.0000000E+00
   1.1714225E+02   0.0000000E+00
   1.1747599E+02   0.0000000E+00
   1.1780973E+02   0.0000000E+00
   1.1814347E+02   0.0000000E+00
   1.1847721E+02   0.0000000E+00
   1.1881095E+02   0.0000000E+00
   1.1914468E+02   0.0000000E+00
   1.1947842E+02   0.0000000E+00
   1.1981216E+02   0.0000000E+00
   1.2014590E+02   0.0000000E+00
   1.2047964E+02   0.0000000E+00
   1.2081338E+02   0.0000000E+00
   1.2114712E+02   0.0000000E+00
   1.2148085E+02   0.0000000E+00
   1.2181459E+02   0.0000000E+00
   1.2214833E+02   0.0000000E+00
   1.2248207E+02   0.0000000E+00
   1.2281581E+02   0.0000000E+00
   1.2314955E+02   0.0000000E+00
   1.2348329E+02   0.0000000E+00
   1.2381702E+02   0.0000000E+00
   1.2415076E+02   0.0000000E+00
   1.2448450E+02   0.0000000E+00
   1.2481824E+02   0.0000000E+00
   1.2515198E+02   0.0000000E+00
   1.2548572E+02   0.0000000E+00
   1.2581946E+02   0.0000000E+00
   1.2615319E+02   0.0000000E+00
   1.2648693E+02   0.0000000E+00
   1.2682067E+02   0.0000000E+00
   1.2715441E+02   0.0000000E+00
   1.2748815E+02   0.0000000E+00
   1.2782189E+02   0.0000000E+00
   1.2815563E+02   0.0000000E+00
   1.2848936E+02   0.0000000E+00
   1.2882310E+02   0.0000000E+00
   1.2915684E+02   0.0000000E+00
   1.2949058E+02   0.0000000E+00
   1.2982432E+02   0.0000000E+00
   1.3015806E+02   0.0000000E+00
   1.3049180E+02   0.0000000E+00
   1.3082553E+02   0.0000000E+00
   1.3115927E+02   0.0000000E+00
   1.3149301E+02   0.0000000E+00
   1.3182675E+02   0.0000000E+00
   1.3216049E+02   0.0000000E+00
   1.3249423E+02   0.0000000E+00
   1.3282797E+02   0.0000000E+00
   1.3316171E+02   0.0000000E+00
   1.3349544E+02   0.0000000E+00
   1.3382918E+02   0.0000000E+00
   1.3416292E+02   0.0000000E+00
   1.3449666E+02   0.0000000E+00
   1.3483040E+02   0.0000000E+00
   1.3516414E+02   0.0000000E+00
   1.3549788E+02   0.0000000E+00
   1.3583161E+02   0.0000000E+00
   1.3616535E+02   0.0000000E+00
   1.3649909E+02   0.0000000E+00
   1.3683283E+02   0.0000000E+00
   1.3716657E+02   0.0000000E+00
   1.3750031E+02   0.0000000E+00
   1.3783405E+02   0.0000000E+00
   1.3816778E+02   0.0000000E+00
   1.3850152E+02   0.0000000E+00
   1.3883526E+02   0.0000000E+00
   1.3916900E+02   0.0000000E+00
   1.3950274E+02   0.0000000E+00
   1.3983648E+02   0.0000000E+00
   1.4017022E+02   0.0000000E+00
   1.4050395E+02   0.0000000E+00
   1.4083769E+02   0.0000000E+00
   1.4117143E+02   0.0000000E+00
   1.4150517E+02   0.0000000E+00
   1.4183891E+02   0.0000000E+00
   1.4217265E+02   0.0000000E+00
   1.4250639E+02   0.0000000E+00
   1.4284012E+02   0.0000000E+00
   1.4317386E+02   0.0000000E+00
   1.4350760E+02   0.0000000E+00
   1.4384134E+02   0.0000000E+00
   1.4417508E+02   0.0000000E+00
   1.4450882E+02   0.0000000E+00
   1.4484256E+02   0.0000000E+00
   1.4517629E+02   0.0000000E+00
   1.4551003E+02   0.0000000E+00
   1.4584377E+02   0.0000000E+00
   1.4617751E+02   0.0000000E+00
   1.4651125E+02   0.0000000E+00
   1.4684499E+02   0.0000000E+00
   1.4717873E+02   0.0000000E+00
   1.4751246E+02   0.0000000E+00
   1.4784620E+02   0.0000000E+00
   1.4817994E+02   0.0000000E+00
   1.4851368E+02   0.0000000E+00
   1.4884742E+02   0.0000000E+00
   1.4918116E+02   0.0000000E+00
   1.4951490E+02   0.0000000E+00
   1.4984863E+02   0.0000000E+00
   1.5018237E+02   0.0000000E+00
   1.5051611E+02   0.0000000E+00
   1.5084985E+02   0.0000000E+00
   1.5118359E+02   0.0000000E+00
   1.5151733E+02   0.0000000E+00
   1.5185107E+02   0.0000000E+00
   1.5218480E+02   0.0000000E+00
   1.5251854E+02   0.0000000E+00
   1.5285228E+02   0.0000000E+00
   1.5318602E+02   0.0000000E+00
   1.5351976E+02  -1.4012985E-45
   1.5385350E+02  -5.6051939E-45
   1.5418724E+02  -5.6051939E-45
   1.5452098E+02  -8.4077908E-45
   1.5485471E+02  -1.1210388E-44
   1.5518845E+02  -1.2611686E-44
   1.5552219E+02  -1.4012985E-44
   1.5585593E+02  -1.2611686E-44
   1.5618967E+02  -9.8090893E-45
   1.5652341E+02  -7.0064923E-45
   1.5685715E+02   0.0000000E+00
   1.5719088E+02   7.0064923E-45
   1.5752462E+02   1.1210388E-44
   1.5785836E+02   1.6815582E-44
   1.5819210E+02   1.9618179E-44
   1.5852584E+02   1.8216880E-44
   1.5885958E+02   9.8090893E-45
   1.5919332E+02   1.4012985E-45
   1.5952705E+02  -1.2611686E-44
   1.5986079E+02  -2.8025969E-44
   1.6019453E+02  -4.3440252E-44
   1.6052827E+02  -6.0255834E-44
   1.6086201E+02  -6.7262326E-44
   1.6119575E+02  -6.7262326E-44
   1.6152949E+02  -5.6051939E-44
   1.6186322E+02  -3.3631163E-44
   1.6219696E+02  -1.4012985E-45
   1.6253070E+02   3.9236357E-44
   1.6286444E+02   8.4077908E-44
   1.6319818E+02   1.2891946E-43
   1.6353192E+02   1.6815582E-43
   1.6386566E+02   1.8917529E-43
   1.6419939E+02   1.9478049E-43
   1.6453313E+02   1.7235971E-43
   1.6486687E+02   1.2751816E-43
   1.6520061E+02   5.6051939E-44
   1.6553435E+02  -2.9427268E-44
   1.6586809E+02  -1.2611686E-43
   1.6620183E+02  -2.1579996E-43
   1.6653556E+02  -2.8726619E-43
   1.6686930E+02  -3.2790384E-43
   1.6720304E+02  -3.2089735E-43
   1.6753678E+02  -2.6344411E-43
   1.6787052E+02  -1.5414283E-43
   1.6820426E+02  -1.4012985E-45
   1.6853800E+02   1.8076750E-43
   1.6887173E+02   3.6714020E-43
   1.6920547E+02   5.3109212E-43
   1.6953921E+02   6.4319600E-43
   1.6987295E+02   6.8243235E-43
   1.7020669E+02   6.2217652E-43
   1.7054043E+02   4.5962590E-43
   1.7087417E+02   2.0038568E-43
   1.7120790E+02  -1.3452465E-43
   1.7154164E+02  -5.0446745E-43
   1.7187538E+02  -8.5759466E-43
   1.7220912E+02  -1.1308479E-42
   1.7254286E+02  -1.2779842E-42
   1.7287660E+02  -1.2415504E-42
   1.7321034E+02  -1.0005271E-42
   1.7354408E+02  -5.4930900E-43
   1.7387781E+02   8.2676609E-44
   1.7421155E+02   8.2816739E-43
   1.7454529E+02   1.5890725E-42
   1.7487903E+02   2.2504853E-42
   1.7521277E+02   2.7073086E-42
   1.7554651E+02   2.8320242E-42
   1.7588025E+02   2.5503632E-42
   1.7621398E+02   1.8300958E-42
   1.7654772E+02   6.9784664E-43
   1.7688146E+02  -7.4689208E-43
   1.7721520E+02  -2.3415697E-42
   1.7754894E+02  -3.8745903E-42
   1.7788268E+02  -5.0951212E-42
   1.7821642E+02  -5.7635406E-42
   1.7855015E+02  -5.6822653E-42
   1.7888389E+02  -4.7181719E-42
   1.7921763E+02  -2.8726619E-42
   1.7955137E+02  -2.5363502E-43
   1.7988511E+02   2.8670567E-42
   1.8021885E+02   6.1194704E-42
   1.8055259E+02   9.0285660E-42
   1.8088632E+02   1.1092679E-41
   1.8122006E+02   1.1857788E-41
   1.8155380E+02   1.0963759E-41
   1.8188754E+02   8.2620557E-42
   1.8222128E+02   3.8353539E-42
   1.8255502E+02  -1.9506075E-42
   1.8288876E+02  -8.4582375E-42
   1.8322249E+02  -1.4848159E-41
   1.8355623E+02  -2.0129652E-41
   1.8388997E+02  -2.3321810E-41
   1.8422371E+02  -2.3581051E-41
   1.8455745E+02  -2.0355261E-41
   1.8489119E+02  -1.3516925E-41
   1.8522493E+02  -3.4640098E-42
   1.8555866E+02   8.8646141E-42
   1.8589240E+02   2.2017201E-41
   1.8622614E+02   3.4188880E-41
   1.8655988E+02   4.3388404E-41
   1.8689362E+02   4.7738035E-41
   1.8722736E+02   4.5752395E-41
   1.8756110E+02   3.6639751E-41
   1.8789483E+02   2.0524819E-41
   1.8822857E+02  -1.4125089E-42
   1.8856231E+02  -2.6913338E-41
   1.8889605E+02  -5.2827551E-41
   1.8922979E+02  -7.5402469E-41
   1.8956353E+02  -9.0741082E-41
   1.8989727E+02  -9.5351354E-41
   1.9023100E+02  -8.6736171E-41
   1.9056474E+02  -6.3928637E-41
   1.9089848E+02  -2.7870425E-41
   1.9123222E+02   1.8379431E-41
   1.9156596E+02   6.9766447E-41
   1.9189970E+02   1.1962605E-40
   1.9223344E+02   1.6040243E-40
   1.9256718E+02   1.8461266E-40
   1.9290091E+02   1.8593689E-40
   1.9323465E+02   1.6034077E-40
   1.9356839E+02   1.0706341E-40
   1.9390213E+02   2.9218474E-41
   1.9423587E+02  -6.5938099E-41
   1.9456961E+02  -1.6746918E-40
   1.9490335E+02  -2.6166026E-40
   1.9523708E+02  -3.3359872E-40
   1.9557082E+02  -3.6912864E-40
   1.9590456E+02  -3.5702563E-40
   1.9623830E+02  -2.9110714E-40
   1.9657204E+02  -1.7196595E-40
   1.9690578E+02  -7.9972103E-42
   1.9723952E+02   1.8451738E-40
   1.9757325E+02   3.8248301E-40
   1.9790699E+02   5.5818062E-40
   1.9824073E+02   6.8251643E-40
   1.9857447E+02   7.2897928E-40
   1.9890821E+02   6.7790616E-40
   1.9924195E+02   5.2043104E-40
   1.9957569E+02   2.6154535E-40
   1.9990942E+02  -7.8321374E-41
   2.0024316E+02  -4.6370087E-40
   2.0057690E+02  -8.4667995E-40
   2.0091064E+02  -1.1717321E-39
   2.0124438E+02  -1.3824244E-39
   2.0157812E+02  -1.4293595E-39
   2.0191186E+02  -1.2784368E-39
   2.0224559E+02  -9.1828630E-40
   2.0257933E+02  -3.6565202E-40
   2.0291307E+02   3.3230812E-40
   2.0324681E+02   1.0997124E-39
   2.0358055E+02   1.8380482E-39
   2.0391429E+02   2.4364769E-39
   2.0424803E+02   2.7856314E-39
   2.0458176E+02   2.7935403E-39
   2.0491550E+02   2.4016434E-39
   2.0524924E+02   1.5987989E-39
   2.0558298E+02   4.3082361E-40
   2.0591672E+02  -9.9648576E-40
   2.0625046E+02  -2.5223947E-39
   2.0658420E+02  -3.9449284E-39
   2.0691793E+02  -5.0427995E-39
   2.0725167E+02  -5.6037519E-39
   2.0758541E+02  -5.4564250E-39
   2.0791915E+02  -4.5017358E-39
   2.0825289E+02  -2.7392961E-39
   2.0858663E+02  -2.8419454E-40
   2.0892037E+02   2.6298477E-39
   2.0925410E+02   5.6637023E-39
   2.0958784E+02   8.4033781E-39
   2.0992158E+02   1.0406432E-38
   2.1025532E+02   1.1260372E-38
   2.1058906E+02   1.0646707E-38
   2.1092280E+02   8.4025695E-39
   2.1125654E+02   4.5705900E-39
   2.1159027E+02  -5.7202965E-40
   2.1192401E+02  -6.5130363E-39
   2.1225775E+02  -1.2538133E-38
   2.1259149E+02  -1.7798573E-38
   2.1292523E+02  -2.1409628E-38
   2.1325897E+02  -2.2571082E-38
   2.1359271E+02  -2.0696402E-38
   2.1392645E+02  -1.5533475E-38
   2.1426018E+02  -7.2583155E-39
   2.1459392E+02   3.4765823E-39
   2.1492766E+02   1.5553774E-38
   2.1526140E+02   2.7471142E-38
   2.1559514E+02   3.7491264E-38
   2.1592888E+02   4.3850261E-38
   2.1626262E+02   4.5006613E-38
   2.1659635E+02   3.9900959E-38
   2.1693009E+02   2.8191418E-38
   2.1726383E+02   1.0426465E-38
   2.1759757E+02  -1.1880519E-38
   2.1793131E+02  -3.6302599E-38
   2.1826505E+02  -5.9691161E-38
   2.1859879E+02  -7.8504877E-38
   2.1893252E+02  -8.9252012E-38
   2.1926626E+02  -8.9002205E-38
   2.1960000E+02  -7.5905479E-38
   2.1993374E+02  -4.9645079E-38
   2.2026748E+02  -1.1747189E-38
   2.2060122E+02   3.4322076E-38
   2.2093496E+02   8.3323068E-38
   2.2126869E+02   1.2869394E-37
   2.2160243E+02   1.6327121E-37
   2.2193617E+02   1.8022083E-37
   2.2226991E+02   1.7408259E-37
   2.2260365E+02   1.4179515E-37
   2.2293739E+02   8.3550179E-38
   2.2327113E+02   3.3225445E-39
   2.2360486E+02  -9.1056335E-38
   2.2393860E+02  -1.8837104E-37
   2.2427234E+02  -2.7506608E-37
   2.2460608E+02  -3.3680747E-37
   2.2493982E+02  -3.6042479E-37
   2.2527356E+02  -3.3601696E-37
   2.2560730E+02  -2.5894301E-37
   2.2594103E+02  -1.3139137E-37
   2.2627477E+02   3.6774716E-38
   2.2660851E+02   2.2813993E-37
   2.2694225E+02   4.1897658E-37
   2.2727599E+02   5.8161025E-37
   2.2760973E+02   6.8775984E-37
   2.2794347E+02   7.1253233E-37
   2.2827720E+02   6.3860243E-37
   2.2861094E+02   4.6000176E-37
   2.2894468E+02   1.8490005E-37
   2.2927842E+02  -1.6319464E-37
   2.2961216E+02  -5.4625986E-37
   2.2994590E+02  -9.1482593E-37
   2.3027964E+02  -1.2132206E-36
   2.3061337E+02  -1.3865913E-36
   2.3094711E+02  -1.3889879E-36
   2.3128085E+02  -1.1915051E-36
   2.3161459E+02  -7.8931093E-37
   2.3194833E+02  -2.0636035E-37
   2.3228207E+02   5.0328273E-37
   2.3261581E+02   1.2582687E-36
   2.3294955E+02   1.9572090E-36
   2.3328328E+02   2.4900287E-36
   2.3361702E+02   2.7524542E-36
   2.3395076E+02   2.6620536E-36
   2.3428450E+02   2.1737586E-36
   2.3461824E+02   1.2925234E-36
   2.3495198E+02   8.0822714E-38
   2.3528572E+02  -1.3409520E-36
   2.3561945E+02  -2.8024161E-36
   2.3595319E+02  -4.0996503E-36
   2.3628693E+02  -5.0191847E-36
   2.3662067E+02  -5.3672868E-36
   2.3695441E+02  -5.0011337E-36
   2.3728815E+02  -3.8576935E-36
   2.3762189E+02  -1.9757266E-36
   2.3795562E+02   4.9336284E-37
   2.3828936E+02   3.2892142E-36
   2.3862310E+02   6.0625375E-36
   2.3895684E+02   8.4112045E-36
   2.3929058E+02   9.9297704E-36
   2.3962432E+02   1.0267383E-35
   2.3995806E+02   9.1870860E-36
   2.4029179E+02   6.6181157E-36
   2.4062553E+02   2.6925479E-36
   2.4095927E+02  -2.2415029E-36
   2.4129301E+02  -7.6357642E-36
   2.4162675E+02  -1.2789070E-35
   2.4196049E+02  -1.6924114E-35
   2.4229423E+02  -1.9287344E-35
   2.4262796E+02  -1.9261088E-35
   2.4296170E+02  -1.6473790E-35
   2.4329544E+02  -1.0892025E-35
   2.4362918E+02  -2.8782941E-36
   2.4396292E+02   6.7992153E-36
   2.4429666E+02   1.7013709E-35
   2.4463040E+02   2.6385796E-35
   2.4496413E+02   3.3442355E-35
   2.4529787E+02   3.6813504E-35
   2.4563161E+02   3.5445276E-35
   2.4596535E+02   2.8799804E-35
   2.4629909E+02   1.7012167E-35
   2.4663283E+02   9.7488832E-37
   2.4696657E+02  -1.7673459E-35
   2.4730030E+02  -3.6668441E-35
   2.4763404E+02  -5.3348210E-35
   2.4796778E+02  -6.4974004E-35
   2.4830152E+02  -6.9110636E-35
   2.4863526E+02  -6.4021521E-35
   2.4896900E+02  -4.9023825E-35
   2.4930274E+02  -2.4746690E-35
   2.4963647E+02   6.7592676E-36
   2.4997021E+02   4.2099326E-35
   2.5030395E+02   7.6816059E-35
   2.5063769E+02   1.0586543E-34
   2.5097143E+02   1.2424849E-34
   2.5130517E+02   1.2773179E-34
   2.5163891E+02   1.1356717E-34
   2.5197264E+02   8.1107107E-35
   2.5230638E+02   3.2212867E-35
   2.5264012E+02  -2.8634365E-35
   2.5297386E+02  -9.4579237E-35
   2.5330760E+02  -1.5701333E-34
   2.5364134E+02  -2.0653833E-34
   2.5397508E+02  -2.3418541E-34
   2.5430882E+02  -2.3275422E-34
   2.5464255E+02  -1.9809991E-34
   2.5497629E+02  -1.3017521E-34
   2.5531003E+02  -3.3645576E-35
   2.5564377E+02   8.2074749E-35
   2.5597751E+02   2.0345514E-34
   2.5631125E+02   3.1415805E-34
   2.5664499E+02   3.9693850E-34
   2.5697872E+02   4.3595182E-34
   2.5731246E+02   4.1920053E-34
   2.5764620E+02   3.4079464E-34
   2.5797994E+02   2.0268021E-34
   2.5831368E+02   1.5510892E-35
   2.5864742E+02  -2.0158107E-34
   2.5898116E+02  -4.2244461E-34
   2.5931489E+02  -6.1656975E-34
   2.5964863E+02  -7.5274677E-34
   2.5998237E+02  -8.0335277E-34
   2.6031611E+02  -7.4875211E-34
   2.6064985E+02  -5.8120775E-34
   2.6098359E+02  -3.0768448E-34
   2.6131733E+02   4.9008609E-35
   2.6165106E+02   4.5113186E-34
   2.6198480E+02   8.4915039E-34
   2.6231854E+02   1.1869655E-33
   2.6265228E+02   1.4088080E-33
   2.6298602E+02   1.4670608E-33
   2.6331976E+02   1.3300544E-33
   2.6365350E+02   9.8873530E-34
   2.6398723E+02   4.6112683E-34
   2.6432097E+02  -2.0635002E-34
   2.6465471E+02  -9.4132026E-34
   2.6498845E+02  -1.6518414E-33
   2.6532219E+02  -2.2363931E-33
   2.6565593E+02  -2.5965849E-33
   2.6598967E+02  -2.6511861E-33
   2.6632340E+02  -2.3497230E-33
   2.6665714E+02  -1.6836988E-33
   2.6699088E+02  -6.9355260E-34
   2.6732462E+02   5.3017279E-34
   2.6765836E+02   1.8524121E-33
   2.6799210E+02   3.1060469E-33
   2.6832584E+02   4.1104749E-33
   2.6865957E+02   4.6945442E-33
   2.6899331E+02   4.7212750E-33
   2.6932705E+02   4.1112125E-33
   2.6966079E+02   2.8610250E-33
   2.6999453E+02   1.0541420E-33
   2.7032827E+02  -1.1390564E-33
   2.7066201E+02  -3.4729294E-33
   2.7099574E+02  -5.6500904E-33
   2.7132948E+02  -7.3550858E-33
   2.7166322E+02  -8.2949523E-33
   2.7199696E+02  -8.2420279E-33
   2.7233070E+02  -7.0734094E-33
   2.7266444E+02  -4.8012920E-33
   2.7299818E+02  -1.5888253E-33
   2.7333192E+02   2.2525163E-33
   2.7366565E+02   6.2860839E-33
   2.7399939E+02   9.9931816E-33
   2.7433313E+02   1.2832857E-32
   2.7466687E+02   1.4312348E-32
   2.7500061E+02   1.4059926E-32
   2.7533435E+02   1.1890540E-32
   2.7566809E+02   7.8544894E-33
   2.7600182E+02   2.2602286E-33
   2.7633556E+02  -4.3348599E-33
   2.7666930E+02  -1.1168634E-32
   2.7700304E+02  -1.7351607E-32
   2.7733678E+02  -2.1971259E-32
   2.7767052E+02  -2.4212462E-32
   2.7800426E+02  -2.3479656E-32
   2.7833799E+02  -1.9504524E-32
   2.7867173E+02  -1.2422663E-32
   2.7900547E+02  -2.8051340E-33
   2.7933921E+02   8.3649567E-33
   2.7967295E+02   1.9774444E-32
   2.8000669E+02   2.9916754E-32
   2.8034043E+02   3.7271402E-32
   2.8067416E+02   4.0507368E-32
   2.8100790E+02   3.8685737E-32
   2.8134164E+02   3.1434135E-32
   2.8167538E+02   1.9066082E-32
   2.8200912E+02   2.6223148E-33
   2.8234286E+02  -1.6180847E-32
   2.8267660E+02  -3.5100414E-32
   2.8301033E+02  -5.1604613E-32
   2.8334407E+02  -6.3178449E-32
   2.8367781E+02  -6.7663947E-32
   2.8401155E+02  -6.3593451E-32
   2.8434529E+02  -5.0470420E-32
   2.8467903E+02  -2.8953422E-32
   2.8501277E+02  -9.0737272E-34
   2.8534650E+02   3.0701106E-32
   2.8568024E+02   6.2068523E-32
   2.8601398E+02   8.8963270E-32
   2.8634772E+02   1.0724056E-31
   2.8668146E+02   1.1340745E-31
   2.8701520E+02   1.0516761E-31
   2.8734894E+02   8.1871548E-32
   2.8768267E+02   4.4800135E-32
   2.8801641E+02  -2.7760118E-33
   2.8835015E+02  -5.5795110E-32
   2.8868389E+02  -1.0786512E-31
   2.8901763E+02  -1.5195637E-31
   2.8935137E+02  -1.8126008E-31
   2.8968511E+02  -1.9011879E-31
   2.9001884E+02  -1.7491261E-31
   2.9035258E+02  -1.3477869E-31
   2.9068632E+02  -7.2048940E-32
   2.9102006E+02   7.6848502E-33
   2.9135380E+02   9.5929931E-32
   2.9168754E+02   1.8207696E-31
   2.9202128E+02   2.5455495E-31
   2.9235501E+02   3.0224569E-31
   2.9268875E+02   3.1600142E-31
   2.9302249E+02   2.9007542E-31
   2.9335623E+02   2.2326752E-31
   2.9368997E+02   1.1960127E-31
   2.9402371E+02  -1.1610879E-32
   2.9435745E+02  -1.5639001E-31
   2.9469119E+02  -2.9739786E-31
   2.9502492E+02  -4.1583146E-31
   2.9535866E+02  -4.9372225E-31
   2.9569240E+02  -5.1638207E-31
   2.9602614E+02  -4.7469010E-31
   2.9635988E+02  -3.6690282E-31
   2.9669362E+02  -1.9969646E-31
   2.9702736E+02   1.1779314E-32
   2.9736109E+02   2.4495130E-31
   2.9769483E+02   4.7196004E-31
   2.9802857E+02   6.6272011E-31
   2.9836231E+02   7.8860394E-31
   2.9869605E+02   8.2633096E-31
   2.9902979E+02   7.6157721E-31
   2.9936353E+02   5.9179892E-31
   2.9969726E+02   3.2781665E-31
   3.0003100E+02  -6.1769892E-33
   3.0036474E+02  -3.7435837E-31
   3.0069848E+02  -7.3271558E-31
   3.0103222E+02  -1.0339235E-30
   3.0136596E+02  -1.2331611E-30
   3.0169970E+02  -1.2942079E-30
   3.0203343E+02  -1.1950472E-30
   3.0236717E+02  -9.3219241E-31
   3.0270091E+02  -5.2303715E-31
   3.0303465E+02  -5.7156172E-33
   3.0336839E+02   5.6376601E-31
   3.0370213E+02   1.1170246E-30
   3.0403587E+02   1.5809750E-30
   3.0436960E+02   1.8868906E-30
   3.0470334E+02   1.9798086E-30
   3.0503708E+02   1.8270671E-30
   3.0537082E+02   1.4247736E-30
   3.0570456E+02   8.0113495E-31
   3.0603830E+02   1.5905012E-32
   3.0637204E+02  -8.4437038E-31
   3.0670577E+02  -1.6751016E-30
   3.0703951E+02  -2.3656397E-30
   3.0737325E+02  -2.8132249E-30
   3.0770699E+02  -2.9372617E-30
   3.0804073E+02  -2.6920442E-30
   3.0837447E+02  -2.0761077E-30
   3.0870821E+02  -1.1366139E-30
   3.0904194E+02   3.2279560E-32
   3.0937568E+02   1.2974655E-30
   3.0970942E+02   2.5008830E-30
   3.1004316E+02   3.4781934E-30
   3.1037690E+02   4.0800935E-30
   3.1071064E+02   4.1936741E-30
   3.1104438E+02   3.7609567E-30
   3.1137811E+02   2.7918551E-30
   3.1171185E+02   1.3692479E-30
   3.1204559E+02  -3.5527739E-31
   3.1237933E+02  -2.1753747E-30
   3.1271307E+02  -3.8526600E-30
   3.1304681E+02  -5.1459923E-30
   3.1338055E+02  -5.8440189E-30
   3.1371429E+02  -5.7968678E-30
   3.1404802E+02  -4.9426408E-30
   3.1438176E+02  -3.3245181E-30
   3.1471550E+02  -1.0952588E-30
   3.1504924E+02   1.4928732E-30
   3.1538298E+02   4.1128215E-30
   3.1571672E+02   6.4002391E-30
   3.1605046E+02   7.9999880E-30
   3.1638419E+02   8.6161878E-30
   3.1671793E+02   8.0593488E-30
   3.1705167E+02   6.2838287E-30
   3.1738541E+02   3.4094388E-30
   3.1771915E+02  -2.7740557E-31
   3.1805289E+02  -4.3453542E-30
   3.1838663E+02  -8.2620664E-30
   3.1872036E+02  -1.1456807E-29
   3.1905410E+02  -1.3395133E-29
   3.1938784E+02  -1.3656730E-29
   3.1972158E+02  -1.2006138E-29
   3.2005532E+02  -8.4458889E-30
   3.2038906E+02  -3.2429166E-30
   3.2072280E+02   3.0782949E-30
   3.2105653E+02   9.7784797E-30
   3.2139027E+02   1.5980389E-29
   3.2172401E+02   2.0772849E-29
   3.2205775E+02   2.3330946E-29
   3.2239149E+02   2.3037699E-29
   3.2272523E+02   1.9590987E-29
   3.2305897E+02   1.3079609E-29
   3.2339270E+02   4.0148015E-30
   3.2372644E+02  -6.6917038E-30
   3.2406018E+02  -1.7805987E-29
   3.2439392E+02  -2.7901982E-29
   3.2472766E+02  -3.5531289E-29
   3.2506140E+02  -3.9414108E-29
   3.2539514E+02  -3.8627883E-29
   3.2572887E+02  -3.2767962E-29
   3.2606261E+02  -2.2055924E-29
   3.2639635E+02  -7.3754774E-30
   3.2673009E+02   9.7762980E-30
   3.2706383E+02   2.7424626E-29
   3.2739757E+02   4.3330228E-29
   3.2773131E+02   5.5259468E-29
   3.2806504E+02   6.1280888E-29
   3.2839878E+02   6.0051098E-29
   3.2873252E+02   5.1050691E-29
   3.2906626E+02   3.4733256E-29
   3.2940000E+02   1.2559192E-29
   3.2973374E+02  -1.3101954E-29
   3.3006748E+02  -3.9200360E-29
   3.3040121E+02  -6.2348196E-29
   3.3073495E+02  -7.9240498E-29
   3.3106869E+02  -8.7105460E-29
   3.3140243E+02  -8.4126534E-29
   3.3173617E+02  -6.9776466E-29
   3.3206991E+02  -4.5009717E-29
   3.3240365E+02  -1.2273008E-29
   3.3273739E+02   2.4684786E-29
   3.3307112E+02   6.1197724E-29
   3.3340486E+02   9.2229619E-29
   3.3373860E+02   1.1302433E-28
   3.3407234E+02   1.1978172E-28
   3.3440608E+02   1.1026953E-28
   3.3473982E+02   8.4282185E-29
   3.3507356E+02   4.3868742E-29
   3.3540729E+02  -6.7240444E-30
   3.3574103E+02  -6.1414090E-29
   3.3607477E+02  -1.1293307E-28
   3.3640851E+02  -1.5370298E-28
   3.3674225E+02  -1.7684385E-28
   3.3707599E+02  -1.7718855E-28
   3.3740973E+02  -1.5216869E-28
   3.3774346E+02  -1.0243720E-28
   3.3807720E+02  -3.2117711E-29
   3.3841094E+02   5.1391635E-29
   3.3874468E+02   1.3807808E-28
   3.3907842E+02   2.1639583E-28
   3.3941216E+02   2.7466587E-28
   3.3974590E+02   3.0263866E-28
   3.4007963E+02   2.9302432E-28
   3.4041337E+02   2.4278292E-28
   3.4074711E+02   1.5397753E-28
   3.4108085E+02   3.4031062E-29
   3.4141459E+02  -1.0470494E-28
   3.4174833E+02  -2.4608271E-28
   3.4208207E+02  -3.7190769E-28
   3.4241580E+02  -4.6413515E-28
   3.4274954E+02  -5.0726356E-28
   3.4308328E+02  -4.9062820E-28
   3.4341702E+02  -4.1027768E-28
   3.4375076E+02  -2.7014950E-28
   3.4408450E+02  -8.2316918E-29
   3.4441824E+02   1.3381160E-28
   3.4475197E+02   3.5333390E-28
   3.4508571E+02   5.4859123E-28
   3.4541945E+02   6.9252502E-28
   3.4575319E+02   7.6226545E-28
   3.4608693E+02   7.4250204E-28
   3.4642067E+02   6.2817027E-28
   3.4675441E+02   4.2603655E-28
   3.4708814E+02   1.5487172E-28
   3.4742188E+02  -1.5593883E-28
   3.4775562E+02  -4.6930945E-28
   3.4808936E+02  -7.4464478E-28
   3.4842310E+02  -9.4287338E-28
   3.4875684E+02  -1.0317343E-27
   3.4909058E+02  -9.9064309E-28
   3.4942431E+02  -8.1445873E-28
   3.4975805E+02  -5.1555103E-28
   3.5009179E+02  -1.2374601E-28
   3.5042553E+02   3.1604311E-28
   3.5075927E+02   7.4839110E-28
   3.5109301E+02   1.1137498E-27
   3.5142675E+02   1.3559687E-27
   3.5176048E+02   1.4300700E-27
   3.5209422E+02   1.3092764E-27
   3.5242796E+02   9.9030258E-28
   3.5276170E+02   4.9606081E-28
   3.5309544E+02  -1.2481136E-28
   3.5342918E+02  -8.0183209E-28
   3.5376292E+02  -1.4497723E-27
   3.5409666E+02  -1.9783393E-27
   3.5443039E+02  -2.3034349E-27
   3.5476413E+02  -2.3586677E-27
   3.5509787E+02  -2.1056702E-27
   3.5543161E+02  -1.5417816E-27
   3.5576535E+02  -7.0387665E-28
   3.5609909E+02   3.3248925E-28
   3.5643283E+02   1.4589156E-27
   3.5676656E+02   2.5446802E-27
   3.5710030E+02   3.4510053E-27
   3.5743404E+02   4.0475945E-27
   3.5776778E+02   4.2295413E-27
   3.5810152E+02   3.9325248E-27
   3.5843526E+02   3.1442293E-27
   3.5876900E+02   1.9102829E-27
   3.5910273E+02   3.3350973E-28
   3.5943647E+02  -1.4339075E-27
   3.5977021E+02  -3.2049346E-27
   3.6010395E+02  -4.7775539E-27
   3.6043769E+02  -5.9579236E-27
   3.6077143E+02  -6.5841883E-27
   3.6110517E+02  -6.5480424E-27
   3.6143890E+02  -5.8111924E-27
   3.6177264E+02  -4.4143578E-27
   3.6210638E+02  -2.4771559E-27
   3.6244012E+02  -1.8832013E-28
   3.6277386E+02   2.2131635E-27
   3.6310760E+02   4.4642467E-27
   3.6344134E+02   6.3084752E-27
   3.6377507E+02   7.5275627E-27
   3.6410881E+02   7.9699472E-27
   3.6444255E+02   7.5725393E-27
   3.6477629E+02   6.3724746E-27
   3.6511003E+02   4.5067523E-27
   3.6544377E+02   2.1990736E-27
   3.6577751E+02  -2.6524543E-28
   3.6611124E+02  -2.5737889E-27
   3.6644498E+02  -4.4271144E-27
   3.6677872E+02  -5.5795292E-27
   3.6711246E+02  -5.8752689E-27
   3.6744620E+02  -5.2750243E-27
   3.6777994E+02  -3.8685943E-27
   3.6811368E+02  -1.8709608E-27
   3.6844741E+02   3.9895331E-28
   3.6878115E+02   2.5554845E-27
   3.6911489E+02   4.1957439E-27
   3.6944863E+02   4.9559755E-27
   3.6978237E+02   4.5679854E-27
   3.7011611E+02   2.9081970E-27
   3.7044985E+02   3.2203089E-29
   3.7078358E+02  -3.8109755E-27
   3.7111732E+02  -8.1888631E-27
   3.7145106E+02  -1.2520824E-26
   3.7178480E+02  -1.6136778E-26
   3.7211854E+02  -1.8354325E-26
   3.7245228E+02  -1.8566532E-26
   3.7278602E+02  -1.6330683E-26
   3.7311976E+02  -1.1447104E-26
   3.7345349E+02  -4.0174486E-27
   3.7378723E+02   5.5265792E-27
   3.7412097E+02   1.6430885E-26
   3.7445471E+02   2.7665574E-26
   3.7478845E+02   3.8009328E-26
   3.7512219E+02   4.6165545E-26
   3.7545593E+02   5.0900227E-26
   3.7578966E+02   5.1188019E-26
   3.7612340E+02   4.6350878E-26
   3.7645714E+02   3.6172964E-26
   3.7679088E+02   2.0976831E-26
   3.7712462E+02   1.6486800E-27
   3.7745836E+02  -2.0394936E-26
   3.7779210E+02  -4.3300480E-26
   3.7812583E+02  -6.4926685E-26
   3.7845957E+02  -8.3038229E-26
   3.7879331E+02  -9.5527025E-26
   3.7912705E+02  -1.0063988E-25
   3.7946079E+02  -9.7188687E-26
   3.7979453E+02  -8.4719403E-26
   3.8012827E+02  -6.3618033E-26
   3.8046200E+02  -3.5138342E-26
   3.8079574E+02  -1.3410589E-27
   3.8112948E+02   3.5054366E-26
   3.8146322E+02   7.0897043E-26
   3.8179696E+02   1.0289170E-25
   3.8213070E+02   1.2791903E-25
   3.8246444E+02   1.4335782E-25
   3.8279817E+02   1.4737342E-25
   3.8313191E+02   1.3914047E-25
   3.8346565E+02   1.1897092E-25
   3.8379939E+02   8.8329224E-26
   3.8413313E+02   4.9725699E-26
   3.8446687E+02   6.4952989E-27
   3.8480061E+02  -3.7520604E-26
   3.8513434E+02  -7.8357467E-26
   3.8546808E+02  -1.1233611E-25
   3.8580182E+02  -1.3645043E-25
   3.8613556E+02  -1.4869057E-25
   3.8646930E+02  -1.4826125E-25
   3.8680304E+02  -1.3566721E-25
   3.8713678E+02  -1.1265258E-25
   3.8747051E+02  -8.1997715E-26
   3.8780425E+02  -4.7194830E-26
   3.8813799E+02  -1.2039916E-26
   3.8847173E+02   1.9810085E-26
   3.8880547E+02   4.5261566E-26
   3.8913921E+02   6.2135720E-26
   3.8947295E+02   6.9403810E-26
   3.8980668E+02   6.7276579E-26
   3.9014042E+02   5.7136049E-26
   3.9047416E+02   4.1322402E-26
   3.9080790E+02   2.2805423E-26
   3.9114164E+02   4.7886538E-27
   3.9147538E+02  -9.6999600E-27
   3.9180912E+02  -1.8171898E-26
   3.9214285E+02  -1.8947746E-26
   3.9247659E+02  -1.1302087E-26
   3.9281033E+02   4.5316592E-27
   3.9314407E+02   2.7479159E-26
   3.9347781E+02   5.5837362E-26
   3.9381155E+02   8.7524222E-26
   3.9414529E+02   1.2031400E-25
   3.9447903E+02   1.5200059E-25
   3.9481276E+02   1.8045477E-25
   3.9514650E+02   2.0356060E-25
   3.9548024E+02   2.1905371E-25
   3.9581398E+02   2.2430710E-25
   3.9614772E+02   2.1614786E-25
   3.9648146E+02   1.9078835E-25
   3.9681520E+02   1.4396704E-25
   3.9714893E+02   7.1365584E-26
   3.9748267E+02  -3.0678554E-26
   3.9781641E+02  -1.6417692E-25
   3.9815015E+02  -3.2832472E-25
   3.9848389E+02  -5.1829483E-25
   3.9881763E+02  -7.2421765E-25
   3.9915137E+02  -9.3056498E-25
   3.9948510E+02  -1.1161691E-24
   3.9981884E+02  -1.2550732E-24
   4.0015258E+02  -1.3183091E-24
   4.0048632E+02  -1.2766299E-24
   4.0082006E+02  -1.1040288E-24
   4.0115380E+02  -7.8181169E-25
   4.0148754E+02  -3.0279218E-25
   4.0182127E+02   3.2488889E-25
   4.0215501E+02   1.0748732E-24
   4.0248875E+02   1.9012013E-24
   4.0282249E+02   2.7389049E-24
   4.0315623E+02   3.5069202E-24
   4.0348997E+02   4.1134505E-24
   4.0382371E+02   4.4636637E-24
   4.0415744E+02   4.4692690E-24
   4.0449118E+02   4.0593039E-24
   4.0482492E+02   3.1911045E-24
   4.0515866E+02   1.8603515E-24
   4.0549240E+02   1.0884671E-25
   4.0582614E+02  -1.9711993E-24
   4.0615988E+02  -4.2374776E-24
   4.0649361E+02  -6.5032995E-24
   4.0682735E+02  -8.5490781E-24
   4.0716109E+02  -1.0139341E-23
   4.0749483E+02  -1.1044428E-23
   4.0782857E+02  -1.1065321E-23
   4.0816231E+02  -1.0059464E-23
   4.0849605E+02  -7.9649006E-24
   4.0882978E+02  -4.8197970E-24
   4.0916352E+02  -7.7436026E-25
   4.0949726E+02   3.9074000E-24
   4.0983100E+02   8.8580016E-24
   4.1016474E+02   1.3629729E-23
   4.1049848E+02   1.7730240E-23
   4.1083222E+02   2.0668495E-23
   4.1116595E+02   2.2007375E-23
   4.1149969E+02   2.1418003E-23
   4.1183343E+02   1.8729716E-23
   4.1216717E+02   1.3969351E-23
   4.1250091E+02   7.3836545E-24
   4.1283465E+02  -5.6010465E-25
   4.1316839E+02  -9.1985844E-24
   4.1350213E+02  -1.7722215E-23
   4.1383586E+02  -2.5248105E-23
   4.1416960E+02  -3.0910366E-23
   4.1450334E+02  -3.3959430E-23
   4.1483708E+02  -3.3859545E-23
   4.1517082E+02  -3.0372893E-23
   4.1550456E+02  -2.3618383E-23
   4.1583830E+02  -1.4095180E-23
   4.1617203E+02  -2.6639028E-24
   4.1650577E+02   9.5174838E-24
   4.1683951E+02   2.1100691E-23
   4.1717325E+02   3.0689580E-23
   4.1750699E+02   3.7005351E-23
   4.1784073E+02   3.9057333E-23
   4.1817447E+02   3.6299949E-23
   4.1850820E+02   2.8755119E-23
   4.1884194E+02   1.7080928E-23
   4.1917568E+02   2.5710208E-24
   4.1950942E+02  -1.2925158E-23
   4.1984316E+02  -2.7163693E-23
   4.2017690E+02  -3.7742084E-23
   4.2051064E+02  -4.2394540E-23
   4.2084437E+02  -3.9320570E-23
   4.2117811E+02  -2.7514001E-23
   4.2151185E+02  -7.0531651E-24
   4.2184559E+02   2.0690922E-23
   4.2217933E+02   5.2969700E-23
   4.2251307E+02   8.5732103E-23
   4.2284681E+02   1.1388457E-22
   4.2318054E+02   1.3174554E-22
   4.2351428E+02   1.3368195E-22
   4.2384802E+02   1.1488958E-22
   4.2418176E+02   7.2252616E-23
   4.2451550E+02   5.1887358E-24
   4.2484924E+02  -8.3633392E-23
   4.2518298E+02  -1.8783282E-22
   4.2551671E+02  -2.9723847E-22
   4.2585045E+02  -3.9830498E-22
   4.2618419E+02  -4.7509268E-22
   4.2651793E+02  -5.1082533E-22
   4.2685167E+02  -4.8995891E-22
   4.2718541E+02  -4.0061010E-22
   4.2751915E+02  -2.3709274E-22
   4.2785288E+02  -2.2384717E-24
   4.2818662E+02   2.9088465E-22
   4.2852036E+02   6.1825076E-22
   4.2885410E+02   9.4550924E-22
   4.2918784E+02   1.2302158E-21
   4.2952158E+02   1.4257475E-21
   4.2985532E+02   1.4867445E-21
   4.3018905E+02   1.3756692E-21
   4.3052279E+02   1.0698093E-21
   4.3085653E+02   5.6780204E-22
   4.3119027E+02  -1.0536789E-22
   4.3152401E+02  -8.9599372E-22
   4.3185775E+02  -1.7228532E-21
   4.3219149E+02  -2.4826384E-21
   4.3252522E+02  -3.0597896E-21
   4.3285896E+02  -3.3402783E-21
   4.3319270E+02  -3.2281994E-21
   4.3352644E+02  -2.6633608E-21
   4.3386018E+02  -1.6374811E-21
   4.3419392E+02  -2.0630843E-22
   4.3452766E+02   1.5050253E-21
   4.3486140E+02   3.3056767E-21
   4.3519513E+02   4.9531753E-21
   4.3552887E+02   6.1780521E-21
   4.3586261E+02   6.7176101E-21
   4.3619635E+02   6.3557291E-21
   4.3653009E+02   4.9641229E-21
   4.3686383E+02   2.5391868E-21
   4.3719757E+02  -7.7183408E-22
   4.3753130E+02  -4.6614334E-21
   4.3786504E+02  -8.6739290E-21
   4.3819878E+02  -1.2241552E-20
   4.3853252E+02  -1.4744042E-20
   4.3886626E+02  -1.5587580E-20
   4.3920000E+02  -1.4295382E-20
   4.3953374E+02  -1.0598958E-20
   4.3986747E+02  -4.5169837E-21
   4.4020121E+02   3.5919264E-21
   4.4053495E+02   1.3015021E-20
   4.4086869E+02   2.2718782E-20
   4.4120243E+02   3.1433716E-20
   4.4153617E+02   3.7787559E-20
   4.4186991E+02   4.0476422E-20
   4.4220364E+02   3.8456150E-20
   4.4253738E+02   3.1130196E-20
   4.4287112E+02   1.8507055E-20
   4.4320486E+02   1.3001017E-21
   4.4353860E+02  -1.9053458E-20
   4.4387234E+02  -4.0469740E-20
   4.4420608E+02  -6.0395636E-20
   4.4453981E+02  -7.6076712E-20
   4.4487355E+02  -8.4891782E-20
   4.4520729E+02  -8.4716982E-20
   4.4554103E+02  -7.4272664E-20
   4.4587477E+02  -5.3402373E-20
   4.4620851E+02  -2.3235400E-20
   4.4654225E+02   1.3805533E-20
   4.4687598E+02   5.4173299E-20
   4.4720972E+02   9.3541345E-20
   4.4754346E+02   1.2729901E-19
   4.4787720E+02   1.5114642E-19
   4.4821094E+02   1.6171756E-19
   4.4854468E+02   1.5714674E-19
   4.4887842E+02   1.3749171E-19
   4.4921215E+02   1.0493585E-19
   4.4954589E+02   6.3714401E-20
   4.4987963E+02   1.9743632E-20
   4.5021337E+02  -2.0028809E-20
   4.5054711E+02  -4.8490568E-20
   4.5088085E+02  -5.9347992E-20
   4.5121459E+02  -4.8097483E-20
   4.5154832E+02  -1.2841682E-20
   4.5188206E+02   4.5184851E-20
   4.5221580E+02   1.2149052E-19
   4.5254954E+02   2.0866520E-19
   4.5288328E+02   2.9718552E-19
   4.5321702E+02   3.7662117E-19
   4.5355076E+02   4.3711145E-19
   4.5388450E+02   4.7092597E-19
   4.5421823E+02   4.7389084E-19
   4.5455197E+02   4.4645481E-19
   4.5488571E+02   3.9419773E-19
   4.5521945E+02   3.2763962E-19
   4.5555319E+02   2.6129377E-19
   4.5588693E+02   2.1200487E-19
   4.5622067E+02   1.9671971E-19
   4.5655440E+02   2.2992708E-19
   4.5688814E+02   3.2107636E-19
   4.5722188E+02   4.7230870E-19
   4.5755562E+02   6.7682539E-19
   4.5788936E+02   9.1815435E-19
   4.5822310E+02   1.1704726E-18
   4.5855684E+02   1.4000065E-18
   4.5889057E+02   1.5673823E-18
   4.5922431E+02   1.6306482E-18
   4.5955805E+02   1.5485622E-18
   4.5989179E+02   1.2836584E-18
   4.6022553E+02   8.0456777E-19
   4.6055927E+02   8.7104923E-20
   4.6089301E+02  -8.8628815E-19
   4.6122674E+02  -2.1289962E-18
   4.6156048E+02  -3.6546486E-18
   4.6189422E+02  -5.4833844E-18
   4.6222796E+02  -7.6496108E-18
   4.6256170E+02  -1.0210739E-17
   4.6289544E+02  -1.3256227E-17
   4.6322918E+02  -1.6916221E-17
   4.6356291E+02  -2.1369023E-17
   4.6389665E+02  -2.6846853E-17
   4.6423039E+02  -3.3639361E-17
   4.6456413E+02  -4.2094977E-17
   4.6489787E+02  -5.2620076E-17
   4.6523161E+02  -6.5676863E-17
   4.6556535E+02  -8.1780700E-17
   4.6589908E+02  -1.0149832E-16
   4.6623282E+02  -1.2544841E-16
   4.6656656E+02  -1.5430571E-16
   4.6690030E+02  -1.8881016E-16
   4.6723404E+02  -2.2978170E-16
   4.6756778E+02  -2.7814106E-16
   4.6790152E+02  -3.3493647E-16
   4.6823525E+02  -4.0137458E-16
   4.6856899E+02  -4.7885472E-16
   4.6890273E+02  -5.6900365E-16
   4.6923647E+02  -6.7370846E-16
   4.6957021E+02  -7.9514381E-16
   4.6990395E+02  -9.3579342E-16
   4.7023769E+02  -1.0984584E-15
   4.7057142E+02  -1.2862553E-15
   4.7090516E+02  -1.5025962E-15
   4.7123890E+02  -1.7511514E-15
   4.7157264E+02  -2.0357929E-15
   4.7190638E+02  -2.3605123E-15
   4.7224012E+02  -2.7293161E-15
   4.7257386E+02  -3.1460839E-15
   4.7290760E+02  -3.6143959E-15
   4.7324133E+02  -4.1373108E-15
   4.7357507E+02  -4.7170816E-15
   4.7390881E+02  -5.3548063E-15
   4.7424255E+02  -6.0499769E-15
   4.7457629E+02  -6.7999127E-15
   4.7491003E+02  -7.5990477E-15
   4.7524377E+02  -8.4380262E-15
   4.7557750E+02  -9.3025783E-15
   4.7591124E+02  -1.0172102E-14
   4.7624498E+02  -1.1017898E-14
   4.7657872E+02  -1.1800989E-14
   4.7691246E+02  -1.2469431E-14
   4.7724620E+02  -1.2954981E-14
   4.7757994E+02  -1.3169047E-14
   4.7791367E+02  -1.2997738E-14
   4.7824741E+02  -1.2295900E-14
   4.7858115E+02  -1.0879792E-14
   4.7891489E+02  -8.5183833E-15
   4.7924863E+02  -4.9228488E-15
   4.7958237E+02   2.6591752E-16
   4.7991611E+02   7.4921657E-15
   4.8024984E+02   1.7303070E-14
   4.8058358E+02   3.0369580E-14
   4.8091732E+02   4.7511345E-14
   4.8125106E+02   6.9725618E-14
   4.8158480E+02   9.8222327E-14
   4.8191854E+02   1.3446401E-13
   4.8225228E+02   1.8021397E-13
   4.8258601E+02   2.3759217E-13
   4.8291975E+02   3.0913997E-13
   4.8325349E+02   3.9789740E-13
   4.8358723E+02   5.0749129E-13
   4.8392097E+02   6.4223854E-13
   4.8425471E+02   8.0726625E-13
   4.8458845E+02   1.0086508E-12
   4.8492218E+02   1.2535773E-12
   4.8525592E+02   1.5505274E-12
   4.8558966E+02   1.9094897E-12
   4.8592340E+02   2.3422082E-12
   4.8625714E+02   2.8624598E-12
   4.8659088E+02   3.4863865E-12
   4.8692462E+02   4.2328563E-12
   4.8725835E+02   5.1238918E-12
   4.8759209E+02   6.1851496E-12
   4.8792583E+02   7.4464775E-12
   4.8825957E+02   8.9425177E-12
   4.8859331E+02   1.0713424E-11
   4.8892705E+02   1.2805675E-11
   4.8926079E+02   1.5272951E-11
   4.8959452E+02   1.8177172E-11
   4.8992826E+02   2.1589624E-11
   4.9026200E+02   2.5592273E-11
   4.9059574E+02   3.0279147E-11
   4.9092948E+02   3.5758056E-11
   4.9126322E+02   4.2152292E-11
   4.9159696E+02   4.9602676E-11
   4.9193069E+02   5.8269806E-11
   4.9226443E+02   6.8336475E-11
   4.9259817E+02   8.0010540E-11
   4.9293191E+02   9.3527783E-11
   4.9326565E+02   1.0915536E-10
   4.9359939E+02   1.2719556E-10
   4.9393313E+02   1.4798951E-10
   4.9426687E+02   1.7192207E-10
   4.9460060E+02   1.9942621E-10
   4.9493434E+02   2.3098878E-10
   4.9526808E+02   2.6715546E-10
   4.9560182E+02   3.0853789E-10
   4.9593556E+02   3.5581987E-10
   4.9626930E+02   4.0976453E-10
   4.9660304E+02   4.7122228E-10
   4.9693677E+02   5.4113908E-10
   4.9727051E+02   6.2056543E-10
   4.9760425E+02   7.1066558E-10
   4.9793799E+02   8.1272772E-10
   4.9827173E+02   9.2817581E-10
   4.9860547E+02   1.0585780E-09
   4.9893921E+02   1.2056609E-09
   4.9927294E+02   1.3713215E-09
   4.9960668E+02   1.5576387E-09
   4.9994042E+02   1.7668877E-09
   5.0027416E+02   2.0015523E-09
   5.0060790E+02   2.2643425E-09
   5.0094164E+02   2.5582028E-09
   5.0127538E+02   2.8863298E-09
   5.0160911E+02   3.2521872E-09
   5.0194285E+02   3.6595180E-09
   5.0227659E+02   4.1123602E-09
   5.0261033E+02   4.6150559E-09
   5.0294407E+02   5.1722697E-09
   5.0327781E+02   5.7889946E-09
   5.0361155E+02   6.4705685E-09
   5.0394528E+02   7.2226776E-09
   5.0427902E+02   8.0513685E-09
   5.0461276E+02   8.9630543E-09
   5.0494650E+02   9.9645039E-09
   5.0528024E+02   1.1062867E-08
   5.0561398E+02   1.2265652E-08
   5.0594772E+02   1.3580731E-08
   5.0628145E+02   1.5016312E-08
   5.0661519E+02   1.6580950E-08
   5.0694893E+02   1.8283519E-08
   5.0728267E+02   2.0133182E-08
   5.0761641E+02   2.2139362E-08
   5.0795015E+02   2.4311719E-08
   5.0828389E+02   2.6660093E-08
   5.0861762E+02   2.9194464E-08
   5.0895136E+02   3.1924916E-08
   5.0928510E+02   3.4861518E-08
   5.0961884E+02   3.8014324E-08
   5.0995258E+02   4.1393239E-08
   5.1028632E+02   4.5007976E-08
   5.1062006E+02   4.8867939E-08
   5.1095379E+02   5.2982113E-08
   5.1128753E+02   5.7358953E-08
   5.1162127E+02   6.2006272E-08
   5.1195501E+02   6.6931136E-08
   5.1228875E+02   7.2139706E-08
   5.1262249E+02   7.7637054E-08
   5.1295623E+02   8.3427096E-08
   5.1328997E+02   8.9512334E-08
   5.1362370E+02   9.5893824E-08
   5.1395744E+02   1.0257078E-07
   5.1429118E+02   1.0954081E-07
   5.1462492E+02   1.1679917E-07
   5.1495866E+02   1.2433917E-07
   5.1529240E+02   1.3215154E-07
   5.1562614E+02   1.4022454E-07
   5.1595987E+02   1.4854363E-07
   5.1629361E+02   1.5709129E-07
   5.1662735E+02   1.6584707E-07
   5.1696109E+02   1.7478715E-07
   5.1729483E+02   1.8388445E-07
   5.1762857E+02   1.9310831E-07
   5.1796231E+02   2.0242443E-07
   5.1829604E+02   2.1179483E-07
   5.1862978E+02   2.2117763E-07
   5.1896352E+02   2.3052719E-07
   5.1929726E+02   2.3979385E-07
   5.1963100E+02   2.4892421E-07
   5.1996474E+02   2.5786082E-07
   5.2029848E+02   2.6654243E-07
   5.2063221E+02   2.7490415E-07
   5.2096595E+02   2.8287735E-07
   5.2129969E+02   2.9038961E-07
   5.2163343E+02   2.9736594E-07
   5.2196717E+02   3.0372763E-07
   5.2230091E+02   3.0939330E-07
   5.2263465E+02   3.1427936E-07
   5.2296838E+02   3.1829978E-07
   5.2330212E+02   3.2136674E-07
   5.2363586E+02   3.2339122E-07
   5.2396960E+02   3.2428341E-07
   5.2430334E+02   3.2395292E-07
   5.2463708E+02   3.2230975E-07
   5.2497082E+02   3.1926447E-07
   5.2530455E+02   3.1472894E-07
   5.2563829E+02   3.0861705E-07
   5.2597203E+02   3.0084539E-07
   5.2630577E+02   2.9133383E-07
   5.2663951E+02   2.8000630E-07
   5.2697325E+02   2.6679132E-07
   5.2730699E+02   2.5162285E-07
   5.2764072E+02   2.3444120E-07
   5.2797446E+02   2.1519321E-07
   5.2830820E+02   1.9383350E-07
   5.2864194E+02   1.7032502E-07
   5.2897568E+02   1.4463951E-07
   5.2930942E+02   1.1675835E-07
   5.2964316E+02   8.6673346E-08
   5.2997689E+02   5.4386589E-08
   5.3031063E+02   1.9911981E-08
   5.3064437E+02  -1.6725039E-08
   5.3097811E+02  -5.5486755E-08
   5.3131185E+02  -9.6322879E-08
   5.3164559E+02  -1.3917033E-07
   5.3197933E+02  -1.8395284E-07
   5.3231306E+02  -2.3058104E-07
   5.3264680E+02  -2.7895223E-07
   5.3298054E+02  -3.2895059E-07
   5.3331428E+02  -3.8044703E-07
   5.3364802E+02  -4.3329959E-07
   5.3398176E+02  -4.8735376E-07
   5.3431550E+02  -5.4244288E-07
   5.3464924E+02  -5.9838845E-07
   5.3498297E+02  -6.5500109E-07
   5.3531671E+02  -7.1208063E-07
   5.3565045E+02  -7.6941768E-07
   5.3598419E+02  -8.2679367E-07
   5.3631793E+02  -8.8398269E-07
   5.3665167E+02  -9.4075091E-07
   5.3698541E+02  -9.9686065E-07
   5.3731914E+02  -1.0520677E-06
   5.3765288E+02  -1.1061262E-06
   5.3798662E+02  -1.1587870E-06
   5.3832036E+02  -1.2098014E-06
   5.3865410E+02  -1.2589205E-06
   5.3898784E+02  -1.3058979E-06
   5.3932158E+02  -1.3504911E-06
   5.3965531E+02  -1.3924622E-06
   5.3998905E+02  -1.4315796E-06
   5.4032279E+02  -1.4676205E-06
   5.4065653E+02  -1.5003700E-06
   5.4099027E+02  -1.5296255E-06
   5.4132401E+02  -1.5551956E-06
   5.4165775E+02  -1.5769019E-06
   5.4199148E+02  -1.5945817E-06
   5.4232522E+02  -1.6080864E-06
   5.4265896E+02  -1.6172869E-06
   5.4299270E+02  -1.6220692E-06
   5.4332644E+02  -1.6223399E-06
   5.4366018E+02  -1.6180252E-06
   5.4399392E+02  -1.6090698E-06
   5.4432765E+02  -1.5954415E-06
   5.4466139E+02  -1.5771278E-06
   5.4499513E+02  -1.5541395E-06
   5.4532887E+02  -1.5265078E-06
   5.4566261E+02  -1.4942863E-06
   5.4599635E+02  -1.4575515E-06
   5.4633009E+02  -1.4164002E-06
   5.4666382E+02  -1.3709509E-06
   5.4699756E+02  -1.3213438E-06
   5.4733130E+02  -1.2677383E-06
   5.4766504E+02  -1.2103146E-06
   5.4799878E+02  -1.1492709E-06
   5.4833252E+02  -1.0848225E-06
   5.4866626E+02  -1.0172029E-06
   5.4899999E+02  -9.4665995E-07
   5.4933373E+02  -8.7345643E-07
   5.4966747E+02  -7.9786741E-07
   5.5000121E+02  -7.2017951E-07
   5.5033495E+02  -6.4068968E-07
   5.5066869E+02  -5.5970224E-07
   5.5100243E+02  -4.7752928E-07
   5.5133616E+02  -3.9448702E-07
   5.5166990E+02  -3.1089556E-07
   5.5200364E+02  -2.2707601E-07
   5.5233738E+02  -1.4335004E-07
   5.5267112E+02  -6.0036911E-08
   5.5300486E+02   2.2547283E-08
   5.5333860E+02   1.0409184E-07
   5.5367234E+02   1.8429256E-07
   5.5400607E+02   2.6285409E-07
   5.5433981E+02   3.3949050E-07
   5.5467355E+02   4.1392749E-07
   5.5500729E+02   4.8590323E-07
   5.5534103E+02   5.5517012E-07
   5.5567477E+02   6.2149536E-07
   5.5600851E+02   6.8466272E-07
   5.5634224E+02   7.4447297E-07
   5.5667598E+02   8.0074506E-07
   5.5700972E+02   8.5331629E-07
   5.5734346E+02   9.0204401E-07
   5.5767720E+02   9.4680485E-07
   5.5801094E+02   9.8749615E-07
   5.5834468E+02   1.0240357E-06
   5.5867841E+02   1.0563612E-06
   5.5901215E+02   1.0844326E-06
   5.5934589E+02   1.1082282E-06
   5.5967963E+02   1.1277479E-06
   5.6001337E+02   1.1430114E-06
   5.6034711E+02   1.1540575E-06
   5.6068085E+02   1.1609443E-06
   5.6101458E+02   1.1637471E-06
   5.6134832E+02   1.1625599E-06
   5.6168206E+02   1.1574922E-06
   5.6201580E+02   1.1486694E-06
   5.6234954E+02   1.1362323E-06
   5.6268328E+02   1.1203335E-06
   5.6301702E+02   1.1011397E-06
   5.6335075E+02   1.0788278E-06
   5.6368449E+02   1.0535852E-06
   5.6401823E+02   1.0256076E-06
   5.6435197E+02   9.9509862E-07
   5.6468571E+02   9.6226790E-07
   5.6501945E+02   9.2732972E-07
   5.6535319E+02   8.9050218E-07
   5.6568692E+02   8.5200554E-07
   5.6602066E+02   8.1206127E-07
   5.6635440E+02   7.7089055E-07
   5.6668814E+02   7.2871319E-07
   5.6702188E+02   6.8574644E-07
   5.6735562E+02   6.4220376E-07
   5.6768936E+02   5.9829421E-07
   5.6802309E+02   5.5422078E-07
   5.6835683E+02   5.1017980E-07
   5.6869057E+02   4.6636029E-07
   5.6902431E+02   4.2294252E-07
   5.6935805E+02   3.8009807E-07
   5.6969179E+02   3.3798838E-07
   5.7002553E+02   2.9676488E-07
   5.7035926E+02   2.5656777E-07
   5.7069300E+02   2.1752662E-07
   5.7102674E+02   1.7975866E-07
   5.7136048E+02   1.4336976E-07
   5.7169422E+02   1.0845378E-07
   5.7202796E+02   7.5092174E-08
   5.7236170E+02   4.3354493E-08
   5.7269543E+02   1.3298127E-08
   5.7302917E+02  -1.5031326E-08
   5.7336291E+02  -4.1600209E-08
   5.7369665E+02  -6.6386178E-08
   5.7403039E+02  -8.9378027E-08
   5.7436413E+02  -1.1057532E-07
   5.7469787E+02  -1.2998778E-07
   5.7503161E+02  -1.4763489E-07
   5.7536534E+02  -1.6354532E-07
   5.7569908E+02  -1.7775632E-07
   5.7603282E+02  -1.9031307E-07
   5.7636656E+02  -2.0126802E-07
   5.7670030E+02  -2.1068035E-07
   5.7703404E+02  -2.1861499E-07
   5.7736778E+02  -2.2514217E-07
   5.7770151E+02  -2.3033650E-07
   5.7803525E+02  -2.3427631E-07
   5.7836899E+02  -2.3704303E-07
   5.7870273E+02  -2.3872008E-07
   5.7903647E+02  -2.3939251E-07
   5.7937021E+02  -2.3914629E-07
   5.7970395E+02  -2.3806743E-07
   5.8003768E+02  -2.3624133E-07
   5.8037142E+02  -2.3375230E-07
   5.8070516E+02  -2.3068303E-07
   5.8103890E+02  -2.2711383E-07
   5.8137264E+02  -2.2312216E-07
   5.8170638E+02  -2.1878225E-07
   5.8204012E+02  -2.1416484E-07
   5.8237385E+02  -2.0933636E-07
   5.8270759E+02  -2.0435907E-07
   5.8304133E+02  -1.9929050E-07
   5.8337507E+02  -1.9418327E-07
   5.8370881E+02  -1.8908506E-07
   5.8404255E+02  -1.8403838E-07
   5.8437629E+02  -1.7908053E-07
   5.8471002E+02  -1.7424352E-07
   5.8504376E+02  -1.6955428E-07
   5.8537750E+02  -1.6503454E-07
   5.8571124E+02  -1.6070109E-07
   5.8604498E+02  -1.5656599E-07
   5.8637872E+02  -1.5263645E-07
   5.8671246E+02  -1.4891552E-07
   5.8704619E+02  -1.4540205E-07
   5.8737993E+02  -1.4209115E-07
   5.8771367E+02  -1.3897431E-07
   5.8804741E+02  -1.3604014E-07
   5.8838115E+02  -1.3327434E-07
   5.8871489E+02  -1.3066028E-07
   5.8904863E+02  -1.2817947E-07
   5.8938236E+02  -1.2581174E-07
   5.8971610E+02  -1.2353586E-07
   5.9004984E+02  -1.2132989E-07
   5.9038358E+02  -1.1917145E-07
   5.9071732E+02  -1.1703823E-07
   5.9105106E+02  -1.1490835E-07
   5.9138480E+02  -1.1276060E-07
   5.9171853E+02  -1.1057497E-07
   5.9205227E+02  -1.0833276E-07
   5.9238601E+02  -1.0601700E-07
   5.9271975E+02  -1.0361265E-07
   5.9305349E+02  -1.0110688E-07
   5.9338723E+02  -9.8489217E-08
   5.9372097E+02  -9.5751695E-08
   5.9405471E+02  -9.2889039E-08
   5.9438844E+02  -8.9898762E-08
   5.9472218E+02  -8.6781128E-08
   5.9505592E+02  -8.3539327E-08
   5.9538966E+02  -8.0179319E-08
   5.9572340E+02  -7.6709895E-08
   5.9605714E+02  -7.3142516E-08
   5.9639088E+02  -6.9491350E-08
   5.9672461E+02  -6.5773001E-08
   5.9705835E+02  -6.2006407E-08
   5.9739209E+02  -5.8212674E-08
   5.9772583E+02  -5.4414841E-08
   5.9805957E+02  -5.0637610E-08
   5.9839331E+02  -4.6907168E-08
   5.9872705E+02  -4.3250942E-08
   5.9906078E+02  -3.9697262E-08
   5.9939452E+02  -3.6275075E-08
   5.9972826E+02  -3.3013691E-08
   6.0006200E+02  -2.9942555E-08
   6.0039574E+02  -2.7090834E-08
   6.0072948E+02  -2.4487271E-08
   6.0106322E+02  -2.2159682E-08
   6.0139695E+02  -2.0135019E-08
   6.0173069E+02  -1.8438712E-08
   6.0206443E+02  -1.7094735E-08
   6.0239817E+02  -1.6125128E-08
   6.0273191E+02  -1.5549958E-08
   6.0306565E+02  -1.5386931E-08
   6.0339939E+02  -1.5651281E-08
   6.0373312E+02  -1.6355642E-08
   6.0406686E+02  -1.7509862E-08
   6.0440060E+02  -1.9120861E-08
   6.0473434E+02  -2.1192491E-08
   6.0506808E+02  -2.3725647E-08
   6.0540182E+02  -2.6718013E-08
   6.0573556E+02  -3.0164031E-08
   6.0606929E+02  -3.4055091E-08
   6.0640303E+02  -3.8379390E-08
   6.0673677E+02  -4.3121922E-08
   6.0707051E+02  -4.8264674E-08
   6.0740425E+02  -5.3786593E-08
   6.0773799E+02  -5.9663861E-08
   6.0807173E+02  -6.5869813E-08
   6.0840546E+02  -7.2375222E-08
   6.0873920E+02  -7.9148435E-08
   6.0907294E+02  -8.6155453E-08
   6.0940668E+02  -9.3360342E-08
   6.0974042E+02  -1.0072519E-07
   6.1007416E+02  -1.0821051E-07
   6.1040790E+02  -1.1577540E-07
   6.1074163E+02  -1.2337773E-07
   6.1107537E+02  -1.3097451E-07
   6.1140911E+02  -1.3852201E-07
   6.1174285E+02  -1.4597612E-07
   6.1207659E+02  -1.5329243E-07
   6.1241033E+02  -1.6042674E-07
   6.1274407E+02  -1.6733514E-07
   6.1307781E+02  -1.7397429E-07
   6.1341154E+02  -1.8030165E-07
   6.1374528E+02  -1.8627593E-07
   6.1407902E+02  -1.9185687E-07
   6.1441276E+02  -1.9700610E-07
   6.1474650E+02  -2.0168672E-07
   6.1508024E+02  -2.0586404E-07
   6.1541398E+02  -2.0950544E-07
   6.1574771E+02  -2.1258057E-07
   6.1608145E+02  -2.1506170E-07
   6.1641519E+02  -2.1692394E-07
   6.1674893E+02  -2.1814503E-07
   6.1708267E+02  -2.1870579E-07
   6.1741641E+02  -2.1859015E-07
   6.1775015E+02  -2.1778501E-07
   6.1808388E+02  -2.1628088E-07
   6.1841762E+02  -2.1407138E-07
   6.1875136E+02  -2.1115352E-07
   6.1908510E+02  -2.0752786E-07
   6.1941884E+02  -2.0319831E-07
   6.1975258E+02  -1.9817217E-07
   6.2008632E+02  -1.9246013E-07
   6.2042005E+02  -1.8607622E-07
   6.2075379E+02  -1.7903794E-07
   6.2108753E+02  -1.7136560E-07
   6.2142127E+02  -1.6308293E-07
   6.2175501E+02  -1.5421647E-07
   6.2208875E+02  -1.4479564E-07
   6.2242249E+02  -1.3485250E-07
   6.2275622E+02  -1.2442177E-07
   6.2308996E+02  -1.1354025E-07
   6.2342370E+02  -1.0224699E-07
   6.2375744E+02  -9.0582873E-08
   6.2409118E+02  -7.8590531E-08
   6.2442492E+02  -6.6313987E-08
   6.2475866E+02  -5.3798335E-08
   6.2509239E+02  -4.1089702E-08
   6.2542613E+02  -2.8234814E-08
   6.2575987E+02  -1.5280676E-08
   6.2609361E+02  -2.2745406E-09
   6.2642735E+02   1.0736645E-08
   6.2676109E+02   2.3706340E-08
   6.2709483E+02   3.6588798E-08
   6.2742856E+02   4.9339302E-08
   6.2776230E+02   6.1914406E-08
   6.2809604E+02   7.4272307E-08
   6.2842978E+02   8.6372985E-08
   6.2876352E+02   9.8178575E-08
   6.2909726E+02   1.0965353E-07
   6.2943100E+02   1.2076481E-07
   6.2976473E+02   1.3148224E-07
   6.3009847E+02   1.4177844E-07
   6.3043221E+02   1.5162919E-07
   6.3076595E+02   1.6101355E-07
   6.3109969E+02   1.6991387E-07
   6.3143343E+02   1.7831582E-07
   6.3176717E+02   1.8620875E-07
   6.3210090E+02   1.9358539E-07
   6.3243464E+02   2.0044192E-07
   6.3276838E+02   2.0677808E-07
   6.3310212E+02   2.1259712E-07
   6.3343586E+02   2.1790535E-07
   6.3376960E+02   2.2271223E-07
   6.3410334E+02   2.2703051E-07
   6.3443708E+02   2.3087543E-07
   6.3477081E+02   2.3426475E-07
   6.3510455E+02   2.3721873E-07
   6.3543829E+02   2.3975932E-07
   6.3577203E+02   2.4191041E-07
   6.3610577E+02   2.4369695E-07
   6.3643951E+02   2.4514489E-07
   6.3677325E+02   2.4628076E-07
   6.3710698E+02   2.4713125E-07
   6.3744072E+02   2.4772262E-07
   6.3777446E+02   2.4808065E-07
   6.3810820E+02   2.4822975E-07
   6.3844194E+02   2.4819298E-07
   6.3877568E+02   2.4799118E-07
   6.3910942E+02   2.4764290E-07
   6.3944315E+02   2.4716394E-07
   6.3977689E+02   2.4656654E-07
   6.4011063E+02   2.4585975E-07
   6.4044437E+02   2.4504848E-07
   6.4077811E+02   2.4413362E-07
   6.4111185E+02   2.4311126E-07
   6.4144559E+02   2.4197291E-07
   6.4177932E+02   2.4070530E-07
   6.4211306E+02   2.3928993E-07
   6.4244680E+02   2.3770315E-07
   6.4278054E+02   2.3591627E-07
   6.4311428E+02   2.3389504E-07
   6.4344802E+02   2.3160045E-07
   6.4378176E+02   2.2898848E-07
   6.4411549E+02   2.2601027E-07
   6.4444923E+02   2.2261221E-07
   6.4478297E+02   2.1873706E-07
   6.4511671E+02   2.1432314E-07
   6.4545045E+02   2.0930582E-07
   6.4578419E+02   2.0361740E-07
   6.4611793E+02   1.9718800E-07
   6.4645166E+02   1.8994572E-07
   6.4678540E+02   1.8181760E-07
   6.4711914E+02   1.7273049E-07
   6.4745288E+02   1.6261116E-07
   6.4778662E+02   1.5138785E-07
   6.4812036E+02   1.3898995E-07
   6.4845410E+02   1.2534976E-07
   6.4878783E+02   1.1040308E-07
   6.4912157E+02   9.4089543E-08
   6.4945531E+02   7.6354013E-08
   6.4978905E+02   5.7146590E-08
   6.5012279E+02   3.6424407E-08
   6.5045653E+02   1.4151507E-08
   6.5079027E+02  -9.7000488E-09
   6.5112400E+02  -3.5149622E-08
   6.5145774E+02  -6.2207469E-08
   6.5179148E+02  -9.0874074E-08
   6.5212522E+02  -1.2113976E-07
   6.5245896E+02  -1.5298387E-07
   6.5279270E+02  -1.8637510E-07
   6.5312644E+02  -2.2127045E-07
   6.5346018E+02  -2.5761582E-07
   6.5379391E+02  -2.9534510E-07
   6.5412765E+02  -3.3438067E-07
   6.5446139E+02  -3.7463332E-07
   6.5479513E+02  -4.1600248E-07
   6.5512887E+02  -4.5837629E-07
   6.5546261E+02  -5.0163220E-07
   6.5579635E+02  -5.4563742E-07
   6.5613008E+02  -5.9024910E-07
   6.5646382E+02  -6.3531513E-07
   6.5679756E+02  -6.8067510E-07
   6.5713130E+02  -7.2616092E-07
   6.5746504E+02  -7.7159734E-07
   6.5779878E+02  -8.1680344E-07
   6.5813252E+02  -8.6159315E-07
   6.5846625E+02  -9.0577669E-07
   6.5879999E+02  -9.4916152E-07
   6.5913373E+02  -9.9155318E-07
   6.5946747E+02  -1.0327574E-06
   6.5980121E+02  -1.0725796E-06
   6.6013495E+02  -1.1108280E-06
