  -7.8094826E+01   0.0000000E+00
  -7.7761087E+01   0.0000000E+00
  -7.7427349E+01   0.0000000E+00
  -7.7093610E+01   0.0000000E+00
  -7.6759871E+01   0.0000000E+00
  -7.6426133E+01   0.0000000E+00
  -7.6092394E+01   0.0000000E+00
  -7.5758656E+01   0.0000000E+00
  -7.5424917E+01   0.0000000E+00
  -7.5091178E+01   0.0000000E+00
  -7.4757440E+01   0.0000000E+00
  -7.4423701E+01   0.0000000E+00
  -7.4089963E+01   0.0000000E+00
  -7.3756224E+01   0.0000000E+00
  -7.3422485E+01   0.0000000E+00
  -7.3088747E+01   0.0000000E+00
  -7.2755008E+01   0.0000000E+00
  -7.2421270E+01   0.0000000E+00
  -7.2087531E+01   0.0000000E+00
  -7.1753792E+01   0.0000000E+00
  -7.1420054E+01   0.0000000E+00
  -7.1086315E+01   0.0000000E+00
  -7.0752577E+01   0.0000000E+00
  -7.0418838E+01   0.0000000E+00
  -7.0085099E+01   0.0000000E+00
  -6.9751361E+01   0.0000000E+00
  -6.9417622E+01   0.0000000E+00
  -6.9083884E+01   0.0000000E+00
  -6.8750145E+01   0.0000000E+00
  -6.8416406E+01   0.0000000E+00
  -6.8082668E+01   0.0000000E+00
  -6.7748929E+01   0.0000000E+00
  -6.7415191E+01   0.0000000E+00
  -6.7081452E+01   0.0000000E+00
  -6.6747714E+01   0.0000000E+00
  -6.6413975E+01   0.0000000E+00
  -6.6080236E+01   0.0000000E+00
  -6.5746498E+01   0.0000000E+00
  -6.5412759E+01   0.0000000E+00
  -6.5079021E+01   0.0000000E+00
  -6.4745282E+01   0.0000000E+00
  -6.4411543E+01   0.0000000E+00
  -6.4077805E+01   0.0000000E+00
  -6.3744066E+01   0.0000000E+00
  -6.3410328E+01   0.0000000E+00
  -6.3076589E+01   0.0000000E+00
  -6.2742850E+01   0.0000000E+00
  -6.2409112E+01   0.0000000E+00
  -6.2075373E+01   0.0000000E+00
  -6.1741635E+01   0.0000000E+00
  -6.1407896E+01   0.0000000E+00
  -6.1074157E+01   0.0000000E+00
  -6.0740419E+01   0.0000000E+00
  -6.0406680E+01   0.0000000E+00
  -6.0072942E+01   0.0000000E+00
  -5.9739203E+01   0.0000000E+00
  -5.9405464E+01   0.0000000E+00
  -5.9071726E+01   0.0000000E+00
  -5.8737987E+01   0.0000000E+00
  -5.8404249E+01   0.0000000E+00
  -5.8070510E+01   0.0000000E+00
  -5.7736771E+01   0.0000000E+00
  -5.7403033E+01   0.0000000E+00
  -5.7069294E+01   0.0000000E+00
  -5.6735556E+01   0.0000000E+00
  -5.6401817E+01   0.0000000E+00
  -5.6068078E+01   0.0000000E+00
  -5.5734340E+01   0.0000000E+00
  -5.5400601E+01   0.0000000E+00
  -5.5066863E+01   0.0000000E+00
  -5.4733124E+01   0.0000000E+00
  -5.4399385E+01   0.0000000E+00
  -5.4065647E+01   0.0000000E+00
  -5.3731908E+01   0.0000000E+00
  -5.3398170E+01   0.0000000E+00
  -5.3064431E+01   0.0000000E+00
  -5.2730693E+01   0.0000000E+00
  -5.2396954E+01   0.0000000E+00
  -5.2063215E+01   0.0000000E+00
  -5.1729477E+01   0.0000000E+00
  -5.1395738E+01   0.0000000E+00
  -5.1062000E+01   0.0000000E+00
  -5.0728261E+01   0.0000000E+00
  -5.0394522E+01   0.0000000E+00
  -5.0060784E+01   0.0000000E+00
  -4.9727045E+01   0.0000000E+00
  -4.9393307E+01   0.0000000E+00
  -4.9059568E+01   0.0000000E+00
  -4.8725829E+01   0.0000000E+00
  -4.8392091E+01   0.0000000E+00
  -4.8058352E+01   0.0000000E+00
  -4.7724614E+01   0.0000000E+00
  -4.7390875E+01   0.0000000E+00
  -4.7057136E+01   0.0000000E+00
  -4.6723398E+01   0.0000000E+00
  -4.6389659E+01   0.0000000E+00
  -4.6055921E+01   0.0000000E+00
  -4.5722182E+01   0.0000000E+00
  -4.5388443E+01   0.0000000E+00
  -4.5054705E+01   0.0000000E+00
  -4.4720966E+01   0.0000000E+00
  -4.4387228E+01   0.0000000E+00
  -4.4053489E+01   0.0000000E+00
  -4.3719750E+01   0.0000000E+00
  -4.3386012E+01   0.0000000E+00
  -4.3052273E+01   0.0000000E+00
  -4.2718535E+01   0.0000000E+00
  -4.2384796E+01   0.0000000E+00
  -4.2051057E+01   0.0000000E+00
  -4.1717319E+01   0.0000000E+00
  -4.1383580E+01   0.0000000E+00
  -4.1049842E+01   0.0000000E+00
  -4.0716103E+01   0.0000000E+00
  -4.0382364E+01   0.0000000E+00
  -4.0048626E+01   0.0000000E+00
  -3.9714887E+01   0.0000000E+00
  -3.9381149E+01   0.0000000E+00
  -3.9047410E+01   0.0000000E+00
  -3.8713672E+01   0.0000000E+00
  -3.8379933E+01   0.0000000E+00
  -3.8046194E+01   0.0000000E+00
  -3.7712456E+01   0.0000000E+00
  -3.7378717E+01   0.0000000E+00
  -3.7044979E+01   0.0000000E+00
  -3.6711240E+01   0.0000000E+00
  -3.6377501E+01   0.0000000E+00
  -3.6043763E+01   0.0000000E+00
  -3.5710024E+01   0.0000000E+00
  -3.5376286E+01   0.0000000E+00
  -3.5042547E+01   0.0000000E+00
  -3.4708808E+01   0.0000000E+00
  -3.4375070E+01   0.0000000E+00
  -3.4041331E+01   0.0000000E+00
  -3.3707593E+01   0.0000000E+00
  -3.3373854E+01   0.0000000E+00
  -3.3040115E+01   0.0000000E+00
  -3.2706377E+01   0.0000000E+00
  -3.2372638E+01   0.0000000E+00
  -3.2038900E+01   0.0000000E+00
  -3.1705161E+01   0.0000000E+00
  -3.1371422E+01   0.0000000E+00
  -3.1037684E+01   0.0000000E+00
  -3.0703945E+01   0.0000000E+00
  -3.0370207E+01   0.0000000E+00
  -3.0036468E+01   0.0000000E+00
  -2.9702729E+01   0.0000000E+00
  -2.9368991E+01   0.0000000E+00
  -2.9035252E+01   0.0000000E+00
  -2.8701514E+01   0.0000000E+00
  -2.8367775E+01   0.0000000E+00
  -2.8034036E+01   0.0000000E+00
  -2.7700298E+01   0.0000000E+00
  -2.7366559E+01   0.0000000E+00
  -2.7032821E+01   0.0000000E+00
  -2.6699082E+01   0.0000000E+00
  -2.6365343E+01   0.0000000E+00
  -2.6031605E+01   0.0000000E+00
  -2.5697866E+01   0.0000000E+00
  -2.5364128E+01   0.0000000E+00
  -2.5030389E+01   0.0000000E+00
  -2.4696651E+01   0.0000000E+00
  -2.4362912E+01   0.0000000E+00
  -2.4029173E+01   0.0000000E+00
  -2.3695435E+01   0.0000000E+00
  -2.3361696E+01   0.0000000E+00
  -2.3027958E+01   0.0000000E+00
  -2.2694219E+01   0.0000000E+00
  -2.2360480E+01   0.0000000E+00
  -2.2026742E+01   0.0000000E+00
  -2.1693003E+01   0.0000000E+00
  -2.1359265E+01   0.0000000E+00
  -2.1025526E+01   0.0000000E+00
  -2.0691787E+01   0.0000000E+00
  -2.0358049E+01   0.0000000E+00
  -2.0024310E+01   0.0000000E+00
  -1.9690572E+01   0.0000000E+00
  -1.9356833E+01   0.0000000E+00
  -1.9023094E+01   0.0000000E+00
  -1.8689356E+01   0.0000000E+00
  -1.8355617E+01   0.0000000E+00
  -1.8021879E+01   0.0000000E+00
  -1.7688140E+01   0.0000000E+00
  -1.7354401E+01   0.0000000E+00
  -1.7020663E+01   0.0000000E+00
  -1.6686924E+01   0.0000000E+00
  -1.6353186E+01   0.0000000E+00
  -1.6019447E+01   0.0000000E+00
  -1.5685708E+01   0.0000000E+00
  -1.5351970E+01   0.0000000E+00
  -1.5018231E+01   0.0000000E+00
  -1.4684493E+01   0.0000000E+00
  -1.4350754E+01   0.0000000E+00
  -1.4017015E+01   0.0000000E+00
  -1.3683277E+01   0.0000000E+00
  -1.3349538E+01   0.0000000E+00
  -1.3015800E+01   0.0000000E+00
  -1.2682061E+01   0.0000000E+00
  -1.2348322E+01   0.0000000E+00
  -1.2014584E+01   0.0000000E+00
  -1.1680845E+01   0.0000000E+00
  -1.1347107E+01   0.0000000E+00
  -1.1013368E+01   0.0000000E+00
  -1.0679630E+01   0.0000000E+00
  -1.0345891E+01   0.0000000E+00
  -1.0012152E+01   0.0000000E+00
  -9.6784137E+00   0.0000000E+00
  -9.3446751E+00   0.0000000E+00
  -9.0109365E+00   0.0000000E+00
  -8.6771979E+00   0.0000000E+00
  -8.3434593E+00   0.0000000E+00
  -8.0097207E+00   0.0000000E+00
  -7.6759821E+00   0.0000000E+00
  -7.3422436E+00   0.0000000E+00
  -7.0085050E+00   0.0000000E+00
  -6.6747664E+00   0.0000000E+00
  -6.3410278E+00   0.0000000E+00
  -6.0072892E+00   0.0000000E+00
  -5.6735506E+00   0.0000000E+00
  -5.3398120E+00   0.0000000E+00
  -5.0060734E+00   0.0000000E+00
  -4.6723348E+00   0.0000000E+00
  -4.3385962E+00   0.0000000E+00
  -4.0048576E+00   0.0000000E+00
  -3.6711190E+00   0.0000000E+00
  -3.3373804E+00   0.0000000E+00
  -3.0036418E+00   0.0000000E+00
  -2.6699032E+00   0.0000000E+00
  -2.3361646E+00   0.0000000E+00
  -2.0024260E+00   0.0000000E+00
  -1.6686874E+00   0.0000000E+00
  -1.3349488E+00   0.0000000E+00
  -1.0012102E+00   0.0000000E+00
  -6.6747165E-01   0.0000000E+00
  -3.3373305E-01   0.0000000E+00
   5.5432320E-06   0.0000000E+00
   3.3374414E-01   0.0000000E+00
   6.6748273E-01   0.0000000E+00
   1.0012213E+00   0.0000000E+00
   1.3349599E+00   0.0000000E+00
   1.6686985E+00   0.0000000E+00
   2.0024371E+00   0.0000000E+00
   2.3361757E+00   0.0000000E+00
   2.6699143E+00   0.0000000E+00
   3.0036529E+00   0.0000000E+00
   3.3373915E+00   0.0000000E+00
   3.6711301E+00   0.0000000E+00
   4.0048687E+00   0.0000000E+00
   4.3386073E+00   0.0000000E+00
   4.6723459E+00   0.0000000E+00
   5.0060845E+00   0.0000000E+00
   5.3398231E+00   0.0000000E+00
   5.6735617E+00   0.0000000E+00
   6.0073003E+00   0.0000000E+00
   6.3410389E+00   0.0000000E+00
   6.6747774E+00   0.0000000E+00
   7.0085160E+00   0.0000000E+00
   7.3422546E+00   0.0000000E+00
   7.6759932E+00   0.0000000E+00
   8.0097318E+00   0.0000000E+00
   8.3434704E+00   0.0000000E+00
   8.6772090E+00   0.0000000E+00
   9.0109476E+00   0.0000000E+00
   9.3446862E+00   0.0000000E+00
   9.6784248E+00   0.0000000E+00
   1.0012163E+01   0.0000000E+00
   1.0345902E+01   0.0000000E+00
   1.0679641E+01   0.0000000E+00
   1.1013379E+01   0.0000000E+00
   1.1347118E+01   0.0000000E+00
   1.1680856E+01   0.0000000E+00
   1.2014595E+01   0.0000000E+00
   1.2348334E+01   0.0000000E+00
   1.2682072E+01   0.0000000E+00
   1.3015811E+01   0.0000000E+00
   1.3349549E+01   0.0000000E+00
   1.3683288E+01   0.0000000E+00
   1.4017027E+01   0.0000000E+00
   1.4350765E+01   0.0000000E+00
   1.4684504E+01   0.0000000E+00
   1.5018242E+01   0.0000000E+00
   1.5351981E+01   0.0000000E+00
   1.5685720E+01   0.0000000E+00
   1.6019458E+01   0.0000000E+00
   1.6353197E+01   0.0000000E+00
   1.6686935E+01   0.0000000E+00
   1.7020674E+01   0.0000000E+00
   1.7354412E+01   0.0000000E+00
   1.7688151E+01   0.0000000E+00
   1.8021890E+01   0.0000000E+00
   1.8355628E+01   0.0000000E+00
   1.8689367E+01   0.0000000E+00
   1.9023105E+01   0.0000000E+00
   1.9356844E+01   0.0000000E+00
   1.9690583E+01   0.0000000E+00
   2.0024321E+01   0.0000000E+00
   2.0358060E+01   0.0000000E+00
   2.0691798E+01   0.0000000E+00
   2.1025537E+01   0.0000000E+00
   2.1359276E+01   0.0000000E+00
   2.1693014E+01   0.0000000E+00
   2.2026753E+01   0.0000000E+00
   2.2360491E+01   0.0000000E+00
   2.2694230E+01   0.0000000E+00
   2.3027969E+01   0.0000000E+00
   2.3361707E+01   0.0000000E+00
   2.3695446E+01   0.0000000E+00
   2.4029184E+01   0.0000000E+00
   2.4362923E+01   0.0000000E+00
   2.4696662E+01   0.0000000E+00
   2.5030400E+01   0.0000000E+00
   2.5364139E+01   0.0000000E+00
   2.5697877E+01   0.0000000E+00
   2.6031616E+01   0.0000000E+00
   2.6365355E+01   0.0000000E+00
   2.6699093E+01   0.0000000E+00
   2.7032832E+01   0.0000000E+00
   2.7366570E+01   0.0000000E+00
   2.7700309E+01   0.0000000E+00
   2.8034048E+01   0.0000000E+00
   2.8367786E+01   0.0000000E+00
   2.8701525E+01   0.0000000E+00
   2.9035263E+01   0.0000000E+00
   2.9369002E+01   0.0000000E+00
   2.9702741E+01   0.0000000E+00
   3.0036479E+01   0.0000000E+00
   3.0370218E+01   0.0000000E+00
   3.0703956E+01   0.0000000E+00
   3.1037695E+01   0.0000000E+00
   3.1371433E+01   0.0000000E+00
   3.1705172E+01   0.0000000E+00
   3.2038911E+01   0.0000000E+00
   3.2372649E+01   0.0000000E+00
   3.2706388E+01   0.0000000E+00
   3.3040126E+01   0.0000000E+00
   3.3373865E+01   0.0000000E+00
   3.3707604E+01   0.0000000E+00
   3.4041342E+01   0.0000000E+00
   3.4375081E+01   0.0000000E+00
   3.4708819E+01   0.0000000E+00
   3.5042558E+01   0.0000000E+00
   3.5376297E+01   0.0000000E+00
   3.5710035E+01   0.0000000E+00
   3.6043774E+01   0.0000000E+00
   3.6377512E+01   0.0000000E+00
   3.6711251E+01   0.0000000E+00
   3.7044990E+01   0.0000000E+00
   3.7378728E+01   0.0000000E+00
   3.7712467E+01   0.0000000E+00
   3.8046205E+01   0.0000000E+00
   3.8379944E+01   0.0000000E+00
   3.8713683E+01   0.0000000E+00
   3.9047421E+01   0.0000000E+00
   3.9381160E+01   0.0000000E+00
   3.9714898E+01   0.0000000E+00
   4.0048637E+01   0.0000000E+00
   4.0382376E+01   0.0000000E+00
   4.0716114E+01   0.0000000E+00
   4.1049853E+01   0.0000000E+00
   4.1383591E+01   0.0000000E+00
   4.1717330E+01   0.0000000E+00
   4.2051069E+01   0.0000000E+00
   4.2384807E+01   0.0000000E+00
   4.2718546E+01   0.0000000E+00
   4.3052284E+01   0.0000000E+00
   4.3386023E+01   0.0000000E+00
   4.3719762E+01   0.0000000E+00
   4.4053500E+01   0.0000000E+00
   4.4387239E+01   0.0000000E+00
   4.4720977E+01   0.0000000E+00
   4.5054716E+01   0.0000000E+00
   4.5388454E+01   0.0000000E+00
   4.5722193E+01   0.0000000E+00
   4.6055932E+01   0.0000000E+00
   4.6389670E+01   0.0000000E+00
   4.6723409E+01   0.0000000E+00
   4.7057147E+01   0.0000000E+00
   4.7390886E+01   0.0000000E+00
   4.7724625E+01   0.0000000E+00
   4.8058363E+01   0.0000000E+00
   4.8392102E+01   0.0000000E+00
   4.8725840E+01   0.0000000E+00
   4.9059579E+01   0.0000000E+00
   4.9393318E+01   0.0000000E+00
   4.9727056E+01   0.0000000E+00
   5.0060795E+01   0.0000000E+00
   5.0394533E+01   0.0000000E+00
   5.0728272E+01   0.0000000E+00
   5.1062011E+01   0.0000000E+00
   5.1395749E+01   0.0000000E+00
   5.1729488E+01   0.0000000E+00
   5.2063226E+01   0.0000000E+00
   5.2396965E+01   0.0000000E+00
   5.2730704E+01   0.0000000E+00
   5.3064442E+01   0.0000000E+00
   5.3398181E+01   0.0000000E+00
   5.3731919E+01   0.0000000E+00
   5.4065658E+01   0.0000000E+00
   5.4399397E+01   0.0000000E+00
   5.4733135E+01   0.0000000E+00
   5.5066874E+01   0.0000000E+00
   5.5400612E+01   0.0000000E+00
   5.5734351E+01   0.0000000E+00
   5.6068090E+01   0.0000000E+00
   5.6401828E+01   0.0000000E+00
   5.6735567E+01   0.0000000E+00
   5.7069305E+01   0.0000000E+00
   5.7403044E+01   0.0000000E+00
   5.7736783E+01   0.0000000E+00
   5.8070521E+01   0.0000000E+00
   5.8404260E+01   0.0000000E+00
   5.8737998E+01   0.0000000E+00
   5.9071737E+01   0.0000000E+00
   5.9405475E+01   0.0000000E+00
   5.9739214E+01   0.0000000E+00
   6.0072953E+01   0.0000000E+00
   6.0406691E+01   0.0000000E+00
   6.0740430E+01   0.0000000E+00
   6.1074168E+01   0.0000000E+00
   6.1407907E+01   0.0000000E+00
   6.1741646E+01   0.0000000E+00
   6.2075384E+01   0.0000000E+00
   6.2409123E+01   0.0000000E+00
   6.2742861E+01   0.0000000E+00
   6.3076600E+01   0.0000000E+00
   6.3410339E+01   0.0000000E+00
   6.3744077E+01   0.0000000E+00
   6.4077816E+01   0.0000000E+00
   6.4411554E+01   0.0000000E+00
   6.4745293E+01   0.0000000E+00
   6.5079032E+01   0.0000000E+00
   6.5412770E+01   0.0000000E+00
   6.5746509E+01   0.0000000E+00
   6.6080247E+01   0.0000000E+00
   6.6413986E+01   0.0000000E+00
   6.6747725E+01   0.0000000E+00
   6.7081463E+01   0.0000000E+00
   6.7415202E+01   0.0000000E+00
   6.7748940E+01   0.0000000E+00
   6.8082679E+01   0.0000000E+00
   6.8416418E+01   0.0000000E+00
   6.8750156E+01   0.0000000E+00
   6.9083895E+01   0.0000000E+00
   6.9417633E+01   0.0000000E+00
   6.9751372E+01   0.0000000E+00
   7.0085111E+01   0.0000000E+00
   7.0418849E+01   0.0000000E+00
   7.0752588E+01   0.0000000E+00
   7.1086326E+01   0.0000000E+00
   7.1420065E+01   0.0000000E+00
   7.1753804E+01   0.0000000E+00
   7.2087542E+01   0.0000000E+00
   7.2421281E+01   0.0000000E+00
   7.2755019E+01   0.0000000E+00
   7.3088758E+01   0.0000000E+00
   7.3422496E+01   0.0000000E+00
   7.3756235E+01   0.0000000E+00
   7.4089974E+01   0.0000000E+00
   7.4423712E+01   0.0000000E+00
   7.4757451E+01   0.0000000E+00
   7.5091189E+01   0.0000000E+00
   7.5424928E+01   0.0000000E+00
   7.5758667E+01   0.0000000E+00
   7.6092405E+01   0.0000000E+00
   7.6426144E+01   0.0000000E+00
   7.6759882E+01   0.0000000E+00
   7.7093621E+01   0.0000000E+00
   7.7427360E+01   0.0000000E+00
   7.7761098E+01   0.0000000E+00
   7.8094837E+01   0.0000000E+00
   7.8428575E+01   0.0000000E+00
   7.8762314E+01   0.0000000E+00
   7.9096053E+01   0.0000000E+00
   7.9429791E+01   0.0000000E+00
   7.9763530E+01   0.0000000E+00
   8.0097268E+01   0.0000000E+00
   8.0431007E+01   0.0000000E+00
   8.0764746E+01   0.0000000E+00
   8.1098484E+01   0.0000000E+00
   8.1432223E+01   0.0000000E+00
   8.1765961E+01   0.0000000E+00
   8.2099700E+01   0.0000000E+00
   8.2433439E+01   0.0000000E+00
   8.2767177E+01   0.0000000E+00
   8.3100916E+01   0.0000000E+00
   8.3434654E+01   0.0000000E+00
   8.3768393E+01   0.0000000E+00
   8.4102132E+01   0.0000000E+00
   8.4435870E+01   0.0000000E+00
   8.4769609E+01   0.0000000E+00
   8.5103347E+01   0.0000000E+00
   8.5437086E+01   0.0000000E+00
   8.5770825E+01   0.0000000E+00
   8.6104563E+01   0.0000000E+00
   8.6438302E+01   0.0000000E+00
   8.6772040E+01   0.0000000E+00
   8.7105779E+01   0.0000000E+00
   8.7439517E+01   0.0000000E+00
   8.7773256E+01   0.0000000E+00
   8.8106995E+01   0.0000000E+00
   8.8440733E+01   0.0000000E+00
   8.8774472E+01   0.0000000E+00
   8.9108210E+01   0.0000000E+00
   8.9441949E+01   0.0000000E+00
   8.9775688E+01   0.0000000E+00
   9.0109426E+01   0.0000000E+00
   9.0443165E+01   0.0000000E+00
   9.0776903E+01   0.0000000E+00
   9.1110642E+01   0.0000000E+00
   9.1444381E+01   0.0000000E+00
   9.1778119E+01   0.0000000E+00
   9.2111858E+01   0.0000000E+00
   9.2445596E+01   0.0000000E+00
   9.2779335E+01   0.0000000E+00
   9.3113074E+01   0.0000000E+00
   9.3446812E+01   0.0000000E+00
   9.3780551E+01   0.0000000E+00
   9.4114289E+01   0.0000000E+00
   9.4448028E+01   0.0000000E+00
   9.4781767E+01   0.0000000E+00
   9.5115505E+01   0.0000000E+00
   9.5449244E+01   0.0000000E+00
   9.5782982E+01   0.0000000E+00
   9.6116721E+01   0.0000000E+00
   9.6450460E+01   0.0000000E+00
   9.6784198E+01   0.0000000E+00
   9.7117937E+01   0.0000000E+00
   9.7451675E+01   0.0000000E+00
   9.7785414E+01   0.0000000E+00
   9.8119153E+01   0.0000000E+00
   9.8452891E+01   0.0000000E+00
   9.8786630E+01   0.0000000E+00
   9.9120368E+01   0.0000000E+00
   9.9454107E+01   0.0000000E+00
   9.9787846E+01   0.0000000E+00
   1.0012158E+02   0.0000000E+00
   1.0045532E+02   0.0000000E+00
   1.0078906E+02   0.0000000E+00
   1.0112280E+02   0.0000000E+00
   1.0145654E+02   0.0000000E+00
   1.0179028E+02   0.0000000E+00
   1.0212402E+02   0.0000000E+00
   1.0245775E+02   0.0000000E+00
   1.0279149E+02   0.0000000E+00
   1.0312523E+02   0.0000000E+00
   1.0345897E+02   0.0000000E+00
   1.0379271E+02   0.0000000E+00
   1.0412645E+02   0.0000000E+00
   1.0446019E+02   0.0000000E+00
   1.0479392E+02   0.0000000E+00
   1.0512766E+02   0.0000000E+00
   1.0546140E+02   0.0000000E+00
   1.0579514E+02   0.0000000E+00
   1.0612888E+02   0.0000000E+00
   1.0646262E+02   0.0000000E+00
   1.0679636E+02   0.0000000E+00
   1.0713009E+02   0.0000000E+00
   1.0746383E+02   0.0000000E+00
   1.0779757E+02   0.0000000E+00
   1.0813131E+02   0.0000000E+00
   1.0846505E+02   0.0000000E+00
   1.0879879E+02   0.0000000E+00
   1.0913253E+02   0.0000000E+00
   1.0946626E+02   0.0000000E+00
   1.0980000E+02   0.0000000E+00
   1.1013374E+02   0.0000000E+00
   1.1046748E+02   0.0000000E+00
   1.1080122E+02   0.0000000E+00
   1.1113496E+02   0.0000000E+00
   1.1146870E+02   0.0000000E+00
   1.1180243E+02   0.0000000E+00
   1.1213617E+02   0.0000000E+00
   1.1246991E+02   0.0000000E+00
   1.1280365E+02   0.0000000E+00
   1.1313739E+02   0.0000000E+00
   1.1347113E+02   0.0000000E+00
   1.1380487E+02   0.0000000E+00
   1.1413861E+02   0.0000000E+00
   1.1447234E+02   0.0000000E+00
   1.1480608E+02   0.0000000E+00
   1.1513982E+02   0.0000000E+00
   1.1547356E+02   0.0000000E+00
   1.1580730E+02   0.0000000E+00
   1.1614104E+02   0.0000000E+00
   1.1647478E+02   0.0000000E+00
   1.1680851E+02   0.0000000E+00
   1.1714225E+02   0.0000000E+00
   1.1747599E+02   0.0000000E+00
   1.1780973E+02   0.0000000E+00
   1.1814347E+02   0.0000000E+00
   1.1847721E+02   0.0000000E+00
   1.1881095E+02   0.0000000E+00
   1.1914468E+02   0.0000000E+00
   1.1947842E+02   0.0000000E+00
   1.1981216E+02   0.0000000E+00
   1.2014590E+02   0.0000000E+00
   1.2047964E+02   0.0000000E+00
   1.2081338E+02   0.0000000E+00
   1.2114712E+02   0.0000000E+00
   1.2148085E+02   0.0000000E+00
   1.2181459E+02   0.0000000E+00
   1.2214833E+02   0.0000000E+00
   1.2248207E+02   0.0000000E+00
   1.2281581E+02   0.0000000E+00
   1.2314955E+02   0.0000000E+00
   1.2348329E+02   0.0000000E+00
   1.2381702E+02   0.0000000E+00
   1.2415076E+02   0.0000000E+00
   1.2448450E+02   0.0000000E+00
   1.2481824E+02   0.0000000E+00
   1.2515198E+02   0.0000000E+00
   1.2548572E+02   0.0000000E+00
   1.2581946E+02   0.0000000E+00
   1.2615319E+02   0.0000000E+00
   1.2648693E+02   0.0000000E+00
   1.2682067E+02   0.0000000E+00
   1.2715441E+02   0.0000000E+00
   1.2748815E+02   0.0000000E+00
   1.2782189E+02   0.0000000E+00
   1.2815563E+02   0.0000000E+00
   1.2848936E+02   0.0000000E+00
   1.2882310E+02   0.0000000E+00
   1.2915684E+02   0.0000000E+00
   1.2949058E+02   0.0000000E+00
   1.2982432E+02   0.0000000E+00
   1.3015806E+02   0.0000000E+00
   1.3049180E+02   0.0000000E+00
   1.3082553E+02   0.0000000E+00
   1.3115927E+02   0.0000000E+00
   1.3149301E+02   0.0000000E+00
   1.3182675E+02   0.0000000E+00
   1.3216049E+02   0.0000000E+00
   1.3249423E+02   0.0000000E+00
   1.3282797E+02   0.0000000E+00
   1.3316171E+02   0.0000000E+00
   1.3349544E+02   0.0000000E+00
   1.3382918E+02   0.0000000E+00
   1.3416292E+02   0.0000000E+00
   1.3449666E+02   0.0000000E+00
   1.3483040E+02   0.0000000E+00
   1.3516414E+02   0.0000000E+00
   1.3549788E+02   0.0000000E+00
   1.3583161E+02   0.0000000E+00
   1.3616535E+02   0.0000000E+00
   1.3649909E+02   0.0000000E+00
   1.3683283E+02   0.0000000E+00
   1.3716657E+02   0.0000000E+00
   1.3750031E+02   0.0000000E+00
   1.3783405E+02   0.0000000E+00
   1.3816778E+02   0.0000000E+00
   1.3850152E+02   0.0000000E+00
   1.3883526E+02   0.0000000E+00
   1.3916900E+02   0.0000000E+00
   1.3950274E+02   0.0000000E+00
   1.3983648E+02   0.0000000E+00
   1.4017022E+02   0.0000000E+00
   1.4050395E+02   0.0000000E+00
   1.4083769E+02   0.0000000E+00
   1.4117143E+02   0.0000000E+00
   1.4150517E+02   0.0000000E+00
   1.4183891E+02   0.0000000E+00
   1.4217265E+02   0.0000000E+00
   1.4250639E+02   0.0000000E+00
   1.4284012E+02   0.0000000E+00
   1.4317386E+02   0.0000000E+00
   1.4350760E+02   0.0000000E+00
   1.4384134E+02   0.0000000E+00
   1.4417508E+02   0.0000000E+00
   1.4450882E+02   0.0000000E+00
   1.4484256E+02   0.0000000E+00
   1.4517629E+02   0.0000000E+00
   1.4551003E+02   0.0000000E+00
   1.4584377E+02   0.0000000E+00
   1.4617751E+02   0.0000000E+00
   1.4651125E+02   0.0000000E+00
   1.4684499E+02   0.0000000E+00
   1.4717873E+02   0.0000000E+00
   1.4751246E+02   0.0000000E+00
   1.4784620E+02   0.0000000E+00
   1.4817994E+02   0.0000000E+00
   1.4851368E+02   0.0000000E+00
   1.4884742E+02   0.0000000E+00
   1.4918116E+02   0.0000000E+00
   1.4951490E+02   0.0000000E+00
   1.4984863E+02   0.0000000E+00
   1.5018237E+02   0.0000000E+00
   1.5051611E+02   0.0000000E+00
   1.5084985E+02   0.0000000E+00
   1.5118359E+02   0.0000000E+00
   1.5151733E+02   0.0000000E+00
   1.5185107E+02   0.0000000E+00
   1.5218480E+02   0.0000000E+00
   1.5251854E+02   0.0000000E+00
   1.5285228E+02   0.0000000E+00
   1.5318602E+02   0.0000000E+00
   1.5351976E+02   1.4012985E-45
   1.5385350E+02   4.2038954E-45
   1.5418724E+02   4.2038954E-45
   1.5452098E+02   9.8090893E-45
   1.5485471E+02   9.8090893E-45
   1.5518845E+02   1.2611686E-44
   1.5552219E+02   1.2611686E-44
   1.5585593E+02   1.2611686E-44
   1.5618967E+02   7.0064923E-45
   1.5652341E+02  -2.8025969E-45
   1.5685715E+02  -1.1210388E-44
   1.5719088E+02  -2.2420775E-44
   1.5752462E+02  -3.3631163E-44
   1.5785836E+02  -4.0637655E-44
   1.5819210E+02  -4.0637655E-44
   1.5852584E+02  -3.2229865E-44
   1.5885958E+02  -1.8216880E-44
   1.5919332E+02   5.6051939E-45
   1.5952705E+02   3.3631163E-44
   1.5986079E+02   7.2867520E-44
   1.6019453E+02   1.0649868E-43
   1.6052827E+02   1.3872855E-43
   1.6086201E+02   1.5974802E-43
   1.6119575E+02   1.6535322E-43
   1.6152949E+02   1.5554413E-43
   1.6186322E+02   1.2471556E-43
   1.6219696E+02   7.4268819E-44
   1.6253070E+02   1.8216880E-44
   1.6286444E+02  -4.9045446E-44
   1.6319818E+02  -1.1490647E-43
   1.6353192E+02  -1.6535322E-43
   1.6386566E+02  -1.9337919E-43
   1.6419939E+02  -1.8777399E-43
   1.6453313E+02  -1.4853764E-43
   1.6486687E+02  -6.7262326E-44
   1.6520061E+02   4.7644148E-44
   1.6553435E+02   1.8777399E-43
   1.6586809E+02   3.3771293E-43
   1.6620183E+02   4.6663239E-43
   1.6653556E+02   5.5491419E-43
   1.6686930E+02   5.8294016E-43
   1.6720304E+02   5.3249342E-43
   1.6753678E+02   3.9096227E-43
   1.6787052E+02   1.7376101E-43
   1.6820426E+02  -1.1490647E-43
   1.6853800E+02  -4.3580382E-43
   1.6887173E+02  -7.4408948E-43
   1.6920547E+02  -9.9071801E-43
   1.6953921E+02  -1.1364531E-42
   1.6987295E+02  -1.1210388E-42
   1.7020669E+02  -9.2906088E-43
   1.7054043E+02  -5.5771679E-43
   1.7087417E+02  -2.3822074E-44
   1.7120790E+02   6.1376873E-43
   1.7154164E+02   1.2793855E-42
   1.7187538E+02   1.8805425E-42
   1.7220912E+02   2.3009321E-42
   1.7254286E+02   2.4438645E-42
   1.7287660E+02   2.2448801E-42
   1.7321034E+02   1.6591374E-42
   1.7354408E+02   7.1886611E-43
   1.7387781E+02  -5.0446745E-43
   1.7421155E+02  -1.8693322E-42
   1.7454529E+02  -3.1893553E-42
   1.7487903E+02  -4.2515395E-42
   1.7521277E+02  -4.8442888E-42
   1.7554651E+02  -4.7952433E-42
   1.7588025E+02  -3.9880954E-42
   1.7621398E+02  -2.4116347E-42
   1.7654772E+02  -1.7235971E-43
   1.7688146E+02   2.5153307E-42
   1.7721520E+02   5.3137238E-42
   1.7754894E+02   7.8094363E-42
   1.7788268E+02   9.5722698E-42
   1.7821642E+02   1.0193045E-41
   1.7855015E+02   9.3830945E-42
   1.7888389E+02   6.9994858E-42
   1.7921763E+02   3.1262969E-42
   1.7955137E+02  -1.9071672E-42
   1.7988511E+02  -7.5417883E-42
   1.8021885E+02  -1.3020865E-41
   1.8055259E+02  -1.7496613E-41
   1.8088632E+02  -2.0100225E-41
   1.8122006E+02  -2.0121245E-41
   1.8155380E+02  -1.7101446E-41
   1.8188754E+02  -1.0965160E-41
   1.8222128E+02  -2.0991451E-42
   1.8255502E+02   8.6305972E-42
   1.8288876E+02   1.9934872E-41
   1.8322249E+02   3.0210594E-41
   1.8355623E+02   3.7728560E-41
   1.8388997E+02   4.0895494E-41
   1.8422371E+02   3.8488064E-41
   1.8455745E+02   2.9912117E-41
   1.8489119E+02   1.5400270E-41
   1.8522493E+02  -3.8787941E-42
   1.8555866E+02  -2.5869371E-41
   1.8589240E+02  -4.7742239E-41
   1.8622614E+02  -6.6223964E-41
   1.8655988E+02  -7.8007483E-41
   1.8689362E+02  -8.0201916E-41
   1.8722736E+02  -7.0886084E-41
   1.8756110E+02  -4.9509276E-41
   1.8789483E+02  -1.7231767E-41
   1.8822857E+02   2.3003716E-41
   1.8856231E+02   6.6567282E-41
   1.8889605E+02   1.0760010E-40
   1.8922979E+02   1.3963659E-40
   1.8956353E+02   1.5648720E-40
   1.8989727E+02   1.5317173E-40
   1.9023100E+02   1.2686095E-40
   1.9056474E+02   7.7637540E-41
   1.9089848E+02   8.9430868E-42
   1.9123222E+02  -7.2361651E-41
   1.9156596E+02  -1.5646759E-40
   1.9189970E+02  -2.3156878E-40
   1.9223344E+02  -2.8525252E-40
   1.9256718E+02  -3.0623696E-40
   1.9290091E+02  -2.8615636E-40
   1.9323465E+02  -2.2126503E-40
   1.9356839E+02  -1.1370556E-40
   1.9390213E+02   2.7833991E-41
   1.9423587E+02   1.8838216E-40
   1.9456961E+02   3.4779387E-40
   1.9490335E+02   4.8286363E-40
   1.9523708E+02   5.7017713E-40
   1.9557082E+02   5.8945059E-40
   1.9590456E+02   5.2693727E-40
   1.9623830E+02   3.7843186E-40
   1.9657204E+02   1.5143132E-40
   1.9690578E+02  -1.3412388E-40
   1.9723952E+02  -4.4671153E-40
   1.9757325E+02  -7.4587334E-40
   1.9790699E+02  -9.8659680E-40
   1.9824073E+02  -1.1249988E-39
   1.9857447E+02  -1.1247662E-39
   1.9890821E+02  -9.6354544E-40
   1.9924195E+02  -6.3833349E-40
   1.9957569E+02  -1.6901341E-40
   1.9990942E+02   4.0081480E-40
   2.0024316E+02   1.0062136E-39
   2.0057690E+02   1.5667161E-39
   2.0091064E+02   1.9952080E-39
   2.0124438E+02   2.2092255E-39
   2.0157812E+02   2.1433673E-39
   2.0191186E+02   1.7613075E-39
   2.0224559E+02   1.0656623E-39
   2.0257933E+02   1.0390348E-40
   2.0291307E+02  -1.0309997E-39
   2.0324681E+02  -2.2063598E-39
   2.0358055E+02  -3.2619636E-39
   2.0391429E+02  -4.0282048E-39
   2.0424803E+02  -4.3484954E-39
   2.0458176E+02  -4.1034882E-39
   2.0491550E+02  -3.2340777E-39
   2.0524924E+02  -1.7597282E-39
   2.0558298E+02   2.1126396E-40
   2.0591672E+02   2.4822531E-39
   2.0625046E+02   4.7812416E-39
   2.0658420E+02   6.7867155E-39
   2.0691793E+02   8.1646893E-39
   2.0725167E+02   8.6138083E-39
   2.0758541E+02   7.9134197E-39
   2.0791915E+02   5.9683838E-39
   2.0825289E+02   2.8438371E-39
   2.0858663E+02  -1.2168357E-39
   2.0892037E+02  -5.7960311E-39
   2.0925410E+02  -1.0331322E-38
   2.0958784E+02  -1.4170348E-38
   2.0992158E+02  -1.6647808E-38
   2.1025532E+02  -1.7177636E-38
   2.1058906E+02  -1.5349765E-38
   2.1092280E+02  -1.1018756E-38
   2.1125654E+02  -4.3702211E-39
   2.1159027E+02   4.0482111E-39
   2.1192401E+02   1.3341997E-38
   2.1225775E+02   2.2336728E-38
   2.1259149E+02   2.9696754E-38
   2.1292523E+02   3.4087532E-38
   2.1325897E+02   3.4366239E-38
   2.1359271E+02   2.9778495E-38
   2.1392645E+02   2.0134097E-38
   2.1426018E+02   5.9330739E-39
   2.1459392E+02  -1.1584938E-38
   2.1492766E+02  -3.0488519E-38
   2.1526140E+02  -4.8309865E-38
   2.1559514E+02  -6.2304656E-38
   2.1592888E+02  -6.9797382E-38
   2.1626262E+02  -6.8577792E-38
   2.1659635E+02  -5.7300580E-38
   2.1693009E+02  -3.5830851E-38
   2.1726383E+02  -5.4765434E-39
   2.1759757E+02   3.0946348E-38
   2.1793131E+02   6.9254524E-38
   2.1826505E+02   1.0426051E-37
   2.1859879E+02   1.3034498E-37
   2.1893252E+02   1.4219250E-37
   2.1926626E+02   1.3561318E-37
   2.1960000E+02   1.0834617E-37
   2.1993374E+02   6.0725112E-38
   2.2026748E+02  -3.9151887E-39
   2.2060122E+02  -7.9196115E-38
   2.2093496E+02  -1.5608673E-37
   2.2126869E+02  -2.2374925E-37
   2.2160243E+02  -2.7079559E-37
   2.2193617E+02  -2.8684367E-37
   2.2226991E+02  -2.6420030E-37
   2.2260365E+02  -1.9944710E-37
   2.2293739E+02  -9.4680906E-38
   2.2327113E+02   4.1832147E-38
   2.2360486E+02   1.9578749E-37
   2.2393860E+02   3.4787528E-37
   2.2427234E+02   4.7572289E-37
   2.2460608E+02   5.5662050E-37
   2.2493982E+02   5.7076801E-37
   2.2527356E+02   5.0465955E-37
   2.2560730E+02   3.5413278E-37
   2.2594103E+02   1.2658245E-37
   2.2627477E+02  -1.5813364E-37
   2.2660851E+02  -4.6845053E-37
   2.2694225E+02  -7.6369134E-37
   2.2727599E+02  -9.9843623E-37
   2.2760973E+02  -1.1283311E-36
   2.2794347E+02  -1.1167297E-36
   2.2827720E+02  -9.4134370E-37
   2.2861094E+02  -5.9992381E-37
   2.2894468E+02  -1.1398045E-37
   2.2927842E+02   4.7033473E-37
   2.2961216E+02   1.0847957E-36
   2.2994590E+02   1.6453224E-36
   2.3027964E+02   2.0615630E-36
   2.3061337E+02   2.2489978E-36
   2.3094711E+02   2.1422203E-36
   2.3128085E+02   1.7076504E-36
   2.3161459E+02   9.5372365E-37
   2.3194833E+02  -6.3350019E-38
   2.3228207E+02  -1.2398369E-36
   2.3261581E+02  -2.4317006E-36
   2.3294955E+02  -3.4688918E-36
   2.3328328E+02  -4.1757815E-36
   2.3361702E+02  -4.3957753E-36
   2.3395076E+02  -4.0171874E-36
   2.3428450E+02  -2.9968243E-36
   2.3461824E+02  -1.3774421E-36
   2.3495198E+02   7.0445431E-37
   2.3528572E+02   3.0231822E-36
   2.3561945E+02   5.2821668E-36
   2.3595319E+02   7.1454975E-36
   2.3628693E+02   8.2802858E-36
   2.3662067E+02   8.4054289E-36
   2.3695441E+02   7.3406688E-36
   2.3728815E+02   5.0488781E-36
   2.3762189E+02   1.6643272E-36
   2.3795562E+02  -2.4994067E-36
   2.3828936E+02  -6.9662978E-36
   2.3862310E+02  -1.1140968E-35
   2.3895684E+02  -1.4375903E-35
   2.3929058E+02  -1.6056878E-35
   2.3962432E+02  -1.5696985E-35
   2.3995806E+02  -1.3027063E-35
   2.4029179E+02  -8.0687356E-36
   2.4062553E+02  -1.1768226E-36
   2.4095927E+02   6.9598349E-36
   2.4129301E+02   1.5365769E-35
   2.4162675E+02   2.2875071E-35
   2.4196049E+02   2.8270022E-35
   2.4229423E+02   3.0448690E-35
   2.4262796E+02   2.8601654E-35
   2.4296170E+02   2.2373740E-35
   2.4329544E+02   1.1984981E-35
   2.4362918E+02  -1.7127715E-36
   2.4396292E+02  -1.7261794E-35
   2.4429666E+02  -3.2715747E-35
   2.4463040E+02  -4.5845195E-35
   2.4496413E+02  -5.4415200E-35
   2.4529787E+02  -5.6505841E-35
   2.4563161E+02  -5.0835768E-35
   2.4596535E+02  -3.7042967E-35
   2.4629909E+02  -1.5875298E-35
   2.4663283E+02   1.0749674E-35
   2.4696657E+02   3.9844173E-35
   2.4730030E+02   6.7618361E-35
   2.4763404E+02   8.9903742E-35
   2.4796778E+02   1.0269432E-34
   2.4830152E+02   1.0274473E-34
   2.4863526E+02   8.8148513E-35
   2.4896900E+02   5.8809936E-35
   2.4930274E+02   1.6726251E-35
   2.4963647E+02  -3.3988228E-35
   2.4997021E+02  -8.7377669E-35
   2.5030395E+02  -1.3622453E-34
   2.5063769E+02  -1.7289510E-34
   2.5097143E+02  -1.9036865E-34
   2.5130517E+02  -1.8332979E-34
   2.5163891E+02  -1.4917686E-34
   2.5197264E+02  -8.8790065E-35
   2.5230638E+02  -6.9146317E-36
   2.5264012E+02   8.7951767E-35
   2.5297386E+02   1.8422277E-34
   2.5330760E+02   2.6842368E-34
   2.5364134E+02   3.2683431E-34
   2.5397508E+02   3.4740450E-34
   2.5430882E+02   3.2170794E-34
   2.5464255E+02   2.4666342E-34
   2.5497629E+02   1.2574272E-34
   2.5531003E+02  -3.0576967E-35
   2.5564377E+02  -2.0529045E-34
   2.5597751E+02  -3.7633585E-34
   2.5631125E+02  -5.1899224E-34
   2.5664499E+02  -6.0899603E-34
   2.5697872E+02  -6.2603707E-34
   2.5731246E+02  -5.5719194E-34
   2.5764620E+02  -3.9980198E-34
   2.5797994E+02  -1.6331083E-34
   2.5831368E+02   1.3034586E-34
   2.5864742E+02   4.4805469E-34
   2.5898116E+02   7.4859852E-34
   2.5931489E+02   9.8730266E-34
   2.5964863E+02   1.1218190E-33
   2.5998237E+02   1.1183965E-33
   2.6031611E+02   9.5782145E-34
   2.6064985E+02   6.4015209E-34
   2.6098359E+02   1.8741560E-34
   2.6131733E+02  -3.5639198E-34
   2.6165106E+02  -9.2837385E-34
   2.6198480E+02  -1.4528626E-33
   2.6231854E+02  -1.8501785E-33
   2.6265228E+02  -2.0471539E-33
   2.6298602E+02  -1.9881996E-33
   2.6331976E+02  -1.6454515E-33
   2.6365350E+02  -1.0264567E-33
   2.6398723E+02  -1.7800552E-34
   2.6432097E+02   8.1494525E-34
   2.6465471E+02   1.8357734E-33
   2.6498845E+02   2.7479421E-33
   2.6532219E+02   3.4110840E-33
   2.6565593E+02   3.6997818E-33
   2.6598967E+02   3.5228093E-33
   2.6632340E+02   2.8402579E-33
   2.6665714E+02   1.6759073E-33
   2.6699088E+02   1.2251163E-34
   2.6732462E+02  -1.6616435E-33
   2.6765836E+02  -3.4655961E-33
   2.6799210E+02  -5.0474431E-33
   2.6832584E+02  -6.1631382E-33
   2.6865957E+02  -6.5993517E-33
   2.6899331E+02  -6.2064228E-33
   2.6932705E+02  -4.9269384E-33
   2.6966079E+02  -2.8155103E-33
   2.6999453E+02  -4.5906797E-35
   2.7032827E+02   3.0970000E-33
   2.7066201E+02   6.2413328E-33
   2.7099574E+02   8.9670963E-33
   2.7132948E+02   1.0856469E-32
   2.7166322E+02   1.1550128E-32
   2.7199696E+02   1.0802781E-32
   2.7233070E+02   8.5302936E-33
   2.7266444E+02   4.8410777E-33
   2.7299818E+02   4.5557753E-35
   2.7333192E+02  -5.3602359E-33
   2.7366565E+02  -1.0737892E-32
   2.7399939E+02  -1.5374123E-32
   2.7433313E+02  -1.8566450E-32
   2.7466687E+02  -1.9717807E-32
   2.7500061E+02  -1.8428470E-32
   2.7533435E+02  -1.4572714E-32
   2.7566809E+02  -8.3482323E-33
   2.7600182E+02  -2.8839532E-34
   2.7633556E+02   8.7685274E-33
   2.7666930E+02   1.7754217E-32
   2.7700304E+02   2.5484365E-32
   2.7733678E+02   3.0801379E-32
   2.7767052E+02   3.2730012E-32
   2.7800426E+02   3.0626912E-32
   2.7833799E+02   2.4303428E-32
   2.7867173E+02   1.4102426E-32
   2.7900547E+02   9.1368467E-34
   2.7933921E+02  -1.3881051E-32
   2.7967295E+02  -2.8534082E-32
   2.8000669E+02  -4.1120118E-32
   2.8034043E+02  -4.9769103E-32
   2.8067416E+02  -5.2917658E-32
   2.8100790E+02  -4.9548157E-32
   2.8134164E+02  -3.9382352E-32
   2.8167538E+02  -2.2999246E-32
   2.8200912E+02  -1.8532073E-33
   2.8234286E+02   2.1820900E-32
   2.8267660E+02   4.5215328E-32
   2.8301033E+02   6.5254812E-32
   2.8334407E+02   7.8970016E-32
   2.8367781E+02   8.3897371E-32
   2.8401155E+02   7.8455526E-32
   2.8434529E+02   6.2246617E-32
   2.8467903E+02   3.6234566E-32
   2.8501277E+02   2.7641099E-33
   2.8534650E+02  -3.4598969E-32
   2.8568024E+02  -7.1404241E-32
   2.8601398E+02  -1.0280427E-31
   2.8634772E+02  -1.2414557E-31
   2.8668146E+02  -1.3159623E-31
   2.8701520E+02  -1.2273164E-31
   2.8734894E+02  -9.6997968E-32
   2.8768267E+02  -5.5979404E-32
   2.8801641E+02  -3.4139133E-33
   2.8835015E+02   5.5070112E-32
   2.8868389E+02   1.1249113E-31
   2.8901763E+02   1.6128377E-31
   2.8935137E+02   1.9422303E-31
   2.8968511E+02   2.0539921E-31
   2.9001884E+02   1.9112146E-31
   2.9035258E+02   1.5062439E-31
   2.9068632E+02   8.6466214E-32
   2.9102006E+02   4.5349147E-33
   2.9135380E+02  -8.6378058E-32
   2.9168754E+02  -1.7542454E-31
   2.9202128E+02  -2.5089932E-31
   2.9235501E+02  -3.0167158E-31
   2.9268875E+02  -3.1868616E-31
   2.9302249E+02  -2.9634532E-31
   2.9335623E+02  -2.3357985E-31
   2.9368997E+02  -1.3444044E-31
   2.9402371E+02  -8.0829034E-33
   2.9435745E+02   1.3190904E-31
   2.9469119E+02   2.6884289E-31
   2.9502492E+02   3.8476897E-31
   2.9535866E+02   4.6267810E-31
   2.9569240E+02   4.8879378E-31
   2.9602614E+02   4.5467096E-31
   2.9635988E+02   3.5881074E-31
   2.9669362E+02   2.0753409E-31
   2.9702736E+02   1.4928834E-32
   2.9736109E+02  -1.9821252E-31
   2.9769483E+02  -4.0642684E-31
   2.9802857E+02  -5.8241513E-31
   2.9836231E+02  -7.0039090E-31
   2.9869605E+02  -7.3955616E-31
   2.9902979E+02  -6.8727149E-31
   2.9936353E+02  -5.4147647E-31
   2.9969726E+02  -3.1197761E-31
   3.0003100E+02  -2.0328226E-32
   3.0036474E+02   3.0182101E-31
   3.0069848E+02   6.1583289E-31
   3.0103222E+02   8.8039627E-31
   3.0136596E+02   1.0565972E-30
   3.0169970E+02   1.1131695E-30
   3.0203343E+02   1.0312587E-30
   3.0236717E+02   8.0804601E-31
   3.0270091E+02   4.5865340E-31
   3.0303465E+02   1.5919200E-32
   3.0336839E+02  -4.7212691E-31
   3.0370213E+02  -9.4698126E-31
   3.0403587E+02  -1.3461810E-30
   3.0436960E+02  -1.6109428E-30
   3.0470334E+02  -1.6940574E-30
   3.0503708E+02  -1.5670438E-30
   3.0537082E+02  -1.2255846E-30
   3.0570456E+02  -6.9237576E-31
   3.0603830E+02  -1.6796947E-32
   3.0637204E+02   7.2885709E-31
   3.0670577E+02   1.4564187E-30
   3.0703951E+02   2.0715667E-30
   3.0737325E+02   2.4852217E-30
   3.0770699E+02   2.6253322E-30
   3.0804073E+02   2.4475711E-30
   3.0837447E+02   1.9435033E-30
   3.0870821E+02   1.1449463E-30
   3.0904194E+02   1.2364736E-31
   3.0937568E+02  -1.0141072E-30
   3.0970942E+02  -2.1377019E-30
   3.1004316E+02  -3.1063561E-30
   3.1037690E+02  -3.7857964E-30
   3.1071064E+02  -4.0655460E-30
   3.1104438E+02  -3.8747164E-30
   3.1137811E+02  -3.1941909E-30
   3.1171185E+02  -2.0633693E-30
   3.1204559E+02  -5.8019660E-31
   3.1237933E+02   1.1060721E-30
   3.1271307E+02   2.8090489E-30
   3.1304681E+02   4.3250921E-30
   3.1338055E+02   5.4568731E-30
   3.1371429E+02   6.0379352E-30
   3.1404802E+02   5.9553335E-30
   3.1438176E+02   5.1673302E-30
   3.1471550E+02   3.7136680E-30
   3.1504924E+02   1.7165703E-30
   3.1538298E+02  -6.2825998E-31
   3.1571672E+02  -3.0702082E-30
   3.1605046E+02  -5.3302402E-30
   3.1638419E+02  -7.1325439E-30
   3.1671793E+02  -8.2377613E-30
   3.1705167E+02  -8.4738307E-30
   3.1738541E+02  -7.7604851E-30
   3.1771915E+02  -6.1240871E-30
   3.1805289E+02  -3.7004118E-30
   3.1838663E+02  -7.2443253E-31
   3.1872036E+02   2.4923520E-30
   3.1905410E+02   5.5948400E-30
   3.1938784E+02   8.2240067E-30
   3.1972158E+02   1.0058822E-29
   3.2005532E+02   1.0855409E-29
   3.2038906E+02   1.0478603E-29
   3.2072280E+02   8.9218291E-30
   3.2105653E+02   6.3125265E-30
   3.2139027E+02   2.9020243E-30
   3.2172401E+02  -9.5934257E-31
   3.2205775E+02  -4.8592424E-30
   3.2239149E+02  -8.3683371E-30
   3.2272523E+02  -1.1088062E-29
   3.2305897E+02  -1.2695643E-29
   3.2339270E+02  -1.2981025E-29
   3.2372644E+02  -1.1871492E-29
   3.2406018E+02  -9.4411847E-30
   3.2439392E+02  -5.9046093E-30
   3.2472766E+02  -1.5951756E-30
   3.2506140E+02   3.0684006E-30
   3.2539514E+02   7.6238952E-30
   3.2572887E+02   1.1610494E-29
   3.2606261E+02   1.4612169E-29
   3.2639635E+02   1.6295132E-29
   3.2673009E+02   1.6436330E-29
   3.2706383E+02   1.4941140E-29
   3.2739757E+02   1.1850341E-29
   3.2773131E+02   7.3372033E-30
   3.2806504E+02   1.6967759E-30
   3.2839878E+02  -4.6704809E-30
   3.2873252E+02  -1.1279073E-29
   3.2906626E+02  -1.7581450E-29
   3.2940000E+02  -2.2994310E-29
   3.2973374E+02  -2.6928684E-29
   3.3006748E+02  -2.8825998E-29
   3.3040121E+02  -2.8201341E-29
   3.3073495E+02  -2.4694645E-29
   3.3106869E+02  -1.8128360E-29
   3.3140243E+02  -8.5674211E-30
   3.3173617E+02   3.6252923E-30
   3.3206991E+02   1.7748155E-29
   3.3240365E+02   3.2745877E-29
   3.3273739E+02   4.7232282E-29
   3.3307112E+02   5.9560629E-29
   3.3340486E+02   6.7946802E-29
   3.3373860E+02   7.0644266E-29
   3.3407234E+02   6.6161195E-29
   3.3440608E+02   5.3501046E-29
   3.3473982E+02   3.2399540E-29
   3.3507356E+02   3.5242306E-30
   3.3540729E+02  -3.1399760E-29
   3.3574103E+02  -6.9572522E-29
   3.3607477E+02  -1.0723775E-28
   3.3640851E+02  -1.3994987E-28
   3.3674225E+02  -1.6298643E-28
   3.3707599E+02  -1.7187941E-28
   3.3740973E+02  -1.6301872E-28
   3.3774346E+02  -1.3426098E-28
   3.3807720E+02  -8.5464207E-29
   3.3841094E+02  -1.8863033E-29
   3.3874468E+02   6.0792906E-29
   3.3907842E+02   1.4639806E-28
   3.3941216E+02   2.2897747E-28
   3.3974590E+02   2.9849083E-28
   3.4007963E+02   3.4490254E-28
   3.4041337E+02   3.5941902E-28
   3.4074711E+02   3.3575940E-28
   3.4108085E+02   2.7129810E-28
   3.4141459E+02   1.6791395E-28
   3.4174833E+02   3.2390194E-29
   3.4208207E+02  -1.2374806E-28
   3.4241580E+02  -2.8501869E-28
   3.4274954E+02  -4.3337165E-28
   3.4308328E+02  -5.5008551E-28
   3.4341702E+02  -6.1799076E-28
   3.4375076E+02  -6.2377732E-28
   3.4408450E+02  -5.6009586E-28
   3.4441824E+02  -4.2715566E-28
   3.4475197E+02  -2.3355242E-28
   3.4508571E+02   3.8751396E-30
   3.4541945E+02   2.6125514E-28
   3.4575319E+02   5.0992525E-28
   3.4608693E+02   7.1953234E-28
   3.4642067E+02   8.6168311E-28
   3.4675441E+02   9.1372819E-28
   3.4708814E+02   8.6219897E-28
   3.4742188E+02   7.0540949E-28
   3.4775562E+02   4.5479025E-28
   3.4808936E+02   1.3464740E-28
   3.4842310E+02  -2.1978999E-28
   3.4875684E+02  -5.6594896E-28
   3.4909058E+02  -8.5881309E-28
   3.4942431E+02  -1.0566302E-27
   3.4975805E+02  -1.1267373E-27
   3.5009179E+02  -1.0507531E-27
   3.5042553E+02  -8.2835788E-28
   3.5075927E+02  -4.7902683E-28
   3.5109301E+02  -4.1262134E-29
   3.5142675E+02   4.3081637E-28
   3.5176048E+02   8.7333970E-28
   3.5209422E+02   1.2204695E-27
   3.5242796E+02   1.4132357E-27
   3.5276170E+02   1.4083447E-27
   3.5309544E+02   1.1857634E-27
   3.5342918E+02   7.5393031E-28
   3.5376292E+02   1.5163858E-28
   3.5409666E+02  -5.5399856E-28
   3.5443039E+02  -1.2736419E-27
   3.5476413E+02  -1.9054743E-27
   3.5509787E+02  -2.3476720E-27
   3.5543161E+02  -2.5122219E-27
   3.5576535E+02  -2.3383682E-27
   3.5609909E+02  -1.8038632E-27
   3.5643283E+02  -9.3231515E-28
   3.5676656E+02   2.0475014E-28
   3.5710030E+02   1.4919055E-27
   3.5743404E+02   2.7800102E-27
   3.5776778E+02   3.9018420E-27
   3.5810152E+02   4.6916713E-27
   3.5843526E+02   5.0066436E-27
   3.5876900E+02   4.7473526E-27
   3.5910273E+02   3.8749171E-27
   3.5943647E+02   2.4220306E-27
   3.5977021E+02   4.9604926E-28
   3.6010395E+02  -1.7269906E-27
   3.6043769E+02  -4.0174479E-27
   3.6077143E+02  -6.1151176E-27
   3.6110517E+02  -7.7580079E-27
   3.6143890E+02  -8.7136982E-27
   3.6177264E+02  -8.8095934E-27
   3.6210638E+02  -7.9581975E-27
   3.6244012E+02  -6.1739409E-27
   3.6277386E+02  -3.5788859E-27
   3.6310760E+02  -3.9580480E-28
   3.6344134E+02   3.0712570E-27
   3.6377507E+02   6.4673883E-27
   3.6410881E+02   9.4250420E-27
   3.6444255E+02   1.1605850E-26
   3.6477629E+02   1.2741068E-26
   3.6511003E+02   1.2665551E-26
   3.6544377E+02   1.1340817E-26
   3.6577751E+02   8.8637921E-27
   3.6611124E+02   5.4596096E-27
   3.6644498E+02   1.4586943E-27
   3.6677872E+02  -2.7394936E-27
   3.6711246E+02  -6.7119614E-27
   3.6744620E+02  -1.0061419E-26
   3.6777994E+02  -1.2463007E-26
   3.6811368E+02  -1.3702443E-26
   3.6844741E+02  -1.3700368E-26
   3.6878115E+02  -1.2519361E-26
   3.6911489E+02  -1.0352396E-26
   3.6944863E+02  -7.4938574E-27
   3.6978237E+02  -4.2969042E-27
   3.7011611E+02  -1.1228684E-27
   3.7044985E+02   1.7101301E-27
   3.7078358E+02   3.9719081E-27
   3.7111732E+02   5.5512905E-27
   3.7145106E+02   6.4683705E-27
   3.7178480E+02   6.8652654E-27
   3.7211854E+02   6.9757914E-27
   3.7245228E+02   7.0776932E-27
   3.7278602E+02   7.4340834E-27
   3.7311976E+02   8.2328636E-27
   3.7345349E+02   9.5339603E-27
   3.7378723E+02   1.1233809E-26
   3.7412097E+02   1.3055056E-26
   3.7445471E+02   1.4565737E-26
   3.7478845E+02   1.5229015E-26
   3.7512219E+02   1.4479049E-26
   3.7545593E+02   1.1815039E-26
   3.7578966E+02   6.9011940E-27
   3.7612340E+02  -3.4154596E-28
   3.7645714E+02  -9.6669118E-27
   3.7679088E+02  -2.0470831E-26
   3.7712462E+02  -3.1805060E-26
   3.7745836E+02  -4.2441191E-26
   3.7779210E+02  -5.0982866E-26
   3.7812583E+02  -5.6017654E-26
   3.7845957E+02  -5.6293589E-26
   3.7879331E+02  -5.0900298E-26
   3.7912705E+02  -3.9432038E-26
   3.7946079E+02  -2.2110363E-26
   3.7979453E+02   1.5367688E-28
   3.8012827E+02   2.5772386E-26
   3.8046200E+02   5.2574633E-26
   3.8079574E+02   7.7977840E-26
   3.8112948E+02   9.9224958E-26
   3.8146322E+02   1.1366606E-25
   3.8179696E+02   1.1905591E-25
   3.8213070E+02   1.1383518E-25
   3.8246444E+02   9.7363234E-26
   3.8279817E+02   7.0072061E-26
   3.8313191E+02   3.3519578E-26
   3.8346565E+02  -9.6719370E-27
   3.8379939E+02  -5.5992453E-26
   3.8413313E+02  -1.0132741E-25
   3.8446687E+02  -1.4132251E-25
   3.8480061E+02  -1.7180062E-25
   3.8513434E+02  -1.8919019E-25
   3.8546808E+02  -1.9092335E-25
   3.8580182E+02  -1.7576143E-25
   3.8613556E+02  -1.4401178E-25
   3.8646930E+02  -9.7606148E-26
   3.8680304E+02  -4.0022716E-26
   3.8713678E+02   2.3950911E-26
   3.8747051E+02   8.8604499E-26
   3.8780425E+02   1.4781615E-25
   3.8813799E+02   1.9564781E-25
   3.8847173E+02   2.2697495E-25
   3.8880547E+02   2.3809045E-25
   3.8913921E+02   2.2721783E-25
   3.8947295E+02   1.9486981E-25
   3.8980668E+02   1.4399596E-25
   3.9014042E+02   7.9871908E-26
   3.9047416E+02   9.7098115E-27
   3.9080790E+02  -5.8012942E-26
   3.9114164E+02  -1.1446802E-25
   3.9147538E+02  -1.5157187E-25
   3.9180912E+02  -1.6315478E-25
   3.9214285E+02  -1.4607625E-25
   3.9247659E+02  -1.0113436E-25
   3.9281033E+02  -3.3610781E-26
   3.9314407E+02   4.6687987E-26
   3.9347781E+02   1.2600882E-25
   3.9381155E+02   1.8789062E-25
   3.9414529E+02   2.1504691E-25
   3.9447903E+02   1.9176713E-25
   3.9481276E+02   1.0662743E-25
   3.9514650E+02  -4.4797463E-26
   3.9548024E+02  -2.5758912E-25
   3.9581398E+02  -5.1591513E-25
   3.9614772E+02  -7.9262279E-25
   3.9648146E+02  -1.0503111E-24
   3.9681520E+02  -1.2440725E-24
   3.9714893E+02  -1.3258962E-24
   3.9748267E+02  -1.2505249E-24
   3.9781641E+02  -9.8227974E-25
   3.9815015E+02  -5.0217633E-25
   3.9848389E+02   1.8556649E-25
   3.9881763E+02   1.0486007E-24
   3.9915137E+02   2.0240924E-24
   3.9948510E+02   3.0197840E-24
   3.9981884E+02   3.9190491E-24
   4.0015258E+02   4.5901095E-24
   4.0048632E+02   4.8990960E-24
   4.0082006E+02   4.7260633E-24
   4.0115380E+02   3.9825461E-24
   4.0148754E+02   2.6287427E-24
   4.0182127E+02   6.8816725E-25
   4.0215501E+02  -1.7425576E-24
   4.0248875E+02  -4.4908360E-24
   4.0282249E+02  -7.3137914E-24
   4.0315623E+02  -9.9134107E-24
   4.0348997E+02  -1.1960919E-23
   4.0382371E+02  -1.3129193E-23
   4.0415744E+02  -1.3130639E-23
   4.0449118E+02  -1.1757036E-23
   4.0482492E+02  -8.9169263E-24
   4.0515866E+02  -4.6657356E-24
   4.0549240E+02   7.7611489E-25
   4.0582614E+02   7.0211460E-24
   4.0615988E+02   1.3531672E-23
   4.0649361E+02   1.9656525E-23
   4.0682735E+02   2.4686531E-23
   4.0716109E+02   2.7925095E-23
   4.0749483E+02   2.8768116E-23
   4.0782857E+02   2.6785232E-23
   4.0816231E+02   2.1793229E-23
   4.0849605E+02   1.3912009E-23
   4.0882978E+02   3.5939174E-24
   4.0916352E+02  -8.3806579E-24
   4.0949726E+02  -2.0945810E-23
   4.0983100E+02  -3.2831245E-23
   4.1016474E+02  -4.2677987E-23
   4.1049848E+02  -4.9180056E-23
   4.1083222E+02  -5.1239242E-23
   4.1116595E+02  -4.8116700E-23
   4.1149969E+02  -3.9563378E-23
   4.1183343E+02  -2.5911050E-23
   4.1216717E+02  -8.1081341E-24
   4.1250091E+02   1.2311268E-23
   4.1283465E+02   3.3330503E-23
   4.1316839E+02   5.2623018E-23
   4.1350213E+02   6.7783561E-23
   4.1383586E+02   7.6598608E-23
   4.1416960E+02   7.7329308E-23
   4.1450334E+02   6.8975751E-23
   4.1483708E+02   5.1488995E-23
   4.1517082E+02   2.5899446E-23
   4.1550456E+02  -5.6644157E-24
   4.1583830E+02  -4.0083159E-23
   4.1617203E+02  -7.3483611E-23
   4.1650577E+02  -1.0159523E-22
   4.1683951E+02  -1.2020055E-22
   4.1717325E+02  -1.2563977E-22
   4.1750699E+02  -1.1531925E-22
   4.1784073E+02  -8.8166357E-23
   4.1817447E+02  -4.4972465E-23
   4.1850820E+02   1.1429668E-23
   4.1884194E+02   7.6195469E-23
   4.1917568E+02   1.4273032E-22
   4.1950942E+02   2.0318517E-22
   4.1984316E+02   2.4916425E-22
   4.2017690E+02   2.7259751E-22
   4.2051064E+02   2.6670572E-22
   4.2084437E+02   2.2696904E-22
   4.2117811E+02   1.5199550E-22
   4.2151185E+02   4.4182234E-23
   4.2184559E+02  -8.9930661E-23
   4.2217933E+02  -2.3969974E-22
   4.2251307E+02  -3.9086856E-22
   4.2284681E+02  -5.2653070E-22
   4.2318054E+02  -6.2854347E-22
   4.2351428E+02  -6.7931905E-22
   4.2384802E+02  -6.6387181E-22
   4.2418176E+02  -5.7194612E-22
   4.2451550E+02  -4.0001276E-22
   4.2484924E+02  -1.5288988E-22
   4.2518298E+02   1.5526375E-22
   4.2551671E+02   5.0081909E-22
   4.2585045E+02   8.5160385E-22
   4.2618419E+02   1.1689967E-21
   4.2651793E+02   1.4111940E-21
   4.2685167E+02   1.5375113E-21
   4.2718541E+02   1.5134284E-21
   4.2751915E+02   1.3159240E-21
   4.2785288E+02   9.3850305E-22
   4.2818662E+02   3.9521664E-22
   4.2852036E+02  -2.7705997E-22
   4.2885410E+02  -1.0187766E-21
   4.2918784E+02  -1.7508083E-21
   4.2952158E+02  -2.3807583E-21
   4.2985532E+02  -2.8123345E-21
   4.3018905E+02  -2.9572234E-21
   4.3052279E+02  -2.7484021E-21
   4.3085653E+02  -2.1533696E-21
   4.3119027E+02  -1.1854536E-21
   4.3152401E+02   8.8822835E-23
   4.3185775E+02   1.5482079E-21
   4.3219149E+02   3.0225236E-21
   4.3252522E+02   4.3065757E-21
   4.3285896E+02   5.1819396E-21
   4.3319270E+02   5.4451918E-21
   4.3352644E+02   4.9399044E-21
   4.3386018E+02   3.5885801E-21
   4.3419392E+02   1.4198856E-21
   4.3452766E+02  -1.4137519E-21
   4.3486140E+02  -4.6327474E-21
   4.3519513E+02  -7.8445932E-21
   4.3552887E+02  -1.0577267E-20
   4.3586261E+02  -1.2330840E-20
   4.3619635E+02  -1.2643443E-20
   4.3653009E+02  -1.1164859E-20
   4.3686383E+02  -7.7285585E-21
   4.3719757E+02  -2.4114080E-21
   4.3753130E+02   4.4299347E-21
   4.3786504E+02   1.2155688E-20
   4.3819878E+02   1.9879318E-20
   4.3853252E+02   2.6545770E-20
   4.3886626E+02   3.1047927E-20
   4.3920000E+02   3.2371429E-20
   4.3953374E+02   2.9752207E-20
   4.3986747E+02   2.2826204E-20
   4.4020121E+02   1.1748648E-20
   4.4053495E+02  -2.7394360E-21
   4.4086869E+02  -1.9315879E-20
   4.4120243E+02  -3.6164239E-20
   4.4153617E+02  -5.1143925E-20
   4.4186991E+02  -6.2032794E-20
   4.4220364E+02  -6.6818965E-20
   4.4253738E+02  -6.4008128E-20
   4.4287112E+02  -5.2904860E-20
   4.4320486E+02  -3.3823984E-20
   4.4353860E+02  -8.1912578E-21
   4.4387234E+02   2.1497135E-20
   4.4420608E+02   5.1871378E-20
   4.4453981E+02   7.9035414E-20
   4.4487355E+02   9.9037023E-20
   4.4520729E+02   1.0841078E-19
   4.4554103E+02   1.0472674E-19
   4.4587477E+02   8.7067299E-20
   4.4620851E+02   5.6354794E-20
   4.4654225E+02   1.5463062E-20
   4.4687598E+02  -3.0931466E-20
   4.4720972E+02  -7.6771705E-20
   4.4754346E+02  -1.1529007E-19
   4.4787720E+02  -1.3986264E-19
   4.4821094E+02  -1.4494938E-19
   4.4854468E+02  -1.2699615E-19
   4.4887842E+02  -8.5167214E-20
   4.4921215E+02  -2.1782389E-20
   4.4954589E+02   5.7637273E-20
   4.4987963E+02   1.4476693E-19
   4.5021337E+02   2.2931313E-19
   4.5054711E+02   3.0021693E-19
   4.5088085E+02   3.4709520E-19
   4.5121459E+02   3.6174201E-19
   4.5154832E+02   3.3948524E-19
   4.5188206E+02   2.8019197E-19
   4.5221580E+02   1.8874771E-19
   4.5254954E+02   7.4890813E-20
   4.5288328E+02  -4.7633208E-20
   4.5321702E+02  -1.6254148E-19
   4.5355076E+02  -2.5295374E-19
   4.5388450E+02  -3.0357037E-19
   4.5421823E+02  -3.0280048E-19
   4.5455197E+02  -2.4453705E-19
   4.5488571E+02  -1.2930131E-19
   4.5521945E+02   3.5450221E-20
   4.5555319E+02   2.3595764E-19
   4.5588693E+02   4.5369833E-19
   4.5622067E+02   6.6767114E-19
   4.5655440E+02   8.5713189E-19
   4.5688814E+02   1.0044014E-18
   4.5722188E+02   1.0973171E-18
   4.5755562E+02   1.1309209E-18
   4.5788936E+02   1.1080497E-18
   4.5822310E+02   1.0386165E-18
   4.5855684E+02   9.3755246E-19
   4.5889057E+02   8.2154451E-19
   4.5922431E+02   7.0488806E-19
   4.5955805E+02   5.9491471E-19
   4.5989179E+02   4.8752598E-19
   4.6022553E+02   3.6339590E-19
   4.6055927E+02   1.8531446E-19
   4.6089301E+02  -1.0298259E-19
   4.6122674E+02  -5.7638162E-19
   4.6156048E+02  -1.3264655E-18
   4.6189422E+02  -2.4584842E-18
   4.6222796E+02  -4.0878261E-18
   4.6256170E+02  -6.3368086E-18
   4.6289544E+02  -9.3326818E-18
   4.6322918E+02  -1.3207788E-17
   4.6356291E+02  -1.8102576E-17
   4.6389665E+02  -2.4172173E-17
   4.6423039E+02  -3.1596509E-17
   4.6456413E+02  -4.0594163E-17
   4.6489787E+02  -5.1438948E-17
   4.6523161E+02  -6.4478643E-17
   4.6556535E+02  -8.0154470E-17
   4.6589908E+02  -9.9020004E-17
   4.6623282E+02  -1.2175842E-16
   4.6656656E+02  -1.4919685E-16
   4.6690030E+02  -1.8231725E-16
   4.6723404E+02  -2.2226325E-16
   4.6756778E+02  -2.7034269E-16
   4.6790152E+02  -3.2802674E-16
   4.6823525E+02  -3.9694460E-16
   4.6856899E+02  -4.7887474E-16
   4.6890273E+02  -5.7573232E-16
   4.6923647E+02  -6.8955131E-16
   4.6957021E+02  -8.2246068E-16
   4.6990395E+02  -9.7664921E-16
   4.7023769E+02  -1.1543170E-15
   4.7057142E+02  -1.3576066E-15
   4.7090516E+02  -1.5885016E-15
   4.7123890E+02  -1.8486871E-15
   4.7157264E+02  -2.1393549E-15
   4.7190638E+02  -2.4609390E-15
   4.7224012E+02  -2.8127645E-15
   4.7257386E+02  -3.1925911E-15
   4.7290760E+02  -3.5960220E-15
   4.7324133E+02  -4.0157548E-15
   4.7357507E+02  -4.4406210E-15
   4.7390881E+02  -4.8544068E-15
   4.7424255E+02  -5.2343544E-15
   4.7457629E+02  -5.5493156E-15
   4.7491003E+02  -5.7574536E-15
   4.7524377E+02  -5.8034458E-15
   4.7557750E+02  -5.6150017E-15
   4.7591124E+02  -5.0986132E-15
   4.7624498E+02  -4.1343856E-15
   4.7657872E+02  -2.5697243E-15
   4.7691246E+02  -2.1166549E-16
   4.7724620E+02   3.1823951E-15
   4.7757994E+02   7.9158981E-15
   4.7791367E+02   1.4366582E-14
   4.7824741E+02   2.3002599E-14
   4.7858115E+02   3.4401850E-14
   4.7891489E+02   4.9275003E-14
   4.7924863E+02   6.8492900E-14
   4.7958237E+02   9.3118994E-14
   4.7991611E+02   1.2444782E-13
   4.8024984E+02   1.6405066E-13
   4.8058358E+02   2.1382914E-13
   4.8091732E+02   2.7607869E-13
   4.8125106E+02   3.5356239E-13
   4.8158480E+02   4.4959918E-13
   4.8191854E+02   5.6816498E-13
   4.8225228E+02   7.1401327E-13
   4.8258601E+02   8.9281447E-13
   4.8291975E+02   1.1113172E-12
   4.8325349E+02   1.3775403E-12
   4.8358723E+02   1.7009916E-12
   4.8392097E+02   2.0929233E-12
   4.8425471E+02   2.5666275E-12
   4.8458845E+02   3.1377784E-12
   4.8492218E+02   3.8248228E-12
   4.8525592E+02   4.6494384E-12
   4.8558966E+02   5.6370477E-12
   4.8592340E+02   6.8174173E-12
   4.8625714E+02   8.2253379E-12
   4.8659088E+02   9.9014096E-12
   4.8692462E+02   1.1892928E-11
   4.8725835E+02   1.4254897E-11
   4.8759209E+02   1.7051183E-11
   4.8792583E+02   2.0355833E-11
   4.8825957E+02   2.4254522E-11
   4.8859331E+02   2.8846245E-11
   4.8892705E+02   3.4245225E-11
   4.8926079E+02   4.0583006E-11
   4.8959452E+02   4.8010866E-11
   4.8992826E+02   5.6702483E-11
   4.9026200E+02   6.6856937E-11
   4.9059574E+02   7.8702059E-11
   4.9092948E+02   9.2498210E-11
   4.9126322E+02   1.0854243E-10
   4.9159696E+02   1.2717295E-10
   4.9193069E+02   1.4877458E-10
   4.9226443E+02   1.7378400E-10
   4.9259817E+02   2.0269640E-10
   4.9293191E+02   2.3607202E-10
   4.9326565E+02   2.7454400E-10
   4.9359939E+02   3.1882644E-10
   4.9393313E+02   3.6972339E-10
   4.9426687E+02   4.2813919E-10
   4.9460060E+02   4.9508858E-10
   4.9493434E+02   5.7170874E-10
   4.9526808E+02   6.5927169E-10
   4.9560182E+02   7.5919815E-10
   4.9593556E+02   8.7307178E-10
   4.9626930E+02   1.0026553E-09
   4.9660304E+02   1.1499068E-09
   4.9693677E+02   1.3169982E-09
   4.9727051E+02   1.5063328E-09
   4.9760425E+02   1.7205676E-09
   4.9793799E+02   1.9626323E-09
   4.9827173E+02   2.2357531E-09
   4.9860547E+02   2.5434748E-09
   4.9893921E+02   2.8896860E-09
   4.9927294E+02   3.2786431E-09
   4.9960668E+02   3.7149954E-09
   4.9994042E+02   4.2038155E-09
   5.0027416E+02   4.7506190E-09
   5.0060790E+02   5.3614007E-09
   5.0094164E+02   6.0426526E-09
   5.0127538E+02   6.8013968E-09
   5.0160911E+02   7.6452089E-09
   5.0194285E+02   8.5822469E-09
   5.0227659E+02   9.6212727E-09
   5.0261033E+02   1.0771675E-08
   5.0294407E+02   1.2043490E-08
   5.0327781E+02   1.3447418E-08
   5.0361155E+02   1.4994850E-08
   5.0394528E+02   1.6697852E-08
   5.0427902E+02   1.8569210E-08
   5.0461276E+02   2.0622403E-08
   5.0494650E+02   2.2871596E-08
   5.0528024E+02   2.5331664E-08
   5.0561398E+02   2.8018146E-08
   5.0594772E+02   3.0947241E-08
   5.0628145E+02   3.4135724E-08
   5.0661519E+02   3.7600991E-08
   5.0694893E+02   4.1360941E-08
   5.0728267E+02   4.5433925E-08
   5.0761641E+02   4.9838668E-08
   5.0795015E+02   5.4594206E-08
   5.0828389E+02   5.9719767E-08
   5.0861762E+02   6.5234630E-08
   5.0895136E+02   7.1158077E-08
   5.0928510E+02   7.7509128E-08
   5.0961884E+02   8.4306492E-08
   5.0995258E+02   9.1568310E-08
   5.1028632E+02   9.9312018E-08
   5.1062006E+02   1.0755417E-07
   5.1095379E+02   1.1631006E-07
   5.1128753E+02   1.2559364E-07
   5.1162127E+02   1.3541721E-07
   5.1195501E+02   1.4579112E-07
   5.1228875E+02   1.5672359E-07
   5.1262249E+02   1.6822020E-07
   5.1295623E+02   1.8028385E-07
   5.1328997E+02   1.9291417E-07
   5.1362370E+02   2.0610747E-07
   5.1395744E+02   2.1985609E-07
   5.1429118E+02   2.3414844E-07
   5.1462492E+02   2.4896826E-07
   5.1495866E+02   2.6429461E-07
   5.1529240E+02   2.8010140E-07
   5.1562614E+02   2.9635692E-07
   5.1595987E+02   3.1302380E-07
   5.1629361E+02   3.3005844E-07
   5.1662735E+02   3.4741112E-07
   5.1696109E+02   3.6502527E-07
   5.1729483E+02   3.8283758E-07
   5.1762857E+02   4.0077765E-07
   5.1796231E+02   4.1876785E-07
   5.1829604E+02   4.3672333E-07
   5.1862978E+02   4.5455158E-07
   5.1896352E+02   4.7215298E-07
   5.1929726E+02   4.8942013E-07
   5.1963100E+02   5.0623873E-07
   5.1996474E+02   5.2248714E-07
   5.2029848E+02   5.3803649E-07
   5.2063221E+02   5.5275194E-07
   5.2096595E+02   5.6649185E-07
   5.2129969E+02   5.7910830E-07
   5.2163343E+02   5.9044919E-07
   5.2196717E+02   6.0035671E-07
   5.2230091E+02   6.0866910E-07
   5.2263465E+02   6.1522184E-07
   5.2296838E+02   6.1984719E-07
   5.2330212E+02   6.2237592E-07
   5.2363586E+02   6.2263854E-07
   5.2396960E+02   6.2046593E-07
   5.2430334E+02   6.1569028E-07
   5.2463708E+02   6.0814659E-07
   5.2497082E+02   5.9767405E-07
   5.2530455E+02   5.8411661E-07
   5.2563829E+02   5.6732529E-07
   5.2597203E+02   5.4715883E-07
   5.2630577E+02   5.2348560E-07
   5.2663951E+02   4.9618461E-07
   5.2697325E+02   4.6514700E-07
   5.2730699E+02   4.3027757E-07
   5.2764072E+02   3.9149637E-07
   5.2797446E+02   3.4873955E-07
   5.2830820E+02   3.0196114E-07
   5.2864194E+02   2.5113431E-07
   5.2897568E+02   1.9625222E-07
   5.2930942E+02   1.3732945E-07
   5.2964316E+02   7.4403047E-08
   5.2997689E+02   7.5328082E-09
   5.3031063E+02  -6.3196580E-08
   5.3064437E+02  -1.3767618E-07
   5.3097811E+02  -2.1577171E-07
   5.3131185E+02  -2.9732320E-07
   5.3164559E+02  -3.8214500E-07
   5.3197933E+02  -4.7002527E-07
   5.3231306E+02  -5.6072685E-07
   5.3264680E+02  -6.5398706E-07
   5.3298054E+02  -7.4951834E-07
   5.3331428E+02  -8.4700929E-07
   5.3364802E+02  -9.4612483E-07
   5.3398176E+02  -1.0465085E-06
   5.3431550E+02  -1.1477829E-06
   5.3464924E+02  -1.2495512E-06
   5.3498297E+02  -1.3514001E-06
   5.3531671E+02  -1.4528994E-06
   5.3565045E+02  -1.5536068E-06
   5.3598419E+02  -1.6530680E-06
   5.3631793E+02  -1.7508207E-06
   5.3665167E+02  -1.8463952E-06
   5.3698541E+02  -1.9393199E-06
   5.3731914E+02  -2.0291204E-06
   5.3765288E+02  -2.1153273E-06
   5.3798662E+02  -2.1974727E-06
   5.3832036E+02  -2.2750996E-06
   5.3865410E+02  -2.3477605E-06
   5.3898784E+02  -2.4150220E-06
   5.3932158E+02  -2.4764686E-06
   5.3965531E+02  -2.5317042E-06
   5.3998905E+02  -2.5803552E-06
   5.4032279E+02  -2.6220737E-06
   5.4065653E+02  -2.6565399E-06
   5.4099027E+02  -2.6834662E-06
   5.4132401E+02  -2.7025962E-06
   5.4165775E+02  -2.7137096E-06
   5.4199148E+02  -2.7166238E-06
   5.4232522E+02  -2.7111939E-06
   5.4265896E+02  -2.6973180E-06
   5.4299270E+02  -2.6749328E-06
   5.4332644E+02  -2.6440198E-06
   5.4366018E+02  -2.6046046E-06
   5.4399392E+02  -2.5567535E-06
   5.4432765E+02  -2.5005806E-06
   5.4466139E+02  -2.4362407E-06
   5.4499513E+02  -2.3639341E-06
   5.4532887E+02  -2.2839017E-06
   5.4566261E+02  -2.1964270E-06
   5.4599635E+02  -2.1018336E-06
   5.4633009E+02  -2.0004818E-06
   5.4666382E+02  -1.8927694E-06
   5.4699756E+02  -1.7791282E-06
   5.4733130E+02  -1.6600208E-06
   5.4766504E+02  -1.5359400E-06
   5.4799878E+02  -1.4074033E-06
   5.4833252E+02  -1.2749505E-06
   5.4866626E+02  -1.1391426E-06
   5.4899999E+02  -1.0005558E-06
   5.4933373E+02  -8.5977882E-07
   5.4966747E+02  -7.1740959E-07
   5.5000121E+02  -5.7405123E-07
   5.5033495E+02  -4.3030860E-07
   5.5066869E+02  -2.8678400E-07
   5.5100243E+02  -1.4407492E-07
   5.5133616E+02  -2.7686724E-09
   5.5166990E+02   1.3656002E-07
   5.5200364E+02   2.7335298E-07
   5.5233738E+02   4.0707110E-07
   5.5267112E+02   5.3719839E-07
   5.5300486E+02   6.6324418E-07
   5.5333860E+02   7.8474648E-07
   5.5367234E+02   9.0127344E-07
   5.5400607E+02   1.0124272E-06
   5.5433981E+02   1.1178438E-06
   5.5467355E+02   1.2171971E-06
   5.5500729E+02   1.3101985E-06
   5.5534103E+02   1.3965989E-06
   5.5567477E+02   1.4761888E-06
   5.5600851E+02   1.5488002E-06
   5.5634224E+02   1.6143053E-06
   5.5667598E+02   1.6726174E-06
   5.5700972E+02   1.7236900E-06
   5.5734346E+02   1.7675161E-06
   5.5767720E+02   1.8041287E-06
   5.5801094E+02   1.8335977E-06
   5.5834468E+02   1.8560287E-06
   5.5867841E+02   1.8715631E-06
   5.5901215E+02   1.8803755E-06
   5.5934589E+02   1.8826697E-06
   5.5967963E+02   1.8786786E-06
   5.6001337E+02   1.8686625E-06
   5.6034711E+02   1.8529041E-06
   5.6068085E+02   1.8317082E-06
   5.6101458E+02   1.8053975E-06
   5.6134832E+02   1.7743109E-06
   5.6168206E+02   1.7388003E-06
   5.6201580E+02   1.6992279E-06
   5.6234954E+02   1.6559640E-06
   5.6268328E+02   1.6093825E-06
   5.6301702E+02   1.5598604E-06
   5.6335075E+02   1.5077752E-06
   5.6368449E+02   1.4535001E-06
   5.6401823E+02   1.3974045E-06
   5.6435197E+02   1.3398499E-06
   5.6468571E+02   1.2811889E-06
   5.6501945E+02   1.2217623E-06
   5.6535319E+02   1.1618986E-06
   5.6568692E+02   1.1019116E-06
   5.6602066E+02   1.0420989E-06
   5.6635440E+02   9.8274131E-07
   5.6668814E+02   9.2410198E-07
   5.6702188E+02   8.6642416E-07
   5.6735562E+02   8.0993243E-07
   5.6768936E+02   7.5483081E-07
   5.6802309E+02   7.0130318E-07
   5.6835683E+02   6.4951286E-07
   5.6869057E+02   5.9960303E-07
   5.6902431E+02   5.5169619E-07
   5.6935805E+02   5.0589546E-07
   5.6969179E+02   4.6228413E-07
   5.7002553E+02   4.2092717E-07
   5.7035926E+02   3.8187088E-07
   5.7069300E+02   3.4514517E-07
   5.7102674E+02   3.1076257E-07
   5.7136048E+02   2.7872079E-07
   5.7169422E+02   2.4900331E-07
   5.7202796E+02   2.2157961E-07
   5.7236170E+02   1.9640743E-07
   5.7269543E+02   1.7343315E-07
   5.7302917E+02   1.5259344E-07
   5.7336291E+02   1.3381589E-07
   5.7369665E+02   1.1702033E-07
   5.7403039E+02   1.0212008E-07
   5.7436413E+02   8.9022734E-08
   5.7469787E+02   7.7631384E-08
   5.7503161E+02   6.7845654E-08
   5.7536534E+02   5.9562439E-08
   5.7569908E+02   5.2677095E-08
   5.7603282E+02   4.7083955E-08
   5.7636656E+02   4.2677428E-08
   5.7670030E+02   3.9352546E-08
   5.7703404E+02   3.7005663E-08
   5.7736778E+02   3.5535102E-08
   5.7770151E+02   3.4841690E-08
   5.7803525E+02   3.4829291E-08
   5.7836899E+02   3.5405172E-08
   5.7870273E+02   3.6480422E-08
   5.7903647E+02   3.7970352E-08
   5.7937021E+02   3.9794621E-08
   5.7970395E+02   4.1877676E-08
   5.8003768E+02   4.4148855E-08
   5.8037142E+02   4.6542404E-08
   5.8070516E+02   4.8997840E-08
   5.8103890E+02   5.1459949E-08
   5.8137264E+02   5.3878765E-08
   5.8170638E+02   5.6209643E-08
   5.8204012E+02   5.8413455E-08
   5.8237385E+02   6.0456237E-08
   5.8270759E+02   6.2309425E-08
   5.8304133E+02   6.3949713E-08
   5.8337507E+02   6.5358947E-08
   5.8370881E+02   6.6524223E-08
   5.8404255E+02   6.7437355E-08
   5.8437629E+02   6.8095368E-08
   5.8471002E+02   6.8499801E-08
   5.8504376E+02   6.8656945E-08
   5.8537750E+02   6.8577457E-08
   5.8571124E+02   6.8276250E-08
   5.8604498E+02   6.7772412E-08
   5.8637872E+02   6.7088791E-08
   5.8671246E+02   6.6251957E-08
   5.8704619E+02   6.5291751E-08
   5.8737993E+02   6.4241284E-08
   5.8771367E+02   6.3136298E-08
   5.8804741E+02   6.2015282E-08
   5.8838115E+02   6.0918737E-08
   5.8871489E+02   5.9889103E-08
   5.8904863E+02   5.8970279E-08
   5.8938236E+02   5.8207121E-08
   5.8971610E+02   5.7645366E-08
   5.9004984E+02   5.7330823E-08
   5.9038358E+02   5.7309165E-08
   5.9071732E+02   5.7625414E-08
   5.9105106E+02   5.8323455E-08
   5.9138480E+02   5.9445561E-08
   5.9171853E+02   6.1031969E-08
   5.9205227E+02   6.3120332E-08
   5.9238601E+02   6.5745290E-08
   5.9271975E+02   6.8937936E-08
   5.9305349E+02   7.2725442E-08
   5.9338723E+02   7.7130593E-08
   5.9372097E+02   8.2171283E-08
   5.9405471E+02   8.7860236E-08
   5.9438844E+02   9.4204538E-08
   5.9472218E+02   1.0120533E-07
   5.9505592E+02   1.0885756E-07
   5.9538966E+02   1.1714967E-07
   5.9572340E+02   1.2606331E-07
   5.9605714E+02   1.3557337E-07
   5.9639088E+02   1.4564765E-07
   5.9672461E+02   1.5624700E-07
   5.9705835E+02   1.6732523E-07
   5.9739209E+02   1.7882917E-07
   5.9772583E+02   1.9069877E-07
   5.9805957E+02   2.0286757E-07
   5.9839331E+02   2.1526256E-07
   5.9872705E+02   2.2780480E-07
   5.9906078E+02   2.4040986E-07
   5.9939452E+02   2.5298795E-07
   5.9972826E+02   2.6544487E-07
   6.0006200E+02   2.7768232E-07
   6.0039574E+02   2.8959849E-07
   6.0072948E+02   3.0108907E-07
   6.0106322E+02   3.1204775E-07
   6.0139695E+02   3.2236684E-07
   6.0173069E+02   3.3193859E-07
   6.0206443E+02   3.4065562E-07
   6.0239817E+02   3.4841190E-07
   6.0273191E+02   3.5510368E-07
   6.0306565E+02   3.6063039E-07
   6.0339939E+02   3.6489550E-07
   6.0373312E+02   3.6780750E-07
   6.0406686E+02   3.6928060E-07
   6.0440060E+02   3.6923572E-07
   6.0473434E+02   3.6760139E-07
   6.0506808E+02   3.6431445E-07
   6.0540182E+02   3.5932089E-07
   6.0573556E+02   3.5257625E-07
   6.0606929E+02   3.4404684E-07
   6.0640303E+02   3.3370958E-07
   6.0673677E+02   3.2155319E-07
   6.0707051E+02   3.0757820E-07
   6.0740425E+02   2.9179733E-07
   6.0773799E+02   2.7423593E-07
   6.0807173E+02   2.5493188E-07
   6.0840546E+02   2.3393585E-07
   6.0873920E+02   2.1131119E-07
   6.0907294E+02   1.8713369E-07
   6.0940668E+02   1.6149156E-07
   6.0974042E+02   1.3448476E-07
   6.1007416E+02   1.0622491E-07
   6.1040790E+02   7.6834411E-08
   6.1074163E+02   4.6446161E-08
   6.1107537E+02   1.5202509E-08
   6.1140911E+02  -1.6745370E-08
   6.1174285E+02  -4.9238476E-08
   6.1207659E+02  -8.2110773E-08
   6.1241033E+02  -1.1519051E-07
   6.1274407E+02  -1.4830115E-07
   6.1307781E+02  -1.8126245E-07
   6.1341154E+02  -2.1389185E-07
   6.1374528E+02  -2.4600564E-07
   6.1407902E+02  -2.7742004E-07
   6.1441276E+02  -3.0795283E-07
   6.1474650E+02  -3.3742418E-07
   6.1508024E+02  -3.6565842E-07
   6.1541398E+02  -3.9248505E-07
   6.1574771E+02  -4.1773961E-07
   6.1608145E+02  -4.4126560E-07
   6.1641519E+02  -4.6291535E-07
   6.1674893E+02  -4.8255077E-07
   6.1708267E+02  -5.0004479E-07
   6.1741641E+02  -5.1528212E-07
   6.1775015E+02  -5.2816017E-07
   6.1808388E+02  -5.3858992E-07
   6.1841762E+02  -5.4649632E-07
   6.1875136E+02  -5.5181931E-07
   6.1908510E+02  -5.5451380E-07
   6.1941884E+02  -5.5455052E-07
   6.1975258E+02  -5.5191566E-07
   6.2008632E+02  -5.4661166E-07
   6.2042005E+02  -5.3865671E-07
   6.2075379E+02  -5.2808485E-07
   6.2108753E+02  -5.1494555E-07
   6.2142127E+02  -4.9930361E-07
   6.2175501E+02  -4.8123849E-07
   6.2208875E+02  -4.6084381E-07
   6.2242249E+02  -4.3822649E-07
   6.2275622E+02  -4.1350637E-07
   6.2308996E+02  -3.8681480E-07
   6.2342370E+02  -3.5829390E-07
   6.2375744E+02  -3.2809572E-07
   6.2409118E+02  -2.9638079E-07
   6.2442492E+02  -2.6331725E-07
   6.2475866E+02  -2.2907929E-07
   6.2509239E+02  -1.9384612E-07
   6.2542613E+02  -1.5780073E-07
   6.2575987E+02  -1.2112811E-07
   6.2609361E+02  -8.4014609E-08
   6.2642735E+02  -4.6646043E-08
   6.2676109E+02  -9.2067314E-09
   6.2709483E+02   2.8121974E-08
   6.2742856E+02   6.5162851E-08
   6.2776230E+02   1.0174397E-07
   6.2809604E+02   1.3769986E-07
   6.2842978E+02   1.7287263E-07
   6.2876352E+02   2.0711281E-07
   6.2909726E+02   2.4028054E-07
   6.2943100E+02   2.7224598E-07
   6.2976473E+02   3.0289053E-07
   6.3009847E+02   3.3210694E-07
   6.3043221E+02   3.5980023E-07
   6.3076595E+02   3.8588811E-07
   6.3109969E+02   4.1030086E-07
   6.3143343E+02   4.3298169E-07
   6.3176717E+02   4.5388759E-07
   6.3210090E+02   4.7298789E-07
   6.3243464E+02   4.9026528E-07
   6.3276838E+02   5.0571487E-07
   6.3310212E+02   5.1934444E-07
   6.3343586E+02   5.3117321E-07
   6.3376960E+02   5.4123177E-07
   6.3410334E+02   5.4956178E-07
   6.3443708E+02   5.5621433E-07
   6.3477081E+02   5.6124964E-07
   6.3510455E+02   5.6473641E-07
   6.3543829E+02   5.6675020E-07
   6.3577203E+02   5.6737326E-07
   6.3610577E+02   5.6669285E-07
   6.3643951E+02   5.6480042E-07
   6.3677325E+02   5.6179027E-07
   6.3710698E+02   5.5775905E-07
   6.3744072E+02   5.5280390E-07
   6.3777446E+02   5.4702190E-07
   6.3810820E+02   5.4050861E-07
   6.3844194E+02   5.3335748E-07
   6.3877568E+02   5.2565815E-07
   6.3910942E+02   5.1749601E-07
   6.3944315E+02   5.0895142E-07
   6.3977689E+02   5.0009794E-07
   6.4011063E+02   4.9100254E-07
   6.4044437E+02   4.8172450E-07
   6.4077811E+02   4.7231472E-07
   6.4111185E+02   4.6281494E-07
   6.4144559E+02   4.5325788E-07
   6.4177932E+02   4.4366655E-07
   6.4211306E+02   4.3405402E-07
   6.4244680E+02   4.2442312E-07
   6.4278054E+02   4.1476693E-07
   6.4311428E+02   4.0506802E-07
   6.4344802E+02   3.9529937E-07
   6.4378176E+02   3.8542458E-07
   6.4411549E+02   3.7539800E-07
   6.4444923E+02   3.6516468E-07
   6.4478297E+02   3.5466280E-07
   6.4511671E+02   3.4382197E-07
   6.4545045E+02   3.3256592E-07
   6.4578419E+02   3.2081249E-07
   6.4611793E+02   3.0847474E-07
   6.4645166E+02   2.9546183E-07
   6.4678540E+02   2.8168023E-07
   6.4711914E+02   2.6703515E-07
   6.4745288E+02   2.5143083E-07
   6.4778662E+02   2.3477301E-07
   6.4812036E+02   2.1696846E-07
   6.4845410E+02   1.9792779E-07
   6.4878783E+02   1.7756592E-07
   6.4912157E+02   1.5580325E-07
   6.4945531E+02   1.3256749E-07
   6.4978905E+02   1.0779341E-07
   6.5012279E+02   8.1425746E-08
   6.5045653E+02   5.3419114E-08
   6.5079027E+02   2.3739378E-08
   6.5112400E+02  -7.6354283E-09
   6.5145774E+02  -4.0714461E-08
   6.5179148E+02  -7.5493233E-08
   6.5212522E+02  -1.1195300E-07
   6.5245896E+02  -1.5005988E-07
   6.5279270E+02  -1.8976522E-07
   6.5312644E+02  -2.3100438E-07
   6.5346018E+02  -2.7369751E-07
   6.5379391E+02  -3.1774883E-07
   6.5412765E+02  -3.6304701E-07
   6.5446139E+02  -4.0946560E-07
   6.5479513E+02  -4.5686306E-07
   6.5512887E+02  -5.0508339E-07
   6.5546261E+02  -5.5395731E-07
   6.5579635E+02  -6.0330228E-07
   6.5613008E+02  -6.5292386E-07
   6.5646382E+02  -7.0261638E-07
   6.5679756E+02  -7.5216485E-07
   6.5713130E+02  -8.0134606E-07
   6.5746504E+02  -8.4992888E-07
   6.5779878E+02  -8.9767713E-07
   6.5813252E+02  -9.4435018E-07
   6.5846625E+02  -9.8970554E-07
   6.5879999E+02  -1.0334994E-06
   6.5913373E+02  -1.0754887E-06
   6.5946747E+02  -1.1154341E-06
   6.5980121E+02  -1.1530992E-06
   6.6013495E+02  -1.1882548E-06
