  -7.8094826E+01   0.0000000E+00
  -7.7761087E+01   0.0000000E+00
  -7.7427349E+01   0.0000000E+00
  -7.7093610E+01   0.0000000E+00
  -7.6759871E+01   0.0000000E+00
  -7.6426133E+01   0.0000000E+00
  -7.6092394E+01   0.0000000E+00
  -7.5758656E+01   0.0000000E+00
  -7.5424917E+01   0.0000000E+00
  -7.5091178E+01   0.0000000E+00
  -7.4757440E+01   0.0000000E+00
  -7.4423701E+01   0.0000000E+00
  -7.4089963E+01   0.0000000E+00
  -7.3756224E+01   0.0000000E+00
  -7.3422485E+01   0.0000000E+00
  -7.3088747E+01   0.0000000E+00
  -7.2755008E+01   0.0000000E+00
  -7.2421270E+01   0.0000000E+00
  -7.2087531E+01   0.0000000E+00
  -7.1753792E+01   0.0000000E+00
  -7.1420054E+01   0.0000000E+00
  -7.1086315E+01   0.0000000E+00
  -7.0752577E+01   0.0000000E+00
  -7.0418838E+01   0.0000000E+00
  -7.0085099E+01   0.0000000E+00
  -6.9751361E+01   0.0000000E+00
  -6.9417622E+01   0.0000000E+00
  -6.9083884E+01   0.0000000E+00
  -6.8750145E+01   0.0000000E+00
  -6.8416406E+01   0.0000000E+00
  -6.8082668E+01   0.0000000E+00
  -6.7748929E+01   0.0000000E+00
  -6.7415191E+01   0.0000000E+00
  -6.7081452E+01   0.0000000E+00
  -6.6747714E+01   0.0000000E+00
  -6.6413975E+01   0.0000000E+00
  -6.6080236E+01   0.0000000E+00
  -6.5746498E+01   0.0000000E+00
  -6.5412759E+01   0.0000000E+00
  -6.5079021E+01   0.0000000E+00
  -6.4745282E+01   0.0000000E+00
  -6.4411543E+01   0.0000000E+00
  -6.4077805E+01   0.0000000E+00
  -6.3744066E+01   0.0000000E+00
  -6.3410328E+01   0.0000000E+00
  -6.3076589E+01   0.0000000E+00
  -6.2742850E+01   0.0000000E+00
  -6.2409112E+01   0.0000000E+00
  -6.2075373E+01   0.0000000E+00
  -6.1741635E+01   0.0000000E+00
  -6.1407896E+01   0.0000000E+00
  -6.1074157E+01   0.0000000E+00
  -6.0740419E+01   0.0000000E+00
  -6.0406680E+01   0.0000000E+00
  -6.0072942E+01   0.0000000E+00
  -5.9739203E+01   0.0000000E+00
  -5.9405464E+01   0.0000000E+00
  -5.9071726E+01   0.0000000E+00
  -5.8737987E+01   0.0000000E+00
  -5.8404249E+01   0.0000000E+00
  -5.8070510E+01   0.0000000E+00
  -5.7736771E+01   0.0000000E+00
  -5.7403033E+01   0.0000000E+00
  -5.7069294E+01   0.0000000E+00
  -5.6735556E+01   0.0000000E+00
  -5.6401817E+01   0.0000000E+00
  -5.6068078E+01   0.0000000E+00
  -5.5734340E+01   0.0000000E+00
  -5.5400601E+01   0.0000000E+00
  -5.5066863E+01   0.0000000E+00
  -5.4733124E+01   0.0000000E+00
  -5.4399385E+01   0.0000000E+00
  -5.4065647E+01   0.0000000E+00
  -5.3731908E+01   0.0000000E+00
  -5.3398170E+01   0.0000000E+00
  -5.3064431E+01   0.0000000E+00
  -5.2730693E+01   0.0000000E+00
  -5.2396954E+01   0.0000000E+00
  -5.2063215E+01   0.0000000E+00
  -5.1729477E+01   0.0000000E+00
  -5.1395738E+01   0.0000000E+00
  -5.1062000E+01   0.0000000E+00
  -5.0728261E+01   0.0000000E+00
  -5.0394522E+01   0.0000000E+00
  -5.0060784E+01   0.0000000E+00
  -4.9727045E+01   0.0000000E+00
  -4.9393307E+01   0.0000000E+00
  -4.9059568E+01   0.0000000E+00
  -4.8725829E+01   0.0000000E+00
  -4.8392091E+01   0.0000000E+00
  -4.8058352E+01   0.0000000E+00
  -4.7724614E+01   0.0000000E+00
  -4.7390875E+01   0.0000000E+00
  -4.7057136E+01   0.0000000E+00
  -4.6723398E+01   0.0000000E+00
  -4.6389659E+01   0.0000000E+00
  -4.6055921E+01   0.0000000E+00
  -4.5722182E+01   0.0000000E+00
  -4.5388443E+01   0.0000000E+00
  -4.5054705E+01   0.0000000E+00
  -4.4720966E+01   0.0000000E+00
  -4.4387228E+01   0.0000000E+00
  -4.4053489E+01   0.0000000E+00
  -4.3719750E+01   0.0000000E+00
  -4.3386012E+01   0.0000000E+00
  -4.3052273E+01   0.0000000E+00
  -4.2718535E+01   0.0000000E+00
  -4.2384796E+01   0.0000000E+00
  -4.2051057E+01   0.0000000E+00
  -4.1717319E+01   0.0000000E+00
  -4.1383580E+01   0.0000000E+00
  -4.1049842E+01   0.0000000E+00
  -4.0716103E+01   0.0000000E+00
  -4.0382364E+01   0.0000000E+00
  -4.0048626E+01   0.0000000E+00
  -3.9714887E+01   0.0000000E+00
  -3.9381149E+01   0.0000000E+00
  -3.9047410E+01   0.0000000E+00
  -3.8713672E+01   0.0000000E+00
  -3.8379933E+01   0.0000000E+00
  -3.8046194E+01   0.0000000E+00
  -3.7712456E+01   0.0000000E+00
  -3.7378717E+01   0.0000000E+00
  -3.7044979E+01   0.0000000E+00
  -3.6711240E+01   0.0000000E+00
  -3.6377501E+01   0.0000000E+00
  -3.6043763E+01   0.0000000E+00
  -3.5710024E+01   0.0000000E+00
  -3.5376286E+01   0.0000000E+00
  -3.5042547E+01   0.0000000E+00
  -3.4708808E+01   0.0000000E+00
  -3.4375070E+01   0.0000000E+00
  -3.4041331E+01   0.0000000E+00
  -3.3707593E+01   0.0000000E+00
  -3.3373854E+01   0.0000000E+00
  -3.3040115E+01   0.0000000E+00
  -3.2706377E+01   0.0000000E+00
  -3.2372638E+01   0.0000000E+00
  -3.2038900E+01   0.0000000E+00
  -3.1705161E+01   0.0000000E+00
  -3.1371422E+01   0.0000000E+00
  -3.1037684E+01   0.0000000E+00
  -3.0703945E+01   0.0000000E+00
  -3.0370207E+01   0.0000000E+00
  -3.0036468E+01   0.0000000E+00
  -2.9702729E+01   0.0000000E+00
  -2.9368991E+01   0.0000000E+00
  -2.9035252E+01   0.0000000E+00
  -2.8701514E+01   0.0000000E+00
  -2.8367775E+01   0.0000000E+00
  -2.8034036E+01   0.0000000E+00
  -2.7700298E+01   0.0000000E+00
  -2.7366559E+01   0.0000000E+00
  -2.7032821E+01   0.0000000E+00
  -2.6699082E+01   0.0000000E+00
  -2.6365343E+01   0.0000000E+00
  -2.6031605E+01   0.0000000E+00
  -2.5697866E+01   0.0000000E+00
  -2.5364128E+01   0.0000000E+00
  -2.5030389E+01   0.0000000E+00
  -2.4696651E+01   0.0000000E+00
  -2.4362912E+01   0.0000000E+00
  -2.4029173E+01   0.0000000E+00
  -2.3695435E+01   0.0000000E+00
  -2.3361696E+01   0.0000000E+00
  -2.3027958E+01   0.0000000E+00
  -2.2694219E+01   0.0000000E+00
  -2.2360480E+01   0.0000000E+00
  -2.2026742E+01   0.0000000E+00
  -2.1693003E+01   0.0000000E+00
  -2.1359265E+01   0.0000000E+00
  -2.1025526E+01   0.0000000E+00
  -2.0691787E+01   0.0000000E+00
  -2.0358049E+01   0.0000000E+00
  -2.0024310E+01   0.0000000E+00
  -1.9690572E+01   0.0000000E+00
  -1.9356833E+01   0.0000000E+00
  -1.9023094E+01   0.0000000E+00
  -1.8689356E+01   0.0000000E+00
  -1.8355617E+01   0.0000000E+00
  -1.8021879E+01   0.0000000E+00
  -1.7688140E+01   0.0000000E+00
  -1.7354401E+01   0.0000000E+00
  -1.7020663E+01   0.0000000E+00
  -1.6686924E+01   0.0000000E+00
  -1.6353186E+01   0.0000000E+00
  -1.6019447E+01   0.0000000E+00
  -1.5685708E+01   0.0000000E+00
  -1.5351970E+01   0.0000000E+00
  -1.5018231E+01   0.0000000E+00
  -1.4684493E+01   0.0000000E+00
  -1.4350754E+01   0.0000000E+00
  -1.4017015E+01   0.0000000E+00
  -1.3683277E+01   0.0000000E+00
  -1.3349538E+01   0.0000000E+00
  -1.3015800E+01   0.0000000E+00
  -1.2682061E+01   0.0000000E+00
  -1.2348322E+01   0.0000000E+00
  -1.2014584E+01   0.0000000E+00
  -1.1680845E+01   0.0000000E+00
  -1.1347107E+01   0.0000000E+00
  -1.1013368E+01   0.0000000E+00
  -1.0679630E+01   0.0000000E+00
  -1.0345891E+01   0.0000000E+00
  -1.0012152E+01   0.0000000E+00
  -9.6784137E+00   0.0000000E+00
  -9.3446751E+00   0.0000000E+00
  -9.0109365E+00   0.0000000E+00
  -8.6771979E+00   0.0000000E+00
  -8.3434593E+00   0.0000000E+00
  -8.0097207E+00   0.0000000E+00
  -7.6759821E+00   0.0000000E+00
  -7.3422436E+00   0.0000000E+00
  -7.0085050E+00   0.0000000E+00
  -6.6747664E+00   0.0000000E+00
  -6.3410278E+00   0.0000000E+00
  -6.0072892E+00   0.0000000E+00
  -5.6735506E+00   0.0000000E+00
  -5.3398120E+00   0.0000000E+00
  -5.0060734E+00   0.0000000E+00
  -4.6723348E+00   0.0000000E+00
  -4.3385962E+00   0.0000000E+00
  -4.0048576E+00   0.0000000E+00
  -3.6711190E+00   0.0000000E+00
  -3.3373804E+00   0.0000000E+00
  -3.0036418E+00   0.0000000E+00
  -2.6699032E+00   0.0000000E+00
  -2.3361646E+00   0.0000000E+00
  -2.0024260E+00   0.0000000E+00
  -1.6686874E+00   0.0000000E+00
  -1.3349488E+00   0.0000000E+00
  -1.0012102E+00   0.0000000E+00
  -6.6747165E-01   0.0000000E+00
  -3.3373305E-01   0.0000000E+00
   5.5432320E-06   0.0000000E+00
   3.3374414E-01   0.0000000E+00
   6.6748273E-01   0.0000000E+00
   1.0012213E+00   0.0000000E+00
   1.3349599E+00   0.0000000E+00
   1.6686985E+00   0.0000000E+00
   2.0024371E+00   0.0000000E+00
   2.3361757E+00   0.0000000E+00
   2.6699143E+00   0.0000000E+00
   3.0036529E+00   0.0000000E+00
   3.3373915E+00   0.0000000E+00
   3.6711301E+00   0.0000000E+00
   4.0048687E+00   0.0000000E+00
   4.3386073E+00   0.0000000E+00
   4.6723459E+00   0.0000000E+00
   5.0060845E+00   0.0000000E+00
   5.3398231E+00   0.0000000E+00
   5.6735617E+00   0.0000000E+00
   6.0073003E+00   0.0000000E+00
   6.3410389E+00   0.0000000E+00
   6.6747774E+00   0.0000000E+00
   7.0085160E+00   0.0000000E+00
   7.3422546E+00   0.0000000E+00
   7.6759932E+00   0.0000000E+00
   8.0097318E+00   0.0000000E+00
   8.3434704E+00   0.0000000E+00
   8.6772090E+00   0.0000000E+00
   9.0109476E+00   0.0000000E+00
   9.3446862E+00   0.0000000E+00
   9.6784248E+00   0.0000000E+00
   1.0012163E+01   0.0000000E+00
   1.0345902E+01   0.0000000E+00
   1.0679641E+01   0.0000000E+00
   1.1013379E+01   0.0000000E+00
   1.1347118E+01   0.0000000E+00
   1.1680856E+01   0.0000000E+00
   1.2014595E+01   0.0000000E+00
   1.2348334E+01   0.0000000E+00
   1.2682072E+01   0.0000000E+00
   1.3015811E+01   0.0000000E+00
   1.3349549E+01   0.0000000E+00
   1.3683288E+01   0.0000000E+00
   1.4017027E+01   0.0000000E+00
   1.4350765E+01   0.0000000E+00
   1.4684504E+01   0.0000000E+00
   1.5018242E+01   0.0000000E+00
   1.5351981E+01   0.0000000E+00
   1.5685720E+01   0.0000000E+00
   1.6019458E+01   0.0000000E+00
   1.6353197E+01   0.0000000E+00
   1.6686935E+01   0.0000000E+00
   1.7020674E+01   0.0000000E+00
   1.7354412E+01   0.0000000E+00
   1.7688151E+01   0.0000000E+00
   1.8021890E+01   0.0000000E+00
   1.8355628E+01   0.0000000E+00
   1.8689367E+01   0.0000000E+00
   1.9023105E+01   0.0000000E+00
   1.9356844E+01   0.0000000E+00
   1.9690583E+01   0.0000000E+00
   2.0024321E+01   0.0000000E+00
   2.0358060E+01   0.0000000E+00
   2.0691798E+01   0.0000000E+00
   2.1025537E+01   0.0000000E+00
   2.1359276E+01   0.0000000E+00
   2.1693014E+01   0.0000000E+00
   2.2026753E+01   0.0000000E+00
   2.2360491E+01   0.0000000E+00
   2.2694230E+01   0.0000000E+00
   2.3027969E+01   0.0000000E+00
   2.3361707E+01   0.0000000E+00
   2.3695446E+01   0.0000000E+00
   2.4029184E+01   0.0000000E+00
   2.4362923E+01   0.0000000E+00
   2.4696662E+01   0.0000000E+00
   2.5030400E+01   0.0000000E+00
   2.5364139E+01   0.0000000E+00
   2.5697877E+01   0.0000000E+00
   2.6031616E+01   0.0000000E+00
   2.6365355E+01   0.0000000E+00
   2.6699093E+01   0.0000000E+00
   2.7032832E+01   0.0000000E+00
   2.7366570E+01   0.0000000E+00
   2.7700309E+01   0.0000000E+00
   2.8034048E+01   0.0000000E+00
   2.8367786E+01   0.0000000E+00
   2.8701525E+01   0.0000000E+00
   2.9035263E+01   0.0000000E+00
   2.9369002E+01   0.0000000E+00
   2.9702741E+01   0.0000000E+00
   3.0036479E+01   0.0000000E+00
   3.0370218E+01   0.0000000E+00
   3.0703956E+01   0.0000000E+00
   3.1037695E+01   0.0000000E+00
   3.1371433E+01   0.0000000E+00
   3.1705172E+01   0.0000000E+00
   3.2038911E+01   0.0000000E+00
   3.2372649E+01   0.0000000E+00
   3.2706388E+01   0.0000000E+00
   3.3040126E+01   0.0000000E+00
   3.3373865E+01   0.0000000E+00
   3.3707604E+01   0.0000000E+00
   3.4041342E+01   0.0000000E+00
   3.4375081E+01   0.0000000E+00
   3.4708819E+01   0.0000000E+00
   3.5042558E+01   0.0000000E+00
   3.5376297E+01   0.0000000E+00
   3.5710035E+01   0.0000000E+00
   3.6043774E+01   0.0000000E+00
   3.6377512E+01   0.0000000E+00
   3.6711251E+01   0.0000000E+00
   3.7044990E+01   0.0000000E+00
   3.7378728E+01   0.0000000E+00
   3.7712467E+01   0.0000000E+00
   3.8046205E+01   0.0000000E+00
   3.8379944E+01   0.0000000E+00
   3.8713683E+01   0.0000000E+00
   3.9047421E+01   0.0000000E+00
   3.9381160E+01   0.0000000E+00
   3.9714898E+01   0.0000000E+00
   4.0048637E+01   0.0000000E+00
   4.0382376E+01   0.0000000E+00
   4.0716114E+01   0.0000000E+00
   4.1049853E+01   0.0000000E+00
   4.1383591E+01   0.0000000E+00
   4.1717330E+01   0.0000000E+00
   4.2051069E+01   0.0000000E+00
   4.2384807E+01   0.0000000E+00
   4.2718546E+01   0.0000000E+00
   4.3052284E+01   0.0000000E+00
   4.3386023E+01   0.0000000E+00
   4.3719762E+01   0.0000000E+00
   4.4053500E+01   0.0000000E+00
   4.4387239E+01   0.0000000E+00
   4.4720977E+01   0.0000000E+00
   4.5054716E+01   0.0000000E+00
   4.5388454E+01   0.0000000E+00
   4.5722193E+01   0.0000000E+00
   4.6055932E+01   0.0000000E+00
   4.6389670E+01   0.0000000E+00
   4.6723409E+01   0.0000000E+00
   4.7057147E+01   0.0000000E+00
   4.7390886E+01   0.0000000E+00
   4.7724625E+01   0.0000000E+00
   4.8058363E+01   0.0000000E+00
   4.8392102E+01   0.0000000E+00
   4.8725840E+01   0.0000000E+00
   4.9059579E+01   0.0000000E+00
   4.9393318E+01   0.0000000E+00
   4.9727056E+01   0.0000000E+00
   5.0060795E+01   0.0000000E+00
   5.0394533E+01   0.0000000E+00
   5.0728272E+01   0.0000000E+00
   5.1062011E+01   0.0000000E+00
   5.1395749E+01   0.0000000E+00
   5.1729488E+01   0.0000000E+00
   5.2063226E+01   0.0000000E+00
   5.2396965E+01   0.0000000E+00
   5.2730704E+01   0.0000000E+00
   5.3064442E+01   0.0000000E+00
   5.3398181E+01   0.0000000E+00
   5.3731919E+01   0.0000000E+00
   5.4065658E+01   0.0000000E+00
   5.4399397E+01   0.0000000E+00
   5.4733135E+01   0.0000000E+00
   5.5066874E+01   0.0000000E+00
   5.5400612E+01   0.0000000E+00
   5.5734351E+01   0.0000000E+00
   5.6068090E+01   0.0000000E+00
   5.6401828E+01   0.0000000E+00
   5.6735567E+01   0.0000000E+00
   5.7069305E+01   0.0000000E+00
   5.7403044E+01   0.0000000E+00
   5.7736783E+01   0.0000000E+00
   5.8070521E+01   0.0000000E+00
   5.8404260E+01   0.0000000E+00
   5.8737998E+01   0.0000000E+00
   5.9071737E+01   0.0000000E+00
   5.9405475E+01   0.0000000E+00
   5.9739214E+01   0.0000000E+00
   6.0072953E+01   0.0000000E+00
   6.0406691E+01   0.0000000E+00
   6.0740430E+01   0.0000000E+00
   6.1074168E+01   0.0000000E+00
   6.1407907E+01   0.0000000E+00
   6.1741646E+01   0.0000000E+00
   6.2075384E+01   0.0000000E+00
   6.2409123E+01   0.0000000E+00
   6.2742861E+01   0.0000000E+00
   6.3076600E+01   0.0000000E+00
   6.3410339E+01   0.0000000E+00
   6.3744077E+01   0.0000000E+00
   6.4077816E+01   0.0000000E+00
   6.4411554E+01   0.0000000E+00
   6.4745293E+01   0.0000000E+00
   6.5079032E+01   0.0000000E+00
   6.5412770E+01   0.0000000E+00
   6.5746509E+01   0.0000000E+00
   6.6080247E+01   0.0000000E+00
   6.6413986E+01   0.0000000E+00
   6.6747725E+01   0.0000000E+00
   6.7081463E+01   0.0000000E+00
   6.7415202E+01   0.0000000E+00
   6.7748940E+01   0.0000000E+00
   6.8082679E+01   0.0000000E+00
   6.8416418E+01   0.0000000E+00
   6.8750156E+01   0.0000000E+00
   6.9083895E+01   0.0000000E+00
   6.9417633E+01   0.0000000E+00
   6.9751372E+01   0.0000000E+00
   7.0085111E+01   0.0000000E+00
   7.0418849E+01   0.0000000E+00
   7.0752588E+01   0.0000000E+00
   7.1086326E+01   0.0000000E+00
   7.1420065E+01   0.0000000E+00
   7.1753804E+01   0.0000000E+00
   7.2087542E+01   0.0000000E+00
   7.2421281E+01   0.0000000E+00
   7.2755019E+01   0.0000000E+00
   7.3088758E+01   0.0000000E+00
   7.3422496E+01   0.0000000E+00
   7.3756235E+01   0.0000000E+00
   7.4089974E+01   0.0000000E+00
   7.4423712E+01   0.0000000E+00
   7.4757451E+01   0.0000000E+00
   7.5091189E+01   0.0000000E+00
   7.5424928E+01   0.0000000E+00
   7.5758667E+01   0.0000000E+00
   7.6092405E+01   0.0000000E+00
   7.6426144E+01   0.0000000E+00
   7.6759882E+01   0.0000000E+00
   7.7093621E+01   0.0000000E+00
   7.7427360E+01   0.0000000E+00
   7.7761098E+01   0.0000000E+00
   7.8094837E+01   0.0000000E+00
   7.8428575E+01   0.0000000E+00
   7.8762314E+01   0.0000000E+00
   7.9096053E+01   0.0000000E+00
   7.9429791E+01   0.0000000E+00
   7.9763530E+01   0.0000000E+00
   8.0097268E+01   0.0000000E+00
   8.0431007E+01   0.0000000E+00
   8.0764746E+01   0.0000000E+00
   8.1098484E+01   0.0000000E+00
   8.1432223E+01   0.0000000E+00
   8.1765961E+01   0.0000000E+00
   8.2099700E+01   0.0000000E+00
   8.2433439E+01   0.0000000E+00
   8.2767177E+01   0.0000000E+00
   8.3100916E+01   0.0000000E+00
   8.3434654E+01   0.0000000E+00
   8.3768393E+01   0.0000000E+00
   8.4102132E+01   0.0000000E+00
   8.4435870E+01   0.0000000E+00
   8.4769609E+01   0.0000000E+00
   8.5103347E+01   0.0000000E+00
   8.5437086E+01   0.0000000E+00
   8.5770825E+01   0.0000000E+00
   8.6104563E+01   0.0000000E+00
   8.6438302E+01   0.0000000E+00
   8.6772040E+01   0.0000000E+00
   8.7105779E+01   0.0000000E+00
   8.7439517E+01   0.0000000E+00
   8.7773256E+01   0.0000000E+00
   8.8106995E+01   0.0000000E+00
   8.8440733E+01   0.0000000E+00
   8.8774472E+01   0.0000000E+00
   8.9108210E+01   0.0000000E+00
   8.9441949E+01   0.0000000E+00
   8.9775688E+01   0.0000000E+00
   9.0109426E+01   0.0000000E+00
   9.0443165E+01   0.0000000E+00
   9.0776903E+01   0.0000000E+00
   9.1110642E+01   0.0000000E+00
   9.1444381E+01   0.0000000E+00
   9.1778119E+01   0.0000000E+00
   9.2111858E+01   0.0000000E+00
   9.2445596E+01   0.0000000E+00
   9.2779335E+01   0.0000000E+00
   9.3113074E+01   0.0000000E+00
   9.3446812E+01   0.0000000E+00
   9.3780551E+01   0.0000000E+00
   9.4114289E+01   0.0000000E+00
   9.4448028E+01   0.0000000E+00
   9.4781767E+01   0.0000000E+00
   9.5115505E+01   0.0000000E+00
   9.5449244E+01   0.0000000E+00
   9.5782982E+01   0.0000000E+00
   9.6116721E+01   0.0000000E+00
   9.6450460E+01   0.0000000E+00
   9.6784198E+01   0.0000000E+00
   9.7117937E+01   0.0000000E+00
   9.7451675E+01   0.0000000E+00
   9.7785414E+01   0.0000000E+00
   9.8119153E+01   0.0000000E+00
   9.8452891E+01   0.0000000E+00
   9.8786630E+01   0.0000000E+00
   9.9120368E+01   0.0000000E+00
   9.9454107E+01   0.0000000E+00
   9.9787846E+01   0.0000000E+00
   1.0012158E+02   0.0000000E+00
   1.0045532E+02   0.0000000E+00
   1.0078906E+02   0.0000000E+00
   1.0112280E+02   0.0000000E+00
   1.0145654E+02   0.0000000E+00
   1.0179028E+02   0.0000000E+00
   1.0212402E+02   0.0000000E+00
   1.0245775E+02   0.0000000E+00
   1.0279149E+02   0.0000000E+00
   1.0312523E+02   0.0000000E+00
   1.0345897E+02   0.0000000E+00
   1.0379271E+02   0.0000000E+00
   1.0412645E+02   0.0000000E+00
   1.0446019E+02   0.0000000E+00
   1.0479392E+02   0.0000000E+00
   1.0512766E+02   0.0000000E+00
   1.0546140E+02   0.0000000E+00
   1.0579514E+02   0.0000000E+00
   1.0612888E+02   0.0000000E+00
   1.0646262E+02   0.0000000E+00
   1.0679636E+02   0.0000000E+00
   1.0713009E+02   0.0000000E+00
   1.0746383E+02   0.0000000E+00
   1.0779757E+02   0.0000000E+00
   1.0813131E+02   0.0000000E+00
   1.0846505E+02   0.0000000E+00
   1.0879879E+02   0.0000000E+00
   1.0913253E+02   0.0000000E+00
   1.0946626E+02   0.0000000E+00
   1.0980000E+02   0.0000000E+00
   1.1013374E+02   0.0000000E+00
   1.1046748E+02   0.0000000E+00
   1.1080122E+02   0.0000000E+00
   1.1113496E+02   0.0000000E+00
   1.1146870E+02   0.0000000E+00
   1.1180243E+02   0.0000000E+00
   1.1213617E+02   0.0000000E+00
   1.1246991E+02   0.0000000E+00
   1.1280365E+02   0.0000000E+00
   1.1313739E+02   0.0000000E+00
   1.1347113E+02   0.0000000E+00
   1.1380487E+02   0.0000000E+00
   1.1413861E+02   0.0000000E+00
   1.1447234E+02   0.0000000E+00
   1.1480608E+02   0.0000000E+00
   1.1513982E+02   0.0000000E+00
   1.1547356E+02   0.0000000E+00
   1.1580730E+02   0.0000000E+00
   1.1614104E+02   0.0000000E+00
   1.1647478E+02   0.0000000E+00
   1.1680851E+02   0.0000000E+00
   1.1714225E+02   0.0000000E+00
   1.1747599E+02   0.0000000E+00
   1.1780973E+02   0.0000000E+00
   1.1814347E+02   0.0000000E+00
   1.1847721E+02   0.0000000E+00
   1.1881095E+02   0.0000000E+00
   1.1914468E+02   0.0000000E+00
   1.1947842E+02   0.0000000E+00
   1.1981216E+02   0.0000000E+00
   1.2014590E+02   0.0000000E+00
   1.2047964E+02   0.0000000E+00
   1.2081338E+02   0.0000000E+00
   1.2114712E+02   0.0000000E+00
   1.2148085E+02   0.0000000E+00
   1.2181459E+02   0.0000000E+00
   1.2214833E+02   0.0000000E+00
   1.2248207E+02   0.0000000E+00
   1.2281581E+02   0.0000000E+00
   1.2314955E+02   0.0000000E+00
   1.2348329E+02   0.0000000E+00
   1.2381702E+02   0.0000000E+00
   1.2415076E+02   0.0000000E+00
   1.2448450E+02   0.0000000E+00
   1.2481824E+02   0.0000000E+00
   1.2515198E+02   0.0000000E+00
   1.2548572E+02   0.0000000E+00
   1.2581946E+02   0.0000000E+00
   1.2615319E+02   0.0000000E+00
   1.2648693E+02   0.0000000E+00
   1.2682067E+02   0.0000000E+00
   1.2715441E+02   0.0000000E+00
   1.2748815E+02   0.0000000E+00
   1.2782189E+02   0.0000000E+00
   1.2815563E+02   0.0000000E+00
   1.2848936E+02   0.0000000E+00
   1.2882310E+02   0.0000000E+00
   1.2915684E+02   0.0000000E+00
   1.2949058E+02   0.0000000E+00
   1.2982432E+02   0.0000000E+00
   1.3015806E+02   0.0000000E+00
   1.3049180E+02   0.0000000E+00
   1.3082553E+02   0.0000000E+00
   1.3115927E+02   0.0000000E+00
   1.3149301E+02   0.0000000E+00
   1.3182675E+02   0.0000000E+00
   1.3216049E+02   0.0000000E+00
   1.3249423E+02   0.0000000E+00
   1.3282797E+02   0.0000000E+00
   1.3316171E+02   0.0000000E+00
   1.3349544E+02   0.0000000E+00
   1.3382918E+02   0.0000000E+00
   1.3416292E+02   0.0000000E+00
   1.3449666E+02   0.0000000E+00
   1.3483040E+02   0.0000000E+00
   1.3516414E+02   0.0000000E+00
   1.3549788E+02   0.0000000E+00
   1.3583161E+02   0.0000000E+00
   1.3616535E+02   0.0000000E+00
   1.3649909E+02   0.0000000E+00
   1.3683283E+02   0.0000000E+00
   1.3716657E+02   0.0000000E+00
   1.3750031E+02   0.0000000E+00
   1.3783405E+02   0.0000000E+00
   1.3816778E+02   0.0000000E+00
   1.3850152E+02   0.0000000E+00
   1.3883526E+02   0.0000000E+00
   1.3916900E+02   0.0000000E+00
   1.3950274E+02   0.0000000E+00
   1.3983648E+02   0.0000000E+00
   1.4017022E+02   0.0000000E+00
   1.4050395E+02   0.0000000E+00
   1.4083769E+02   0.0000000E+00
   1.4117143E+02   0.0000000E+00
   1.4150517E+02   0.0000000E+00
   1.4183891E+02   0.0000000E+00
   1.4217265E+02   0.0000000E+00
   1.4250639E+02   0.0000000E+00
   1.4284012E+02   0.0000000E+00
   1.4317386E+02   0.0000000E+00
   1.4350760E+02   0.0000000E+00
   1.4384134E+02   0.0000000E+00
   1.4417508E+02   0.0000000E+00
   1.4450882E+02   0.0000000E+00
   1.4484256E+02   0.0000000E+00
   1.4517629E+02   0.0000000E+00
   1.4551003E+02   0.0000000E+00
   1.4584377E+02   0.0000000E+00
   1.4617751E+02   0.0000000E+00
   1.4651125E+02   0.0000000E+00
   1.4684499E+02   0.0000000E+00
   1.4717873E+02   0.0000000E+00
   1.4751246E+02   0.0000000E+00
   1.4784620E+02   0.0000000E+00
   1.4817994E+02   0.0000000E+00
   1.4851368E+02   0.0000000E+00
   1.4884742E+02   0.0000000E+00
   1.4918116E+02   0.0000000E+00
   1.4951490E+02   0.0000000E+00
   1.4984863E+02   0.0000000E+00
   1.5018237E+02   0.0000000E+00
   1.5051611E+02   0.0000000E+00
   1.5084985E+02   0.0000000E+00
   1.5118359E+02   0.0000000E+00
   1.5151733E+02   0.0000000E+00
   1.5185107E+02   0.0000000E+00
   1.5218480E+02   0.0000000E+00
   1.5251854E+02   0.0000000E+00
   1.5285228E+02   0.0000000E+00
   1.5318602E+02   1.4012985E-45
   1.5351976E+02   4.2038954E-45
   1.5385350E+02   5.6051939E-45
   1.5418724E+02   5.6051939E-45
   1.5452098E+02   5.6051939E-45
   1.5485471E+02   4.2038954E-45
   1.5518845E+02   1.4012985E-45
   1.5552219E+02   0.0000000E+00
   1.5585593E+02  -5.6051939E-45
   1.5618967E+02  -1.4012985E-44
   1.5652341E+02  -1.5414283E-44
   1.5685715E+02  -2.1019477E-44
   1.5719088E+02  -2.2420775E-44
   1.5752462E+02  -2.2420775E-44
   1.5785836E+02  -1.6815582E-44
   1.5819210E+02  -9.8090893E-45
   1.5852584E+02  -1.4012985E-45
   1.5885958E+02   1.1210388E-44
   1.5919332E+02   2.3822074E-44
   1.5952705E+02   3.2229865E-44
   1.5986079E+02   3.7835059E-44
   1.6019453E+02   3.9236357E-44
   1.6052827E+02   3.0828566E-44
   1.6086201E+02   1.6815582E-44
   1.6119575E+02  -7.0064923E-45
   1.6152949E+02  -3.3631163E-44
   1.6186322E+02  -6.4459729E-44
   1.6219696E+02  -9.1084400E-44
   1.6253070E+02  -1.1350518E-43
   1.6286444E+02  -1.1911037E-43
   1.6319818E+02  -1.0930128E-43
   1.6353192E+02  -8.2676609E-44
   1.6386566E+02  -3.0828566E-44
   1.6419939E+02   3.0828566E-44
   1.6453313E+02   1.0789998E-43
   1.6486687E+02   1.8357010E-43
   1.6520061E+02   2.5363502E-43
   1.6553435E+02   3.0548307E-43
   1.6586809E+02   3.2229865E-43
   1.6620183E+02   3.0828566E-43
   1.6653556E+02   2.4522723E-43
   1.6686930E+02   1.4012985E-43
   1.6720304E+02   2.8025969E-45
   1.6753678E+02  -1.4993894E-43
   1.6787052E+02  -3.0268047E-43
   1.6820426E+02  -4.2879733E-43
   1.6853800E+02  -5.0446745E-43
   1.6887173E+02  -5.1147394E-43
   1.6920547E+02  -4.3440252E-43
   1.6953921E+02  -2.6764801E-43
   1.6987295E+02  -1.9618179E-44
   1.7020669E+02   2.7325320E-43
   1.7054043E+02   5.8854536E-43
   1.7087417E+02   8.7300894E-43
   1.7120790E+02   1.0775985E-42
   1.7154164E+02   1.1588738E-42
   1.7187538E+02   1.0818024E-42
   1.7220912E+02   8.2536480E-43
   1.7254286E+02   3.9937006E-43
   1.7287660E+02  -1.6114932E-43
   1.7321034E+02  -7.9453623E-43
   1.7354408E+02  -1.4055024E-42
   1.7387781E+02  -1.9183776E-42
   1.7421155E+02  -2.2210581E-42
   1.7454529E+02  -2.2210581E-42
   1.7487903E+02  -1.8791412E-42
   1.7521277E+02  -1.1812946E-42
   1.7554651E+02  -1.7235971E-43
   1.7588025E+02   1.0481713E-42
   1.7621398E+02   2.3303593E-42
   1.7654772E+02   3.4906345E-42
   1.7688146E+02   4.3286110E-42
   1.7721520E+02   4.6579161E-42
   1.7754894E+02   4.3370187E-42
   1.7788268E+02   3.2958540E-42
   1.7821642E+02   1.5708556E-42
   1.7855015E+02  -6.9784664E-43
   1.7888389E+02  -3.2650254E-42
   1.7921763E+02  -5.7971717E-42
   1.7955137E+02  -7.8949155E-42
   1.7988511E+02  -9.1728997E-42
   1.8021885E+02  -9.2976153E-42
   1.8055259E+02  -8.0406506E-42
   1.8088632E+02  -5.3613679E-42
   1.8122006E+02  -1.4055024E-42
   1.8155380E+02   3.4485955E-42
   1.8188754E+02   8.6249920E-42
   1.8222128E+02   1.3406222E-41
   1.8255502E+02   1.7011763E-41
   1.8288876E+02   1.8700328E-41
   1.8322249E+02   1.7893180E-41
   1.8355623E+02   1.4280633E-41
   1.8388997E+02   7.9257441E-42
   1.8422371E+02  -6.9504404E-43
   1.8455745E+02  -1.0687703E-41
   1.8489119E+02  -2.0798072E-41
   1.8522493E+02  -2.9550582E-41
   1.8555866E+02  -3.5426226E-41
   1.8589240E+02  -3.7071351E-41
   1.8622614E+02  -3.3528868E-41
   1.8655988E+02  -2.4451257E-41
   1.8689362E+02  -1.0250498E-41
   1.8722736E+02   7.8416662E-42
   1.8756110E+02   2.7817176E-41
   1.8789483E+02   4.7068214E-41
   1.8822857E+02   6.2643647E-41
   1.8856231E+02   7.1665206E-41
   1.8889605E+02   7.1722659E-41
   1.8922979E+02   6.1329229E-41
   1.8956353E+02   4.0264910E-41
   1.8989727E+02   9.8455230E-42
   1.9023100E+02  -2.7056271E-41
   1.9056474E+02  -6.6144090E-41
   1.9089848E+02  -1.0210701E-40
   1.9123222E+02  -1.2923195E-40
   1.9156596E+02  -1.4213791E-40
   1.9189970E+02  -1.3663361E-40
   1.9223344E+02  -1.1049379E-40
   1.9256718E+02  -6.4126220E-41
   1.9290091E+02  -9.0103491E-43
   1.9323465E+02   7.2828284E-41
   1.9356839E+02   1.4817470E-40
   1.9390213E+02   2.1457102E-40
   1.9423587E+02   2.6103108E-40
   1.9456961E+02   2.7763086E-40
   1.9490335E+02   2.5712005E-40
   1.9523708E+02   1.9639058E-40
   1.9557082E+02   9.7559800E-41
   1.9590456E+02  -3.1439532E-41
   1.9623830E+02  -1.7709610E-40
   1.9657204E+02  -3.2132334E-40
   1.9690578E+02  -4.4329657E-40
   1.9723952E+02  -5.2196966E-40
   1.9757325E+02  -5.3904589E-40
   1.9790699E+02  -4.8199202E-40
   1.9824073E+02  -3.4678494E-40
   1.9857447E+02  -1.3986640E-40
   1.9890821E+02   1.2109461E-40
   1.9924195E+02   4.0784091E-40
   1.9957569E+02   6.8381824E-40
   1.9990942E+02   9.0797554E-40
   2.0024316E+02   1.0398840E-39
   2.0057690E+02   1.0455186E-39
   2.0091064E+02   9.0315368E-40
   2.0124438E+02   6.0846902E-40
   2.0157812E+02   1.7804338E-40
   2.0191186E+02  -3.4953709E-40
   2.0224559E+02  -9.1545988E-40
   2.0257933E+02  -1.4456832E-39
   2.0291307E+02  -1.8588098E-39
   2.0324681E+02  -2.0764595E-39
   2.0358055E+02  -2.0348045E-39
   2.0391429E+02  -1.6961064E-39
   2.0424803E+02  -1.0584330E-39
   2.0458176E+02  -1.6200271E-40
   2.0491550E+02   9.0939226E-40
   2.0524924E+02   2.0328777E-39
   2.0558298E+02   3.0572703E-39
   2.0591672E+02   3.8197196E-39
   2.0625046E+02   4.1668409E-39
   2.0658420E+02   3.9781322E-39
   2.0691793E+02   3.1887485E-39
   2.0725167E+02   1.8082860E-39
   2.0758541E+02  -6.7755583E-41
   2.0791915E+02  -2.2567421E-39
   2.0825289E+02  -4.4998749E-39
   2.0858663E+02  -6.4859001E-39
   2.0892037E+02  -7.8863914E-39
   2.0925410E+02  -8.3996759E-39
   2.0958784E+02  -7.7985693E-39
   2.0992158E+02  -5.9758093E-39
   2.1025532E+02  -2.9803250E-39
   2.1058906E+02   9.6250707E-40
   2.1092280E+02   5.4522814E-39
   2.1125654E+02   9.9403447E-39
   2.1159027E+02   1.3782479E-38
   2.1192401E+02   1.6314606E-38
   2.1225775E+02   1.6944640E-38
   2.1259149E+02   1.5250155E-38
   2.1292523E+02   1.1068890E-38
   2.1325897E+02   4.5677650E-39
   2.1359271E+02  -3.7233425E-39
   2.1392645E+02  -1.2924159E-38
   2.1426018E+02  -2.1869269E-38
   2.1459392E+02  -2.9226055E-38
   2.1492766E+02  -3.3657522E-38
   2.1526140E+02  -3.4014491E-38
   2.1559514E+02  -2.9534461E-38
   2.1592888E+02  -2.0019636E-38
   2.1626262E+02  -5.9645681E-39
   2.1659635E+02   1.1393980E-38
   2.1693009E+02   3.0125888E-38
   2.1726383E+02   4.7765596E-38
   2.1759757E+02   6.1575375E-38
   2.1793131E+02   6.8894323E-38
   2.1826505E+02   6.7537306E-38
   2.1859879E+02   5.6194854E-38
   2.1893252E+02   3.4775710E-38
   2.1926626E+02   4.6323592E-39
   2.1960000E+02  -3.1383923E-38
   2.1993374E+02  -6.9076330E-38
   2.2026748E+02  -1.0327820E-37
   2.2060122E+02  -1.2843510E-37
   2.2093496E+02  -1.3934470E-37
   2.2126869E+02  -1.3197354E-37
   2.2160243E+02  -1.0424535E-37
   2.2193617E+02  -5.6680875E-38
   2.2226991E+02   7.2300723E-39
   2.2260365E+02   8.1024927E-38
   2.2293739E+02   1.5569711E-37
   2.2327113E+02   2.2056933E-37
   2.2360486E+02   2.6456046E-37
   2.2393860E+02   2.7772875E-37
   2.2427234E+02   2.5291296E-37
   2.2460608E+02   1.8724953E-37
   2.2493982E+02   8.3321565E-38
   2.2527356E+02  -5.0289726E-38
   2.2560730E+02  -1.9923462E-37
   2.2594103E+02  -3.4450405E-37
   2.2627477E+02  -4.6440627E-37
   2.2660851E+02  -5.3726949E-37
   2.2694225E+02  -5.4459736E-37
   2.2727599E+02  -4.7429621E-37
   2.2760973E+02  -3.2351056E-37
   2.2794347E+02  -1.0059039E-37
   2.2827720E+02   1.7424312E-37
   2.2861094E+02   4.6985049E-37
   2.2894468E+02   7.4687527E-37
   2.2927842E+02   9.6209287E-37
   2.2961216E+02   1.0740460E-36
   2.2994590E+02   1.0493604E-36
   2.3027964E+02   8.6893078E-37
   2.3061337E+02   5.3305770E-37
   2.3094711E+02   6.4610896E-38
   2.3128085E+02  -4.9056814E-37
   2.3161459E+02  -1.0665329E-36
   2.3194833E+02  -1.5834909E-36
   2.3228207E+02  -1.9570991E-36
   2.3261581E+02  -2.1099381E-36
   2.3294955E+02  -1.9838578E-36
   2.3328328E+02  -1.5515311E-36
   2.3361702E+02  -8.2542309E-37
   2.3395076E+02   1.3756160E-37
   2.3428450E+02   1.2371118E-36
   2.3461824E+02   2.3370021E-36
   2.3495198E+02   3.2789875E-36
   2.3528572E+02   3.9021186E-36
   2.3561945E+02   4.0655463E-36
   2.3595319E+02   3.6720624E-36
   2.3628693E+02   2.6890949E-36
   2.3662067E+02   1.1637035E-36
   2.3695441E+02  -7.7154534E-37
   2.3728815E+02  -2.9041114E-36
   2.3762189E+02  -4.9594339E-36
   2.3795562E+02  -6.6306606E-36
   2.3828936E+02  -7.6177157E-36
   2.3862310E+02  -7.6715298E-36
   2.3895684E+02  -6.6378431E-36
   2.3929058E+02  -4.4942132E-36
   2.3962432E+02  -1.3738198E-36
   2.3995806E+02   2.4294196E-36
   2.4029179E+02   6.4780623E-36
   2.4062553E+02   1.0231652E-35
   2.4095927E+02   1.3108286E-35
   2.4129301E+02   1.4561679E-35
   2.4162675E+02   1.4164899E-35
   2.4196049E+02   1.1689939E-35
   2.4229423E+02   7.1708169E-36
   2.4262796E+02   9.3887670E-37
   2.4296170E+02  -6.3792645E-36
   2.4329544E+02  -1.3906329E-35
   2.4362918E+02  -2.0601708E-35
   2.4396292E+02  -2.5385423E-35
   2.4429666E+02  -2.7286484E-35
   2.4463040E+02  -2.5598086E-35
   2.4496413E+02  -2.0018379E-35
   2.4529787E+02  -1.0754556E-35
   2.4563161E+02   1.4301990E-36
   2.4596535E+02   1.5242144E-35
   2.4629909E+02   2.8962008E-35
   2.4663283E+02   4.0626422E-35
   2.4696657E+02   4.8271274E-35
   2.4730030E+02   5.0211299E-35
   2.4763404E+02   4.5321538E-35
   2.4796778E+02   3.3280627E-35
   2.4830152E+02   1.4735529E-35
   2.4863526E+02  -8.6471277E-36
   2.4896900E+02  -3.4267422E-35
   2.4930274E+02  -5.8823947E-35
   2.4963647E+02  -7.8679556E-35
   2.4997021E+02  -9.0328435E-35
   2.5030395E+02  -9.0912934E-35
   2.5063769E+02  -7.8724246E-35
   2.5097143E+02  -5.3612627E-35
   2.5130517E+02  -1.7236746E-35
   2.5163891E+02   2.6907548E-35
   2.5197264E+02   7.3714556E-35
   2.5230638E+02   1.1695721E-34
   2.5264012E+02   1.5000540E-34
   2.5297386E+02   1.6670508E-34
   2.5330760E+02   1.6231754E-34
   2.5364134E+02   1.3439389E-34
   2.5397508E+02   8.3452287E-35
   2.5430882E+02   1.3333402E-35
   2.5464255E+02  -6.8861854E-35
   2.5497629E+02  -1.5330373E-34
   2.5531003E+02  -2.2842597E-34
   2.5564377E+02  -2.8230519E-34
   2.5597751E+02  -3.0428773E-34
   2.5631125E+02  -2.8667107E-34
   2.5664499E+02  -2.2620922E-34
   2.5697872E+02  -1.2520749E-34
   2.5731246E+02   8.0072632E-36
   2.5764620E+02   1.5939405E-34
   2.5797994E+02   3.1035039E-34
   2.5831368E+02   4.3966735E-34
   2.5864742E+02   5.2612712E-34
   2.5898116E+02   5.5146866E-34
   2.5931489E+02   5.0335958E-34
   2.5964863E+02   3.7795971E-34
   2.5998237E+02   1.8166071E-34
   2.6031611E+02  -6.8355812E-35
   2.6064985E+02  -3.4498321E-34
   2.6098359E+02  -6.1355805E-34
   2.6131733E+02  -8.3560888E-34
   2.6165106E+02  -9.7365931E-34
   2.6198480E+02  -9.9656143E-34
   2.6231854E+02  -8.8469771E-34
   2.6265228E+02  -6.3431025E-34
   2.6298602E+02  -2.6023856E-34
   2.6331976E+02   2.0352941E-34
   2.6365350E+02   7.0587090E-34
   2.6398723E+02   1.1831795E-33
   2.6432097E+02   1.5663719E-33
   2.6465471E+02   1.7896110E-33
   2.6498845E+02   1.7997752E-33
   2.6532219E+02   1.5654861E-33
   2.6565593E+02   1.0843805E-33
   2.6598967E+02   3.8741530E-34
   2.6632340E+02  -4.6079438E-34
   2.6665714E+02  -1.3661814E-33
   2.6699088E+02  -2.2140036E-33
   2.6732462E+02  -2.8816120E-33
   2.6765836E+02  -3.2539983E-33
   2.6799210E+02  -3.2403846E-33
   2.6832584E+02  -2.7897332E-33
   2.6865957E+02  -1.9029432E-33
   2.6899331E+02  -6.3964314E-34
   2.6932705E+02   8.8204458E-34
   2.6966079E+02   2.4936406E-33
   2.6999453E+02   3.9922815E-33
   2.7032827E+02   5.1633865E-33
   2.7066201E+02   5.8078219E-33
   2.7099574E+02   5.7705098E-33
   2.7132948E+02   4.9668049E-33
   2.7166322E+02   3.4028203E-33
   2.7199696E+02   1.1862423E-33
   2.7233070E+02  -1.4750387E-33
   2.7266444E+02  -4.2878107E-33
   2.7299818E+02  -6.9016462E-33
   2.7333192E+02  -8.9481062E-33
   2.7366565E+02  -1.0087239E-32
   2.7399939E+02  -1.0056013E-32
   2.7433313E+02  -8.7125753E-33
   2.7466687E+02  -6.0698436E-33
   2.7500061E+02  -2.3127477E-33
   2.7533435E+02   2.2051499E-33
   2.7566809E+02   6.9877467E-33
   2.7600182E+02   1.1444418E-32
   2.7633556E+02   1.4956261E-32
   2.7666930E+02   1.6953960E-32
   2.7700304E+02   1.6998342E-32
   2.7733678E+02   1.4853375E-32
   2.7767052E+02   1.0540935E-32
   2.7800426E+02   4.3681642E-33
   2.7833799E+02  -3.0795423E-33
   2.7867173E+02  -1.0982911E-32
   2.7900547E+02  -1.8368996E-32
   2.7933921E+02  -2.4220823E-32
   2.7967295E+02  -2.7605395E-32
   2.8000669E+02  -2.7805284E-32
   2.8034043E+02  -2.4436964E-32
   2.8067416E+02  -1.7538727E-32
   2.8100790E+02  -7.6131972E-33
   2.8134164E+02   4.3861838E-33
   2.8167538E+02   1.7129401E-32
   2.8200912E+02   2.9041781E-32
   2.8234286E+02   3.8482761E-32
   2.8267660E+02   4.3953133E-32
   2.8301033E+02   4.4306892E-32
   2.8334407E+02   3.8940213E-32
   2.8367781E+02   2.7930272E-32
   2.8401155E+02   1.2100052E-32
   2.8434529E+02  -7.0075068E-33
   2.8467903E+02  -2.7252538E-32
   2.8501277E+02  -4.6113136E-32
   2.8534650E+02  -6.0973879E-32
   2.8568024E+02  -6.9458186E-32
   2.8601398E+02  -6.9765678E-32
   2.8634772E+02  -6.0970841E-32
   2.8668146E+02  -4.3239566E-32
   2.8701520E+02  -1.7926092E-32
   2.8734894E+02   1.2475138E-32
   2.8768267E+02   4.4532404E-32
   2.8801641E+02   7.4224487E-32
   2.8835015E+02   9.7403378E-32
   2.8868389E+02   1.1032372E-31
   2.8901763E+02   1.1017702E-31
   2.8935137E+02   9.5560450E-32
   2.8968511E+02   6.6812960E-32
   2.9001884E+02   2.6159304E-32
   2.9035258E+02  -2.2377256E-32
   2.9068632E+02  -7.3306414E-32
   2.9102006E+02  -1.2023034E-31
   2.9135380E+02  -1.5658135E-31
   2.9168754E+02  -1.7646165E-31
   2.9202128E+02  -1.7548498E-31
   2.9235501E+02  -1.5151149E-31
   2.9268875E+02  -1.0516798E-31
   2.9302249E+02  -4.0062861E-32
   2.9335623E+02   3.7364772E-32
   2.9368997E+02   1.1838065E-31
   2.9402371E+02   1.9284744E-31
   2.9435745E+02   2.5039323E-31
   2.9469119E+02   2.8173520E-31
   2.9502492E+02   2.8000111E-31
   2.9535866E+02   2.4187649E-31
   2.9569240E+02   1.6841195E-31
   2.9602614E+02   6.5346389E-32
   2.9635988E+02  -5.7142885E-32
   2.9669362E+02  -1.8529312E-31
   2.9702736E+02  -3.0316218E-31
   2.9736109E+02  -3.9446431E-31
   2.9769483E+02  -4.4464136E-31
   2.9802857E+02  -4.4292387E-31
   2.9836231E+02  -3.8411662E-31
   2.9869605E+02  -2.6984592E-31
   2.9902979E+02  -1.0905334E-31
   2.9936353E+02   8.2404129E-32
   2.9969726E+02   2.8308984E-31
   3.0003100E+02   4.6817890E-31
   3.0036474E+02   6.1231021E-31
   3.0069848E+02   6.9279697E-31
   3.0103222E+02   6.9281531E-31
   3.0136596E+02   6.0416168E-31
   3.0169970E+02   4.2917524E-31
   3.0203343E+02   1.8149508E-31
   3.0236717E+02  -1.1455928E-31
   3.0270091E+02  -4.2604133E-31
   3.0303465E+02  -7.1474378E-31
   3.0336839E+02  -9.4157003E-31
   3.0370213E+02  -1.0714465E-30
   3.0403587E+02  -1.0782030E-30
   3.0436960E+02  -9.4877807E-31
   3.0470334E+02  -6.8615665E-31
   3.0503708E+02  -3.1053453E-31
   3.0537082E+02   1.4160722E-31
   3.0570456E+02   6.2059566E-31
   3.0603830E+02   1.0686341E-30
   3.0637204E+02   1.4263779E-30
   3.0670577E+02   1.6403194E-30
   3.0703951E+02   1.6701023E-30
   3.0737325E+02   1.4948265E-30
   3.0770699E+02   1.1174502E-30
   3.0804073E+02   5.6654126E-31
   3.0837447E+02  -1.0506772E-31
   3.0870821E+02  -8.2482407E-31
   3.0904194E+02  -1.5079021E-30
   3.0937568E+02  -2.0668369E-30
   3.0970942E+02  -2.4223109E-30
   3.1004316E+02  -2.5137949E-30
   3.1037690E+02  -2.3086758E-30
   3.1071064E+02  -1.8085742E-30
   3.1104438E+02  -1.0518087E-30
   3.1137811E+02  -1.1139342E-31
   3.1171185E+02   9.1154133E-31
   3.1204559E+02   1.8984080E-30
   3.1237933E+02   2.7268324E-30
   3.1271307E+02   3.2858110E-30
   3.1304681E+02   3.4905005E-30
   3.1338055E+02   3.2946733E-30
   3.1371429E+02   2.6990945E-30
   3.1404802E+02   1.7543742E-30
   3.1438176E+02   5.5759476E-31
   3.1471550E+02  -7.5734976E-31
   3.1504924E+02  -2.0347986E-30
   3.1538298E+02  -3.1161847E-30
   3.1571672E+02  -3.8604363E-30
   3.1605046E+02  -4.1633192E-30
   3.1638419E+02  -3.9730362E-30
   3.1671793E+02  -3.2997620E-30
   3.1705167E+02  -2.2173901E-30
   3.1738541E+02  -8.5673771E-31
   3.1771915E+02   6.0940655E-31
   3.1805289E+02   1.9879276E-30
   3.1838663E+02   3.0911149E-30
   3.1872036E+02   3.7632381E-30
   3.1905410E+02   3.9042392E-30
   3.1938784E+02   3.4870207E-30
   3.1972158E+02   2.5654260E-30
   3.2005532E+02   1.2710156E-30
   3.2038906E+02  -2.0163932E-31
   3.2072280E+02  -1.6200212E-30
   3.2105653E+02  -2.7461937E-30
   3.2139027E+02  -3.3727517E-30
   3.2172401E+02  -3.3571111E-30
   3.2205775E+02  -2.6491076E-30
   3.2239149E+02  -1.3071083E-30
   3.2272523E+02   5.0068536E-31
   3.2305897E+02   2.5113637E-30
   3.2339270E+02   4.3982015E-30
   3.2372644E+02   5.8143148E-30
   3.2406018E+02   6.4439163E-30
   3.2439392E+02   6.0543978E-30
   3.2472766E+02   4.5416498E-30
   3.2506140E+02   1.9613204E-30
   3.2539514E+02  -1.4600731E-30
   3.2572887E+02  -5.3378961E-30
   3.2606261E+02  -9.1668021E-30
   3.2639635E+02  -1.2379866E-29
   3.2673009E+02  -1.4423359E-29
   3.2706383E+02  -1.4837975E-29
   3.2739757E+02  -1.3335667E-29
   3.2773131E+02  -9.8604784E-30
   3.2806504E+02  -4.6230865E-30
   3.2839878E+02   1.8986013E-30
   3.2873252E+02   8.9966628E-30
   3.2906626E+02   1.5806519E-29
   3.2940000E+02   2.1410195E-29
   3.2973374E+02   2.4957604E-29
   3.3006748E+02   2.5790814E-29
   3.3040121E+02   2.3553895E-29
   3.3073495E+02   1.8271448E-29
   3.3106869E+02   1.0381503E-29
   3.3140243E+02   7.1343968E-31
   3.3173617E+02  -9.5911717E-30
   3.3206991E+02  -1.9209746E-29
   3.3240365E+02  -2.6808045E-29
   3.3273739E+02  -3.1227913E-29
   3.3307112E+02  -3.1668126E-29
   3.3340486E+02  -2.7832032E-29
   3.3373860E+02  -2.0017475E-29
   3.3407234E+02  -9.1299130E-30
   3.3440608E+02   3.3909849E-30
   3.3473982E+02   1.5730099E-29
   3.3507356E+02   2.5927034E-29
   3.3540729E+02   3.2153009E-29
   3.3574103E+02   3.2998998E-29
   3.3607477E+02   2.7735561E-29
   3.3640851E+02   1.6503525E-29
   3.3674225E+02   4.0026843E-31
   3.3707599E+02  -1.8563034E-29
   3.3740973E+02  -3.7642204E-29
   3.3774346E+02  -5.3669793E-29
   3.3807720E+02  -6.3465470E-29
   3.3841094E+02  -6.4301204E-29
   3.3874468E+02  -5.4362635E-29
   3.3907842E+02  -3.3142065E-29
   3.3941216E+02  -1.6997836E-30
   3.3974590E+02   3.7258830E-29
   3.4007963E+02   7.9523152E-29
   3.4041337E+02   1.1974154E-28
   3.4074711E+02   1.5198922E-28
   3.4108085E+02   1.7048653E-28
   3.4141459E+02   1.7039084E-28
   3.4174833E+02   1.4856586E-28
   3.4208207E+02   1.0422269E-28
   3.4241580E+02   3.9335930E-29
   3.4274954E+02  -4.1247284E-29
   3.4308328E+02  -1.3005396E-28
   3.4341702E+02  -2.1759534E-28
   3.4375076E+02  -2.9330286E-28
   3.4408450E+02  -3.4670641E-28
   3.4441824E+02  -3.6873099E-28
   3.4475197E+02  -3.5296078E-28
   3.4508571E+02  -2.9670824E-28
   3.4541945E+02  -2.0173466E-28
   3.4575319E+02  -7.4497095E-29
   3.4608693E+02   7.4154153E-29
   3.4642067E+02   2.2984380E-28
   3.4675441E+02   3.7604938E-28
   3.4708814E+02   4.9586668E-28
   3.4742188E+02   5.7397768E-28
   3.4775562E+02   5.9859665E-28
   3.4808936E+02   5.6315164E-28
   3.4842310E+02   4.6747009E-28
   3.4875684E+02   3.1828231E-28
   3.4909058E+02   1.2892013E-28
   3.4942431E+02  -8.1814076E-29
   3.4975805E+02  -2.9153692E-28
   3.5009179E+02  -4.7675529E-28
   3.5042553E+02  -6.1565798E-28
   3.5075927E+02  -6.9089983E-28
   3.5109301E+02  -6.9202890E-28
   3.5142675E+02  -6.1721784E-28
   3.5176048E+02  -4.7402625E-28
   3.5209422E+02  -2.7901472E-28
   3.5242796E+02  -5.6171456E-29
   3.5276170E+02   1.6574930E-28
   3.5309544E+02   3.5671966E-28
   3.5342918E+02   4.8937986E-28
   3.5376292E+02   5.4295104E-28
   3.5409666E+02   5.0660879E-28
   3.5443039E+02   3.8181703E-28
   3.5476413E+02   1.8322303E-28
   3.5509787E+02  -6.2147328E-29
   3.5543161E+02  -3.1745318E-28
   3.5576535E+02  -5.4020077E-28
   3.5609909E+02  -6.8761823E-28
   3.5643283E+02  -7.2266539E-28
   3.5676656E+02  -6.1994337E-28
   3.5710030E+02  -3.7073338E-28
   3.5743404E+02   1.3610631E-29
   3.5776778E+02   5.0052613E-28
   3.5810152E+02   1.0377800E-27
   3.5843526E+02   1.5577794E-27
   3.5876900E+02   1.9844174E-27
   3.5910273E+02   2.2418747E-27
   3.5943647E+02   2.2644753E-27
   3.5977021E+02   2.0064760E-27
   3.6010395E+02   1.4505434E-27
   3.6043769E+02   6.1371799E-28
   3.6077143E+02  -4.5016942E-28
   3.6110517E+02  -1.6523169E-27
   3.6143890E+02  -2.8752482E-27
   3.6177264E+02  -3.9833077E-27
   3.6210638E+02  -4.8365255E-27
   3.6244012E+02  -5.3065159E-27
   3.6277386E+02  -5.2927205E-27
   3.6310760E+02  -4.7370570E-27
   3.6344134E+02  -3.6350815E-27
   3.6377507E+02  -2.0419813E-27
   3.6410881E+02  -7.2187658E-29
   3.6444255E+02   2.1079153E-27
   3.6477629E+02   4.2939702E-27
   3.6511003E+02   6.2632405E-27
   3.6544377E+02   7.7979732E-27
   3.6577751E+02   8.7101114E-27
   3.6611124E+02   8.8645086E-27
   3.6644498E+02   8.1978210E-27
   3.6677872E+02   6.7304603E-27
   3.6711246E+02   4.5696767E-27
   3.6744620E+02   1.9027733E-27
   3.6777994E+02  -1.0194927E-27
   3.6811368E+02  -3.9080038E-27
   3.6844741E+02  -6.4664770E-27
   3.6878115E+02  -8.4253827E-27
   3.6911489E+02  -9.5746914E-27
   3.6944863E+02  -9.7913446E-27
   3.6978237E+02  -9.0577787E-27
   3.7011611E+02  -7.4685499E-27
   3.7044985E+02  -5.2234733E-27
   3.7078358E+02  -2.6071472E-27
   3.7111732E+02   4.3447824E-29
   3.7145106E+02   2.3801852E-27
   3.7178480E+02   4.0891945E-27
   3.7211854E+02   4.9350268E-27
   3.7245228E+02   4.7978358E-27
   3.7278602E+02   3.6982986E-27
   3.7311976E+02   1.8059449E-27
   3.7345349E+02  -5.7154667E-28
   3.7378723E+02  -3.0184241E-27
   3.7412097E+02  -5.0584500E-27
   3.7445471E+02  -6.2153958E-27
   3.7478845E+02  -6.0801431E-27
   3.7512219E+02  -4.3766334E-27
   3.7545593E+02  -1.0180389E-27
   3.7578966E+02   3.8548112E-27
   3.7612340E+02   9.8595780E-27
   3.7645714E+02   1.6387411E-26
   3.7679088E+02   2.2648514E-26
   3.7712462E+02   2.7745871E-26
   3.7745836E+02   3.0771526E-26
   3.7779210E+02   3.0916802E-26
   3.7812583E+02   2.7584179E-26
   3.7845957E+02   2.0488624E-26
   3.7879331E+02   9.7349211E-27
   3.7912705E+02  -4.1408357E-27
   3.7946079E+02  -2.0173967E-26
   3.7979453E+02  -3.7023045E-26
   3.8012827E+02  -5.3070285E-26
   3.8046200E+02  -6.6563861E-26
   3.8079574E+02  -7.5791328E-26
   3.8112948E+02  -7.9267129E-26
   3.8146322E+02  -7.5915388E-26
   3.8179696E+02  -6.5226736E-26
   3.8213070E+02  -4.7369470E-26
   3.8246444E+02  -2.3239602E-26
   3.8279817E+02   5.5633491E-27
   3.8313191E+02   3.6835213E-26
   3.8346565E+02   6.7939080E-26
   3.8379939E+02   9.6035446E-26
   3.8413313E+02   1.1834965E-25
   3.8446687E+02   1.3245177E-25
   3.8480061E+02   1.3651766E-25
   3.8513434E+02   1.2954383E-25
   3.8546808E+02   1.1148873E-25
   3.8580182E+02   8.3323797E-26
   3.8613556E+02   4.6983409E-26
   3.8646930E+02   5.2168604E-27
   3.8680304E+02  -3.8644616E-26
   3.8713678E+02  -8.0984017E-26
   3.8747051E+02  -1.1822634E-25
   3.8780425E+02  -1.4716291E-25
   3.8813799E+02  -1.6524274E-25
   3.8847173E+02  -1.7079656E-25
   3.8880547E+02  -1.6317760E-25
   3.8913921E+02  -1.4280703E-25
   3.8947295E+02  -1.1112735E-25
   3.8980668E+02  -7.0474306E-26
   3.9014042E+02  -2.3891454E-26
   3.9047416E+02   2.5093601E-26
   3.9080790E+02   7.2702635E-26
   3.9114164E+02   1.1513416E-25
   3.9147538E+02   1.4877438E-25
   3.9180912E+02   1.7039177E-25
   3.9214285E+02   1.7732096E-25
   3.9247659E+02   1.6765390E-25
   3.9281033E+02   1.4044815E-25
   3.9314407E+02   9.5959222E-26
   3.9347781E+02   3.5889270E-26
   3.9381155E+02  -3.6377775E-26
   3.9414529E+02  -1.1559342E-25
   3.9447903E+02  -1.9459542E-25
   3.9481276E+02  -2.6444952E-25
   3.9514650E+02  -3.1487435E-25
   3.9548024E+02  -3.3498838E-25
   3.9581398E+02  -3.1441314E-25
   3.9614772E+02  -2.4468542E-25
   3.9648146E+02  -1.2089136E-25
   3.9681520E+02   5.6651873E-26
   3.9714893E+02   2.8088689E-25
   3.9748267E+02   5.3695903E-25
   3.9781641E+02   8.0188672E-25
   3.9815015E+02   1.0452166E-24
   3.9848389E+02   1.2308439E-24
   3.9881763E+02   1.3200605E-24
   3.9915137E+02   1.2757375E-24
   3.9948510E+02   1.0673592E-24
   3.9981884E+02   6.7646169E-25
   4.0015258E+02   1.0186203E-25
   4.0048632E+02  -6.3605332E-25
   4.0082006E+02  -1.4927360E-24
   4.0115380E+02  -2.3992704E-24
   4.0148754E+02  -3.2650929E-24
   4.0182127E+02  -3.9839018E-24
   4.0215501E+02  -4.4426859E-24
   4.0248875E+02  -4.5333844E-24
   4.0282249E+02  -4.1662995E-24
   4.0315623E+02  -3.2839861E-24
   4.0348997E+02  -1.8740900E-24
   4.0382371E+02   2.0566491E-26
   4.0415744E+02   2.2962909E-24
   4.0449118E+02   4.7886511E-24
   4.0482492E+02   7.2793860E-24
   4.0515866E+02   9.5104889E-24
   4.0549240E+02   1.1205058E-23
   4.0582614E+02   1.2093725E-23
   4.0615988E+02   1.1944630E-23
   4.0649361E+02   1.0594280E-23
   4.0682735E+02   7.9760180E-24
   4.0716109E+02   4.1427358E-24
   4.0749483E+02  -7.1957091E-25
   4.0782857E+02  -6.2901741E-24
   4.0816231E+02  -1.2125924E-23
   4.0849605E+02  -1.7688319E-23
   4.0882978E+02  -2.2384589E-23
   4.0916352E+02  -2.5620631E-23
   4.0949726E+02  -2.6861825E-23
   4.0983100E+02  -2.5696737E-23
   4.1016474E+02  -2.1897092E-23
   4.1049848E+02  -1.5467469E-23
   4.1083222E+02  -6.6778014E-24
   4.1116595E+02   3.9270371E-24
   4.1149969E+02   1.5545015E-23
   4.1183343E+02   2.7163892E-23
   4.1216717E+02   3.7636570E-23
   4.1250091E+02   4.5780867E-23
   4.1283465E+02   5.0496350E-23
   4.1316839E+02   5.0888183E-23
   4.1350213E+02   4.6386157E-23
   4.1383586E+02   3.6844891E-23
   4.1416960E+02   2.2612808E-23
   4.1450334E+02   4.5580430E-24
   4.1483708E+02  -1.5956895E-23
   4.1517082E+02  -3.7155500E-23
   4.1550456E+02  -5.6981083E-23
   4.1583830E+02  -7.3276614E-23
   4.1617203E+02  -8.3996836E-23
   4.1650577E+02  -8.7434736E-23
   4.1683951E+02  -8.2439694E-23
   4.1717325E+02  -6.8603724E-23
   4.1750699E+02  -4.6392336E-23
   4.1784073E+02  -1.7199648E-23
   4.1817447E+02   1.6687056E-23
   4.1850820E+02   5.2220714E-23
   4.1884194E+02   8.5824192E-23
   4.1917568E+02   1.1370452E-22
   4.1950942E+02   1.3223022E-22
   4.1984316E+02   1.3834140E-22
   4.2017690E+02   1.2995470E-22
   4.2051064E+02   1.0632048E-22
   4.2084437E+02   6.8288912E-23
   4.2117811E+02   1.8442874E-23
   4.2151185E+02  -3.8936735E-23
   4.2184559E+02  -9.8098097E-23
   4.2217933E+02  -1.5224593E-22
   4.2251307E+02  -1.9415931E-22
   4.2284681E+02  -2.1696767E-22
   4.2318054E+02  -2.1502811E-22
   4.2351428E+02  -1.8482357E-22
   4.2384802E+02  -1.2578275E-22
   4.2418176E+02  -4.0905896E-23
   4.2451550E+02   6.2921338E-23
   4.2484924E+02   1.7503539E-22
   4.2518298E+02   2.8160678E-22
   4.2551671E+02   3.6679631E-22
   4.2585045E+02   4.1443188E-22
   4.2618419E+02   4.1011079E-22
   4.2651793E+02   3.4354547E-22
   4.2685167E+02   2.1089306E-22
   4.2718541E+02   1.6744147E-23
   4.2751915E+02  -2.2459178E-22
   4.2785288E+02  -4.8885506E-22
   4.2818662E+02  -7.4295390E-22
   4.2852036E+02  -9.4760062E-22
   4.2885410E+02  -1.0614591E-21
   4.2918784E+02  -1.0465712E-21
   4.2952158E+02  -8.7458608E-22
   4.2985532E+02  -5.3307317E-22
   4.3018905E+02  -3.1014893E-23
   4.3052279E+02   5.9752258E-22
   4.3085653E+02   1.2925162E-21
   4.3119027E+02   1.9706924E-21
   4.3152401E+02   2.5322517E-21
   4.3185775E+02   2.8715385E-21
   4.3219149E+02   2.8909740E-21
   4.3252522E+02   2.5169333E-21
   4.3285896E+02   1.7156215E-21
   4.3319270E+02   5.0661289E-22
   4.3352644E+02  -1.0284944E-21
   4.3386018E+02  -2.7446570E-21
   4.3419392E+02  -4.4409647E-21
   4.3452766E+02  -5.8780101E-21
   4.3486140E+02  -6.8045452E-21
   4.3519513E+02  -6.9913758E-21
   4.3552887E+02  -6.2689619E-21
   4.3586261E+02  -4.5638874E-21
   4.3619635E+02  -1.9285237E-21
   4.3653009E+02   1.4418588E-21
   4.3686383E+02   5.2095940E-21
   4.3719757E+02   8.9161233E-21
   4.3753130E+02   1.2025392E-20
   4.3786504E+02   1.3986925E-20
   4.3819878E+02   1.4313032E-20
   4.3853252E+02   1.2661339E-20
   4.3886626E+02   8.9114696E-21
   4.3920000E+02   3.2234881E-21
   4.3953374E+02  -3.9339187E-21
   4.3986747E+02  -1.1795153E-20
   4.4020121E+02  -1.9354831E-20
   4.4053495E+02  -2.5470079E-20
   4.4086869E+02  -2.9001027E-20
   4.4120243E+02  -2.8975814E-20
   4.4153617E+02  -2.4760233E-20
   4.4186991E+02  -1.6208276E-20
   4.4220364E+02  -3.7686329E-21
   4.4253738E+02   1.1475725E-20
   4.4287112E+02   2.7851536E-20
   4.4320486E+02   4.3230242E-20
   4.4353860E+02   5.5249261E-20
   4.4387234E+02   6.1601924E-20
   4.4420608E+02   6.0365509E-20
   4.4453981E+02   5.0326912E-20
   4.4487355E+02   3.1259718E-20
   4.4520729E+02   4.1065180E-21
   4.4554103E+02  -2.8972990E-20
   4.4587477E+02  -6.4714036E-20
   4.4620851E+02  -9.9025862E-20
   4.4654225E+02  -1.2742226E-19
   4.4687598E+02  -1.4556416E-19
   4.4720972E+02  -1.4985438E-19
   4.4754346E+02  -1.3800917E-19
   4.4787720E+02  -1.0952511E-19
   4.4821094E+02  -6.5964287E-20
   4.4854468E+02  -1.0997429E-20
   4.4887842E+02   4.9829745E-20
   4.4921215E+02   1.0960557E-19
   4.4954589E+02   1.6079807E-19
   4.4987963E+02   1.9616020E-19
   4.5021337E+02   2.0968707E-19
   4.5054711E+02   1.9750015E-19
   4.5088085E+02   1.5852949E-19
   4.5121459E+02   9.4881494E-20
   4.5154832E+02   1.1813697E-20
   4.5188206E+02  -8.2715347E-20
   4.5221580E+02  -1.7889418E-19
   4.5254954E+02  -2.6622035E-19
   4.5288328E+02  -3.3483876E-19
   4.5321702E+02  -3.7688388E-19
   4.5355076E+02  -3.8763669E-19
   4.5388450E+02  -3.6631983E-19
   4.5421823E+02  -3.1639229E-19
   4.5455197E+02  -2.4526448E-19
   4.5488571E+02  -1.6343383E-19
   4.5521945E+02  -8.3124297E-20
   4.5555319E+02  -1.6589120E-20
   4.5588693E+02   2.5701910E-20
   4.5622067E+02   3.6736681E-20
   4.5655440E+02   1.4247178E-20
   4.5688814E+02  -3.8605120E-20
   4.5722188E+02  -1.1328461E-19
   4.5755562E+02  -1.9671830E-19
   4.5788936E+02  -2.7284847E-19
   4.5822310E+02  -3.2472407E-19
   4.5855684E+02  -3.3687132E-19
   4.5889057E+02  -2.9762444E-19
   4.5922431E+02  -2.0109391E-19
   4.5955805E+02  -4.8477230E-20
   4.5989179E+02   1.5149653E-19
   4.6022553E+02   3.8308239E-19
   4.6055927E+02   6.2495336E-19
   4.6089301E+02   8.5236816E-19
   4.6122674E+02   1.0397752E-18
   4.6156048E+02   1.1634477E-18
   4.6189422E+02   1.2037163E-18
   4.6222796E+02   1.1463556E-18
   4.6256170E+02   9.8273834E-19
   4.6289544E+02   7.0849379E-19
   4.6322918E+02   3.2050762E-19
   4.6356291E+02  -1.8769814E-19
   4.6389665E+02  -8.3201910E-19
   4.6423039E+02  -1.6448964E-18
   4.6456413E+02  -2.6830159E-18
   4.6489787E+02  -4.0350520E-18
   4.6523161E+02  -5.8288262E-18
   4.6556535E+02  -8.2374169E-18
   4.6589908E+02  -1.1483849E-17
   4.6623282E+02  -1.5844244E-17
   4.6656656E+02  -2.1649651E-17
   4.6690030E+02  -2.9286952E-17
   4.6723404E+02  -3.9199775E-17
   4.6756778E+02  -5.1890195E-17
   4.6790152E+02  -6.7922275E-17
   4.6823525E+02  -8.7928948E-17
   4.6856899E+02  -1.1262249E-16
   4.6890273E+02  -1.4281035E-16
   4.6923647E+02  -1.7941493E-16
   4.6957021E+02  -2.2349880E-16
   4.6990395E+02  -2.7629286E-16
   4.7023769E+02  -3.3922688E-16
   4.7057142E+02  -4.1395951E-16
   4.7090516E+02  -5.0240663E-16
   4.7123890E+02  -6.0676310E-16
   4.7157264E+02  -7.2951533E-16
   4.7190638E+02  -8.7344322E-16
   4.7224012E+02  -1.0416066E-15
   4.7257386E+02  -1.2373120E-15
   4.7290760E+02  -1.4640602E-15
   4.7324133E+02  -1.7254669E-15
   4.7357507E+02  -2.0251522E-15
   4.7390881E+02  -2.3665995E-15
   4.7424255E+02  -2.7529617E-15
   4.7457629E+02  -3.1868190E-15
   4.7491003E+02  -3.6698626E-15
   4.7524377E+02  -4.2024930E-15
   4.7557750E+02  -4.7833119E-15
   4.7591124E+02  -5.4084693E-15
   4.7624498E+02  -6.0708499E-15
   4.7657872E+02  -6.7590544E-15
   4.7691246E+02  -7.4561075E-15
   4.7724620E+02  -8.1378690E-15
   4.7757994E+02  -8.7710482E-15
   4.7791367E+02  -9.3107759E-15
   4.7824741E+02  -9.6976412E-15
   4.7858115E+02  -9.8540162E-15
   4.7891489E+02  -9.6796249E-15
   4.7924863E+02  -9.0461145E-15
   4.7958237E+02  -7.7904941E-15
   4.7991611E+02  -5.7071886E-15
   4.8024984E+02  -2.5385408E-15
   4.8058358E+02   2.0366721E-15
   4.8091732E+02   8.4169020E-15
   4.8125106E+02   1.7094097E-14
   4.8158480E+02   2.8673204E-14
   4.8191854E+02   4.3895063E-14
   4.8225228E+02   6.3663328E-14
   4.8258601E+02   8.9077020E-14
   4.8291975E+02   1.2146770E-13
   4.8325349E+02   1.6244432E-13
   4.8358723E+02   2.1394477E-13
   4.8392097E+02   2.7829730E-13
   4.8425471E+02   3.5829111E-13
   4.8458845E+02   4.5725934E-13
   4.8492218E+02   5.7917560E-13
   4.8525592E+02   7.2876438E-13
   4.8558966E+02   9.1163383E-13
   4.8592340E+02   1.1344224E-12
   4.8625714E+02   1.4049760E-12
   4.8659088E+02   1.7325444E-12
   4.8692462E+02   2.1280139E-12
   4.8725835E+02   2.6041738E-12
   4.8759209E+02   3.1760163E-12
   4.8792583E+02   3.8610859E-12
   4.8825957E+02   4.6798784E-12
   4.8859331E+02   5.6562966E-12
   4.8892705E+02   6.8181641E-12
   4.8926079E+02   8.1978192E-12
   4.8959452E+02   9.8327778E-12
   4.8992826E+02   1.1766490E-11
   4.9026200E+02   1.4049191E-11
   4.9059574E+02   1.6738874E-11
   4.9092948E+02   1.9902356E-11
   4.9126322E+02   2.3616508E-11
   4.9159696E+02   2.7969651E-11
   4.9193069E+02   3.3063014E-11
   4.9226443E+02   3.9012547E-11
   4.9259817E+02   4.5950736E-11
   4.9293191E+02   5.4028809E-11
   4.9326565E+02   6.3419027E-11
   4.9359939E+02   7.4317330E-11
   4.9393313E+02   8.6946353E-11
   4.9426687E+02   1.0155840E-10
   4.9460060E+02   1.1843905E-10
   4.9493434E+02   1.3791127E-10
   4.9526808E+02   1.6033914E-10
   4.9560182E+02   1.8613311E-10
   4.9593556E+02   2.1575448E-10
   4.9626930E+02   2.4972141E-10
   4.9660304E+02   2.8861447E-10
   4.9693677E+02   3.3308339E-10
   4.9727051E+02   3.8385420E-10
   4.9760425E+02   4.4173648E-10
   4.9793799E+02   5.0763138E-10
   4.9827173E+02   5.8254013E-10
   4.9860547E+02   6.6757444E-10
   4.9893921E+02   7.6396450E-10
   4.9927294E+02   8.7307112E-10
   4.9960668E+02   9.9639541E-10
   4.9994042E+02   1.1355903E-09
   5.0027416E+02   1.2924748E-09
   5.0060790E+02   1.4690430E-09
   5.0094164E+02   1.6674803E-09
   5.0127538E+02   1.8901758E-09
   5.0160911E+02   2.1397342E-09
   5.0194285E+02   2.4189941E-09
   5.0227659E+02   2.7310376E-09
   5.0261033E+02   3.0792080E-09
   5.0294407E+02   3.4671221E-09
   5.0327781E+02   3.8986849E-09
   5.0361155E+02   4.3781045E-09
   5.0394528E+02   4.9099040E-09
   5.0427902E+02   5.4989306E-09
   5.0461276E+02   6.1503700E-09
   5.0494650E+02   6.8697634E-09
   5.0528024E+02   7.6629973E-09
   5.0561398E+02   8.5363325E-09
   5.0594772E+02   9.4963895E-09
   5.0628145E+02   1.0550163E-08
   5.0661519E+02   1.1705012E-08
   5.0694893E+02   1.2968666E-08
   5.0728267E+02   1.4349209E-08
   5.0761641E+02   1.5855070E-08
   5.0795015E+02   1.7495005E-08
   5.0828389E+02   1.9278078E-08
   5.0861762E+02   2.1213644E-08
   5.0895136E+02   2.3311300E-08
   5.0928510E+02   2.5580830E-08
   5.0961884E+02   2.8032234E-08
   5.0995258E+02   3.0675604E-08
   5.1028632E+02   3.3521069E-08
   5.1062006E+02   3.6578783E-08
   5.1095379E+02   3.9858790E-08
   5.1128753E+02   4.3370967E-08
   5.1162127E+02   4.7124963E-08
   5.1195501E+02   5.1130034E-08
   5.1228875E+02   5.5394992E-08
   5.1262249E+02   5.9928084E-08
   5.1295623E+02   6.4736817E-08
   5.1328997E+02   6.9827848E-08
   5.1362370E+02   7.5206955E-08
   5.1395744E+02   8.0878671E-08
   5.1429118E+02   8.6846313E-08
   5.1462492E+02   9.3111716E-08
   5.1495866E+02   9.9675141E-08
   5.1529240E+02   1.0653507E-07
   5.1562614E+02   1.1368800E-07
   5.1595987E+02   1.2112827E-07
   5.1629361E+02   1.2884794E-07
   5.1662735E+02   1.3683672E-07
   5.1696109E+02   1.4508136E-07
   5.1729483E+02   1.5356596E-07
   5.1762857E+02   1.6227159E-07
   5.1796231E+02   1.7117618E-07
   5.1829604E+02   1.8025420E-07
   5.1862978E+02   1.8947686E-07
   5.1896352E+02   1.9881165E-07
   5.1929726E+02   2.0822245E-07
   5.1963100E+02   2.1766931E-07
   5.1996474E+02   2.2710847E-07
   5.2029848E+02   2.3649224E-07
   5.2063221E+02   2.4576900E-07
   5.2096595E+02   2.5488325E-07
   5.2129969E+02   2.6377558E-07
   5.2163343E+02   2.7238281E-07
   5.2196717E+02   2.8063795E-07
   5.2230091E+02   2.8847077E-07
   5.2263465E+02   2.9580701E-07
   5.2296838E+02   3.0256982E-07
   5.2330212E+02   3.0867895E-07
   5.2363586E+02   3.1405170E-07
   5.2396960E+02   3.1860304E-07
   5.2430334E+02   3.2224585E-07
   5.2463708E+02   3.2489160E-07
   5.2497082E+02   3.2645062E-07
   5.2530455E+02   3.2683226E-07
   5.2563829E+02   3.2594642E-07
   5.2597203E+02   3.2370281E-07
   5.2630577E+02   3.2001236E-07
   5.2663951E+02   3.1478797E-07
   5.2697325E+02   3.0794448E-07
   5.2730699E+02   2.9939986E-07
   5.2764072E+02   2.8907570E-07
   5.2797446E+02   2.7689777E-07
   5.2830820E+02   2.6279713E-07
   5.2864194E+02   2.4671078E-07
   5.2897568E+02   2.2858170E-07
   5.2930942E+02   2.0836059E-07
   5.2964316E+02   1.8600585E-07
   5.2997689E+02   1.6148454E-07
   5.3031063E+02   1.3477300E-07
   5.3064437E+02   1.0585747E-07
   5.3097811E+02   7.4734693E-08
   5.3131185E+02   4.1412513E-08
   5.3164559E+02   5.9101768E-09
   5.3197933E+02  -3.1740864E-08
   5.3231306E+02  -7.1496885E-08
   5.3264680E+02  -1.1330127E-07
   5.3298054E+02  -1.5708456E-07
   5.3331428E+02  -2.0276411E-07
   5.3364802E+02  -2.5024400E-07
   5.3398176E+02  -2.9941506E-07
   5.3431550E+02  -3.5015501E-07
   5.3464924E+02  -4.0232837E-07
   5.3498297E+02  -4.5578690E-07
   5.3531671E+02  -5.1037028E-07
   5.3565045E+02  -5.6590579E-07
   5.3598419E+02  -6.2220954E-07
   5.3631793E+02  -6.7908678E-07
   5.3665167E+02  -7.3633271E-07
   5.3698541E+02  -7.9373353E-07
   5.3731914E+02  -8.5106649E-07
   5.3765288E+02  -9.0810232E-07
   5.3798662E+02  -9.6460462E-07
   5.3832036E+02  -1.0203323E-06
   5.3865410E+02  -1.0750405E-06
   5.3898784E+02  -1.1284815E-06
   5.3932158E+02  -1.1804058E-06
   5.3965531E+02  -1.2305650E-06
   5.3998905E+02  -1.2787114E-06
   5.4032279E+02  -1.3245995E-06
   5.4065653E+02  -1.3679895E-06
   5.4099027E+02  -1.4086461E-06
   5.4132401E+02  -1.4463426E-06
   5.4165775E+02  -1.4808588E-06
   5.4199148E+02  -1.5119863E-06
   5.4232522E+02  -1.5395271E-06
   5.4265896E+02  -1.5632965E-06
   5.4299270E+02  -1.5831237E-06
   5.4332644E+02  -1.5988519E-06
   5.4366018E+02  -1.6103431E-06
   5.4399392E+02  -1.6174746E-06
   5.4432765E+02  -1.6201420E-06
   5.4466139E+02  -1.6182613E-06
   5.4499513E+02  -1.6117682E-06
   5.4532887E+02  -1.6006180E-06
   5.4566261E+02  -1.5847885E-06
   5.4599635E+02  -1.5642771E-06
   5.4633009E+02  -1.5391055E-06
   5.4666382E+02  -1.5093154E-06
   5.4699756E+02  -1.4749709E-06
   5.4733130E+02  -1.4361585E-06
   5.4766504E+02  -1.3929849E-06
   5.4799878E+02  -1.3455802E-06
   5.4833252E+02  -1.2940931E-06
   5.4866626E+02  -1.2386927E-06
   5.4899999E+02  -1.1795676E-06
   5.4933373E+02  -1.1169245E-06
   5.4966747E+02  -1.0509874E-06
   5.5000121E+02  -9.8199689E-07
   5.5033495E+02  -9.1020718E-07
   5.5066869E+02  -8.3588748E-07
   5.5100243E+02  -7.5931831E-07
   5.5133616E+02  -6.8079135E-07
   5.5166990E+02  -6.0060654E-07
   5.5200364E+02  -5.1907273E-07
   5.5233738E+02  -4.3650351E-07
   5.5267112E+02  -3.5321722E-07
   5.5300486E+02  -2.6953427E-07
   5.5333860E+02  -1.8577637E-07
   5.5367234E+02  -1.0226380E-07
   5.5400607E+02  -1.9314413E-08
   5.5433981E+02   6.2758062E-08
   5.5467355E+02   1.4364616E-07
   5.5500729E+02   2.2304982E-07
   5.5534103E+02   3.0067832E-07
   5.5567477E+02   3.7625082E-07
   5.5600851E+02   4.4949928E-07
   5.5634224E+02   5.2016833E-07
   5.5667598E+02   5.8801731E-07
   5.5700972E+02   6.5282148E-07
   5.5734346E+02   7.1437216E-07
   5.5767720E+02   7.7247904E-07
   5.5801094E+02   8.2696954E-07
   5.5834468E+02   8.7769035E-07
   5.5867841E+02   9.2450807E-07
   5.5901215E+02   9.6730912E-07
   5.5934589E+02   1.0060000E-06
   5.5967963E+02   1.0405088E-06
   5.6001337E+02   1.0707827E-06
   5.6034711E+02   1.0967908E-06
   5.6068085E+02   1.1185219E-06
   5.6101458E+02   1.1359848E-06
   5.6134832E+02   1.1492087E-06
   5.6168206E+02   1.1582412E-06
   5.6201580E+02   1.1631487E-06
   5.6234954E+02   1.1640157E-06
   5.6268328E+02   1.1609432E-06
   5.6301702E+02   1.1540483E-06
   5.6335075E+02   1.1434638E-06
   5.6368449E+02   1.1293359E-06
   5.6401823E+02   1.1118245E-06
   5.6435197E+02   1.0911007E-06
   5.6468571E+02   1.0673459E-06
   5.6501945E+02   1.0407520E-06
   5.6535319E+02   1.0115183E-06
   5.6568692E+02   9.7985094E-07
   5.6602066E+02   9.4596197E-07
   5.6635440E+02   9.1006780E-07
   5.6668814E+02   8.7238720E-07
   5.6702188E+02   8.3314137E-07
   5.6735562E+02   7.9255136E-07
   5.6768936E+02   7.5083750E-07
   5.6802309E+02   7.0821875E-07
   5.6835683E+02   6.6491066E-07
   5.6869057E+02   6.2112423E-07
   5.6902431E+02   5.7706563E-07
   5.6935805E+02   5.3293462E-07
   5.6969179E+02   4.8892429E-07
   5.7002553E+02   4.4521946E-07
   5.7035926E+02   4.0199637E-07
   5.7069300E+02   3.5942190E-07
   5.7102674E+02   3.1765259E-07
   5.7136048E+02   2.7683481E-07
   5.7169422E+02   2.3710363E-07
   5.7202796E+02   1.9858278E-07
   5.7236170E+02   1.6138441E-07
   5.7269543E+02   1.2560888E-07
   5.7302917E+02   9.1344184E-08
   5.7336291E+02   5.8666654E-08
   5.7369665E+02   2.7640368E-08
   5.7403039E+02  -1.6825155E-09
   5.7436413E+02  -2.9261464E-08
   5.7469787E+02  -5.5067733E-08
   5.7503161E+02  -7.9083705E-08
   5.7536534E+02  -1.0130267E-07
   5.7569908E+02  -1.2172828E-07
   5.7603282E+02  -1.4037435E-07
   5.7636656E+02  -1.5726400E-07
   5.7670030E+02  -1.7242921E-07
   5.7703404E+02  -1.8591021E-07
   5.7736778E+02  -1.9775473E-07
   5.7770151E+02  -2.0801750E-07
   5.7803525E+02  -2.1675943E-07
   5.7836899E+02  -2.2404697E-07
   5.7870273E+02  -2.2995133E-07
   5.7903647E+02  -2.3454794E-07
   5.7937021E+02  -2.3791543E-07
   5.7970395E+02  -2.4013522E-07
   5.8003768E+02  -2.4129071E-07
   5.8037142E+02  -2.4146635E-07
   5.8070516E+02  -2.4074731E-07
   5.8103890E+02  -2.3921851E-07
   5.8137264E+02  -2.3696423E-07
   5.8170638E+02  -2.3406731E-07
   5.8204012E+02  -2.3060883E-07
   5.8237385E+02  -2.2666737E-07
   5.8270759E+02  -2.2231853E-07
   5.8304133E+02  -2.1763489E-07
   5.8337507E+02  -2.1268505E-07
   5.8370881E+02  -2.0753383E-07
   5.8404255E+02  -2.0224152E-07
   5.8437629E+02  -1.9686394E-07
   5.8471002E+02  -1.9145209E-07
   5.8504376E+02  -1.8605209E-07
   5.8537750E+02  -1.8070503E-07
   5.8571124E+02  -1.7544689E-07
   5.8604498E+02  -1.7030871E-07
   5.8637872E+02  -1.6531646E-07
   5.8671246E+02  -1.6049128E-07
   5.8704619E+02  -1.5584962E-07
   5.8737993E+02  -1.5140330E-07
   5.8771367E+02  -1.4715988E-07
   5.8804741E+02  -1.4312280E-07
   5.8838115E+02  -1.3929164E-07
   5.8871489E+02  -1.3566249E-07
   5.8904863E+02  -1.3222815E-07
   5.8938236E+02  -1.2897864E-07
   5.8971610E+02  -1.2590144E-07
   5.9004984E+02  -1.2298182E-07
   5.9038358E+02  -1.2020332E-07
   5.9071732E+02  -1.1754815E-07
   5.9105106E+02  -1.1499758E-07
   5.9138480E+02  -1.1253208E-07
   5.9171853E+02  -1.1013208E-07
   5.9205227E+02  -1.0777802E-07
   5.9238601E+02  -1.0545073E-07
   5.9271975E+02  -1.0313190E-07
   5.9305349E+02  -1.0080420E-07
   5.9338723E+02  -9.8451636E-08
   5.9372097E+02  -9.6059786E-08
   5.9405471E+02  -9.3616023E-08
   5.9438844E+02  -9.1109811E-08
   5.9472218E+02  -8.8532730E-08
   5.9505592E+02  -8.5878717E-08
   5.9538966E+02  -8.3144151E-08
   5.9572340E+02  -8.0327901E-08
   5.9605714E+02  -7.7431423E-08
   5.9639088E+02  -7.4458647E-08
   5.9672461E+02  -7.1416139E-08
   5.9705835E+02  -6.8312843E-08
   5.9739209E+02  -6.5160087E-08
   5.9772583E+02  -6.1971534E-08
   5.9805957E+02  -5.8762961E-08
   5.9839331E+02  -5.5552213E-08
   5.9872705E+02  -5.2358878E-08
   5.9906078E+02  -4.9204239E-08
   5.9939452E+02  -4.6111005E-08
   5.9972826E+02  -4.3102979E-08
   6.0006200E+02  -4.0205038E-08
   6.0039574E+02  -3.7442618E-08
   6.0072948E+02  -3.4841563E-08
   6.0106322E+02  -3.2427920E-08
   6.0139695E+02  -3.0227568E-08
   6.0173069E+02  -2.8266001E-08
   6.0206443E+02  -2.6568038E-08
   6.0239817E+02  -2.5157568E-08
   6.0273191E+02  -2.4057421E-08
   6.0306565E+02  -2.3288891E-08
   6.0339939E+02  -2.2871824E-08
   6.0373312E+02  -2.2824068E-08
   6.0406686E+02  -2.3161547E-08
   6.0440060E+02  -2.3897861E-08
   6.0473434E+02  -2.5044272E-08
   6.0506808E+02  -2.6609442E-08
   6.0540182E+02  -2.8599359E-08
   6.0573556E+02  -3.1017137E-08
   6.0606929E+02  -3.3863074E-08
   6.0640303E+02  -3.7134534E-08
   6.0673677E+02  -4.0825746E-08
   6.0707051E+02  -4.4928029E-08
   6.0740425E+02  -4.9429708E-08
   6.0773799E+02  -5.4316068E-08
   6.0807173E+02  -5.9569508E-08
   6.0840546E+02  -6.5169495E-08
   6.0873920E+02  -7.1092749E-08
   6.0907294E+02  -7.7313288E-08
   6.0940668E+02  -8.3802576E-08
   6.0974042E+02  -9.0529639E-08
   6.1007416E+02  -9.7461275E-08
   6.1040790E+02  -1.0456224E-07
   6.1074163E+02  -1.1179537E-07
   6.1107537E+02  -1.1912173E-07
   6.1140911E+02  -1.2650116E-07
   6.1174285E+02  -1.3389210E-07
   6.1207659E+02  -1.4125206E-07
   6.1241033E+02  -1.4853777E-07
   6.1274407E+02  -1.5570562E-07
   6.1307781E+02  -1.6271156E-07
   6.1341154E+02  -1.6951167E-07
   6.1374528E+02  -1.7606233E-07
   6.1407902E+02  -1.8232035E-07
   6.1441276E+02  -1.8824350E-07
   6.1474650E+02  -1.9379043E-07
   6.1508024E+02  -1.9892130E-07
   6.1541398E+02  -2.0359764E-07
   6.1574771E+02  -2.0778296E-07
   6.1608145E+02  -2.1144272E-07
   6.1641519E+02  -2.1454474E-07
   6.1674893E+02  -2.1705918E-07
   6.1708267E+02  -2.1895896E-07
   6.1741641E+02  -2.2021986E-07
   6.1775015E+02  -2.2082052E-07
   6.1808388E+02  -2.2074296E-07
   6.1841762E+02  -2.1997228E-07
   6.1875136E+02  -2.1849704E-07
   6.1908510E+02  -2.1630927E-07
   6.1941884E+02  -2.1340458E-07
   6.1975258E+02  -2.0978200E-07
   6.2008632E+02  -2.0544451E-07
   6.2042005E+02  -2.0039857E-07
   6.2075379E+02  -1.9465428E-07
   6.2108753E+02  -1.8822526E-07
   6.2142127E+02  -1.8112890E-07
   6.2175501E+02  -1.7338604E-07
   6.2208875E+02  -1.6502068E-07
   6.2242249E+02  -1.5606031E-07
   6.2275622E+02  -1.4653526E-07
   6.2308996E+02  -1.3647909E-07
   6.2342370E+02  -1.2592791E-07
   6.2375744E+02  -1.1492044E-07
   6.2409118E+02  -1.0349778E-07
   6.2442492E+02  -9.1703022E-08
   6.2475866E+02  -7.9581227E-08
   6.2509239E+02  -6.7178931E-08
   6.2542613E+02  -5.4544003E-08
   6.2575987E+02  -4.1725308E-08
   6.2609361E+02  -2.8772369E-08
   6.2642735E+02  -1.5735061E-08
   6.2676109E+02  -2.6633260E-09
   6.2709483E+02   1.0393165E-08
   6.2742856E+02   2.3385336E-08
   6.2776230E+02   3.6264971E-08
   6.2809604E+02   4.8985118E-08
   6.2842978E+02   6.1500216E-08
   6.2876352E+02   7.3766543E-08
   6.2909726E+02   8.5742414E-08
   6.2943100E+02   9.7388522E-08
   6.2976473E+02   1.0866813E-07
   6.3009847E+02   1.1954734E-07
   6.3043221E+02   1.2999539E-07
   6.3076595E+02   1.3998473E-07
   6.3109969E+02   1.4949133E-07
   6.3143343E+02   1.5849474E-07
   6.3176717E+02   1.6697817E-07
   6.3210090E+02   1.7492883E-07
   6.3243464E+02   1.8233750E-07
   6.3276838E+02   1.8919908E-07
   6.3310212E+02   1.9551213E-07
   6.3343586E+02   2.0127915E-07
   6.3376960E+02   2.0650634E-07
   6.3410334E+02   2.1120351E-07
   6.3443708E+02   2.1538393E-07
   6.3477081E+02   2.1906430E-07
   6.3510455E+02   2.2226438E-07
   6.3543829E+02   2.2500654E-07
   6.3577203E+02   2.2731618E-07
   6.3610577E+02   2.2922052E-07
   6.3643951E+02   2.3074901E-07
   6.3677325E+02   2.3193233E-07
   6.3710698E+02   2.3280263E-07
   6.3744072E+02   2.3339247E-07
   6.3777446E+02   2.3373494E-07
   6.3810820E+02   2.3386295E-07
   6.3844194E+02   2.3380885E-07
   6.3877568E+02   2.3360387E-07
   6.3910942E+02   2.3327799E-07
   6.3944315E+02   2.3285904E-07
   6.3977689E+02   2.3237261E-07
   6.4011063E+02   2.3184137E-07
   6.4044437E+02   2.3128482E-07
   6.4077811E+02   2.3071871E-07
   6.4111185E+02   2.3015482E-07
   6.4144559E+02   2.2960035E-07
   6.4177932E+02   2.2905814E-07
   6.4211306E+02   2.2852586E-07
   6.4244680E+02   2.2799597E-07
   6.4278054E+02   2.2745581E-07
   6.4311428E+02   2.2688693E-07
   6.4344802E+02   2.2626548E-07
   6.4378176E+02   2.2556210E-07
   6.4411549E+02   2.2474168E-07
   6.4444923E+02   2.2376338E-07
   6.4478297E+02   2.2258149E-07
   6.4511671E+02   2.2114492E-07
   6.4545045E+02   2.1939721E-07
   6.4578419E+02   2.1727791E-07
   6.4611793E+02   2.1472201E-07
   6.4645166E+02   2.1166070E-07
   6.4678540E+02   2.0802207E-07
   6.4711914E+02   2.0373152E-07
   6.4745288E+02   1.9871190E-07
   6.4778662E+02   1.9288503E-07
   6.4812036E+02   1.8617158E-07
   6.4845410E+02   1.7849229E-07
   6.4878783E+02   1.6976828E-07
   6.4912157E+02   1.5992222E-07
   6.4945531E+02   1.4887867E-07
   6.4978905E+02   1.3656552E-07
   6.5012279E+02   1.2291413E-07
   6.5045653E+02   1.0786037E-07
   6.5079027E+02   9.1345569E-08
   6.5112400E+02   7.3317239E-08
   6.5145774E+02   5.3729543E-08
   6.5179148E+02   3.2544360E-08
   6.5212522E+02   9.7321262E-09
   6.5245896E+02  -1.4728474E-08
   6.5279270E+02  -4.0848668E-08
   6.5312644E+02  -6.8630072E-08
   6.5346018E+02  -9.8063950E-08
   6.5379391E+02  -1.2913030E-07
   6.5412765E+02  -1.6179831E-07
   6.5446139E+02  -1.9602552E-07
   6.5479513E+02  -2.3175789E-07
   6.5512887E+02  -2.6892968E-07
   6.5546261E+02  -3.0746338E-07
   6.5579635E+02  -3.4727012E-07
   6.5613008E+02  -3.8824942E-07
   6.5646382E+02  -4.3028967E-07
   6.5679756E+02  -4.7326864E-07
   6.5713130E+02  -5.1705376E-07
   6.5746504E+02  -5.6150265E-07
   6.5779878E+02  -6.0646397E-07
   6.5813252E+02  -6.5177773E-07
   6.5846625E+02  -6.9727633E-07
   6.5879999E+02  -7.4278546E-07
   6.5913373E+02  -7.8812491E-07
   6.5946747E+02  -8.3310937E-07
   6.5980121E+02  -8.7754972E-07
   6.6013495E+02  -9.2125424E-07
