  -7.8094826E+01   0.0000000E+00
  -7.7761087E+01   0.0000000E+00
  -7.7427349E+01   0.0000000E+00
  -7.7093610E+01   0.0000000E+00
  -7.6759871E+01   0.0000000E+00
  -7.6426133E+01   0.0000000E+00
  -7.6092394E+01   0.0000000E+00
  -7.5758656E+01   0.0000000E+00
  -7.5424917E+01   0.0000000E+00
  -7.5091178E+01   0.0000000E+00
  -7.4757440E+01   0.0000000E+00
  -7.4423701E+01   0.0000000E+00
  -7.4089963E+01   0.0000000E+00
  -7.3756224E+01   0.0000000E+00
  -7.3422485E+01   0.0000000E+00
  -7.3088747E+01   0.0000000E+00
  -7.2755008E+01   0.0000000E+00
  -7.2421270E+01   0.0000000E+00
  -7.2087531E+01   0.0000000E+00
  -7.1753792E+01   0.0000000E+00
  -7.1420054E+01   0.0000000E+00
  -7.1086315E+01   0.0000000E+00
  -7.0752577E+01   0.0000000E+00
  -7.0418838E+01   0.0000000E+00
  -7.0085099E+01   0.0000000E+00
  -6.9751361E+01   0.0000000E+00
  -6.9417622E+01   0.0000000E+00
  -6.9083884E+01   0.0000000E+00
  -6.8750145E+01   0.0000000E+00
  -6.8416406E+01   0.0000000E+00
  -6.8082668E+01   0.0000000E+00
  -6.7748929E+01   0.0000000E+00
  -6.7415191E+01   0.0000000E+00
  -6.7081452E+01   0.0000000E+00
  -6.6747714E+01   0.0000000E+00
  -6.6413975E+01   0.0000000E+00
  -6.6080236E+01   0.0000000E+00
  -6.5746498E+01   0.0000000E+00
  -6.5412759E+01   0.0000000E+00
  -6.5079021E+01   0.0000000E+00
  -6.4745282E+01   0.0000000E+00
  -6.4411543E+01   0.0000000E+00
  -6.4077805E+01   0.0000000E+00
  -6.3744066E+01   0.0000000E+00
  -6.3410328E+01   0.0000000E+00
  -6.3076589E+01   0.0000000E+00
  -6.2742850E+01   0.0000000E+00
  -6.2409112E+01   0.0000000E+00
  -6.2075373E+01   0.0000000E+00
  -6.1741635E+01   0.0000000E+00
  -6.1407896E+01   0.0000000E+00
  -6.1074157E+01   0.0000000E+00
  -6.0740419E+01   0.0000000E+00
  -6.0406680E+01   0.0000000E+00
  -6.0072942E+01   0.0000000E+00
  -5.9739203E+01   0.0000000E+00
  -5.9405464E+01   0.0000000E+00
  -5.9071726E+01   0.0000000E+00
  -5.8737987E+01   0.0000000E+00
  -5.8404249E+01   0.0000000E+00
  -5.8070510E+01   0.0000000E+00
  -5.7736771E+01   0.0000000E+00
  -5.7403033E+01   0.0000000E+00
  -5.7069294E+01   0.0000000E+00
  -5.6735556E+01   0.0000000E+00
  -5.6401817E+01   0.0000000E+00
  -5.6068078E+01   0.0000000E+00
  -5.5734340E+01   0.0000000E+00
  -5.5400601E+01   0.0000000E+00
  -5.5066863E+01   0.0000000E+00
  -5.4733124E+01   0.0000000E+00
  -5.4399385E+01   0.0000000E+00
  -5.4065647E+01   0.0000000E+00
  -5.3731908E+01   0.0000000E+00
  -5.3398170E+01   0.0000000E+00
  -5.3064431E+01   0.0000000E+00
  -5.2730693E+01   0.0000000E+00
  -5.2396954E+01   0.0000000E+00
  -5.2063215E+01   0.0000000E+00
  -5.1729477E+01   0.0000000E+00
  -5.1395738E+01   0.0000000E+00
  -5.1062000E+01   0.0000000E+00
  -5.0728261E+01   0.0000000E+00
  -5.0394522E+01   0.0000000E+00
  -5.0060784E+01   0.0000000E+00
  -4.9727045E+01   0.0000000E+00
  -4.9393307E+01   0.0000000E+00
  -4.9059568E+01   0.0000000E+00
  -4.8725829E+01   0.0000000E+00
  -4.8392091E+01   0.0000000E+00
  -4.8058352E+01   0.0000000E+00
  -4.7724614E+01   0.0000000E+00
  -4.7390875E+01   0.0000000E+00
  -4.7057136E+01   0.0000000E+00
  -4.6723398E+01   0.0000000E+00
  -4.6389659E+01   0.0000000E+00
  -4.6055921E+01   0.0000000E+00
  -4.5722182E+01   0.0000000E+00
  -4.5388443E+01   0.0000000E+00
  -4.5054705E+01   0.0000000E+00
  -4.4720966E+01   0.0000000E+00
  -4.4387228E+01   0.0000000E+00
  -4.4053489E+01   0.0000000E+00
  -4.3719750E+01   0.0000000E+00
  -4.3386012E+01   0.0000000E+00
  -4.3052273E+01   0.0000000E+00
  -4.2718535E+01   0.0000000E+00
  -4.2384796E+01   0.0000000E+00
  -4.2051057E+01   0.0000000E+00
  -4.1717319E+01   0.0000000E+00
  -4.1383580E+01   0.0000000E+00
  -4.1049842E+01   0.0000000E+00
  -4.0716103E+01   0.0000000E+00
  -4.0382364E+01   0.0000000E+00
  -4.0048626E+01   0.0000000E+00
  -3.9714887E+01   0.0000000E+00
  -3.9381149E+01   0.0000000E+00
  -3.9047410E+01   0.0000000E+00
  -3.8713672E+01   0.0000000E+00
  -3.8379933E+01   0.0000000E+00
  -3.8046194E+01   0.0000000E+00
  -3.7712456E+01   0.0000000E+00
  -3.7378717E+01   0.0000000E+00
  -3.7044979E+01   0.0000000E+00
  -3.6711240E+01   0.0000000E+00
  -3.6377501E+01   0.0000000E+00
  -3.6043763E+01   0.0000000E+00
  -3.5710024E+01   0.0000000E+00
  -3.5376286E+01   0.0000000E+00
  -3.5042547E+01   0.0000000E+00
  -3.4708808E+01   0.0000000E+00
  -3.4375070E+01   0.0000000E+00
  -3.4041331E+01   0.0000000E+00
  -3.3707593E+01   0.0000000E+00
  -3.3373854E+01   0.0000000E+00
  -3.3040115E+01   0.0000000E+00
  -3.2706377E+01   0.0000000E+00
  -3.2372638E+01   0.0000000E+00
  -3.2038900E+01   0.0000000E+00
  -3.1705161E+01   0.0000000E+00
  -3.1371422E+01   0.0000000E+00
  -3.1037684E+01   0.0000000E+00
  -3.0703945E+01   0.0000000E+00
  -3.0370207E+01   0.0000000E+00
  -3.0036468E+01   0.0000000E+00
  -2.9702729E+01   0.0000000E+00
  -2.9368991E+01   0.0000000E+00
  -2.9035252E+01   0.0000000E+00
  -2.8701514E+01   0.0000000E+00
  -2.8367775E+01   0.0000000E+00
  -2.8034036E+01   0.0000000E+00
  -2.7700298E+01   0.0000000E+00
  -2.7366559E+01   0.0000000E+00
  -2.7032821E+01   0.0000000E+00
  -2.6699082E+01   0.0000000E+00
  -2.6365343E+01   0.0000000E+00
  -2.6031605E+01   0.0000000E+00
  -2.5697866E+01   0.0000000E+00
  -2.5364128E+01   0.0000000E+00
  -2.5030389E+01   0.0000000E+00
  -2.4696651E+01   0.0000000E+00
  -2.4362912E+01   0.0000000E+00
  -2.4029173E+01   0.0000000E+00
  -2.3695435E+01   0.0000000E+00
  -2.3361696E+01   0.0000000E+00
  -2.3027958E+01   0.0000000E+00
  -2.2694219E+01   0.0000000E+00
  -2.2360480E+01   0.0000000E+00
  -2.2026742E+01   0.0000000E+00
  -2.1693003E+01   0.0000000E+00
  -2.1359265E+01   0.0000000E+00
  -2.1025526E+01   0.0000000E+00
  -2.0691787E+01   0.0000000E+00
  -2.0358049E+01   0.0000000E+00
  -2.0024310E+01   0.0000000E+00
  -1.9690572E+01   0.0000000E+00
  -1.9356833E+01   0.0000000E+00
  -1.9023094E+01   0.0000000E+00
  -1.8689356E+01   0.0000000E+00
  -1.8355617E+01   0.0000000E+00
  -1.8021879E+01   0.0000000E+00
  -1.7688140E+01   0.0000000E+00
  -1.7354401E+01   0.0000000E+00
  -1.7020663E+01   0.0000000E+00
  -1.6686924E+01   0.0000000E+00
  -1.6353186E+01   0.0000000E+00
  -1.6019447E+01   0.0000000E+00
  -1.5685708E+01   0.0000000E+00
  -1.5351970E+01   0.0000000E+00
  -1.5018231E+01   0.0000000E+00
  -1.4684493E+01   0.0000000E+00
  -1.4350754E+01   0.0000000E+00
  -1.4017015E+01   0.0000000E+00
  -1.3683277E+01   0.0000000E+00
  -1.3349538E+01   0.0000000E+00
  -1.3015800E+01   0.0000000E+00
  -1.2682061E+01   0.0000000E+00
  -1.2348322E+01   0.0000000E+00
  -1.2014584E+01   0.0000000E+00
  -1.1680845E+01   0.0000000E+00
  -1.1347107E+01   0.0000000E+00
  -1.1013368E+01   0.0000000E+00
  -1.0679630E+01   0.0000000E+00
  -1.0345891E+01   0.0000000E+00
  -1.0012152E+01   0.0000000E+00
  -9.6784137E+00   0.0000000E+00
  -9.3446751E+00   0.0000000E+00
  -9.0109365E+00   0.0000000E+00
  -8.6771979E+00   0.0000000E+00
  -8.3434593E+00   0.0000000E+00
  -8.0097207E+00   0.0000000E+00
  -7.6759821E+00   0.0000000E+00
  -7.3422436E+00   0.0000000E+00
  -7.0085050E+00   0.0000000E+00
  -6.6747664E+00   0.0000000E+00
  -6.3410278E+00   0.0000000E+00
  -6.0072892E+00   0.0000000E+00
  -5.6735506E+00   0.0000000E+00
  -5.3398120E+00   0.0000000E+00
  -5.0060734E+00   0.0000000E+00
  -4.6723348E+00   0.0000000E+00
  -4.3385962E+00   0.0000000E+00
  -4.0048576E+00   0.0000000E+00
  -3.6711190E+00   0.0000000E+00
  -3.3373804E+00   0.0000000E+00
  -3.0036418E+00   0.0000000E+00
  -2.6699032E+00   0.0000000E+00
  -2.3361646E+00   0.0000000E+00
  -2.0024260E+00   0.0000000E+00
  -1.6686874E+00   0.0000000E+00
  -1.3349488E+00   0.0000000E+00
  -1.0012102E+00   0.0000000E+00
  -6.6747165E-01   0.0000000E+00
  -3.3373305E-01   0.0000000E+00
   5.5432320E-06   0.0000000E+00
   3.3374414E-01   0.0000000E+00
   6.6748273E-01   0.0000000E+00
   1.0012213E+00   0.0000000E+00
   1.3349599E+00   0.0000000E+00
   1.6686985E+00   0.0000000E+00
   2.0024371E+00   0.0000000E+00
   2.3361757E+00   0.0000000E+00
   2.6699143E+00   0.0000000E+00
   3.0036529E+00   0.0000000E+00
   3.3373915E+00   0.0000000E+00
   3.6711301E+00   0.0000000E+00
   4.0048687E+00   0.0000000E+00
   4.3386073E+00   0.0000000E+00
   4.6723459E+00   0.0000000E+00
   5.0060845E+00   0.0000000E+00
   5.3398231E+00   0.0000000E+00
   5.6735617E+00   0.0000000E+00
   6.0073003E+00   0.0000000E+00
   6.3410389E+00   0.0000000E+00
   6.6747774E+00   0.0000000E+00
   7.0085160E+00   0.0000000E+00
   7.3422546E+00   0.0000000E+00
   7.6759932E+00   0.0000000E+00
   8.0097318E+00   0.0000000E+00
   8.3434704E+00   0.0000000E+00
   8.6772090E+00   0.0000000E+00
   9.0109476E+00   0.0000000E+00
   9.3446862E+00   0.0000000E+00
   9.6784248E+00   0.0000000E+00
   1.0012163E+01   0.0000000E+00
   1.0345902E+01   0.0000000E+00
   1.0679641E+01   0.0000000E+00
   1.1013379E+01   0.0000000E+00
   1.1347118E+01   0.0000000E+00
   1.1680856E+01   0.0000000E+00
   1.2014595E+01   0.0000000E+00
   1.2348334E+01   0.0000000E+00
   1.2682072E+01   0.0000000E+00
   1.3015811E+01   0.0000000E+00
   1.3349549E+01   0.0000000E+00
   1.3683288E+01   0.0000000E+00
   1.4017027E+01   0.0000000E+00
   1.4350765E+01   0.0000000E+00
   1.4684504E+01   0.0000000E+00
   1.5018242E+01   0.0000000E+00
   1.5351981E+01   0.0000000E+00
   1.5685720E+01   0.0000000E+00
   1.6019458E+01   0.0000000E+00
   1.6353197E+01   0.0000000E+00
   1.6686935E+01   0.0000000E+00
   1.7020674E+01   0.0000000E+00
   1.7354412E+01   0.0000000E+00
   1.7688151E+01   0.0000000E+00
   1.8021890E+01   0.0000000E+00
   1.8355628E+01   0.0000000E+00
   1.8689367E+01   0.0000000E+00
   1.9023105E+01   0.0000000E+00
   1.9356844E+01   0.0000000E+00
   1.9690583E+01   0.0000000E+00
   2.0024321E+01   0.0000000E+00
   2.0358060E+01   0.0000000E+00
   2.0691798E+01   0.0000000E+00
   2.1025537E+01   0.0000000E+00
   2.1359276E+01   0.0000000E+00
   2.1693014E+01   0.0000000E+00
   2.2026753E+01   0.0000000E+00
   2.2360491E+01   0.0000000E+00
   2.2694230E+01   0.0000000E+00
   2.3027969E+01   0.0000000E+00
   2.3361707E+01   0.0000000E+00
   2.3695446E+01   0.0000000E+00
   2.4029184E+01   0.0000000E+00
   2.4362923E+01   0.0000000E+00
   2.4696662E+01   0.0000000E+00
   2.5030400E+01   0.0000000E+00
   2.5364139E+01   0.0000000E+00
   2.5697877E+01   0.0000000E+00
   2.6031616E+01   0.0000000E+00
   2.6365355E+01   0.0000000E+00
   2.6699093E+01   0.0000000E+00
   2.7032832E+01   0.0000000E+00
   2.7366570E+01   0.0000000E+00
   2.7700309E+01   0.0000000E+00
   2.8034048E+01   0.0000000E+00
   2.8367786E+01   0.0000000E+00
   2.8701525E+01   0.0000000E+00
   2.9035263E+01   0.0000000E+00
   2.9369002E+01   0.0000000E+00
   2.9702741E+01   0.0000000E+00
   3.0036479E+01   0.0000000E+00
   3.0370218E+01   0.0000000E+00
   3.0703956E+01   0.0000000E+00
   3.1037695E+01   0.0000000E+00
   3.1371433E+01   0.0000000E+00
   3.1705172E+01   0.0000000E+00
   3.2038911E+01   0.0000000E+00
   3.2372649E+01   0.0000000E+00
   3.2706388E+01   0.0000000E+00
   3.3040126E+01   0.0000000E+00
   3.3373865E+01   0.0000000E+00
   3.3707604E+01   0.0000000E+00
   3.4041342E+01   0.0000000E+00
   3.4375081E+01   0.0000000E+00
   3.4708819E+01   0.0000000E+00
   3.5042558E+01   0.0000000E+00
   3.5376297E+01   0.0000000E+00
   3.5710035E+01   0.0000000E+00
   3.6043774E+01   0.0000000E+00
   3.6377512E+01   0.0000000E+00
   3.6711251E+01   0.0000000E+00
   3.7044990E+01   0.0000000E+00
   3.7378728E+01   0.0000000E+00
   3.7712467E+01   0.0000000E+00
   3.8046205E+01   0.0000000E+00
   3.8379944E+01   0.0000000E+00
   3.8713683E+01   0.0000000E+00
   3.9047421E+01   0.0000000E+00
   3.9381160E+01   0.0000000E+00
   3.9714898E+01   0.0000000E+00
   4.0048637E+01   0.0000000E+00
   4.0382376E+01   0.0000000E+00
   4.0716114E+01   0.0000000E+00
   4.1049853E+01   0.0000000E+00
   4.1383591E+01   0.0000000E+00
   4.1717330E+01   0.0000000E+00
   4.2051069E+01   0.0000000E+00
   4.2384807E+01   0.0000000E+00
   4.2718546E+01   0.0000000E+00
   4.3052284E+01   0.0000000E+00
   4.3386023E+01   0.0000000E+00
   4.3719762E+01   0.0000000E+00
   4.4053500E+01   0.0000000E+00
   4.4387239E+01   0.0000000E+00
   4.4720977E+01   0.0000000E+00
   4.5054716E+01   0.0000000E+00
   4.5388454E+01   0.0000000E+00
   4.5722193E+01   0.0000000E+00
   4.6055932E+01   0.0000000E+00
   4.6389670E+01   0.0000000E+00
   4.6723409E+01   0.0000000E+00
   4.7057147E+01   0.0000000E+00
   4.7390886E+01   0.0000000E+00
   4.7724625E+01   0.0000000E+00
   4.8058363E+01   0.0000000E+00
   4.8392102E+01   0.0000000E+00
   4.8725840E+01   0.0000000E+00
   4.9059579E+01   0.0000000E+00
   4.9393318E+01   0.0000000E+00
   4.9727056E+01   0.0000000E+00
   5.0060795E+01   0.0000000E+00
   5.0394533E+01   0.0000000E+00
   5.0728272E+01   0.0000000E+00
   5.1062011E+01   0.0000000E+00
   5.1395749E+01   0.0000000E+00
   5.1729488E+01   0.0000000E+00
   5.2063226E+01   0.0000000E+00
   5.2396965E+01   0.0000000E+00
   5.2730704E+01   0.0000000E+00
   5.3064442E+01   0.0000000E+00
   5.3398181E+01   0.0000000E+00
   5.3731919E+01   0.0000000E+00
   5.4065658E+01   0.0000000E+00
   5.4399397E+01   0.0000000E+00
   5.4733135E+01   0.0000000E+00
   5.5066874E+01   0.0000000E+00
   5.5400612E+01   0.0000000E+00
   5.5734351E+01   0.0000000E+00
   5.6068090E+01   0.0000000E+00
   5.6401828E+01   0.0000000E+00
   5.6735567E+01   0.0000000E+00
   5.7069305E+01   0.0000000E+00
   5.7403044E+01   0.0000000E+00
   5.7736783E+01   0.0000000E+00
   5.8070521E+01   0.0000000E+00
   5.8404260E+01   0.0000000E+00
   5.8737998E+01   0.0000000E+00
   5.9071737E+01   0.0000000E+00
   5.9405475E+01   0.0000000E+00
   5.9739214E+01   0.0000000E+00
   6.0072953E+01   0.0000000E+00
   6.0406691E+01   0.0000000E+00
   6.0740430E+01   0.0000000E+00
   6.1074168E+01   0.0000000E+00
   6.1407907E+01   0.0000000E+00
   6.1741646E+01   0.0000000E+00
   6.2075384E+01   0.0000000E+00
   6.2409123E+01   0.0000000E+00
   6.2742861E+01   0.0000000E+00
   6.3076600E+01   0.0000000E+00
   6.3410339E+01   0.0000000E+00
   6.3744077E+01   0.0000000E+00
   6.4077816E+01   0.0000000E+00
   6.4411554E+01   0.0000000E+00
   6.4745293E+01   0.0000000E+00
   6.5079032E+01   0.0000000E+00
   6.5412770E+01   0.0000000E+00
   6.5746509E+01   0.0000000E+00
   6.6080247E+01   0.0000000E+00
   6.6413986E+01   0.0000000E+00
   6.6747725E+01   0.0000000E+00
   6.7081463E+01   0.0000000E+00
   6.7415202E+01   0.0000000E+00
   6.7748940E+01   0.0000000E+00
   6.8082679E+01   0.0000000E+00
   6.8416418E+01   0.0000000E+00
   6.8750156E+01   0.0000000E+00
   6.9083895E+01   0.0000000E+00
   6.9417633E+01   0.0000000E+00
   6.9751372E+01   0.0000000E+00
   7.0085111E+01   0.0000000E+00
   7.0418849E+01   0.0000000E+00
   7.0752588E+01   0.0000000E+00
   7.1086326E+01   0.0000000E+00
   7.1420065E+01   0.0000000E+00
   7.1753804E+01   0.0000000E+00
   7.2087542E+01   0.0000000E+00
   7.2421281E+01   0.0000000E+00
   7.2755019E+01   0.0000000E+00
   7.3088758E+01   0.0000000E+00
   7.3422496E+01   0.0000000E+00
   7.3756235E+01   0.0000000E+00
   7.4089974E+01   0.0000000E+00
   7.4423712E+01   0.0000000E+00
   7.4757451E+01   0.0000000E+00
   7.5091189E+01   0.0000000E+00
   7.5424928E+01   0.0000000E+00
   7.5758667E+01   0.0000000E+00
   7.6092405E+01   0.0000000E+00
   7.6426144E+01   0.0000000E+00
   7.6759882E+01   0.0000000E+00
   7.7093621E+01   0.0000000E+00
   7.7427360E+01   0.0000000E+00
   7.7761098E+01   0.0000000E+00
   7.8094837E+01   0.0000000E+00
   7.8428575E+01   0.0000000E+00
   7.8762314E+01   0.0000000E+00
   7.9096053E+01   0.0000000E+00
   7.9429791E+01   0.0000000E+00
   7.9763530E+01   0.0000000E+00
   8.0097268E+01   0.0000000E+00
   8.0431007E+01   0.0000000E+00
   8.0764746E+01   0.0000000E+00
   8.1098484E+01   0.0000000E+00
   8.1432223E+01   0.0000000E+00
   8.1765961E+01   0.0000000E+00
   8.2099700E+01   0.0000000E+00
   8.2433439E+01   0.0000000E+00
   8.2767177E+01   0.0000000E+00
   8.3100916E+01   0.0000000E+00
   8.3434654E+01   0.0000000E+00
   8.3768393E+01   0.0000000E+00
   8.4102132E+01   0.0000000E+00
   8.4435870E+01   0.0000000E+00
   8.4769609E+01   0.0000000E+00
   8.5103347E+01   0.0000000E+00
   8.5437086E+01   0.0000000E+00
   8.5770825E+01   0.0000000E+00
   8.6104563E+01   0.0000000E+00
   8.6438302E+01   0.0000000E+00
   8.6772040E+01   0.0000000E+00
   8.7105779E+01   0.0000000E+00
   8.7439517E+01   0.0000000E+00
   8.7773256E+01   0.0000000E+00
   8.8106995E+01   0.0000000E+00
   8.8440733E+01   0.0000000E+00
   8.8774472E+01   0.0000000E+00
   8.9108210E+01   0.0000000E+00
   8.9441949E+01   0.0000000E+00
   8.9775688E+01   0.0000000E+00
   9.0109426E+01   0.0000000E+00
   9.0443165E+01   0.0000000E+00
   9.0776903E+01   0.0000000E+00
   9.1110642E+01   0.0000000E+00
   9.1444381E+01   0.0000000E+00
   9.1778119E+01   0.0000000E+00
   9.2111858E+01   0.0000000E+00
   9.2445596E+01   0.0000000E+00
   9.2779335E+01   0.0000000E+00
   9.3113074E+01   0.0000000E+00
   9.3446812E+01   0.0000000E+00
   9.3780551E+01   0.0000000E+00
   9.4114289E+01   0.0000000E+00
   9.4448028E+01   0.0000000E+00
   9.4781767E+01   0.0000000E+00
   9.5115505E+01   0.0000000E+00
   9.5449244E+01   0.0000000E+00
   9.5782982E+01   0.0000000E+00
   9.6116721E+01   0.0000000E+00
   9.6450460E+01   0.0000000E+00
   9.6784198E+01   0.0000000E+00
   9.7117937E+01   0.0000000E+00
   9.7451675E+01   0.0000000E+00
   9.7785414E+01   0.0000000E+00
   9.8119153E+01   0.0000000E+00
   9.8452891E+01   0.0000000E+00
   9.8786630E+01   0.0000000E+00
   9.9120368E+01   0.0000000E+00
   9.9454107E+01   0.0000000E+00
   9.9787846E+01   0.0000000E+00
   1.0012158E+02   0.0000000E+00
   1.0045532E+02   0.0000000E+00
   1.0078906E+02   0.0000000E+00
   1.0112280E+02   0.0000000E+00
   1.0145654E+02   0.0000000E+00
   1.0179028E+02   0.0000000E+00
   1.0212402E+02   0.0000000E+00
   1.0245775E+02   0.0000000E+00
   1.0279149E+02   0.0000000E+00
   1.0312523E+02   0.0000000E+00
   1.0345897E+02   0.0000000E+00
   1.0379271E+02   0.0000000E+00
   1.0412645E+02   0.0000000E+00
   1.0446019E+02   0.0000000E+00
   1.0479392E+02   0.0000000E+00
   1.0512766E+02   0.0000000E+00
   1.0546140E+02   0.0000000E+00
   1.0579514E+02   0.0000000E+00
   1.0612888E+02   0.0000000E+00
   1.0646262E+02   0.0000000E+00
   1.0679636E+02   0.0000000E+00
   1.0713009E+02   0.0000000E+00
   1.0746383E+02   0.0000000E+00
   1.0779757E+02   0.0000000E+00
   1.0813131E+02   0.0000000E+00
   1.0846505E+02   0.0000000E+00
   1.0879879E+02   0.0000000E+00
   1.0913253E+02   0.0000000E+00
   1.0946626E+02   0.0000000E+00
   1.0980000E+02   0.0000000E+00
   1.1013374E+02   0.0000000E+00
   1.1046748E+02   0.0000000E+00
   1.1080122E+02   0.0000000E+00
   1.1113496E+02   0.0000000E+00
   1.1146870E+02   0.0000000E+00
   1.1180243E+02   0.0000000E+00
   1.1213617E+02   0.0000000E+00
   1.1246991E+02   0.0000000E+00
   1.1280365E+02   0.0000000E+00
   1.1313739E+02   0.0000000E+00
   1.1347113E+02   0.0000000E+00
   1.1380487E+02   0.0000000E+00
   1.1413861E+02   0.0000000E+00
   1.1447234E+02   0.0000000E+00
   1.1480608E+02   0.0000000E+00
   1.1513982E+02   0.0000000E+00
   1.1547356E+02   0.0000000E+00
   1.1580730E+02   0.0000000E+00
   1.1614104E+02   0.0000000E+00
   1.1647478E+02   0.0000000E+00
   1.1680851E+02   0.0000000E+00
   1.1714225E+02   0.0000000E+00
   1.1747599E+02   0.0000000E+00
   1.1780973E+02   0.0000000E+00
   1.1814347E+02   0.0000000E+00
   1.1847721E+02   0.0000000E+00
   1.1881095E+02   0.0000000E+00
   1.1914468E+02   0.0000000E+00
   1.1947842E+02   0.0000000E+00
   1.1981216E+02   0.0000000E+00
   1.2014590E+02   0.0000000E+00
   1.2047964E+02   0.0000000E+00
   1.2081338E+02   0.0000000E+00
   1.2114712E+02   0.0000000E+00
   1.2148085E+02   0.0000000E+00
   1.2181459E+02   0.0000000E+00
   1.2214833E+02   0.0000000E+00
   1.2248207E+02   0.0000000E+00
   1.2281581E+02   0.0000000E+00
   1.2314955E+02   0.0000000E+00
   1.2348329E+02   0.0000000E+00
   1.2381702E+02   0.0000000E+00
   1.2415076E+02   0.0000000E+00
   1.2448450E+02   0.0000000E+00
   1.2481824E+02   0.0000000E+00
   1.2515198E+02   0.0000000E+00
   1.2548572E+02   0.0000000E+00
   1.2581946E+02   0.0000000E+00
   1.2615319E+02   0.0000000E+00
   1.2648693E+02   0.0000000E+00
   1.2682067E+02   0.0000000E+00
   1.2715441E+02   0.0000000E+00
   1.2748815E+02   0.0000000E+00
   1.2782189E+02   0.0000000E+00
   1.2815563E+02   0.0000000E+00
   1.2848936E+02   0.0000000E+00
   1.2882310E+02   0.0000000E+00
   1.2915684E+02   0.0000000E+00
   1.2949058E+02   0.0000000E+00
   1.2982432E+02   0.0000000E+00
   1.3015806E+02   0.0000000E+00
   1.3049180E+02   0.0000000E+00
   1.3082553E+02   0.0000000E+00
   1.3115927E+02   0.0000000E+00
   1.3149301E+02   0.0000000E+00
   1.3182675E+02   0.0000000E+00
   1.3216049E+02   0.0000000E+00
   1.3249423E+02   0.0000000E+00
   1.3282797E+02   0.0000000E+00
   1.3316171E+02   0.0000000E+00
   1.3349544E+02   0.0000000E+00
   1.3382918E+02   0.0000000E+00
   1.3416292E+02   0.0000000E+00
   1.3449666E+02   0.0000000E+00
   1.3483040E+02   0.0000000E+00
   1.3516414E+02   0.0000000E+00
   1.3549788E+02   0.0000000E+00
   1.3583161E+02   0.0000000E+00
   1.3616535E+02   0.0000000E+00
   1.3649909E+02   0.0000000E+00
   1.3683283E+02   0.0000000E+00
   1.3716657E+02   0.0000000E+00
   1.3750031E+02   0.0000000E+00
   1.3783405E+02   0.0000000E+00
   1.3816778E+02   0.0000000E+00
   1.3850152E+02   0.0000000E+00
   1.3883526E+02   0.0000000E+00
   1.3916900E+02   0.0000000E+00
   1.3950274E+02   0.0000000E+00
   1.3983648E+02   0.0000000E+00
   1.4017022E+02   0.0000000E+00
   1.4050395E+02   0.0000000E+00
   1.4083769E+02   0.0000000E+00
   1.4117143E+02   0.0000000E+00
   1.4150517E+02   0.0000000E+00
   1.4183891E+02   0.0000000E+00
   1.4217265E+02   0.0000000E+00
   1.4250639E+02   0.0000000E+00
   1.4284012E+02   0.0000000E+00
   1.4317386E+02   0.0000000E+00
   1.4350760E+02   0.0000000E+00
   1.4384134E+02   0.0000000E+00
   1.4417508E+02   0.0000000E+00
   1.4450882E+02   0.0000000E+00
   1.4484256E+02   0.0000000E+00
   1.4517629E+02   0.0000000E+00
   1.4551003E+02   0.0000000E+00
   1.4584377E+02   0.0000000E+00
   1.4617751E+02   0.0000000E+00
   1.4651125E+02   0.0000000E+00
   1.4684499E+02   0.0000000E+00
   1.4717873E+02   0.0000000E+00
   1.4751246E+02   0.0000000E+00
   1.4784620E+02   0.0000000E+00
   1.4817994E+02   0.0000000E+00
   1.4851368E+02   0.0000000E+00
   1.4884742E+02   0.0000000E+00
   1.4918116E+02   0.0000000E+00
   1.4951490E+02   0.0000000E+00
   1.4984863E+02   0.0000000E+00
   1.5018237E+02   0.0000000E+00
   1.5051611E+02   0.0000000E+00
   1.5084985E+02   0.0000000E+00
   1.5118359E+02   0.0000000E+00
   1.5151733E+02   0.0000000E+00
   1.5185107E+02   0.0000000E+00
   1.5218480E+02   0.0000000E+00
   1.5251854E+02   0.0000000E+00
   1.5285228E+02   0.0000000E+00
   1.5318602E+02  -1.4012985E-45
   1.5351976E+02  -1.4012985E-45
   1.5385350E+02  -4.2038954E-45
   1.5418724E+02  -4.2038954E-45
   1.5452098E+02  -4.2038954E-45
   1.5485471E+02  -1.4012985E-45
   1.5518845E+02  -1.4012985E-45
   1.5552219E+02   4.2038954E-45
   1.5585593E+02   9.8090893E-45
   1.5618967E+02   1.8216880E-44
   1.5652341E+02   2.5223372E-44
   1.5685715E+02   2.8025969E-44
   1.5719088E+02   2.8025969E-44
   1.5752462E+02   2.2420775E-44
   1.5785836E+02   1.2611686E-44
   1.5819210E+02  -1.4012985E-45
   1.5852584E+02  -1.4012985E-44
   1.5885958E+02  -3.2229865E-44
   1.5919332E+02  -5.1848043E-44
   1.5952705E+02  -6.4459729E-44
   1.5986079E+02  -7.0064923E-44
   1.6019453E+02  -6.7262326E-44
   1.6052827E+02  -4.4841551E-44
   1.6086201E+02  -1.2611686E-44
   1.6119575E+02   2.6624671E-44
   1.6152949E+02   7.7071416E-44
   1.6186322E+02   1.2331426E-43
   1.6219696E+02   1.6395192E-43
   1.6253070E+02   1.9057659E-43
   1.6286444E+02   1.9898438E-43
   1.6319818E+02   1.8357010E-43
   1.6353192E+02   1.4153114E-43
   1.6386566E+02   7.2867520E-44
   1.6419939E+02  -1.1210388E-44
   1.6453313E+02  -1.1210388E-43
   1.6486687E+02  -2.1019477E-43
   1.6520061E+02  -2.8866748E-43
   1.6553435E+02  -3.3771293E-43
   1.6586809E+02  -3.4051553E-43
   1.6620183E+02  -2.8866748E-43
   1.6653556E+02  -1.7656361E-43
   1.6686930E+02  -1.4012985E-44
   1.6720304E+02   1.8917529E-43
   1.6753678E+02   4.1058045E-43
   1.6787052E+02   6.0816353E-43
   1.6820426E+02   7.5249728E-43
   1.6853800E+02   8.1695700E-43
   1.6887173E+02   7.6791156E-43
   1.6920547E+02   6.0255834E-43
   1.6953921E+02   3.0968696E-43
   1.6987295E+02  -8.4077908E-44
   1.7020669E+02  -5.3809861E-43
   1.7054043E+02  -9.8931672E-43
   1.7087417E+02  -1.3746738E-42
   1.7120790E+02  -1.6199010E-42
   1.7154164E+02  -1.6647426E-42
   1.7187538E+02  -1.4517452E-42
   1.7220912E+02  -9.8371152E-43
   1.7254286E+02  -2.7185190E-43
   1.7287660E+02   6.1517003E-43
   1.7321034E+02   1.5820660E-42
   1.7354408E+02   2.4845022E-42
   1.7387781E+02   3.1823488E-42
   1.7421155E+02   3.5242656E-42
   1.7454529E+02   3.3981488E-42
   1.7487903E+02   2.7325320E-42
   1.7521277E+02   1.5358231E-42
   1.7554651E+02  -1.0789998E-43
   1.7588025E+02  -2.0290802E-42
   1.7621398E+02  -3.9894967E-42
   1.7654772E+02  -5.6962783E-42
   1.7688146E+02  -6.8383365E-42
   1.7721520E+02  -7.1452209E-42
   1.7754894E+02  -6.4151444E-42
   1.7788268E+02  -4.5682330E-42
   1.7821642E+02  -1.6815582E-42
   1.7855015E+02   1.9912451E-42
   1.7888389E+02   6.0452016E-42
   1.7921763E+02   9.9281996E-42
   1.7955137E+02   1.3026471E-41
   1.7988511E+02   1.4727647E-41
   1.8021885E+02   1.4530064E-41
   1.8055259E+02   1.2118429E-41
   1.8088632E+02   7.4549078E-42
   1.8122006E+02   8.4498297E-43
   1.8155380E+02  -7.0751559E-42
   1.8188754E+02  -1.5345619E-41
   1.8222128E+02  -2.2792120E-41
   1.8255502E+02  -2.8159093E-41
   1.8288876E+02  -3.0266646E-41
   1.8322249E+02  -2.8229158E-41
   1.8355623E+02  -2.1620634E-41
   1.8388997E+02  -1.0617638E-41
   1.8422371E+02   3.9096227E-42
   1.8455745E+02   2.0418320E-41
   1.8489119E+02   3.6805104E-41
   1.8522493E+02   5.0607894E-41
   1.8555866E+02   5.9335181E-41
   1.8589240E+02   6.0802340E-41
   1.8622614E+02   5.3529601E-41
   1.8655988E+02   3.7076956E-41
   1.8689362E+02   1.2285184E-41
   1.8722736E+02  -1.8626059E-41
   1.8756110E+02  -5.2161934E-41
   1.8789483E+02  -8.3839687E-41
   1.8822857E+02  -1.0866649E-40
   1.8856231E+02  -1.2182468E-40
   1.8889605E+02  -1.1938222E-40
   1.8922979E+02  -9.9021355E-41
   1.8956353E+02  -6.0662211E-41
   1.8989727E+02  -6.8523495E-42
   1.9023100E+02   5.7179984E-41
   1.9056474E+02   1.2381032E-40
   1.9089848E+02   1.8376488E-40
   1.9123222E+02   2.2716029E-40
   1.9156596E+02   2.4487130E-40
   1.9189970E+02   2.2998251E-40
   1.9223344E+02   1.7913919E-40
   1.9256718E+02   9.3671197E-41
   1.9290091E+02  -1.9852195E-41
   1.9323465E+02  -1.4968390E-40
   1.9356839E+02  -2.7974402E-40
   1.9390213E+02  -3.9123693E-40
   1.9423587E+02  -4.6490038E-40
   1.9456961E+02  -4.8374364E-40
   1.9490335E+02  -4.3584446E-40
   1.9523708E+02  -3.1694989E-40
   1.9557082E+02  -1.3233863E-40
   1.9590456E+02   1.0234243E-40
   1.9623830E+02   3.6163590E-40
   1.9657204E+02   6.1228475E-40
   1.9690578E+02   8.1673980E-40
   1.9723952E+02   9.3786244E-40
   1.9757325E+02   9.4430701E-40
   1.9790699E+02   8.1600552E-40
   1.9824073E+02   5.4890542E-40
   1.9857447E+02   1.5822481E-40
   1.9890821E+02  -3.2054562E-40
   1.9924195E+02  -8.3336341E-40
   1.9957569E+02  -1.3122992E-39
   1.9990942E+02  -1.6829637E-39
   2.0024316E+02  -1.8741036E-39
   2.0057690E+02  -1.8282937E-39
   2.0091064E+02  -1.5124943E-39
   2.0124438E+02  -9.2682161E-40
   2.0157812E+02  -1.1006639E-40
   2.0191186E+02   8.5940514E-40
   2.0224559E+02   1.8682489E-39
   2.0257933E+02   2.7785058E-39
   2.0291307E+02   3.4432075E-39
   2.0324681E+02   3.7258803E-39
   2.0358055E+02   3.5218008E-39
   2.0391429E+02   2.7783138E-39
   2.0424803E+02   1.5111000E-39
   2.0458176E+02  -1.8657729E-40
   2.0491550E+02  -2.1441254E-39
   2.0524924E+02  -4.1249631E-39
   2.0558298E+02  -5.8492090E-39
   2.0591672E+02  -7.0263501E-39
   2.0625046E+02  -7.3950065E-39
   2.0658420E+02  -6.7652027E-39
   2.0691793E+02  -5.0576785E-39
   2.0725167E+02  -2.3340055E-39
   2.0758541E+02   1.1882380E-39
   2.0791915E+02   5.1400707E-39
   2.0825289E+02   9.0280503E-39
   2.0858663E+02   1.2283673E-38
   2.0892037E+02   1.4331927E-38
   2.0925410E+02   1.4672488E-38
   2.0958784E+02   1.2964162E-38
   2.0992158E+02   9.1010398E-39
   2.1025532E+02   3.2680116E-39
   2.1058906E+02  -4.0357522E-39
   2.1092280E+02  -1.2014373E-38
   2.1125654E+02  -1.9638300E-38
   2.1159027E+02  -2.5751732E-38
   2.1192401E+02  -2.9216675E-38
   2.1225775E+02  -2.9079289E-38
   2.1259149E+02  -2.4738568E-38
   2.1292523E+02  -1.6093522E-38
   2.1325897E+02  -3.6440472E-39
   2.1359271E+02   1.1477032E-38
   2.1392645E+02   2.7557319E-38
   2.1426018E+02   4.2450706E-38
   2.1459392E+02   5.3810876E-38
   2.1492766E+02   5.9394035E-38
   2.1526140E+02   5.7399416E-38
   2.1559514E+02   4.6805014E-38
   2.1592888E+02   2.7649508E-38
   2.1626262E+02   1.2103099E-39
   2.1659635E+02  -2.9965927E-38
   2.1693009E+02  -6.2210376E-38
   2.1726383E+02  -9.1066340E-38
   2.1759757E+02  -1.1179508E-37
   2.1793131E+02  -1.2001004E-37
   2.1826505E+02  -1.1237009E-37
   2.1859879E+02  -8.7242152E-38
   2.1893252E+02  -4.5231798E-38
   2.1926626E+02   1.0517251E-38
   2.1960000E+02   7.4338525E-38
   2.1993374E+02   1.3842515E-37
   2.2026748E+02   1.9358757E-37
   2.2060122E+02   2.3034192E-37
   2.2093496E+02   2.4022904E-37
   2.2126869E+02   2.1721225E-37
   2.2160243E+02   1.5896659E-37
   2.2193617E+02   6.7852508E-38
   2.2226991E+02  -4.8620046E-38
   2.2260365E+02  -1.7799316E-37
   2.2293739E+02  -3.0381290E-37
   2.2327113E+02  -4.0732316E-37
   2.2360486E+02  -4.6978296E-37
   2.2393860E+02  -4.7517869E-37
   2.2427234E+02  -4.1300593E-37
   2.2460608E+02  -2.8072896E-37
   2.2493982E+02  -8.5506425E-38
   2.2527356E+02   1.5519175E-37
   2.2560730E+02   4.1435633E-37
   2.2594103E+02   6.5772322E-37
   2.2627477E+02   8.4749688E-37
   2.2660851E+02   9.4721812E-37
   2.2694225E+02   9.2726256E-37
   2.2727599E+02   7.7028395E-37
   2.2760973E+02   4.7579621E-37
   2.2794347E+02   6.3091569E-38
   2.2827720E+02  -4.2821376E-37
   2.2861094E+02  -9.4048481E-37
   2.2894468E+02  -1.4033692E-36
   2.2927842E+02  -1.7418306E-36
   2.2961216E+02  -1.8862082E-36
   2.2994590E+02  -1.7831824E-36
   2.3027964E+02  -1.4062142E-36
   2.3061337E+02  -7.6385098E-37
   2.3094711E+02   9.5655413E-38
   2.3128085E+02   1.0847042E-36
   2.3161459E+02   2.0824495E-36
   2.3194833E+02   2.9467229E-36
   2.3228207E+02   3.5310138E-36
   2.3261581E+02   3.7048871E-36
   2.3294955E+02   3.3754510E-36
   2.3328328E+02   2.5069438E-36
   2.3361702E+02   1.1352954E-36
   2.3395076E+02  -6.2526525E-37
   2.3428450E+02  -2.5858158E-36
   2.3461824E+02  -4.4977134E-36
   2.3495198E+02  -6.0786259E-36
   2.3528572E+02  -7.0476676E-36
   2.3561945E+02  -7.1660421E-36
   2.3595319E+02  -6.2782376E-36
   2.3628693E+02  -4.3478938E-36
   2.3662067E+02  -1.4823362E-36
   2.3695441E+02   2.0596198E-36
   2.3728815E+02   5.8803947E-36
   2.3762189E+02   9.4783789E-36
   2.3795562E+02   1.2303210E-35
   2.3828936E+02   1.3826904E-35
   2.3862310E+02   1.3623179E-35
   2.3895684E+02   1.1444795E-35
   2.3929058E+02   7.2875498E-36
   2.3962432E+02   1.4295415E-36
   2.3995806E+02  -5.5638349E-36
   2.4029179E+02  -1.2875312E-35
   2.4062553E+02  -1.9512886E-35
   2.4095927E+02  -2.4424158E-35
   2.4129301E+02  -2.6637359E-35
   2.4162675E+02  -2.5412908E-35
   2.4196049E+02  -2.0385590E-35
   2.4229423E+02  -1.1675276E-35
   2.4262796E+02   5.4382712E-38
   2.4296170E+02   1.3605975E-35
   2.4329544E+02   2.7336184E-35
   2.4362918E+02   3.9321032E-35
   2.4396292E+02   4.7586835E-35
   2.4429666E+02   5.0383949E-35
   2.4463040E+02   4.6470790E-35
   2.4496413E+02   3.5368983E-35
   2.4529787E+02   1.7548922E-35
   2.4563161E+02  -5.4916766E-36
   2.4596535E+02  -3.1283618E-35
   2.4629909E+02  -5.6589176E-35
   2.4663283E+02  -7.7745497E-35
   2.4696657E+02  -9.1120901E-35
   2.4730030E+02  -9.3636075E-35
   2.4763404E+02  -8.3285675E-35
   2.4796778E+02  -5.9586119E-35
   2.4830152E+02  -2.3874451E-35
   2.4863526E+02   2.0606617E-35
   2.4896900E+02   6.8881840E-35
   2.4930274E+02   1.1468897E-34
   2.4963647E+02   1.5117410E-34
   2.4997021E+02   1.7177520E-34
   2.5030395E+02   1.7119670E-34
   2.5063769E+02   1.4634983E-34
   2.5097143E+02   9.7119848E-35
   2.5130517E+02   2.6826245E-35
   2.5163891E+02  -5.7736219E-35
   2.5197264E+02  -1.4674280E-34
   2.5230638E+02  -2.2827963E-34
   2.5264012E+02  -2.8972005E-34
   2.5297386E+02  -3.1940537E-34
   2.5330760E+02  -3.0843718E-34
   2.5364134E+02  -2.5234340E-34
   2.5397508E+02  -1.5236386E-34
   2.5430882E+02  -1.6117424E-35
   2.5464255E+02   1.4253458E-34
   2.5497629E+02   3.0452683E-34
   2.5531003E+02   4.4751580E-34
   2.5564377E+02   5.4855055E-34
   2.5597751E+02   5.8721999E-34
   2.5631125E+02   5.4890237E-34
   2.5664499E+02   4.2767281E-34
   2.5697872E+02   2.2841024E-34
   2.5731246E+02  -3.2310755E-35
   2.5764620E+02  -3.2684359E-34
   2.5797994E+02  -6.1874193E-34
   2.5831368E+02  -8.6659905E-34
   2.5864742E+02  -1.0291418E-33
   2.5898116E+02  -1.0710432E-33
   2.5931489E+02  -9.6874528E-34
   2.5964863E+02  -7.1547079E-34
   2.5998237E+02  -3.2461065E-34
   2.6031611E+02   1.6922526E-34
   2.6064985E+02   7.1197438E-34
   2.6098359E+02   1.2348625E-33
   2.6131733E+02   1.6618829E-33
   2.6165106E+02   1.9193621E-33
   2.6198480E+02   1.9465711E-33
   2.6231854E+02   1.7060594E-33
   2.6265228E+02   1.1922262E-33
   2.6298602E+02   4.3668802E-34
   2.6331976E+02  -4.9075907E-34
   2.6365350E+02  -1.4863406E-33
   2.6398723E+02  -2.4218183E-33
   2.6432097E+02  -3.1587495E-33
   2.6465471E+02  -3.5661876E-33
   2.6498845E+02  -3.5398521E-33
   2.6532219E+02  -3.0203497E-33
   2.6565593E+02  -2.0077554E-33
   2.6598967E+02  -5.7007871E-34
   2.6632340E+02   1.1564387E-33
   2.6665714E+02   2.9763660E-33
   2.6699088E+02   4.6535221E-33
   2.6732462E+02   5.9375906E-33
   2.6765836E+02   6.5963931E-33
   2.6799210E+02   6.4501866E-33
   2.6832584E+02   5.4035690E-33
   2.6865957E+02   3.4703058E-33
   2.6899331E+02   7.8671273E-34
   2.6932705E+02  -2.3897943E-33
   2.6966079E+02  -5.6988179E-33
   2.6999453E+02  -8.7115681E-33
   2.7032827E+02  -1.0979475E-32
   2.7066201E+02  -1.2092113E-32
   2.7099574E+02  -1.1737875E-32
   2.7132948E+02  -9.7595272E-33
   2.7166322E+02  -6.1964480E-33
   2.7199696E+02  -1.3060963E-33
   2.7233070E+02   4.4409993E-33
   2.7266444E+02   1.0395561E-32
   2.7299818E+02   1.5792467E-32
   2.7333192E+02   1.9837557E-32
   2.7366565E+02   2.1809855E-32
   2.7399939E+02   2.1167496E-32
   2.7433313E+02   1.7643694E-32
   2.7466687E+02   1.1318560E-32
   2.7500061E+02   2.6540536E-33
   2.7533435E+02  -7.5173290E-33
   2.7566809E+02  -1.8054668E-32
   2.7600182E+02  -2.7619721E-32
   2.7633556E+02  -3.4828534E-32
   2.7666930E+02  -3.8428521E-32
   2.7700304E+02  -3.7480755E-32
   2.7733678E+02  -3.1523899E-32
   2.7767052E+02  -2.0695727E-32
   2.7800426E+02  -5.7908106E-33
   2.7833799E+02   1.1761307E-32
   2.7867173E+02   3.0004429E-32
   2.7900547E+02   4.6646937E-32
   2.7933921E+02   5.9320976E-32
   2.7967295E+02   6.5883708E-32
   2.8000669E+02   6.4726057E-32
   2.8034043E+02   5.5049159E-32
   2.8067416E+02   3.7068051E-32
   2.8100790E+02   1.2107086E-32
   2.8134164E+02  -1.7438688E-32
   2.8167538E+02  -4.8287386E-32
   2.8200912E+02  -7.6592485E-32
   2.8234286E+02  -9.8377745E-32
   2.8267660E+02  -1.1004102E-31
   2.8301033E+02  -1.0886927E-31
   2.8334407E+02  -9.3498092E-32
   2.8367781E+02  -6.4249318E-32
   2.8401155E+02  -2.3287805E-32
   2.8434529E+02   2.5444607E-32
   2.8467903E+02   7.6534944E-32
   2.8501277E+02   1.2363315E-31
   2.8534650E+02   1.6017091E-31
   2.8568024E+02   1.8019232E-31
   2.8601398E+02   1.7920108E-31
   2.8634772E+02   1.5491466E-31
   2.8668146E+02   1.0781672E-31
   2.8701520E+02   4.1411590E-32
   2.8734894E+02  -3.7886201E-32
   2.8768267E+02  -1.2125476E-31
   2.8801641E+02  -1.9833923E-31
   2.8835015E+02  -2.5842590E-31
   2.8868389E+02  -2.9179621E-31
   2.8901763E+02  -2.9110476E-31
   2.8935137E+02  -2.5260372E-31
   2.8968511E+02  -1.7703656E-31
   2.9001884E+02  -7.0046844E-32
   2.9035258E+02   5.8005368E-32
   2.9068632E+02   1.9286246E-31
   2.9102006E+02   3.1778768E-31
   2.9135380E+02   4.1546465E-31
   2.9168754E+02   4.7018519E-31
   2.9202128E+02   4.7007018E-31
   2.9235501E+02   4.0903978E-31
   2.9268875E+02   2.8824687E-31
   2.9302249E+02   1.1672818E-31
   2.9335623E+02  -8.8898776E-32
   2.9368997E+02  -3.0575788E-31
   2.9402371E+02  -5.0699673E-31
   2.9435745E+02  -6.6483642E-31
   2.9469119E+02  -7.5407709E-31
   2.9502492E+02  -7.5565079E-31
   2.9535866E+02  -6.5976736E-31
   2.9569240E+02  -4.6819658E-31
   2.9602614E+02  -1.9529671E-31
   2.9635988E+02   1.3247975E-31
   2.9669362E+02   4.7870625E-31
   2.9702736E+02   8.0062610E-31
   2.9736109E+02   1.0540137E-30
   2.9769483E+02   1.1987509E-30
   2.9802857E+02   1.2044697E-30
   2.9836231E+02   1.0555369E-30
   2.9869605E+02   7.5466150E-31
   2.9902979E+02   3.2450565E-31
   2.9936353E+02  -1.9311920E-31
   2.9969726E+02  -7.4063018E-31
   3.0003100E+02  -1.2504568E-30
   3.0036474E+02  -1.6527372E-30
   3.0069848E+02  -1.8841297E-30
   3.0103222E+02  -1.8967152E-30
   3.0136596E+02  -1.6658406E-30
   3.0169970E+02  -1.1957750E-30
   3.0203343E+02  -5.2221007E-31
   3.0236717E+02   2.8905378E-31
   3.0270091E+02   1.1474642E-30
   3.0303465E+02   1.9468513E-30
   3.0336839E+02   2.5775510E-30
   3.0370213E+02   2.9402525E-30
   3.0403587E+02   2.9599615E-30
   3.0436960E+02   2.5982698E-30
   3.0470334E+02   1.8621704E-30
   3.0503708E+02   8.0790109E-31
   3.0537082E+02  -4.6118800E-31
   3.0570456E+02  -1.8031036E-30
   3.0603830E+02  -3.0515657E-30
   3.0637204E+02  -4.0350121E-30
   3.0670577E+02  -4.5982646E-30
   3.0703951E+02  -4.6243195E-30
   3.0737325E+02  -4.0534717E-30
   3.0770699E+02  -2.8969962E-30
   3.0804073E+02  -1.2430632E-30
   3.0837447E+02   7.4667467E-31
   3.0870821E+02   2.8503521E-30
   3.0904194E+02   4.8083008E-30
   3.0937568E+02   6.3526558E-30
   3.0970942E+02   7.2410497E-30
   3.1004316E+02   7.2904694E-30
   3.1037690E+02   6.4069219E-30
   3.1071064E+02   4.6066484E-30
   3.1104438E+02   2.0252912E-30
   3.1137811E+02  -1.0873614E-30
   3.1171185E+02  -4.3878635E-30
   3.1204559E+02  -7.4736840E-30
   3.1237933E+02  -9.9288490E-30
   3.1271307E+02  -1.1375863E-29
   3.1304681E+02  -1.1527872E-29
   3.1338055E+02  -1.0234360E-29
   3.1371429E+02  -7.5139081E-30
   3.1404802E+02  -3.5684995E-30
   3.1438176E+02   1.2242318E-30
   3.1471550E+02   6.3419985E-30
   3.1504924E+02   1.1170330E-29
   3.1538298E+02   1.5071915E-29
   3.1571672E+02   1.7465473E-29
   3.1605046E+02   1.7905044E-29
   3.1638419E+02   1.6149505E-29
   3.1671793E+02   1.2212518E-29
   3.1705167E+02   6.3846932E-30
   3.1738541E+02  -7.7751616E-31
   3.1771915E+02  -8.4978349E-30
   3.1805289E+02  -1.5858470E-29
   3.1838663E+02  -2.1903637E-29
   3.1872036E+02  -2.5757381E-29
   3.1905410E+02  -2.6741995E-29
   3.1938784E+02  -2.4481774E-29
   3.1972158E+02  -1.8977735E-29
   3.2005532E+02  -1.0640918E-29
   3.2038906E+02  -2.7642267E-31
   3.2072280E+02   1.0984242E-29
   3.2105653E+02   2.1798376E-29
   3.2139027E+02   3.0764432E-29
   3.2172401E+02   3.6595167E-29
   3.2205775E+02   3.8291351E-29
   3.2239149E+02   3.5293834E-29
   3.2272523E+02   2.7592546E-29
   3.2305897E+02   1.5774961E-29
   3.2339270E+02   1.0022671E-30
   3.2372644E+02  -1.5089623E-29
   3.2406018E+02  -3.0558243E-29
   3.2439392E+02  -4.3376288E-29
   3.2472766E+02  -5.1683016E-29
   3.2506140E+02  -5.4035828E-29
   3.2539514E+02  -4.9629963E-29
   3.2572887E+02  -3.8455326E-29
   3.2606261E+02  -2.1365415E-29
   3.2639635E+02  -4.2014237E-32
   3.2673009E+02   2.3148498E-29
   3.2706383E+02   4.5398012E-29
   3.2739757E+02   6.3775990E-29
   3.2773131E+02   7.5590957E-29
   3.2806504E+02   7.8751853E-29
   3.2839878E+02   7.2083417E-29
   3.2873252E+02   5.5551782E-29
   3.2906626E+02   3.0364880E-29
   3.2940000E+02  -1.0754807E-30
   3.2973374E+02  -3.5375102E-29
   3.3006748E+02  -6.8489752E-29
   3.3040121E+02  -9.6176115E-29
   3.3073495E+02  -1.1450332E-28
   3.3106869E+02  -1.2036590E-28
   3.3140243E+02  -1.1193406E-28
   3.3173617E+02  -8.8980762E-29
   3.3206991E+02  -5.3035807E-29
   3.3240365E+02  -7.3350456E-30
   3.3273739E+02   4.3443506E-29
   3.3307112E+02   9.3639219E-29
   3.3340486E+02   1.3722134E-28
   3.3373860E+02   1.6848926E-28
   3.3407234E+02   1.8278126E-28
   3.3440608E+02   1.7710488E-28
   3.3473982E+02   1.5060764E-28
   3.3507356E+02   1.0482054E-28
   3.3540729E+02   4.3630911E-29
   3.3574103E+02  -2.7028582E-29
   3.3607477E+02  -9.9753216E-29
   3.3640851E+02  -1.6644771E-28
   3.3674225E+02  -2.1923306E-28
   3.3707599E+02  -2.5137647E-28
   3.3740973E+02  -2.5813359E-28
   3.3774346E+02  -2.3739776E-28
   3.3807720E+02  -1.9006967E-28
   3.3841094E+02  -1.2008953E-28
   3.3874468E+02  -3.4113889E-29
   3.3907842E+02   5.9139609E-29
   3.3941216E+02   1.4981514E-28
   3.3974590E+02   2.2800844E-28
   3.4007963E+02   2.8490024E-28
   3.4041337E+02   3.1379933E-28
   3.4074711E+02   3.1096763E-28
   3.4108085E+02   2.7612192E-28
   3.4141459E+02   2.1254320E-28
   3.4174833E+02   1.2676897E-28
   3.4208207E+02   2.7895242E-29
   3.4241580E+02  -7.3437647E-29
   3.4274954E+02  -1.6626089E-28
   3.4308328E+02  -2.4055231E-28
   3.4341702E+02  -2.8841783E-28
   3.4375076E+02  -3.0503466E-28
   3.4408450E+02  -2.8923647E-28
   3.4441824E+02  -2.4366483E-28
   3.4475197E+02  -1.7445861E-28
   3.4508571E+02  -9.0513495E-29
   3.4541945E+02  -2.3945508E-30
   3.4575319E+02   7.8970320E-29
   3.4608693E+02   1.4365800E-28
   3.4642067E+02   1.8401210E-28
   3.4675441E+02   1.9563965E-28
   3.4708814E+02   1.7801584E-28
   3.4742188E+02   1.3461162E-28
   3.4775562E+02   7.2519604E-29
   3.4808936E+02   1.6096441E-30
   3.4842310E+02  -6.6690512E-29
   3.4875684E+02  -1.2085670E-28
   3.4909058E+02  -1.5079478E-28
   3.4942431E+02  -1.4925372E-28
   3.4975805E+02  -1.1295134E-28
   3.5009179E+02  -4.3266028E-29
   3.5042553E+02   5.3601423E-29
   3.5075927E+02   1.6703888E-28
   3.5109301E+02   2.8298278E-28
   3.5142675E+02   3.8534497E-28
   3.5176048E+02   4.5776870E-28
   3.5209422E+02   4.8554018E-28
   3.5242796E+02   4.5745444E-28
   3.5276170E+02   3.6744052E-28
   3.5309544E+02   2.1575895E-28
   3.5342918E+02   9.6272182E-30
   3.5376292E+02  -2.3682462E-28
   3.5409666E+02  -5.0330794E-28
   3.5443039E+02  -7.6481220E-28
   3.5476413E+02  -9.9363695E-28
   3.5509787E+02  -1.1618678E-27
   3.5543161E+02  -1.2441051E-27
   3.5576535E+02  -1.2202106E-27
   3.5609909E+02  -1.0778248E-27
   3.5643283E+02  -8.1440634E-28
   3.5676656E+02  -4.3856121E-28
   3.5710030E+02   2.9518199E-29
   3.5743404E+02   5.5864757E-28
   3.5776778E+02   1.1083077E-27
   3.5810152E+02   1.6313495E-27
   3.5843526E+02   2.0775921E-27
   3.5876900E+02   2.3980852E-27
   3.5910273E+02   2.5497263E-27
   3.5943647E+02   2.4998097E-27
   3.5977021E+02   2.2301142E-27
   3.6010395E+02   1.7400467E-27
   3.6043769E+02   1.0484896E-27
   3.6077143E+02   1.9400528E-28
   3.6110517E+02  -7.6677241E-28
   3.6143890E+02  -1.7625758E-27
   3.6177264E+02  -2.7126103E-27
   3.6210638E+02  -3.5329748E-27
   3.6244012E+02  -4.1438806E-27
   3.6277386E+02  -4.4770102E-27
   3.6310760E+02  -4.4823204E-27
   3.6344134E+02  -4.1335426E-27
   3.6377507E+02  -3.4318331E-27
   3.6410881E+02  -2.4070523E-27
   3.6444255E+02  -1.1165238E-27
   3.6477629E+02   3.5870436E-28
   3.6511003E+02   1.9197573E-27
   3.6544377E+02   3.4573813E-27
   3.6577751E+02   4.8602156E-27
   3.6611124E+02   6.0230158E-27
   3.6644498E+02   6.8540334E-27
   3.6677872E+02   7.2808510E-27
   3.6711246E+02   7.2542763E-27
   3.6744620E+02   6.7501688E-27
   3.6777994E+02   5.7694028E-27
   3.6811368E+02   4.3364940E-27
   3.6844741E+02   2.4975350E-27
   3.6878115E+02   3.1826416E-28
   3.6911489E+02  -2.1171532E-27
   3.6944863E+02  -4.7062059E-27
   3.6978237E+02  -7.3271211E-27
   3.7011611E+02  -9.8374206E-27
   3.7044985E+02  -1.2073063E-26
   3.7078358E+02  -1.3849533E-26
   3.7111732E+02  -1.4966537E-26
   3.7145106E+02  -1.5217708E-26
   3.7178480E+02  -1.4406352E-26
   3.7211854E+02  -1.2367315E-26
   3.7245228E+02  -8.9941922E-27
   3.7278602E+02  -4.2694104E-27
   3.7311976E+02   1.7060342E-27
   3.7345349E+02   8.6879624E-27
   3.7378723E+02   1.6274447E-26
   3.7412097E+02   2.3906487E-26
   3.7445471E+02   3.0888182E-26
   3.7478845E+02   3.6428795E-26
   3.7512219E+02   3.9707129E-26
   3.7545593E+02   3.9954991E-26
   3.7578966E+02   3.6553996E-26
   3.7612340E+02   2.9136048E-26
   3.7645714E+02   1.7676086E-26
   3.7679088E+02   2.5639551E-27
   3.7712462E+02  -1.5357861E-26
   3.7745836E+02  -3.4801431E-26
   3.7779210E+02  -5.4093228E-26
   3.7812583E+02  -7.1288929E-26
   3.7845957E+02  -8.4338913E-26
   3.7879331E+02  -9.1293480E-26
   3.7912705E+02  -9.0529788E-26
   3.7946079E+02  -8.0977632E-26
   3.7979453E+02  -6.2317497E-26
   3.8012827E+02  -3.5123610E-26
   3.8046200E+02  -9.2774202E-28
   3.8079574E+02   3.7814115E-26
   3.8112948E+02   7.7861767E-26
   3.8146322E+02   1.1543476E-25
   3.8179696E+02   1.4654609E-25
   3.8213070E+02   1.6739754E-25
   3.8246444E+02   1.7480088E-25
   3.8279817E+02   1.6657899E-25
   3.8313191E+02   1.4190099E-25
   3.8346565E+02   1.0150660E-25
   3.8379939E+02   4.7785255E-26
   3.8413313E+02  -1.5315617E-26
   3.8446687E+02  -8.2555403E-26
   3.8480061E+02  -1.4782705E-25
   3.8513434E+02  -2.0471193E-25
   3.8546808E+02  -2.4711467E-25
   3.8580182E+02  -2.6991280E-25
   3.8613556E+02  -2.6955599E-25
   3.8646930E+02  -2.4454481E-25
   3.8680304E+02  -1.9572840E-25
   3.8713678E+02  -1.2638113E-25
   3.8747051E+02  -4.2029492E-26
   3.8780425E+02   4.9965313E-26
   3.8813799E+02   1.4104161E-25
   3.8847173E+02   2.2223932E-25
   3.8880547E+02   2.8509618E-25
   3.8913921E+02   3.2255339E-25
   3.8947295E+02   3.2977951E-25
   3.8980668E+02   3.0482626E-25
   3.9014042E+02   2.4903651E-25
   3.9047416E+02   1.6714938E-25
   3.9080790E+02   6.7066637E-26
   3.9114164E+02  -4.0723684E-26
   3.9147538E+02  -1.4404255E-25
   3.9180912E+02  -2.3017598E-25
   3.9214285E+02  -2.8721356E-25
   3.9247659E+02  -3.0545707E-25
   3.9281033E+02  -2.7878004E-25
   3.9314407E+02  -2.0579560E-25
   3.9347781E+02  -9.0697902E-26
   3.9381155E+02   5.6356038E-26
   3.9414529E+02   2.1943998E-25
   3.9447903E+02   3.7770645E-25
   3.9481276E+02   5.0692695E-25
   3.9514650E+02   5.8169578E-25
   3.9548024E+02   5.7821409E-25
   3.9581398E+02   4.7745372E-25
   3.9614772E+02   2.6847113E-25
   3.9648146E+02  -4.8490229E-26
   3.9681520E+02  -4.5948554E-25
   3.9714893E+02  -9.3537999E-25
   3.9748267E+02  -1.4317833E-24
   3.9781641E+02  -1.8907606E-24
   3.9815015E+02  -2.2445380E-24
   3.9848389E+02  -2.4212385E-24
   3.9881763E+02  -2.3524487E-24
   3.9915137E+02  -1.9821609E-24
   3.9948510E+02  -1.2763363E-24
   3.9981884E+02  -2.3211522E-25
   4.0015258E+02   1.1145378E-24
   4.0048632E+02   2.6839827E-24
   4.0082006E+02   4.3520967E-24
   4.0115380E+02   5.9544846E-24
   4.0148754E+02   7.2963575E-24
   4.0182127E+02   8.1681159E-24
   4.0215501E+02   8.3660718E-24
   4.0248875E+02   7.7169498E-24
   4.0282249E+02   6.1040810E-24
   4.0315623E+02   3.4926028E-24
   4.0348997E+02  -4.9516750E-26
   4.0382371E+02  -4.3379189E-24
   4.0415744E+02  -9.0688207E-24
   4.0449118E+02  -1.3828989E-23
   4.0482492E+02  -1.8120069E-23
   4.0515866E+02  -2.1397298E-23
   4.0549240E+02  -2.3120841E-23
   4.0582614E+02  -2.2816263E-23
   4.0615988E+02  -2.0138934E-23
   4.0649361E+02  -1.4935655E-23
   4.0682735E+02  -7.2960215E-24
   4.0716109E+02   2.4142171E-24
   4.0749483E+02   1.3544799E-23
   4.0782857E+02   2.5182887E-23
   4.0816231E+02   3.6208110E-23
   4.0849605E+02   4.5380035E-23
   4.0882978E+02   5.1453623E-23
   4.0916352E+02   5.3314249E-23
   4.0949726E+02   5.0120028E-23
   4.0983100E+02   4.1436639E-23
   4.1016474E+02   2.7347892E-23
   4.1049848E+02   8.5257554E-24
   4.1083222E+02  -1.3754527E-23
   4.1116595E+02  -3.7664461E-23
   4.1149969E+02  -6.0941651E-23
   4.1183343E+02  -8.1075476E-23
   4.1216717E+02  -9.5547584E-23
   4.1250091E+02  -1.0210807E-22
   4.1283465E+02  -9.9060716E-23
   4.1316839E+02  -8.5526192E-23
   4.1350213E+02  -6.1650098E-23
   4.1383586E+02  -2.8723675E-23
   4.1416960E+02   1.0807917E-23
   4.1450334E+02   5.3467067E-23
   4.1483708E+02   9.4998240E-23
   4.1517082E+02   1.3074483E-22
   4.1550456E+02   1.5612168E-22
   4.1583830E+02   1.6714185E-22
   4.1617203E+02   1.6094490E-22
   4.1650577E+02   1.3626653E-22
   4.1683951E+02   9.3788033E-23
   4.1717325E+02   3.6310128E-23
   4.1750699E+02  -3.1292250E-23
   4.1784073E+02  -1.0235753E-22
   4.1817447E+02  -1.6896747E-22
   4.1850820E+02  -2.2269192E-22
   4.1884194E+02  -2.5549269E-22
   4.1917568E+02  -2.6070697E-22
   4.1950942E+02  -2.3401043E-22
   4.1984316E+02  -1.7424915E-22
   4.2017690E+02  -8.4030145E-23
   4.2051064E+02   3.0030818E-23
   4.2084437E+02   1.5747971E-22
   4.2117811E+02   2.8465600E-22
   4.2151185E+02   3.9578507E-22
   4.2184559E+02   4.7447926E-22
   4.2217933E+02   5.0554690E-22
   4.2251307E+02   4.7695767E-22
   4.2284681E+02   3.8177134E-22
   4.2318054E+02   2.1981058E-22
   4.2351428E+02  -1.1515097E-24
   4.2384802E+02  -2.6490848E-22
   4.2418176E+02  -5.4722097E-22
   4.2451550E+02  -8.1721663E-22
   4.2484924E+02  -1.0398175E-21
   4.2518298E+02  -1.1791092E-21
   4.2551671E+02  -1.2024453E-21
   4.2585045E+02  -1.0849524E-21
   4.2618419E+02  -8.1398026E-22
   4.2651793E+02  -3.9295951E-22
   4.2685167E+02   1.5592206E-22
   4.2718541E+02   7.9079249E-22
   4.2751915E+02   1.4513957E-21
   4.2785288E+02   2.0629226E-21
   4.2818662E+02   2.5424252E-21
   4.2852036E+02   2.8075447E-21
   4.2885410E+02   2.7869278E-21
   4.2918784E+02   2.4313488E-21
   4.2952158E+02   1.7242370E-21
   4.2985532E+02   6.9011274E-22
   4.3018905E+02  -6.0062289E-22
   4.3052279E+02  -2.0319425E-21
   4.3085653E+02  -3.4485144E-21
   4.3119027E+02  -4.6684987E-21
   4.3152401E+02  -5.5024369E-21
   4.3185775E+02  -5.7769187E-21
   4.3219149E+02  -5.3607823E-21
   4.3252522E+02  -4.1907652E-21
   4.3285896E+02  -2.2929535E-21
   4.3319270E+02   2.0377087E-22
   4.3352644E+02   3.0657939E-21
   4.3386018E+02   5.9669053E-21
   4.3419392E+02   8.5156378E-21
   4.3452766E+02   1.0297003E-20
   4.3486140E+02   1.0925616E-20
   4.3519513E+02   1.0105009E-20
   4.3552887E+02   7.6859482E-21
   4.3586261E+02   3.7154291E-21
   4.3619635E+02  -1.5324783E-21
   4.3653009E+02  -7.5516816E-21
   4.3686383E+02  -1.3630749E-20
   4.3719757E+02  -1.8913480E-20
   4.3753130E+02  -2.2491241E-20
   4.3786504E+02  -2.3520037E-20
   4.3819878E+02  -2.1350498E-20
   4.3853252E+02  -1.5654889E-20
   4.3886626E+02  -6.5327752E-21
   4.3920000E+02   5.4233539E-21
   4.3953374E+02   1.9118910E-20
   4.3986747E+02   3.3015925E-20
   4.4020121E+02   4.5263481E-20
   4.4053495E+02   5.3894378E-20
   4.4086869E+02   5.7072231E-20
   4.4120243E+02   5.3363476E-20
   4.4153617E+02   4.2000932E-20
   4.4186991E+02   2.3101051E-20
   4.4220364E+02  -2.2025437E-21
   4.4253738E+02  -3.1741482E-20
   4.4287112E+02  -6.2432219E-20
   4.4320486E+02  -9.0538214E-20
   4.4353860E+02  -1.1206139E-19
   4.4387234E+02  -1.2322972E-19
   4.4420608E+02  -1.2102903E-19
   4.4453981E+02  -1.0371360E-19
   4.4487355E+02  -7.1222784E-20
   4.4520729E+02  -2.5433615E-20
   4.4554103E+02   2.9808872E-20
   4.4587477E+02   8.8919505E-20
   4.4620851E+02   1.4506447E-19
   4.4654225E+02   1.9088696E-19
   4.4687598E+02   2.1940100E-19
   4.4720972E+02   2.2495634E-19
   4.4754346E+02   2.0415345E-19
   4.4787720E+02   1.5658009E-19
   4.4821094E+02   8.5246914E-20
   4.4854468E+02  -3.3736014E-21
   4.4887842E+02  -9.9760405E-20
   4.4921215E+02  -1.9220901E-19
   4.4954589E+02  -2.6808815E-19
   4.4987963E+02  -3.1536703E-19
   4.5021337E+02  -3.2424149E-19
   4.5054711E+02  -2.8865460E-19
   4.5088085E+02  -2.0749819E-19
   4.5121459E+02  -8.5300455E-20
   4.5154832E+02   6.7747294E-20
   4.5188206E+02   2.3649890E-19
   4.5221580E+02   4.0228145E-19
   4.5254954E+02   5.4493025E-19
   4.5288328E+02   6.4522595E-19
   4.5321702E+02   6.8745657E-19
   4.5355076E+02   6.6178388E-19
   4.5388450E+02   5.6608772E-19
   4.5421823E+02   4.0700486E-19
   4.5455197E+02   1.9995380E-19
   4.5488571E+02  -3.1945773E-20
   4.5521945E+02  -2.6001363E-19
   4.5555319E+02  -4.5302521E-19
   4.5588693E+02  -5.8078832E-19
   4.5622067E+02  -6.1787099E-19
   4.5655440E+02  -5.4701345E-19
   4.5688814E+02  -3.6177380E-19
   4.5722188E+02  -6.8013963E-20
   4.5755562E+02   3.1603557E-19
   4.5788936E+02   7.6122619E-19
   4.5822310E+02   1.2303598E-18
   4.5855684E+02   1.6821762E-18
   4.5889057E+02   2.0759926E-18
   4.5922431E+02   2.3764030E-18
   4.5955805E+02   2.5573972E-18
   4.5989179E+02   2.6052632E-18
   4.6022553E+02   2.5197807E-18
   4.6055927E+02   2.3133458E-18
   4.6089301E+02   2.0079419E-18
   4.6122674E+02   1.6301228E-18
   4.6156048E+02   1.2044236E-18
   4.6189422E+02   7.4587171E-19
   4.6222796E+02   2.5238658E-19
   4.6256170E+02  -3.0205813E-19
   4.6289544E+02  -9.7268975E-19
   4.6322918E+02  -1.8470046E-18
   4.6356291E+02  -3.0453167E-18
   4.6389665E+02  -4.7188619E-18
   4.6423039E+02  -7.0459774E-18
   4.6456413E+02  -1.0227264E-17
   4.6489787E+02  -1.4481077E-17
   4.6523161E+02  -2.0040786E-17
   4.6556535E+02  -2.7155291E-17
   4.6589908E+02  -3.6094033E-17
   4.6623282E+02  -4.7157302E-17
   4.6656656E+02  -6.0692022E-17
   4.6690030E+02  -7.7112483E-17
   4.6723404E+02  -9.6925120E-17
   4.6756778E+02  -1.2075565E-16
   4.6790152E+02  -1.4937638E-16
   4.6823525E+02  -1.8373225E-16
   4.6856899E+02  -2.2496255E-16
   4.6890273E+02  -2.7441758E-16
   4.6923647E+02  -3.3366624E-16
   4.6957021E+02  -4.0449603E-16
   4.6990395E+02  -4.8890207E-16
   4.7023769E+02  -5.8906462E-16
   4.7057142E+02  -7.0731444E-16
   4.7090516E+02  -8.4608681E-16
   4.7123890E+02  -1.0078585E-15
   4.7157264E+02  -1.1950697E-15
   4.7190638E+02  -1.4100227E-15
   4.7224012E+02  -1.6547528E-15
   4.7257386E+02  -1.9308578E-15
   4.7290760E+02  -2.2392826E-15
   4.7324133E+02  -2.5800291E-15
   4.7357507E+02  -2.9517798E-15
   4.7390881E+02  -3.3514140E-15
   4.7424255E+02  -3.7733747E-15
   4.7457629E+02  -4.2088635E-15
   4.7491003E+02  -4.6448127E-15
   4.7524377E+02  -5.0625821E-15
   4.7557750E+02  -5.4363176E-15
   4.7591124E+02  -5.7309068E-15
   4.7624498E+02  -5.8994180E-15
   4.7657872E+02  -5.8799536E-15
   4.7691246E+02  -5.5917481E-15
   4.7724620E+02  -4.9304035E-15
   4.7757994E+02  -3.7620638E-15
   4.7791367E+02  -1.9163868E-15
   4.7824741E+02   8.2201583E-16
   4.7858115E+02   4.7238909E-15
   4.7891489E+02   1.0127748E-14
   4.7924863E+02   1.7454735E-14
   4.7958237E+02   2.7226473E-14
   4.7991611E+02   4.0086295E-14
   4.8024984E+02   5.6824496E-14
   4.8058358E+02   7.8408417E-14
   4.8091732E+02   1.0601809E-13
   4.8125106E+02   1.4108852E-13
   4.8158480E+02   1.8535946E-13
   4.8191854E+02   2.4093439E-13
   4.8225228E+02   3.1034940E-13
   4.8258601E+02   3.9665515E-13
   4.8291975E+02   5.0351184E-13
   4.8325349E+02   6.3530106E-13
   4.8358723E+02   7.9725527E-13
   4.8392097E+02   9.9561136E-13
   4.8425471E+02   1.2377866E-12
   4.8458845E+02   1.5325855E-12
   4.8492218E+02   1.8904385E-12
   4.8525592E+02   2.3236781E-12
   4.8558966E+02   2.8468634E-12
   4.8592340E+02   3.4771439E-12
   4.8625714E+02   4.2346916E-12
   4.8659088E+02   5.1431845E-12
   4.8692462E+02   6.2303730E-12
   4.8725835E+02   7.5287233E-12
   4.8759209E+02   9.0761478E-12
   4.8792583E+02   1.0916851E-11
   4.8825957E+02   1.3102280E-11
   4.8859331E+02   1.5692222E-11
   4.8892705E+02   1.8756038E-11
   4.8926079E+02   2.2374057E-11
   4.8959452E+02   2.6639184E-11
   4.8992826E+02   3.1658669E-11
   4.9026200E+02   3.7556132E-11
   4.9059574E+02   4.4473841E-11
   4.9092948E+02   5.2575264E-11
   4.9126322E+02   6.2047902E-11
   4.9159696E+02   7.3106542E-11
   4.9193069E+02   8.5996738E-11
   4.9226443E+02   1.0099890E-10
   4.9259817E+02   1.1843262E-10
   4.9293191E+02   1.3866160E-10
   4.9326565E+02   1.6209910E-10
   4.9359939E+02   1.8921387E-10
   4.9393313E+02   2.2053699E-10
   4.9426687E+02   2.5666877E-10
   4.9460060E+02   2.9828690E-10
   4.9493434E+02   3.4615538E-10
   4.9526808E+02   4.0113368E-10
   4.9560182E+02   4.6418738E-10
   4.9593556E+02   5.3639920E-10
   4.9626930E+02   6.1898142E-10
   4.9660304E+02   7.1328893E-10
   4.9693677E+02   8.2083318E-10
   4.9727051E+02   9.4329833E-10
   4.9760425E+02   1.0825568E-09
   4.9793799E+02   1.2406870E-09
   4.9827173E+02   1.4199906E-09
   4.9860547E+02   1.6230157E-09
   4.9893921E+02   1.8525728E-09
   4.9927294E+02   2.1117610E-09
   4.9960668E+02   2.4039886E-09
   4.9994042E+02   2.7329956E-09
   5.0027416E+02   3.1028837E-09
   5.0060790E+02   3.5181356E-09
   5.0094164E+02   3.9836445E-09
   5.0127538E+02   4.5047432E-09
   5.0160911E+02   5.0872249E-09
   5.0194285E+02   5.7373772E-09
   5.0227659E+02   6.4620043E-09
   5.0261033E+02   7.2684587E-09
   5.0294407E+02   8.1646601E-09
   5.0327781E+02   9.1591321E-09
   5.0361155E+02   1.0261013E-08
   5.0394528E+02   1.1480092E-08
   5.0427902E+02   1.2826811E-08
   5.0461276E+02   1.4312294E-08
   5.0494650E+02   1.5948368E-08
   5.0528024E+02   1.7747546E-08
   5.0561398E+02   1.9723061E-08
   5.0594772E+02   2.1888850E-08
   5.0628145E+02   2.4259545E-08
   5.0661519E+02   2.6850469E-08
   5.0694893E+02   2.9677620E-08
   5.0728267E+02   3.2757629E-08
   5.0761641E+02   3.6107721E-08
   5.0795015E+02   3.9745686E-08
   5.0828389E+02   4.3689795E-08
   5.0861762E+02   4.7958775E-08
   5.0895136E+02   5.2571671E-08
   5.0928510E+02   5.7547744E-08
   5.0961884E+02   6.2906466E-08
   5.0995258E+02   6.8667305E-08
   5.1028632E+02   7.4849567E-08
   5.1062006E+02   8.1472322E-08
   5.1095379E+02   8.8554202E-08
   5.1128753E+02   9.6113169E-08
   5.1162127E+02   1.0416640E-07
   5.1195501E+02   1.1273002E-07
   5.1228875E+02   1.2181884E-07
   5.1262249E+02   1.3144620E-07
   5.1295623E+02   1.4162359E-07
   5.1328997E+02   1.5236041E-07
   5.1362370E+02   1.6366381E-07
   5.1395744E+02   1.7553815E-07
   5.1429118E+02   1.8798478E-07
   5.1462492E+02   2.0100185E-07
   5.1495866E+02   2.1458382E-07
   5.1529240E+02   2.2872108E-07
   5.1562614E+02   2.4339982E-07
   5.1595987E+02   2.5860140E-07
   5.1629361E+02   2.7430235E-07
   5.1662735E+02   2.9047385E-07
   5.1696109E+02   3.0708117E-07
   5.1729483E+02   3.2408383E-07
   5.1762857E+02   3.4143500E-07
   5.1796231E+02   3.5908141E-07
   5.1829604E+02   3.7696293E-07
   5.1862978E+02   3.9501236E-07
   5.1896352E+02   4.1315548E-07
   5.1929726E+02   4.3131078E-07
   5.1963100E+02   4.4938918E-07
   5.1996474E+02   4.6729411E-07
   5.2029848E+02   4.8492171E-07
   5.2063221E+02   5.0216067E-07
   5.2096595E+02   5.1889231E-07
   5.2129969E+02   5.3499082E-07
   5.2163343E+02   5.5032365E-07
   5.2196717E+02   5.6475164E-07
   5.2230091E+02   5.7812997E-07
   5.2263465E+02   5.9030714E-07
   5.2296838E+02   6.0112757E-07
   5.2330212E+02   6.1043056E-07
   5.2363586E+02   6.1805201E-07
   5.2396960E+02   6.2382492E-07
   5.2430334E+02   6.2757988E-07
   5.2463708E+02   6.2914643E-07
   5.2497082E+02   6.2835454E-07
   5.2530455E+02   6.2503403E-07
   5.2563829E+02   6.1901812E-07
   5.2597203E+02   6.1014248E-07
   5.2630577E+02   5.9824760E-07
   5.2663951E+02   5.8318028E-07
   5.2697325E+02   5.6479422E-07
   5.2730699E+02   5.4295219E-07
   5.2764072E+02   5.1752681E-07
   5.2797446E+02   4.8840201E-07
   5.2830820E+02   4.5547515E-07
   5.2864194E+02   4.1865792E-07
   5.2897568E+02   3.7787746E-07
   5.2930942E+02   3.3307825E-07
   5.2964316E+02   2.8422326E-07
   5.2997689E+02   2.3129496E-07
   5.3031063E+02   1.7429697E-07
   5.3064437E+02   1.1325449E-07
   5.3097811E+02   4.8215970E-08
   5.3131185E+02  -2.0746370E-08
   5.3164559E+02  -9.3536144E-08
   5.3197933E+02  -1.7003141E-07
   5.3231306E+02  -2.5008501E-07
   5.3264680E+02  -3.3352364E-07
   5.3298054E+02  -4.2014821E-07
   5.3331428E+02  -5.0973375E-07
   5.3364802E+02  -6.0202950E-07
   5.3398176E+02  -6.9675957E-07
   5.3431550E+02  -7.9362377E-07
   5.3464924E+02  -8.9229775E-07
   5.3498297E+02  -9.9243448E-07
   5.3531671E+02  -1.0936660E-06
   5.3565045E+02  -1.1956035E-06
   5.3598419E+02  -1.2978411E-06
   5.3631793E+02  -1.3999547E-06
   5.3665167E+02  -1.5015071E-06
   5.3698541E+02  -1.6020481E-06
   5.3731914E+02  -1.7011168E-06
   5.3765288E+02  -1.7982469E-06
   5.3798662E+02  -1.8929647E-06
   5.3832036E+02  -1.9847953E-06
   5.3865410E+02  -2.0732653E-06
   5.3898784E+02  -2.1579035E-06
   5.3932158E+02  -2.2382455E-06
   5.3965531E+02  -2.3138375E-06
   5.3998905E+02  -2.3842374E-06
   5.4032279E+02  -2.4490182E-06
   5.4065653E+02  -2.5077720E-06
   5.4099027E+02  -2.5601123E-06
   5.4132401E+02  -2.6056775E-06
   5.4165775E+02  -2.6441310E-06
   5.4199148E+02  -2.6751682E-06
   5.4232522E+02  -2.6985144E-06
   5.4265896E+02  -2.7139306E-06
   5.4299270E+02  -2.7212141E-06
   5.4332644E+02  -2.7201995E-06
   5.4366018E+02  -2.7107628E-06
   5.4399392E+02  -2.6928205E-06
   5.4432765E+02  -2.6663301E-06
   5.4466139E+02  -2.6312950E-06
   5.4499513E+02  -2.5877612E-06
   5.4532887E+02  -2.5358181E-06
   5.4566261E+02  -2.4756000E-06
   5.4599635E+02  -2.4072840E-06
   5.4633009E+02  -2.3310918E-06
   5.4666382E+02  -2.2472855E-06
   5.4699756E+02  -2.1561686E-06
   5.4733130E+02  -2.0580842E-06
   5.4766504E+02  -1.9534116E-06
   5.4799878E+02  -1.8425677E-06
   5.4833252E+02  -1.7259995E-06
   5.4866626E+02  -1.6041863E-06
   5.4899999E+02  -1.4776340E-06
   5.4933373E+02  -1.3468732E-06
   5.4966747E+02  -1.2124557E-06
   5.5000121E+02  -1.0749525E-06
   5.5033495E+02  -9.3494600E-07
   5.5066869E+02  -7.9303277E-07
   5.5100243E+02  -6.4981464E-07
   5.5133616E+02  -5.0589767E-07
   5.5166990E+02  -3.6188698E-07
   5.5200364E+02  -2.1838505E-07
   5.5233738E+02  -7.5985838E-08
   5.5267112E+02   6.4727260E-08
   5.5300486E+02   2.0318603E-07
   5.5333860E+02   3.3883961E-07
   5.5367234E+02   4.7115884E-07
   5.5400607E+02   5.9963827E-07
   5.5433981E+02   7.2379981E-07
   5.5467355E+02   8.4319470E-07
   5.5500729E+02   9.5740643E-07
   5.5534103E+02   1.0660525E-06
   5.5567477E+02   1.1687860E-06
   5.5600851E+02   1.2652985E-06
   5.5634224E+02   1.3553192E-06
   5.5667598E+02   1.4386177E-06
   5.5700972E+02   1.5150042E-06
   5.5734346E+02   1.5843293E-06
   5.5767720E+02   1.6464850E-06
   5.5801094E+02   1.7014033E-06
   5.5834468E+02   1.7490572E-06
   5.5867841E+02   1.7894592E-06
   5.5901215E+02   1.8226597E-06
   5.5934589E+02   1.8487460E-06
   5.5967963E+02   1.8678425E-06
   5.6001337E+02   1.8801056E-06
   5.6034711E+02   1.8857253E-06
   5.6068085E+02   1.8849200E-06
   5.6101458E+02   1.8779365E-06
   5.6134832E+02   1.8650469E-06
   5.6168206E+02   1.8465448E-06
   5.6201580E+02   1.8227444E-06
   5.6234954E+02   1.7939778E-06
   5.6268328E+02   1.7605906E-06
   5.6301702E+02   1.7229405E-06
   5.6335075E+02   1.6813942E-06
   5.6368449E+02   1.6363251E-06
   5.6401823E+02   1.5881103E-06
   5.6435197E+02   1.5371272E-06
   5.6468571E+02   1.4837522E-06
   5.6501945E+02   1.4283582E-06
   5.6535319E+02   1.3713113E-06
   5.6568692E+02   1.3129701E-06
   5.6602066E+02   1.2536823E-06
   5.6635440E+02   1.1937843E-06
   5.6668814E+02   1.1335981E-06
   5.6702188E+02   1.0734308E-06
   5.6735562E+02   1.0135730E-06
   5.6768936E+02   9.5429743E-07
   5.6802309E+02   8.9585916E-07
   5.6835683E+02   8.3849335E-07
   5.6869057E+02   7.8241516E-07
   5.6902431E+02   7.2782012E-07
   5.6935805E+02   6.7488276E-07
   5.6969179E+02   6.2375784E-07
   5.7002553E+02   5.7457925E-07
   5.7035926E+02   5.2746117E-07
   5.7069300E+02   4.8249797E-07
   5.7102674E+02   4.3976456E-07
   5.7136048E+02   3.9931800E-07
   5.7169422E+02   3.6119718E-07
   5.7202796E+02   3.2542428E-07
   5.7236170E+02   2.9200567E-07
   5.7269543E+02   2.6093281E-07
   5.7302917E+02   2.3218277E-07
   5.7336291E+02   2.0572043E-07
   5.7369665E+02   1.8149854E-07
   5.7403039E+02   1.5945945E-07
   5.7436413E+02   1.3953611E-07
   5.7469787E+02   1.2165287E-07
   5.7503161E+02   1.0572703E-07
   5.7536534E+02   9.1669641E-08
   5.7569908E+02   7.9386751E-08
   5.7603282E+02   6.8780082E-08
   5.7636656E+02   5.9748388E-08
   5.7670030E+02   5.2188195E-08
   5.7703404E+02   4.5994632E-08
   5.7736778E+02   4.1062432E-08
   5.7770151E+02   3.7286558E-08
   5.7803525E+02   3.4562909E-08
   5.7836899E+02   3.2789011E-08
   5.7870273E+02   3.1864651E-08
   5.7903647E+02   3.1692181E-08
   5.7937021E+02   3.2177233E-08
   5.7970395E+02   3.3229021E-08
   5.8003768E+02   3.4760617E-08
   5.8037142E+02   3.6689279E-08
   5.8070516E+02   3.8937038E-08
   5.8103890E+02   4.1430376E-08
   5.8137264E+02   4.4100780E-08
   5.8170638E+02   4.6884665E-08
   5.8204012E+02   4.9723788E-08
   5.8237385E+02   5.2564950E-08
   5.8270759E+02   5.5360246E-08
   5.8304133E+02   5.8067037E-08
   5.8337507E+02   6.0647999E-08
   5.8370881E+02   6.3070885E-08
   5.8404255E+02   6.5308839E-08
   5.8437629E+02   6.7340132E-08
   5.8471002E+02   6.9147895E-08
   5.8504376E+02   7.0720382E-08
   5.8537750E+02   7.2050568E-08
   5.8571124E+02   7.3136249E-08
   5.8604498E+02   7.3979741E-08
   5.8637872E+02   7.4587717E-08
   5.8671246E+02   7.4971197E-08
   5.8704619E+02   7.5145167E-08
   5.8737993E+02   7.5128547E-08
   5.8771367E+02   7.4943877E-08
   5.8804741E+02   7.4616970E-08
   5.8838115E+02   7.4176910E-08
   5.8871489E+02   7.3655514E-08
   5.8904863E+02   7.3087179E-08
   5.8938236E+02   7.2508463E-08
   5.8971610E+02   7.1957885E-08
   5.9004984E+02   7.1475384E-08
   5.9038358E+02   7.1102122E-08
   5.9071732E+02   7.0879999E-08
   5.9105106E+02   7.0851350E-08
   5.9138480E+02   7.1058302E-08
   5.9171853E+02   7.1542601E-08
   5.9205227E+02   7.2345010E-08
   5.9238601E+02   7.3504808E-08
   5.9271975E+02   7.5059504E-08
   5.9305349E+02   7.7044220E-08
   5.9338723E+02   7.9491208E-08
   5.9372097E+02   8.2429551E-08
   5.9405471E+02   8.5884459E-08
   5.9438844E+02   8.9877133E-08
   5.9472218E+02   9.4424074E-08
   5.9505592E+02   9.9536877E-08
   5.9538966E+02   1.0522186E-07
   5.9572340E+02   1.1147966E-07
   5.9605714E+02   1.1830498E-07
   5.9639088E+02   1.2568646E-07
   5.9672461E+02   1.3360629E-07
   5.9705835E+02   1.4204031E-07
   5.9739209E+02   1.5095760E-07
   5.9772583E+02   1.6032070E-07
   5.9805957E+02   1.7008551E-07
   5.9839331E+02   1.8020137E-07
   5.9872705E+02   1.9061122E-07
   5.9906078E+02   2.0125171E-07
   5.9939452E+02   2.1205372E-07
   5.9972826E+02   2.2294228E-07
   6.0006200E+02   2.3383751E-07
   6.0039574E+02   2.4465453E-07
   6.0072948E+02   2.5530451E-07
   6.0106322E+02   2.6569472E-07
   6.0139695E+02   2.7572960E-07
   6.0173069E+02   2.8531116E-07
   6.0206443E+02   2.9433994E-07
   6.0239817E+02   3.0271548E-07
   6.0273191E+02   3.1033755E-07
   6.0306565E+02   3.1710653E-07
   6.0339939E+02   3.2292451E-07
   6.0373312E+02   3.2769634E-07
   6.0406686E+02   3.3133003E-07
   6.0440060E+02   3.3373806E-07
   6.0473434E+02   3.3483809E-07
   6.0506808E+02   3.3455365E-07
   6.0540182E+02   3.3281520E-07
   6.0573556E+02   3.2956086E-07
   6.0606929E+02   3.2473710E-07
   6.0640303E+02   3.1829930E-07
   6.0673677E+02   3.1021278E-07
   6.0707051E+02   3.0045308E-07
   6.0740425E+02   2.8900646E-07
   6.0773799E+02   2.7587058E-07
   6.0807173E+02   2.6105457E-07
   6.0840546E+02   2.4457958E-07
   6.0873920E+02   2.2647876E-07
   6.0907294E+02   2.0679749E-07
   6.0940668E+02   1.8559328E-07
   6.0974042E+02   1.6293576E-07
   6.1007416E+02   1.3890644E-07
   6.1040790E+02   1.1359828E-07
   6.1074163E+02   8.7115481E-08
   6.1107537E+02   5.9572908E-08
   6.1140911E+02   3.1095368E-08
   6.1174285E+02   1.8171260E-09
   6.1207659E+02  -2.8118922E-08
   6.1241033E+02  -5.8562190E-08
   6.1274407E+02  -8.9355368E-08
   6.1307781E+02  -1.2033519E-07
   6.1341154E+02  -1.5133375E-07
   6.1374528E+02  -1.8217953E-07
   6.1407902E+02  -2.1269850E-07
   6.1441276E+02  -2.4271549E-07
   6.1474650E+02  -2.7205516E-07
   6.1508024E+02  -3.0054355E-07
   6.1541398E+02  -3.2800892E-07
   6.1574771E+02  -3.5428349E-07
   6.1608145E+02  -3.7920435E-07
   6.1641519E+02  -4.0261472E-07
   6.1674893E+02  -4.2436511E-07
   6.1708267E+02  -4.4431445E-07
   6.1741641E+02  -4.6233146E-07
   6.1775015E+02  -4.7829508E-07
   6.1808388E+02  -4.9209592E-07
   6.1841762E+02  -5.0363684E-07
   6.1875136E+02  -5.1283371E-07
   6.1908510E+02  -5.1961621E-07
   6.1941884E+02  -5.2392841E-07
   6.1975258E+02  -5.2572886E-07
   6.2008632E+02  -5.2499166E-07
   6.2042005E+02  -5.2170606E-07
   6.2075379E+02  -5.1587665E-07
   6.2108753E+02  -5.0752362E-07
   6.2142127E+02  -4.9668250E-07
   6.2175501E+02  -4.8340405E-07
   6.2208875E+02  -4.6775344E-07
   6.2242249E+02  -4.4981044E-07
   6.2275622E+02  -4.2966815E-07
   6.2308996E+02  -4.0743299E-07
   6.2342370E+02  -3.8322318E-07
   6.2375744E+02  -3.5716849E-07
   6.2409118E+02  -3.2940878E-07
   6.2442492E+02  -3.0009329E-07
   6.2475866E+02  -2.6937931E-07
   6.2509239E+02  -2.3743107E-07
   6.2542613E+02  -2.0441865E-07
   6.2575987E+02  -1.7051664E-07
   6.2609361E+02  -1.3590282E-07
   6.2642735E+02  -1.0075691E-07
   6.2676109E+02  -6.5259322E-08
   6.2709483E+02  -2.9589739E-08
   6.2742856E+02   6.0741332E-09
   6.2776230E+02   4.1557730E-08
   6.2809604E+02   7.6691002E-08
   6.2842978E+02   1.1130940E-07
   6.2876352E+02   1.4525519E-07
   6.2909726E+02   1.7837831E-07
   6.2943100E+02   2.1053758E-07
   6.2976473E+02   2.4160130E-07
   6.3009847E+02   2.7144827E-07
   6.3043221E+02   2.9996832E-07
   6.3076595E+02   3.2706299E-07
   6.3109969E+02   3.5264597E-07
   6.3143343E+02   3.7664358E-07
   6.3176717E+02   3.9899464E-07
   6.3210090E+02   4.1965143E-07
   6.3243464E+02   4.3857875E-07
   6.3276838E+02   4.5575464E-07
   6.3310212E+02   4.7116976E-07
   6.3343586E+02   4.8482713E-07
   6.3376960E+02   4.9674225E-07
   6.3410334E+02   5.0694177E-07
   6.3443708E+02   5.1546368E-07
   6.3477081E+02   5.2235623E-07
   6.3510455E+02   5.2767723E-07
   6.3543829E+02   5.3149324E-07
   6.3577203E+02   5.3387890E-07
   6.3610577E+02   5.3491561E-07
   6.3643951E+02   5.3469091E-07
   6.3677325E+02   5.3329688E-07
   6.3710698E+02   5.3082982E-07
   6.3744072E+02   5.2738835E-07
   6.3777446E+02   5.2307303E-07
   6.3810820E+02   5.1798469E-07
   6.3844194E+02   5.1222383E-07
   6.3877568E+02   5.0588903E-07
   6.3910942E+02   4.9907646E-07
   6.3944315E+02   4.9187815E-07
   6.3977689E+02   4.8438199E-07
   6.4011063E+02   4.7666981E-07
   6.4044437E+02   4.6881718E-07
   6.4077811E+02   4.6089241E-07
   6.4111185E+02   4.5295582E-07
   6.4144559E+02   4.4505890E-07
   6.4177932E+02   4.3724444E-07
   6.4211306E+02   4.2954539E-07
   6.4244680E+02   4.2198459E-07
   6.4278054E+02   4.1457525E-07
   6.4311428E+02   4.0731945E-07
   6.4344802E+02   4.0020925E-07
   6.4378176E+02   3.9322643E-07
   6.4411549E+02   3.8634235E-07
   6.4444923E+02   3.7951799E-07
   6.4478297E+02   3.7270564E-07
   6.4511671E+02   3.6584774E-07
   6.4545045E+02   3.5887786E-07
   6.4578419E+02   3.5172215E-07
   6.4611793E+02   3.4429911E-07
   6.4645166E+02   3.3652060E-07
   6.4678540E+02   3.2829311E-07
   6.4711914E+02   3.1951856E-07
   6.4745288E+02   3.1009486E-07
   6.4778662E+02   2.9991764E-07
   6.4812036E+02   2.8888098E-07
   6.4845410E+02   2.7687864E-07
   6.4878783E+02   2.6380539E-07
   6.4912157E+02   2.4955784E-07
   6.4945531E+02   2.3403599E-07
   6.4978905E+02   2.1714447E-07
   6.5012279E+02   1.9879329E-07
   6.5045653E+02   1.7889947E-07
   6.5079027E+02   1.5738787E-07
   6.5112400E+02   1.3419250E-07
   6.5145774E+02   1.0925732E-07
   6.5179148E+02   8.2537269E-08
   6.5212522E+02   5.3999830E-08
   6.5245896E+02   2.3624544E-08
   6.5279270E+02  -8.5949203E-09
   6.5312644E+02  -4.2650914E-08
   6.5346018E+02  -7.8521282E-08
   6.5379391E+02  -1.1616807E-07
   6.5412765E+02  -1.5553842E-07
   6.5446139E+02  -1.9656321E-07
   6.5479513E+02  -2.3915783E-07
   6.5512887E+02  -2.8322179E-07
   6.5546261E+02  -3.2863912E-07
   6.5579635E+02  -3.7527852E-07
   6.5613008E+02  -4.2299396E-07
   6.5646382E+02  -4.7162504E-07
   6.5679756E+02  -5.2099807E-07
   6.5713130E+02  -5.7092655E-07
   6.5746504E+02  -6.2121211E-07
   6.5779878E+02  -6.7164632E-07
   6.5813252E+02  -7.2201067E-07
   6.5846625E+02  -7.7207858E-07
   6.5879999E+02  -8.2161682E-07
   6.5913373E+02  -8.7038694E-07
   6.5946747E+02  -9.1814593E-07
   6.5980121E+02  -9.6464930E-07
   6.6013495E+02  -1.0096516E-06
