  -7.8094826E+01   0.0000000E+00
  -7.7761087E+01   0.0000000E+00
  -7.7427349E+01   0.0000000E+00
  -7.7093610E+01   0.0000000E+00
  -7.6759871E+01   0.0000000E+00
  -7.6426133E+01   0.0000000E+00
  -7.6092394E+01   0.0000000E+00
  -7.5758656E+01   0.0000000E+00
  -7.5424917E+01   0.0000000E+00
  -7.5091178E+01   0.0000000E+00
  -7.4757440E+01   0.0000000E+00
  -7.4423701E+01   0.0000000E+00
  -7.4089963E+01   0.0000000E+00
  -7.3756224E+01   0.0000000E+00
  -7.3422485E+01   0.0000000E+00
  -7.3088747E+01   0.0000000E+00
  -7.2755008E+01   0.0000000E+00
  -7.2421270E+01   0.0000000E+00
  -7.2087531E+01   0.0000000E+00
  -7.1753792E+01   0.0000000E+00
  -7.1420054E+01   0.0000000E+00
  -7.1086315E+01   0.0000000E+00
  -7.0752577E+01   0.0000000E+00
  -7.0418838E+01   0.0000000E+00
  -7.0085099E+01   0.0000000E+00
  -6.9751361E+01   0.0000000E+00
  -6.9417622E+01   0.0000000E+00
  -6.9083884E+01   0.0000000E+00
  -6.8750145E+01   0.0000000E+00
  -6.8416406E+01   0.0000000E+00
  -6.8082668E+01   0.0000000E+00
  -6.7748929E+01   0.0000000E+00
  -6.7415191E+01   0.0000000E+00
  -6.7081452E+01   0.0000000E+00
  -6.6747714E+01   0.0000000E+00
  -6.6413975E+01   0.0000000E+00
  -6.6080236E+01   0.0000000E+00
  -6.5746498E+01   0.0000000E+00
  -6.5412759E+01   0.0000000E+00
  -6.5079021E+01   0.0000000E+00
  -6.4745282E+01   0.0000000E+00
  -6.4411543E+01   0.0000000E+00
  -6.4077805E+01   0.0000000E+00
  -6.3744066E+01   0.0000000E+00
  -6.3410328E+01   0.0000000E+00
  -6.3076589E+01   0.0000000E+00
  -6.2742850E+01   0.0000000E+00
  -6.2409112E+01   0.0000000E+00
  -6.2075373E+01   0.0000000E+00
  -6.1741635E+01   0.0000000E+00
  -6.1407896E+01   0.0000000E+00
  -6.1074157E+01   0.0000000E+00
  -6.0740419E+01   0.0000000E+00
  -6.0406680E+01   0.0000000E+00
  -6.0072942E+01   0.0000000E+00
  -5.9739203E+01   0.0000000E+00
  -5.9405464E+01   0.0000000E+00
  -5.9071726E+01   0.0000000E+00
  -5.8737987E+01   0.0000000E+00
  -5.8404249E+01   0.0000000E+00
  -5.8070510E+01   0.0000000E+00
  -5.7736771E+01   0.0000000E+00
  -5.7403033E+01   0.0000000E+00
  -5.7069294E+01   0.0000000E+00
  -5.6735556E+01   0.0000000E+00
  -5.6401817E+01   0.0000000E+00
  -5.6068078E+01   0.0000000E+00
  -5.5734340E+01   0.0000000E+00
  -5.5400601E+01   0.0000000E+00
  -5.5066863E+01   0.0000000E+00
  -5.4733124E+01   0.0000000E+00
  -5.4399385E+01   0.0000000E+00
  -5.4065647E+01   0.0000000E+00
  -5.3731908E+01   0.0000000E+00
  -5.3398170E+01   0.0000000E+00
  -5.3064431E+01   0.0000000E+00
  -5.2730693E+01   0.0000000E+00
  -5.2396954E+01   0.0000000E+00
  -5.2063215E+01   0.0000000E+00
  -5.1729477E+01   0.0000000E+00
  -5.1395738E+01   0.0000000E+00
  -5.1062000E+01   0.0000000E+00
  -5.0728261E+01   0.0000000E+00
  -5.0394522E+01   0.0000000E+00
  -5.0060784E+01   0.0000000E+00
  -4.9727045E+01   0.0000000E+00
  -4.9393307E+01   0.0000000E+00
  -4.9059568E+01   0.0000000E+00
  -4.8725829E+01   0.0000000E+00
  -4.8392091E+01   0.0000000E+00
  -4.8058352E+01   0.0000000E+00
  -4.7724614E+01   0.0000000E+00
  -4.7390875E+01   0.0000000E+00
  -4.7057136E+01   0.0000000E+00
  -4.6723398E+01   0.0000000E+00
  -4.6389659E+01   0.0000000E+00
  -4.6055921E+01   0.0000000E+00
  -4.5722182E+01   0.0000000E+00
  -4.5388443E+01   0.0000000E+00
  -4.5054705E+01   0.0000000E+00
  -4.4720966E+01   0.0000000E+00
  -4.4387228E+01   0.0000000E+00
  -4.4053489E+01   0.0000000E+00
  -4.3719750E+01   0.0000000E+00
  -4.3386012E+01   0.0000000E+00
  -4.3052273E+01   0.0000000E+00
  -4.2718535E+01   0.0000000E+00
  -4.2384796E+01   0.0000000E+00
  -4.2051057E+01   0.0000000E+00
  -4.1717319E+01   0.0000000E+00
  -4.1383580E+01   0.0000000E+00
  -4.1049842E+01   0.0000000E+00
  -4.0716103E+01   0.0000000E+00
  -4.0382364E+01   0.0000000E+00
  -4.0048626E+01   0.0000000E+00
  -3.9714887E+01   0.0000000E+00
  -3.9381149E+01   0.0000000E+00
  -3.9047410E+01   0.0000000E+00
  -3.8713672E+01   0.0000000E+00
  -3.8379933E+01   0.0000000E+00
  -3.8046194E+01   0.0000000E+00
  -3.7712456E+01   0.0000000E+00
  -3.7378717E+01   0.0000000E+00
  -3.7044979E+01   0.0000000E+00
  -3.6711240E+01   0.0000000E+00
  -3.6377501E+01   0.0000000E+00
  -3.6043763E+01   0.0000000E+00
  -3.5710024E+01   0.0000000E+00
  -3.5376286E+01   0.0000000E+00
  -3.5042547E+01   0.0000000E+00
  -3.4708808E+01   0.0000000E+00
  -3.4375070E+01   0.0000000E+00
  -3.4041331E+01   0.0000000E+00
  -3.3707593E+01   0.0000000E+00
  -3.3373854E+01   0.0000000E+00
  -3.3040115E+01   0.0000000E+00
  -3.2706377E+01   0.0000000E+00
  -3.2372638E+01   0.0000000E+00
  -3.2038900E+01   0.0000000E+00
  -3.1705161E+01   0.0000000E+00
  -3.1371422E+01   0.0000000E+00
  -3.1037684E+01   0.0000000E+00
  -3.0703945E+01   0.0000000E+00
  -3.0370207E+01   0.0000000E+00
  -3.0036468E+01   0.0000000E+00
  -2.9702729E+01   0.0000000E+00
  -2.9368991E+01   0.0000000E+00
  -2.9035252E+01   0.0000000E+00
  -2.8701514E+01   0.0000000E+00
  -2.8367775E+01   0.0000000E+00
  -2.8034036E+01   0.0000000E+00
  -2.7700298E+01   0.0000000E+00
  -2.7366559E+01   0.0000000E+00
  -2.7032821E+01   0.0000000E+00
  -2.6699082E+01   0.0000000E+00
  -2.6365343E+01   0.0000000E+00
  -2.6031605E+01   0.0000000E+00
  -2.5697866E+01   0.0000000E+00
  -2.5364128E+01   0.0000000E+00
  -2.5030389E+01   0.0000000E+00
  -2.4696651E+01   0.0000000E+00
  -2.4362912E+01   0.0000000E+00
  -2.4029173E+01   0.0000000E+00
  -2.3695435E+01   0.0000000E+00
  -2.3361696E+01   0.0000000E+00
  -2.3027958E+01   0.0000000E+00
  -2.2694219E+01   0.0000000E+00
  -2.2360480E+01   0.0000000E+00
  -2.2026742E+01   0.0000000E+00
  -2.1693003E+01   0.0000000E+00
  -2.1359265E+01   0.0000000E+00
  -2.1025526E+01   0.0000000E+00
  -2.0691787E+01   0.0000000E+00
  -2.0358049E+01   0.0000000E+00
  -2.0024310E+01   0.0000000E+00
  -1.9690572E+01   0.0000000E+00
  -1.9356833E+01   0.0000000E+00
  -1.9023094E+01   0.0000000E+00
  -1.8689356E+01   0.0000000E+00
  -1.8355617E+01   0.0000000E+00
  -1.8021879E+01   0.0000000E+00
  -1.7688140E+01   0.0000000E+00
  -1.7354401E+01   0.0000000E+00
  -1.7020663E+01   0.0000000E+00
  -1.6686924E+01   0.0000000E+00
  -1.6353186E+01   0.0000000E+00
  -1.6019447E+01   0.0000000E+00
  -1.5685708E+01   0.0000000E+00
  -1.5351970E+01   0.0000000E+00
  -1.5018231E+01   0.0000000E+00
  -1.4684493E+01   0.0000000E+00
  -1.4350754E+01   0.0000000E+00
  -1.4017015E+01   0.0000000E+00
  -1.3683277E+01   0.0000000E+00
  -1.3349538E+01   0.0000000E+00
  -1.3015800E+01   0.0000000E+00
  -1.2682061E+01   0.0000000E+00
  -1.2348322E+01   0.0000000E+00
  -1.2014584E+01   0.0000000E+00
  -1.1680845E+01   0.0000000E+00
  -1.1347107E+01   0.0000000E+00
  -1.1013368E+01   0.0000000E+00
  -1.0679630E+01   0.0000000E+00
  -1.0345891E+01   0.0000000E+00
  -1.0012152E+01   0.0000000E+00
  -9.6784137E+00   0.0000000E+00
  -9.3446751E+00   0.0000000E+00
  -9.0109365E+00   0.0000000E+00
  -8.6771979E+00   0.0000000E+00
  -8.3434593E+00   0.0000000E+00
  -8.0097207E+00   0.0000000E+00
  -7.6759821E+00   0.0000000E+00
  -7.3422436E+00   0.0000000E+00
  -7.0085050E+00   0.0000000E+00
  -6.6747664E+00   0.0000000E+00
  -6.3410278E+00   0.0000000E+00
  -6.0072892E+00   0.0000000E+00
  -5.6735506E+00   0.0000000E+00
  -5.3398120E+00   0.0000000E+00
  -5.0060734E+00   0.0000000E+00
  -4.6723348E+00   0.0000000E+00
  -4.3385962E+00   0.0000000E+00
  -4.0048576E+00   0.0000000E+00
  -3.6711190E+00   0.0000000E+00
  -3.3373804E+00   0.0000000E+00
  -3.0036418E+00   0.0000000E+00
  -2.6699032E+00   0.0000000E+00
  -2.3361646E+00   0.0000000E+00
  -2.0024260E+00   0.0000000E+00
  -1.6686874E+00   0.0000000E+00
  -1.3349488E+00   0.0000000E+00
  -1.0012102E+00   0.0000000E+00
  -6.6747165E-01   0.0000000E+00
  -3.3373305E-01   0.0000000E+00
   5.5432320E-06   0.0000000E+00
   3.3374414E-01   0.0000000E+00
   6.6748273E-01   0.0000000E+00
   1.0012213E+00   0.0000000E+00
   1.3349599E+00   0.0000000E+00
   1.6686985E+00   0.0000000E+00
   2.0024371E+00   0.0000000E+00
   2.3361757E+00   0.0000000E+00
   2.6699143E+00   0.0000000E+00
   3.0036529E+00   0.0000000E+00
   3.3373915E+00   0.0000000E+00
   3.6711301E+00   0.0000000E+00
   4.0048687E+00   0.0000000E+00
   4.3386073E+00   0.0000000E+00
   4.6723459E+00   0.0000000E+00
   5.0060845E+00   0.0000000E+00
   5.3398231E+00   0.0000000E+00
   5.6735617E+00   0.0000000E+00
   6.0073003E+00   0.0000000E+00
   6.3410389E+00   0.0000000E+00
   6.6747774E+00   0.0000000E+00
   7.0085160E+00   0.0000000E+00
   7.3422546E+00   0.0000000E+00
   7.6759932E+00   0.0000000E+00
   8.0097318E+00   0.0000000E+00
   8.3434704E+00   0.0000000E+00
   8.6772090E+00   0.0000000E+00
   9.0109476E+00   0.0000000E+00
   9.3446862E+00   0.0000000E+00
   9.6784248E+00   0.0000000E+00
   1.0012163E+01   0.0000000E+00
   1.0345902E+01   0.0000000E+00
   1.0679641E+01   0.0000000E+00
   1.1013379E+01   0.0000000E+00
   1.1347118E+01   0.0000000E+00
   1.1680856E+01   0.0000000E+00
   1.2014595E+01   0.0000000E+00
   1.2348334E+01   0.0000000E+00
   1.2682072E+01   0.0000000E+00
   1.3015811E+01   0.0000000E+00
   1.3349549E+01   0.0000000E+00
   1.3683288E+01   0.0000000E+00
   1.4017027E+01   0.0000000E+00
   1.4350765E+01   0.0000000E+00
   1.4684504E+01   0.0000000E+00
   1.5018242E+01   0.0000000E+00
   1.5351981E+01   0.0000000E+00
   1.5685720E+01   0.0000000E+00
   1.6019458E+01   0.0000000E+00
   1.6353197E+01   0.0000000E+00
   1.6686935E+01   0.0000000E+00
   1.7020674E+01   0.0000000E+00
   1.7354412E+01   0.0000000E+00
   1.7688151E+01   0.0000000E+00
   1.8021890E+01   0.0000000E+00
   1.8355628E+01   0.0000000E+00
   1.8689367E+01   0.0000000E+00
   1.9023105E+01   0.0000000E+00
   1.9356844E+01   0.0000000E+00
   1.9690583E+01   0.0000000E+00
   2.0024321E+01   0.0000000E+00
   2.0358060E+01   0.0000000E+00
   2.0691798E+01   0.0000000E+00
   2.1025537E+01   0.0000000E+00
   2.1359276E+01   0.0000000E+00
   2.1693014E+01   0.0000000E+00
   2.2026753E+01   0.0000000E+00
   2.2360491E+01   0.0000000E+00
   2.2694230E+01   0.0000000E+00
   2.3027969E+01   0.0000000E+00
   2.3361707E+01   0.0000000E+00
   2.3695446E+01   0.0000000E+00
   2.4029184E+01   0.0000000E+00
   2.4362923E+01   0.0000000E+00
   2.4696662E+01   0.0000000E+00
   2.5030400E+01   0.0000000E+00
   2.5364139E+01   0.0000000E+00
   2.5697877E+01   0.0000000E+00
   2.6031616E+01   0.0000000E+00
   2.6365355E+01   0.0000000E+00
   2.6699093E+01   0.0000000E+00
   2.7032832E+01   0.0000000E+00
   2.7366570E+01   0.0000000E+00
   2.7700309E+01   0.0000000E+00
   2.8034048E+01   0.0000000E+00
   2.8367786E+01   0.0000000E+00
   2.8701525E+01   0.0000000E+00
   2.9035263E+01   0.0000000E+00
   2.9369002E+01   0.0000000E+00
   2.9702741E+01   0.0000000E+00
   3.0036479E+01   0.0000000E+00
   3.0370218E+01   0.0000000E+00
   3.0703956E+01   0.0000000E+00
   3.1037695E+01   0.0000000E+00
   3.1371433E+01   0.0000000E+00
   3.1705172E+01   0.0000000E+00
   3.2038911E+01   0.0000000E+00
   3.2372649E+01   0.0000000E+00
   3.2706388E+01   0.0000000E+00
   3.3040126E+01   0.0000000E+00
   3.3373865E+01   0.0000000E+00
   3.3707604E+01   0.0000000E+00
   3.4041342E+01   0.0000000E+00
   3.4375081E+01   0.0000000E+00
   3.4708819E+01   0.0000000E+00
   3.5042558E+01   0.0000000E+00
   3.5376297E+01   0.0000000E+00
   3.5710035E+01   0.0000000E+00
   3.6043774E+01   0.0000000E+00
   3.6377512E+01   0.0000000E+00
   3.6711251E+01   0.0000000E+00
   3.7044990E+01   0.0000000E+00
   3.7378728E+01   0.0000000E+00
   3.7712467E+01   0.0000000E+00
   3.8046205E+01   0.0000000E+00
   3.8379944E+01   0.0000000E+00
   3.8713683E+01   0.0000000E+00
   3.9047421E+01   0.0000000E+00
   3.9381160E+01   0.0000000E+00
   3.9714898E+01   0.0000000E+00
   4.0048637E+01   0.0000000E+00
   4.0382376E+01   0.0000000E+00
   4.0716114E+01   0.0000000E+00
   4.1049853E+01   0.0000000E+00
   4.1383591E+01   0.0000000E+00
   4.1717330E+01   0.0000000E+00
   4.2051069E+01   0.0000000E+00
   4.2384807E+01   0.0000000E+00
   4.2718546E+01   0.0000000E+00
   4.3052284E+01   0.0000000E+00
   4.3386023E+01   0.0000000E+00
   4.3719762E+01   0.0000000E+00
   4.4053500E+01   0.0000000E+00
   4.4387239E+01   0.0000000E+00
   4.4720977E+01   0.0000000E+00
   4.5054716E+01   0.0000000E+00
   4.5388454E+01   0.0000000E+00
   4.5722193E+01   0.0000000E+00
   4.6055932E+01   0.0000000E+00
   4.6389670E+01   0.0000000E+00
   4.6723409E+01   0.0000000E+00
   4.7057147E+01   0.0000000E+00
   4.7390886E+01   0.0000000E+00
   4.7724625E+01   0.0000000E+00
   4.8058363E+01   0.0000000E+00
   4.8392102E+01   0.0000000E+00
   4.8725840E+01   0.0000000E+00
   4.9059579E+01   0.0000000E+00
   4.9393318E+01   0.0000000E+00
   4.9727056E+01   0.0000000E+00
   5.0060795E+01   0.0000000E+00
   5.0394533E+01   0.0000000E+00
   5.0728272E+01   0.0000000E+00
   5.1062011E+01   0.0000000E+00
   5.1395749E+01   0.0000000E+00
   5.1729488E+01   0.0000000E+00
   5.2063226E+01   0.0000000E+00
   5.2396965E+01   0.0000000E+00
   5.2730704E+01   0.0000000E+00
   5.3064442E+01   0.0000000E+00
   5.3398181E+01   0.0000000E+00
   5.3731919E+01   0.0000000E+00
   5.4065658E+01   0.0000000E+00
   5.4399397E+01   0.0000000E+00
   5.4733135E+01   0.0000000E+00
   5.5066874E+01   0.0000000E+00
   5.5400612E+01   0.0000000E+00
   5.5734351E+01   0.0000000E+00
   5.6068090E+01   0.0000000E+00
   5.6401828E+01   0.0000000E+00
   5.6735567E+01   0.0000000E+00
   5.7069305E+01   0.0000000E+00
   5.7403044E+01   0.0000000E+00
   5.7736783E+01   0.0000000E+00
   5.8070521E+01   0.0000000E+00
   5.8404260E+01   0.0000000E+00
   5.8737998E+01   0.0000000E+00
   5.9071737E+01   0.0000000E+00
   5.9405475E+01   0.0000000E+00
   5.9739214E+01   0.0000000E+00
   6.0072953E+01   0.0000000E+00
   6.0406691E+01   0.0000000E+00
   6.0740430E+01   0.0000000E+00
   6.1074168E+01   0.0000000E+00
   6.1407907E+01   0.0000000E+00
   6.1741646E+01   0.0000000E+00
   6.2075384E+01   0.0000000E+00
   6.2409123E+01   0.0000000E+00
   6.2742861E+01   0.0000000E+00
   6.3076600E+01   0.0000000E+00
   6.3410339E+01   0.0000000E+00
   6.3744077E+01   0.0000000E+00
   6.4077816E+01   0.0000000E+00
   6.4411554E+01   0.0000000E+00
   6.4745293E+01   0.0000000E+00
   6.5079032E+01   0.0000000E+00
   6.5412770E+01   0.0000000E+00
   6.5746509E+01   0.0000000E+00
   6.6080247E+01   0.0000000E+00
   6.6413986E+01   0.0000000E+00
   6.6747725E+01   0.0000000E+00
   6.7081463E+01   0.0000000E+00
   6.7415202E+01   0.0000000E+00
   6.7748940E+01   0.0000000E+00
   6.8082679E+01   0.0000000E+00
   6.8416418E+01   0.0000000E+00
   6.8750156E+01   0.0000000E+00
   6.9083895E+01   0.0000000E+00
   6.9417633E+01   0.0000000E+00
   6.9751372E+01   0.0000000E+00
   7.0085111E+01   0.0000000E+00
   7.0418849E+01   0.0000000E+00
   7.0752588E+01   0.0000000E+00
   7.1086326E+01   0.0000000E+00
   7.1420065E+01   0.0000000E+00
   7.1753804E+01   0.0000000E+00
   7.2087542E+01   0.0000000E+00
   7.2421281E+01   0.0000000E+00
   7.2755019E+01   0.0000000E+00
   7.3088758E+01   0.0000000E+00
   7.3422496E+01   0.0000000E+00
   7.3756235E+01   0.0000000E+00
   7.4089974E+01   0.0000000E+00
   7.4423712E+01   0.0000000E+00
   7.4757451E+01   0.0000000E+00
   7.5091189E+01   0.0000000E+00
   7.5424928E+01   0.0000000E+00
   7.5758667E+01   0.0000000E+00
   7.6092405E+01   0.0000000E+00
   7.6426144E+01   0.0000000E+00
   7.6759882E+01   0.0000000E+00
   7.7093621E+01   0.0000000E+00
   7.7427360E+01   0.0000000E+00
   7.7761098E+01   0.0000000E+00
   7.8094837E+01   0.0000000E+00
   7.8428575E+01   0.0000000E+00
   7.8762314E+01   0.0000000E+00
   7.9096053E+01   0.0000000E+00
   7.9429791E+01   0.0000000E+00
   7.9763530E+01   0.0000000E+00
   8.0097268E+01   0.0000000E+00
   8.0431007E+01   0.0000000E+00
   8.0764746E+01   0.0000000E+00
   8.1098484E+01   0.0000000E+00
   8.1432223E+01   0.0000000E+00
   8.1765961E+01   0.0000000E+00
   8.2099700E+01   0.0000000E+00
   8.2433439E+01   0.0000000E+00
   8.2767177E+01   0.0000000E+00
   8.3100916E+01   0.0000000E+00
   8.3434654E+01   0.0000000E+00
   8.3768393E+01   0.0000000E+00
   8.4102132E+01   0.0000000E+00
   8.4435870E+01   0.0000000E+00
   8.4769609E+01   0.0000000E+00
   8.5103347E+01   0.0000000E+00
   8.5437086E+01   0.0000000E+00
   8.5770825E+01   0.0000000E+00
   8.6104563E+01   0.0000000E+00
   8.6438302E+01   0.0000000E+00
   8.6772040E+01   0.0000000E+00
   8.7105779E+01   0.0000000E+00
   8.7439517E+01   0.0000000E+00
   8.7773256E+01   0.0000000E+00
   8.8106995E+01   0.0000000E+00
   8.8440733E+01   0.0000000E+00
   8.8774472E+01   0.0000000E+00
   8.9108210E+01   0.0000000E+00
   8.9441949E+01   0.0000000E+00
   8.9775688E+01   0.0000000E+00
   9.0109426E+01   0.0000000E+00
   9.0443165E+01   0.0000000E+00
   9.0776903E+01   0.0000000E+00
   9.1110642E+01   0.0000000E+00
   9.1444381E+01   0.0000000E+00
   9.1778119E+01   0.0000000E+00
   9.2111858E+01   0.0000000E+00
   9.2445596E+01   0.0000000E+00
   9.2779335E+01   0.0000000E+00
   9.3113074E+01   0.0000000E+00
   9.3446812E+01   0.0000000E+00
   9.3780551E+01   0.0000000E+00
   9.4114289E+01   0.0000000E+00
   9.4448028E+01   0.0000000E+00
   9.4781767E+01   0.0000000E+00
   9.5115505E+01   0.0000000E+00
   9.5449244E+01   0.0000000E+00
   9.5782982E+01   0.0000000E+00
   9.6116721E+01   0.0000000E+00
   9.6450460E+01   0.0000000E+00
   9.6784198E+01   0.0000000E+00
   9.7117937E+01   0.0000000E+00
   9.7451675E+01   0.0000000E+00
   9.7785414E+01   0.0000000E+00
   9.8119153E+01   0.0000000E+00
   9.8452891E+01   0.0000000E+00
   9.8786630E+01   0.0000000E+00
   9.9120368E+01   0.0000000E+00
   9.9454107E+01   0.0000000E+00
   9.9787846E+01   0.0000000E+00
   1.0012158E+02   0.0000000E+00
   1.0045532E+02   0.0000000E+00
   1.0078906E+02   0.0000000E+00
   1.0112280E+02   0.0000000E+00
   1.0145654E+02   0.0000000E+00
   1.0179028E+02   0.0000000E+00
   1.0212402E+02   0.0000000E+00
   1.0245775E+02   0.0000000E+00
   1.0279149E+02   0.0000000E+00
   1.0312523E+02   0.0000000E+00
   1.0345897E+02   0.0000000E+00
   1.0379271E+02   0.0000000E+00
   1.0412645E+02   0.0000000E+00
   1.0446019E+02   0.0000000E+00
   1.0479392E+02   0.0000000E+00
   1.0512766E+02   0.0000000E+00
   1.0546140E+02   0.0000000E+00
   1.0579514E+02   0.0000000E+00
   1.0612888E+02   0.0000000E+00
   1.0646262E+02   0.0000000E+00
   1.0679636E+02   0.0000000E+00
   1.0713009E+02   0.0000000E+00
   1.0746383E+02   0.0000000E+00
   1.0779757E+02   0.0000000E+00
   1.0813131E+02   0.0000000E+00
   1.0846505E+02   0.0000000E+00
   1.0879879E+02   0.0000000E+00
   1.0913253E+02   0.0000000E+00
   1.0946626E+02   0.0000000E+00
   1.0980000E+02   0.0000000E+00
   1.1013374E+02   0.0000000E+00
   1.1046748E+02   0.0000000E+00
   1.1080122E+02   0.0000000E+00
   1.1113496E+02   0.0000000E+00
   1.1146870E+02   0.0000000E+00
   1.1180243E+02   0.0000000E+00
   1.1213617E+02   0.0000000E+00
   1.1246991E+02   0.0000000E+00
   1.1280365E+02   0.0000000E+00
   1.1313739E+02   0.0000000E+00
   1.1347113E+02   0.0000000E+00
   1.1380487E+02   0.0000000E+00
   1.1413861E+02   0.0000000E+00
   1.1447234E+02   0.0000000E+00
   1.1480608E+02   0.0000000E+00
   1.1513982E+02   0.0000000E+00
   1.1547356E+02   0.0000000E+00
   1.1580730E+02   0.0000000E+00
   1.1614104E+02   0.0000000E+00
   1.1647478E+02   0.0000000E+00
   1.1680851E+02   0.0000000E+00
   1.1714225E+02   0.0000000E+00
   1.1747599E+02   0.0000000E+00
   1.1780973E+02   0.0000000E+00
   1.1814347E+02   0.0000000E+00
   1.1847721E+02   0.0000000E+00
   1.1881095E+02   0.0000000E+00
   1.1914468E+02   0.0000000E+00
   1.1947842E+02   0.0000000E+00
   1.1981216E+02   0.0000000E+00
   1.2014590E+02   0.0000000E+00
   1.2047964E+02   0.0000000E+00
   1.2081338E+02   0.0000000E+00
   1.2114712E+02   0.0000000E+00
   1.2148085E+02   0.0000000E+00
   1.2181459E+02   0.0000000E+00
   1.2214833E+02   0.0000000E+00
   1.2248207E+02   0.0000000E+00
   1.2281581E+02   0.0000000E+00
   1.2314955E+02   0.0000000E+00
   1.2348329E+02   0.0000000E+00
   1.2381702E+02   0.0000000E+00
   1.2415076E+02   0.0000000E+00
   1.2448450E+02   0.0000000E+00
   1.2481824E+02   0.0000000E+00
   1.2515198E+02   0.0000000E+00
   1.2548572E+02   0.0000000E+00
   1.2581946E+02   0.0000000E+00
   1.2615319E+02   0.0000000E+00
   1.2648693E+02   0.0000000E+00
   1.2682067E+02   0.0000000E+00
   1.2715441E+02   0.0000000E+00
   1.2748815E+02   0.0000000E+00
   1.2782189E+02   0.0000000E+00
   1.2815563E+02   0.0000000E+00
   1.2848936E+02   0.0000000E+00
   1.2882310E+02   0.0000000E+00
   1.2915684E+02   0.0000000E+00
   1.2949058E+02   0.0000000E+00
   1.2982432E+02   0.0000000E+00
   1.3015806E+02   0.0000000E+00
   1.3049180E+02   0.0000000E+00
   1.3082553E+02   0.0000000E+00
   1.3115927E+02   0.0000000E+00
   1.3149301E+02   0.0000000E+00
   1.3182675E+02   0.0000000E+00
   1.3216049E+02   0.0000000E+00
   1.3249423E+02   0.0000000E+00
   1.3282797E+02   0.0000000E+00
   1.3316171E+02   0.0000000E+00
   1.3349544E+02   0.0000000E+00
   1.3382918E+02   0.0000000E+00
   1.3416292E+02   0.0000000E+00
   1.3449666E+02   0.0000000E+00
   1.3483040E+02   0.0000000E+00
   1.3516414E+02   0.0000000E+00
   1.3549788E+02   0.0000000E+00
   1.3583161E+02   0.0000000E+00
   1.3616535E+02   0.0000000E+00
   1.3649909E+02   0.0000000E+00
   1.3683283E+02   0.0000000E+00
   1.3716657E+02   0.0000000E+00
   1.3750031E+02   0.0000000E+00
   1.3783405E+02   0.0000000E+00
   1.3816778E+02   0.0000000E+00
   1.3850152E+02   0.0000000E+00
   1.3883526E+02   0.0000000E+00
   1.3916900E+02   0.0000000E+00
   1.3950274E+02   0.0000000E+00
   1.3983648E+02   0.0000000E+00
   1.4017022E+02   0.0000000E+00
   1.4050395E+02   0.0000000E+00
   1.4083769E+02   0.0000000E+00
   1.4117143E+02   0.0000000E+00
   1.4150517E+02   0.0000000E+00
   1.4183891E+02   0.0000000E+00
   1.4217265E+02   0.0000000E+00
   1.4250639E+02   0.0000000E+00
   1.4284012E+02   0.0000000E+00
   1.4317386E+02   0.0000000E+00
   1.4350760E+02   0.0000000E+00
   1.4384134E+02   0.0000000E+00
   1.4417508E+02   0.0000000E+00
   1.4450882E+02   0.0000000E+00
   1.4484256E+02   0.0000000E+00
   1.4517629E+02   0.0000000E+00
   1.4551003E+02   0.0000000E+00
   1.4584377E+02   0.0000000E+00
   1.4617751E+02   0.0000000E+00
   1.4651125E+02   0.0000000E+00
   1.4684499E+02   0.0000000E+00
   1.4717873E+02   0.0000000E+00
   1.4751246E+02   0.0000000E+00
   1.4784620E+02   0.0000000E+00
   1.4817994E+02   0.0000000E+00
   1.4851368E+02   0.0000000E+00
   1.4884742E+02   0.0000000E+00
   1.4918116E+02   0.0000000E+00
   1.4951490E+02   0.0000000E+00
   1.4984863E+02   0.0000000E+00
   1.5018237E+02   0.0000000E+00
   1.5051611E+02   0.0000000E+00
   1.5084985E+02   0.0000000E+00
   1.5118359E+02   0.0000000E+00
   1.5151733E+02   0.0000000E+00
   1.5185107E+02   0.0000000E+00
   1.5218480E+02   0.0000000E+00
   1.5251854E+02   0.0000000E+00
   1.5285228E+02   0.0000000E+00
   1.5318602E+02   1.4012985E-45
   1.5351976E+02   4.2038954E-45
   1.5385350E+02   5.6051939E-45
   1.5418724E+02   5.6051939E-45
   1.5452098E+02   5.6051939E-45
   1.5485471E+02   4.2038954E-45
   1.5518845E+02   1.4012985E-45
   1.5552219E+02   0.0000000E+00
   1.5585593E+02  -5.6051939E-45
   1.5618967E+02  -1.4012985E-44
   1.5652341E+02  -1.5414283E-44
   1.5685715E+02  -2.1019477E-44
   1.5719088E+02  -2.2420775E-44
   1.5752462E+02  -2.2420775E-44
   1.5785836E+02  -1.6815582E-44
   1.5819210E+02  -1.1210388E-44
   1.5852584E+02  -1.4012985E-45
   1.5885958E+02   1.1210388E-44
   1.5919332E+02   2.3822074E-44
   1.5952705E+02   3.2229865E-44
   1.5986079E+02   3.7835059E-44
   1.6019453E+02   3.9236357E-44
   1.6052827E+02   3.0828566E-44
   1.6086201E+02   1.5414283E-44
   1.6119575E+02  -7.0064923E-45
   1.6152949E+02  -3.5032462E-44
   1.6186322E+02  -6.5861028E-44
   1.6219696E+02  -9.1084400E-44
   1.6253070E+02  -1.1350518E-43
   1.6286444E+02  -1.1911037E-43
   1.6319818E+02  -1.1070258E-43
   1.6353192E+02  -8.1275311E-44
   1.6386566E+02  -3.0828566E-44
   1.6419939E+02   3.2229865E-44
   1.6453313E+02   1.0789998E-43
   1.6486687E+02   1.8497140E-43
   1.6520061E+02   2.5503632E-43
   1.6553435E+02   3.0548307E-43
   1.6586809E+02   3.2369995E-43
   1.6620183E+02   3.0828566E-43
   1.6653556E+02   2.4382593E-43
   1.6686930E+02   1.4012985E-43
   1.6720304E+02   2.8025969E-45
   1.6753678E+02  -1.5134023E-43
   1.6787052E+02  -3.0268047E-43
   1.6820426E+02  -4.2879733E-43
   1.6853800E+02  -5.0586875E-43
   1.6887173E+02  -5.1147394E-43
   1.6920547E+02  -4.3159993E-43
   1.6953921E+02  -2.6624671E-43
   1.6987295E+02  -2.2420775E-44
   1.7020669E+02   2.7465450E-43
   1.7054043E+02   5.8714406E-43
   1.7087417E+02   8.7300894E-43
   1.7120790E+02   1.0775985E-42
   1.7154164E+02   1.1574725E-42
   1.7187538E+02   1.0789998E-42
   1.7220912E+02   8.2536480E-43
   1.7254286E+02   3.9937006E-43
   1.7287660E+02  -1.6114932E-43
   1.7321034E+02  -7.9173363E-43
   1.7354408E+02  -1.4069037E-42
   1.7387781E+02  -1.9169763E-42
   1.7421155E+02  -2.2196568E-42
   1.7454529E+02  -2.2182555E-42
   1.7487903E+02  -1.8763386E-42
   1.7521277E+02  -1.1812946E-42
   1.7554651E+02  -1.7095841E-43
   1.7588025E+02   1.0481713E-42
   1.7621398E+02   2.3303593E-42
   1.7654772E+02   3.4906345E-42
   1.7688146E+02   4.3272097E-42
   1.7721520E+02   4.6537122E-42
   1.7754894E+02   4.3328149E-42
   1.7788268E+02   3.2930514E-42
   1.7821642E+02   1.5694543E-42
   1.7855015E+02  -7.0205053E-43
   1.7888389E+02  -3.2664267E-42
   1.7921763E+02  -5.7929679E-42
   1.7955137E+02  -7.8893104E-42
   1.7988511E+02  -9.1686959E-42
   1.8021885E+02  -9.2878062E-42
   1.8055259E+02  -8.0308415E-42
   1.8088632E+02  -5.3515588E-42
   1.8122006E+02  -1.3970946E-42
   1.8155380E+02   3.4499968E-42
   1.8188754E+02   8.6207882E-42
   1.8222128E+02   1.3399216E-41
   1.8255502E+02   1.6997750E-41
   1.8288876E+02   1.8686315E-41
   1.8322249E+02   1.7873562E-41
   1.8355623E+02   1.4262416E-41
   1.8388997E+02   7.9103298E-42
   1.8422371E+02  -7.0625443E-43
   1.8455745E+02  -1.0687703E-41
   1.8489119E+02  -2.0789664E-41
   1.8522493E+02  -2.9530964E-41
   1.8555866E+02  -3.5398201E-41
   1.8589240E+02  -3.7032115E-41
   1.8622614E+02  -3.3489632E-41
   1.8655988E+02  -2.4413422E-41
   1.8689362E+02  -1.0222472E-41
   1.8722736E+02   7.8556792E-42
   1.8756110E+02   2.7814373E-41
   1.8789483E+02   4.7044392E-41
   1.8822857E+02   6.2600206E-41
   1.8856231E+02   7.1603549E-41
   1.8889605E+02   7.1649792E-41
   1.8922979E+02   6.1253558E-41
   1.8956353E+02   4.0199049E-41
   1.8989727E+02   9.7964776E-42
   1.9023100E+02  -2.7074488E-41
   1.9056474E+02  -6.6121669E-41
   1.9089848E+02  -1.0204956E-40
   1.9123222E+02  -1.2913526E-40
   1.9156596E+02  -1.4201179E-40
   1.9189970E+02  -1.3649067E-40
   1.9223344E+02  -1.1035506E-40
   1.9256718E+02  -6.4008511E-41
   1.9290091E+02  -8.2676609E-43
   1.9323465E+02   7.2845099E-41
   1.9356839E+02   1.4812145E-40
   1.9390213E+02   2.1444771E-40
   1.9423587E+02   2.6084050E-40
   1.9456961E+02   2.7738843E-40
   1.9490335E+02   2.5685521E-40
   1.9523708E+02   1.9613554E-40
   1.9557082E+02   9.7353810E-41
   1.9590456E+02  -3.1560044E-41
   1.9623830E+02  -1.7710591E-40
   1.9657204E+02  -3.2120143E-40
   1.9690578E+02  -4.4304153E-40
   1.9723952E+02  -5.2159832E-40
   1.9757325E+02  -5.3859327E-40
   1.9790699E+02  -4.8150437E-40
   1.9824073E+02  -3.4633092E-40
   1.9857447E+02  -1.3950627E-40
   1.9890821E+02   1.2129780E-40
   1.9924195E+02   4.0783250E-40
   1.9957569E+02   6.8356740E-40
   1.9990942E+02   9.0748929E-40
   2.0024316E+02   1.0391861E-39
   2.0057690E+02   1.0446736E-39
   2.0091064E+02   9.0225825E-40
   2.0124438E+02   6.0762964E-40
   2.0157812E+02   1.7738617E-40
   2.0191186E+02  -3.4990283E-40
   2.0224559E+02  -9.1544166E-40
   2.0257933E+02  -1.4452250E-39
   2.0291307E+02  -1.8579144E-39
   2.0324681E+02  -2.0751745E-39
   2.0358055E+02  -2.0332420E-39
   2.0391429E+02  -1.6944319E-39
   2.0424803E+02  -1.0568495E-39
   2.0458176E+02  -1.6072893E-40
   2.0491550E+02   9.1014195E-40
   2.0524924E+02   2.0329225E-39
   2.0558298E+02   3.0565010E-39
   2.0591672E+02   3.8181109E-39
   2.0625046E+02   4.1644657E-39
   2.0658420E+02   3.9751839E-39
   2.0691793E+02   3.1855171E-39
   2.0725167E+02   1.8051429E-39
   2.0758541E+02  -7.0387222E-41
   2.0791915E+02  -2.2584377E-39
   2.0825289E+02  -4.5002644E-39
   2.0858663E+02  -6.4847090E-39
   2.0892037E+02  -7.8835160E-39
   2.0925410E+02  -8.3951987E-39
   2.0958784E+02  -7.7928015E-39
   2.0992158E+02  -5.9692764E-39
   2.1025532E+02  -2.9737459E-39
   2.1058906E+02   9.6827482E-40
   2.1092280E+02   5.4563437E-39
   2.1125654E+02   9.9418567E-39
   2.1159027E+02   1.3780778E-38
   2.1192401E+02   1.6309334E-38
   2.1225775E+02   1.6935835E-38
   2.1259149E+02   1.5238330E-38
   2.1292523E+02   1.1055057E-38
   2.1325897E+02   4.5533946E-39
   2.1359271E+02  -3.7364208E-39
   2.1392645E+02  -1.2933939E-38
   2.1426018E+02  -2.1873791E-38
   2.1459392E+02  -2.9223704E-38
   2.1492766E+02  -3.3647272E-38
   2.1526140E+02  -3.3996207E-38
   2.1559514E+02  -2.9509081E-38
   2.1592888E+02  -1.9989261E-38
   2.1626262E+02  -5.9323985E-39
   2.1659635E+02   1.1423853E-38
   2.1693009E+02   3.0148864E-38
   2.1726383E+02   4.7777120E-38
   2.1759757E+02   6.1571569E-38
   2.1793131E+02   6.8872687E-38
   2.1826505E+02   6.7497324E-38
   2.1859879E+02   5.6138500E-38
   2.1893252E+02   3.4707680E-38
   2.1926626E+02   4.5599289E-39
   2.1960000E+02  -3.1451382E-38
   2.1993374E+02  -6.9128273E-38
   2.2026748E+02  -1.0330416E-37
   2.2060122E+02  -1.2842626E-37
   2.2093496E+02  -1.3929539E-37
   2.2126869E+02  -1.3188281E-37
   2.2160243E+02  -1.0411803E-37
   2.2193617E+02  -5.6527943E-38
   2.2226991E+02   7.3917065E-39
   2.2260365E+02   8.1173778E-38
   2.2293739E+02   1.5580929E-37
   2.2327113E+02   2.2062146E-37
   2.2360486E+02   2.6453338E-37
   2.2393860E+02   2.7761086E-37
   2.2427234E+02   2.5270364E-37
   2.2460608E+02   1.8696129E-37
   2.2493982E+02   8.2980814E-38
   2.2527356E+02  -5.0643840E-38
   2.2560730E+02  -1.9955338E-37
   2.2594103E+02  -3.4473456E-37
   2.2627477E+02  -4.6449802E-37
   2.2660851E+02  -5.3718277E-37
   2.2694225E+02  -5.4431082E-37
   2.2727599E+02  -4.7381349E-37
   2.2760973E+02  -3.2286455E-37
   2.2794347E+02  -9.9844164E-38
   2.2827720E+02   1.7499988E-37
   2.2861094E+02   4.7050975E-37
   2.2894468E+02   7.4732287E-37
   2.2927842E+02   9.6222417E-37
   2.2961216E+02   1.0737829E-36
   2.2994590E+02   1.0486679E-36
   2.3027964E+02   8.6783046E-37
   2.3061337E+02   5.3163475E-37
   2.3094711E+02   6.3013214E-38
   2.3128085E+02  -4.9213970E-37
   2.3161459E+02  -1.0678445E-36
   2.3194833E+02  -1.5843038E-36
   2.3228207E+02  -1.9572042E-36
   2.3261581E+02  -2.1091918E-36
   2.3294955E+02  -1.9822145E-36
   2.3328328E+02  -1.5490695E-36
   2.3361702E+02  -8.2235467E-37
   2.3395076E+02   1.4089754E-37
   2.3428450E+02   1.2402760E-36
   2.3461824E+02   2.3395021E-36
   2.3495198E+02   3.2803399E-36
   2.3528572E+02   3.9019223E-36
   2.3561945E+02   4.0635557E-36
   2.3595319E+02   3.6682509E-36
   2.3628693E+02   2.6836994E-36
   2.3662067E+02   1.1572327E-36
   2.3695441E+02  -7.7833444E-37
   2.3728815E+02  -2.9102827E-36
   2.3762189E+02  -4.9639773E-36
   2.3795562E+02  -6.6326293E-36
   2.3828936E+02  -7.6163754E-36
   2.3862310E+02  -7.6664990E-36
   2.3895684E+02  -6.6292206E-36
   2.3929058E+02  -4.4826362E-36
   2.3962432E+02  -1.3604702E-36
   2.3995806E+02   2.4428974E-36
   2.4029179E+02   6.4897232E-36
   2.4062553E+02   1.0239478E-35
   2.4095927E+02   1.3110484E-35
   2.4129301E+02   1.4556959E-35
   2.4162675E+02   1.4152778E-35
   2.4196049E+02   1.1670920E-35
   2.4229423E+02   7.1465084E-36
   2.4262796E+02   9.1192092E-37
   2.4296170E+02  -6.4053867E-36
   2.4329544E+02  -1.3927674E-35
   2.4362918E+02  -2.0614360E-35
   2.4396292E+02  -2.5386083E-35
   2.4429666E+02  -2.7273042E-35
   2.4463040E+02  -2.5570139E-35
   2.4496413E+02  -1.9977564E-35
   2.4529787E+02  -1.0704657E-35
   2.4563161E+02   1.4834464E-36
   2.4596535E+02   1.5291574E-35
   2.4629909E+02   2.8999824E-35
   2.4663283E+02   4.0645220E-35
   2.4696657E+02   4.8265201E-35
   2.4730030E+02   5.0177164E-35
   2.4763404E+02   4.5259695E-35
   2.4796778E+02   3.3195470E-35
   2.4830152E+02   1.4635576E-35
   2.4863526E+02  -8.7498414E-36
   2.4896900E+02  -3.4358523E-35
   2.4930274E+02  -5.8888427E-35
   2.4963647E+02  -7.8703841E-35
   2.4997021E+02  -9.0302561E-35
   2.5030395E+02  -9.0832630E-35
   2.5063769E+02  -7.8592393E-35
   2.5097143E+02  -5.3439999E-35
   2.5130517E+02  -1.7041732E-35
   2.5163891E+02   2.7100468E-35
   2.5197264E+02   7.3877323E-35
   2.5230638E+02   1.1706172E-34
   2.5264012E+02   1.5002749E-34
   2.5297386E+02   1.6662877E-34
   2.5330760E+02   1.6213845E-34
   2.5364134E+02   1.3412182E-34
   2.5397508E+02   8.3111859E-35
   2.5430882E+02   1.2962978E-35
   2.5464255E+02  -6.9213750E-35
   2.5497629E+02  -1.5358373E-34
   2.5531003E+02  -2.2858287E-34
   2.5564377E+02  -2.8229770E-34
   2.5597751E+02  -3.0409178E-34
   2.5631125E+02  -2.8628630E-34
   2.5664499E+02  -2.2566206E-34
   2.5697872E+02  -1.2455193E-34
   2.5731246E+02   8.6934437E-36
   2.5764620E+02   1.6001690E-34
   2.5797994E+02   3.1081081E-34
   2.5831368E+02   4.3987467E-34
   2.5864742E+02   5.2601338E-34
   2.5898116E+02   5.5100182E-34
   2.5931489E+02   5.0255364E-34
   2.5964863E+02   3.7687961E-34
   2.5998237E+02   1.8042058E-34
   2.6031611E+02  -6.9601520E-35
   2.6064985E+02  -3.4605617E-34
   2.6098359E+02  -6.1427785E-34
   2.6131733E+02  -8.3581891E-34
   2.6165106E+02  -9.7325266E-34
   2.6198480E+02  -9.9550348E-34
   2.6231854E+02  -8.8304274E-34
   2.6265228E+02  -6.3220630E-34
   2.6298602E+02  -2.5792036E-34
   2.6331976E+02   2.0576113E-34
   2.6365350E+02   7.0768273E-34
   2.6398723E+02   1.1842480E-33
   2.6432097E+02   1.5664316E-33
   2.6465471E+02   1.7885018E-33
   2.6498845E+02   1.7974793E-33
   2.6532219E+02   1.5621526E-33
   2.6565593E+02   1.0803297E-33
   2.6598967E+02   3.8311707E-34
   2.6632340E+02  -4.6476494E-34
   2.6665714E+02  -1.3692099E-33
   2.6699088E+02  -2.2155178E-33
   2.6732462E+02  -2.8811692E-33
   2.6765836E+02  -3.2513696E-33
   2.6799210E+02  -3.2356136E-33
   2.6832584E+02  -2.7831759E-33
   2.6865957E+02  -1.8952580E-33
   2.6899331E+02  -6.3174510E-34
   2.6932705E+02   8.8907643E-34
   2.6966079E+02   2.4986914E-33
   2.6999453E+02   3.9943515E-33
   2.7032827E+02   5.1617485E-33
   2.7066201E+02   5.8021611E-33
   2.7099574E+02   5.7610335E-33
   2.7132948E+02   4.9542760E-33
   2.7166322E+02   3.3885384E-33
   2.7199696E+02   1.1719384E-33
   2.7233070E+02  -1.4873869E-33
   2.7266444E+02  -4.2962173E-33
   2.7299818E+02  -6.9043917E-33
   2.7333192E+02  -8.9440133E-33
   2.7366565E+02  -1.0075909E-32
   2.7399939E+02  -1.0037997E-32
   2.7433313E+02  -8.6894188E-33
   2.7466687E+02  -6.0440066E-33
   2.7500061E+02  -2.2874033E-33
   2.7533435E+02   2.2264675E-33
   2.7566809E+02   7.0015786E-33
   2.7600182E+02   1.1447865E-32
   2.7633556E+02   1.4947466E-32
   2.7666930E+02   1.6932479E-32
   2.7700304E+02   1.6965425E-32
   2.7733678E+02   1.4811984E-32
   2.7767052E+02   1.0495591E-32
   2.7800426E+02   4.3245078E-33
   2.7833799E+02  -3.1153679E-33
   2.7867173E+02  -1.1005034E-32
   2.7900547E+02  -1.8372667E-32
   2.7933921E+02  -2.4203188E-32
   2.7967295E+02  -2.7566142E-32
   2.8000669E+02  -2.7747012E-32
   2.8034043E+02  -2.4365187E-32
   2.8067416E+02  -1.7461473E-32
   2.8100790E+02  -7.5402504E-33
   2.8134164E+02   4.4444034E-33
   2.8167538E+02   1.7163199E-32
   2.8200912E+02   2.9043594E-32
   2.8234286E+02   3.8448434E-32
   2.8267660E+02   4.3882929E-32
   2.8301033E+02   4.4205981E-32
   2.8334407E+02   3.8818582E-32
   2.8367781E+02   2.7801911E-32
   2.8401155E+02   1.1981557E-32
   2.8434529E+02  -7.0988868E-33
   2.8467903E+02  -2.7301185E-32
   2.8501277E+02  -4.6107379E-32
   2.8534650E+02  -6.0908087E-32
   2.8568024E+02  -6.9334160E-32
   2.8601398E+02  -6.9593439E-32
   2.8634772E+02  -6.0768091E-32
   2.8668146E+02  -4.3030252E-32
   2.8701520E+02  -1.7737875E-32
   2.8734894E+02   1.2614237E-32
   2.8768267E+02   4.4597780E-32
   2.8801641E+02   7.4198696E-32
   2.8835015E+02   9.7279352E-32
   2.8868389E+02   1.1010695E-31
   2.8901763E+02   1.0988615E-31
   2.8935137E+02   9.5226480E-32
   2.8968511E+02   6.6476239E-32
   2.9001884E+02   2.5865207E-32
   2.9035258E+02  -2.2583938E-32
   2.9068632E+02  -7.3387664E-32
   2.9102006E+02  -1.2016083E-31
   2.9135380E+02  -1.5635333E-31
   2.9168754E+02  -1.7608800E-31
   2.9202128E+02  -1.7499984E-31
   2.9235501E+02  -1.5096793E-31
   2.9268875E+02  -1.0463293E-31
   2.9302249E+02  -3.9609675E-32
   2.9335623E+02   3.7665593E-32
   2.9368997E+02   1.1847141E-31
   2.9402371E+02   1.9269242E-31
   2.9435745E+02   2.4998611E-31
   2.9469119E+02   2.8110288E-31
   2.9502492E+02   2.7920398E-31
   2.9535866E+02   2.4100399E-31
   2.9569240E+02   1.6757340E-31
   2.9602614E+02   6.4658613E-32
   2.9635988E+02  -5.7570647E-32
   2.9669362E+02  -1.8537484E-31
   2.9702736E+02  -3.0284910E-31
   2.9736109E+02  -3.9375581E-31
   2.9769483E+02  -4.4358981E-31
   2.9802857E+02  -4.4163370E-31
   2.9836231E+02  -3.8273574E-31
   2.9869605E+02  -2.6855020E-31
   2.9902979E+02  -1.0802617E-31
   2.9936353E+02   8.2995643E-32
   2.9969726E+02   2.8311946E-31
   3.0003100E+02   4.6758250E-31
   3.0036474E+02   6.1110067E-31
   3.0069848E+02   6.9107082E-31
   3.0103222E+02   6.9074926E-31
   3.0136596E+02   6.0199614E-31
   3.0169970E+02   4.2718960E-31
   3.0203343E+02   1.7997431E-31
   3.0236717E+02  -1.1536224E-31
   3.0270091E+02  -4.2594263E-31
   3.0303465E+02  -7.1366058E-31
   3.0336839E+02  -9.3954217E-31
   3.0370213E+02  -1.0686433E-30
   3.0403587E+02  -1.0749144E-30
   3.0436960E+02  -9.4538907E-31
   3.0470334E+02  -6.8310530E-31
   3.0503708E+02  -3.0825945E-31
   3.0537082E+02   1.4272440E-31
   3.0570456E+02   6.2028665E-31
   3.0603830E+02   1.0667905E-30
   3.0637204E+02   1.4230819E-30
   3.0670577E+02   1.6358505E-30
   3.0703951E+02   1.6649222E-30
   3.0737325E+02   1.4895349E-30
   3.0770699E+02   1.1127198E-30
   3.0804073E+02   5.6303913E-31
   3.0837447E+02  -1.0676896E-31
   3.0870821E+02  -8.2432886E-31
   3.0904194E+02  -1.5050590E-30
   3.0937568E+02  -2.0617814E-30
   3.0970942E+02  -2.4154746E-30
   3.1004316E+02  -2.5058730E-30
   3.1037690E+02  -2.3005666E-30
   3.1071064E+02  -1.8012777E-30
   3.1104438E+02  -1.0463096E-30
   3.1137811E+02  -1.0853422E-31
   3.1171185E+02   9.1117937E-31
   3.1204559E+02   1.8946007E-30
   3.1237933E+02   2.7197678E-30
   3.1271307E+02   3.2760986E-30
   3.1304681E+02   3.4791255E-30
   3.1338055E+02   3.2829003E-30
   3.1371429E+02   2.6883296E-30
   3.1404802E+02   1.7459964E-30
   3.1438176E+02   5.5277965E-31
   3.1471550E+02  -7.5779061E-31
   3.1504924E+02  -2.0305424E-30
   3.1538298E+02  -3.1074718E-30
   3.1571672E+02  -3.8480708E-30
   3.1605046E+02  -4.1485964E-30
   3.1638419E+02  -3.9576175E-30
   3.1671793E+02  -3.2854725E-30
   3.1705167E+02  -2.2059970E-30
   3.1738541E+02  -8.4972697E-31
   3.1771915E+02   6.1103964E-31
   3.1805289E+02   1.9838256E-30
   3.1838663E+02   3.0816350E-30
   3.1872036E+02   3.7494301E-30
   3.1905410E+02   3.8877454E-30
   3.1938784E+02   3.4698701E-30
   3.1972158E+02   2.5497766E-30
   3.2005532E+02   1.2588866E-30
   3.2038906E+02  -2.0866927E-31
   3.2072280E+02  -1.6210374E-30
   3.2105653E+02  -2.7410986E-30
   3.2139027E+02  -3.3623066E-30
   3.2172401E+02  -3.3428697E-30
   3.2205775E+02  -2.6332164E-30
   3.2239149E+02  -1.2920094E-30
   3.2272523E+02   5.1259002E-31
   3.2305897E+02   2.5180782E-30
   3.2339270E+02   4.3984742E-30
   3.2372644E+02   5.8078757E-30
   3.2406018E+02   6.4315859E-30
   3.2439392E+02   6.0380394E-30
   3.2472766E+02   4.5239809E-30
   3.2506140E+02   1.9455473E-30
   3.2539514E+02  -1.4706913E-30
   3.2572887E+02  -5.3405782E-30
   3.2606261E+02  -9.1597168E-30
   3.2639635E+02  -1.2362505E-29
   3.2673009E+02  -1.4396797E-29
   3.2706383E+02  -1.4804879E-29
   3.2739757E+02  -1.3300093E-29
   3.2773131E+02  -9.8274563E-30
   3.2806504E+02  -4.5980043E-30
   3.2839878E+02   1.9107347E-30
   3.2873252E+02   8.9919487E-30
   3.2906626E+02   1.5782857E-29
   3.2940000E+02   2.1367774E-29
   3.2973374E+02   2.4899139E-29
   3.3006748E+02   2.5721462E-29
   3.3040121E+02   2.3480846E-29
   3.3073495E+02   1.8203174E-29
   3.3106869E+02   1.0326800E-29
   3.3140243E+02   6.8037387E-31
   3.3173617E+02  -9.5964350E-30
   3.3206991E+02  -1.9183794E-29
   3.3240365E+02  -2.6750908E-29
   3.3273739E+02  -3.1143319E-29
   3.3307112E+02  -3.1563289E-29
   3.3340486E+02  -2.7716994E-29
   3.3373860E+02  -1.9904065E-29
   3.3407234E+02  -9.0303665E-30
   3.3440608E+02   3.4654461E-30
   3.3473982E+02   1.5770778E-29
   3.3507356E+02   2.5928786E-29
   3.3540729E+02   3.2115108E-29
   3.3574103E+02   3.2925220E-29
   3.3607477E+02   2.7633863E-29
   3.3640851E+02   1.6385024E-29
   3.3674225E+02   2.7782141E-31
   3.3707599E+02  -1.8676525E-29
   3.3740973E+02  -3.7735570E-29
   3.3774346E+02  -5.3735143E-29
   3.3807720E+02  -6.3499282E-29
   3.3841094E+02  -6.4304863E-29
   3.3874468E+02  -5.4342124E-29
   3.3907842E+02  -3.3106937E-29
   3.3941216E+02  -1.6615359E-30
   3.3974590E+02   3.7288887E-29
   3.4007963E+02   7.9536086E-29
   3.4041337E+02   1.1973281E-28
   3.4074711E+02   1.5196023E-28
   3.4108085E+02   1.7044517E-28
   3.4141459E+02   1.7035115E-28
   3.4174833E+02   1.4854633E-28
   3.4208207E+02   1.0424382E-28
   3.4241580E+02   3.9416886E-29
   3.4274954E+02  -4.1092379E-29
   3.4308328E+02  -1.2981961E-28
   3.4341702E+02  -2.1728734E-28
   3.4375076E+02  -2.9294020E-28
   3.4408450E+02  -3.4632099E-28
   3.4441824E+02  -3.6836593E-28
   3.4475197E+02  -3.5266671E-28
   3.4508571E+02  -2.9653787E-28
   3.4541945E+02  -2.0173608E-28
   3.4575319E+02  -7.4707280E-29
   3.4608693E+02   7.3716124E-29
   3.4642067E+02   2.2918184E-28
   3.4675441E+02   3.7519345E-28
   3.4708814E+02   4.9487304E-28
   3.4742188E+02   5.7292612E-28
   3.4775562E+02   5.9758448E-28
   3.4808936E+02   5.6228478E-28
   3.4842310E+02   4.6685283E-28
   3.4875684E+02   3.1800529E-28
   3.4909058E+02   1.2904948E-28
   3.4942431E+02  -8.1246312E-29
   3.4975805E+02  -2.9053886E-28
   3.5009179E+02  -4.7537815E-28
   3.5042553E+02  -6.1399340E-28
   3.5075927E+02  -6.8907337E-28
   3.5109301E+02  -6.9018877E-28
   3.5142675E+02  -6.1552124E-28
   3.5176048E+02  -4.7262345E-28
   3.5209422E+02  -2.7803399E-28
   3.5242796E+02  -5.5705020E-29
   3.5276170E+02   1.6565470E-28
   3.5309544E+02   3.5606759E-28
   3.5342918E+02   4.8822286E-28
   3.5376292E+02   5.4138411E-28
   3.5409666E+02   5.0475740E-28
   3.5443039E+02   3.7982114E-28
   3.5476413E+02   1.8122033E-28
   3.5509787E+02  -6.4037989E-29
   3.5543161E+02  -3.1914515E-28
   3.5576535E+02  -5.4164743E-28
   3.5609909E+02  -6.8881443E-28
   3.5643283E+02  -7.2364044E-28
   3.5676656E+02  -6.2074836E-28
   3.5710030E+02  -3.7142238E-28
   3.5743404E+02   1.3002049E-29
   3.5776778E+02   5.0000223E-28
   3.5810152E+02   1.0374012E-27
   3.5843526E+02   1.5576708E-27
   3.5876900E+02   1.9847685E-27
   3.5910273E+02   2.2429224E-27
   3.5943647E+02   2.2664790E-27
   3.5977021E+02   2.0096761E-27
   3.6010395E+02   1.4551159E-27
   3.6043769E+02   6.1972434E-28
   3.6077143E+02  -4.4282878E-28
   3.6110517E+02  -1.6439372E-27
   3.6143890E+02  -2.8663384E-27
   3.6177264E+02  -3.9745863E-27
   3.6210638E+02  -4.8288841E-27
   3.6244012E+02  -5.3009615E-27
   3.6277386E+02  -5.2902880E-27
   3.6310760E+02  -4.7386994E-27
   3.6344134E+02  -3.6415526E-27
   3.6377507E+02  -2.0537169E-27
   3.6410881E+02  -8.9197519E-29
   3.6444255E+02   2.0861228E-27
   3.6477629E+02   4.2684285E-27
   3.6511003E+02   6.2355125E-27
   3.6544377E+02   7.7700881E-27
   3.6577751E+02   8.6844418E-27
   3.6611124E+02   8.8435999E-27
   3.6644498E+02   8.1841777E-27
   3.6677872E+02   6.7263134E-27
   3.6711246E+02   4.5767514E-27
   3.6744620E+02   1.9220692E-27
   3.6777994E+02  -9.8787379E-28
   3.6811368E+02  -3.8649674E-27
   3.6844741E+02  -6.4139646E-27
   3.6878115E+02  -8.3663136E-27
   3.6911489E+02  -9.5128197E-27
   3.6944863E+02  -9.7310261E-27
   3.6978237E+02  -9.0036732E-27
   3.7011611E+02  -7.4252904E-27
   3.7044985E+02  -5.1952985E-27
   3.7078358E+02  -2.5975635E-27
   3.7111732E+02   3.1970437E-29
   3.7145106E+02   2.3464406E-27
   3.7178480E+02   4.0334004E-27
   3.7211854E+02   4.8588647E-27
   3.7245228E+02   4.7044090E-27
   3.7278602E+02   3.5919876E-27
   3.7311976E+02   1.6921798E-27
   3.7345349E+02  -6.8654068E-28
   3.7378723E+02  -3.1279675E-27
   3.7412097E+02  -5.1557106E-27
   3.7445471E+02  -6.2937137E-27
   3.7478845E+02  -6.1333296E-27
   3.7512219E+02  -4.3992477E-27
   3.7545593E+02  -1.0056374E-27
   3.7578966E+02   3.9054462E-27
   3.7612340E+02   9.9502138E-27
   3.7645714E+02   1.6518130E-26
   3.7679088E+02   2.2817486E-26
   3.7712462E+02   2.7949117E-26
   3.7745836E+02   3.1002720E-26
   3.7779210E+02   3.1167075E-26
   3.7812583E+02   2.7842069E-26
   3.7845957E+02   2.0740169E-26
   3.7879331E+02   9.9638833E-27
   3.7912705E+02  -3.9523904E-27
   3.7946079E+02  -2.0044916E-26
   3.7979453E+02  -3.6972034E-26
   3.8012827E+02  -5.3114350E-26
   3.8046200E+02  -6.6716857E-26
   3.8079574E+02  -7.6062098E-26
   3.8112948E+02  -7.9657831E-26
   3.8146322E+02  -7.6419945E-26
   3.8179696E+02  -6.5829629E-26
   3.8213070E+02  -4.8045117E-26
   3.8246444E+02  -2.3952455E-26
   3.8279817E+02   4.8577592E-27
   3.8313191E+02   3.6188501E-26
   3.8346565E+02   6.7407129E-26
   3.8379939E+02   9.5674721E-26
   3.8413313E+02   1.1821294E-25
   3.8446687E+02   1.3258352E-25
   3.8480061E+02   1.3694926E-25
   3.8513434E+02   1.3028934E-25
   3.8546808E+02   1.1254121E-25
   3.8580182E+02   8.4652910E-26
   3.8613556E+02   4.8534445E-26
   3.8646930E+02   6.9116603E-27
   3.8680304E+02  -3.6905212E-26
   3.8713678E+02  -7.9315440E-26
   3.8747051E+02  -1.1675420E-25
   3.8780425E+02  -1.4601538E-25
   3.8813799E+02  -1.6454180E-25
   3.8847173E+02  -1.7064882E-25
   3.8880547E+02  -1.6366534E-25
   3.8913921E+02  -1.4397974E-25
   3.8947295E+02  -1.1299453E-25
   3.8980668E+02  -7.3000523E-26
   3.9014042E+02  -2.6993181E-26
   3.9047416E+02   2.1547831E-26
   3.9080790E+02   6.8889842E-26
   3.9114164E+02   1.1127046E-25
   3.9147538E+02   1.4510649E-25
   3.9180912E+02   1.6718515E-25
   3.9214285E+02   1.7484545E-25
   3.9247659E+02   1.6616725E-25
   3.9281033E+02   1.4017861E-25
   3.9314407E+02   9.7087312E-26
   3.9347781E+02   3.8529803E-26
   3.9381155E+02  -3.2191873E-26
   3.9414529E+02  -1.0992494E-25
   3.9447903E+02  -1.8761194E-25
   3.9481276E+02  -2.5642880E-25
   3.9514650E+02  -3.0620144E-25
   3.9548024E+02  -3.2614675E-25
   3.9581398E+02  -3.0596732E-25
   3.9614772E+02  -2.3725492E-25
   3.9648146E+02  -1.1511766E-25
   3.9681520E+02   6.0145837E-26
   3.9714893E+02   2.8154276E-25
   3.9748267E+02   5.3433089E-25
   3.9781641E+02   7.9568948E-25
   3.9815015E+02   1.0353696E-24
   3.9848389E+02   1.2175075E-24
   3.9881763E+02   1.3036607E-24
   3.9915137E+02   1.2569726E-24
   3.9948510E+02   1.0471918E-24
   3.9981884E+02   6.5608753E-25
   4.0015258E+02   8.2657043E-26
   4.0048632E+02  -6.5260530E-25
   4.0082006E+02  -1.5051338E-24
   4.0115380E+02  -2.4061009E-24
   4.0148754E+02  -3.2651420E-24
   4.0182127E+02  -3.9762680E-24
   4.0215501E+02  -4.4268866E-24
   4.0248875E+02  -4.5094425E-24
   4.0282249E+02  -4.1348089E-24
   4.0315623E+02  -3.2461425E-24
   4.0348997E+02  -1.8316824E-24
   4.0382371E+02   6.5206256E-26
   4.0415744E+02   2.3403839E-24
   4.0449118E+02   4.8291067E-24
   4.0482492E+02   7.3129875E-24
   4.0515866E+02   9.5340940E-24
   4.0549240E+02   1.1215834E-23
   4.0582614E+02   1.2089371E-23
   4.0615988E+02   1.1923614E-23
   4.0649361E+02   1.0556022E-23
   4.0682735E+02   7.9210588E-24
   4.0716109E+02   4.0728076E-24
   4.0749483E+02  -8.0151029E-25
   4.0782857E+02  -6.3800116E-24
   4.0816231E+02  -1.2218546E-23
   4.0849605E+02  -1.7777851E-23
   4.0882978E+02  -2.2464711E-23
   4.0916352E+02  -2.5684955E-23
   4.0949726E+02  -2.6904350E-23
   4.0983100E+02  -2.5712244E-23
   4.1016474E+02  -2.1881615E-23
   4.1049848E+02  -1.5418660E-23
   4.1083222E+02  -6.5952503E-24
   4.1116595E+02   4.0416026E-24
   4.1149969E+02   1.5687646E-23
   4.1183343E+02   2.7328470E-23
   4.1216717E+02   3.7814997E-23
   4.1250091E+02   4.5963391E-23
   4.1283465E+02   5.0672048E-23
   4.1316839E+02   5.1045507E-23
   4.1350213E+02   4.6513524E-23
   4.1383586E+02   3.6931388E-23
   4.1416960E+02   2.2648840E-23
   4.1450334E+02   4.5359944E-24
   4.1483708E+02  -1.6042078E-23
   4.1517082E+02  -3.7305775E-23
   4.1550456E+02  -5.7194953E-23
   4.1583830E+02  -7.3548771E-23
   4.1617203E+02  -8.4318023E-23
   4.1650577E+02  -8.7791787E-23
   4.1683951E+02  -8.2815729E-23
   4.1717325E+02  -6.8978528E-23
   4.1750699E+02  -4.6743063E-23
   4.1784073E+02  -1.7501698E-23
   4.1817447E+02   1.6458819E-23
   4.1850820E+02   5.2090552E-23
   4.1884194E+02   8.5813734E-23
   4.1917568E+02   1.1383105E-22
   4.1950942E+02   1.3250468E-22
   4.1984316E+02   1.3876668E-22
   4.2017690E+02   1.3052402E-22
   4.2051064E+02   1.0701639E-22
   4.2084437E+02   6.9082765E-23
   4.2117811E+02   1.9295266E-23
   4.2151185E+02  -3.8074883E-23
   4.2184559E+02  -9.7283210E-23
   4.2217933E+02  -1.5153861E-22
   4.2251307E+02  -1.9362060E-22
   4.2284681E+02  -2.1665458E-22
   4.2318054E+02  -2.1498888E-22
   4.2351428E+02  -1.8509334E-22
   4.2384802E+02  -1.2637957E-22
   4.2418176E+02  -4.1827715E-23
   4.2451550E+02   6.1698263E-23
   4.2484924E+02   1.7355690E-22
   4.2518298E+02   2.7993960E-22
   4.2551671E+02   3.6502505E-22
   4.2585045E+02   4.1265508E-22
   4.2618419E+02   4.0843590E-22
   4.2651793E+02   3.4208326E-22
   4.2685167E+02   2.0975155E-22
   4.2718541E+02   1.6022585E-23
   4.2751915E+02  -2.2480794E-22
   4.2785288E+02  -4.8849993E-22
   4.2818662E+02  -7.4198500E-22
   4.2852036E+02  -9.4600291E-22
   4.2885410E+02  -1.0592480E-21
   4.2918784E+02  -1.0437969E-21
   4.2952158E+02  -8.7133410E-22
   4.2985532E+02  -5.2946668E-22
   4.3018905E+02  -2.7215196E-23
   4.3052279E+02   6.0131860E-22
   4.3085653E+02   1.2960795E-21
   4.3119027E+02   1.9737719E-21
   4.3152401E+02   2.5345832E-21
   4.3185775E+02   2.8728629E-21
   4.3219149E+02   2.8910568E-21
   4.3252522E+02   2.5155867E-21
   4.3285896E+02   1.7127290E-21
   4.3319270E+02   5.0215200E-22
   4.3352644E+02  -1.0344347E-21
   4.3386018E+02  -2.7518639E-21
   4.3419392E+02  -4.4491012E-21
   4.3452766E+02  -5.8866268E-21
   4.3486140E+02  -6.8131014E-21
   4.3519513E+02  -6.9992808E-21
   4.3552887E+02  -6.2756166E-21
   4.3586261E+02  -4.5687346E-21
   4.3619635E+02  -1.9311063E-21
   4.3653009E+02   1.4418573E-21
   4.3686383E+02   5.2123151E-21
   4.3719757E+02   8.9215185E-21
   4.3753130E+02   1.2033223E-20
   4.3786504E+02   1.3996804E-20
   4.3819878E+02   1.4324448E-20
   4.3853252E+02   1.2673728E-20
   4.3886626E+02   8.9242739E-21
   4.3920000E+02   3.2362068E-21
   4.3953374E+02  -3.9216928E-21
   4.3986747E+02  -1.1783721E-20
   4.4020121E+02  -1.9344418E-20
   4.4053495E+02  -2.5460876E-20
   4.4086869E+02  -2.8993281E-20
   4.4120243E+02  -2.8969901E-20
   4.4153617E+02  -2.4756740E-20
   4.4186991E+02  -1.6208064E-20
   4.4220364E+02  -3.7728338E-21
   4.4253738E+02   1.1465765E-20
   4.4287112E+02   2.7834385E-20
   4.4320486E+02   4.3204603E-20
   4.4353860E+02   5.5214241E-20
   4.4387234E+02   6.1557275E-20
   4.4420608E+02   6.0311987E-20
   4.4453981E+02   5.0266415E-20
   4.4487355E+02   3.1195420E-20
   4.4520729E+02   4.0428275E-21
   4.4554103E+02  -2.9030686E-20
   4.4587477E+02  -6.4759783E-20
   4.4620851E+02  -9.9053806E-20
   4.4654225E+02  -1.2742726E-19
   4.4687598E+02  -1.4554275E-19
   4.4720972E+02  -1.4980537E-19
   4.4754346E+02  -1.3793438E-19
   4.4787720E+02  -1.0942964E-19
   4.4821094E+02  -6.5856682E-20
   4.4854468E+02  -1.0889224E-20
   4.4887842E+02   4.9924686E-20
   4.4921215E+02   1.0967222E-19
   4.4954589E+02   1.6082164E-19
   4.4987963E+02   1.9612759E-19
   4.5021337E+02   2.0958850E-19
   4.5054711E+02   1.9733045E-19
   4.5088085E+02   1.5828898E-19
   4.5121459E+02   9.4576607E-20
   4.5154832E+02   1.1456579E-20
   4.5188206E+02  -8.3107528E-20
   4.5221580E+02  -1.7930078E-19
   4.5254954E+02  -2.6661916E-19
   4.5288328E+02  -3.3520833E-19
   4.5321702E+02  -3.7720586E-19
   4.5355076E+02  -3.8789815E-19
   4.5388450E+02  -3.6651530E-19
   4.5421823E+02  -3.1652490E-19
   4.5455197E+02  -2.4534660E-19
   4.5488571E+02  -1.6348697E-19
   4.5521945E+02  -8.3178038E-20
   4.5555319E+02  -1.6679166E-20
   4.5588693E+02   2.5535893E-20
   4.5622067E+02   3.6454147E-20
   4.5655440E+02   1.3809638E-20
   4.5688814E+02  -3.9231186E-20
   4.5722188E+02  -1.1412466E-19
   4.5755562E+02  -1.9778778E-19
   4.5788936E+02  -2.7415097E-19
   4.5822310E+02  -3.2625076E-19
   4.5855684E+02  -3.3860108E-19
   4.5889057E+02  -2.9952515E-19
   4.5922431E+02  -2.0312537E-19
   4.5955805E+02  -5.0594967E-20
   4.5989179E+02   1.4933691E-19
   4.6022553E+02   3.8091822E-19
   4.6055927E+02   6.2280719E-19
   4.6089301E+02   8.5023987E-19
   4.6122674E+02   1.0376331E-18
   4.6156048E+02   1.1612179E-18
   4.6189422E+02   1.2012729E-18
   4.6222796E+02   1.1435104E-18
   4.6256170E+02   9.7922985E-19
   4.6289544E+02   7.0397625E-19
   4.6322918E+02   3.1453874E-19
   4.6356291E+02  -1.9567081E-19
   4.6389665E+02  -8.4267433E-19
   4.6423039E+02  -1.6590601E-18
   4.6456413E+02  -2.7016879E-18
   4.6489787E+02  -4.0594352E-18
   4.6523161E+02  -5.8603778E-18
   4.6556535E+02  -8.2778958E-18
   4.6589908E+02  -1.1535383E-17
   4.6623282E+02  -1.5909413E-17
   4.6656656E+02  -2.1731588E-17
   4.6690030E+02  -2.9389462E-17
   4.6723404E+02  -3.9327472E-17
   4.6756778E+02  -5.2048623E-17
   4.6790152E+02  -6.8118178E-17
   4.6823525E+02  -8.8170346E-17
   4.6856899E+02  -1.1291903E-16
   4.6890273E+02  -1.4317345E-16
   4.6923647E+02  -1.7985806E-16
   4.6957021E+02  -2.2403786E-16
   4.6990395E+02  -2.7694647E-16
   4.7023769E+02  -3.4001663E-16
   4.7057142E+02  -4.1491049E-16
   4.7090516E+02  -5.0354764E-16
   4.7123890E+02  -6.0812704E-16
   4.7157264E+02  -7.3113989E-16
   4.7190638E+02  -8.7537070E-16
   4.7224012E+02  -1.0438850E-15
   4.7257386E+02  -1.2399941E-15
   4.7290760E+02  -1.4672052E-15
   4.7324133E+02  -1.7291391E-15
   4.7357507E+02  -2.0294217E-15
   4.7390881E+02  -2.3715404E-15
   4.7424255E+02  -2.7586525E-15
   4.7457629E+02  -3.1933403E-15
   4.7491003E+02  -3.6772944E-15
   4.7524377E+02  -4.2109133E-15
   4.7557750E+02  -4.7927890E-15
   4.7591124E+02  -5.4190593E-15
   4.7624498E+02  -6.0825876E-15
   4.7657872E+02  -6.7719412E-15
   4.7691246E+02  -7.4701030E-15
   4.7724620E+02  -8.1528666E-15
   4.7757994E+02  -8.7868648E-15
   4.7791367E+02  -9.3271169E-15
   4.7824741E+02  -9.7140652E-15
   4.7858115E+02  -9.8699032E-15
   4.7891489E+02  -9.6941151E-15
   4.7924863E+02  -9.0580509E-15
   4.7958237E+02  -7.7983376E-15
   4.7991611E+02  -5.7089250E-15
   4.8024984E+02  -2.5315714E-15
   4.8058358E+02   2.0556964E-15
   4.8091732E+02   8.4521996E-15
   4.8125106E+02   1.7151042E-14
   4.8158480E+02   2.8758534E-14
   4.8191854E+02   4.4017168E-14
   4.8225228E+02   6.3832620E-14
   4.8258601E+02   8.9306390E-14
   4.8291975E+02   1.2177302E-13
   4.8325349E+02   1.6284494E-13
   4.8358723E+02   2.1446457E-13
   4.8392097E+02   2.7896511E-13
   4.8425471E+02   3.5914200E-13
   4.8458845E+02   4.5833595E-13
   4.8492218E+02   5.8052890E-13
   4.8525592E+02   7.3045660E-13
   4.8558966E+02   9.1373849E-13
   4.8592340E+02   1.1370286E-12
   4.8625714E+02   1.4081898E-12
   4.8659088E+02   1.7364922E-12
   4.8692462E+02   2.1328469E-12
   4.8725835E+02   2.6100701E-12
   4.8759209E+02   3.1831872E-12
   4.8792583E+02   3.8697830E-12
   4.8825957E+02   4.6903965E-12
   4.8859331E+02   5.6689857E-12
   4.8892705E+02   6.8334327E-12
   4.8926079E+02   8.2161526E-12
   4.8959452E+02   9.8547368E-12
   4.8992826E+02   1.1792739E-11
   4.9026200E+02   1.4080497E-11
   4.9059574E+02   1.6776134E-11
   4.9092948E+02   1.9946633E-11
   4.9126322E+02   2.3669006E-11
   4.9159696E+02   2.8031785E-11
   4.9193069E+02   3.3136438E-11
   4.9226443E+02   3.9099141E-11
   4.9259817E+02   4.6052703E-11
   4.9293191E+02   5.4148672E-11
   4.9326565E+02   6.3559699E-11
   4.9359939E+02   7.4482177E-11
   4.9393313E+02   8.7139178E-11
   4.9426687E+02   1.0178364E-10
   4.9460060E+02   1.1870178E-10
   4.9493434E+02   1.3821723E-10
   4.9526808E+02   1.6069493E-10
   4.9560182E+02   1.8654621E-10
   4.9593556E+02   2.1623353E-10
   4.9626930E+02   2.5027605E-10
   4.9660304E+02   2.8925567E-10
   4.9693677E+02   3.3382380E-10
   4.9727051E+02   3.8470793E-10
   4.9760425E+02   4.4271947E-10
   4.9793799E+02   5.0876159E-10
   4.9827173E+02   5.8383809E-10
   4.9860547E+02   6.6906297E-10
   4.9893921E+02   7.6566919E-10
   4.9927294E+02   8.7502083E-10
   4.9960668E+02   9.9862230E-10
   4.9994042E+02   1.1381307E-09
   5.0027416E+02   1.2953687E-09
   5.0060790E+02   1.4723360E-09
   5.0094164E+02   1.6712224E-09
   5.0127538E+02   1.8944217E-09
   5.0160911E+02   2.1445472E-09
   5.0194285E+02   2.4244415E-09
   5.0227659E+02   2.7371958E-09
   5.0261033E+02   3.0861604E-09
   5.0294407E+02   3.4749621E-09
   5.0327781E+02   3.9075130E-09
   5.0361155E+02   4.3880348E-09
   5.0394528E+02   4.9210565E-09
   5.0427902E+02   5.5114437E-09
   5.0461276E+02   6.1643899E-09
   5.0494650E+02   6.8854522E-09
   5.0528024E+02   7.6805282E-09
   5.0561398E+02   8.5558991E-09
   5.0594772E+02   9.5182013E-09
   5.0628145E+02   1.0574448E-08
   5.0661519E+02   1.1732015E-08
   5.0694893E+02   1.2998653E-08
   5.0728267E+02   1.4382469E-08
   5.0761641E+02   1.5891906E-08
   5.0795015E+02   1.7535756E-08
   5.0828389E+02   1.9323101E-08
   5.0861762E+02   2.1263325E-08
   5.0895136E+02   2.3366045E-08
   5.0928510E+02   2.5641086E-08
   5.0961884E+02   2.8098466E-08
   5.0995258E+02   3.0748311E-08
   5.1028632E+02   3.3600788E-08
   5.1062006E+02   3.6666073E-08
   5.1095379E+02   3.9954244E-08
   5.1128753E+02   4.3475211E-08
   5.1162127E+02   4.7238665E-08
   5.1195501E+02   5.1253899E-08
   5.1228875E+02   5.5529735E-08
   5.1262249E+02   6.0074484E-08
   5.1295623E+02   6.4895652E-08
   5.1328997E+02   6.9999992E-08
   5.1362370E+02   7.5393238E-08
   5.1395744E+02   8.1079989E-08
   5.1429118E+02   8.7063597E-08
   5.1462492E+02   9.3345946E-08
   5.1495866E+02   9.9927291E-08
   5.1529240E+02   1.0680613E-07
   5.1562614E+02   1.1397900E-07
   5.1595987E+02   1.2144027E-07
   5.1629361E+02   1.2918203E-07
   5.1662735E+02   1.3719392E-07
   5.1696109E+02   1.4546281E-07
   5.1729483E+02   1.5397274E-07
   5.1762857E+02   1.6270475E-07
   5.1796231E+02   1.7163683E-07
   5.1829604E+02   1.8074338E-07
   5.1862978E+02   1.8999566E-07
   5.1896352E+02   1.9936107E-07
   5.1929726E+02   2.0880350E-07
   5.1963100E+02   2.1828292E-07
   5.1996474E+02   2.2775558E-07
   5.2029848E+02   2.3717361E-07
   5.2063221E+02   2.4648551E-07
   5.2096595E+02   2.5563554E-07
   5.2129969E+02   2.6456439E-07
   5.2163343E+02   2.7320863E-07
   5.2196717E+02   2.8150131E-07
   5.2230091E+02   2.8937188E-07
   5.2263465E+02   2.9674624E-07
   5.2296838E+02   3.0354718E-07
   5.2330212E+02   3.0969454E-07
   5.2363586E+02   3.1510530E-07
   5.2396960E+02   3.1969438E-07
   5.2430334E+02   3.2337454E-07
   5.2463708E+02   3.2605692E-07
   5.2497082E+02   3.2765180E-07
   5.2530455E+02   3.2806852E-07
   5.2563829E+02   3.2721650E-07
   5.2597203E+02   3.2500537E-07
   5.2630577E+02   3.2134614E-07
   5.2663951E+02   3.1615107E-07
   5.2697325E+02   3.0933512E-07
   5.2730699E+02   3.0081605E-07
   5.2764072E+02   2.9051503E-07
   5.2797446E+02   2.7835793E-07
   5.2830820E+02   2.6427549E-07
   5.2864194E+02   2.4820454E-07
   5.2897568E+02   2.3008791E-07
   5.2930942E+02   2.0987599E-07
   5.2964316E+02   1.8752721E-07
   5.2997689E+02   1.6300832E-07
   5.3031063E+02   1.3629564E-07
   5.3064437E+02   1.0737514E-07
   5.3097811E+02   7.6243545E-08
   5.3131185E+02   4.2908496E-08
   5.3164559E+02   7.3892443E-09
   5.3197933E+02  -3.0282912E-08
   5.3231306E+02  -7.0064338E-08
   5.3264680E+02  -1.1189843E-07
   5.3298054E+02  -1.5571578E-07
   5.3331428E+02  -2.0143375E-07
   5.3364802E+02  -2.4895638E-07
   5.3398176E+02  -2.9817454E-07
   5.3431550E+02  -3.4896581E-07
   5.3464924E+02  -4.0119471E-07
   5.3498297E+02  -4.5471310E-07
   5.3531671E+02  -5.0936012E-07
   5.3565045E+02  -5.6496333E-07
   5.3598419E+02  -6.2133853E-07
   5.3631793E+02  -6.7829069E-07
   5.3665167E+02  -7.3561512E-07
   5.3698541E+02  -7.9309746E-07
   5.3731914E+02  -8.5051494E-07
   5.3765288E+02  -9.0763803E-07
   5.3798662E+02  -9.6423014E-07
   5.3832036E+02  -1.0200497E-06
   5.3865410E+02  -1.0748519E-06
   5.3898784E+02  -1.1283882E-06
   5.3932158E+02  -1.1804091E-06
   5.3965531E+02  -1.2306660E-06
   5.3998905E+02  -1.2789105E-06
   5.4032279E+02  -1.3248972E-06
   5.4065653E+02  -1.3683856E-06
   5.4099027E+02  -1.4091401E-06
   5.4132401E+02  -1.4469337E-06
   5.4165775E+02  -1.4815457E-06
   5.4199148E+02  -1.5127675E-06
   5.4232522E+02  -1.5404009E-06
   5.4265896E+02  -1.5642602E-06
   5.4299270E+02  -1.5841753E-06
   5.4332644E+02  -1.5999883E-06
   5.4366018E+02  -1.6115609E-06
   5.4399392E+02  -1.6187703E-06
   5.4432765E+02  -1.6215120E-06
   5.4466139E+02  -1.6197010E-06
   5.4499513E+02  -1.6132736E-06
   5.4532887E+02  -1.6021841E-06
   5.4566261E+02  -1.5864105E-06
   5.4599635E+02  -1.5659500E-06
   5.4633009E+02  -1.5408239E-06
   5.4666382E+02  -1.5110735E-06
   5.4699756E+02  -1.4767633E-06
   5.4733130E+02  -1.4379793E-06
   5.4766504E+02  -1.3948289E-06
   5.4799878E+02  -1.3474405E-06
   5.4833252E+02  -1.2959640E-06
   5.4866626E+02  -1.2405684E-06
   5.4899999E+02  -1.1814419E-06
   5.4933373E+02  -1.1187918E-06
   5.4966747E+02  -1.0528418E-06
   5.5000121E+02  -9.8383214E-07
   5.5033495E+02  -9.1201764E-07
   5.5066869E+02  -8.3766753E-07
   5.5100243E+02  -7.6106249E-07
   5.5133616E+02  -6.8249426E-07
   5.5166990E+02  -6.0226330E-07
   5.5200364E+02  -5.2067821E-07
   5.5233738E+02  -4.3805318E-07
   5.5267112E+02  -3.5470657E-07
   5.5300486E+02  -2.7095922E-07
   5.5333860E+02  -1.8713298E-07
   5.5367234E+02  -1.0354852E-07
   5.5400607E+02  -2.0524041E-08
   5.5433981E+02   6.1626650E-08
   5.5467355E+02   1.4259547E-07
   5.5500729E+02   2.2208226E-07
   5.5534103E+02   2.9979572E-07
   5.5567477E+02   3.7545496E-07
   5.5600851E+02   4.4879133E-07
   5.5634224E+02   5.1954925E-07
   5.5667598E+02   5.8748765E-07
   5.5700972E+02   6.5238146E-07
   5.5734346E+02   7.1402184E-07
   5.5767720E+02   7.7221790E-07
   5.5801094E+02   8.2679679E-07
   5.5834468E+02   8.7760520E-07
   5.5867841E+02   9.2450892E-07
   5.5901215E+02   9.6739427E-07
   5.5934589E+02   1.0061678E-06
   5.5967963E+02   1.0407567E-06
   5.6001337E+02   1.0711087E-06
   5.6034711E+02   1.0971922E-06
   5.6068085E+02   1.1189956E-06
   5.6101458E+02   1.1365278E-06
   5.6134832E+02   1.1498176E-06
   5.6168206E+02   1.1589127E-06
   5.6201580E+02   1.1638793E-06
   5.6234954E+02   1.1648013E-06
   5.6268328E+02   1.1617803E-06
   5.6301702E+02   1.1549333E-06
   5.6335075E+02   1.1443924E-06
   5.6368449E+02   1.1303041E-06
   5.6401823E+02   1.1128283E-06
   5.6435197E+02   1.0921359E-06
   5.6468571E+02   1.0684089E-06
   5.6501945E+02   1.0418385E-06
   5.6535319E+02   1.0126242E-06
   5.6568692E+02   9.8097257E-07
   5.6602066E+02   9.4709549E-07
   5.6635440E+02   9.1120938E-07
   5.6668814E+02   8.7353311E-07
   5.6702188E+02   8.3428802E-07
   5.6735562E+02   7.9369556E-07
   5.6768936E+02   7.5197590E-07
   5.6802309E+02   7.0934840E-07
   5.6835683E+02   6.6602831E-07
   5.6869057E+02   6.2222722E-07
   5.6902431E+02   5.7815140E-07
   5.6935805E+02   5.3400072E-07
   5.6969179E+02   4.8996844E-07
   5.7002553E+02   4.4623954E-07
   5.7035926E+02   4.0299054E-07
   5.7069300E+02   3.6038838E-07
   5.7102674E+02   3.1858994E-07
   5.7136048E+02   2.7774175E-07
   5.7169422E+02   2.3797901E-07
   5.7202796E+02   1.9942564E-07
   5.7236170E+02   1.6219394E-07
   5.7269543E+02   1.2638451E-07
   5.7302917E+02   9.2085514E-08
   5.7336291E+02   5.9373409E-08
   5.7369665E+02   2.8312446E-08
   5.7403039E+02  -1.0450663E-09
   5.7436413E+02  -2.8658420E-08
   5.7469787E+02  -5.4498770E-08
   5.7503161E+02  -7.8548361E-08
   5.7536534E+02  -1.0080032E-07
   5.7569908E+02  -1.2125824E-07
   5.7603282E+02  -1.3993582E-07
   5.7636656E+02  -1.5685606E-07
   5.7670030E+02  -1.7205085E-07
   5.7703404E+02  -1.8556035E-07
   5.7736778E+02  -1.9743223E-07
   5.7770151E+02  -2.0772114E-07
   5.7803525E+02  -2.1648796E-07
   5.7836899E+02  -2.2379908E-07
   5.7870273E+02  -2.2972564E-07
   5.7903647E+02  -2.3434308E-07
   5.7937021E+02  -2.3772999E-07
   5.7970395E+02  -2.3996785E-07
   5.8003768E+02  -2.4113987E-07
   5.8037142E+02  -2.4133067E-07
   5.8070516E+02  -2.4062535E-07
   5.8103890E+02  -2.3910880E-07
   5.8137264E+02  -2.3686542E-07
   5.8170638E+02  -2.3397799E-07
   5.8204012E+02  -2.3052760E-07
   5.8237385E+02  -2.2659285E-07
   5.8270759E+02  -2.2224948E-07
   5.8304133E+02  -2.1756996E-07
   5.8337507E+02  -2.1262304E-07
   5.8370881E+02  -2.0747349E-07
   5.8404255E+02  -2.0218168E-07
   5.8437629E+02  -1.9680348E-07
   5.8471002E+02  -1.9138996E-07
   5.8504376E+02  -1.8598723E-07
   5.8537750E+02  -1.8063642E-07
   5.8571124E+02  -1.7537366E-07
   5.8604498E+02  -1.7022991E-07
   5.8637872E+02  -1.6523128E-07
   5.8671246E+02  -1.6039894E-07
   5.8704619E+02  -1.5574936E-07
   5.8737993E+02  -1.5129451E-07
   5.8771367E+02  -1.4704192E-07
   5.8804741E+02  -1.4299508E-07
   5.8838115E+02  -1.3915366E-07
   5.8871489E+02  -1.3551376E-07
   5.8904863E+02  -1.3206835E-07
   5.8938236E+02  -1.2880740E-07
   5.8971610E+02  -1.2571846E-07
   5.9004984E+02  -1.2278690E-07
   5.9038358E+02  -1.1999630E-07
   5.9071732E+02  -1.1732891E-07
   5.9105106E+02  -1.1476605E-07
   5.9138480E+02  -1.1228830E-07
   5.9171853E+02  -1.0987610E-07
   5.9205227E+02  -1.0750997E-07
   5.9238601E+02  -1.0517080E-07
   5.9271975E+02  -1.0284032E-07
   5.9305349E+02  -1.0050127E-07
   5.9338723E+02  -9.8137718E-08
   5.9372097E+02  -9.5735281E-08
   5.9405471E+02  -9.3281415E-08
   5.9438844E+02  -9.0765596E-08
   5.9472218E+02  -8.8179476E-08
   5.9505592E+02  -8.5517073E-08
   5.9538966E+02  -8.2774761E-08
   5.9572340E+02  -7.9951498E-08
   5.9605714E+02  -7.7048782E-08
   5.9639088E+02  -7.4070570E-08
   5.9672461E+02  -7.1023479E-08
   5.9705835E+02  -6.7916488E-08
   5.9739209E+02  -6.4760940E-08
   5.9772583E+02  -6.1570582E-08
   5.9805957E+02  -5.8361191E-08
   5.9839331E+02  -5.5150590E-08
   5.9872705E+02  -5.1958480E-08
   5.9906078E+02  -4.8806115E-08
   5.9939452E+02  -4.5716192E-08
   5.9972826E+02  -4.2712585E-08
   6.0006200E+02  -3.9820137E-08
   6.0039574E+02  -3.7064297E-08
   6.0072948E+02  -3.4470887E-08
   6.0106322E+02  -3.2065969E-08
   6.0139695E+02  -2.9875409E-08
   6.0173069E+02  -2.7924685E-08
   6.0206443E+02  -2.6238588E-08
   6.0239817E+02  -2.4841000E-08
   6.0273191E+02  -2.3754666E-08
   6.0306565E+02  -2.3000922E-08
   6.0339939E+02  -2.2599501E-08
   6.0373312E+02  -2.2568280E-08
   6.0406686E+02  -2.2923075E-08
   6.0440060E+02  -2.3677529E-08
   6.0473434E+02  -2.4842706E-08
   6.0506808E+02  -2.6427344E-08
   6.0540182E+02  -2.8437285E-08
   6.0573556E+02  -3.0875633E-08
   6.0606929E+02  -3.3742602E-08
   6.0640303E+02  -3.7035470E-08
   6.0673677E+02  -4.0748411E-08
   6.0707051E+02  -4.4872699E-08
   6.0740425E+02  -4.9396554E-08
   6.0773799E+02  -5.4305211E-08
   6.0807173E+02  -5.9580934E-08
   6.0840546E+02  -6.5203189E-08
   6.0873920E+02  -7.1148577E-08
   6.0907294E+02  -7.7391050E-08
   6.0940668E+02  -8.3901980E-08
   6.0974042E+02  -9.0650346E-08
   6.1007416E+02  -9.7602879E-08
   6.1040790E+02  -1.0472425E-07
   6.1074163E+02  -1.1197722E-07
   6.1107537E+02  -1.1932282E-07
   6.1140911E+02  -1.2672078E-07
   6.1174285E+02  -1.3412946E-07
   6.1207659E+02  -1.4150640E-07
   6.1241033E+02  -1.4880823E-07
   6.1274407E+02  -1.5599124E-07
   6.1307781E+02  -1.6301141E-07
   6.1341154E+02  -1.6982477E-07
   6.1374528E+02  -1.7638762E-07
   6.1407902E+02  -1.8265672E-07
   6.1441276E+02  -1.8858988E-07
   6.1474650E+02  -1.9414574E-07
   6.1508024E+02  -1.9928433E-07
   6.1541398E+02  -2.0396720E-07
   6.1574771E+02  -2.0815791E-07
   6.1608145E+02  -2.1182194E-07
   6.1641519E+02  -2.1492700E-07
   6.1674893E+02  -2.1744334E-07
   6.1708267E+02  -2.1934389E-07
   6.1741641E+02  -2.2060428E-07
   6.1775015E+02  -2.2120345E-07
   6.1808388E+02  -2.2112326E-07
   6.1841762E+02  -2.2034892E-07
   6.1875136E+02  -2.1886902E-07
   6.1908510E+02  -2.1667549E-07
   6.1941884E+02  -2.1376417E-07
   6.1975258E+02  -2.1013410E-07
   6.2008632E+02  -2.0578818E-07
   6.2042005E+02  -2.0073306E-07
   6.2075379E+02  -1.9497890E-07
   6.2108753E+02  -1.8853925E-07
   6.2142127E+02  -1.8143172E-07
   6.2175501E+02  -1.7367705E-07
   6.2208875E+02  -1.6529945E-07
   6.2242249E+02  -1.5632639E-07
   6.2275622E+02  -1.4678835E-07
   6.2308996E+02  -1.3671885E-07
   6.2342370E+02  -1.2615415E-07
   6.2375744E+02  -1.1513296E-07
   6.2409118E+02  -1.0369649E-07
   6.2442492E+02  -9.1887870E-08
   6.2475866E+02  -7.9752255E-08
   6.2509239E+02  -6.7336217E-08
   6.2542613E+02  -5.4687682E-08
   6.2575987E+02  -4.1855554E-08
   6.2609361E+02  -2.8889430E-08
   6.2642735E+02  -1.5839216E-08
   6.2676109E+02  -2.7548812E-09
   6.2709483E+02   1.0313860E-08
   6.2742856E+02   2.3317908E-08
   6.2776230E+02   3.6209027E-08
   6.2809604E+02   4.8940258E-08
   6.2842978E+02   6.1466004E-08
   6.2876352E+02   7.3742562E-08
   6.2909726E+02   8.5728260E-08
   6.2943100E+02   9.7383783E-08
   6.2976473E+02   1.0867239E-07
   6.3009847E+02   1.1956027E-07
   6.3043221E+02   1.3001667E-07
   6.3076595E+02   1.4001408E-07
   6.3109969E+02   1.4952847E-07
   6.3143343E+02   1.5853954E-07
   6.3176717E+02   1.6703048E-07
   6.3210090E+02   1.7498856E-07
   6.3243464E+02   1.8240473E-07
   6.3276838E+02   1.8927392E-07
   6.3310212E+02   1.9559474E-07
   6.3343586E+02   2.0136983E-07
   6.3376960E+02   2.0660542E-07
   6.3410334E+02   2.1131154E-07
   6.3443708E+02   2.1550156E-07
   6.3477081E+02   2.1919217E-07
   6.3510455E+02   2.2240327E-07
   6.3543829E+02   2.2515744E-07
   6.3577203E+02   2.2748003E-07
   6.3610577E+02   2.2939855E-07
   6.3643951E+02   2.3094240E-07
   6.3677325E+02   2.3214260E-07
   6.3710698E+02   2.3303107E-07
   6.3744072E+02   2.3364078E-07
   6.3777446E+02   2.3400474E-07
   6.3810820E+02   2.3415605E-07
   6.3844194E+02   2.3412707E-07
   6.3877568E+02   2.3394912E-07
   6.3910942E+02   2.3365233E-07
   6.3944315E+02   2.3326450E-07
   6.3977689E+02   2.3281126E-07
   6.4011063E+02   2.3231533E-07
   6.4044437E+02   2.3179625E-07
   6.4077811E+02   2.3126979E-07
   6.4111185E+02   2.3074762E-07
   6.4144559E+02   2.3023713E-07
   6.4177932E+02   2.2974099E-07
   6.4211306E+02   2.2925670E-07
   6.4244680E+02   2.2877691E-07
   6.4278054E+02   2.2828863E-07
   6.4311428E+02   2.2777348E-07
   6.4344802E+02   2.2720745E-07
   6.4378176E+02   2.2656097E-07
   6.4411549E+02   2.2579884E-07
   6.4444923E+02   2.2488001E-07
   6.4478297E+02   2.2375869E-07
   6.4511671E+02   2.2238348E-07
   6.4545045E+02   2.2069773E-07
   6.4578419E+02   2.1864078E-07
   6.4611793E+02   2.1614731E-07
   6.4645166E+02   2.1314840E-07
   6.4678540E+02   2.0957178E-07
   6.4711914E+02   2.0534250E-07
   6.4745288E+02   2.0038325E-07
   6.4778662E+02   1.9461554E-07
   6.4812036E+02   1.8795969E-07
   6.4845410E+02   1.8033619E-07
   6.4878783E+02   1.7166587E-07
   6.4912157E+02   1.6187101E-07
   6.4945531E+02   1.5087601E-07
   6.4978905E+02   1.3860833E-07
   6.5012279E+02   1.2499905E-07
   6.5045653E+02   1.0998389E-07
   6.5079027E+02   9.3503814E-08
   6.5112400E+02   7.5506087E-08
   6.5145774E+02   5.5944586E-08
   6.5179148E+02   3.4781003E-08
   6.5212522E+02   1.1985588E-08
   6.5245896E+02  -1.2463254E-08
   6.5279270E+02  -3.8576857E-08
   6.5312644E+02  -6.6357060E-08
   6.5346018E+02  -9.5795222E-08
   6.5379391E+02  -1.2687138E-07
   6.5412765E+02  -1.5955494E-07
   6.5446139E+02  -1.9380340E-07
   6.5479513E+02  -2.2956277E-07
   6.5512887E+02  -2.6676730E-07
   6.5546261E+02  -3.0533954E-07
   6.5579635E+02  -3.4519036E-07
   6.5613008E+02  -3.8621934E-07
   6.5646382E+02  -4.2831476E-07
   6.5679756E+02  -4.7135421E-07
   6.5713130E+02  -5.1520493E-07
   6.5746504E+02  -5.5972436E-07
   6.5779878E+02  -6.0476094E-07
   6.5813252E+02  -6.5015445E-07
   6.5846625E+02  -6.9573684E-07
   6.5879999E+02  -7.4133374E-07
   6.5913373E+02  -7.8676453E-07
   6.5946747E+02  -8.3184318E-07
   6.5980121E+02  -8.7638085E-07
   6.6013495E+02  -9.2018507E-07
