  -7.8094826E+01   0.0000000E+00
  -7.7761087E+01   0.0000000E+00
  -7.7427349E+01   0.0000000E+00
  -7.7093610E+01   0.0000000E+00
  -7.6759871E+01   0.0000000E+00
  -7.6426133E+01   0.0000000E+00
  -7.6092394E+01   0.0000000E+00
  -7.5758656E+01   0.0000000E+00
  -7.5424917E+01   0.0000000E+00
  -7.5091178E+01   0.0000000E+00
  -7.4757440E+01   0.0000000E+00
  -7.4423701E+01   0.0000000E+00
  -7.4089963E+01   0.0000000E+00
  -7.3756224E+01   0.0000000E+00
  -7.3422485E+01   0.0000000E+00
  -7.3088747E+01   0.0000000E+00
  -7.2755008E+01   0.0000000E+00
  -7.2421270E+01   0.0000000E+00
  -7.2087531E+01   0.0000000E+00
  -7.1753792E+01   0.0000000E+00
  -7.1420054E+01   0.0000000E+00
  -7.1086315E+01   0.0000000E+00
  -7.0752577E+01   0.0000000E+00
  -7.0418838E+01   0.0000000E+00
  -7.0085099E+01   0.0000000E+00
  -6.9751361E+01   0.0000000E+00
  -6.9417622E+01   0.0000000E+00
  -6.9083884E+01   0.0000000E+00
  -6.8750145E+01   0.0000000E+00
  -6.8416406E+01   0.0000000E+00
  -6.8082668E+01   0.0000000E+00
  -6.7748929E+01   0.0000000E+00
  -6.7415191E+01   0.0000000E+00
  -6.7081452E+01   0.0000000E+00
  -6.6747714E+01   0.0000000E+00
  -6.6413975E+01   0.0000000E+00
  -6.6080236E+01   0.0000000E+00
  -6.5746498E+01   0.0000000E+00
  -6.5412759E+01   0.0000000E+00
  -6.5079021E+01   0.0000000E+00
  -6.4745282E+01   0.0000000E+00
  -6.4411543E+01   0.0000000E+00
  -6.4077805E+01   0.0000000E+00
  -6.3744066E+01   0.0000000E+00
  -6.3410328E+01   0.0000000E+00
  -6.3076589E+01   0.0000000E+00
  -6.2742850E+01   0.0000000E+00
  -6.2409112E+01   0.0000000E+00
  -6.2075373E+01   0.0000000E+00
  -6.1741635E+01   0.0000000E+00
  -6.1407896E+01   0.0000000E+00
  -6.1074157E+01   0.0000000E+00
  -6.0740419E+01   0.0000000E+00
  -6.0406680E+01   0.0000000E+00
  -6.0072942E+01   0.0000000E+00
  -5.9739203E+01   0.0000000E+00
  -5.9405464E+01   0.0000000E+00
  -5.9071726E+01   0.0000000E+00
  -5.8737987E+01   0.0000000E+00
  -5.8404249E+01   0.0000000E+00
  -5.8070510E+01   0.0000000E+00
  -5.7736771E+01   0.0000000E+00
  -5.7403033E+01   0.0000000E+00
  -5.7069294E+01   0.0000000E+00
  -5.6735556E+01   0.0000000E+00
  -5.6401817E+01   0.0000000E+00
  -5.6068078E+01   0.0000000E+00
  -5.5734340E+01   0.0000000E+00
  -5.5400601E+01   0.0000000E+00
  -5.5066863E+01   0.0000000E+00
  -5.4733124E+01   0.0000000E+00
  -5.4399385E+01   0.0000000E+00
  -5.4065647E+01   0.0000000E+00
  -5.3731908E+01   0.0000000E+00
  -5.3398170E+01   0.0000000E+00
  -5.3064431E+01   0.0000000E+00
  -5.2730693E+01   0.0000000E+00
  -5.2396954E+01   0.0000000E+00
  -5.2063215E+01   0.0000000E+00
  -5.1729477E+01   0.0000000E+00
  -5.1395738E+01   0.0000000E+00
  -5.1062000E+01   0.0000000E+00
  -5.0728261E+01   0.0000000E+00
  -5.0394522E+01   0.0000000E+00
  -5.0060784E+01   0.0000000E+00
  -4.9727045E+01   0.0000000E+00
  -4.9393307E+01   0.0000000E+00
  -4.9059568E+01   0.0000000E+00
  -4.8725829E+01   0.0000000E+00
  -4.8392091E+01   0.0000000E+00
  -4.8058352E+01   0.0000000E+00
  -4.7724614E+01   0.0000000E+00
  -4.7390875E+01   0.0000000E+00
  -4.7057136E+01   0.0000000E+00
  -4.6723398E+01   0.0000000E+00
  -4.6389659E+01   0.0000000E+00
  -4.6055921E+01   0.0000000E+00
  -4.5722182E+01   0.0000000E+00
  -4.5388443E+01   0.0000000E+00
  -4.5054705E+01   0.0000000E+00
  -4.4720966E+01   0.0000000E+00
  -4.4387228E+01   0.0000000E+00
  -4.4053489E+01   0.0000000E+00
  -4.3719750E+01   0.0000000E+00
  -4.3386012E+01   0.0000000E+00
  -4.3052273E+01   0.0000000E+00
  -4.2718535E+01   0.0000000E+00
  -4.2384796E+01   0.0000000E+00
  -4.2051057E+01   0.0000000E+00
  -4.1717319E+01   0.0000000E+00
  -4.1383580E+01   0.0000000E+00
  -4.1049842E+01   0.0000000E+00
  -4.0716103E+01   0.0000000E+00
  -4.0382364E+01   0.0000000E+00
  -4.0048626E+01   0.0000000E+00
  -3.9714887E+01   0.0000000E+00
  -3.9381149E+01   0.0000000E+00
  -3.9047410E+01   0.0000000E+00
  -3.8713672E+01   0.0000000E+00
  -3.8379933E+01   0.0000000E+00
  -3.8046194E+01   0.0000000E+00
  -3.7712456E+01   0.0000000E+00
  -3.7378717E+01   0.0000000E+00
  -3.7044979E+01   0.0000000E+00
  -3.6711240E+01   0.0000000E+00
  -3.6377501E+01   0.0000000E+00
  -3.6043763E+01   0.0000000E+00
  -3.5710024E+01   0.0000000E+00
  -3.5376286E+01   0.0000000E+00
  -3.5042547E+01   0.0000000E+00
  -3.4708808E+01   0.0000000E+00
  -3.4375070E+01   0.0000000E+00
  -3.4041331E+01   0.0000000E+00
  -3.3707593E+01   0.0000000E+00
  -3.3373854E+01   0.0000000E+00
  -3.3040115E+01   0.0000000E+00
  -3.2706377E+01   0.0000000E+00
  -3.2372638E+01   0.0000000E+00
  -3.2038900E+01   0.0000000E+00
  -3.1705161E+01   0.0000000E+00
  -3.1371422E+01   0.0000000E+00
  -3.1037684E+01   0.0000000E+00
  -3.0703945E+01   0.0000000E+00
  -3.0370207E+01   0.0000000E+00
  -3.0036468E+01   0.0000000E+00
  -2.9702729E+01   0.0000000E+00
  -2.9368991E+01   0.0000000E+00
  -2.9035252E+01   0.0000000E+00
  -2.8701514E+01   0.0000000E+00
  -2.8367775E+01   0.0000000E+00
  -2.8034036E+01   0.0000000E+00
  -2.7700298E+01   0.0000000E+00
  -2.7366559E+01   0.0000000E+00
  -2.7032821E+01   0.0000000E+00
  -2.6699082E+01   0.0000000E+00
  -2.6365343E+01   0.0000000E+00
  -2.6031605E+01   0.0000000E+00
  -2.5697866E+01   0.0000000E+00
  -2.5364128E+01   0.0000000E+00
  -2.5030389E+01   0.0000000E+00
  -2.4696651E+01   0.0000000E+00
  -2.4362912E+01   0.0000000E+00
  -2.4029173E+01   0.0000000E+00
  -2.3695435E+01   0.0000000E+00
  -2.3361696E+01   0.0000000E+00
  -2.3027958E+01   0.0000000E+00
  -2.2694219E+01   0.0000000E+00
  -2.2360480E+01   0.0000000E+00
  -2.2026742E+01   0.0000000E+00
  -2.1693003E+01   0.0000000E+00
  -2.1359265E+01   0.0000000E+00
  -2.1025526E+01   0.0000000E+00
  -2.0691787E+01   0.0000000E+00
  -2.0358049E+01   0.0000000E+00
  -2.0024310E+01   0.0000000E+00
  -1.9690572E+01   0.0000000E+00
  -1.9356833E+01   0.0000000E+00
  -1.9023094E+01   0.0000000E+00
  -1.8689356E+01   0.0000000E+00
  -1.8355617E+01   0.0000000E+00
  -1.8021879E+01   0.0000000E+00
  -1.7688140E+01   0.0000000E+00
  -1.7354401E+01   0.0000000E+00
  -1.7020663E+01   0.0000000E+00
  -1.6686924E+01   0.0000000E+00
  -1.6353186E+01   0.0000000E+00
  -1.6019447E+01   0.0000000E+00
  -1.5685708E+01   0.0000000E+00
  -1.5351970E+01   0.0000000E+00
  -1.5018231E+01   0.0000000E+00
  -1.4684493E+01   0.0000000E+00
  -1.4350754E+01   0.0000000E+00
  -1.4017015E+01   0.0000000E+00
  -1.3683277E+01   0.0000000E+00
  -1.3349538E+01   0.0000000E+00
  -1.3015800E+01   0.0000000E+00
  -1.2682061E+01   0.0000000E+00
  -1.2348322E+01   0.0000000E+00
  -1.2014584E+01   0.0000000E+00
  -1.1680845E+01   0.0000000E+00
  -1.1347107E+01   0.0000000E+00
  -1.1013368E+01   0.0000000E+00
  -1.0679630E+01   0.0000000E+00
  -1.0345891E+01   0.0000000E+00
  -1.0012152E+01   0.0000000E+00
  -9.6784137E+00   0.0000000E+00
  -9.3446751E+00   0.0000000E+00
  -9.0109365E+00   0.0000000E+00
  -8.6771979E+00   0.0000000E+00
  -8.3434593E+00   0.0000000E+00
  -8.0097207E+00   0.0000000E+00
  -7.6759821E+00   0.0000000E+00
  -7.3422436E+00   0.0000000E+00
  -7.0085050E+00   0.0000000E+00
  -6.6747664E+00   0.0000000E+00
  -6.3410278E+00   0.0000000E+00
  -6.0072892E+00   0.0000000E+00
  -5.6735506E+00   0.0000000E+00
  -5.3398120E+00   0.0000000E+00
  -5.0060734E+00   0.0000000E+00
  -4.6723348E+00   0.0000000E+00
  -4.3385962E+00   0.0000000E+00
  -4.0048576E+00   0.0000000E+00
  -3.6711190E+00   0.0000000E+00
  -3.3373804E+00   0.0000000E+00
  -3.0036418E+00   0.0000000E+00
  -2.6699032E+00   0.0000000E+00
  -2.3361646E+00   0.0000000E+00
  -2.0024260E+00   0.0000000E+00
  -1.6686874E+00   0.0000000E+00
  -1.3349488E+00   0.0000000E+00
  -1.0012102E+00   0.0000000E+00
  -6.6747165E-01   0.0000000E+00
  -3.3373305E-01   0.0000000E+00
   5.5432320E-06   0.0000000E+00
   3.3374414E-01   0.0000000E+00
   6.6748273E-01   0.0000000E+00
   1.0012213E+00   0.0000000E+00
   1.3349599E+00   0.0000000E+00
   1.6686985E+00   0.0000000E+00
   2.0024371E+00   0.0000000E+00
   2.3361757E+00   0.0000000E+00
   2.6699143E+00   0.0000000E+00
   3.0036529E+00   0.0000000E+00
   3.3373915E+00   0.0000000E+00
   3.6711301E+00   0.0000000E+00
   4.0048687E+00   0.0000000E+00
   4.3386073E+00   0.0000000E+00
   4.6723459E+00   0.0000000E+00
   5.0060845E+00   0.0000000E+00
   5.3398231E+00   0.0000000E+00
   5.6735617E+00   0.0000000E+00
   6.0073003E+00   0.0000000E+00
   6.3410389E+00   0.0000000E+00
   6.6747774E+00   0.0000000E+00
   7.0085160E+00   0.0000000E+00
   7.3422546E+00   0.0000000E+00
   7.6759932E+00   0.0000000E+00
   8.0097318E+00   0.0000000E+00
   8.3434704E+00   0.0000000E+00
   8.6772090E+00   0.0000000E+00
   9.0109476E+00   0.0000000E+00
   9.3446862E+00   0.0000000E+00
   9.6784248E+00   0.0000000E+00
   1.0012163E+01   0.0000000E+00
   1.0345902E+01   0.0000000E+00
   1.0679641E+01   0.0000000E+00
   1.1013379E+01   0.0000000E+00
   1.1347118E+01   0.0000000E+00
   1.1680856E+01   0.0000000E+00
   1.2014595E+01   0.0000000E+00
   1.2348334E+01   0.0000000E+00
   1.2682072E+01   0.0000000E+00
   1.3015811E+01   0.0000000E+00
   1.3349549E+01   0.0000000E+00
   1.3683288E+01   0.0000000E+00
   1.4017027E+01   0.0000000E+00
   1.4350765E+01   0.0000000E+00
   1.4684504E+01   0.0000000E+00
   1.5018242E+01   0.0000000E+00
   1.5351981E+01   0.0000000E+00
   1.5685720E+01   0.0000000E+00
   1.6019458E+01   0.0000000E+00
   1.6353197E+01   0.0000000E+00
   1.6686935E+01   0.0000000E+00
   1.7020674E+01   0.0000000E+00
   1.7354412E+01   0.0000000E+00
   1.7688151E+01   0.0000000E+00
   1.8021890E+01   0.0000000E+00
   1.8355628E+01   0.0000000E+00
   1.8689367E+01   0.0000000E+00
   1.9023105E+01   0.0000000E+00
   1.9356844E+01   0.0000000E+00
   1.9690583E+01   0.0000000E+00
   2.0024321E+01   0.0000000E+00
   2.0358060E+01   0.0000000E+00
   2.0691798E+01   0.0000000E+00
   2.1025537E+01   0.0000000E+00
   2.1359276E+01   0.0000000E+00
   2.1693014E+01   0.0000000E+00
   2.2026753E+01   0.0000000E+00
   2.2360491E+01   0.0000000E+00
   2.2694230E+01   0.0000000E+00
   2.3027969E+01   0.0000000E+00
   2.3361707E+01   0.0000000E+00
   2.3695446E+01   0.0000000E+00
   2.4029184E+01   0.0000000E+00
   2.4362923E+01   0.0000000E+00
   2.4696662E+01   0.0000000E+00
   2.5030400E+01   0.0000000E+00
   2.5364139E+01   0.0000000E+00
   2.5697877E+01   0.0000000E+00
   2.6031616E+01   0.0000000E+00
   2.6365355E+01   0.0000000E+00
   2.6699093E+01   0.0000000E+00
   2.7032832E+01   0.0000000E+00
   2.7366570E+01   0.0000000E+00
   2.7700309E+01   0.0000000E+00
   2.8034048E+01   0.0000000E+00
   2.8367786E+01   0.0000000E+00
   2.8701525E+01   0.0000000E+00
   2.9035263E+01   0.0000000E+00
   2.9369002E+01   0.0000000E+00
   2.9702741E+01   0.0000000E+00
   3.0036479E+01   0.0000000E+00
   3.0370218E+01   0.0000000E+00
   3.0703956E+01   0.0000000E+00
   3.1037695E+01   0.0000000E+00
   3.1371433E+01   0.0000000E+00
   3.1705172E+01   0.0000000E+00
   3.2038911E+01   0.0000000E+00
   3.2372649E+01   0.0000000E+00
   3.2706388E+01   0.0000000E+00
   3.3040126E+01   0.0000000E+00
   3.3373865E+01   0.0000000E+00
   3.3707604E+01   0.0000000E+00
   3.4041342E+01   0.0000000E+00
   3.4375081E+01   0.0000000E+00
   3.4708819E+01   0.0000000E+00
   3.5042558E+01   0.0000000E+00
   3.5376297E+01   0.0000000E+00
   3.5710035E+01   0.0000000E+00
   3.6043774E+01   0.0000000E+00
   3.6377512E+01   0.0000000E+00
   3.6711251E+01   0.0000000E+00
   3.7044990E+01   0.0000000E+00
   3.7378728E+01   0.0000000E+00
   3.7712467E+01   0.0000000E+00
   3.8046205E+01   0.0000000E+00
   3.8379944E+01   0.0000000E+00
   3.8713683E+01   0.0000000E+00
   3.9047421E+01   0.0000000E+00
   3.9381160E+01   0.0000000E+00
   3.9714898E+01   0.0000000E+00
   4.0048637E+01   0.0000000E+00
   4.0382376E+01   0.0000000E+00
   4.0716114E+01   0.0000000E+00
   4.1049853E+01   0.0000000E+00
   4.1383591E+01   0.0000000E+00
   4.1717330E+01   0.0000000E+00
   4.2051069E+01   0.0000000E+00
   4.2384807E+01   0.0000000E+00
   4.2718546E+01   0.0000000E+00
   4.3052284E+01   0.0000000E+00
   4.3386023E+01   0.0000000E+00
   4.3719762E+01   0.0000000E+00
   4.4053500E+01   0.0000000E+00
   4.4387239E+01   0.0000000E+00
   4.4720977E+01   0.0000000E+00
   4.5054716E+01   0.0000000E+00
   4.5388454E+01   0.0000000E+00
   4.5722193E+01   0.0000000E+00
   4.6055932E+01   0.0000000E+00
   4.6389670E+01   0.0000000E+00
   4.6723409E+01   0.0000000E+00
   4.7057147E+01   0.0000000E+00
   4.7390886E+01   0.0000000E+00
   4.7724625E+01   0.0000000E+00
   4.8058363E+01   0.0000000E+00
   4.8392102E+01   0.0000000E+00
   4.8725840E+01   0.0000000E+00
   4.9059579E+01   0.0000000E+00
   4.9393318E+01   0.0000000E+00
   4.9727056E+01   0.0000000E+00
   5.0060795E+01   0.0000000E+00
   5.0394533E+01   0.0000000E+00
   5.0728272E+01   0.0000000E+00
   5.1062011E+01   0.0000000E+00
   5.1395749E+01   0.0000000E+00
   5.1729488E+01   0.0000000E+00
   5.2063226E+01   0.0000000E+00
   5.2396965E+01   0.0000000E+00
   5.2730704E+01   0.0000000E+00
   5.3064442E+01   0.0000000E+00
   5.3398181E+01   0.0000000E+00
   5.3731919E+01   0.0000000E+00
   5.4065658E+01   0.0000000E+00
   5.4399397E+01   0.0000000E+00
   5.4733135E+01   0.0000000E+00
   5.5066874E+01   0.0000000E+00
   5.5400612E+01   0.0000000E+00
   5.5734351E+01   0.0000000E+00
   5.6068090E+01   0.0000000E+00
   5.6401828E+01   0.0000000E+00
   5.6735567E+01   0.0000000E+00
   5.7069305E+01   0.0000000E+00
   5.7403044E+01   0.0000000E+00
   5.7736783E+01   0.0000000E+00
   5.8070521E+01   0.0000000E+00
   5.8404260E+01   0.0000000E+00
   5.8737998E+01   0.0000000E+00
   5.9071737E+01   0.0000000E+00
   5.9405475E+01   0.0000000E+00
   5.9739214E+01   0.0000000E+00
   6.0072953E+01   0.0000000E+00
   6.0406691E+01   0.0000000E+00
   6.0740430E+01   0.0000000E+00
   6.1074168E+01   0.0000000E+00
   6.1407907E+01   0.0000000E+00
   6.1741646E+01   0.0000000E+00
   6.2075384E+01   0.0000000E+00
   6.2409123E+01   0.0000000E+00
   6.2742861E+01   0.0000000E+00
   6.3076600E+01   0.0000000E+00
   6.3410339E+01   0.0000000E+00
   6.3744077E+01   0.0000000E+00
   6.4077816E+01   0.0000000E+00
   6.4411554E+01   0.0000000E+00
   6.4745293E+01   0.0000000E+00
   6.5079032E+01   0.0000000E+00
   6.5412770E+01   0.0000000E+00
   6.5746509E+01   0.0000000E+00
   6.6080247E+01   0.0000000E+00
   6.6413986E+01   0.0000000E+00
   6.6747725E+01   0.0000000E+00
   6.7081463E+01   0.0000000E+00
   6.7415202E+01   0.0000000E+00
   6.7748940E+01   0.0000000E+00
   6.8082679E+01   0.0000000E+00
   6.8416418E+01   0.0000000E+00
   6.8750156E+01   0.0000000E+00
   6.9083895E+01   0.0000000E+00
   6.9417633E+01   0.0000000E+00
   6.9751372E+01   0.0000000E+00
   7.0085111E+01   0.0000000E+00
   7.0418849E+01   0.0000000E+00
   7.0752588E+01   0.0000000E+00
   7.1086326E+01   0.0000000E+00
   7.1420065E+01   0.0000000E+00
   7.1753804E+01   0.0000000E+00
   7.2087542E+01   0.0000000E+00
   7.2421281E+01   0.0000000E+00
   7.2755019E+01   0.0000000E+00
   7.3088758E+01   0.0000000E+00
   7.3422496E+01   0.0000000E+00
   7.3756235E+01   0.0000000E+00
   7.4089974E+01   0.0000000E+00
   7.4423712E+01   0.0000000E+00
   7.4757451E+01   0.0000000E+00
   7.5091189E+01   0.0000000E+00
   7.5424928E+01   0.0000000E+00
   7.5758667E+01   0.0000000E+00
   7.6092405E+01   0.0000000E+00
   7.6426144E+01   0.0000000E+00
   7.6759882E+01   0.0000000E+00
   7.7093621E+01   0.0000000E+00
   7.7427360E+01   0.0000000E+00
   7.7761098E+01   0.0000000E+00
   7.8094837E+01   0.0000000E+00
   7.8428575E+01   0.0000000E+00
   7.8762314E+01   0.0000000E+00
   7.9096053E+01   0.0000000E+00
   7.9429791E+01   0.0000000E+00
   7.9763530E+01   0.0000000E+00
   8.0097268E+01   0.0000000E+00
   8.0431007E+01   0.0000000E+00
   8.0764746E+01   0.0000000E+00
   8.1098484E+01   0.0000000E+00
   8.1432223E+01   0.0000000E+00
   8.1765961E+01   0.0000000E+00
   8.2099700E+01   0.0000000E+00
   8.2433439E+01   0.0000000E+00
   8.2767177E+01   0.0000000E+00
   8.3100916E+01   0.0000000E+00
   8.3434654E+01   0.0000000E+00
   8.3768393E+01   0.0000000E+00
   8.4102132E+01   0.0000000E+00
   8.4435870E+01   0.0000000E+00
   8.4769609E+01   0.0000000E+00
   8.5103347E+01   0.0000000E+00
   8.5437086E+01   0.0000000E+00
   8.5770825E+01   0.0000000E+00
   8.6104563E+01   0.0000000E+00
   8.6438302E+01   0.0000000E+00
   8.6772040E+01   0.0000000E+00
   8.7105779E+01   0.0000000E+00
   8.7439517E+01   0.0000000E+00
   8.7773256E+01   0.0000000E+00
   8.8106995E+01   0.0000000E+00
   8.8440733E+01   0.0000000E+00
   8.8774472E+01   0.0000000E+00
   8.9108210E+01   0.0000000E+00
   8.9441949E+01   0.0000000E+00
   8.9775688E+01   0.0000000E+00
   9.0109426E+01   0.0000000E+00
   9.0443165E+01   0.0000000E+00
   9.0776903E+01   0.0000000E+00
   9.1110642E+01   0.0000000E+00
   9.1444381E+01   0.0000000E+00
   9.1778119E+01   0.0000000E+00
   9.2111858E+01   0.0000000E+00
   9.2445596E+01   0.0000000E+00
   9.2779335E+01   0.0000000E+00
   9.3113074E+01   0.0000000E+00
   9.3446812E+01   0.0000000E+00
   9.3780551E+01   0.0000000E+00
   9.4114289E+01   0.0000000E+00
   9.4448028E+01   0.0000000E+00
   9.4781767E+01   0.0000000E+00
   9.5115505E+01   0.0000000E+00
   9.5449244E+01   0.0000000E+00
   9.5782982E+01   0.0000000E+00
   9.6116721E+01   0.0000000E+00
   9.6450460E+01   0.0000000E+00
   9.6784198E+01   0.0000000E+00
   9.7117937E+01   0.0000000E+00
   9.7451675E+01   0.0000000E+00
   9.7785414E+01   0.0000000E+00
   9.8119153E+01   0.0000000E+00
   9.8452891E+01   0.0000000E+00
   9.8786630E+01   0.0000000E+00
   9.9120368E+01   0.0000000E+00
   9.9454107E+01   0.0000000E+00
   9.9787846E+01   0.0000000E+00
   1.0012158E+02   0.0000000E+00
   1.0045532E+02   0.0000000E+00
   1.0078906E+02   0.0000000E+00
   1.0112280E+02   0.0000000E+00
   1.0145654E+02   0.0000000E+00
   1.0179028E+02   0.0000000E+00
   1.0212402E+02   0.0000000E+00
   1.0245775E+02   0.0000000E+00
   1.0279149E+02   0.0000000E+00
   1.0312523E+02   0.0000000E+00
   1.0345897E+02   0.0000000E+00
   1.0379271E+02   0.0000000E+00
   1.0412645E+02   0.0000000E+00
   1.0446019E+02   0.0000000E+00
   1.0479392E+02   0.0000000E+00
   1.0512766E+02   0.0000000E+00
   1.0546140E+02   0.0000000E+00
   1.0579514E+02   0.0000000E+00
   1.0612888E+02   0.0000000E+00
   1.0646262E+02   0.0000000E+00
   1.0679636E+02   0.0000000E+00
   1.0713009E+02   0.0000000E+00
   1.0746383E+02   0.0000000E+00
   1.0779757E+02   0.0000000E+00
   1.0813131E+02   0.0000000E+00
   1.0846505E+02   0.0000000E+00
   1.0879879E+02   0.0000000E+00
   1.0913253E+02   0.0000000E+00
   1.0946626E+02   0.0000000E+00
   1.0980000E+02   0.0000000E+00
   1.1013374E+02   0.0000000E+00
   1.1046748E+02   0.0000000E+00
   1.1080122E+02   0.0000000E+00
   1.1113496E+02   0.0000000E+00
   1.1146870E+02   0.0000000E+00
   1.1180243E+02   0.0000000E+00
   1.1213617E+02   0.0000000E+00
   1.1246991E+02   0.0000000E+00
   1.1280365E+02   0.0000000E+00
   1.1313739E+02   0.0000000E+00
   1.1347113E+02   0.0000000E+00
   1.1380487E+02   0.0000000E+00
   1.1413861E+02   0.0000000E+00
   1.1447234E+02   0.0000000E+00
   1.1480608E+02   0.0000000E+00
   1.1513982E+02   0.0000000E+00
   1.1547356E+02   0.0000000E+00
   1.1580730E+02   0.0000000E+00
   1.1614104E+02   0.0000000E+00
   1.1647478E+02   0.0000000E+00
   1.1680851E+02   0.0000000E+00
   1.1714225E+02   0.0000000E+00
   1.1747599E+02   0.0000000E+00
   1.1780973E+02   0.0000000E+00
   1.1814347E+02   0.0000000E+00
   1.1847721E+02   0.0000000E+00
   1.1881095E+02   0.0000000E+00
   1.1914468E+02   0.0000000E+00
   1.1947842E+02   0.0000000E+00
   1.1981216E+02   0.0000000E+00
   1.2014590E+02   0.0000000E+00
   1.2047964E+02   0.0000000E+00
   1.2081338E+02   0.0000000E+00
   1.2114712E+02   0.0000000E+00
   1.2148085E+02   0.0000000E+00
   1.2181459E+02   0.0000000E+00
   1.2214833E+02   0.0000000E+00
   1.2248207E+02   0.0000000E+00
   1.2281581E+02   0.0000000E+00
   1.2314955E+02   0.0000000E+00
   1.2348329E+02   0.0000000E+00
   1.2381702E+02   0.0000000E+00
   1.2415076E+02   0.0000000E+00
   1.2448450E+02   0.0000000E+00
   1.2481824E+02   0.0000000E+00
   1.2515198E+02   0.0000000E+00
   1.2548572E+02   0.0000000E+00
   1.2581946E+02   0.0000000E+00
   1.2615319E+02   0.0000000E+00
   1.2648693E+02   0.0000000E+00
   1.2682067E+02   0.0000000E+00
   1.2715441E+02   0.0000000E+00
   1.2748815E+02   0.0000000E+00
   1.2782189E+02   0.0000000E+00
   1.2815563E+02   0.0000000E+00
   1.2848936E+02   0.0000000E+00
   1.2882310E+02   0.0000000E+00
   1.2915684E+02   0.0000000E+00
   1.2949058E+02   0.0000000E+00
   1.2982432E+02   0.0000000E+00
   1.3015806E+02   0.0000000E+00
   1.3049180E+02   0.0000000E+00
   1.3082553E+02   0.0000000E+00
   1.3115927E+02   0.0000000E+00
   1.3149301E+02   0.0000000E+00
   1.3182675E+02   0.0000000E+00
   1.3216049E+02   0.0000000E+00
   1.3249423E+02   0.0000000E+00
   1.3282797E+02   0.0000000E+00
   1.3316171E+02   0.0000000E+00
   1.3349544E+02   0.0000000E+00
   1.3382918E+02   0.0000000E+00
   1.3416292E+02   0.0000000E+00
   1.3449666E+02   0.0000000E+00
   1.3483040E+02   0.0000000E+00
   1.3516414E+02   0.0000000E+00
   1.3549788E+02   0.0000000E+00
   1.3583161E+02   0.0000000E+00
   1.3616535E+02   0.0000000E+00
   1.3649909E+02   0.0000000E+00
   1.3683283E+02   0.0000000E+00
   1.3716657E+02   0.0000000E+00
   1.3750031E+02   0.0000000E+00
   1.3783405E+02   0.0000000E+00
   1.3816778E+02   0.0000000E+00
   1.3850152E+02   0.0000000E+00
   1.3883526E+02   0.0000000E+00
   1.3916900E+02   0.0000000E+00
   1.3950274E+02   0.0000000E+00
   1.3983648E+02   0.0000000E+00
   1.4017022E+02   0.0000000E+00
   1.4050395E+02   0.0000000E+00
   1.4083769E+02   0.0000000E+00
   1.4117143E+02   0.0000000E+00
   1.4150517E+02   0.0000000E+00
   1.4183891E+02   0.0000000E+00
   1.4217265E+02   0.0000000E+00
   1.4250639E+02   0.0000000E+00
   1.4284012E+02   0.0000000E+00
   1.4317386E+02   0.0000000E+00
   1.4350760E+02   0.0000000E+00
   1.4384134E+02   0.0000000E+00
   1.4417508E+02   0.0000000E+00
   1.4450882E+02   0.0000000E+00
   1.4484256E+02   0.0000000E+00
   1.4517629E+02   0.0000000E+00
   1.4551003E+02   0.0000000E+00
   1.4584377E+02   0.0000000E+00
   1.4617751E+02   0.0000000E+00
   1.4651125E+02   0.0000000E+00
   1.4684499E+02   0.0000000E+00
   1.4717873E+02   0.0000000E+00
   1.4751246E+02   0.0000000E+00
   1.4784620E+02   0.0000000E+00
   1.4817994E+02   0.0000000E+00
   1.4851368E+02   0.0000000E+00
   1.4884742E+02   0.0000000E+00
   1.4918116E+02   0.0000000E+00
   1.4951490E+02   0.0000000E+00
   1.4984863E+02   0.0000000E+00
   1.5018237E+02   0.0000000E+00
   1.5051611E+02   0.0000000E+00
   1.5084985E+02   0.0000000E+00
   1.5118359E+02   0.0000000E+00
   1.5151733E+02   0.0000000E+00
   1.5185107E+02   0.0000000E+00
   1.5218480E+02   0.0000000E+00
   1.5251854E+02   0.0000000E+00
   1.5285228E+02   0.0000000E+00
   1.5318602E+02  -1.4012985E-45
   1.5351976E+02  -1.4012985E-45
   1.5385350E+02  -4.2038954E-45
   1.5418724E+02  -4.2038954E-45
   1.5452098E+02  -4.2038954E-45
   1.5485471E+02  -1.4012985E-45
   1.5518845E+02  -1.4012985E-45
   1.5552219E+02   4.2038954E-45
   1.5585593E+02   1.1210388E-44
   1.5618967E+02   1.8216880E-44
   1.5652341E+02   2.5223372E-44
   1.5685715E+02   2.8025969E-44
   1.5719088E+02   2.8025969E-44
   1.5752462E+02   2.2420775E-44
   1.5785836E+02   1.2611686E-44
   1.5819210E+02   1.4012985E-45
   1.5852584E+02  -1.4012985E-44
   1.5885958E+02  -3.2229865E-44
   1.5919332E+02  -4.9045446E-44
   1.5952705E+02  -6.3058431E-44
   1.5986079E+02  -6.8663625E-44
   1.6019453E+02  -6.7262326E-44
   1.6052827E+02  -4.4841551E-44
   1.6086201E+02  -9.8090893E-45
   1.6119575E+02   2.6624671E-44
   1.6152949E+02   7.7071416E-44
   1.6186322E+02   1.2331426E-43
   1.6219696E+02   1.6535322E-43
   1.6253070E+02   1.9057659E-43
   1.6286444E+02   1.9758308E-43
   1.6319818E+02   1.8216880E-43
   1.6353192E+02   1.4012985E-43
   1.6386566E+02   7.1466222E-44
   1.6419939E+02  -1.4012985E-44
   1.6453313E+02  -1.1210388E-43
   1.6486687E+02  -2.0879347E-43
   1.6520061E+02  -2.9006878E-43
   1.6553435E+02  -3.3771293E-43
   1.6586809E+02  -3.3771293E-43
   1.6620183E+02  -2.8866748E-43
   1.6653556E+02  -1.7796490E-43
   1.6686930E+02  -1.4012985E-44
   1.6720304E+02   1.8917529E-43
   1.6753678E+02   4.1058045E-43
   1.6787052E+02   6.0816353E-43
   1.6820426E+02   7.4969468E-43
   1.6853800E+02   8.1555571E-43
   1.6887173E+02   7.6651026E-43
   1.6920547E+02   5.9975574E-43
   1.6953921E+02   3.0548307E-43
   1.6987295E+02  -8.4077908E-44
   1.7020669E+02  -5.3389471E-43
   1.7054043E+02  -9.8931672E-43
   1.7087417E+02  -1.3746738E-42
   1.7120790E+02  -1.6170984E-42
   1.7154164E+02  -1.6619400E-42
   1.7187538E+02  -1.4489426E-42
   1.7220912E+02  -9.7810633E-43
   1.7254286E+02  -2.7045060E-43
   1.7287660E+02   6.1797262E-43
   1.7321034E+02   1.5820660E-42
   1.7354408E+02   2.4845022E-42
   1.7387781E+02   3.1781449E-42
   1.7421155E+02   3.5200617E-42
   1.7454529E+02   3.3925436E-42
   1.7487903E+02   2.7311307E-42
   1.7521277E+02   1.5330205E-42
   1.7554651E+02  -1.0789998E-43
   1.7588025E+02  -2.0304815E-42
   1.7621398E+02  -3.9866941E-42
   1.7654772E+02  -5.6906731E-42
   1.7688146E+02  -6.8341326E-42
   1.7721520E+02  -7.1396157E-42
   1.7754894E+02  -6.4039340E-42
   1.7788268E+02  -4.5598252E-42
   1.7821642E+02  -1.6759530E-42
   1.7855015E+02   1.9926464E-42
   1.7888389E+02   6.0409977E-42
   1.7921763E+02   9.9211931E-42
   1.7955137E+02   1.3016661E-41
   1.7988511E+02   1.4713634E-41
   1.8021885E+02   1.4514649E-41
   1.8055259E+02   1.2101614E-41
   1.8088632E+02   7.4394935E-42
   1.8122006E+02   8.3377259E-43
   1.8155380E+02  -7.0751559E-42
   1.8188754E+02  -1.5340014E-41
   1.8222128E+02  -2.2775304E-41
   1.8255502E+02  -2.8131067E-41
   1.8288876E+02  -3.0237218E-41
   1.8322249E+02  -2.8192724E-41
   1.8355623E+02  -2.1588404E-41
   1.8388997E+02  -1.0592415E-41
   1.8422371E+02   3.9250370E-42
   1.8455745E+02   2.0416919E-41
   1.8489119E+02   3.6784085E-41
   1.8522493E+02   5.0565855E-41
   1.8555866E+02   5.9276326E-41
   1.8589240E+02   6.0733677E-41
   1.8622614E+02   5.3456734E-41
   1.8655988E+02   3.7012496E-41
   1.8689362E+02   1.2238941E-41
   1.8722736E+02  -1.8642875E-41
   1.8756110E+02  -5.2145118E-41
   1.8789483E+02  -8.3780833E-41
   1.8822857E+02  -1.0857120E-40
   1.8856231E+02  -1.2169717E-40
   1.8889605E+02  -1.1924069E-40
   1.8922979E+02  -9.8882626E-41
   1.8956353E+02  -6.0544501E-41
   1.8989727E+02  -6.7780807E-42
   1.9023100E+02   5.7193997E-41
   1.9056474E+02   1.2375567E-40
   1.9089848E+02   1.8363316E-40
   1.9123222E+02   2.2695850E-40
   1.9156596E+02   2.4462047E-40
   1.9189970E+02   2.2970365E-40
   1.9223344E+02   1.7887575E-40
   1.9256718E+02   9.3458200E-41
   1.9290091E+02  -1.9974108E-41
   1.9323465E+02  -1.4968530E-40
   1.9356839E+02  -2.7960108E-40
   1.9390213E+02  -3.9094826E-40
   1.9423587E+02  -4.6448980E-40
   1.9456961E+02  -4.8324338E-40
   1.9490335E+02  -4.3531337E-40
   1.9523708E+02  -3.1645803E-40
   1.9557082E+02  -1.3196308E-40
   1.9590456E+02   1.0253441E-40
   1.9623830E+02   3.6158545E-40
   1.9657204E+02   6.1195685E-40
   1.9690578E+02   8.1614425E-40
   1.9723952E+02   9.3703988E-40
   1.9757325E+02   9.4333311E-40
   1.9790699E+02   8.1499519E-40
   1.9824073E+02   5.4799318E-40
   1.9857447E+02   1.5755359E-40
   1.9890821E+02  -3.2084270E-40
   1.9924195E+02  -8.3318544E-40
   1.9957569E+02  -1.3116013E-39
   1.9990942E+02  -1.6817655E-39
   2.0024316E+02  -1.8724879E-39
   2.0057690E+02  -1.8264230E-39
   2.0091064E+02  -1.5105871E-39
   2.0124438E+02  -9.2513444E-40
   2.0157812E+02  -1.0886688E-40
   2.0191186E+02   8.5987738E-40
   2.0224559E+02   1.8678202E-39
   2.0257933E+02   2.7770919E-39
   2.0291307E+02   3.4408576E-39
   2.0324681E+02   3.7227596E-39
   2.0358055E+02   3.5182218E-39
   2.0391429E+02   2.7746985E-39
   2.0424803E+02   1.5079261E-39
   2.0458176E+02  -1.8880535E-40
   2.0491550E+02  -2.1449521E-39
   2.0524924E+02  -4.1240676E-39
   2.0558298E+02  -5.8464386E-39
   2.0591672E+02  -7.0217861E-39
   2.0625046E+02  -7.3889823E-39
   2.0658420E+02  -6.7583013E-39
   2.0691793E+02  -5.0506930E-39
   2.0725167E+02  -2.3278650E-39
   2.0758541E+02   1.1925709E-39
   2.0791915E+02   5.1417228E-39
   2.0825289E+02   9.0263646E-39
   2.0858663E+02   1.2278340E-38
   2.0892037E+02   1.4323074E-38
   2.0925410E+02   1.4660724E-38
   2.0958784E+02   1.2950597E-38
   2.0992158E+02   9.0871963E-39
   2.1025532E+02   3.2557096E-39
   2.1058906E+02  -4.0446070E-39
   2.1092280E+02  -1.2018012E-38
   2.1125654E+02  -1.9635357E-38
   2.1159027E+02  -2.5741486E-38
   2.1192401E+02  -2.9199265E-38
   2.1225775E+02  -2.9055840E-38
   2.1259149E+02  -2.4711201E-38
   2.1292523E+02  -1.6065247E-38
   2.1325897E+02  -3.6185268E-39
   2.1359271E+02   1.1495864E-38
   2.1392645E+02   2.7565744E-38
   2.1426018E+02   4.2445748E-38
   2.1459392E+02   5.3790848E-38
   2.1492766E+02   5.9358969E-38
   2.1526140E+02   5.7351385E-38
   2.1559514E+02   4.6748236E-38
   2.1592888E+02   2.7590149E-38
   2.1626262E+02   1.1560026E-39
   2.1659635E+02  -3.0006839E-38
   2.1693009E+02  -6.2229849E-38
   2.1726383E+02  -9.1057776E-38
   2.1759757E+02  -1.1175452E-37
   2.1793131E+02  -1.1993718E-37
   2.1826505E+02  -1.1226901E-37
   2.1859879E+02  -8.7121567E-38
   2.1893252E+02  -4.5104757E-38
   2.1926626E+02   1.0634373E-38
   2.1960000E+02   7.4427631E-38
   2.1993374E+02   1.3846865E-37
   2.2026748E+02   1.9357086E-37
   2.2060122E+02   2.3025614E-37
   2.2093496E+02   2.4007312E-37
   2.2126869E+02   2.1699486E-37
   2.2160243E+02   1.5870656E-37
   2.2193617E+02   6.7578218E-38
   2.2226991E+02  -4.8872806E-38
   2.2260365E+02  -1.7818485E-37
   2.2293739E+02  -3.0390514E-37
   2.2327113E+02  -4.0728419E-37
   2.2360486E+02  -4.6959359E-37
   2.2393860E+02  -4.7483741E-37
   2.2427234E+02  -4.1253231E-37
   2.2460608E+02  -2.8016501E-37
   2.2493982E+02  -8.4915060E-38
   2.2527356E+02   1.5573195E-37
   2.2560730E+02   4.1475919E-37
   2.2594103E+02   6.5790591E-37
   2.2627477E+02   8.4739213E-37
   2.2660851E+02   9.4678711E-37
   2.2694225E+02   9.2650590E-37
   2.2727599E+02   7.6924829E-37
   2.2760973E+02   4.7457724E-37
   2.2794347E+02   6.1828965E-38
   2.2827720E+02  -4.2934798E-37
   2.2861094E+02  -9.4130505E-37
   2.2894468E+02  -1.4037002E-36
   2.2927842E+02  -1.7415346E-36
   2.2961216E+02  -1.8852116E-36
   2.2994590E+02  -1.7814996E-36
   2.3027964E+02  -1.4039595E-36
   2.3061337E+02  -7.6124263E-37
   2.3094711E+02   9.8308441E-38
   2.3128085E+02   1.0870299E-36
   2.3161459E+02   2.0840548E-36
   2.3194833E+02   2.9472459E-36
   2.3228207E+02   3.5301841E-36
   2.3261581E+02   3.7025776E-36
   2.3294955E+02   3.3717273E-36
   2.3328328E+02   2.5020852E-36
   2.3361702E+02   1.1297960E-36
   2.3395076E+02  -6.3072951E-37
   2.3428450E+02  -2.5904521E-36
   2.3461824E+02  -4.5007070E-36
   2.3495198E+02  -6.0792530E-36
   2.3528572E+02  -7.0454155E-36
   2.3561945E+02  -7.1607236E-36
   2.3595319E+02  -6.2700750E-36
   2.3628693E+02  -4.3375605E-36
   2.3662067E+02  -1.4709383E-36
   2.3695441E+02   2.0706271E-36
   2.3728815E+02   5.8893548E-36
   2.3762189E+02   9.4836393E-36
   2.3795562E+02   1.2303362E-35
   2.3828936E+02   1.3821036E-35
   2.3862310E+02   1.3611080E-35
   2.3895684E+02   1.1427128E-35
   2.3929058E+02   7.2658982E-36
   2.3962432E+02   1.4063372E-36
   2.3995806E+02  -5.5855095E-36
   2.4029179E+02  -1.2892062E-35
   2.4062553E+02  -1.9521440E-35
   2.4095927E+02  -2.4421868E-35
   2.4129301E+02  -2.6622680E-35
   2.4162675E+02  -2.5385837E-35
   2.4196049E+02  -2.0347909E-35
   2.4229423E+02  -1.1630608E-35
   2.4262796E+02   1.0078318E-37
   2.4296170E+02   1.3647705E-35
   2.4329544E+02   2.7366421E-35
   2.4362918E+02   3.9333456E-35
   2.4396292E+02   4.7576627E-35
   2.4429666E+02   5.0348748E-35
   2.4463040E+02   4.6411433E-35
   2.4496413E+02   3.5289953E-35
   2.4529787E+02   1.7458294E-35
   2.4563161E+02  -5.5827939E-36
   2.4596535E+02  -3.1362181E-35
   2.4629909E+02  -5.6641769E-35
   2.4663283E+02  -7.7760203E-35
   2.4696657E+02  -9.1089281E-35
   2.4730030E+02  -9.3554955E-35
   2.4763404E+02  -8.3158500E-35
   2.4796778E+02  -5.9423530E-35
   2.4830152E+02  -2.3693943E-35
   2.4863526E+02   2.0782077E-35
   2.4896900E+02   6.9026245E-35
   2.4930274E+02   1.1477652E-34
   2.4963647E+02   1.5118290E-34
   2.4997021E+02   1.7169117E-34
   2.5030395E+02   1.7101675E-34
   2.5063769E+02   1.4608410E-34
   2.5097143E+02   9.6792512E-35
   2.5130517E+02   2.6474208E-35
   2.5163891E+02  -5.8066597E-35
   2.5197264E+02  -1.4700080E-34
   2.5230638E+02  -2.2841678E-34
   2.5264012E+02  -2.8969744E-34
   2.5297386E+02  -3.1920078E-34
   2.5330760E+02  -3.0805090E-34
   2.5364134E+02  -2.5180184E-34
   2.5397508E+02  -1.5171977E-34
   2.5430882E+02  -1.5446623E-35
   2.5464255E+02   1.4314058E-34
   2.5497629E+02   3.0497136E-34
   2.5531003E+02   4.4771017E-34
   2.5564377E+02   5.4842799E-34
   2.5597751E+02   5.8674860E-34
   2.5631125E+02   5.4809550E-34
   2.5664499E+02   4.2659351E-34
   2.5697872E+02   2.2717051E-34
   2.5731246E+02  -3.3558665E-35
   2.5764620E+02  -3.2792270E-34
   2.5797994E+02  -6.1947216E-34
   2.5831368E+02  -8.6682257E-34
   2.5864742E+02  -1.0287489E-33
   2.5898116E+02  -1.0699958E-33
   2.5931489E+02  -9.6709298E-34
   2.5964863E+02  -7.1335738E-34
   2.5998237E+02  -3.2226820E-34
   2.6031611E+02   1.7149650E-34
   2.6064985E+02   7.1383851E-34
   2.6098359E+02   1.2359907E-33
   2.6131733E+02   1.6620017E-33
   2.6165106E+02   1.9183004E-33
   2.6198480E+02   1.9443013E-33
   2.6231854E+02   1.7027227E-33
   2.6265228E+02   1.1881381E-33
   2.6298602E+02   4.3231950E-34
   2.6331976E+02  -4.9482490E-34
   2.6365350E+02  -1.4894751E-33
   2.6398723E+02  -2.4234307E-33
   2.6432097E+02  -3.1583770E-33
   2.6465471E+02  -3.5635795E-33
   2.6498845E+02  -3.5350414E-33
   2.6532219E+02  -3.0136870E-33
   2.6565593E+02  -1.9999108E-33
   2.6598967E+02  -5.6199159E-34
   2.6632340E+02   1.1636511E-33
   2.6665714E+02   2.9815413E-33
   2.6699088E+02   4.6556108E-33
   2.6732462E+02   5.9358226E-33
   2.6765836E+02   6.5904311E-33
   2.6799210E+02   6.4402375E-33
   2.6832584E+02   5.3904365E-33
   2.6865957E+02   3.4553649E-33
   2.6899331E+02   7.7180406E-34
   2.6932705E+02  -2.4025580E-33
   2.6966079E+02  -5.7073079E-33
   2.6999453E+02  -8.7139382E-33
   2.7032827E+02  -1.0974463E-32
   2.7066201E+02  -1.2079306E-32
   2.7099574E+02  -1.1717896E-32
   2.7132948E+02  -9.7340953E-33
   2.7166322E+02  -6.1683023E-33
   2.7199696E+02  -1.2787634E-33
   2.7233070E+02   4.4635846E-33
   2.7266444E+02   1.0409548E-32
   2.7299818E+02   1.5794631E-32
   2.7333192E+02   1.9825850E-32
   2.7366565E+02   2.1783847E-32
   2.7399939E+02   2.1128694E-32
   2.7433313E+02   1.7595587E-32
   2.7466687E+02   1.1266421E-32
   2.7500061E+02   2.6044846E-33
   2.7533435E+02  -7.5571378E-33
   2.7566809E+02  -1.8077842E-32
   2.7600182E+02  -2.7620702E-32
   2.7633556E+02  -3.4804028E-32
   2.7666930E+02  -3.8378260E-32
   2.7700304E+02  -3.7407968E-32
   2.7733678E+02  -3.1435352E-32
   2.7767052E+02  -2.0601285E-32
   2.7800426E+02  -5.7025137E-33
   2.7833799E+02   1.1830606E-32
   2.7867173E+02   3.0042691E-32
   2.7900547E+02   4.6644724E-32
   2.7933921E+02   5.9273062E-32
   2.7967295E+02   6.5790397E-32
   2.8000669E+02   6.4593844E-32
   2.8034043E+02   5.4890702E-32
   2.8067416E+02   3.6901254E-32
   2.8100790E+02   1.1953389E-32
   2.8134164E+02  -1.7556806E-32
   2.8167538E+02  -4.8349305E-32
   2.8200912E+02  -7.6582470E-32
   2.8234286E+02  -9.8287773E-32
   2.8267660E+02  -1.0987283E-31
   2.8301033E+02  -1.0863538E-31
   2.8334407E+02  -9.3221545E-32
   2.8367781E+02  -6.3961880E-32
   2.8401155E+02  -2.3026753E-32
   2.8434529E+02   2.5640791E-32
   2.8467903E+02   7.6631652E-32
   2.8501277E+02   1.2360483E-31
   2.8534650E+02   1.6000563E-31
   2.8568024E+02   1.7989516E-31
   2.8601398E+02   1.7879551E-31
   2.8634772E+02   1.5444167E-31
   2.8668146E+02   1.0733150E-31
   2.8701520E+02   4.0977798E-32
   2.8734894E+02  -3.8203957E-32
   2.8768267E+02  -1.2139956E-31
   2.8801641E+02  -1.9827049E-31
   2.8835015E+02  -2.5812673E-31
   2.8868389E+02  -2.9127871E-31
   2.8901763E+02  -2.9041185E-31
   2.8935137E+02  -2.5180709E-31
   2.8968511E+02  -1.7623051E-31
   2.9001884E+02  -6.9338298E-32
   2.9035258E+02   5.8509779E-32
   2.9068632E+02   1.9307079E-31
   2.9102006E+02   3.1763665E-31
   2.9135380E+02   4.1493178E-31
   2.9168754E+02   4.6929642E-31
   2.9202128E+02   4.6890235E-31
   2.9235501E+02   4.0771612E-31
   2.9268875E+02   2.8692599E-31
   2.9302249E+02   1.1558681E-31
   2.9335623E+02  -8.9687292E-32
   2.9368997E+02  -3.0604722E-31
   2.9402371E+02  -5.0669049E-31
   2.9435745E+02  -6.6390661E-31
   2.9469119E+02  -7.5257565E-31
   2.9502492E+02  -7.5371245E-31
   2.9535866E+02  -6.5760032E-31
   2.9569240E+02  -4.6606320E-31
   2.9602614E+02  -1.9348478E-31
   2.9635988E+02   1.3369271E-31
   2.9669362E+02   4.7909134E-31
   2.9702736E+02   8.0003920E-31
   2.9736109E+02   1.0524243E-30
   2.9769483E+02   1.1962584E-30
   2.9802857E+02   1.2013050E-30
   2.9836231E+02   1.0520468E-30
   2.9869605E+02   7.5127353E-31
   2.9902979E+02   3.2168174E-31
   2.9936353E+02  -1.9494168E-31
   2.9969726E+02  -7.4109944E-31
   3.0003100E+02  -1.2493628E-30
   3.0036474E+02  -1.6500552E-30
   3.0069848E+02  -1.8800437E-30
   3.0103222E+02  -1.8916175E-30
   3.0136596E+02  -1.6602996E-30
   3.0169970E+02  -1.1904812E-30
   3.0203343E+02  -5.1789498E-31
   3.0236717E+02   2.9170936E-31
   3.0270091E+02   1.1479270E-30
   3.0303465E+02   1.9448232E-30
   3.0336839E+02   2.5730334E-30
   3.0370213E+02   2.9335786E-30
   3.0403587E+02   2.9517882E-30
   3.0436960E+02   2.5895260E-30
   3.0470334E+02   1.8539605E-30
   3.0503708E+02   8.0137851E-31
   3.0537082E+02  -4.6496952E-31
   3.0570456E+02  -1.8033409E-30
   3.0603830E+02  -3.0478402E-30
   3.0637204E+02  -4.0273862E-30
   3.0670577E+02  -4.5873244E-30
   3.0703951E+02  -4.6111570E-30
   3.0737325E+02  -4.0395914E-30
   3.0770699E+02  -2.8841617E-30
   3.0804073E+02  -1.2330910E-30
   3.0837447E+02   7.5214725E-31
   3.0870821E+02   2.8501029E-30
   3.0904194E+02   4.8017278E-30
   3.0937568E+02   6.3399244E-30
   3.0970942E+02   7.2231476E-30
   3.1004316E+02   7.2691713E-30
   3.1037690E+02   6.3846368E-30
   3.1071064E+02   4.5861733E-30
   3.1104438E+02   2.0094909E-30
   3.1137811E+02  -1.0959230E-30
   3.1171185E+02  -4.3872850E-30
   3.1204559E+02  -7.4630417E-30
   3.1237933E+02  -9.9084198E-30
   3.1271307E+02  -1.1347207E-29
   3.1304681E+02  -1.1493766E-29
   3.1338055E+02  -1.0198566E-29
   3.1371429E+02  -7.4807919E-30
   3.1404802E+02  -3.5425330E-30
   3.1438176E+02   1.2390315E-30
   3.1471550E+02   6.3426199E-30
   3.1504924E+02   1.1155253E-29
   3.1538298E+02   1.5041439E-29
   3.1571672E+02   1.7421860E-29
   3.1605046E+02   1.7852420E-29
   3.1638419E+02   1.6093504E-29
   3.1671793E+02   1.2159735E-29
   3.1705167E+02   6.3419293E-30
   3.1738541E+02  -8.0408121E-31
   3.1771915E+02  -8.5034697E-30
   3.1805289E+02  -1.5840611E-29
   3.1838663E+02  -2.1862392E-29
   3.1872036E+02  -2.5695757E-29
   3.1905410E+02  -2.6665746E-29
   3.1938784E+02  -2.4398952E-29
   3.1972158E+02  -1.8897845E-29
   3.2005532E+02  -1.0573879E-29
   3.2038906E+02  -2.3135720E-31
   3.2072280E+02   1.1000197E-29
   3.2105653E+02   2.1781112E-29
   3.2139027E+02   3.0713611E-29
   3.2172401E+02   3.6514554E-29
   3.2205775E+02   3.8188663E-29
   3.2239149E+02   3.5180041E-29
   3.2272523E+02   2.7480787E-29
   3.2305897E+02   1.5679026E-29
   3.2339270E+02   9.3493827E-31
   3.2372644E+02  -1.5118246E-29
   3.2406018E+02  -3.0542213E-29
   3.2439392E+02  -4.3314839E-29
   3.2472766E+02  -5.1581038E-29
   3.2506140E+02  -5.3903643E-29
   3.2539514E+02  -4.9482403E-29
   3.2572887E+02  -3.8310177E-29
   3.2606261E+02  -2.1241352E-29
   3.2639635E+02   4.3721619E-32
   3.2673009E+02   2.3182401E-29
   3.2706383E+02   4.5372316E-29
   3.2739757E+02   6.3690112E-29
   3.2773131E+02   7.5452085E-29
   3.2806504E+02   7.8574662E-29
   3.2839878E+02   7.1888694E-29
   3.2873252E+02   5.5364251E-29
   3.2906626E+02   3.0210348E-29
   3.2940000E+02  -1.1734134E-30
   3.2973374E+02  -3.5398243E-29
   3.3006748E+02  -6.8428146E-29
   3.3040121E+02  -9.6030021E-29
   3.3073495E+02  -1.1428409E-28
   3.3106869E+02  -1.2009548E-28
   3.3140243E+02  -1.1164319E-28
   3.3173617E+02  -8.8705854E-29
   3.3206991E+02  -5.2814837E-29
   3.3240365E+02  -7.2029569E-30
   3.3273739E+02   4.3459464E-29
   3.3307112E+02   9.3523597E-29
   3.3340486E+02   1.3697351E-28
   3.3373860E+02   1.6812492E-28
   3.3407234E+02   1.8233198E-28
   3.3440608E+02   1.7661582E-28
   3.3473982E+02   1.5013344E-28
   3.3507356E+02   1.0441964E-28
   3.3540729E+02   4.3359015E-29
   3.3574103E+02  -2.7125246E-29
   3.3607477E+02  -9.9644101E-29
   3.3640851E+02  -1.6612280E-28
   3.3674225E+02  -2.1870588E-28
   3.3707599E+02  -2.5068439E-28
   3.3740973E+02  -2.5733578E-28
   3.3774346E+02  -2.3657021E-28
   3.3807720E+02  -1.8929811E-28
   3.3841094E+02  -1.1946097E-28
   3.3874468E+02  -3.3707241E-29
   3.3907842E+02   5.9262712E-29
   3.3941216E+02   1.4961799E-28
   3.3974590E+02   2.2748473E-28
   3.4007963E+02   2.8407679E-28
   3.4041337E+02   3.1273501E-28
   3.4074711E+02   3.0974941E-28
   3.4108085E+02   2.7485709E-28
   3.4141459E+02   2.1134972E-28
   3.4174833E+02   1.2576388E-28
   3.4208207E+02   2.7182915E-29
   3.4241580E+02  -7.3776382E-29
   3.4274954E+02  -1.6617766E-28
   3.4308328E+02  -2.4003681E-28
   3.4341702E+02  -2.8749967E-28
   3.4375076E+02  -3.0378143E-28
   3.4408450E+02  -2.8774773E-28
   3.4441824E+02  -2.4206246E-28
   3.4475197E+02  -1.7287536E-28
   3.4508571E+02  -8.9079990E-29
   3.4541945E+02  -1.2268294E-30
   3.4575319E+02   7.9781744E-29
   3.4608693E+02   1.4405598E-28
   3.4642067E+02   1.8397718E-28
   3.4675441E+02   1.9519009E-28
   3.4708814E+02   1.7720317E-28
   3.4742188E+02   1.3351313E-28
   3.4775562E+02   7.1227871E-29
   3.4808936E+02   2.2066342E-31
   3.4842310E+02  -6.8088617E-29
   3.4875684E+02  -1.2219291E-28
   3.4909058E+02  -1.5202176E-28
   3.4942431E+02  -1.5034996E-28
   3.4975805E+02  -1.1391840E-28
   3.5009179E+02  -4.4122297E-29
   3.5042553E+02   5.2831918E-29
   3.5075927E+02   1.6633854E-28
   3.5109301E+02   2.8235315E-28
   3.5142675E+02   3.8481746E-28
   3.5176048E+02   4.5741231E-28
   3.5209422E+02   4.8546122E-28
   3.5242796E+02   4.5779143E-28
   3.5276170E+02   3.6835006E-28
   3.5309544E+02   2.1739558E-28
   3.5342918E+02   1.2117024E-29
   3.5376292E+02  -2.3341245E-28
   3.5409666E+02  -4.9898933E-28
   3.5443039E+02  -7.5971239E-28
   3.5476413E+02  -9.8800572E-28
   3.5509787E+02  -1.1560828E-27
   3.5543161E+02  -1.2386611E-27
   3.5576535E+02  -1.2156924E-27
   3.5609909E+02  -1.0748638E-27
   3.5643283E+02  -8.1362259E-28
   3.5676656E+02  -4.4049730E-28
   3.5710030E+02   2.4469409E-29
   3.5743404E+02   5.5031127E-28
   3.5776778E+02   1.0967868E-27
   3.5810152E+02   1.6170626E-27
   3.5843526E+02   2.0612907E-27
   3.5876900E+02   2.3808375E-27
   3.5910273E+02   2.5328667E-27
   3.5943647E+02   2.4848583E-27
   3.5977021E+02   2.2186611E-27
   3.6010395E+02   1.7336193E-27
   3.6043769E+02   1.0484034E-27
   3.6077143E+02   2.0121414E-28
   3.6110517E+02  -7.5181015E-28
   3.6143890E+02  -1.7400037E-27
   3.6177264E+02  -2.6832410E-27
   3.6210638E+02  -3.4983019E-27
   3.6244012E+02  -4.1060291E-27
   3.6277386E+02  -4.4386376E-27
   3.6310760E+02  -4.4464418E-27
   3.6344134E+02  -4.1033247E-27
   3.6377507E+02  -3.4103424E-27
   3.6410881E+02  -2.3969899E-27
   3.6444255E+02  -1.1199720E-27
   3.6477629E+02   3.4051558E-28
   3.6511003E+02   1.8866244E-27
   3.6544377E+02   3.4102411E-27
   3.6577751E+02   4.8011716E-27
   3.6611124E+02   5.9552650E-27
   3.6644498E+02   6.7817186E-27
   3.6677872E+02   7.2088151E-27
   3.6711246E+02   7.1877570E-27
   3.6744620E+02   6.6944385E-27
   3.6777994E+02   5.7293816E-27
   3.6811368E+02   4.3163842E-27
   3.6844741E+02   2.5004763E-27
   3.6878115E+02   3.4605148E-28
   3.6911489E+02  -2.0642699E-27
   3.6944863E+02  -4.6296217E-27
   3.6978237E+02  -7.2298717E-27
   3.7011611E+02  -9.7240842E-27
   3.7044985E+02  -1.1949534E-26
   3.7078358E+02  -1.3722750E-26
   3.7111732E+02  -1.4844119E-26
   3.7145106E+02  -1.5107552E-26
   3.7178480E+02  -1.4316203E-26
   3.7211854E+02  -1.2304352E-26
   3.7245228E+02  -8.9646092E-27
   3.7278602E+02  -4.2780458E-27
   3.7311976E+02   1.6560176E-27
   3.7345349E+02   8.5953614E-27
   3.7378723E+02   1.6140217E-26
   3.7412097E+02   2.3733913E-26
   3.7445471E+02   3.0682924E-26
   3.7478845E+02   3.6198907E-26
   3.7512219E+02   3.9462933E-26
   3.7545593E+02   3.9708910E-26
   3.7578966E+02   3.6320185E-26
   3.7612340E+02   2.8929930E-26
   3.7645714E+02   1.7513760E-26
   3.7679088E+02   2.4613647E-27
   3.7712462E+02  -1.5385848E-26
   3.7745836E+02  -3.4742128E-26
   3.7779210E+02  -5.3937317E-26
   3.7812583E+02  -7.1031674E-26
   3.7845957E+02  -8.3981399E-26
   3.7879331E+02  -9.0843552E-26
   3.7912705E+02  -9.0002866E-26
   3.7946079E+02  -8.0397067E-26
   3.7979453E+02  -6.1714376E-26
   3.8012827E+02  -3.4535902E-26
   3.8046200E+02  -3.9886317E-28
   3.8079574E+02   3.8237604E-26
   3.8112948E+02   7.8133221E-26
   3.8146322E+02   1.1551088E-25
   3.8179696E+02   1.4639088E-25
   3.8213070E+02   1.6698647E-25
   3.8246444E+02   1.7412476E-25
   3.8279817E+02   1.6564728E-25
   3.8313191E+02   1.4074413E-25
   3.8346565E+02   1.0017711E-25
   3.8379939E+02   4.6356866E-26
   3.8413313E+02  -1.6750337E-26
   3.8446687E+02  -8.3889681E-26
   3.8480061E+02  -1.4894638E-25
   3.8513434E+02  -2.0550223E-25
   3.8546808E+02  -2.4747151E-25
   3.8580182E+02  -2.6975126E-25
   3.8613556E+02  -2.6882025E-25
   3.8646930E+02  -2.4321637E-25
   3.8680304E+02  -1.9383289E-25
   3.8713678E+02  -1.2399135E-25
   3.8747051E+02  -3.9265662E-26
   3.8780425E+02   5.2939494E-26
   3.8813799E+02   1.4402732E-25
   3.8847173E+02   2.2501451E-25
   3.8880547E+02   2.8743084E-25
   3.8913921E+02   3.2422706E-25
   3.8947295E+02   3.3059962E-25
   3.8980668E+02   3.0464595E-25
   3.9014042E+02   2.4777073E-25
   3.9047416E+02   1.6478646E-25
   3.9080790E+02   6.3675761E-26
   3.9114164E+02  -4.4992173E-26
   3.9147538E+02  -1.4896185E-25
   3.9180912E+02  -2.3545509E-25
   3.9214285E+02  -2.9251470E-25
   3.9247659E+02  -3.1041825E-25
   3.9281033E+02  -2.8303910E-25
   3.9314407E+02  -2.0901659E-25
   3.9347781E+02  -9.2595815E-26
   3.9381155E+02   5.5994549E-26
   3.9414529E+02   2.2073953E-25
   3.9447903E+02   3.8069318E-25
   3.9481276E+02   5.1152453E-25
   3.9514650E+02   5.8772967E-25
   3.9548024E+02   5.8541900E-25
   3.9581398E+02   4.8548936E-25
   3.9614772E+02   2.7693938E-25
   3.9648146E+02  -4.0026192E-26
   3.9681520E+02  -4.5148225E-25
   3.9714893E+02  -9.2829434E-25
   3.9748267E+02  -1.4260564E-24
   3.9781641E+02  -1.8868024E-24
   3.9815015E+02  -2.2427130E-24
   3.9848389E+02  -2.4218515E-24
   3.9881763E+02  -2.3557311E-24
   3.9915137E+02  -1.9882525E-24
   3.9948510E+02  -1.2852676E-24
   3.9981884E+02  -2.4378299E-25
   4.0015258E+02   1.1003925E-24
   4.0048632E+02   2.6677953E-24
   4.0082006E+02   4.3344980E-24
   4.0115380E+02   5.9363081E-24
   4.0148754E+02   7.2786326E-24
   4.0182127E+02   8.1520460E-24
   4.0215501E+02   8.3529815E-24
   4.0248875E+02   7.7082202E-24
   4.0282249E+02   6.1010502E-24
   4.0315623E+02   3.4964500E-24
   4.0348997E+02  -3.7901019E-26
   4.0382371E+02  -4.3180645E-24
   4.0415744E+02  -9.0408035E-24
   4.0449118E+02  -1.3793536E-23
   4.0482492E+02  -1.8078622E-23
   4.0515866E+02  -2.1352022E-23
   4.0549240E+02  -2.3074581E-23
   4.0582614E+02  -2.2772417E-23
   4.0615988E+02  -2.0101264E-23
   4.0649361E+02  -1.4908018E-23
   4.0682735E+02  -7.2820697E-24
   4.0716109E+02   2.4113949E-24
   4.0749483E+02   1.3523020E-23
   4.0782857E+02   2.5141218E-23
   4.0816231E+02   3.6147109E-23
   4.0849605E+02   4.5301937E-23
   4.0882978E+02   5.1362412E-23
   4.0916352E+02   5.3215503E-23
   4.0949726E+02   5.0020720E-23
   4.0983100E+02   4.1344677E-23
   4.1016474E+02   2.7271584E-23
   4.1049848E+02   8.4731337E-24
   4.1083222E+02  -1.3776435E-23
   4.1116595E+02  -3.7650365E-23
   4.1149969E+02  -6.0888677E-23
   4.1183343E+02  -8.0983665E-23
   4.1216717E+02  -9.5420249E-23
   4.1250091E+02  -1.0195186E-22
   4.1283465E+02  -9.8885393E-23
   4.1316839E+02  -8.5344110E-23
   4.1350213E+02  -6.1475324E-23
   4.1383586E+02  -2.8571018E-23
   4.1416960E+02   1.0924206E-23
   4.1450334E+02   5.3534562E-23
   4.1483708E+02   9.5007555E-23
   4.1517082E+02   1.3069078E-22
   4.1550456E+02   1.5600390E-22
   4.1583830E+02   1.6696523E-22
   4.1617203E+02   1.6071954E-22
   4.1650577E+02   1.3600710E-22
   4.1683951E+02   9.3512771E-23
   4.1717325E+02   3.6039388E-23
   4.1750699E+02  -3.1537627E-23
   4.1784073E+02  -1.0255800E-22
   4.1817447E+02  -1.6910651E-22
   4.1850820E+02  -2.2275746E-22
   4.1884194E+02  -2.5547804E-22
   4.1917568E+02  -2.6061150E-22
   4.1950942E+02  -2.3383937E-22
   4.1984316E+02  -1.7401312E-22
   4.2017690E+02  -8.3743845E-23
   4.2051064E+02   3.0349909E-23
   4.2084437E+02   1.5781290E-22
   4.2117811E+02   2.8498513E-22
   4.2151185E+02   3.9609345E-22
   4.2184559E+02   4.7475290E-22
   4.2217933E+02   5.0577460E-22
   4.2251307E+02   4.7713110E-22
   4.2284681E+02   3.8188400E-22
   4.2318054E+02   2.1985740E-22
   4.2351428E+02  -1.1754974E-24
   4.2384802E+02  -2.6500885E-22
   4.2418176E+02  -5.4740419E-22
   4.2451550E+02  -8.1749002E-22
   4.2484924E+02  -1.0401878E-21
   4.2518298E+02  -1.1795808E-21
   4.2551671E+02  -1.2030187E-21
   4.2585045E+02  -1.0856204E-21
   4.2618419E+02  -8.1472595E-22
   4.2651793E+02  -3.9375425E-22
   4.2685167E+02   1.5512025E-22
   4.2718541E+02   7.9003867E-22
   4.2751915E+02   1.4507566E-21
   4.2785288E+02   2.0624723E-21
   4.2818662E+02   2.5422415E-21
   4.2852036E+02   2.8077010E-21
   4.2885410E+02   2.7874878E-21
   4.2918784E+02   2.4323573E-21
   4.2952158E+02   1.7257124E-21
   4.2985532E+02   6.9204180E-22
   4.3018905E+02  -5.9829140E-22
   4.3052279E+02  -2.0293010E-21
   4.3085653E+02  -3.4456960E-21
   4.3119027E+02  -4.6656771E-21
   4.3152401E+02  -5.4998201E-21
   4.3185775E+02  -5.7747425E-21
   4.3219149E+02  -5.3592983E-21
   4.3252522E+02  -4.1902256E-21
   4.3285896E+02  -2.2935945E-21
   4.3319270E+02   2.0175132E-22
   4.3352644E+02   3.0622594E-21
   4.3386018E+02   5.9618073E-21
   4.3419392E+02   8.5090397E-21
   4.3452766E+02   1.0289104E-20
   4.3486140E+02   1.0916774E-20
   4.3519513E+02   1.0095739E-20
   4.3552887E+02   7.6769259E-21
   4.3586261E+02   3.7074595E-21
   4.3619635E+02  -1.5384975E-21
   4.3653009E+02  -7.5548263E-21
   4.3686383E+02  -1.3630153E-20
   4.3719757E+02  -1.8908442E-20
   4.3753130E+02  -2.2481321E-20
   4.3786504E+02  -2.3505171E-20
   4.3819878E+02  -2.1331085E-20
   4.3853252E+02  -1.5631841E-20
   4.3886626E+02  -6.5075357E-21
   4.3920000E+02   5.4488625E-21
   4.3953374E+02   1.9142399E-20
   4.3986747E+02   3.3034912E-20
   4.4020121E+02   4.5275534E-20
   4.4053495E+02   5.3897379E-20
   4.4086869E+02   5.7064670E-20
   4.4120243E+02   5.3344700E-20
   4.4153617E+02   4.1971351E-20
   4.4186991E+02   2.3062266E-20
   4.4220364E+02  -2.2477696E-21
   4.4253738E+02  -3.1789378E-20
   4.4287112E+02  -6.2478296E-20
   4.4320486E+02  -9.0577705E-20
   4.4353860E+02  -1.1208977E-19
   4.4387234E+02  -1.2324324E-19
   4.4420608E+02  -1.2102530E-19
   4.4453981E+02  -1.0369198E-19
   4.4487355E+02  -7.1184669E-20
   4.4520729E+02  -2.5382489E-20
   4.4554103E+02   2.9867708E-20
   4.4587477E+02   8.8979411E-20
   4.4620851E+02   1.4511823E-19
   4.4654225E+02   1.9092762E-19
   4.4687598E+02   2.1942294E-19
   4.4720972E+02   2.2495616E-19
   4.4754346E+02   2.0413070E-19
   4.4787720E+02   1.5653775E-19
   4.4821094E+02   8.5191461E-20
   4.4854468E+02  -3.4327281E-21
   4.4887842E+02  -9.9811581E-20
   4.4921215E+02  -1.9223977E-19
   4.4954589E+02  -2.6808681E-19
   4.4987963E+02  -3.1532427E-19
   4.5021337E+02  -3.2415207E-19
   4.5054711E+02  -2.8851853E-19
   4.5088085E+02  -2.0732142E-19
   4.5121459E+02  -8.5094984E-20
   4.5154832E+02   6.7964209E-20
   4.5188206E+02   2.3670634E-19
   4.5221580E+02   4.0245708E-19
   4.5254954E+02   5.4505298E-19
   4.5288328E+02   6.4527884E-19
   4.5321702E+02   6.8742969E-19
   4.5355076E+02   6.6167635E-19
   4.5388450E+02   5.6590900E-19
   4.5421823E+02   4.0677511E-19
   4.5455197E+02   1.9970234E-19
   4.5488571E+02  -3.2182997E-20
   4.5521945E+02  -2.6019796E-19
   4.5555319E+02  -4.5312029E-19
   4.5588693E+02  -5.8076547E-19
   4.5622067E+02  -6.1771470E-19
   4.5655440E+02  -5.4672658E-19
   4.5688814E+02  -3.6138084E-19
   4.5722188E+02  -6.7563350E-20
   4.5755562E+02   3.1647173E-19
   4.5788936E+02   7.6155433E-19
   4.5822310E+02   1.2304698E-18
   4.5855684E+02   1.6819473E-18
   4.5889057E+02   2.0753006E-18
   4.5922431E+02   2.3751288E-18
   4.5955805E+02   2.5554306E-18
   4.5989179E+02   2.6025091E-18
   4.6022553E+02   2.5161587E-18
   4.6055927E+02   2.3087839E-18
   4.6089301E+02   2.0023675E-18
   4.6122674E+02   1.6234448E-18
   4.6156048E+02   1.1965089E-18
   4.6189422E+02   7.3651603E-19
   4.6222796E+02   2.4127868E-19
   4.6256170E+02  -3.1537595E-19
   4.6289544E+02  -9.8886351E-19
   4.6322918E+02  -1.8669138E-18
   4.6356291E+02  -3.0701164E-18
   4.6389665E+02  -4.7500276E-18
   4.6423039E+02  -7.0853479E-18
   4.6456413E+02  -1.0277081E-17
   4.6489787E+02  -1.4544022E-17
   4.6523161E+02  -2.0120043E-17
   4.6556535E+02  -2.7254574E-17
   4.6589908E+02  -3.6217660E-17
   4.6623282E+02  -4.7310264E-17
   4.6656656E+02  -6.0880070E-17
   4.6690030E+02  -7.7342274E-17
   4.6723404E+02  -9.7204323E-17
   4.6756778E+02  -1.2109313E-16
   4.6790152E+02  -1.4978242E-16
   4.6823525E+02  -1.8421879E-16
   4.6856899E+02  -2.2554349E-16
   4.6890273E+02  -2.7510892E-16
   4.6923647E+02  -3.3448651E-16
   4.6957021E+02  -4.0546668E-16
   4.6990395E+02  -4.9004763E-16
   4.7023769E+02  -5.9041288E-16
   4.7057142E+02  -7.0889696E-16
   4.7090516E+02  -8.4793848E-16
   4.7123890E+02  -1.0100181E-15
   4.7157264E+02  -1.1975792E-15
   4.7190638E+02  -1.4129266E-15
   4.7224012E+02  -1.6580979E-15
   4.7257386E+02  -1.9346910E-15
   4.7290760E+02  -2.2436507E-15
   4.7324133E+02  -2.5849743E-15
   4.7357507E+02  -2.9573372E-15
   4.7390881E+02  -3.3576071E-15
   4.7424255E+02  -3.7802089E-15
   4.7457629E+02  -4.2163195E-15
   4.7491003E+02  -4.6528346E-15
   4.7524377E+02  -5.0710664E-15
   4.7557750E+02  -5.4450941E-15
   4.7591124E+02  -5.7397201E-15
   4.7624498E+02  -5.9079023E-15
   4.7657872E+02  -5.8875956E-15
   4.7691246E+02  -5.5978523E-15
   4.7724620E+02  -4.9340313E-15
   4.7757994E+02  -3.7619859E-15
   4.7791367E+02  -1.9109881E-15
   4.7824741E+02   8.3482127E-16
   4.7858115E+02   4.7467769E-15
   4.7891489E+02   1.0164123E-14
   4.7924863E+02   1.7508913E-14
   4.7958237E+02   2.7303882E-14
   4.7991611E+02   4.0193733E-14
   4.8024984E+02   5.6970433E-14
   4.8058358E+02   7.8603356E-14
   4.8091732E+02   1.0627504E-13
   4.8125106E+02   1.4142345E-13
   4.8158480E+02   1.8579204E-13
   4.8191854E+02   2.4148863E-13
   4.8225228E+02   3.1105462E-13
   4.8258601E+02   3.9754701E-13
   4.8291975E+02   5.0463355E-13
   4.8325349E+02   6.3670466E-13
   4.8358723E+02   7.9900431E-13
   4.8392097E+02   9.9778150E-13
   4.8425471E+02   1.2404692E-12
   4.8458845E+02   1.5358901E-12
   4.8492218E+02   1.8944958E-12
   4.8525592E+02   2.3286449E-12
   4.8558966E+02   2.8529254E-12
   4.8592340E+02   3.4845226E-12
   4.8625714E+02   4.2436506E-12
   4.8659088E+02   5.1540343E-12
   4.8692462E+02   6.2434832E-12
   4.8725835E+02   7.5445284E-12
   4.8759209E+02   9.0951613E-12
   4.8792583E+02   1.0939676E-11
   4.8825957E+02   1.3129626E-11
   4.8859331E+02   1.5724921E-11
   4.8892705E+02   1.8795063E-11
   4.8926079E+02   2.2420548E-11
   4.8959452E+02   2.6694470E-11
   4.8992826E+02   3.1724304E-11
   4.9026200E+02   3.7633917E-11
   4.9059574E+02   4.4565868E-11
   4.9092948E+02   5.2683975E-11
   4.9126322E+02   6.2176098E-11
   4.9159696E+02   7.3257490E-11
   4.9193069E+02   8.6174207E-11
   4.9226443E+02   1.0120724E-10
   4.9259817E+02   1.1867680E-10
   4.9293191E+02   1.3894740E-10
   4.9326565E+02   1.6243311E-10
   4.9359939E+02   1.8960368E-10
   4.9393313E+02   2.2099120E-10
   4.9426687E+02   2.5719732E-10
   4.9460060E+02   2.9890124E-10
   4.9493434E+02   3.4686828E-10
   4.9526808E+02   4.0195985E-10
   4.9560182E+02   4.6514356E-10
   4.9593556E+02   5.3750432E-10
   4.9626930E+02   6.2025690E-10
   4.9660304E+02   7.1475903E-10
   4.9693677E+02   8.2252549E-10
   4.9727051E+02   9.4524388E-10
   4.9760425E+02   1.0847905E-09
   4.9793799E+02   1.2432479E-09
   4.9827173E+02   1.4229233E-09
   4.9860547E+02   1.6263695E-09
   4.9893921E+02   1.8564033E-09
   4.9927294E+02   2.1161308E-09
   4.9960668E+02   2.4089659E-09
   4.9994042E+02   2.7386589E-09
   5.0027416E+02   3.1093186E-09
   5.0060790E+02   3.5254382E-09
   5.0094164E+02   3.9919215E-09
   5.0127538E+02   4.5141113E-09
   5.0160911E+02   5.0978155E-09
   5.0194285E+02   5.7493343E-09
   5.0227659E+02   6.4754886E-09
   5.0261033E+02   7.2836426E-09
   5.0294407E+02   8.1817406E-09
   5.0327781E+02   9.1783168E-09
   5.0361155E+02   1.0282538E-08
   5.0394528E+02   1.1504208E-08
   5.0427902E+02   1.2853801E-08
   5.0461276E+02   1.4342458E-08
   5.0494650E+02   1.5982039E-08
   5.0528024E+02   1.7785077E-08
   5.0561398E+02   1.9764848E-08
   5.0594772E+02   2.1935314E-08
   5.0628145E+02   2.4311145E-08
   5.0661519E+02   2.6907706E-08
   5.0694893E+02   2.9741020E-08
   5.0728267E+02   3.2827760E-08
   5.0761641E+02   3.6185213E-08
   5.0795015E+02   3.9831193E-08
   5.0828389E+02   4.3784031E-08
   5.0861762E+02   4.8062489E-08
   5.0895136E+02   5.2685664E-08
   5.0928510E+02   5.7672892E-08
   5.0961884E+02   6.3043672E-08
   5.0995258E+02   6.8817542E-08
   5.1028632E+02   7.5013858E-08
   5.1062006E+02   8.1651756E-08
   5.1095379E+02   8.8749900E-08
   5.1128753E+02   9.6326332E-08
   5.1162127E+02   1.0439830E-07
   5.1195501E+02   1.1298197E-07
   5.1228875E+02   1.2209219E-07
   5.1262249E+02   1.3174241E-07
   5.1295623E+02   1.4194413E-07
   5.1328997E+02   1.5270683E-07
   5.1362370E+02   1.6403769E-07
   5.1395744E+02   1.7594110E-07
   5.1429118E+02   1.8841851E-07
   5.1462492E+02   2.0146811E-07
   5.1495866E+02   2.1508433E-07
   5.1529240E+02   2.2925764E-07
   5.1562614E+02   2.4397428E-07
   5.1595987E+02   2.5921554E-07
   5.1629361E+02   2.7495810E-07
   5.1662735E+02   2.9117297E-07
   5.1696109E+02   3.0782559E-07
   5.1729483E+02   3.2487529E-07
   5.1762857E+02   3.4227537E-07
   5.1796231E+02   3.5997249E-07
   5.1829604E+02   3.7790630E-07
   5.1862978E+02   3.9600982E-07
   5.1896352E+02   4.1420859E-07
   5.1929726E+02   4.3242102E-07
   5.1963100E+02   4.5055791E-07
   5.1996474E+02   4.6852270E-07
   5.2029848E+02   4.8621126E-07
   5.2063221E+02   5.0351230E-07
   5.2096595E+02   5.2030668E-07
   5.2129969E+02   5.3646880E-07
   5.2163343E+02   5.5186570E-07
   5.2196717E+02   5.6635815E-07
   5.2230091E+02   5.7980077E-07
   5.2263465E+02   5.9204228E-07
   5.2296838E+02   6.0292649E-07
   5.2330212E+02   6.1229281E-07
   5.2363586E+02   6.1997656E-07
   5.2396960E+02   6.2581057E-07
   5.2430334E+02   6.2962499E-07
   5.2463708E+02   6.3124935E-07
   5.2497082E+02   6.3051300E-07
   5.2530455E+02   6.2724587E-07
   5.2563829E+02   6.2128021E-07
   5.2597203E+02   6.1245180E-07
   5.2630577E+02   6.0060091E-07
   5.2663951E+02   5.8557356E-07
   5.2697325E+02   5.6722342E-07
   5.2730699E+02   5.4541306E-07
   5.2764072E+02   5.2001428E-07
   5.2797446E+02   4.9091113E-07
   5.2830820E+02   4.5800050E-07
   5.2864194E+02   4.2119387E-07
   5.2897568E+02   3.8041802E-07
   5.2930942E+02   3.3561710E-07
   5.2964316E+02   2.8675402E-07
   5.2997689E+02   2.3381082E-07
   5.3031063E+02   1.7679105E-07
   5.3064437E+02   1.1571962E-07
   5.3097811E+02   5.0644992E-08
   5.3131185E+02  -1.8360929E-08
   5.3164559E+02  -9.1201663E-08
   5.3197933E+02  -1.6775546E-07
   5.3231306E+02  -2.4787511E-07
   5.3264680E+02  -3.3138741E-07
   5.3298054E+02  -4.1809321E-07
   5.3331428E+02  -5.0776737E-07
   5.3364802E+02  -6.0015896E-07
   5.3398176E+02  -6.9499220E-07
   5.3431550E+02  -7.9196633E-07
   5.3464924E+02  -8.9075712E-07
   5.3498297E+02  -9.9101715E-07
   5.3531671E+02  -1.0923778E-06
   5.3565045E+02  -1.1944508E-06
   5.3598419E+02  -1.2968289E-06
   5.3631793E+02  -1.3990882E-06
   5.3665167E+02  -1.5007906E-06
   5.3698541E+02  -1.6014860E-06
   5.3731914E+02  -1.7007130E-06
   5.3765288E+02  -1.7980041E-06
   5.3798662E+02  -1.8928855E-06
   5.3832036E+02  -1.9848817E-06
   5.3865410E+02  -2.0735185E-06
   5.3898784E+02  -2.1583246E-06
   5.3932158E+02  -2.2388344E-06
   5.3965531E+02  -2.3145940E-06
   5.3998905E+02  -2.3851601E-06
   5.4032279E+02  -2.4501055E-06
   5.4065653E+02  -2.5090217E-06
   5.4099027E+02  -2.5615211E-06
   5.4132401E+02  -2.6072421E-06
   5.4165775E+02  -2.6458470E-06
   5.4199148E+02  -2.6770308E-06
   5.4232522E+02  -2.7005183E-06
   5.4265896E+02  -2.7160697E-06
   5.4299270E+02  -2.7234830E-06
   5.4332644E+02  -2.7225904E-06
   5.4366018E+02  -2.7132689E-06
   5.4399392E+02  -2.6954335E-06
   5.4432765E+02  -2.6690423E-06
   5.4466139E+02  -2.6340979E-06
   5.4499513E+02  -2.5906459E-06
   5.4532887E+02  -2.5387749E-06
   5.4566261E+02  -2.4786204E-06
   5.4599635E+02  -2.4103585E-06
   5.4633009E+02  -2.3342109E-06
   5.4666382E+02  -2.2504389E-06
   5.4699756E+02  -2.1593471E-06
   5.4733130E+02  -2.0612779E-06
   5.4766504E+02  -1.9566112E-06
   5.4799878E+02  -1.8457625E-06
   5.4833252E+02  -1.7291809E-06
   5.4866626E+02  -1.6073450E-06
   5.4899999E+02  -1.4807604E-06
   5.4933373E+02  -1.3499589E-06
   5.4966747E+02  -1.2154925E-06
   5.5000121E+02  -1.0779312E-06
   5.5033495E+02  -9.3785928E-07
   5.5066869E+02  -7.9587306E-07
   5.5100243E+02  -6.5257467E-07
   5.5133616E+02  -5.0857079E-07
   5.5166990E+02  -3.6446716E-07
   5.5200364E+02  -2.2086633E-07
   5.5233738E+02  -7.8363080E-08
   5.5267112E+02   6.2458817E-08
   5.5300486E+02   2.0103064E-07
   5.5333860E+02   3.3680089E-07
   5.5367234E+02   4.6924009E-07
   5.5400607E+02   5.9784207E-07
   5.5433981E+02   7.2212833E-07
   5.5467355E+02   8.4164958E-07
   5.5500729E+02   9.5598875E-07
   5.5534103E+02   1.0647627E-06
   5.5567477E+02   1.1676245E-06
   5.5600851E+02   1.2642647E-06
   5.5634224E+02   1.3544121E-06
   5.5667598E+02   1.4378363E-06
   5.5700972E+02   1.5143464E-06
   5.5734346E+02   1.5837933E-06
   5.5767720E+02   1.6460679E-06
   5.5801094E+02   1.7011023E-06
   5.5834468E+02   1.7488695E-06
   5.5867841E+02   1.7893806E-06
   5.5901215E+02   1.8226864E-06
   5.5934589E+02   1.8488744E-06
   5.5967963E+02   1.8680674E-06
   5.6001337E+02   1.8804233E-06
   5.6034711E+02   1.8861306E-06
   5.6068085E+02   1.8854078E-06
   5.6101458E+02   1.8785017E-06
   5.6134832E+02   1.8656846E-06
   5.6168206E+02   1.8472497E-06
   5.6201580E+02   1.8235113E-06
   5.6234954E+02   1.7948012E-06
   5.6268328E+02   1.7614651E-06
   5.6301702E+02   1.7238611E-06
   5.6335075E+02   1.6823553E-06
   5.6368449E+02   1.6373214E-06
   5.6401823E+02   1.5891367E-06
   5.6435197E+02   1.5381787E-06
   5.6468571E+02   1.4848243E-06
   5.6501945E+02   1.4294453E-06
   5.6535319E+02   1.3724093E-06
   5.6568692E+02   1.3140743E-06
   5.6602066E+02   1.2547887E-06
   5.6635440E+02   1.1948885E-06
   5.6668814E+02   1.1346958E-06
   5.6702188E+02   1.0745184E-06
   5.6735562E+02   1.0146473E-06
   5.6768936E+02   9.5535506E-07
   5.6802309E+02   8.9689718E-07
   5.6835683E+02   8.3950840E-07
   5.6869057E+02   7.8340497E-07
   5.6902431E+02   7.2878225E-07
   5.6935805E+02   6.7581504E-07
   5.6969179E+02   6.2465847E-07
   5.7002553E+02   5.7544634E-07
   5.7035926E+02   5.2829324E-07
   5.7069300E+02   4.8329383E-07
   5.7102674E+02   4.4052325E-07
   5.7136048E+02   4.0003872E-07
   5.7169422E+02   3.6187930E-07
   5.7202796E+02   3.2606744E-07
   5.7236170E+02   2.9260963E-07
   5.7269543E+02   2.6149755E-07
   5.7302917E+02   2.3270854E-07
   5.7336291E+02   2.0620752E-07
   5.7369665E+02   1.8194744E-07
   5.7403039E+02   1.5987086E-07
   5.7436413E+02   1.3991090E-07
   5.7469787E+02   1.2199189E-07
   5.7503161E+02   1.0603138E-07
   5.7536534E+02   9.1940564E-08
   5.7569908E+02   7.9625480E-08
   5.7603282E+02   6.8988001E-08
   5.7636656E+02   5.9926975E-08
   5.7670030E+02   5.2338962E-08
   5.7703404E+02   4.6119212E-08
   5.7736778E+02   4.1162458E-08
   5.7770151E+02   3.7363709E-08
   5.7803525E+02   3.4618953E-08
   5.7836899E+02   3.2825682E-08
   5.7870273E+02   3.1883722E-08
   5.7903647E+02   3.1695429E-08
   5.7937021E+02   3.2166419E-08
   5.7970395E+02   3.3205900E-08
   5.8003768E+02   3.4726959E-08
   5.8037142E+02   3.6646803E-08
   5.8070516E+02   3.8887400E-08
   5.8103890E+02   4.1375287E-08
   5.8137264E+02   4.4041791E-08
   5.8170638E+02   4.6823359E-08
   5.8204012E+02   4.9661622E-08
   5.8237385E+02   5.2503395E-08
   5.8270759E+02   5.5300646E-08
   5.8304133E+02   5.8010755E-08
   5.8337507E+02   6.0596207E-08
   5.8370881E+02   6.3024792E-08
   5.8404255E+02   6.5269553E-08
   5.8437629E+02   6.7308619E-08
   5.8471002E+02   6.9125129E-08
   5.8504376E+02   7.0707145E-08
   5.8537750E+02   7.2047655E-08
   5.8571124E+02   7.3144349E-08
   5.8604498E+02   7.3999402E-08
   5.8637872E+02   7.4619479E-08
   5.8671246E+02   7.5015464E-08
   5.8704619E+02   7.5202280E-08
   5.8737993E+02   7.5198756E-08
   5.8771367E+02   7.5027359E-08
   5.8804741E+02   7.4713810E-08
   5.8838115E+02   7.4287122E-08
   5.8871489E+02   7.3778992E-08
   5.8904863E+02   7.3223788E-08
   5.8938236E+02   7.2657969E-08
   5.8971610E+02   7.2119981E-08
   5.9004984E+02   7.1649680E-08
   5.9038358E+02   7.1288184E-08
   5.9071732E+02   7.1077302E-08
   5.9105106E+02   7.1059311E-08
   5.9138480E+02   7.1276283E-08
   5.9171853E+02   7.1769890E-08
   5.9205227E+02   7.2580846E-08
   5.9238601E+02   7.3748403E-08
   5.9271975E+02   7.5309984E-08
   5.9305349E+02   7.7300697E-08
   5.9338723E+02   7.9752724E-08
   5.9372097E+02   8.2695117E-08
   5.9405471E+02   8.6153079E-08
   5.9438844E+02   9.0147751E-08
   5.9472218E+02   9.4695622E-08
   5.9505592E+02   9.9808268E-08
   5.9538966E+02   1.0549199E-07
   5.9572340E+02   1.1174741E-07
   5.9605714E+02   1.1856924E-07
   5.9639088E+02   1.2594609E-07
   5.9672461E+02   1.3386020E-07
   5.9705835E+02   1.4228736E-07
   5.9739209E+02   1.5119670E-07
   5.9772583E+02   1.6055074E-07
   5.9805957E+02   1.7030547E-07
   5.9839331E+02   1.8041018E-07
   5.9872705E+02   1.9080787E-07
   5.9906078E+02   2.0143528E-07
   5.9939452E+02   2.1222323E-07
   5.9972826E+02   2.2309689E-07
   6.0006200E+02   2.3397627E-07
   6.0039574E+02   2.4477674E-07
   6.0072948E+02   2.5540939E-07
   6.0106322E+02   2.6578158E-07
   6.0139695E+02   2.7579779E-07
   6.0173069E+02   2.8536010E-07
   6.0206443E+02   2.9436910E-07
   6.0239817E+02   3.0272449E-07
   6.0273191E+02   3.1032596E-07
   6.0306565E+02   3.1707401E-07
   6.0339939E+02   3.2287082E-07
   6.0373312E+02   3.2762125E-07
   6.0406686E+02   3.3123348E-07
   6.0440060E+02   3.3361999E-07
   6.0473434E+02   3.3469843E-07
   6.0506808E+02   3.3439247E-07
   6.0540182E+02   3.3263262E-07
   6.0573556E+02   3.2935714E-07
   6.0606929E+02   3.2451231E-07
   6.0640303E+02   3.1805394E-07
   6.0673677E+02   3.0994704E-07
   6.0707051E+02   3.0016747E-07
   6.0740425E+02   2.8870139E-07
   6.0773799E+02   2.7554651E-07
   6.0807173E+02   2.6071206E-07
   6.0840546E+02   2.4421917E-07
   6.0873920E+02   2.2610108E-07
   6.0907294E+02   2.0640314E-07
   6.0940668E+02   1.8518296E-07
   6.0974042E+02   1.6251019E-07
   6.1007416E+02   1.3846625E-07
   6.1040790E+02   1.1314422E-07
   6.1074163E+02   8.6648313E-08
   6.1107537E+02   5.9093381E-08
   6.1140911E+02   3.0604202E-08
   6.1174285E+02   1.3151231E-09
   6.1207659E+02  -2.8631032E-08
   6.1241033E+02  -5.9083654E-08
   6.1274407E+02  -8.9885390E-08
   6.1307781E+02  -1.2087308E-07
   6.1341154E+02  -1.5187879E-07
   6.1374528E+02  -1.8273099E-07
   6.1407902E+02  -2.1325562E-07
   6.1441276E+02  -2.4327764E-07
   6.1474650E+02  -2.7262169E-07
   6.1508024E+02  -3.0111380E-07
   6.1541398E+02  -3.2858227E-07
   6.1574771E+02  -3.5485940E-07
   6.1608145E+02  -3.7978225E-07
   6.1641519E+02  -4.0319404E-07
   6.1674893E+02  -4.2494534E-07
   6.1708267E+02  -4.4489525E-07
   6.1741641E+02  -4.6291214E-07
   6.1775015E+02  -4.7887545E-07
   6.1808388E+02  -4.9267555E-07
   6.1841762E+02  -5.0421534E-07
   6.1875136E+02  -5.1341090E-07
   6.1908510E+02  -5.2019158E-07
   6.1941884E+02  -5.2450184E-07
   6.1975258E+02  -5.2630014E-07
   6.2008632E+02  -5.2556061E-07
   6.2042005E+02  -5.2227239E-07
   6.2075379E+02  -5.1644042E-07
   6.2108753E+02  -5.0808455E-07
   6.2142127E+02  -4.9724065E-07
   6.2175501E+02  -4.8395918E-07
   6.2208875E+02  -4.6830559E-07
   6.2242249E+02  -4.5035955E-07
   6.2275622E+02  -4.3021430E-07
   6.2308996E+02  -4.0797599E-07
   6.2342370E+02  -3.8376305E-07
   6.2375744E+02  -3.5770523E-07
   6.2409118E+02  -3.2994251E-07
   6.2442492E+02  -3.0062381E-07
   6.2475866E+02  -2.6990665E-07
   6.2509239E+02  -2.3795525E-07
   6.2542613E+02  -2.0493961E-07
   6.2575987E+02  -1.7103426E-07
   6.2609361E+02  -1.3641706E-07
   6.2642735E+02  -1.0126762E-07
   6.2676109E+02  -6.5766343E-08
   6.2709483E+02  -3.0092874E-08
   6.2742856E+02   5.5751013E-09
   6.2776230E+02   4.1063089E-08
   6.2809604E+02   7.6201076E-08
   6.2842978E+02   1.1082457E-07
   6.2876352E+02   1.4477587E-07
   6.2909726E+02   1.7790504E-07
   6.2943100E+02   2.1007091E-07
   6.2976473E+02   2.4114181E-07
   6.3009847E+02   2.7099668E-07
   6.3043221E+02   2.9952542E-07
   6.3076595E+02   3.2662962E-07
   6.3109969E+02   3.5222308E-07
   6.3143343E+02   3.7623212E-07
   6.3176717E+02   3.9859577E-07
   6.3210090E+02   4.1926626E-07
   6.3243464E+02   4.3820859E-07
   6.3276838E+02   4.5540088E-07
   6.3310212E+02   4.7083358E-07
   6.3343586E+02   4.8451034E-07
   6.3376960E+02   4.9644615E-07
   6.3410334E+02   5.0666819E-07
   6.3443708E+02   5.1521442E-07
   6.3477081E+02   5.2213306E-07
   6.3510455E+02   5.2748197E-07
   6.3543829E+02   5.3132788E-07
   6.3577203E+02   5.3374555E-07
   6.3610577E+02   5.3481625E-07
   6.3643951E+02   5.3462765E-07
   6.3677325E+02   5.3327204E-07
   6.3710698E+02   5.3084545E-07
   6.3744072E+02   5.2744679E-07
   6.3777446E+02   5.2317648E-07
   6.3810820E+02   5.1813555E-07
   6.3844194E+02   5.1242426E-07
   6.3877568E+02   5.0614130E-07
   6.3910942E+02   4.9938285E-07
   6.3944315E+02   4.9224093E-07
   6.3977689E+02   4.8480325E-07
   6.4011063E+02   4.7715167E-07
   6.4044437E+02   4.6936168E-07
   6.4077811E+02   4.6150157E-07
   6.4111185E+02   4.5363123E-07
   6.4144559E+02   4.4580261E-07
   6.4177932E+02   4.3805792E-07
   6.4211306E+02   4.3043002E-07
   6.4244680E+02   4.2294184E-07
   6.4278054E+02   4.1560602E-07
   6.4311428E+02   4.0842468E-07
   6.4344802E+02   4.0138971E-07
   6.4378176E+02   3.9448258E-07
   6.4411549E+02   3.8767436E-07
   6.4444923E+02   3.8092591E-07
   6.4478297E+02   3.7418914E-07
   6.4511671E+02   3.6740630E-07
   6.4545045E+02   3.6051057E-07
   6.4578419E+02   3.5342788E-07
   6.4611793E+02   3.4607626E-07
   6.4645166E+02   3.3836756E-07
   6.4678540E+02   3.3020774E-07
   6.4711914E+02   3.2149839E-07
   6.4745288E+02   3.1213705E-07
   6.4778662E+02   3.0201917E-07
   6.4812036E+02   2.9103830E-07
   6.4845410E+02   2.7908803E-07
   6.4878783E+02   2.6606284E-07
   6.4912157E+02   2.5185875E-07
   6.4945531E+02   2.3637584E-07
   6.4978905E+02   2.1951810E-07
   6.5012279E+02   2.0119536E-07
   6.5045653E+02   1.8132454E-07
   6.5079027E+02   1.5983002E-07
   6.5112400E+02   1.3664570E-07
   6.5145774E+02   1.1171531E-07
   6.5179148E+02   8.4993573E-08
   6.5212522E+02   5.6447941E-08
   6.5245896E+02   2.6057673E-08
   6.5279270E+02  -6.1835657E-09
   6.5312644E+02  -4.0268255E-08
   6.5346018E+02  -7.6174253E-08
   6.5379391E+02  -1.1386353E-07
   6.5412765E+02  -1.5328331E-07
   6.5446139E+02  -1.9436422E-07
   6.5479513E+02  -2.3702178E-07
   6.5512887E+02  -2.8115520E-07
   6.5546261E+02  -3.2664832E-07
   6.5579635E+02  -3.7336969E-07
   6.5613008E+02  -4.2117296E-07
   6.5646382E+02  -4.6989743E-07
   6.5679756E+02  -5.1936928E-07
   6.5713130E+02  -5.6940138E-07
   6.5746504E+02  -6.1979529E-07
   6.5779878E+02  -6.7034188E-07
   6.5813252E+02  -7.2082236E-07
   6.5846625E+02  -7.7100947E-07
   6.5879999E+02  -8.2066981E-07
   6.5913373E+02  -8.6956419E-07
   6.5946747E+02  -9.1744897E-07
   6.5980121E+02  -9.6407962E-07
   6.6013495E+02  -1.0092099E-06
