   0.0000000000000000        0.00000000    
  0.33373857888706154        0.00000000    
  0.66747715777412309       -1.36522473E-15
   1.0012157366611847       -4.17284386E-15
   1.3349543155482462       -8.27743466E-15
   1.6686928944353077       -1.33763036E-14
   2.0024314733223694       -1.91168526E-14
   2.3361700522094311       -2.52216190E-14
   2.6699086310964928       -3.16048186E-14
   3.0036472099835545       -3.84589923E-14
   3.3373857888706162       -4.62988785E-14
   3.6711243677576779       -5.59606615E-14
   4.0048629466447396       -6.85650877E-14
   4.3386015255318009       -8.54607861E-14
   4.6723401044188622       -1.08169089E-13
   5.0060786833059234       -1.38350879E-13
   5.3398172621929847       -1.77814320E-13
   5.6735558410800460       -2.28577302E-13
   6.0072944199671072       -2.92992301E-13
   6.3410329988541685       -3.73936965E-13
   6.6747715777412298       -4.75063782E-13
   7.0085101566282910       -6.01100062E-13
   7.3422487355153523       -7.58184964E-13
   7.6759873144024136       -9.54239400E-13
   8.0097258932894757       -1.19936244E-12
   8.3434644721765370       -1.50626918E-12
   8.6772030510635982       -1.89079460E-12
   9.0109416299506595       -2.37249781E-12
   9.3446802088377208       -2.97542416E-12
   9.6784187877247820       -3.72906393E-12
   10.012157366611843       -4.66957636E-12
   10.345895945498905       -5.84132569E-12
   10.679634524385966       -7.29881867E-12
   11.013373103273027       -9.10906420E-12
   11.347111682160088       -1.13544512E-11
   11.680850261047150       -1.41362278E-11
   12.014588839934211       -1.75786729E-11
   12.348327418821272       -2.18341820E-11
   12.682065997708333       -2.70893169E-11
   13.015804576595395       -3.35721138E-11
   13.349543155482456       -4.15608173E-11
   13.683281734369517       -5.13945830E-11
   14.017020313256578       -6.34861608E-11
   14.350758892143640       -7.83372534E-11
   14.684497471030701       -9.65568597E-11
   15.018236049917762       -1.18883500E-10
   15.351974628804824       -1.46211598E-10
   15.685713207691885       -1.79623330E-10
   16.019451786578948       -2.20426455E-10
   16.353190365466009       -2.70199280E-10
   16.686928944353070       -3.30844629E-10
   17.020667523240132       -4.04653949E-10
   17.354406102127193       -4.94383146E-10
   17.688144681014254       -6.03342543E-10
   18.021883259901315       -7.35503158E-10
   18.355621838788377       -8.95623242E-10
   18.689360417675438       -1.08939802E-09
   19.023098996562499       -1.32363509E-09
   19.356837575449561       -1.60646196E-09
   19.690576154336622       -1.94756877E-09
   20.024314733223683       -2.35849584E-09
   20.358053312110744       -2.85297186E-09
   20.691791890997806       -3.44730711E-09
   21.025530469884867       -4.16085300E-09
   21.359269048771928       -5.01654274E-09
   21.693007627658989       -6.04152506E-09
   22.026746206546051       -7.26789384E-09
   22.360484785433112       -8.73354367E-09
   22.694223364320173       -1.04831575E-08
   23.027961943207234       -1.25693607E-08
   23.361700522094296       -1.50540647E-08
   23.695439100981357       -1.80100077E-08
   24.029177679868418       -2.15225331E-08
   24.362916258755480       -2.56916675E-08
   24.696654837642541       -3.06344745E-08
   25.030393416529602       -3.64878190E-08
   25.364131995416663       -4.34114860E-08
   25.697870574303725       -5.15917726E-08
   26.031609153190786       -6.12456361E-08
   26.365347732077847       -7.26254541E-08
   26.699086310964908       -8.60243858E-08
   27.032824889851970       -1.01782554E-07
   27.366563468739031       -1.20293976E-07
   27.700302047626092       -1.42014585E-07
   28.034040626513153       -1.67471399E-07
   28.367779205400215       -1.97272712E-07
   28.701517784287276       -2.32119604E-07
   29.035256363174337       -2.72819193E-07
   29.368994942061398       -3.20299591E-07
   29.702733520948460       -3.75626513E-07
   30.036472099835521       -4.40022120E-07
   30.370210678722582       -5.14885755E-07
   30.703949257609644       -6.01818044E-07
   31.037687836496705       -7.02647469E-07
   31.371426415383766       -8.19459899E-07
   31.705164994270827       -9.54631332E-07
   32.038903573157889       -1.11086536E-06
   32.372642152044953       -1.29123339E-06
   32.706380730932018       -1.49922096E-06
   33.040119309819083       -1.73877720E-06
   33.373857888706148       -2.01437206E-06
   33.707596467593213       -2.33105675E-06
   34.041335046480278       -2.69453108E-06
   34.375073625367342       -3.11122017E-06
   34.708812204254407       -3.58835382E-06
   35.042550783141472       -4.13405996E-06
   35.376289362028537       -4.75745856E-06
   35.710027940915602       -5.46877482E-06
   36.043766519802666       -6.27945337E-06
   36.377505098689731       -7.20228309E-06
   36.711243677576796       -8.25154075E-06
   37.044982256463861       -9.44313524E-06
   37.378720835350926       -1.07947762E-05
   37.712459414237991       -1.23261416E-05
   38.046197993125055       -1.40590746E-05
   38.379936572012120       -1.60177824E-05
   38.713675150899185       -1.82290441E-05
   39.047413729786250       -2.07224548E-05
   39.381152308673315       -2.35306597E-05
   39.714890887560379       -2.66896295E-05
   40.048629466447444       -3.02389235E-05
   40.382368045334509       -3.42220046E-05
   40.716106624221574       -3.86865249E-05
   41.049845203108639       -4.36846749E-05
   41.383583781995704       -4.92735162E-05
   41.717322360882768       -5.55153165E-05
   42.051060939769833       -6.24779641E-05
   42.384799518656898       -7.02353063E-05
   42.718538097543963       -7.88675898E-05
   43.052276676431028       -8.84618421E-05
   43.386015255318092       -9.91123161E-05
   43.719753834205157       -1.10920919E-04
   44.053492413092222       -1.23997583E-04
   44.387230991979287       -1.38460819E-04
   44.720969570866352       -1.54438021E-04
   45.054708149753417       -1.72066022E-04
   45.388446728640481       -1.91491446E-04
   45.722185307527546       -2.12871237E-04
   46.055923886414611       -2.36372987E-04
   46.389662465301676       -2.62175279E-04
   46.723401044188741       -2.90468190E-04
   47.057139623075805       -3.21453466E-04
   47.390878201962870       -3.55345052E-04
   47.724616780849935       -3.92369111E-04
   48.058355359737000       -4.32764558E-04
   48.392093938624065       -4.76783054E-04
   48.725832517511130       -5.24689036E-04
   49.059571096398194       -5.76759921E-04
   49.393309675285259       -6.33285905E-04
   49.727048254172324       -6.94570190E-04
   50.060786833059389       -7.60928378E-04
   50.394525411946454       -8.32688762E-04
   50.728263990833518       -9.10191273E-04
   51.062002569720583       -9.93787660E-04
   51.395741148607648       -1.08384062E-03
   51.729479727494713       -1.18072261E-03
   52.063218306381778       -1.28481572E-03
   52.396956885268843       -1.39651005E-03
   52.730695464155907       -1.51620340E-03
   53.064434043042972       -1.64429890E-03
   53.398172621930037       -1.78120495E-03
   53.731911200817102       -1.92733284E-03
   54.065649779704167       -2.08309479E-03
   54.399388358591231       -2.24890304E-03
   54.733126937478296       -2.42516655E-03
   55.066865516365361       -2.61228997E-03
   55.400604095252426       -2.81067099E-03
   55.734342674139491       -3.02069797E-03
   56.068081253026556       -3.24274763E-03
   56.401819831913620       -3.47718154E-03
   56.735558410800685       -3.72434431E-03
   57.069296989687750       -3.98455933E-03
   57.403035568574815       -4.25812788E-03
   57.736774147461880       -4.54532355E-03
   58.070512726348944       -4.84639127E-03
   58.404251305236009       -5.16154291E-03
   58.737989884123074       -5.49095497E-03
   59.071728463010139       -5.83476573E-03
   59.405467041897204       -6.19307021E-03
   59.739205620784269       -6.56591868E-03
   60.072944199671333       -6.95331208E-03
   60.406682778558398       -7.35520152E-03
   60.740421357445463       -7.77148269E-03
   61.074159936332528       -8.20199680E-03
   61.407898515219593       -8.64652544E-03
   61.741637094106657       -9.10478737E-03
   62.075375672993722       -9.57644079E-03
   62.409114251880787       -1.00610759E-02
   62.742852830767852       -1.05582196E-02
   63.076591409654917       -1.10673290E-02
   63.410329988541982       -1.15877949E-02
   63.744068567429046       -1.21189402E-02
   64.077807146316104       -1.26600154E-02
   64.411545725203169       -1.32102044E-02
   64.745284304090234       -1.37686264E-02
   65.079022882977299       -1.43343331E-02
   65.412761461864363       -1.49063133E-02
   65.746500040751428       -1.54834874E-02
   66.080238619638493       -1.60647240E-02
   66.413977198525558       -1.66488327E-02
   66.747715777412623       -1.72345731E-02
   67.081454356299687       -1.78206563E-02
   67.415192935186752       -1.84057392E-02
   67.748931514073817       -1.89884491E-02
   68.082670092960882       -1.95673816E-02
   68.416408671847947       -2.01410986E-02
   68.750147250735012       -2.07081418E-02
   69.083885829622076       -2.12670341E-02
   69.417624408509141       -2.18162909E-02
   69.751362987396206       -2.23544259E-02
   70.085101566283271       -2.28799600E-02
   70.418840145170336       -2.33914182E-02
   70.752578724057400       -2.38873512E-02
   71.086317302944465       -2.43663341E-02
   71.420055881831530       -2.48269793E-02
   71.753794460718595       -2.52679382E-02
   72.087533039605660       -2.56879050E-02
   72.421271618492725       -2.60856338E-02
   72.755010197379789       -2.64599416E-02
   73.088748776266854       -2.68097129E-02
   73.422487355153919       -2.71339044E-02
   73.756225934040984       -2.74315551E-02
   74.089964512928049       -2.77017932E-02
   74.423703091815113       -2.79438384E-02
   74.757441670702178       -2.81570032E-02
   75.091180249589243       -2.83406954E-02
   75.424918828476308       -2.84944288E-02
   75.758657407363373       -2.86178254E-02
   76.092395986250438       -2.87106112E-02
   76.426134565137502       -2.87726186E-02
   76.759873144024567       -2.88037956E-02
   77.093611722911632       -2.88041923E-02
   77.427350301798697       -2.87739728E-02
   77.761088880685762       -2.87134070E-02
   78.094827459572826       -2.86228694E-02
   78.428566038459891       -2.85028387E-02
   78.762304617346956       -2.83538941E-02
   79.096043196234021       -2.81767100E-02
   79.429781775121086       -2.79720481E-02
   79.763520354008151       -2.77407654E-02
   80.097258932895215       -2.74837930E-02
   80.430997511782280       -2.72021405E-02
   80.764736090669345       -2.68968828E-02
   81.098474669556410       -2.65691634E-02
   81.432213248443475       -2.62201745E-02
   81.765951827330539       -2.58511584E-02
   82.099690406217604       -2.54634004E-02
   82.433428985104669       -2.50582192E-02
   82.767167563991734       -2.46369615E-02
   83.100906142878799       -2.42009889E-02
   83.434644721765864       -2.37516761E-02
   83.768383300652928       -2.32903995E-02
   84.102121879539993       -2.28185356E-02
   84.435860458427058       -2.23374534E-02
   84.769599037314123       -2.18484998E-02
   85.103337616201188       -2.13530008E-02
   85.437076195088252       -2.08522547E-02
   85.770814773975317       -2.03475263E-02
   86.104553352862382       -1.98400393E-02
   86.438291931749447       -1.93309728E-02
   86.772030510636512       -1.88214555E-02
   87.105769089523577       -1.83125641E-02
   87.439507668410641       -1.78053267E-02
   87.773246247297706       -1.73007064E-02
   88.106984826184771       -1.67996082E-02
   88.440723405071836       -1.63028743E-02
   88.774461983958901       -1.58112887E-02
   89.108200562845965       -1.53255649E-02
   89.441939141733030       -1.48463538E-02
   89.775677720620095       -1.43742440E-02
   90.109416299507160       -1.39097637E-02
   90.443154878394225       -1.34533821E-02
   90.776893457281290       -1.30055035E-02
   91.110632036168354       -1.25664743E-02
   91.444370615055419       -1.21365860E-02
   91.778109193942484       -1.17160743E-02
   92.111847772829549       -1.13051282E-02
   92.445586351716614       -1.09038847E-02
   92.779324930603678       -1.05124349E-02
   93.113063509490743       -1.01308282E-02
   93.446802088377808       -9.75907780E-03
   93.780540667264873       -9.39716026E-03
   94.114279246151938       -9.04501975E-03
   94.448017825039003       -8.70257337E-03
   94.781756403926067       -8.36971402E-03
   95.115494982813132       -8.04631785E-03
   95.449233561700197       -7.73223769E-03
   95.782972140587262       -7.42731104E-03
   96.116710719474327       -7.13136373E-03
   96.450449298361391       -6.84421090E-03
   96.784187877248456       -6.56566257E-03
   97.117926456135521       -6.29552081E-03
   97.451665035022586       -6.03358401E-03
   97.785403613909651       -5.77964913E-03
   98.119142192796716       -5.53351641E-03
   98.452880771683780       -5.29498653E-03
   98.786619350570845       -5.06386347E-03
   99.120357929457910       -4.83995769E-03
   99.454096508344975       -4.62308619E-03
   99.787835087232040       -4.41307528E-03
   100.12157366611910       -4.20975778E-03
   100.45531224500617       -4.01297351E-03
   100.78905082389323       -3.82257137E-03
   101.12278940278030       -3.63840838E-03
   101.45652798166736       -3.46034672E-03
   101.79026656055443       -3.28825554E-03
   102.12400513944149       -3.12201050E-03
   102.45774371832856       -2.96149286E-03
   102.79148229721562       -2.80659134E-03
   103.12522087610269       -2.65719881E-03
   103.45895945498975       -2.51321285E-03
   103.79269803387682       -2.37453636E-03
   104.12643661276388       -2.24107644E-03
   104.46017519165095       -2.11274461E-03
   104.79391377053801       -1.98945426E-03
   105.12765234942508       -1.87112030E-03
   105.46139092831214       -1.75765820E-03
   105.79512950719921       -1.64898427E-03
   106.12886808608627       -1.54501316E-03
   106.46260666497334       -1.44565827E-03
   106.79634524386040       -1.35083101E-03
   107.13008382274747       -1.26044091E-03
   107.46382240163453       -1.17439579E-03
   107.79756098052160       -1.09260087E-03
   108.13129955940866       -1.01495883E-03
   108.46503813829572       -9.41370090E-04
   108.79877671718279       -8.71732540E-04
   109.13251529606985       -8.05941178E-04
   109.46625387495692       -7.43888086E-04
   109.79999245384398       -6.85462670E-04
   110.13373103273105       -6.30551367E-04
   110.46746961161811       -5.79037995E-04
   110.80120819050518       -5.30803576E-04
   111.13494676939224       -4.85726894E-04
   111.46868534827931       -4.43684810E-04
   111.80242392716637       -4.04552819E-04
   112.13616250605344       -3.68205569E-04
   112.46990108494050       -3.34517070E-04
   112.80363966382757       -3.03361361E-04
   113.13737824271463       -2.74613034E-04
   113.47111682160170       -2.48147757E-04
   113.80485540048876       -2.23842377E-04
   114.13859397937583       -2.01575196E-04
   114.47233255826289       -1.81226133E-04
   114.80607113714996       -1.62676937E-04
   115.13980971603702       -1.45811500E-04
   115.47354829492409       -1.30516055E-04
   115.80728687381115       -1.16679483E-04
   116.14102545269822       -1.04193728E-04
   116.47476403158528       -9.29542657E-05
   116.80850261047235       -8.28605553E-05
   117.14224118935941       -7.38165181E-05
   117.47597976824648       -6.57307610E-05
   117.80971834713354       -5.85166781E-05
   118.14345692602060       -5.20924550E-05
   118.47719550490767       -4.63810138E-05
   118.81093408379473       -4.13100024E-05
   119.14467266268180       -3.68117107E-05
   119.47841124156886       -3.28229144E-05
   119.81214982045593       -2.92847180E-05
   120.14588839934299       -2.61424248E-05
   120.47962697823006       -2.33455248E-05
   120.81336555711712       -2.08476777E-05
   121.14710413600419       -1.86066591E-05
   121.48084271489125       -1.65842139E-05
   121.81458129377832       -1.47459195E-05
   122.14831987266538       -1.30610915E-05
   122.48205845155245       -1.15027224E-05
   122.81579703043951       -1.00473944E-05
   123.14953560932658       -8.67509425E-06
   123.48327418821364       -7.36895390E-06
   123.81701276710071       -6.11498490E-06
   124.15075134598777       -4.90185585E-06
   124.48448992487484       -3.72067620E-06
   124.81822850376190       -2.56473118E-06
   125.15196708264897       -1.42914234E-06
   125.48570566153603       -3.10523632E-07
   125.81944424042310        7.93277650E-07
   126.15318281931016        1.88332842E-06
   126.48692139819723        2.95969585E-06
   126.82065997708429        4.02155092E-06
   127.15439855597135        5.06729975E-06
   127.48813713485842        6.09470044E-06
   127.82187571374548        7.10092854E-06
   128.15561429263255        8.08261848E-06
   128.48935287151960        9.03595992E-06
   128.82309145040665        9.95687878E-06
   129.15683002929370        1.08412542E-05
   129.49056860818075        1.16850915E-05
   129.82430718706780        1.24845983E-05
   130.15804576595485        1.32362175E-05
   130.49178434484190        1.39366803E-05
   130.82552292372895        1.45831145E-05
   131.15926150261600        1.51731510E-05
   131.49300008150306        1.57049581E-05
   131.82673866039011        1.61771968E-05
   132.16047723927716        1.65889523E-05
   132.49421581816421        1.69396935E-05
   132.82795439705126        1.72292785E-05
   133.16169297593831        1.74579618E-05
   133.49543155482536        1.76263729E-05
   133.82917013371241        1.77354959E-05
   134.16290871259946        1.77867296E-05
   134.49664729148651        1.77820111E-05
   134.83038587037356        1.77239453E-05
   135.16412444926061        1.76158228E-05
   135.49786302814766        1.74614743E-05
   135.83160160703471        1.72650271E-05
   136.16534018592176        1.70306594E-05
   136.49907876480881        1.67624366E-05
   136.83281734369587        1.64642115E-05
   137.16655592258292        1.61395656E-05
   137.50029450146997        1.57917966E-05
   137.83403308035702        1.54240097E-05
   138.16777165924407        1.50393198E-05
   138.50151023813112        1.46411030E-05
   138.83524881701817        1.42331655E-05
   139.16898739590522        1.38197356E-05
   139.50272597479227        1.34053007E-05
   139.83646455367932        1.29943946E-05
   140.17020313256637        1.25914239E-05
   140.50394171145342        1.22005395E-05
   140.83768029034047        1.18254902E-05
   141.17141886922752        1.14694567E-05
   141.50515744811457        1.11349154E-05
   141.83889602700162        1.08236263E-05
   142.17263460588867        1.05367362E-05
   142.50637318477573        1.02749300E-05
   142.84011176366278        1.00385441E-05
   143.17385034254983        9.82764686E-06
   143.50758892143688        9.64215997E-06
   143.84132750032393        9.48204161E-06
   144.17506607921098        9.34746458E-06
   144.50880465809803        9.23884727E-06
   144.84254323698508        9.15668079E-06
   145.17628181587213        9.10122799E-06
   145.51002039475918        9.07225694E-06
   145.84375897364623        9.06890546E-06
   146.17749755253328        9.08967377E-06
   146.51123613142033        9.13248641E-06
   146.84497471030738        9.19479317E-06
   147.17871328919443        9.27374003E-06
   147.51245186808148        9.36642573E-06
   147.84619044696854        9.47015633E-06
   148.17992902585559        9.58258715E-06
   148.51366760474264        9.70169003E-06
   148.84740618362969        9.82559686E-06
   149.18114476251674        9.95244682E-06
   149.51488334140379        1.00803118E-05
   149.84862192029084        1.02071763E-05
   150.18236049917789        1.03308976E-05
   150.51609907806494        1.04491455E-05
   150.84983765695199        1.05593772E-05
   151.18357623583904        1.06589387E-05
   151.51731481472609        1.07452815E-05
   151.85105339361314        1.08162039E-05
   152.18479197250019        1.08700096E-05
   152.51853055138724        1.09055609E-05
   152.85226913027429        1.09222674E-05
   153.18600770916134        1.09200491E-05
   153.51974628804840        1.08992554E-05
   153.85348486693545        1.08604936E-05
   154.18722344582250        1.08043632E-05
   154.52096202470955        1.07311998E-05
   154.85470060359660        1.06409407E-05
   155.18843918248365        1.05331792E-05
   155.52217776137070        1.04073551E-05
   155.85591634025775        1.02629774E-05
   156.18965491914480        1.00998095E-05
   156.52339349803185        9.91803336E-06
   156.85713207691890        9.71840382E-06
   157.19087065580595        9.50237063E-06
   157.52460923469300        9.27208021E-06
   157.85834781358005        9.03021282E-06
   158.19208639246710        8.77969342E-06
   158.52582497135415        8.52339144E-06
   158.85956355024121        8.26391079E-06
   159.19330212912826        8.00347334E-06
   159.52704070801531        7.74384625E-06
   159.86077928690236        7.48628054E-06
   160.19451786578941        7.23150697E-06
   160.52825644467646        6.97987070E-06
   160.86199502356351        6.73159821E-06
   161.19573360245056        6.48709738E-06
   161.52947218133761        6.24715494E-06
   161.86321076022466        6.01297143E-06
   162.19694933911171        5.78608569E-06
   162.53068791799876        5.56826353E-06
   162.86442649688581        5.36137395E-06
   163.19816507577286        5.16721866E-06
   163.53190365465991        4.98730515E-06
   163.86564223354696        4.82263567E-06
   164.19938081243401        4.67361542E-06
   164.53311939132107        4.54012343E-06
   164.86685797020812        4.42167902E-06
   165.20059654909517        4.31758599E-06
   165.53433512798222        4.22701305E-06
   165.86807370686927        4.14905116E-06
   166.20181228575632        4.08282085E-06
   166.53555086464337        4.02762589E-06
   166.86928944353042        3.98306247E-06
   167.20302802241747        3.94900098E-06
   167.53676660130452        3.92544052E-06
   167.87050518019157        3.91232425E-06
   168.20424375907862        3.90939749E-06
   168.53798233796567        3.91612139E-06
   168.87172091685272        3.93161281E-06
   169.20545949573977        3.95460620E-06
   169.53919807462682        3.98348448E-06
   169.87293665351388        4.01644411E-06
   170.20667523240093        4.05176752E-06
   170.54041381128798        4.08809501E-06
   170.87415239017503        4.12457894E-06
   171.20789096906208        4.16087232E-06
   171.54162954794913        4.19701246E-06
   171.87536812683618        4.23328038E-06
   172.20910670572323        4.27006580E-06
   172.54284528461028        4.30771343E-06
   172.87658386349733        4.34634057E-06
   173.21032244238438        4.38567167E-06
   173.54406102127143        4.42497640E-06
   173.87779960015848        4.46315744E-06
   174.21153817904553        4.49894333E-06
   174.54527675793258        4.53110442E-06
   174.87901533681963        4.55862164E-06
   175.21275391570668        4.58081831E-06
   175.54649249459374        4.59748026E-06
   175.88023107348079        4.60895217E-06
   176.21396965236784        4.61615082E-06
   176.54770823125489        4.62042863E-06
   176.88144681014194        4.62331082E-06
   177.21518538902899        4.62619346E-06
   177.54892396791604        4.63011793E-06
   177.88266254680309        4.63565857E-06
   178.21640112569014        4.64289496E-06
   178.55013970457719        4.65143330E-06
   178.88387828346424        4.66047595E-06
   179.21761686235129        4.66898337E-06
   179.55135544123834        4.67592326E-06
   179.88509402012539        4.68053531E-06
   180.21883259901244        4.68250528E-06
   180.55257117789949        4.68199141E-06
   180.88630975678655        4.67954033E-06
   181.22004833567360        4.67597056E-06
   181.55378691456065        4.67227119E-06
   181.88752549344770        4.66948450E-06
   182.22126407233475        4.66853271E-06
   182.55500265122180        4.67001246E-06
   182.88874123010885        4.67403561E-06
   183.22247980899590        4.68020380E-06
   183.55621838788295        4.68771623E-06
   183.88995696677000        4.69554061E-06
   184.22369554565705        4.70257055E-06
   184.55743412454410        4.70775785E-06
   184.89117270343115        4.71024350E-06
   185.22491128231820        4.70949954E-06
   185.55864986120525        4.70542318E-06
   185.89238844009230        4.69830820E-06
   186.22612701897935        4.68868529E-06
   186.55986559786641        4.67709970E-06
   186.89360417675346        4.66393976E-06
   187.22734275564051        4.64936511E-06
   187.56108133452756        4.63330025E-06
   187.89481991341461        4.61543459E-06
   188.22855849230166        4.59521152E-06
   188.56229707118871        4.57186661E-06
   188.89603565007576        4.54456358E-06
   189.22977422896281        4.51260439E-06
   189.56351280784986        4.47562024E-06
   189.89725138673691        4.43365207E-06
   190.23098996562396        4.38711413E-06
   190.56472854451101        4.33670630E-06
   190.89846712339806        4.28332214E-06
   191.23220570228511        4.22793755E-06
   191.56594428117216        4.17144156E-06
   191.89968286005922        4.11441761E-06
   192.23342143894627        4.05697665E-06
   192.56716001783332        3.99875262E-06
   192.90089859672037        3.93907840E-06
   193.23463717560742        3.87725004E-06
   193.56837575449447        3.81275208E-06
   193.90211433338152        3.74539081E-06
   194.23585291226857        3.67537564E-06
   194.56959149115562        3.60338322E-06
   194.90333007004267        3.53057408E-06
   195.23706864892972        3.45848161E-06
   195.57080722781677        3.38875088E-06
   195.90454580670382        3.32281820E-06
   196.23828438559087        3.26167492E-06
   196.57202296447792        3.20578829E-06
   196.90576154336497        3.15513830E-06
   197.23950012225202        3.10927953E-06
   197.57323870113908        3.06740208E-06
   197.90697728002613        3.02844910E-06
   198.24071585891318        2.99134376E-06
   198.57445443780023        2.95527639E-06
   198.90819301668728        2.91992137E-06
   199.24193159557433        2.88548677E-06
   199.57567017446138        2.85261240E-06
   199.90940875334843        2.82221754E-06
   200.24314733223548        2.79536357E-06
   200.57688591112253        2.77310755E-06
   200.91062449000958        2.75629600E-06
   201.24436306889663        2.74531521E-06
   201.57810164778368        2.73991623E-06
   201.91184022667073        2.73922274E-06
   202.24557880555778        2.74192394E-06
   202.57931738444483        2.74653871E-06
   202.91305596333189        2.75163529E-06
   203.24679454221894        2.75597426E-06
   203.58053312110599        2.75862067E-06
   203.91427169999304        2.75905427E-06
   204.24801027888009        2.75722869E-06
   204.58174885776714        2.75350317E-06
   204.91548743665419        2.74843228E-06
   205.24922601554124        2.74250556E-06
   205.58296459442829        2.73595629E-06
   205.91670317331534        2.72869966E-06
   206.25044175220239        2.72035504E-06
   206.58418033108944        2.71028694E-06
   206.91791890997649        2.69764018E-06
   207.25165748886354        2.68141753E-06
   207.58539606775059        2.66063216E-06
   207.91913464663764        2.63450215E-06
   208.25287322552470        2.60259299E-06
   208.58661180441175        2.56483759E-06
   208.92035038329880        2.52144787E-06
   209.25408896218585        2.47279650E-06
   209.58782754107290        2.41933071E-06
   209.92156611995995        2.36151027E-06
   210.25530469884700        2.29972397E-06
   210.58904327773405        2.23417214E-06
   210.92278185662110        2.16477656E-06
   211.25652043550815        2.09119298E-06
   211.59025901439520        2.01294142E-06
   211.92399759328225        1.92958123E-06
   212.25773617216930        1.84083319E-06
   212.59147475105635        1.74661761E-06
   212.92521332994340        1.64705614E-06
   213.25895190883045        1.54249597E-06
   213.59269048771750        1.43355169E-06
   213.92642906660456        1.32109426E-06
   214.26016764549161        1.20613618E-06
   214.59390622437866        1.08964468E-06
   214.92764480326571        9.72376938E-07
   215.26138338215276        8.54807809E-07
   215.59512196103981        7.37136418E-07
   215.92886053992686        6.19311436E-07
   216.26259911881391        5.01051204E-07
   216.59633769770096        3.81903050E-07
   216.93007627658801        2.61394945E-07
   217.26381485547506        1.39256883E-07
   217.59755343436211        1.56068403E-08
   217.93129201324916       -1.08998854E-07
   218.26503059213621       -2.33655797E-07
   218.59876917102326       -3.57254777E-07
   218.93250774991031       -4.78591858E-07
   219.26624632879737       -5.96440998E-07
   219.59998490768442       -7.09647964E-07
   219.93372348657147       -8.17275179E-07
   220.26746206545852       -9.18744831E-07
   220.60120064434557       -1.01388957E-06
   220.93493922323262       -1.10287635E-06
   221.26867780211967       -1.18606010E-06
   221.60241638100672       -1.26385316E-06
   221.93615495989377       -1.33663912E-06
   222.26989353878082       -1.40468671E-06
   222.60363211766787       -1.46802006E-06
   222.93737069655492       -1.52627581E-06
   223.27110927544197       -1.57863656E-06
   223.60484785432902       -1.62390870E-06
   223.93858643321607       -1.66071959E-06
   224.27232501210312       -1.68774284E-06
   224.60606359099017       -1.70387204E-06
   224.93980216987723       -1.70833221E-06
   225.27354074876428       -1.70075975E-06
   225.60727932765133       -1.68125507E-06
   225.94101790653838       -1.65036215E-06
   226.27475648542543       -1.60892455E-06
   226.60849506431248       -1.55783755E-06
   226.94223364319953       -1.49779373E-06
   227.27597222208658       -1.42913279E-06
   227.60971080097363       -1.35183518E-06
   227.94344937986068       -1.26561338E-06
   228.27718795874773       -1.17002639E-06
   228.61092653763478       -1.06458629E-06
   228.94466511652183       -9.48879858E-07
   229.27840369540888       -8.22724644E-07
   229.61214227429593       -6.86321130E-07
   229.94588085318298       -5.40322731E-07
   230.27961943207004       -3.85774996E-07
   230.61335801095709       -2.23957827E-07
   230.94709658984414       -5.62183153E-08
   231.28083516873119        1.16143909E-07
   231.61457374761824        2.91945895E-07
   231.94831232650529        4.70186279E-07
   232.28205090539234        6.50109143E-07
   232.61578948427939        8.31210798E-07
   232.94952806316644        1.01313231E-06
   233.28326664205349        1.19545837E-06
   233.61700522094054        1.37752249E-06
   233.95074379982759        1.55831901E-06
   234.28448237871464        1.73653928E-06
   234.61822095760169        1.91066374E-06
   234.95195953648874        2.07903736E-06
   235.28569811537579        2.23992765E-06
   235.61943669426284        2.39161568E-06
   235.95317527314990        2.53254643E-06
   236.28691385203695        2.66148822E-06
   236.62065243092400        2.77760932E-06
   236.95439100981105        2.88043270E-06
   237.28812958869810        2.96971939E-06
   237.62186816758515        3.04536138E-06
   237.95560674647220        3.10731434E-06
   238.28934532535925        3.15552484E-06
   238.62308390424630        3.18980892E-06
   238.95682248313335        3.20971662E-06
   239.29056106202040        3.21447988E-06
   239.62429964090745        3.20312120E-06
   239.95803821979450        3.17468402E-06
   240.29177679868155        3.12847328E-06
   240.62551537756860        3.06420225E-06
   240.95925395645565        2.98203827E-06
   241.29299253534271        2.88260253E-06
   241.62673111422976        2.76695937E-06
   241.96046969311681        2.63656534E-06
   242.29420827200386        2.49313302E-06
   242.62794685089091        2.33842616E-06
   242.96168542977796        2.17407705E-06
   243.29542400866501        2.00151635E-06
   243.62916258755206        1.82201995E-06
   243.96290116643911        1.63679636E-06
   244.29663974532616        1.44703120E-06
   244.63037832421321        1.25389090E-06
   244.96411690310026        1.05855293E-06
   245.29785548198731        8.62312049E-07
   245.63159406087436        6.66725157E-07
   245.96533263976141        4.73697497E-07
   246.29907121864846        2.85449289E-07
   246.63280979753551        1.04392996E-07
   246.96654837642257       -6.69955611E-08
   247.30028695530962       -2.26265897E-07
   247.63402553419667       -3.71071081E-07
   247.96776411308372       -4.99284909E-07
   248.30150269197077       -6.09143740E-07
   248.63524127085782       -6.99326108E-07
   248.96897984974487       -7.68894097E-07
   249.30271842863192       -8.17119542E-07
   249.63645700751897       -8.43307646E-07
   249.97019558640602       -8.46720866E-07
   250.30393416529307       -8.26608414E-07
   250.63767274418012       -7.82267534E-07
   250.97141132306717       -7.13080794E-07
   251.30514990195422       -6.18551837E-07
   251.63888848084127       -4.98401903E-07
   251.97262705972832       -3.52733196E-07
   252.30636563861538       -1.82177388E-07
   252.64010421750243        1.20677930E-08
   252.97384279638948        2.28327920E-07
   253.30758137527653        4.64584588E-07
   253.64131995416358        7.18560500E-07
   253.97505853305063        9.87749331E-07
   254.30879711193768        1.26946043E-06
   254.64253569082473        1.56092869E-06
   254.97627426971178        1.85944668E-06
   255.31001284859883        2.16241529E-06
   255.64375142748588        2.46725608E-06
   255.97749000637293        2.77124104E-06
   256.31122858525998        3.07135838E-06
   256.64496716414703        3.36429025E-06
   256.97870574303408        3.64647576E-06
   257.31244432192113        3.91418916E-06
   257.64618290080818        4.16360899E-06
   257.97992147969524        4.39091127E-06
   258.31366005858229        4.59243165E-06
   258.64739863746934        4.76485457E-06
   258.98113721635639        4.90534103E-06
   259.31487579524344        5.01153363E-06
   259.64861437413049        5.08148196E-06
   259.98235295301754        5.11358758E-06
   260.31609153190459        5.10663767E-06
   260.64983011079164        5.05988373E-06
   260.98356868967869        4.97306428E-06
   261.31730726856574        4.84633210E-06
   261.65104584745279        4.68013013E-06
   261.98478442633984        4.47512184E-06
   262.31852300522689        4.23222218E-06
   262.65226158411394        3.95268398E-06
   262.98600016300099        3.63816707E-06
   263.31973874188805        3.29076079E-06
   263.65347732077510        2.91300194E-06
   263.98721589966215        2.50792368E-06
   264.32095447854920        2.07910921E-06
   264.65469305743625        1.63067557E-06
   264.98843163632330        1.16714341E-06
   265.32217021521035        6.93242612E-07
   265.65590879409740        2.13753040E-07
   265.98964737298445       -2.66559283E-07
   266.32338595187150       -7.42948657E-07
   266.65712453075855       -1.21072424E-06
   266.99086310964560       -1.66534710E-06
   267.32460168853265       -2.10253597E-06
   267.65834026741970       -2.51830420E-06
   267.99207884630675       -2.90891558E-06
   268.32581742519380       -3.27083080E-06
   268.65955600408086       -3.60071886E-06
   268.99329458296791       -3.89552952E-06
   269.32703316185496       -4.15255181E-06
   269.66077174074201       -4.36940445E-06
   269.99451031962906       -4.54399651E-06
   270.32824889851611       -4.67454856E-06
   270.66198747740316       -4.75971774E-06
   270.99572605629021       -4.79877099E-06
   271.32946463517726       -4.79169694E-06
   271.66320321406431       -4.73920136E-06
   271.99694179295136       -4.64262757E-06
   272.33068037183841       -4.50386733E-06
   272.66441895072546       -4.32529214E-06
   272.99815752961251       -4.10965822E-06
   273.33189610849956       -3.85996009E-06
   273.66563468738661       -3.57927320E-06
   273.99937326627366       -3.27066482E-06
   274.33311184516072       -2.93722474E-06
   274.66685042404777       -2.58216301E-06
   275.00058900293482       -2.20887637E-06
   275.33432758182187       -1.82093106E-06
   275.66806616070892       -1.42199815E-06
   276.00180473959597       -1.01581702E-06
   276.33554331848302       -6.06216361E-07
   276.66928189737007       -1.97138903E-07
   277.00302047625712        2.07405705E-07
   277.33675905514417        6.03480487E-07
   277.67049763403122        9.87396902E-07
   278.00423621291827        1.35584969E-06
   278.33797479180532        1.70598116E-06
   278.67171337069237        2.03540253E-06
   279.00545194957942        2.34220602E-06
   279.33919052846647        2.62495814E-06
   279.67292910735353        2.88263436E-06
   280.00666768624058        3.11448002E-06
   280.34040626512763        3.31983983E-06
   280.67414484401468        3.49803918E-06
   281.00788342290173        3.64836274E-06
   281.34162200178878        3.77010701E-06
   281.67536058067583        3.86264310E-06
   282.00909915956288        3.92545007E-06
   282.34283773844993        3.95814368E-06
   282.67657631733698        3.96054747E-06
   283.01031489622403        3.93281425E-06
   283.34405347511108        3.87553291E-06
   283.67779205399813        3.78973982E-06
   284.01153063288518        3.67680514E-06
   284.34526921177223        3.53825249E-06
   284.67900779065928        3.37559231E-06
   285.01274636954633        3.19021319E-06
   285.34648494843339        2.98330656E-06
   285.68022352732044        2.75579418E-06
   286.01396210620749        2.50828271E-06
   286.34770068509454        2.24111477E-06
   286.68143926398159        1.95454982E-06
   287.01517784286864        1.64901564E-06
   287.34891642175569        1.32531375E-06
   287.68265500064274        9.84698886E-07
   288.01639357952979        6.28853513E-07
   288.35013215841684        2.59833598E-07
   288.68387073730389       -1.19973038E-07
   289.01760931619094       -5.07913512E-07
   289.35134789507799       -9.01211820E-07
   289.68508647396504       -1.29716364E-06
   290.01882505285209       -1.69328302E-06
   290.35256363173914       -2.08731262E-06
   290.68630221062620       -2.47710614E-06
   291.02004078951325       -2.86047930E-06
   291.35377936840030       -3.23510858E-06
   291.68751794728735       -3.59846854E-06
   292.02125652617440       -3.94774679E-06
   292.35499510506145       -4.27972100E-06
   292.68873368394850       -4.59067223E-06
   293.02247226283555       -4.87644274E-06
   293.35621084172260       -5.13265604E-06
   293.68994942060965       -5.35501022E-06
   294.02368799949670       -5.53952123E-06
   294.35742657838375       -5.68266387E-06
   294.69116515727080       -5.78145364E-06
   295.02490373615785       -5.83351903E-06
   295.35864231504490       -5.83714609E-06
   295.69238089393195       -5.79123116E-06
   296.02611947281900       -5.69510894E-06
   296.35985805170606       -5.54834196E-06
   296.69359663059311       -5.35059007E-06
   297.02733520948016       -5.10164045E-06
   297.36107378836721       -4.80154677E-06
   297.69481236725426       -4.45078422E-06
   298.02855094614131       -4.05036008E-06
   298.36228952502836       -3.60191575E-06
   298.69602810391541       -3.10786118E-06
   299.02976668280246       -2.57152738E-06
   299.36350526168951       -1.99724241E-06
   299.69724384057656       -1.39025963E-06
   300.03098241946361       -7.56559984E-07
   300.36472099835066       -1.02630857E-07
   300.69845957723771        5.64696336E-07
   301.03219815612476        1.23835628E-06
   301.36593673501181        1.91117260E-06
   301.69967531389887        2.57602301E-06
   302.03341389278592        3.22598908E-06
   302.36715247167297        3.85440399E-06
   302.70089105056002        4.45477463E-06
   303.03462962944707        5.02066132E-06
   303.36836820833412        5.54562121E-06
   303.70210678722117        6.02326372E-06
   304.03584536610822        6.44736929E-06
   304.36958394499527        6.81199845E-06
   304.70332252388232        7.11159555E-06
   305.03706110276937        7.34113110E-06
   305.37079968165642        7.49632454E-06
   305.70453826054347        7.57389171E-06
   306.03827683943052        7.57171165E-06
   306.37201541831757        7.48885532E-06
   306.70575399720462        7.32552189E-06
   307.03949257609167        7.08296693E-06
   307.37323115497873        6.76346872E-06
   307.70696973386578        6.37027824E-06
   308.04070831275283        5.90749005E-06
   308.37444689163988        5.37984124E-06
   308.70818547052693        4.79252958E-06
   309.04192404941398        4.15115255E-06
   309.37566262830103        3.46176557E-06
   309.70940120718808        2.73097749E-06
   310.04313978607513        1.96599194E-06
   310.37687836496218        1.17458899E-06
   310.71061694384923        3.65092404E-07
   311.04435552273628       -4.53653968E-07
   311.37809410162333       -1.27234989E-06
   311.71183268051038       -2.08141500E-06
   312.04557125939743       -2.87128501E-06
   312.37930983828448       -3.63274080E-06
   312.71304841717154       -4.35715674E-06
   313.04678699605859       -5.03662113E-06
   313.38052557494564       -5.66398012E-06
   313.71426415383269       -6.23287951E-06
   314.04800273271974       -6.73782552E-06
   314.38174131160679       -7.17421472E-06
   314.71547989049384       -7.53829545E-06
   315.04921846938089       -7.82707775E-06
   315.38295704826794       -8.03827606E-06
   315.71669562715499       -8.17032469E-06
   316.05043420604204       -8.22244874E-06
   316.38417278492909       -8.19470279E-06
   316.71791136381614       -8.08795176E-06
   317.05164994270319       -7.90384001E-06
   317.38538852159024       -7.64482684E-06
   317.71912710047729       -7.31430600E-06
   318.05286567936434       -6.91673267E-06
   318.38660425825140       -6.45763521E-06
   318.72034283713845       -5.94347284E-06
   319.05408141602550       -5.38139420E-06
   319.38781999491255       -4.77898902E-06
   319.72155857379960       -4.14407396E-06
   320.05529715268665       -3.48449998E-06
   320.38903573157370       -2.80795666E-06
   320.72277431046075       -2.12181703E-06
   321.05651288934780       -1.43309035E-06
   321.39025146823485       -7.48502941E-07
   321.72399004712190       -7.46310747E-08
   322.05772862600895        5.82029145E-07
   322.39146720489600        1.21510993E-06
   322.72520578378305        1.81848884E-06
   323.05894436267010        2.38638631E-06
   323.39268294155715        2.91341462E-06
   323.72642152044421        3.39463440E-06
   324.06016009933126        3.82568805E-06
   324.39389867821831        4.20299739E-06
   324.72763725710536        4.52393897E-06
   325.06137583599241        4.78690890E-06
   325.39511441487946        4.99127418E-06
   325.72885299376651        5.13727946E-06
   326.06259157265356        5.22595610E-06
   326.39633015154061        5.25901487E-06
   326.73006873042766        5.23867220E-06
   327.06380730931471        5.16741557E-06
   327.39754588820176        5.04779746E-06
   327.73128446708881        4.88236947E-06
   328.06502304597586        4.67376913E-06
   328.39876162486291        4.42488181E-06
   328.73250020374996        4.13897078E-06
   329.06623878263701        3.81972541E-06
   329.39997736152407        3.47125751E-06
   329.73371594041112        3.09808297E-06
   330.06745451929817        2.70507030E-06
   330.40119309818522        2.29730858E-06
   330.73493167707227        1.87988439E-06
   331.06867025595932        1.45763204E-06
   331.40240883484637        1.03495574E-06
   331.73614741373342        6.15773786E-07
   332.06988599262047        2.03549291E-07
   332.40362457150752       -1.98668445E-07
   332.73736315039457       -5.88229284E-07
   333.07110172928162       -9.62862146E-07
   333.40484030816867       -1.32059472E-06
   333.73857888705572       -1.65960773E-06
   334.07231746594277       -1.97808731E-06
   334.40605604482982       -2.27415558E-06
   334.73979462371688       -2.54590486E-06
   335.07353320260393       -2.79149299E-06
   335.40727178149098       -3.00923466E-06
   335.74101036037803       -3.19767082E-06
   336.07474893926508       -3.35564368E-06
   336.40848751815213       -3.48239701E-06
   336.74222609703918       -3.57766703E-06
   337.07596467592623       -3.64169364E-06
   337.40970325481328       -3.67511370E-06
   337.74344183370033       -3.67878692E-06
   338.07718041258738       -3.65364599E-06
   338.41091899147443       -3.60062722E-06
   338.74465757036148       -3.52065126E-06
   339.07839614924853       -3.41458895E-06
   339.41213472813558       -3.28319084E-06
   339.74587330702263       -3.12704174E-06
   340.07961188590969       -2.94661936E-06
   340.41335046479674       -2.74246599E-06
   340.74708904368379       -2.51539291E-06
   341.08082762257084       -2.26661814E-06
   341.41456620145789       -1.99780902E-06
   341.74830478034494       -1.71106956E-06
   342.08204335923199       -1.40891291E-06
   342.41578193811904       -1.09420137E-06
   342.74952051700609       -7.69999815E-07
   343.08325909589314       -4.39349236E-07
   343.41699767478019       -1.05055122E-07
   343.75073625366724        2.30387258E-07
   344.08447483255429        5.64694972E-07
   344.41821341144134        8.95610924E-07
   344.75195199032839        1.22075187E-06
   345.08569056921544        1.53754399E-06
   345.41942914810249        1.84320481E-06
   345.75316772698955        2.13471412E-06
   346.08690630587660        2.40878603E-06
   346.42064488476365        2.66191114E-06
   346.75438346365070        2.89050899E-06
   347.08812204253775        3.09114057E-06
   347.42186062142480        3.26068084E-06
   347.75559920031185        3.39640269E-06
   348.08933777919890        3.49601169E-06
   348.42307635808595        3.55770658E-06
   348.75681493697300        3.58027069E-06
   349.09055351586005        3.56312216E-06
   349.42429209474710        3.50624327E-06
   349.75803067363415        3.41000191E-06
   350.09176925252120        3.27496832E-06
   350.42550783140825        3.10183077E-06
   350.75924641029530        2.89142827E-06
   351.09298498918236        2.64484129E-06
   351.42672356806941        2.36347523E-06
   351.76046214695646        2.04913999E-06
   352.09420072584351        1.70416570E-06
   352.42793930473056        1.33155447E-06
   352.76167788361761        9.35096523E-07
   353.09541646250466        5.19355012E-07
   353.42915504139171        8.94953871E-08
   353.76289362027876       -3.48963113E-07
   354.09663219916581       -7.90361241E-07
   354.43037077805286       -1.22902861E-06
   354.76410935693991       -1.65936706E-06
   355.09784793582696       -2.07595008E-06
   355.43158651471401       -2.47364233E-06
   355.76532509360106       -2.84767339E-06
   356.09906367248811       -3.19361811E-06
   356.43280225137516       -3.50731307E-06
   356.76654083026222       -3.78480422E-06
   357.10027940914927       -4.02238447E-06
   357.43401798803632       -4.21668847E-06
   357.76775656692337       -4.36475557E-06
   358.10149514581042       -4.46402191E-06
   358.43523372469747       -4.51230062E-06
   358.76897230358452       -4.50784000E-06
   359.10271088247157       -4.44948455E-06
   359.43644946135862       -4.33685636E-06
   359.77018804024567       -4.17046203E-06
   360.10392661913272       -3.95169218E-06
   360.43766519801977       -3.68278143E-06
   360.77140377690682       -3.36678886E-06
   361.10514235579387       -3.00757824E-06
   361.43888093468092       -2.60972138E-06
   361.77261951356797       -2.17828574E-06
   362.10635809245503       -1.71857573E-06
   362.44009667134208       -1.23595350E-06
   362.77383525022913       -7.35807475E-07
   363.10757382911618       -2.23615643E-07
   363.44131240800323        2.95000717E-07
   363.77505098689028        8.14283169E-07
   364.10878956577733        1.32836294E-06
   364.44252814466438        1.83125564E-06
   364.77626672355143        2.31684521E-06
   365.11000530243848        2.77894583E-06
   365.44374388132553        3.21149969E-06
   365.77748246021258        3.60885542E-06
   366.11122103909963        3.96599944E-06
   366.44495961798668        4.27865143E-06
   366.77869819687373        4.54325209E-06
   367.11243677576078        4.75693969E-06
   367.44617535464783        4.91756782E-06
   367.77991393353489        5.02373632E-06
   368.11365251242194        5.07476534E-06
   368.44739109130899        5.07060213E-06
   368.78112967019604        5.01172235E-06
   369.11486824908309        4.89909371E-06
   369.44860682797014        4.73419504E-06
   369.78234540685719        4.51902361E-06
   370.11608398574424        4.25603821E-06
   370.44982256463129        3.94807648E-06
   370.78356114351834        3.59832757E-06
   371.11729972240539        3.21041512E-06
   371.45103830129244        2.78853372E-06
   371.78477688017949        2.33753008E-06
   372.11851545906654        1.86285104E-06
   372.45225403795359        1.37037148E-06
   372.78599261684064        8.66178084E-07
   373.11973119572770        3.56362619E-07
   373.45346977461475       -1.53172209E-07
   373.78720835350180       -6.56908810E-07
   374.12094693238885       -1.14988472E-06
   374.45468551127590       -1.62776666E-06
   374.78842409016295       -2.08678148E-06
   375.12216266905000       -2.52354016E-06
   375.45590124793705       -2.93486187E-06
   375.78963982682410       -3.31768638E-06
   376.12337840571115       -3.66908125E-06
   376.45711698459820       -3.98627890E-06
   376.79085556348525       -4.26669430E-06
   377.12459414237230       -4.50793732E-06
   377.45833272125935       -4.70788427E-06
   377.79207130014640       -4.86482668E-06
   378.12580987903345       -4.97765086E-06
   378.45954845792050       -5.04595346E-06
   378.79328703680756       -5.07005279E-06
   379.12702561569461       -5.05092066E-06
   379.46076419458166       -4.99009229E-06
   379.79450277346871       -4.88957085E-06
   380.12824135235576       -4.75169463E-06
   380.46197993124281       -4.57894521E-06
   380.79571851012986       -4.37373455E-06
   381.12945708901691       -4.13826501E-06
   381.46319566790396       -3.87452383E-06
   381.79693424679101       -3.58439206E-06
   382.13067282567806       -3.26978056E-06
   382.46441140456511       -2.93272365E-06
   382.79814998345216       -2.57542865E-06
   383.13188856233921       -2.20032280E-06
   383.46562714122626       -1.81011296E-06
   383.79936572011331       -1.40781049E-06
   384.13310429900037       -9.96659423E-07
   384.46684287788742       -5.79964990E-07
   384.80058145677447       -1.60895056E-07
   385.13432003566152        2.57650413E-07
   385.46805861454857        6.73067916E-07
   385.80179719343562        1.08301742E-06
   386.13553577232267        1.48538402E-06
   386.46927435120972        1.87824003E-06
   386.80301293009677        2.25976601E-06
   387.13675150898382        2.62810363E-06
   387.47049008787087        2.98118539E-06
   387.80422866675792        3.31663568E-06
   388.13796724564497        3.63180106E-06
   388.47170582453202        3.92388984E-06
   388.80544440341907        4.19013168E-06
   389.13918298230612        4.42789997E-06
   389.47292156119317        4.63479910E-06
   389.80666014008023        4.80875269E-06
   390.14039871896728        4.94809001E-06
   390.47413729785433        5.05157232E-06
   390.80787587674138        5.11830149E-06
   391.14161445562843        5.14754129E-06
   391.47535303451548        5.13855548E-06
   391.80909161340253        5.09056144E-06
   392.14283019228958        5.00280794E-06
   392.47656877117663        4.87468697E-06
   392.81030735006368        4.70579835E-06
   393.14404592895073        4.49597155E-06
   393.47778450783778        4.24531208E-06
   393.81152308672483        3.95431471E-06
   394.14526166561188        3.62399942E-06
   394.47900024449893        3.25598035E-06
   394.81273882338598        2.85244573E-06
   395.14647740227304        2.41610269E-06
   395.48021598116009        1.95016287E-06
   395.81395456004714        1.45836771E-06
   396.14769313893419        9.44964881E-07
   396.48143171782124        4.14571730E-07
   396.81517029670829       -1.28038749E-07
   397.14890887559534       -6.78109302E-07
   397.48264745448239       -1.23093935E-06
   397.81638603336944       -1.78182040E-06
   398.15012461225649       -2.32596449E-06
   398.48386319114354       -2.85848864E-06
   398.81760177003059       -3.37443066E-06
   399.15134034891764       -3.86872989E-06
   399.48507892780469       -4.33617879E-06
   399.81881750669174       -4.77142294E-06
   400.15255608557879       -5.16909131E-06
   400.48629466446585       -5.52403617E-06
   400.82003324335290       -5.83156907E-06
   401.15377182223995       -6.08759319E-06
   401.48751040112700       -6.28862927E-06
   401.82124898001405       -6.43181784E-06
   402.15498755890110       -6.51496339E-06
   402.48872613778815       -6.53660118E-06
   402.82246471667520       -6.49601452E-06
   403.15620329556225       -6.39316659E-06
   403.48994187444930       -6.22860398E-06
   403.82368045333635       -6.00341264E-06
   404.15741903222340       -5.71924693E-06
   404.49115761111045       -5.37837604E-06
   404.82489618999750       -4.98367990E-06
   405.15863476888455       -4.53859002E-06
   405.49237334777160       -4.04704952E-06
   405.82611192665865       -3.51354674E-06
   406.15985050554571       -2.94320193E-06
   406.49358908443276       -2.34180607E-06
   406.82732766331981       -1.71574266E-06
   407.16106624220686       -1.07180267E-06
   407.49480482109391       -4.16982317E-07
   407.82854339998096        2.41669653E-07
   408.16228197886801        8.97158714E-07
   408.49602055775506        1.54265547E-06
   408.82975913664211        2.17162938E-06
   409.16349771552916        2.77795812E-06
   409.49723629441621        3.35594586E-06
   409.83097487330326        3.90024752E-06
   410.16471345219031        4.40577605E-06
   410.49845203107736        4.86768158E-06
   410.83219060996441        5.28142755E-06
   411.16592918885146        5.64290212E-06
   411.49966776773852        5.94849189E-06
   411.83340634662557        6.19512412E-06
   412.16714492551262        6.38033953E-06
   412.50088350439967        6.50243737E-06
   412.83462208328672        6.56064321E-06
   413.16836066217377        6.55519580E-06
   413.50209924106082        6.48729019E-06
   413.83583781994787        6.35892229E-06
   414.16957639883492        6.17274145E-06
   414.50331497772197        5.93196364E-06
   414.83705355660902        5.64030961E-06
   415.17079213549607        5.30189982E-06
   415.50453071438312        4.92110530E-06
   415.83826929327017        4.50242669E-06
   416.17200787215722        4.05047012E-06
   416.50574645104427        3.56999590E-06
   416.83948502993132        3.06594984E-06
   417.17322360881838        2.54341285E-06
   417.50696218770543        2.00750651E-06
   417.84070076659248        1.46335015E-06
   418.17443934547953        9.16107695E-07
   418.50817792436658        3.71060821E-07
   418.84191650325363       -1.66403524E-07
   419.17565508214068       -6.90933689E-07
   419.50939366102773       -1.19741958E-06
   419.84313223991478       -1.68116765E-06
   420.17687081880183       -2.13801013E-06
   420.51060939768888       -2.56438830E-06
   420.84434797657593       -2.95744917E-06
   421.17808655546298       -3.31512160E-06
   421.51182513435003       -3.63608956E-06
   421.84556371323708       -3.91962067E-06
   422.17930229212413       -4.16531884E-06
   422.51304087101119       -4.37292238E-06
   422.84677944989824       -4.54223027E-06
   423.18051802878529       -4.67313066E-06
   423.51425660767234       -4.76565765E-06
   423.84799518655939       -4.82003088E-06
   424.18173376544644       -4.83670647E-06
   424.51547234433349       -4.81647658E-06
   424.84921092322054       -4.76059131E-06
   425.18294950210759       -4.67083282E-06
   425.51668808099464       -4.54946621E-06
   425.85042665988169       -4.39909172E-06
   426.18416523876874       -4.22247876E-06
   426.51790381765579       -4.02244723E-06
   426.85164239654284       -3.80179063E-06
   427.18538097542989       -3.56317605E-06
   427.51911955431694       -3.30899775E-06
   427.85285813320399       -3.04123773E-06
   428.18659671209105       -2.76143055E-06
   428.52033529097810       -2.47077719E-06
   428.85407386986515       -2.17036313E-06
   429.18781244875220       -1.86138027E-06
   429.52155102763925       -1.54527777E-06
   429.85528960652630       -1.22383244E-06
   430.18902818541335       -8.99161080E-07
   430.52276676430040       -5.73671684E-07
   430.85650534318745       -2.49923772E-07
   431.19024392207450        6.96074878E-08
   431.52398250096155        3.82795690E-07
   431.85772107984860        6.88041780E-07
   432.19145965873565        9.84291319E-07
   432.52519823762270        1.27091118E-06
   432.85893681650975        1.54751729E-06
   433.19267539539680        1.81382336E-06
   433.52641397428386        2.06950835E-06
   433.86015255317091        2.31405738E-06
   434.19389113205796        2.54657493E-06
   434.52762971094501        2.76564492E-06
   434.86136828983206        2.96932899E-06
   435.19510686871911        3.15533021E-06
   435.52884544760616        3.32125205E-06
   435.86258402649321        3.46484694E-06
   436.19632260538026        3.58419652E-06
   436.53006118426731        3.67783059E-06
   436.86379976315436        3.74480601E-06
   437.19753834204141        3.78472805E-06
   437.53127692092846        3.79766993E-06
   437.86501549981551        3.78398067E-06
   438.19875407870256        3.74405317E-06
   438.53249265758961        3.67815187E-06
   438.86623123647666        3.58636339E-06
   439.19996981536372        3.46863908E-06
   439.53370839425077        3.32485774E-06
   439.86744697313782        3.15487546E-06
   440.20118555202487        2.95859741E-06
   440.53492413091192        2.73612818E-06
   440.86866270979897        2.48799597E-06
   441.20240128868602        2.21536425E-06
   441.53613986757307        1.92013181E-06
   441.86987844646012        1.60488855E-06
   442.20361702534717        1.27278133E-06
   442.53735560423422        9.27358485E-07
   442.87109418312127        5.72413853E-07
   443.20483276200832        2.11802927E-07
   443.53857134089537       -1.50774682E-07
   443.87230991978242       -5.11960195E-07
   444.20604849866947       -8.68788277E-07
   444.53978707755653       -1.21856613E-06
   444.87352565644358       -1.55864927E-06
   445.20726423533063       -1.88624233E-06
   445.54100281421768       -2.19831190E-06
   445.87474139310473       -2.49160234E-06
   446.20847997199178       -2.76269884E-06
   446.54221855087883       -3.00810984E-06
   446.87595712976588       -3.22439973E-06
   447.20969570865293       -3.40839460E-06
   447.54343428753998       -3.55741054E-06
   447.87717286642703       -3.66940549E-06
   448.21091144531408       -3.74299043E-06
   448.54465002420113       -3.77734546E-06
   448.87838860308818       -3.77215224E-06
   449.21212718197523       -3.72760724E-06
   449.54586576086228       -3.64447124E-06
   449.87960433974933       -3.52404891E-06
   450.21334291863639       -3.36805078E-06
   450.54708149752344       -3.17840227E-06
   450.88082007641049       -2.95711175E-06
   451.21455865529754       -2.70625105E-06
   451.54829723418459       -2.42800593E-06
   451.88203581307164       -2.12473446E-06
   452.21577439195869       -1.79902145E-06
   452.54951297084574       -1.45377487E-06
   452.88325154973279       -1.09237567E-06
   453.21699012861984       -7.18802823E-07
   453.55072870750689       -3.37616342E-07
   453.88446728639394        4.62443275E-08
   454.21820586528099        4.27763553E-07
   454.55194444416804        8.02114130E-07
   454.88568302305509        1.16480578E-06
   455.21942160194214        1.51174993E-06
   455.55316018082920        1.83931490E-06
   455.88689875971625        2.14439024E-06
   456.22063733860330        2.42440296E-06
   456.55437591749035        2.67723703E-06
   456.88811449637740        2.90108073E-06
   457.22185307526445        3.09430220E-06
   457.55559165415150        3.25541828E-06
   457.88933023303855        3.38313612E-06
   458.22306881192560        3.47638570E-06
   458.55680739081265        3.53430096E-06
   458.89054596969970        3.55619682E-06
   459.22428454858675        3.54163058E-06
   459.55802312747380        3.49056745E-06
   459.89176170636085        3.40357519E-06
   460.22550028524790        3.28193073E-06
   460.55923886413495        3.12759175E-06
   460.89297744302200        2.94307938E-06
   461.22671602190906        2.73135015E-06
   461.56045460079611        2.49568211E-06
   461.89419317968316        2.23953407E-06
   462.22793175857021        1.96635096E-06
   462.56167033745726        1.67936071E-06
   462.89540891634431        1.38146595E-06
   463.22914749523136        1.07528672E-06
   463.56288607411841        7.63304456E-07
   463.89662465300546        4.47994381E-07
   464.23036323189251        1.31876305E-07
   464.56410181077956       -1.82488805E-07
   464.89784038966661       -4.92484332E-07
   465.23157896855366       -7.95387734E-07
   465.56531754744071       -1.08835161E-06
   465.89905612632776       -1.36849428E-06
   466.23279470521481       -1.63309267E-06
   466.56653328410187       -1.87977616E-06
   466.90027186298892       -2.10662074E-06
   467.23401044187597       -2.31213244E-06
   467.56774902076302       -2.49519826E-06
   467.90148759965007       -2.65506878E-06
   468.23522617853712       -2.79135634E-06
   468.56896475742417       -2.90397656E-06
   468.90270333631122       -2.99300791E-06
   469.23644191519827       -3.05853200E-06
   469.57018049408532       -3.10055179E-06
   469.90391907297237       -3.11901931E-06
   470.23765765185942       -3.11390568E-06
   470.57139623074647       -3.08523340E-06
   470.90513480963352       -3.03306160E-06
   471.23887338852057       -2.95749487E-06
   471.57261196740762       -2.85877445E-06
   471.90635054629468       -2.73741830E-06
   472.24008912518173       -2.59431249E-06
   472.57382770406878       -2.43068871E-06
   472.90756628295583       -2.24801624E-06
   473.24130486184288       -2.04789012E-06
   473.57504344072993       -1.83196323E-06
   473.90878201961698       -1.60188961E-06
   474.24252059850403       -1.35922960E-06
   474.57625917739108       -1.10532756E-06
   474.90999775627813       -8.41242127E-07
   475.24373633516518       -5.67807149E-07
   475.57747491405223       -2.85813371E-07
   475.91121349293928        3.77756715E-09
   476.24495207182633        2.99680124E-07
   476.57869065071338        6.00219778E-07
   476.91242922960043        9.03321848E-07
   477.24616780848748        1.20652157E-06
   477.57990638737454        1.50700919E-06
   477.91364496626159        1.80174766E-06
   478.24738354514864        2.08766346E-06
   478.58112212403569        2.36184701E-06
   478.91486070292274        2.62167805E-06
   479.24859928180979        2.86483464E-06
   479.58233786069684        3.08922313E-06
   479.91607643958389        3.29289696E-06
   480.24981501847094        3.47399987E-06
   480.58355359735799        3.63071172E-06
   480.91729217624504        3.76116441E-06
   481.25103075513209        3.86334114E-06
   481.58476933401914        3.93503296E-06
   481.91850791290619        3.97391614E-06
   482.25224649179324        3.97774511E-06
   482.58598507068029        3.94457766E-06
   482.91972364956735        3.87293994E-06
   483.25346222845440        3.76190633E-06
   483.58720080734145        3.61113030E-06
   483.92093938622850        3.42087492E-06
   484.25467796511555        3.19202650E-06
   484.58841654400260        2.92604068E-06
   484.92215512288965        2.62480671E-06
   485.25589370177670        2.29048646E-06
   485.58963228066375        1.92542416E-06
   485.92337085955080        1.53216945E-06
   486.25710943843785        1.11356621E-06
   486.59084801732490        6.72822921E-07
   486.92458659621195        2.13531948E-07
   487.25832517509900       -2.60323361E-07
   487.59206375398605       -7.44323245E-07
   487.92580233287310       -1.23354619E-06
   488.25954091176015       -1.72256568E-06
   488.59327949064721       -2.20557195E-06
   488.92701806953426       -2.67658834E-06
   489.26075664842131       -3.12968109E-06
   489.59449522730836       -3.55909287E-06
   489.92823380619541       -3.95931511E-06
   490.26197238508246       -4.32516754E-06
   490.59571096396951       -4.65191351E-06
   490.92944954285656       -4.93534526E-06
   491.26318812174361       -5.17177386E-06
   491.59692670063066       -5.35791423E-06
   491.93066527951771       -5.49076049E-06
   492.26440385840476       -5.56755367E-06
   492.59814243729181       -5.58585953E-06
   492.93188101617886       -5.54369262E-06
   493.26561959506591       -5.43962005E-06
   493.59935817395296       -5.27284874E-06
   493.93309675284002       -5.04334184E-06
   494.26683533172707       -4.75197976E-06
   494.60057391061412       -4.40070016E-06
   494.93431248950117       -3.99252076E-06
   495.26805106838822       -3.53142536E-06
   495.60178964727527       -3.02217654E-06
   495.93552822616232       -2.47015237E-06
   496.26926680504937       -1.88124534E-06
   496.60300538393642       -1.26177474E-06
   496.93674396282347       -6.18356978E-07
   497.27048254171052        4.22565911E-08
   497.60422112059757        7.13296231E-07
   497.93795969948462        1.38798214E-06
   498.27169827837167        2.05944662E-06
   498.60543685725872        2.72066450E-06
   498.93917543614577        3.36446374E-06
   499.27291401503282        3.98361090E-06
   499.60665259391988        4.57090300E-06
   499.94039117280693        5.11923508E-06
   500.27412975169398        5.62168043E-06
   500.60786833058103        6.07164793E-06
   500.94160690946808        6.46312174E-06
   501.27534548835513        6.79089680E-06
   501.60908406724218        7.05071261E-06
   501.94282264612923        7.23926178E-06
   502.27656122501628        7.35414278E-06
   502.61029980390333        7.39383995E-06
   502.94403838279038        7.35773983E-06
   503.27777696167743        7.24611255E-06
   503.61151554056448        7.06001720E-06
   503.94525411945153        6.80115909E-06
   504.27899269833858        6.47179650E-06
   504.61273127722563        6.07474885E-06
   504.94646985611269        5.61347133E-06
   505.28020843499974        5.09210122E-06
   505.61394701388679        4.51544111E-06
   505.94768559277384        3.88891795E-06
   506.28142417166089        3.21858806E-06
   506.61516275054794        2.51118172E-06
   506.94890132943499        1.77410516E-06
   507.28263990832204        1.01530998E-06
   507.61637848720909        2.43039580E-07
   507.95011706609614       -5.34449669E-07
   508.28385564498319       -1.30909268E-06
   508.61759422387024       -2.07312974E-06
   508.95133280275729       -2.81918619E-06
   509.28507138164434       -3.54035728E-06
   509.61880996053139       -4.23026631E-06
   509.95254853941844       -4.88303203E-06
   510.28628711830549       -5.49313654E-06
   510.62002569719255       -6.05528521E-06
   510.95376427607960       -6.56435759E-06
   511.28750285496665       -7.01548788E-06
   511.62124143385370       -7.40420637E-06
   511.95498001274075       -7.72655585E-06
   512.28871859162780       -7.97916255E-06
   512.62245717051485       -8.15932253E-06
   512.95619574940190       -8.26514406E-06
   513.28993432828895       -8.29571945E-06
   513.62367290717600       -8.25122333E-06
   513.95741148606305       -8.13287625E-06
   514.29115006495010       -7.94279185E-06
   514.62488864383715       -7.68379778E-06
   514.95862722272420       -7.35928279E-06
   515.29236580161125       -6.97305541E-06
   515.62610438049830       -6.52916287E-06
   515.95984295938536       -6.03169565E-06
   516.29358153827241       -5.48466096E-06
   516.62732011715946       -4.89201784E-06
   516.96105869604651       -4.25786766E-06
   517.29479727493356       -3.58668694E-06
   517.62853585382061       -2.88347746E-06
   517.96227443270766       -2.15379350E-06
   518.29601301159471       -1.40369559E-06
   518.62975159048176       -6.39690882E-07
   518.96349016936881        1.31350902E-07
   519.29722874825586        9.02362785E-07
   519.63096732714291        1.66634084E-06
   519.96470590602996        2.41662224E-06
   520.29844448491701        3.14706858E-06
   520.63218306380406        3.85210751E-06
   520.96592164269111        4.52668974E-06
   521.29966022157816        5.16624323E-06
   521.63339880046522        5.76664570E-06
   521.96713737935227        6.32414867E-06
   522.30087595823932        6.83520602E-06
   522.63461453712637        7.29625981E-06
   522.96835311601342        7.70360657E-06
   523.30209169490047        8.05344189E-06
   523.63583027378752        8.34205730E-06
   523.96956885267457        8.56607676E-06
   524.30330743156162        8.72264445E-06
   524.63704601044867        8.80955304E-06
   524.97078458933572        8.82536096E-06
   525.30452316822277        8.76949616E-06
   525.63826174710982        8.64228423E-06
   525.97200032599687        8.44484566E-06
   526.30573890488392        8.17889486E-06
   526.63947748377097        7.84653639E-06
   526.97321606265803        7.45015905E-06
   527.30695464154508        6.99242173E-06
   527.64069322043213        6.47625802E-06
   527.97443179931918        5.90484751E-06
   528.30817037820623        5.28158398E-06
   528.64190895709328        4.61011723E-06
   528.97564753598033        3.89449906E-06
   529.30938611486738        3.13937858E-06
   529.64312469375443        2.35014431E-06
   529.97686327264148        1.53295889E-06
   530.31060185152853        6.94701441E-07
   530.64434043041558       -1.57137677E-07
   530.97807900930263       -1.01459818E-06
   531.31181758818968       -1.86945397E-06
   531.64555616707673       -2.71349109E-06
   531.97929474596378       -3.53880250E-06
   532.31303332485084       -4.33799642E-06
   532.64677190373789       -5.10424434E-06
   532.98051048262494       -5.83118253E-06
   533.31424906151199       -6.51275104E-06
   533.64798764039904       -7.14306134E-06
   533.98172621928609       -7.71631949E-06
   534.31546479817314       -8.22679158E-06
   534.64920337706019       -8.66879873E-06
   534.98294195594724       -9.03676755E-06
   535.31668053483429       -9.32538751E-06
   535.65041911372134       -9.52986738E-06
   535.98415769260839       -9.64623359E-06
   536.31789627149544       -9.67157303E-06
   536.65163485038249       -9.60417219E-06
   536.98537342926954       -9.44356543E-06
   537.31911200815659       -9.19055128E-06
   537.65285058704364       -8.84717974E-06
   537.98658916593070       -8.41667588E-06
   538.32032774481775       -7.90325430E-06
   538.65406632370480       -7.31185810E-06
   538.98780490259185       -6.64792242E-06
   539.32154348147890       -5.91725302E-06
   539.65528206036595       -5.12603765E-06
   539.98902063925300       -4.28091789E-06
   540.32275921814005       -3.38905716E-06
   540.65649779702710       -2.45819956E-06
   540.99023637591415       -1.49674872E-06
   541.32397495480120       -5.13863370E-07
   541.65771353368825        4.80507367E-07
   541.99145211257530        1.47573621E-06
   542.32519069146235        2.46078707E-06
   542.65892927034940        3.42455360E-06
   542.99266784923645        4.35615311E-06
   543.32640642812351        5.24514007E-06
   543.66014500701056        6.08167466E-06
   543.99388358589761        6.85669647E-06
   544.32762216478466        7.56207646E-06
   544.66136074367171        8.19067009E-06
   544.99509932255876        8.73623412E-06
   545.32883790144581        9.19327704E-06
   545.66257648033286        9.55694941E-06
   545.99631505921991        9.82305846E-06
   546.33005363810696        9.98817268E-06
   546.66379221699401        1.00497455E-05
   546.99753079588106        1.00062152E-05
   547.33126937476811        9.85711995E-06
   547.66500795365516        9.60324724E-06
   547.99874653254221        9.24679080E-06
   548.33248511142926        8.79142044E-06
   548.66622369031631        8.24219205E-06
   548.99996226920337        7.60535067E-06
   549.33370084809042        6.88812588E-06
   549.66743942697747        6.09860672E-06
   550.00117800586452        5.24567258E-06
   550.33491658475157        4.33889318E-06
   550.66865516363862        3.38834820E-06
   551.00239374252567        2.40440750E-06
   551.33613232141272        1.39755878E-06
   551.66987090029977        3.78330071E-07
   552.00360947918682       -6.42736779E-07
   552.33734805807387       -1.65512688E-06
   552.67108663696092       -2.64842242E-06
   553.00482521584797       -3.61235720E-06
   553.33856379473502       -4.53681560E-06
   553.67230237362207       -5.41181726E-06
   554.00604095250912       -6.22758716E-06
   554.33977953139618       -6.97477572E-06
   554.67351811028323       -7.64478500E-06
   555.00725668917028       -8.23007849E-06
   555.34099526805733       -8.72437977E-06
   555.67473384694438       -9.12275391E-06
   556.00847242583143       -9.42164297E-06
   556.34221100471848       -9.61889054E-06
   556.67594958360553       -9.71371628E-06
   557.00968816249258       -9.70658584E-06
   557.34342674137963       -9.59898352E-06
   557.67716532026668       -9.39318761E-06
   558.01090389915373       -9.09216214E-06
   558.34464247804078       -8.69957421E-06
   558.67838105692783       -8.21985122E-06
   559.01211963581488       -7.65819914E-06
   559.34585821470193       -7.02056877E-06
   559.67959679358898       -6.31365037E-06
   560.01333537247604       -5.54492863E-06
   560.34707395136309       -4.72275178E-06
   560.68081253025014       -3.85629846E-06
   561.01455110913719       -2.95540349E-06
   561.34828968802424       -2.03029253E-06
   561.68202826691129       -1.09133600E-06
   562.01576684579834       -1.48863023E-07
   562.34950542468539        7.87002591E-07
   562.68324400357244        1.70653311E-06
   563.01698258245949        2.60059096E-06
   563.35072116134654        3.46073830E-06
   563.68445974023359        4.27920577E-06
   564.01819831912064        5.04876880E-06
   564.35193689800769        5.76265029E-06
   564.68567547689474        6.41453016E-06
   565.01941405578179        6.99863267E-06
   565.35315263466885        7.50981008E-06
   565.68689121355590        7.94357402E-06
   566.02062979244295        8.29612691E-06
   566.35436837133000        8.56445422E-06
   566.68810695021705        8.74649140E-06
   567.02184552910410        8.84128167E-06
   567.35558410799115        8.84902238E-06
   567.68932268687820        8.77099683E-06
   568.02306126576525        8.60944147E-06
   568.35679984465230        8.36742674E-06
   568.69053842353935        8.04874162E-06
   569.02427700242640        7.65774530E-06
   569.35801558131345        7.19917580E-06
   569.69175416020050        6.67798349E-06
   570.02549273908755        6.09928065E-06
   570.35923131797460        5.46844103E-06
   570.69296989686165        4.79125993E-06
   571.02670847574871        4.07405696E-06
   571.36044705463576        3.32366608E-06
   571.69418563352281        2.54734709E-06
   572.02792421240986        1.75269747E-06
   572.36166279129691        9.47581213E-07
   572.69540137018396        1.40030565E-07
   573.02913994907101       -6.61925185E-07
   573.36287852795806       -1.45048091E-06
   573.69661710684511       -2.21824484E-06
   574.03035568573216       -2.95833388E-06
   574.36409426461921       -3.66439235E-06
   574.69783284350626       -4.33059950E-06
   575.03157142239331       -4.95170389E-06
   575.36531000128036       -5.52304164E-06
   575.69904858016741       -6.04047000E-06
   576.03278715905446       -6.50021320E-06
   576.36652573794152       -6.89869648E-06
   576.70026431682857       -7.23248377E-06
   577.03400289571562       -7.49835408E-06
   577.36774147460267       -7.69346298E-06
   577.70148005348972       -7.81551171E-06
   578.03521863237677       -7.86288456E-06
   578.36895721126382       -7.83477844E-06
   578.70269579015087       -7.73134252E-06
   579.03643436903792       -7.55377459E-06
   579.37017294792497       -7.30429247E-06
   579.70391152681202       -6.98595250E-06
   580.03765010569907       -6.60238538E-06
   580.37138868458612       -6.15757199E-06
   580.70512726347317       -5.65573509E-06
   581.03886584236022       -5.10133759E-06
   581.37260442124727       -4.49911522E-06
   581.70634300013432       -3.85411067E-06
   582.04008157902138       -3.17171975E-06
   582.37382015790843       -2.45777801E-06
   582.70755873679548       -1.71865656E-06
   583.04129731568253       -9.61298610E-07
   583.37503589456958       -1.93140849E-07
   583.70877447345663        5.78056643E-07
   584.04251305234368        1.34439108E-06
   584.37625163123073        2.09794530E-06
   584.70999021011778        2.83087388E-06
   585.04372878900483        3.53550490E-06
   585.37746736789188        4.20449305E-06
   585.71120594677893        4.83098074E-06
   586.04494452566598        5.40868723E-06
   586.37868310455303        5.93188406E-06
   586.71242168344008        6.39530072E-06
   587.04616026232713        6.79404729E-06
   587.37989884121419        7.12360361E-06
   587.71363742010124        7.37986647E-06
   588.04737599898829        7.55920610E-06
   588.38111457787534        7.65853292E-06
   588.71485315676239        7.67540951E-06
   589.04859173564944        7.60824332E-06
   589.38233031453649        7.45650823E-06
   589.71606889342354        7.22089590E-06
   590.04980747231059        6.90332718E-06
   590.38354605119764        6.50684069E-06
   590.71728463008469        6.03545323E-06
   591.05102320897174        5.49405604E-06
   591.38476178785879        4.88833712E-06
   591.71850036674584        4.22466383E-06
   592.05223894563289        3.50990626E-06
   592.38597752451994        2.75126854E-06
   592.71971610340699        1.95621305E-06
   593.05345468229405        1.13250121E-06
   593.38719326118110        2.88275061E-07
   593.72093184006815       -5.67914242E-07
   594.05467041895520       -1.42715646E-06
   594.38840899784225       -2.28025829E-06
   594.72214757672930       -3.11779149E-06
   595.05588615561635       -3.93013761E-06
   595.38962473450340       -4.70760733E-06
   595.72336331339045       -5.44067279E-06
   596.05710189227750       -6.12025906E-06
   596.39084047116455       -6.73798149E-06
   596.72457905005160       -7.28628220E-06
   597.05831762893865       -7.75849549E-06
   597.39205620782570       -8.14892519E-06
   597.72579478671275       -8.45294107E-06
   598.05953336559980       -8.66703522E-06
   598.39327194448686       -8.78877563E-06
   598.72701052337391       -8.81667711E-06
   599.06074910226096       -8.75008936E-06
   599.39448768114801       -8.58918429E-06
   599.72822626003506       -8.33502600E-06
   600.06196483892211       -7.98963993E-06
   600.39570341780916       -7.55601832E-06
   600.72944199669621       -7.03808973E-06
   601.06318057558326       -6.44071770E-06
   601.39691915447031       -5.76975981E-06
   601.73065773335736       -5.03212323E-06
   602.06439631224441       -4.23573329E-06
   602.39813489113146       -3.38938094E-06
   602.73187347001851       -2.50250173E-06
   603.06561204890556       -1.58496289E-06
   603.39935062779261       -6.46890385E-07
   603.73308920667967        3.01494168E-07
   604.06682778556672        1.25005317E-06
   604.40056636445377        2.18890500E-06
   604.73430494334082        3.10852306E-06
   605.06804352222787        3.99973169E-06
   605.40178210111492        4.85364762E-06
   605.73552068000197        5.66166727E-06
   606.06925925888902        6.41555926E-06
   606.40299783777607        7.10762470E-06
   606.73673641666312        7.73083684E-06
   607.07047499555017        8.27890381E-06
   607.40421357443722        8.74629586E-06
   607.73795215332427        9.12831001E-06
   608.07169073221132        9.42121187E-06
   608.40542931109837        9.62239483E-06
   608.73916788998542        9.73047554E-06
   609.07290646887247        9.74529303E-06
   609.40664504775953        9.66785865E-06
   609.74038362664658        9.50030062E-06
   610.07412220553363        9.24580672E-06
   610.40786078442068        8.90849697E-06
   610.74159936330773        8.49319349E-06
   611.07533794219478        8.00516227E-06
   611.40907652108183        7.44993986E-06
   611.74281509996888        6.83330654E-06
   612.07655367885593        6.16137095E-06
   612.41029225774298        5.44065006E-06
   612.74403083663003        4.67808650E-06
   613.07776941551708        3.88103581E-06
   613.41150799440413        3.05727781E-06
   613.74524657329118        2.21504320E-06
   614.07898515217823        1.36296205E-06
   614.41272373106528        5.09861536E-07
   614.74646230995234       -3.35554034E-07
   615.08020088883939       -1.16501599E-06
   615.41393946772644       -1.97089298E-06
   615.74767804661349       -2.74628496E-06
   616.08141662550054       -3.48508320E-06
   616.41515520438759       -4.18203581E-06
   616.74889378327464       -4.83276563E-06
   617.08263236216169       -5.43366104E-06
   617.41637094104874       -5.98164615E-06
   617.75010951993579       -6.47393836E-06
   618.08384809882284       -6.90792558E-06
   618.41758667770989       -7.28118766E-06
   618.75132525659694       -7.59160093E-06
   619.08506383548399       -7.83743963E-06
   619.41880241437104       -8.01746774E-06
   619.75254099325809       -8.13107181E-06
   620.08627957214514       -8.17843465E-06
   620.42001815103220       -8.16068041E-06
   620.75375672991925       -8.07987453E-06
   621.08749530880630       -7.93885920E-06
   621.42123388769335       -7.74100408E-06
   621.75497246658040       -7.48999082E-06
   622.08871104546745       -7.18968113E-06
   622.42244962435450       -6.84401994E-06
   622.75618820324155       -6.45690943E-06
   623.08992678212860       -6.03206854E-06
   623.42366536101565       -5.57295971E-06
   623.75740393990270       -5.08285166E-06
   624.09114251878975       -4.56500175E-06
   624.42488109767680       -4.02285559E-06
   624.75861967656385       -3.46017555E-06
   625.09235825545090       -2.88108390E-06
   625.42609683433795       -2.29005786E-06
   625.75983541322501       -1.69189582E-06
   626.09357399211206       -1.09161488E-06
   626.42731257099911       -4.94240339E-07
   626.76105114988616        9.54835002E-08
   627.09478972877321        6.73350257E-07
   627.42852830766026        1.23580071E-06
   627.76226688654731        1.77985760E-06
   628.09600546543436        2.30296109E-06
   628.42974404432141        2.80280165E-06
   628.76348262320846        3.27718999E-06
   629.09722120209551        3.72393583E-06
   629.43095978098256        4.14071383E-06
   629.76469835986961        4.52495169E-06
   630.09843693875666        4.87382158E-06
   630.43217551764371        5.18436900E-06
   630.76591409653076        5.45373223E-06
   631.09965267541781        5.67935513E-06
   631.43339125430487        5.85913631E-06
   631.76712983319192        5.99153009E-06
   632.10086841207897        6.07564334E-06
   632.43460699096602        6.11132191E-06
   632.76834556985307        6.09916424E-06
   633.10208414874012        6.04039542E-06
   633.43582272762717        5.93661662E-06
   633.76956130651422        5.78953041E-06
   634.10329988540127        5.60075432E-06
   634.43703846428832        5.37175811E-06
   634.77077704317537        5.10389737E-06
   635.10451562206242        4.79849587E-06
   635.43825420094947        4.45697469E-06
   635.77199277983652        4.08104734E-06
   636.10573135872357        3.67296593E-06
   636.43946993761062        3.23572749E-06
   636.77320851649768        2.77314689E-06
   637.10694709538473        2.28976023E-06
   637.44068567427178        1.79061612E-06
   637.77442425315883        1.28105341E-06
   638.10816283204588        7.66513779E-07
   638.44190141093293        2.52374008E-07
   638.77563998981998       -2.56233989E-07
   639.10937856870703       -7.54595476E-07
   639.44311714759408       -1.23850498E-06
   639.77685572648113       -1.70421936E-06
   640.11059430536818       -2.14829174E-06
   640.44433288425523       -2.56738122E-06
   640.77807146314228       -2.95813061E-06
   641.11181004202933       -3.31714000E-06
   641.44554862091638       -3.64100015E-06
   641.77928719980343       -3.92635366E-06
   642.11302577869048       -4.16999592E-06
   642.44676435757754       -4.36905020E-06
   642.78050293646459       -4.52120730E-06
   643.11424151535164       -4.62494245E-06
   643.44798009423869       -4.67961354E-06
   643.78171867312574       -4.68540838E-06
   644.11545725201279       -4.64320965E-06
   644.44919583089984       -4.55447116E-06
   644.78293440978689       -4.42115152E-06
   645.11667298867394       -4.24566133E-06
   645.45041156756099       -4.03076865E-06
   645.78415014644804       -3.77948277E-06
   646.11788872533509       -3.49497736E-06
   646.45162730422214       -3.18061302E-06
   646.78536588310919       -2.84001703E-06
   647.11910446199624       -2.47712887E-06
   647.45284304088329       -2.09615996E-06
   647.78658161977035       -1.70151213E-06
   648.12032019865740       -1.29773446E-06
   648.45405877754445       -8.89545049E-07
   648.78779735643150       -4.81846030E-07
   649.12153593531855       -7.96418718E-08
   649.45527451420560        3.12148302E-07
   649.78901309309265        6.88898410E-07
   650.12275167197970        1.04640753E-06
   650.45649025086675        1.38094174E-06
   650.79022882975380        1.68924987E-06
   651.12396740864085        1.96860742E-06
   651.45770598752790        2.21686787E-06
   651.79144456641495        2.43245540E-06
   652.12518314530200        2.61427772E-06
   652.45892172418905        2.76161995E-06
   652.79266030307610        2.87410876E-06
   653.12639888196315        2.95175755E-06
   653.46013746085021        2.99501539E-06
   653.79387603973726        3.00473585E-06
   654.12761461862431        2.98206623E-06
   654.46135319751136        2.92834920E-06
   654.79509177639841        2.84512498E-06
   655.12883035528546        2.73423052E-06
   655.46256893417251        2.59790431E-06
   655.79630751305956        2.43881573E-06
   656.13004609194661        2.26001862E-06
   656.46378467083366        2.06488585E-06
   656.79752324972071        1.85705608E-06
   657.13126182860776        1.64035725E-06
   657.46500040749481        1.41865007E-06
   657.79873898638186        1.19559729E-06
   658.13247756526891        9.74446039E-07
   658.46621614415596        7.57918599E-07
   658.79995472304302        5.48230162E-07
   659.13369330193007        3.47165184E-07
   659.46743188081712        1.56132074E-07
   659.80117045970417       -2.38149838E-08
   660.13490903859122       -1.91931079E-07
   660.46864761747827       -3.47669328E-07
   660.80238619636532       -4.90539946E-07
   661.13612477525237       -6.20032552E-07
   661.46986335413942       -7.35661558E-07
   661.80360193302647       -8.37099094E-07
   662.13734051191352       -9.24299854E-07
   662.47107909080057       -9.97556072E-07
   662.80481766968762       -1.05750655E-06
   663.13855624857467       -1.10516191E-06
   663.47229482746172       -1.14195575E-06
   663.80603340634877       -1.16975025E-06
   664.13977198523583       -1.19071797E-06
   664.47351056412288       -1.20710683E-06
   664.80724914300993       -1.22099198E-06
   665.14098772189698       -1.23412053E-06
   665.47472630078403       -1.24786675E-06
   665.80846487967108       -1.26323016E-06
   666.14220345855813       -1.28081763E-06
   666.47594203744518       -1.30083515E-06
   666.80968061633223       -1.32316279E-06
   667.14341919521928       -1.34753100E-06
   667.47715777410633       -1.37371137E-06
   667.81089635299338       -1.40160182E-06
   668.14463493188043       -1.43115960E-06
   668.47837351076748       -1.46225455E-06
   668.81211208965453       -1.49454638E-06
   669.14585066854158       -1.52742018E-06
   669.47958924742863       -1.55993405E-06
   669.81332782631569       -1.59073375E-06
   670.14706640520274       -1.61797584E-06
   670.48080498408979       -1.63935545E-06
   670.81454356297684       -1.65228801E-06
   671.14828214186389       -1.65418408E-06
   671.48202072075094       -1.64268977E-06
   671.81575929963799       -1.61581863E-06
   672.14949787852504       -1.57199861E-06
   672.48323645741209       -1.51010590E-06
   672.81697503629914       -1.42950262E-06
   673.15071361518619       -1.33002459E-06
   673.48445219407324       -1.21186383E-06
   673.81819077296029       -1.07537483E-06
   674.15192935184734       -9.20910111E-07
   674.48566793073439       -7.48777552E-07
   674.81940650962144       -5.59317130E-07
   675.15314508850850       -3.53019942E-07
   675.48688366739555       -1.30624926E-07
   675.82062224628260        1.06799583E-07
   676.15436082516965        3.57742664E-07
   676.48809940405670        6.20100707E-07
   676.82183798294375        8.91060267E-07
   677.15557656183080        1.16710498E-06
   677.48931514071785        1.44417299E-06
   677.82305371960490        1.71790293E-06
   678.15679229849195        1.98387329E-06
   678.49053087737900        2.23778898E-06
   678.82426945626605        2.47563139E-06
   679.15800803515310        2.69379461E-06
   679.49174661404015        2.88918318E-06
   679.82548519292720        3.05920935E-06
   680.15922377181425        3.20165964E-06
   680.49296235070130        3.31448950E-06
   680.82670092958836        3.39566532E-06
   681.16043950847541        3.44314344E-06
   681.49417808736246        3.45498233E-06
   681.82791666624951        3.42950602E-06
   682.16165524513656        3.36544758E-06
   682.49539382402361        3.26205918E-06
   682.82913240291066        3.11922372E-06
   683.16287098179771        2.93757239E-06
   683.49660956068476        2.71855629E-06
   683.83034813957181        2.46441095E-06
   684.16408671845886        2.17801357E-06
   684.49782529734591        1.86271063E-06
   684.83156387623296        1.52219843E-06
   685.16530245512001        1.16046658E-06
   685.49904103400706        7.81745428E-07
   685.83277961289411        3.90405972E-07
   686.16651819178117       -9.15928489E-09
   686.50025677066822       -4.12592641E-07
   686.83399534955527       -8.15517808E-07
   687.16773392844232       -1.21342521E-06
   687.50147250732937       -1.60160016E-06
   687.83521108621642       -1.97515851E-06
   688.16894966510347       -2.32916386E-06
   688.50268824399052       -2.65875906E-06
   688.83642682287757       -2.95928430E-06
   689.17016540176462       -3.22641495E-06
   689.50390398065167       -3.45635681E-06
   689.83764255953872       -3.64605944E-06
   690.17138113842577       -3.79334961E-06
   690.50511971731282       -3.89691149E-06
   690.83885829619987       -3.95613461E-06
   691.17259687508692       -3.97093027E-06
   691.50633545397397       -3.94160634E-06
   691.84007403286103       -3.86881175E-06
   692.17381261174808       -3.75350510E-06
   692.50755119063513       -3.59692103E-06
   692.84128976952218       -3.40056954E-06
   693.17502834840923       -3.16631213E-06
   693.50876692729628       -2.89650211E-06
   693.84250550618333       -2.59410513E-06
   694.17624408507038       -2.26271754E-06
   694.50998266395743       -1.90647427E-06
   694.84372124284448       -1.52991777E-06
   695.17745982173153       -1.13790338E-06
   695.51119840061858       -7.35538947E-07
   695.84493697950563       -3.28094785E-07
   696.17867555839268        7.91621915E-08
   696.51241413727973        4.81179370E-07
   696.84615271616678        8.73284876E-07
   697.17989129505384        1.25124711E-06
   697.51362987394089        1.61124547E-06
   697.84736845282794        1.94981953E-06
   698.18110703171499        2.26384054E-06
   698.51484561060204        2.55048849E-06
   698.84858418948909        2.80719632E-06
   699.18232276837614        3.03157344E-06
   699.51606134726319        3.22137294E-06
   699.84979992615024        3.37456731E-06
   700.18353850503729        3.48951176E-06
   700.51727708392434        3.56510282E-06
   700.85101566281139        3.60084391E-06
   701.18475424169844        3.59681121E-06
   701.51849282058549        3.55359521E-06
   701.85223139947254        3.47227888E-06
   702.18596997835959        3.35444179E-06
   702.51970855724664        3.20212098E-06
   702.85344713613370        3.01768841E-06
   703.18718571502075        2.80369318E-06
   703.52092429390780        2.56275371E-06
   703.85466287279485        2.29754119E-06
   704.18840145168190        2.01080638E-06
   704.52214003056895        1.70538101E-06
   704.85587860945600        1.38413714E-06
   705.18961718834305        1.04996502E-06
   705.52335576723010        7.05825641E-07
   705.85709434611715        3.54851977E-07
   706.19083292500420        4.01800926E-10
   706.52457150389125       -3.54010979E-07
   706.85831008277830       -7.04879767E-07
   707.19204866166535       -1.04886135E-06
   707.52578724055240       -1.38284588E-06
   707.85952581943945       -1.70395458E-06
   708.19326439832651       -2.00953582E-06
   708.52700297721356       -2.29719831E-06
   708.86074155610061       -2.56484395E-06
   709.19448013498766       -2.81063990E-06
   709.52821871387471       -3.03292654E-06
   709.86195729276176       -3.23013364E-06
   710.19569587164881       -3.40078009E-06
   710.52943445053586       -3.54354347E-06
   710.86317302942291       -3.65731330E-06
   711.19691160830996       -3.74115052E-06
   711.53065018719701       -3.79417656E-06
   711.86438876608406       -3.81549216E-06
   712.19812734497111       -3.80420920E-06
   712.53186592385816       -3.75957757E-06
   712.86560450274521       -3.68111819E-06
   713.19934308163226       -3.56869805E-06
   713.53308166051931       -3.42256112E-06
   713.86682023940637       -3.24337111E-06
   714.20055881829342       -3.03227216E-06
   714.53429739718047       -2.79089772E-06
   714.86803597606752       -2.52125938E-06
   715.20177455495457       -2.22553922E-06
   715.53551313384162       -1.90589719E-06
   715.86925171272867       -1.56440080E-06
   716.20299029161572       -1.20308016E-06
   716.53672887050277       -8.24016695E-07
   716.87046744938982       -4.29388308E-07
   717.20420602827687       -2.14865761E-08
   717.53794460716392        3.97218088E-07
   717.87168318605097        8.23929668E-07
   718.20542176493802        1.25536667E-06
   718.53916034382507        1.68769998E-06
   718.87289892271212        2.11663223E-06
   719.20663750159918        2.53755593E-06
   719.54037608048623        2.94569577E-06
   719.87411465937328        3.33621142E-06
   720.20785323826033        3.70431826E-06
   720.54159181714738        4.04547154E-06
   720.87533039603443        4.35556467E-06
   721.20906897492148        4.63103424E-06
   721.54280755380853        4.86880253E-06
   721.87654613269558        5.06611741E-06
   722.21028471158263        5.22041819E-06
   722.54402329046968        5.32929562E-06
   722.87776186935673        5.39051825E-06
   723.21150044824378        5.40203700E-06
   723.54523902713083        5.36195239E-06
   723.87897760601788        5.26852546E-06
   724.21271618490493        5.12030465E-06
   724.54645476379198        4.91636501E-06
   724.88019334267904        4.65655103E-06
   725.21393192156609        4.34162530E-06
   725.54767050045314        3.97330950E-06
   725.88140907934019        3.55427278E-06
   726.21514765822724        3.08810490E-06
   726.54888623711429        2.57923489E-06
   726.88262481600134        2.03274226E-06
   727.21636339488839        1.45407591E-06
   727.55010197377544        8.48783770E-07
   727.88384055266249        2.22371654E-07
   728.21757913154954       -4.19673142E-07
   728.55131771043659       -1.07176163E-06
   728.88505628932364       -1.72808313E-06
   729.21879486821069       -2.38252983E-06
   729.55253344709774       -3.02864942E-06
   729.88627202598479       -3.65960364E-06
   730.22001060487185       -4.26816450E-06
   730.55374918375890       -4.84681141E-06
   730.88748776264595       -5.38796030E-06
   731.22122634153300       -5.88427520E-06
   731.55496492042005       -6.32896354E-06
   731.88870349930710       -6.71598536E-06
   732.22244207819415       -7.04017384E-06
   732.55618065708120       -7.29731300E-06
   732.88991923596825       -7.48419097E-06
   733.22365781485530       -7.59860313E-06
   733.55739639374235       -7.63925982E-06
   733.89113497262940       -7.60560533E-06
   734.22487355151645       -7.49762194E-06
   734.55861213040350       -7.31570890E-06
   734.89235070929055       -7.06067749E-06
   735.22608928817760       -6.73382419E-06
   735.55982786706466       -6.33703121E-06
   735.89356644595171       -5.87287468E-06
   736.22730502483876       -5.34476521E-06
   736.56104360372581       -4.75711795E-06
   736.89478218261286       -4.11549036E-06
   737.22852076149991       -3.42659109E-06
   737.56225934038696       -2.69809857E-06
   737.89599791927401       -1.93834603E-06
   738.22973649816106       -1.15598539E-06
