          25
        2213
  0.33373859524726868     
   0.0000000000000000     
  0.870465219    
  0.870465219    
  0.870465219    
  0.873178065    
  0.873178065    
  0.873178065    
  0.874609113    
  0.874609113    
  0.874609113    
  0.876040339    
  0.876040339    
  0.876040339    
  0.878753126    
  0.878753126    
  0.878753126    
  0.881465971    
  0.881465971    
  0.881465971    
  0.882897139    
  0.884328246    
  0.887041092    
  0.892616153    
  0.895328999    
  0.898041964    
  0.898041964    
